'16JA',4403,51722,54154
'16JA',4403,51722,61354
'16JA',4403,51722,64354
'16JA',4403,51722,71654
'16JA',4403,51722,74954
'16JA',4403,51722,80954
'16JA',4403,51722,82954
'16JA',4403,51722,85054
'16JA',4403,51722,90654
'16JA',4403,51722,92554
'16JA',4403,51722,94823
'16JA',4403,51722,100923
'16JA',4403,51722,102923
'16JA',4403,51722,104823
'16JA',4403,51722,110823
'16JA',4403,51722,112823
'16JA',4403,51722,114523
'16JA',4403,51722,120023
'16JA',4403,51722,121523
'16JA',4403,51722,123023
'16JA',4403,51722,124323
'16JA',4403,51722,125523
'16JA',4403,51722,130723
'16JA',4403,51722,132023
'16JA',4403,51722,133223
'16JA',4403,51722,134223
'16JA',4403,51722,135223
'16JA',4403,51722,140223
'16JA',4403,51722,141223
'16JA',4403,51722,142223
'16JA',4403,51722,143223
'16JA',4403,51722,144223
'16JA',4403,51722,145223
'16JA',4403,51722,150223
'16JA',4403,51722,151223
'16JA',4403,51722,152223
'16JA',4403,51722,153223
'16JA',4403,51722,154223
'16JA',4403,51722,155223
'16JA',4403,51722,160223
'16JA',4403,51722,161223
'16JA',4403,51722,162023
'16JA',4403,51722,162723
'16JA',4403,51722,163523
'16JA',4403,51722,164223
'16JA',4403,51722,164923
'16JA',4403,51722,165723
'16JA',4403,51722,170423
'16JA',4403,51722,171123
'16JA',4403,51722,171923
'16JA',4403,51722,172823
'16JA',4403,51722,173423
'16JA',4403,51722,174123
'16JA',4403,51722,174823
'16JA',4403,51722,175523
'16JA',4403,51722,180423
'16JA',4403,51722,181423
'16JA',4403,51722,182323
'16JA',4403,51722,183323
'16JA',4403,51722,184523
'16JA',4403,51722,185823
'16JA',4403,51722,191323
'16JA',4403,51722,193123
'16JA',4403,51722,194723
'16JA',4403,51722,200323
'16JA',4403,51722,202323
'16JA',4403,51722,204323
'16JA',4403,51722,210323
'16JA',4403,51722,212323
'16JA',4403,51722,214523
'16JA',4403,51722,220723
'16JA',4403,51722,222923
'16JA',4403,51722,225454
'16JA',4403,51722,232454
'16JA',4403,51722,235354
'16JA',4403,51722,242354
'16JA',4403,51722,245354
'16JA',4403,51722,252454
'16JA',4403,51722,255554
'16JA',4403,51722,262454
'16JI',4403,51722,54326
'16JI',4403,51722,61626
'16JI',4403,51722,64726
'16JI',4403,51722,71726
'16JI',4403,51722,74826
'16JI',4403,51722,82154
'16JI',4403,51722,84654
'16JI',4403,51722,91254
'16JI',4403,51722,94054
'16JI',4403,51722,100154
'16JI',4403,51722,102154
'16JI',4403,51722,104154
'16JI',4403,51722,110054
'16JI',4403,51722,111554
'16JI',4403,51722,112954
'16JI',4403,51722,114354
'16JI',4403,51722,115754
'16JI',4403,51722,121154
'16JI',4403,51722,122654
'16JI',4403,51722,124154
'16JI',4403,51722,125654
'16JI',4403,51722,131154
'16JI',4403,51722,132354
'16JI',4403,51722,133454
'16JI',4403,51722,134554
'16JI',4403,51722,135754
'16JI',4403,51722,140854
'16JI',4403,51722,141954
'16JI',4403,51722,143054
'16JI',4403,51722,144154
'16JI',4403,51722,145254
'16JI',4403,51722,150254
'16JI',4403,51722,151154
'16JI',4403,51722,152254
'16JI',4403,51722,153254
'16JI',4403,51722,154254
'16JI',4403,51722,155254
'16JI',4403,51722,160254
'16JI',4403,51722,161254
'16JI',4403,51722,162254
'16JI',4403,51722,163254
'16JI',4403,51722,164254
'16JI',4403,51722,165254
'16JI',4403,51722,170254
'16JI',4403,51722,171154
'16JI',4403,51722,172054
'16JI',4403,51722,172954
'16JI',4403,51722,173854
'16JI',4403,51722,174654
'16JI',4403,51722,175454
'16JI',4403,51722,180354
'16JI',4403,51722,181254
'16JI',4403,51722,182254
'16JI',4403,51722,183254
'16JI',4403,51722,183954
'16JI',4403,51722,185454
'16JI',4403,51722,191154
'16JI',4403,51722,192954
'16JI',4403,51722,194954
'16JI',4403,51722,201254
'16JI',4403,51722,203854
'16JI',4403,51722,211054
'16JI',4403,51722,214354
'16JI',4403,51722,221554
'16JI',4403,51722,224854
'16JI',4403,51722,232054
'16JI',4403,51722,235254
'16JI',4403,51722,242354
'16JI',4403,51722,245354
'16JI',4403,51722,252654
'16JI',4403,51722,260154
'16JS',4403,51722,54754
'16JS',4403,51722,62023
'16JS',4403,51722,64223
'16JS',4403,51722,70223
'16JS',4403,51722,71623
'16JS',4403,51722,73723
'16JS',4403,51722,75623
'16JS',4403,51722,81523
'16JS',4403,51722,83523
'16JS',4403,51722,85523
'16JS',4403,51722,91523
'16JS',4403,51722,93523
'16JS',4403,51722,95423
'16JS',4403,51722,101423
'16JS',4403,51722,103523
'16JS',4403,51722,105423
'16JS',4403,51722,111423
'16JS',4403,51722,113323
'16JS',4403,51722,114823
'16JS',4403,51722,120223
'16JS',4403,51722,121523
'16JS',4403,51722,122823
'16JS',4403,51722,124123
'16JS',4403,51722,125123
'16JS',4403,51722,130123
'16JS',4403,51722,131123
'16JS',4403,51722,132123
'16JS',4403,51722,133123
'16JS',4403,51722,134123
'16JS',4403,51722,135123
'16JS',4403,51722,140123
'16JS',4403,51722,141123
'16JS',4403,51722,142123
'16JS',4403,51722,143123
'16JS',4403,51722,144123
'16JS',4403,51722,145123
'16JS',4403,51722,150123
'16JS',4403,51722,151252
'16JS',4403,51722,152252
'16JS',4403,51722,153352
'16JS',4403,51722,154352
'16JS',4403,51722,155352
'16JS',4403,51722,160352
'16JS',4403,51722,161352
'16JS',4403,51722,162352
'16JS',4403,51722,163352
'16JS',4403,51722,164252
'16JS',4403,51722,165052
'16JS',4403,51722,165852
'16JS',4403,51722,170652
'16JS',4403,51722,171352
'16JS',4403,51722,172052
'16JS',4403,51722,172652
'16JS',4403,51722,173252
'16JS',4403,51722,173852
'16JS',4403,51722,174452
'16JS',4403,51722,175052
'16JS',4403,51722,175652
'16JS',4403,51722,180052
'16JS',4403,51722,180752
'16JS',4403,51722,181223
'16JS',4403,51722,181723
'16JS',4403,51722,182323
'16JS',4403,51722,182923
'16JS',4403,51722,183754
'16JS',4403,51722,184654
'16JS',4403,51722,185554
'16JS',4403,51722,190554
'16JS',4403,51722,191554
'16JS',4403,51722,192554
'16JS',4403,51722,193554
'16JS',4403,51722,194554
'16JS',4403,51722,195554
'16JS',4403,51722,200554
'16JS',4403,51722,201554
'16JS',4403,51722,202554
'16JS',4403,51722,203554
'16JS',4403,51722,204554
'16JS',4403,51722,205554
'16JS',4403,51722,210554
'16JS',4403,51722,211554
'16JS',4403,51722,212554
'16JS',4403,51722,213554
'16JS',4403,51722,214554
'16JS',4403,51722,215554
'16JS',4403,51722,220554
'16JS',4403,51722,221554
'16JS',4403,51722,223054
'16JS',4403,51722,224954
'16JS',4403,51722,230954
'16JS',4403,51722,233154
'16JS',4403,51722,235854
'16JS',4403,51722,242954
'16JS',4403,51722,250054
'16JS',4403,51722,253254
'16JS',4403,51722,260254
'16JA',35302,51722,250803
'16JA',35302,51722,255303
'16JA',35302,51722,263803
'16JA',35302,51722,272303
'16JA',35302,51722,280803
'16JI',35302,51722,250803
'16JI',35302,51722,255303
'16JI',35302,51722,263803
'16JI',35302,51722,272303
'16JI',35302,51722,280803
'16JS',35302,51722,250703
'16JS',35302,51722,255203
'16JS',35302,51722,263703
'16JS',35302,51722,272203
'16JS',35302,51722,280703
'16JA',37201,51722,260631
'16JA',37201,51722,265131
'16JA',37201,51722,273631
'16JA',37201,51722,282131
'16JA',37201,51722,290631
'16JI',37201,51722,260809
'16JI',37201,51722,265509
'16JI',37201,51722,274009
'16JI',37201,51722,282609
'16JI',37201,51722,291109
'16JS',37201,51722,260831
'16JS',37201,51722,265131
'16JS',37201,51722,274031
'16JS',37201,51722,282531
'16JS',37201,51722,290831
'16JS',44903,51722,92524
'16JS',44903,51722,95524
'16JS',44903,51722,102524
'16JS',44903,51722,105524
'16JS',44903,51722,112524
'16JS',44903,51722,115524
'16JS',44903,51722,122424
'16JS',44903,51722,125324
'16JS',44903,51722,132224
'16JS',44903,51722,134524
'16JS',44903,51722,140824
'16JS',44903,51722,142824
'16JS',44903,51722,145024
'16JS',44903,51722,151124
'16JS',44903,51722,153224
'16JS',44903,51722,154853
'16JS',44903,51722,160453
'16JS',44903,51722,161753
'16JS',44903,51722,162753
'16JS',44903,51722,163553
'16JS',44903,51722,164353
'16JS',44903,51722,164953
'16JS',44903,51722,165753
'16JS',44903,51722,170453
'16JS',44903,51722,171253
'16JS',44903,51722,171953
'16JS',44903,51722,172553
'16JS',44903,51722,173153
'16JS',44903,51722,173753
'16JS',44903,51722,174253
'16JS',44903,51722,174753
'16JS',44903,51722,175453
'16JS',44903,51722,180053
'16JS',44903,51722,180653
'16JS',44903,51722,181253
'16JS',44903,51722,181724
'16JS',44903,51722,182624
'16JS',44903,51722,183524
'16JS',44903,51722,184624
'16JS',44903,51722,190024
'16JS',44903,51722,191524
'16JS',44903,51722,193124
'16JS',44903,51722,200124
'16JS',44903,51722,203224
'16JS',44903,51722,210424
'16JS',44903,51722,213424
'16JS',44903,51722,220424
'16JS',44903,51722,223424
