'17JS',17401,57584,62600
'17JS',17401,57584,65200
'17JS',17401,57584,72200
'17JS',17401,57584,75300
'17JS',17401,57584,82500
'17JS',17401,57584,85300
'17JS',17401,57584,92000
'17JS',17401,57584,94700
'17JS',17401,57584,101400
'17JS',17401,57584,104300
'17JS',17401,57584,111300
'17JS',17401,57584,114300
'17JS',17401,57584,121300
'17JS',17401,57584,124300
'17JS',17401,57584,131300
'17JS',17401,57584,134300
'17JS',17401,57584,141300
'17JS',17401,57584,144300
'17JS',17401,57584,151200
'17JS',17401,57584,154100
'17JS',17401,57584,160800
'17JS',17401,57584,162100
'17JS',17401,57584,163400
'17JS',17401,57584,164700
'17JS',17401,57584,170100
'17JS',17401,57584,171400
'17JS',17401,57584,173600
'17JS',17401,57584,175900
'17JS',17401,57584,182200
'17JS',17401,57584,185000
'17JS',17401,57584,192000
'17JS',17401,57584,195000
'17JS',17401,57584,202300
'17JS',17401,57584,211000
'17JS',17401,57584,221000
'17JS',17401,57584,231000
'17JS',17401,57584,234000
'17JS',17402,57584,54800
'17JS',17402,57584,62000
'17JS',17402,57584,65000
'17JS',17402,57584,72000
'17JS',17402,57584,73500
'17JS',17402,57584,75100
'17JS',17402,57584,80700
'17JS',17402,57584,82300
'17JS',17402,57584,83700
'17JS',17402,57584,85000
'17JS',17402,57584,90800
'17JS',17402,57584,93800
'17JS',17402,57584,100600
'17JS',17402,57584,103500
'17JS',17402,57584,110500
'17JS',17402,57584,113500
'17JS',17402,57584,120500
'17JS',17402,57584,123500
'17JS',17402,57584,130400
'17JS',17402,57584,133300
'17JS',17402,57584,140200
'17JS',17402,57584,143100
'17JS',17402,57584,150000
'17JS',17402,57584,152900
'17JS',17402,57584,155800
'17JS',17402,57584,162800
'17JS',17402,57584,165900
'17JS',17402,57584,173200
'17JS',17402,57584,180300
'17JS',17402,57584,183300
'17JS',17402,57584,190400
'17JS',17402,57584,193600
'17JS',17402,57584,200800
'17JS',17402,57584,210500
'17JS',17402,57584,220500
'17JS',17402,57584,230400
