'15SA',14401,52423,53100
'15SA',14401,52423,55100
'15SA',14401,52423,61200
'15SA',14401,52423,63200
'15SA',14401,52423,65300
'15SA',14401,52423,71300
'15SA',14401,52423,73400
'15SA',14401,52423,75400
'15SA',14401,52423,81500
'15SA',14401,52423,83500
'15SA',14401,52423,85600
'15SA',14401,52423,91600
'15SA',14401,52423,93700
'15SA',14401,52423,95700
'15SA',14401,52423,101800
'15SA',14401,52423,103900
'15SA',14401,52423,110100
'15SA',14401,52423,112400
'15SA',14401,52423,115400
'15SA',14401,52423,122200
'15SA',14401,52423,125000
'15SA',14401,52423,131800
'15SA',14401,52423,134600
'15SA',14401,52423,141400
'15SA',14401,52423,144200
'15SA',14401,52423,151000
'15SA',14401,52423,153800
'15SA',14401,52423,160600
'15SA',14401,52423,163400
'15SA',14401,52423,170200
'15SA',14401,52423,173000
'15SA',14401,52423,175800
'15SA',14401,52423,182500
'15SA',14401,52423,185000
'15SA',14401,52423,191400
'15SA',14401,52423,193800
'15SA',14401,52423,200000
'15SA',14401,52423,202400
'15SA',14401,52423,204700
'15SA',14401,52423,211100
'15SA',14401,52423,213400
'15SA',14401,52423,215700
'15SA',14401,52423,221900
'15SA',14401,52423,224200
'15SA',14401,52423,230400
'15SA',14401,52423,232700
'15SA',14401,52423,234900
'15SA',14401,52423,241200
'15SA',14401,52423,243400
'15SA',14401,52423,245600
'15SA',14401,52423,251900
'15SA',14401,52423,254200
'15SF1',14401,52423,53100
'15SF1',14401,52423,55200
'15SF1',14401,52423,61300
'15SF1',14401,52423,63400
'15SF1',14401,52423,65400
'15SF1',14401,52423,71400
'15SF1',14401,52423,73400
'15SF1',14401,52423,75400
'15SF1',14401,52423,81400
'15SF1',14401,52423,83400
'15SF1',14401,52423,85400
'15SF1',14401,52423,91400
'15SF1',14401,52423,93400
'15SF1',14401,52423,95500
'15SF1',14401,52423,101500
'15SF1',14401,52423,103500
'15SF1',14401,52423,105500
'15SF1',14401,52423,111500
'15SF1',14401,52423,114100
'15SF1',14401,52423,121200
'15SF1',14401,52423,124200
'15SF1',14401,52423,131200
'15SF1',14401,52423,134200
'15SF1',14401,52423,141200
'15SF1',14401,52423,144200
'15SF1',14401,52423,151200
'15SF1',14401,52423,154200
'15SF1',14401,52423,161200
'15SF1',14401,52423,163700
'15SF1',14401,52423,170200
'15SF1',14401,52423,172700
'15SF1',14401,52423,175200
'15SF1',14401,52423,181700
'15SF1',14401,52423,184200
'15SF1',14401,52423,190700
'15SF1',14401,52423,193200
'15SF1',14401,52423,195500
'15SF1',14401,52423,202000
'15SF1',14401,52423,204500
'15SF1',14401,52423,211000
'15SF1',14401,52423,213500
'15SF1',14401,52423,215700
'15SF1',14401,52423,221900
'15SF1',14401,52423,224100
'15SF1',14401,52423,230300
'15SF1',14401,52423,232500
'15SF1',14401,52423,234700
'15SF1',14401,52423,240900
'15SF1',14401,52423,243100
'15SF1',14401,52423,244900
'15SF1',14401,52423,251200
'15SF1',14401,52423,254000
'15SF2',14401,52423,53100
'15SF2',14401,52423,55100
'15SF2',14401,52423,61200
'15SF2',14401,52423,63200
'15SF2',14401,52423,65300
'15SF2',14401,52423,71300
'15SF2',14401,52423,73400
'15SF2',14401,52423,75400
'15SF2',14401,52423,81500
'15SF2',14401,52423,83500
'15SF2',14401,52423,85600
'15SF2',14401,52423,91600
'15SF2',14401,52423,93700
'15SF2',14401,52423,95700
'15SF2',14401,52423,101800
'15SF2',14401,52423,103900
'15SF2',14401,52423,110100
'15SF2',14401,52423,112400
'15SF2',14401,52423,115400
'15SF2',14401,52423,122200
'15SF2',14401,52423,125000
'15SF2',14401,52423,131800
'15SF2',14401,52423,134600
'15SF2',14401,52423,141400
'15SF2',14401,52423,144200
'15SF2',14401,52423,151000
'15SF2',14401,52423,153800
'15SF2',14401,52423,160600
'15SF2',14401,52423,163400
'15SF2',14401,52423,170200
'15SF2',14401,52423,173000
'15SF2',14401,52423,175800
'15SF2',14401,52423,182500
'15SF2',14401,52423,185000
'15SF2',14401,52423,191400
'15SF2',14401,52423,193800
'15SF2',14401,52423,200000
'15SF2',14401,52423,202400
'15SF2',14401,52423,204700
'15SF2',14401,52423,211100
'15SF2',14401,52423,213400
'15SF2',14401,52423,215700
'15SF2',14401,52423,221900
'15SF2',14401,52423,224200
'15SF2',14401,52423,230400
'15SF2',14401,52423,232700
'15SF2',14401,52423,234900
'15SF2',14401,52423,241200
'15SF2',14401,52423,243400
'15SF2',14401,52423,245600
'15SF2',14401,52423,251900
'15SF2',14401,52423,254000
'15SI',14401,52423,53100
'15SI',14401,52423,55200
'15SI',14401,52423,61300
'15SI',14401,52423,63400
'15SI',14401,52423,65400
'15SI',14401,52423,71400
'15SI',14401,52423,73400
'15SI',14401,52423,75400
'15SI',14401,52423,81400
'15SI',14401,52423,83400
'15SI',14401,52423,85400
'15SI',14401,52423,91400
'15SI',14401,52423,93400
'15SI',14401,52423,95500
'15SI',14401,52423,101500
'15SI',14401,52423,103500
'15SI',14401,52423,105500
'15SI',14401,52423,111500
'15SI',14401,52423,114100
'15SI',14401,52423,121200
'15SI',14401,52423,124200
'15SI',14401,52423,131200
'15SI',14401,52423,134200
'15SI',14401,52423,141200
'15SI',14401,52423,144200
'15SI',14401,52423,151200
'15SI',14401,52423,154200
'15SI',14401,52423,161200
'15SI',14401,52423,163700
'15SI',14401,52423,170200
'15SI',14401,52423,172700
'15SI',14401,52423,175200
'15SI',14401,52423,181700
'15SI',14401,52423,184200
'15SI',14401,52423,190700
'15SI',14401,52423,193200
'15SI',14401,52423,195500
'15SI',14401,52423,202000
'15SI',14401,52423,204500
'15SI',14401,52423,211000
'15SI',14401,52423,213500
'15SI',14401,52423,215700
'15SI',14401,52423,221900
'15SI',14401,52423,224100
'15SI',14401,52423,230300
'15SI',14401,52423,232500
'15SI',14401,52423,234700
'15SI',14401,52423,240900
'15SI',14401,52423,243100
'15SI',14401,52423,244900
'15SI',14401,52423,251200
'15SI',14401,52423,254000
'15SS',14401,52423,53200
'15SS',14401,52423,60800
'15SS',14401,52423,63400
'15SS',14401,52423,70300
'15SS',14401,52423,73000
'15SS',14401,52423,75600
'15SS',14401,52423,81700
'15SS',14401,52423,83700
'15SS',14401,52423,85300
'15SS',14401,52423,91200
'15SS',14401,52423,93200
'15SS',14401,52423,94800
'15SS',14401,52423,100300
'15SS',14401,52423,102300
'15SS',14401,52423,104800
'15SS',14401,52423,111300
'15SS',14401,52423,114200
'15SS',14401,52423,121100
'15SS',14401,52423,123300
'15SS',14401,52423,125800
'15SS',14401,52423,132300
'15SS',14401,52423,134800
'15SS',14401,52423,141300
'15SS',14401,52423,144300
'15SS',14401,52423,151400
'15SS',14401,52423,153800
'15SS',14401,52423,155300
'15SS',14401,52423,160800
'15SS',14401,52423,163200
'15SS',14401,52423,165700
'15SS',14401,52423,172400
'15SS',14401,52423,175400
'15SS',14401,52423,182100
'15SS',14401,52423,185100
'15SS',14401,52423,191600
'15SS',14401,52423,194600
'15SS',14401,52423,201600
'15SS',14401,52423,204600
'15SS',14401,52423,211600
'15SS',14401,52423,214600
'15SS',14401,52423,221600
'15SS',14401,52423,224600
'15SS',14401,52423,231400
'15SS',14401,52423,234400
'15SS',14401,52423,241400
'15SS',14401,52423,244100
'15SS',14401,52423,251100
'15SS',14401,52423,254000
'15SA',36001,52423,261316
'15SA',36001,52423,265816
'15SA',36001,52423,274316
'15SA',36001,52423,282816
'15SA',36001,52423,291316
'15SF1',36001,52423,261150
'15SF1',36001,52423,265650
'15SF1',36001,52423,274150
'15SF1',36001,52423,282650
'15SF1',36001,52423,291150
'15SF2',36001,52423,261150
'15SF2',36001,52423,265650
'15SF2',36001,52423,274150
'15SF2',36001,52423,282650
'15SF2',36001,52423,291150
'15SI',36001,52423,261150
'15SI',36001,52423,265650
'15SI',36001,52423,274150
'15SI',36001,52423,282650
'15SI',36001,52423,291150
'15SS',36001,52423,261150
'15SS',36001,52423,265650
'15SS',36001,52423,274150
'15SS',36001,52423,282650
'15SS',36001,52423,291150
