'17SA',20401,57573,61014
'17SA',20401,57573,65014
'17SA',20401,57573,72314
'17SA',20401,57573,75514
'17SA',20401,57573,82614
'17SA',20401,57573,85629
'17SA',20401,57573,92729
'17SA',20401,57573,95829
'17SA',20401,57573,103029
'17SA',20401,57573,110329
'17SA',20401,57573,113429
'17SA',20401,57573,120844
'17SA',20401,57573,124144
'17SA',20401,57573,131344
'17SA',20401,57573,134644
'17SA',20401,57573,142044
'17SA',20401,57573,145344
'17SA',20401,57573,152444
'17SA',20401,57573,155544
'17SA',20401,57573,162644
'17SA',20401,57573,165844
'17SA',20401,57573,173044
'17SA',20401,57573,180344
'17SA',20401,57573,183529
'17SA',20401,57573,190629
'17SA',20401,57573,193729
'17SA',20401,57573,200829
'17SA',20401,57573,203829
'17SA',20401,57573,210829
'17SA',20401,57573,213714
'17SA',20401,57573,220814
'17SA',20401,57573,223914
'17SA',20401,57573,231014
'17SA',20401,57573,234014
'17SA',20401,57573,240914
'17SA',20401,57573,243814
'17SF1',20401,57573,72429
'17SF1',20401,57573,75229
'17SF1',20401,57573,82229
'17SF1',20401,57573,85429
'17SF1',20401,57573,92229
'17SF1',20401,57573,95229
'17SF1',20401,57573,102429
'17SF1',20401,57573,105229
'17SF1',20401,57573,112229
'17SF1',20401,57573,115429
'17SF1',20401,57573,122529
'17SF1',20401,57573,125644
'17SF1',20401,57573,132644
'17SF1',20401,57573,135944
'17SF1',20401,57573,143244
'17SF1',20401,57573,150244
'17SF1',20401,57573,153544
'17SF1',20401,57573,160844
'17SF1',20401,57573,163844
'17SF1',20401,57573,171159
'17SF1',20401,57573,174559
'17SF1',20401,57573,181659
'17SF1',20401,57573,185059
'17SF1',20401,57573,192359
'17SF1',20401,57573,195344
'17SF1',20401,57573,202544
'17SF1',20401,57573,205844
'17SF1',20401,57573,212844
'17SF1',20401,57573,215844
'17SF1',20401,57573,223029
'17SF1',20401,57573,230029
'17SF1',20401,57573,233029
'17SF1',20401,57573,240229
'17SF1',20401,57573,243429
'17SF2',20401,57573,72429
'17SF2',20401,57573,75229
'17SF2',20401,57573,82229
'17SF2',20401,57573,85429
'17SF2',20401,57573,92229
'17SF2',20401,57573,95229
'17SF2',20401,57573,102429
'17SF2',20401,57573,105229
'17SF2',20401,57573,112229
'17SF2',20401,57573,115429
'17SF2',20401,57573,122529
'17SF2',20401,57573,125644
'17SF2',20401,57573,132644
'17SF2',20401,57573,135944
'17SF2',20401,57573,143244
'17SF2',20401,57573,150244
'17SF2',20401,57573,153544
'17SF2',20401,57573,160844
'17SF2',20401,57573,163844
'17SF2',20401,57573,171159
'17SF2',20401,57573,174559
'17SF2',20401,57573,181659
'17SF2',20401,57573,185059
'17SF2',20401,57573,192359
'17SF2',20401,57573,195344
'17SF2',20401,57573,202544
'17SF2',20401,57573,205844
'17SF2',20401,57573,212844
'17SF2',20401,57573,215844
'17SF2',20401,57573,223029
'17SF2',20401,57573,230029
'17SF2',20401,57573,233029
'17SF2',20401,57573,240229
'17SF2',20401,57573,243429
'17SI',20401,57573,72429
'17SI',20401,57573,75229
'17SI',20401,57573,82229
'17SI',20401,57573,85429
'17SI',20401,57573,92229
'17SI',20401,57573,95229
'17SI',20401,57573,102429
'17SI',20401,57573,105229
'17SI',20401,57573,112229
'17SI',20401,57573,115429
'17SI',20401,57573,122529
'17SI',20401,57573,125644
'17SI',20401,57573,132644
'17SI',20401,57573,135944
'17SI',20401,57573,143244
'17SI',20401,57573,150244
'17SI',20401,57573,153544
'17SI',20401,57573,160844
'17SI',20401,57573,163844
'17SI',20401,57573,171159
'17SI',20401,57573,174559
'17SI',20401,57573,181659
'17SI',20401,57573,185059
'17SI',20401,57573,192359
'17SI',20401,57573,195344
'17SI',20401,57573,202544
'17SI',20401,57573,205844
'17SI',20401,57573,212844
'17SI',20401,57573,215844
'17SI',20401,57573,223029
'17SI',20401,57573,230029
'17SI',20401,57573,233029
'17SI',20401,57573,240229
'17SI',20401,57573,243429
'17SS',20401,57573,61944
'17SS',20401,57573,64144
'17SS',20401,57573,71344
'17SS',20401,57573,74544
'17SS',20401,57573,81944
'17SS',20401,57573,84444
'17SS',20401,57573,92044
'17SS',20401,57573,95444
'17SS',20401,57573,102744
'17SS',20401,57573,105944
'17SS',20401,57573,113144
'17SS',20401,57573,120444
'17SS',20401,57573,123744
'17SS',20401,57573,131259
'17SS',20401,57573,134659
'17SS',20401,57573,142059
'17SS',20401,57573,145559
'17SS',20401,57573,153159
'17SS',20401,57573,160859
'17SS',20401,57573,163059
'17SS',20401,57573,170059
'17SS',20401,57573,172959
'17SS',20401,57573,175429
'17SS',20401,57573,182229
'17SS',20401,57573,185029
'17SS',20401,57573,191429
'17SS',20401,57573,193529
'17SS',20401,57573,200029
'17SS',20401,57573,203029
'17SS',20401,57573,210029
'17SS',20401,57573,213129
'17SS',20401,57573,220129
'17SS',20401,57573,223129
'17SS',20401,57573,230129
'17SS',20401,57573,232929
'17SS',20401,57573,235929
'17SS',20401,57573,243429
