'16MS',5401,55823,61647
'16MS',5401,55823,63847
'16MS',5401,55823,65717
'16MS',5401,55823,72517
'16MS',5401,55823,75802
'16MS',5401,55823,81802
'16MS',5401,55823,83502
'16MS',5401,55823,90347
'16MS',5401,55823,93247
'16MS',5401,55823,100247
'16MS',5401,55823,102747
'16MS',5401,55823,105047
'16MS',5401,55823,111702
'16MS',5401,55823,115102
'16MS',5401,55823,122302
'16MS',5401,55823,125202
'16MS',5401,55823,132002
'16MS',5401,55823,134817
'16MS',5401,55823,141432
'16MS',5401,55823,144832
'16MS',5401,55823,151232
'16MS',5401,55823,153632
'16MS',5401,55823,154932
'16MS',5401,55823,160648
'16MS',5401,55823,162448
'16MS',5401,55823,163448
'16MS',5401,55823,164448
'16MS',5401,55823,165448
'16MS',5401,55823,170448
'16MS',5401,55823,172248
'16MS',5401,55823,174332
'16MS',5401,55823,181232
'16MS',5401,55823,185102
