'15NA',20202,57117,61600
'15NA',20202,57117,64600
'15NA',20202,57117,71100
'15NA',20202,57117,73700
'15NA',20202,57117,75600
'15NA',20202,57117,81600
'15NA',20202,57117,83600
'15NA',20202,57117,85900
'15NA',20202,57117,92700
'15NA',20202,57117,95500
'15NA',20202,57117,102300
'15NA',20202,57117,105000
'15NA',20202,57117,112000
'15NA',20202,57117,115000
'15NA',20202,57117,122000
'15NA',20202,57117,125000
'15NA',20202,57117,132000
'15NA',20202,57117,134500
'15NA',20202,57117,141100
'15NA',20202,57117,143700
'15NA',20202,57117,150000
'15NA',20202,57117,152300
'15NA',20202,57117,154900
'15NA',20202,57117,161700
'15NA',20202,57117,164700
'15NA',20202,57117,171700
'15NA',20202,57117,174700
'15NA',20202,57117,181800
'15NA',20202,57117,184700
'15NA',20202,57117,191600
'15NA',20202,57117,194400
'15NA',20202,57117,201400
'15NA',20202,57117,204400
'15NA',20202,57117,211400
'15NA',20202,57117,214400
'15NA',20202,57117,221400
'15NA',20202,57117,224400
'15NA',20202,57117,231400
'15NA',20202,57117,234230
'15NA',20202,57117,241230
'15NF1',20202,57117,61600
'15NF1',20202,57117,64600
'15NF1',20202,57117,71100
'15NF1',20202,57117,73700
'15NF1',20202,57117,75600
'15NF1',20202,57117,81600
'15NF1',20202,57117,83600
'15NF1',20202,57117,85900
'15NF1',20202,57117,92700
'15NF1',20202,57117,95500
'15NF1',20202,57117,102300
'15NF1',20202,57117,105000
'15NF1',20202,57117,112000
'15NF1',20202,57117,115000
'15NF1',20202,57117,122000
'15NF1',20202,57117,125000
'15NF1',20202,57117,132000
'15NF1',20202,57117,134500
'15NF1',20202,57117,141100
'15NF1',20202,57117,143700
'15NF1',20202,57117,150000
'15NF1',20202,57117,152300
'15NF1',20202,57117,154900
'15NF1',20202,57117,161700
'15NF1',20202,57117,164700
'15NF1',20202,57117,171700
'15NF1',20202,57117,174700
'15NF1',20202,57117,181800
'15NF1',20202,57117,184700
'15NF1',20202,57117,191600
'15NF1',20202,57117,194400
'15NF1',20202,57117,201400
'15NF1',20202,57117,204400
'15NF1',20202,57117,211400
'15NF1',20202,57117,214400
'15NF1',20202,57117,221400
'15NF1',20202,57117,224400
'15NF1',20202,57117,231400
'15NF1',20202,57117,234230
'15NF1',20202,57117,241230
'15NF2',20202,57117,61600
'15NF2',20202,57117,64600
'15NF2',20202,57117,71100
'15NF2',20202,57117,73700
'15NF2',20202,57117,75600
'15NF2',20202,57117,81600
'15NF2',20202,57117,83600
'15NF2',20202,57117,85900
'15NF2',20202,57117,92700
'15NF2',20202,57117,95500
'15NF2',20202,57117,102300
'15NF2',20202,57117,105000
'15NF2',20202,57117,112000
'15NF2',20202,57117,115000
'15NF2',20202,57117,122000
'15NF2',20202,57117,125000
'15NF2',20202,57117,132000
'15NF2',20202,57117,134500
'15NF2',20202,57117,141100
'15NF2',20202,57117,143700
'15NF2',20202,57117,150000
'15NF2',20202,57117,152300
'15NF2',20202,57117,154900
'15NF2',20202,57117,161700
'15NF2',20202,57117,164700
'15NF2',20202,57117,171700
'15NF2',20202,57117,174700
'15NF2',20202,57117,181800
'15NF2',20202,57117,184700
'15NF2',20202,57117,191600
'15NF2',20202,57117,194400
'15NF2',20202,57117,201400
'15NF2',20202,57117,204400
'15NF2',20202,57117,211400
'15NF2',20202,57117,214400
'15NF2',20202,57117,221400
'15NF2',20202,57117,224400
'15NF2',20202,57117,231400
'15NF2',20202,57117,234230
'15NF2',20202,57117,241230
'15NF3',20202,57117,61600
'15NF3',20202,57117,64600
'15NF3',20202,57117,71100
'15NF3',20202,57117,73700
'15NF3',20202,57117,75600
'15NF3',20202,57117,81600
'15NF3',20202,57117,83600
'15NF3',20202,57117,85900
'15NF3',20202,57117,92700
'15NF3',20202,57117,95500
'15NF3',20202,57117,102300
'15NF3',20202,57117,105000
'15NF3',20202,57117,112000
'15NF3',20202,57117,115000
'15NF3',20202,57117,122000
'15NF3',20202,57117,125000
'15NF3',20202,57117,132000
'15NF3',20202,57117,134500
'15NF3',20202,57117,141100
'15NF3',20202,57117,143700
'15NF3',20202,57117,150000
'15NF3',20202,57117,152300
'15NF3',20202,57117,154900
'15NF3',20202,57117,161700
'15NF3',20202,57117,164700
'15NF3',20202,57117,171700
'15NF3',20202,57117,174700
'15NF3',20202,57117,181800
'15NF3',20202,57117,184700
'15NF3',20202,57117,191600
'15NF3',20202,57117,194400
'15NF3',20202,57117,201400
'15NF3',20202,57117,204400
'15NF3',20202,57117,211400
'15NF3',20202,57117,214400
'15NF3',20202,57117,221400
'15NF3',20202,57117,224400
'15NF3',20202,57117,231400
'15NF3',20202,57117,234230
'15NF3',20202,57117,241230
'15NF4',20202,57117,61600
'15NF4',20202,57117,64600
'15NF4',20202,57117,71100
'15NF4',20202,57117,73700
'15NF4',20202,57117,75600
'15NF4',20202,57117,81600
'15NF4',20202,57117,83600
'15NF4',20202,57117,85900
'15NF4',20202,57117,92700
'15NF4',20202,57117,95500
'15NF4',20202,57117,102300
'15NF4',20202,57117,105000
'15NF4',20202,57117,112000
'15NF4',20202,57117,115000
'15NF4',20202,57117,122000
'15NF4',20202,57117,125000
'15NF4',20202,57117,132000
'15NF4',20202,57117,134500
'15NF4',20202,57117,141100
'15NF4',20202,57117,143700
'15NF4',20202,57117,150000
'15NF4',20202,57117,152300
'15NF4',20202,57117,154900
'15NF4',20202,57117,161700
'15NF4',20202,57117,164700
'15NF4',20202,57117,171700
'15NF4',20202,57117,174700
'15NF4',20202,57117,181800
'15NF4',20202,57117,184700
'15NF4',20202,57117,191600
'15NF4',20202,57117,194400
'15NF4',20202,57117,201400
'15NF4',20202,57117,204400
'15NF4',20202,57117,211400
'15NF4',20202,57117,214400
'15NF4',20202,57117,221400
'15NF4',20202,57117,224400
'15NF4',20202,57117,231400
'15NF4',20202,57117,234230
'15NF4',20202,57117,241230
'15NI',20202,57117,71500
'15NI',20202,57117,74500
'15NI',20202,57117,81500
'15NI',20202,57117,84500
'15NI',20202,57117,91500
'15NI',20202,57117,94500
'15NI',20202,57117,101500
'15NI',20202,57117,104500
'15NI',20202,57117,111500
'15NI',20202,57117,114500
'15NI',20202,57117,121500
'15NI',20202,57117,124500
'15NI',20202,57117,131500
'15NI',20202,57117,134530
'15NI',20202,57117,141530
'15NI',20202,57117,144530
'15NI',20202,57117,151530
'15NI',20202,57117,154530
'15NI',20202,57117,161530
'15NI',20202,57117,164530
'15NI',20202,57117,171530
'15NI',20202,57117,174530
'15NI',20202,57117,181530
'15NI',20202,57117,184430
'15NI',20202,57117,191430
'15NI',20202,57117,194430
'15NI',20202,57117,201430
'15NI',20202,57117,204430
'15NI',20202,57117,211430
'15NI',20202,57117,214430
'15NI',20202,57117,221430
'15NI',20202,57117,224430
'15NI',20202,57117,231430
'15NI',20202,57117,234300
'15NI',20202,57117,241300
'15NS',20202,57117,55700
'15NS',20202,57117,63100
'15NS',20202,57117,70400
'15NS',20202,57117,73600
'15NS',20202,57117,80800
'15NS',20202,57117,82830
'15NS',20202,57117,84930
'15NS',20202,57117,90900
'15NS',20202,57117,92600
'15NS',20202,57117,94500
'15NS',20202,57117,100500
'15NS',20202,57117,102500
'15NS',20202,57117,104500
'15NS',20202,57117,110500
'15NS',20202,57117,112500
'15NS',20202,57117,114500
'15NS',20202,57117,120500
'15NS',20202,57117,122600
'15NS',20202,57117,124300
'15NS',20202,57117,125900
'15NS',20202,57117,131500
'15NS',20202,57117,133100
'15NS',20202,57117,134800
'15NS',20202,57117,140800
'15NS',20202,57117,142800
'15NS',20202,57117,145000
'15NS',20202,57117,151000
'15NS',20202,57117,153000
'15NS',20202,57117,155100
'15NS',20202,57117,161200
'15NS',20202,57117,163300
'15NS',20202,57117,165300
'15NS',20202,57117,171300
'15NS',20202,57117,173300
'15NS',20202,57117,175200
'15NS',20202,57117,181200
'15NS',20202,57117,183100
'15NS',20202,57117,185000
'15NS',20202,57117,191000
'15NS',20202,57117,193000
'15NS',20202,57117,195400
'15NS',20202,57117,202300
'15NS',20202,57117,205200
'15NS',20202,57117,212200
'15NS',20202,57117,215200
'15NS',20202,57117,222100
'15NS',20202,57117,225100
'15NS',20202,57117,232100
'15NS',20202,57117,234900
'15NS',20202,57117,241600
'15NA',37802,57117,265815
'15NA',37802,57117,274715
'15NA',37802,57117,283815
'15NF1',37802,57117,265530
'15NF1',37802,57117,274630
'15NF1',37802,57117,283630
'15NF2',37802,57117,265815
'15NF2',37802,57117,274715
'15NF2',37802,57117,283815
'15NF3',37802,57117,265530
'15NF3',37802,57117,274630
'15NF3',37802,57117,283630
'15NF4',37802,57117,265815
'15NF4',37802,57117,274715
'15NF4',37802,57117,283815
'15NI',37802,57117,265530
'15NI',37802,57117,274630
'15NI',37802,57117,283630
'15NS',37802,57117,265330
'15NS',37802,57117,274430
'15NS',37802,57117,283430
'15NS',46002,57117,55645
'15NS',46002,57117,55845
'15NS',46002,57117,60145
'15NS',46002,57117,60645
'15NS',46002,57117,61145
'15NS',46002,57117,61645
'15NS',46002,57117,62345
'15NS',46002,57117,62745
'15NS',46002,57117,63345
'15NS',46002,57117,63745
'15NS',46002,57117,64045
'15NS',46002,57117,64445
'15NS',46002,57117,64745
'15NS',46002,57117,65145
'15NS',46002,57117,65345
'15NS',46002,57117,65645
'15NS',46002,57117,70045
'15NS',46002,57117,70645
'15NS',46002,57117,70945
'15NS',46002,57117,71245
'15NS',46002,57117,71445
'15NS',46002,57117,72045
'15NS',46002,57117,72645
'15NS',46002,57117,73345
'15NS',46002,57117,73845
'15NS',46002,57117,74445
'15NS',46002,57117,74945
'15NS',46002,57117,75245
'15NS',46002,57117,75545
'15NS',46002,57117,75745
'15NS',46002,57117,75945
'15NS',46002,57117,80145
'15NS',46002,57117,80345
'15NS',46002,57117,80545
'15NS',46002,57117,80745
'15NS',46002,57117,81045
'15NS',46002,57117,81345
'15NS',46002,57117,81945
'15NS',46002,57117,82545
'15NS',46002,57117,82845
'15NS',46002,57117,83145
'15NS',46002,57117,83545
'15NS',46002,57117,83745
'15NS',46002,57117,84045
'15NS',46002,57117,84345
'15NS',46002,57117,84945
'15NS',46002,57117,85745
'15NS',46002,57117,91345
'15NS',46002,57117,93045
'15NS',46002,57117,94745
'15NS',46002,57117,100645
'15NS',46002,57117,102445
