'17UA',16101,56338,45500
'17UA',16101,56338,52200
'17UA',16101,56338,54900
'17UA',16101,56338,61700
'17UA',16101,56338,64500
'17UA',16101,56338,71500
'17UA',16101,56338,74500
'17UA',16101,56338,81500
'17UA',16101,56338,84500
'17UA',16101,56338,90000
'17UA',16101,56338,91500
'17UA',16101,56338,93100
'17UA',16101,56338,94700
'17UA',16101,56338,100300
'17UA',16101,56338,101900
'17UA',16101,56338,103500
'17UA',16101,56338,105100
'17UA',16101,56338,110800
'17UA',16101,56338,112600
'17UA',16101,56338,114400
'17UA',16101,56338,120000
'17UA',16101,56338,121500
'17UA',16101,56338,123000
'17UA',16101,56338,124500
'17UA',16101,56338,130000
'17UA',16101,56338,131500
'17UA',16101,56338,132900
'17UA',16101,56338,134300
'17UA',16101,56338,135800
'17UA',16101,56338,141200
'17UA',16101,56338,142600
'17UA',16101,56338,143900
'17UA',16101,56338,145100
'17UA',16101,56338,150300
'17UA',16101,56338,151500
'17UA',16101,56338,152800
'17UA',16101,56338,154100
'17UA',16101,56338,155400
'17UA',16101,56338,160700
'17UA',16101,56338,162000
'17UA',16101,56338,163400
'17UA',16101,56338,164700
'17UA',16101,56338,165900
'17UA',16101,56338,171200
'17UA',16101,56338,172600
'17UA',16101,56338,174100
'17UA',16101,56338,175500
'17UA',16101,56338,180800
'17UA',16101,56338,182100
'17UA',16101,56338,183800
'17UA',16101,56338,185700
'17UA',16101,56338,191600
'17UA',16101,56338,193500
'17UA',16101,56338,195500
'17UA',16101,56338,201600
'17UA',16101,56338,203800
'17UA',16101,56338,210000
'17UA',16101,56338,212200
'17UA',16101,56338,214400
'17UA',16101,56338,220700
'17UA',16101,56338,223300
'17UA',16101,56338,230300
'17UA',16101,56338,233300
'17UA',16101,56338,240300
'17UA',16101,56338,243200
'17UA',16101,56338,245900
'17UA',16102,56338,55800
'17UA',16102,56338,63600
'17UA',16102,56338,71000
'17UA',16102,56338,74100
'17UA',16102,56338,80400
'17UA',16102,56338,82600
'17UA',16102,56338,84800
'17UA',16102,56338,91100
'17UA',16102,56338,92600
'17UA',16102,56338,94100
'17UA',16102,56338,95600
'17UA',16102,56338,101100
'17UA',16102,56338,102600
'17UA',16102,56338,104200
'17UA',16102,56338,105800
'17UA',16102,56338,111700
'17UA',16102,56338,113400
'17UA',16102,56338,115100
'17UA',16102,56338,120800
'17UA',16102,56338,122400
'17UA',16102,56338,124000
'17UA',16102,56338,125500
'17UA',16102,56338,131000
'17UA',16102,56338,132400
'17UA',16102,56338,133800
'17UA',16102,56338,135200
'17UA',16102,56338,140600
'17UA',16102,56338,142000
'17UA',16102,56338,143400
'17UA',16102,56338,145200
'17UA',16102,56338,151000
'17UA',16102,56338,152800
'17UA',16102,56338,154400
'17UA',16102,56338,155900
'17UA',16102,56338,161400
'17UA',16102,56338,162900
'17UA',16102,56338,164500
'17UA',16102,56338,165900
'17UA',16102,56338,171200
'17UA',16102,56338,172500
'17UA',16102,56338,173700
'17UA',16102,56338,175000
'17UA',16102,56338,180300
'17UA',16102,56338,181600
'17UA',16102,56338,182900
'17UA',16102,56338,184100
'17UA',16102,56338,185200
'17UA',16102,56338,190300
'17UA',16102,56338,191500
'17UA',16102,56338,193000
'17UA',16102,56338,194900
'17UA',16102,56338,200900
'17UA',16102,56338,203000
'17UA',16102,56338,205100
'17UA',16102,56338,211100
'17UA',16102,56338,213000
'17UA',16102,56338,214900
'17UA',16102,56338,220800
'17UA',16102,56338,222800
'17UA',16102,56338,224800
'17UA',16102,56338,230600
'17UA',16102,56338,232900
'17UA',16102,56338,235600
'17UA',16102,56338,242300
'17UA',16102,56338,245300
'17UA',16102,56338,252000
'17UA',16102,56338,255000
'17UA',16102,56338,262000
'17UF1',16101,56338,45500
'17UF1',16101,56338,52200
'17UF1',16101,56338,54900
'17UF1',16101,56338,61700
'17UF1',16101,56338,64500
'17UF1',16101,56338,71500
'17UF1',16101,56338,74500
'17UF1',16101,56338,81500
'17UF1',16101,56338,84500
'17UF1',16101,56338,90000
'17UF1',16101,56338,91500
'17UF1',16101,56338,93100
'17UF1',16101,56338,94700
'17UF1',16101,56338,100300
'17UF1',16101,56338,101900
'17UF1',16101,56338,103500
'17UF1',16101,56338,105100
'17UF1',16101,56338,110800
'17UF1',16101,56338,112600
'17UF1',16101,56338,114400
'17UF1',16101,56338,120000
'17UF1',16101,56338,121500
'17UF1',16101,56338,123000
'17UF1',16101,56338,124500
'17UF1',16101,56338,130000
'17UF1',16101,56338,131500
'17UF1',16101,56338,132900
'17UF1',16101,56338,134300
'17UF1',16101,56338,135800
'17UF1',16101,56338,141200
'17UF1',16101,56338,142600
'17UF1',16101,56338,143900
'17UF1',16101,56338,145100
'17UF1',16101,56338,150300
'17UF1',16101,56338,151500
'17UF1',16101,56338,152800
'17UF1',16101,56338,154100
'17UF1',16101,56338,155400
'17UF1',16101,56338,160700
'17UF1',16101,56338,162000
'17UF1',16101,56338,163400
'17UF1',16101,56338,164700
'17UF1',16101,56338,165900
'17UF1',16101,56338,171200
'17UF1',16101,56338,172600
'17UF1',16101,56338,174100
'17UF1',16101,56338,175500
'17UF1',16101,56338,180800
'17UF1',16101,56338,182100
'17UF1',16101,56338,183800
'17UF1',16101,56338,185700
'17UF1',16101,56338,191600
'17UF1',16101,56338,193500
'17UF1',16101,56338,195500
'17UF1',16101,56338,201600
'17UF1',16101,56338,203800
'17UF1',16101,56338,210000
'17UF1',16101,56338,212200
'17UF1',16101,56338,214400
'17UF1',16101,56338,220700
'17UF1',16101,56338,223300
'17UF1',16101,56338,230300
'17UF1',16101,56338,233300
'17UF1',16101,56338,240300
'17UF1',16101,56338,243200
'17UF1',16101,56338,245900
'17UF1',16102,56338,55800
'17UF1',16102,56338,63600
'17UF1',16102,56338,71000
'17UF1',16102,56338,74100
'17UF1',16102,56338,80400
'17UF1',16102,56338,82600
'17UF1',16102,56338,84800
'17UF1',16102,56338,91100
'17UF1',16102,56338,92600
'17UF1',16102,56338,94100
'17UF1',16102,56338,95600
'17UF1',16102,56338,101100
'17UF1',16102,56338,102600
'17UF1',16102,56338,104200
'17UF1',16102,56338,105800
'17UF1',16102,56338,111700
'17UF1',16102,56338,113400
'17UF1',16102,56338,115100
'17UF1',16102,56338,120800
'17UF1',16102,56338,122400
'17UF1',16102,56338,124000
'17UF1',16102,56338,125500
'17UF1',16102,56338,131000
'17UF1',16102,56338,132400
'17UF1',16102,56338,133800
'17UF1',16102,56338,135200
'17UF1',16102,56338,140600
'17UF1',16102,56338,142000
'17UF1',16102,56338,143400
'17UF1',16102,56338,145200
'17UF1',16102,56338,151000
'17UF1',16102,56338,152800
'17UF1',16102,56338,154400
'17UF1',16102,56338,155900
'17UF1',16102,56338,161400
'17UF1',16102,56338,162900
'17UF1',16102,56338,164500
'17UF1',16102,56338,165900
'17UF1',16102,56338,171200
'17UF1',16102,56338,172500
'17UF1',16102,56338,173700
'17UF1',16102,56338,175000
'17UF1',16102,56338,180300
'17UF1',16102,56338,181600
'17UF1',16102,56338,182900
'17UF1',16102,56338,184100
'17UF1',16102,56338,185200
'17UF1',16102,56338,190300
'17UF1',16102,56338,191500
'17UF1',16102,56338,193000
'17UF1',16102,56338,194900
'17UF1',16102,56338,200900
'17UF1',16102,56338,203000
'17UF1',16102,56338,205100
'17UF1',16102,56338,211100
'17UF1',16102,56338,213000
'17UF1',16102,56338,214900
'17UF1',16102,56338,220800
'17UF1',16102,56338,222800
'17UF1',16102,56338,224800
'17UF1',16102,56338,230600
'17UF1',16102,56338,232900
'17UF1',16102,56338,235600
'17UF1',16102,56338,242300
'17UF1',16102,56338,245300
'17UF1',16102,56338,252000
'17UF1',16102,56338,255000
'17UF1',16102,56338,262000
'17UF2',16101,56338,45500
'17UF2',16101,56338,52200
'17UF2',16101,56338,54900
'17UF2',16101,56338,61700
'17UF2',16101,56338,64500
'17UF2',16101,56338,71500
'17UF2',16101,56338,74500
'17UF2',16101,56338,81500
'17UF2',16101,56338,84500
'17UF2',16101,56338,90000
'17UF2',16101,56338,91500
'17UF2',16101,56338,93100
'17UF2',16101,56338,94700
'17UF2',16101,56338,100300
'17UF2',16101,56338,101900
'17UF2',16101,56338,103500
'17UF2',16101,56338,105100
'17UF2',16101,56338,110800
'17UF2',16101,56338,112600
'17UF2',16101,56338,114400
'17UF2',16101,56338,120000
'17UF2',16101,56338,121500
'17UF2',16101,56338,123000
'17UF2',16101,56338,124500
'17UF2',16101,56338,130000
'17UF2',16101,56338,131500
'17UF2',16101,56338,132900
'17UF2',16101,56338,134300
'17UF2',16101,56338,135800
'17UF2',16101,56338,141200
'17UF2',16101,56338,142600
'17UF2',16101,56338,143900
'17UF2',16101,56338,145100
'17UF2',16101,56338,150300
'17UF2',16101,56338,151500
'17UF2',16101,56338,152800
'17UF2',16101,56338,154100
'17UF2',16101,56338,155400
'17UF2',16101,56338,160700
'17UF2',16101,56338,162000
'17UF2',16101,56338,163400
'17UF2',16101,56338,164700
'17UF2',16101,56338,165900
'17UF2',16101,56338,171200
'17UF2',16101,56338,172600
'17UF2',16101,56338,174100
'17UF2',16101,56338,175500
'17UF2',16101,56338,180800
'17UF2',16101,56338,182100
'17UF2',16101,56338,183800
'17UF2',16101,56338,185700
'17UF2',16101,56338,191600
'17UF2',16101,56338,193500
'17UF2',16101,56338,195500
'17UF2',16101,56338,201600
'17UF2',16101,56338,203800
'17UF2',16101,56338,210000
'17UF2',16101,56338,212200
'17UF2',16101,56338,214400
'17UF2',16101,56338,220700
'17UF2',16101,56338,223300
'17UF2',16101,56338,230300
'17UF2',16101,56338,233300
'17UF2',16101,56338,240300
'17UF2',16101,56338,243200
'17UF2',16101,56338,245900
'17UF2',16102,56338,55800
'17UF2',16102,56338,63600
'17UF2',16102,56338,71000
'17UF2',16102,56338,74100
'17UF2',16102,56338,80400
'17UF2',16102,56338,82600
'17UF2',16102,56338,84800
'17UF2',16102,56338,91100
'17UF2',16102,56338,92600
'17UF2',16102,56338,94100
'17UF2',16102,56338,95600
'17UF2',16102,56338,101100
'17UF2',16102,56338,102600
'17UF2',16102,56338,104200
'17UF2',16102,56338,105800
'17UF2',16102,56338,111700
'17UF2',16102,56338,113400
'17UF2',16102,56338,115100
'17UF2',16102,56338,120800
'17UF2',16102,56338,122400
'17UF2',16102,56338,124000
'17UF2',16102,56338,125500
'17UF2',16102,56338,131000
'17UF2',16102,56338,132400
'17UF2',16102,56338,133800
'17UF2',16102,56338,135200
'17UF2',16102,56338,140600
'17UF2',16102,56338,142000
'17UF2',16102,56338,143400
'17UF2',16102,56338,145200
'17UF2',16102,56338,151000
'17UF2',16102,56338,152800
'17UF2',16102,56338,154400
'17UF2',16102,56338,155900
'17UF2',16102,56338,161400
'17UF2',16102,56338,162900
'17UF2',16102,56338,164500
'17UF2',16102,56338,165900
'17UF2',16102,56338,171200
'17UF2',16102,56338,172500
'17UF2',16102,56338,173700
'17UF2',16102,56338,175000
'17UF2',16102,56338,180300
'17UF2',16102,56338,181600
'17UF2',16102,56338,182900
'17UF2',16102,56338,184100
'17UF2',16102,56338,185200
'17UF2',16102,56338,190300
'17UF2',16102,56338,191500
'17UF2',16102,56338,193000
'17UF2',16102,56338,194900
'17UF2',16102,56338,200900
'17UF2',16102,56338,203000
'17UF2',16102,56338,205100
'17UF2',16102,56338,211100
'17UF2',16102,56338,213000
'17UF2',16102,56338,214900
'17UF2',16102,56338,220800
'17UF2',16102,56338,222800
'17UF2',16102,56338,224800
'17UF2',16102,56338,230600
'17UF2',16102,56338,232900
'17UF2',16102,56338,235600
'17UF2',16102,56338,242300
'17UF2',16102,56338,245300
'17UF2',16102,56338,252000
'17UF2',16102,56338,255000
'17UF2',16102,56338,262000
'17UI',16101,56338,45500
'17UI',16101,56338,52700
'17UI',16101,56338,60000
'17UI',16101,56338,63200
'17UI',16101,56338,70200
'17UI',16101,56338,73100
'17UI',16101,56338,75900
'17UI',16101,56338,82700
'17UI',16101,56338,85000
'17UI',16101,56338,91200
'17UI',16101,56338,93400
'17UI',16101,56338,95500
'17UI',16101,56338,101500
'17UI',16101,56338,103500
'17UI',16101,56338,105500
'17UI',16101,56338,111000
'17UI',16101,56338,112500
'17UI',16101,56338,114000
'17UI',16101,56338,115500
'17UI',16101,56338,121100
'17UI',16101,56338,122800
'17UI',16101,56338,124700
'17UI',16101,56338,130700
'17UI',16101,56338,132600
'17UI',16101,56338,134500
'17UI',16101,56338,140500
'17UI',16101,56338,142400
'17UI',16101,56338,144100
'17UI',16101,56338,145800
'17UI',16101,56338,151400
'17UI',16101,56338,152900
'17UI',16101,56338,154400
'17UI',16101,56338,155900
'17UI',16101,56338,161400
'17UI',16101,56338,162900
'17UI',16101,56338,164400
'17UI',16101,56338,170100
'17UI',16101,56338,171800
'17UI',16101,56338,173500
'17UI',16101,56338,175100
'17UI',16101,56338,180800
'17UI',16101,56338,182500
'17UI',16101,56338,184100
'17UI',16101,56338,185800
'17UI',16101,56338,191400
'17UI',16101,56338,193100
'17UI',16101,56338,195400
'17UI',16101,56338,201600
'17UI',16101,56338,203800
'17UI',16101,56338,210000
'17UI',16101,56338,212300
'17UI',16101,56338,214500
'17UI',16101,56338,221700
'17UI',16101,56338,224800
'17UI',16101,56338,231700
'17UI',16101,56338,234600
'17UI',16101,56338,241400
'17UI',16101,56338,244200
'17UI',16102,56338,55600
'17UI',16102,56338,62800
'17UI',16102,56338,65800
'17UI',16102,56338,72700
'17UI',16102,56338,75500
'17UI',16102,56338,82000
'17UI',16102,56338,84100
'17UI',16102,56338,90200
'17UI',16102,56338,92200
'17UI',16102,56338,94200
'17UI',16102,56338,100200
'17UI',16102,56338,102200
'17UI',16102,56338,104300
'17UI',16102,56338,110300
'17UI',16102,56338,112100
'17UI',16102,56338,113600
'17UI',16102,56338,115100
'17UI',16102,56338,120700
'17UI',16102,56338,122400
'17UI',16102,56338,124200
'17UI',16102,56338,125900
'17UI',16102,56338,131300
'17UI',16102,56338,132700
'17UI',16102,56338,134200
'17UI',16102,56338,135700
'17UI',16102,56338,141200
'17UI',16102,56338,142800
'17UI',16102,56338,144400
'17UI',16102,56338,150000
'17UI',16102,56338,151600
'17UI',16102,56338,153200
'17UI',16102,56338,154800
'17UI',16102,56338,160400
'17UI',16102,56338,162000
'17UI',16102,56338,163400
'17UI',16102,56338,164800
'17UI',16102,56338,170200
'17UI',16102,56338,171500
'17UI',16102,56338,173000
'17UI',16102,56338,174500
'17UI',16102,56338,180000
'17UI',16102,56338,181300
'17UI',16102,56338,182800
'17UI',16102,56338,184100
'17UI',16102,56338,185400
'17UI',16102,56338,190800
'17UI',16102,56338,192500
'17UI',16102,56338,194800
'17UI',16102,56338,201100
'17UI',16102,56338,203400
'17UI',16102,56338,205500
'17UI',16102,56338,211500
'17UI',16102,56338,213800
'17UI',16102,56338,220000
'17UI',16102,56338,222200
'17UI',16102,56338,224400
'17UI',16102,56338,230900
'17UI',16102,56338,233600
'17UI',16102,56338,240500
'17UI',16102,56338,243300
'17UI',16102,56338,250200
'17UI',16102,56338,253000
'17UI',16102,56338,255500
'17US',16101,56338,45500
'17US',16101,56338,52400
'17US',16101,56338,55300
'17US',16101,56338,61900
'17US',16101,56338,64000
'17US',16101,56338,65700
'17US',16101,56338,71100
'17US',16101,56338,72300
'17US',16101,56338,73500
'17US',16101,56338,74500
'17US',16101,56338,75200
'17US',16101,56338,75900
'17US',16101,56338,80600
'17US',16101,56338,81400
'17US',16101,56338,82700
'17US',16101,56338,84200
'17US',16101,56338,85700
'17US',16101,56338,91200
'17US',16101,56338,92700
'17US',16101,56338,94300
'17US',16101,56338,95800
'17US',16101,56338,101300
'17US',16101,56338,102800
'17US',16101,56338,104300
'17US',16101,56338,105700
'17US',16101,56338,111100
'17US',16101,56338,112400
'17US',16101,56338,113700
'17US',16101,56338,115000
'17US',16101,56338,120300
'17US',16101,56338,121400
'17US',16101,56338,122400
'17US',16101,56338,123400
'17US',16101,56338,124400
'17US',16101,56338,125400
'17US',16101,56338,130400
'17US',16101,56338,131400
'17US',16101,56338,132200
'17US',16101,56338,132900
'17US',16101,56338,133700
'17US',16101,56338,134700
'17US',16101,56338,135700
'17US',16101,56338,140700
'17US',16101,56338,141700
'17US',16101,56338,142700
'17US',16101,56338,143700
'17US',16101,56338,144700
'17US',16101,56338,145600
'17US',16101,56338,150500
'17US',16101,56338,151500
'17US',16101,56338,152500
'17US',16101,56338,153500
'17US',16101,56338,154500
'17US',16101,56338,155500
'17US',16101,56338,160500
'17US',16101,56338,161500
'17US',16101,56338,162500
'17US',16101,56338,163500
'17US',16101,56338,164500
'17US',16101,56338,165500
'17US',16101,56338,170500
'17US',16101,56338,171500
'17US',16101,56338,172500
'17US',16101,56338,173500
'17US',16101,56338,174500
'17US',16101,56338,175500
'17US',16101,56338,180500
'17US',16101,56338,181500
'17US',16101,56338,182500
'17US',16101,56338,183500
'17US',16101,56338,184500
'17US',16101,56338,185500
'17US',16101,56338,190500
'17US',16101,56338,191500
'17US',16101,56338,192500
'17US',16101,56338,193500
'17US',16101,56338,194500
'17US',16101,56338,195500
'17US',16101,56338,200500
'17US',16101,56338,201500
'17US',16101,56338,202500
'17US',16101,56338,203500
'17US',16101,56338,204500
'17US',16101,56338,205500
'17US',16101,56338,210700
'17US',16101,56338,212000
'17US',16101,56338,213400
'17US',16101,56338,214900
'17US',16101,56338,221900
'17US',16101,56338,224800
'17US',16101,56338,231600
'17US',16101,56338,234400
'17US',16101,56338,241300
'17US',16101,56338,244200
'17US',16102,56338,55700
'17US',16102,56338,63100
'17US',16102,56338,64600
'17US',16102,56338,65600
'17US',16102,56338,70600
'17US',16102,56338,71700
'17US',16102,56338,72800
'17US',16102,56338,73800
'17US',16102,56338,74700
'17US',16102,56338,75700
'17US',16102,56338,80600
'17US',16102,56338,81500
'17US',16102,56338,82400
'17US',16102,56338,83500
'17US',16102,56338,84400
'17US',16102,56338,85100
'17US',16102,56338,85800
'17US',16102,56338,90400
'17US',16102,56338,91100
'17US',16102,56338,91500
'17US',16102,56338,92200
'17US',16102,56338,93100
'17US',16102,56338,94100
'17US',16102,56338,95100
'17US',16102,56338,100100
'17US',16102,56338,100900
'17US',16102,56338,101800
'17US',16102,56338,102800
'17US',16102,56338,103800
'17US',16102,56338,104800
'17US',16102,56338,105800
'17US',16102,56338,110800
'17US',16102,56338,111800
'17US',16102,56338,112800
'17US',16102,56338,113800
'17US',16102,56338,114800
'17US',16102,56338,115800
'17US',16102,56338,120800
'17US',16102,56338,121800
'17US',16102,56338,122800
'17US',16102,56338,123800
'17US',16102,56338,124800
'17US',16102,56338,125800
'17US',16102,56338,130900
'17US',16102,56338,132000
'17US',16102,56338,133000
'17US',16102,56338,134000
'17US',16102,56338,135000
'17US',16102,56338,140000
'17US',16102,56338,141000
'17US',16102,56338,142000
'17US',16102,56338,143000
'17US',16102,56338,144200
'17US',16102,56338,145300
'17US',16102,56338,150300
'17US',16102,56338,151300
'17US',16102,56338,152300
'17US',16102,56338,153300
'17US',16102,56338,154500
'17US',16102,56338,155700
'17US',16102,56338,160700
'17US',16102,56338,161700
'17US',16102,56338,162700
'17US',16102,56338,163700
'17US',16102,56338,164700
'17US',16102,56338,165500
'17US',16102,56338,170100
'17US',16102,56338,170900
'17US',16102,56338,171900
'17US',16102,56338,172900
'17US',16102,56338,173900
'17US',16102,56338,174800
'17US',16102,56338,175800
'17US',16102,56338,180800
'17US',16102,56338,181800
'17US',16102,56338,182800
'17US',16102,56338,183900
'17US',16102,56338,184900
'17US',16102,56338,185900
'17US',16102,56338,191000
'17US',16102,56338,192000
'17US',16102,56338,193000
'17US',16102,56338,194200
'17US',16102,56338,195300
'17US',16102,56338,200600
'17US',16102,56338,201900
'17US',16102,56338,203300
'17US',16102,56338,204400
'17US',16102,56338,205800
'17US',16102,56338,211300
'17US',16102,56338,212800
'17US',16102,56338,214300
'17US',16102,56338,215800
'17US',16102,56338,221400
'17US',16102,56338,223000
'17US',16102,56338,224700
'17US',16102,56338,231100
'17US',16102,56338,233700
'17US',16102,56338,240400
'17US',16102,56338,243400
'17US',16102,56338,250400
'17US',16102,56338,252900
'17US',16102,56338,255400
'17UA',37001,56338,252200
'17UA',37001,56338,260700
'17UA',37001,56338,265200
'17UA',37001,56338,273700
'17UA',37001,56338,282200
'17UA',37002,56338,263800
'17UA',37002,56338,272300
'17UA',37002,56338,280800
'17UA',37002,56338,285000
'17UA',37002,56338,293500
'17UF1',37001,56338,252200
'17UF1',37001,56338,260700
'17UF1',37001,56338,265200
'17UF1',37001,56338,273700
'17UF1',37001,56338,282200
'17UF1',37002,56338,263800
'17UF1',37002,56338,272300
'17UF1',37002,56338,280800
'17UF1',37002,56338,285000
'17UF1',37002,56338,293500
'17UF2',37001,56338,252200
'17UF2',37001,56338,260700
'17UF2',37001,56338,265200
'17UF2',37001,56338,273700
'17UF2',37001,56338,282200
'17UF2',37002,56338,263800
'17UF2',37002,56338,272300
'17UF2',37002,56338,280800
'17UF2',37002,56338,285000
'17UF2',37002,56338,293500
'17UI',37001,56338,252200
'17UI',37001,56338,260700
'17UI',37001,56338,265200
'17UI',37001,56338,273700
'17UI',37001,56338,282200
'17UI',37002,56338,255700
'17UI',37002,56338,264200
'17UI',37002,56338,272700
'17UI',37002,56338,281200
'17UI',37002,56338,285600
'17UI',37002,56338,294100
'17US',37001,56338,252200
'17US',37001,56338,260700
'17US',37001,56338,265200
'17US',37001,56338,273700
'17US',37001,56338,282200
'17US',37002,56338,255900
'17US',37002,56338,264400
'17US',37002,56338,272900
'17US',37002,56338,281200
'17US',37002,56338,285700
'17US',37002,56338,294200
