'17NA',12501,52937,53200
'17NA',12501,52937,60700
'17NA',12501,52937,64200
'17NA',12501,52937,71700
'17NA',12501,52937,75200
'17NA',12501,52937,82800
'17NA',12501,52937,90400
'17NA',12501,52937,94100
'17NA',12501,52937,101200
'17NA',12501,52937,104400
'17NA',12501,52937,111600
'17NA',12501,52937,115000
'17NA',12501,52937,122300
'17NA',12501,52937,125600
'17NA',12501,52937,132900
'17NA',12501,52937,140100
'17NA',12501,52937,142900
'17NA',12501,52937,145100
'17NA',12501,52937,151000
'17NA',12501,52937,152900
'17NA',12501,52937,154800
'17NA',12501,52937,160700
'17NA',12501,52937,162400
'17NA',12501,52937,165600
'17NA',12501,52937,172500
'17NA',12501,52937,175400
'17NA',12501,52937,182400
'17NA',12501,52937,185400
'17NA',12501,52937,192400
'17NA',12501,52937,195400
'17NA',12501,52937,202500
'17NA',12501,52937,205600
'17NA',12501,52937,212600
'17NA',12501,52937,215600
'17NA',12501,52937,222800
'17NA',12501,52937,225900
'17NA',12501,52937,232900
'17NA',12501,52937,235800
'17NA',12501,52937,242800
'17NA',12501,52937,250300
'17NA',12501,52937,253800
'17NF1',12501,52937,53100
'17NF1',12501,52937,60500
'17NF1',12501,52937,63900
'17NF1',12501,52937,71300
'17NF1',12501,52937,74600
'17NF1',12501,52937,81900
'17NF1',12501,52937,85300
'17NF1',12501,52937,92600
'17NF1',12501,52937,95900
'17NF1',12501,52937,103300
'17NF1',12501,52937,110700
'17NF1',12501,52937,113900
'17NF1',12501,52937,121100
'17NF1',12501,52937,124300
'17NF1',12501,52937,131500
'17NF1',12501,52937,134600
'17NF1',12501,52937,141700
'17NF1',12501,52937,144800
'17NF1',12501,52937,151900
'17NF1',12501,52937,154900
'17NF1',12501,52937,161900
'17NF1',12501,52937,164800
'17NF1',12501,52937,171200
'17NF1',12501,52937,173600
'17NF1',12501,52937,180000
'17NF1',12501,52937,182900
'17NF1',12501,52937,185900
'17NF1',12501,52937,192800
'17NF1',12501,52937,195600
'17NF1',12501,52937,202400
'17NF1',12501,52937,205300
'17NF1',12501,52937,212700
'17NF1',12501,52937,220500
'17NF1',12501,52937,224300
'17NF1',12501,52937,232200
'17NF1',12501,52937,235900
'17NF1',12501,52937,243800
'17NF1',12501,52937,253000
'17NF2',12501,52937,53200
'17NF2',12501,52937,60700
'17NF2',12501,52937,64200
'17NF2',12501,52937,71700
'17NF2',12501,52937,75200
'17NF2',12501,52937,82800
'17NF2',12501,52937,90400
'17NF2',12501,52937,94100
'17NF2',12501,52937,101200
'17NF2',12501,52937,104400
'17NF2',12501,52937,111600
'17NF2',12501,52937,115000
'17NF2',12501,52937,122300
'17NF2',12501,52937,125600
'17NF2',12501,52937,132900
'17NF2',12501,52937,140100
'17NF2',12501,52937,142900
'17NF2',12501,52937,145100
'17NF2',12501,52937,151000
'17NF2',12501,52937,152900
'17NF2',12501,52937,154800
'17NF2',12501,52937,160700
'17NF2',12501,52937,162400
'17NF2',12501,52937,165600
'17NF2',12501,52937,172500
'17NF2',12501,52937,175400
'17NF2',12501,52937,182400
'17NF2',12501,52937,185400
'17NF2',12501,52937,192400
'17NF2',12501,52937,195400
'17NF2',12501,52937,202500
'17NF2',12501,52937,205600
'17NF2',12501,52937,212600
'17NF2',12501,52937,215600
'17NF2',12501,52937,222800
'17NF2',12501,52937,225900
'17NF2',12501,52937,232900
'17NF2',12501,52937,235800
'17NF2',12501,52937,242800
'17NF2',12501,52937,250300
'17NF2',12501,52937,253000
'17NF3',12501,52937,53100
'17NF3',12501,52937,60500
'17NF3',12501,52937,63900
'17NF3',12501,52937,71300
'17NF3',12501,52937,74600
'17NF3',12501,52937,81900
'17NF3',12501,52937,85300
'17NF3',12501,52937,92600
'17NF3',12501,52937,95900
'17NF3',12501,52937,103300
'17NF3',12501,52937,110700
'17NF3',12501,52937,113900
'17NF3',12501,52937,121100
'17NF3',12501,52937,124300
'17NF3',12501,52937,131500
'17NF3',12501,52937,134600
'17NF3',12501,52937,141700
'17NF3',12501,52937,144800
'17NF3',12501,52937,151900
'17NF3',12501,52937,154900
'17NF3',12501,52937,161900
'17NF3',12501,52937,164800
'17NF3',12501,52937,171200
'17NF3',12501,52937,173600
'17NF3',12501,52937,180000
'17NF3',12501,52937,182900
'17NF3',12501,52937,185900
'17NF3',12501,52937,192800
'17NF3',12501,52937,195600
'17NF3',12501,52937,202400
'17NF3',12501,52937,205300
'17NF3',12501,52937,212700
'17NF3',12501,52937,220500
'17NF3',12501,52937,224300
'17NF3',12501,52937,232200
'17NF3',12501,52937,235900
'17NF3',12501,52937,243800
'17NF3',12501,52937,253000
'17NF4',12501,52937,53200
'17NF4',12501,52937,60700
'17NF4',12501,52937,64200
'17NF4',12501,52937,71700
'17NF4',12501,52937,75200
'17NF4',12501,52937,82800
'17NF4',12501,52937,90400
'17NF4',12501,52937,94100
'17NF4',12501,52937,101200
'17NF4',12501,52937,104400
'17NF4',12501,52937,111600
'17NF4',12501,52937,115000
'17NF4',12501,52937,122300
'17NF4',12501,52937,125600
'17NF4',12501,52937,132900
'17NF4',12501,52937,140100
'17NF4',12501,52937,142900
'17NF4',12501,52937,145100
'17NF4',12501,52937,151000
'17NF4',12501,52937,152900
'17NF4',12501,52937,154800
'17NF4',12501,52937,160700
'17NF4',12501,52937,162400
'17NF4',12501,52937,165600
'17NF4',12501,52937,172500
'17NF4',12501,52937,175400
'17NF4',12501,52937,182400
'17NF4',12501,52937,185400
'17NF4',12501,52937,192400
'17NF4',12501,52937,195400
'17NF4',12501,52937,202500
'17NF4',12501,52937,205600
'17NF4',12501,52937,212600
'17NF4',12501,52937,215600
'17NF4',12501,52937,222800
'17NF4',12501,52937,225900
'17NF4',12501,52937,232900
'17NF4',12501,52937,235800
'17NF4',12501,52937,242800
'17NF4',12501,52937,250300
'17NF4',12501,52937,253000
'17NI',12501,52937,53100
'17NI',12501,52937,60500
'17NI',12501,52937,63900
'17NI',12501,52937,71300
'17NI',12501,52937,74600
'17NI',12501,52937,81900
'17NI',12501,52937,85300
'17NI',12501,52937,92600
'17NI',12501,52937,95900
'17NI',12501,52937,103300
'17NI',12501,52937,110700
'17NI',12501,52937,113900
'17NI',12501,52937,121100
'17NI',12501,52937,124300
'17NI',12501,52937,131500
'17NI',12501,52937,134600
'17NI',12501,52937,141700
'17NI',12501,52937,144800
'17NI',12501,52937,151900
'17NI',12501,52937,154900
'17NI',12501,52937,161900
'17NI',12501,52937,164800
'17NI',12501,52937,171200
'17NI',12501,52937,173600
'17NI',12501,52937,180000
'17NI',12501,52937,182900
'17NI',12501,52937,185900
'17NI',12501,52937,192800
'17NI',12501,52937,195600
'17NI',12501,52937,202400
'17NI',12501,52937,205300
'17NI',12501,52937,212700
'17NI',12501,52937,220500
'17NI',12501,52937,224300
'17NI',12501,52937,232200
'17NI',12501,52937,235900
'17NI',12501,52937,243800
'17NI',12501,52937,253000
'17NS',12501,52937,53100
'17NS',12501,52937,55700
'17NS',12501,52937,62800
'17NS',12501,52937,65700
'17NS',12501,52937,73000
'17NS',12501,52937,80100
'17NS',12501,52937,83000
'17NS',12501,52937,85900
'17NS',12501,52937,92900
'17NS',12501,52937,100100
'17NS',12501,52937,103300
'17NS',12501,52937,110200
'17NS',12501,52937,113100
'17NS',12501,52937,120300
'17NS',12501,52937,123200
'17NS',12501,52937,125700
'17NS',12501,52937,132200
'17NS',12501,52937,134700
'17NS',12501,52937,141100
'17NS',12501,52937,143100
'17NS',12501,52937,145200
'17NS',12501,52937,151200
'17NS',12501,52937,153500
'17NS',12501,52937,155700
'17NS',12501,52937,162100
'17NS',12501,52937,164600
'17NS',12501,52937,171000
'17NS',12501,52937,173500
'17NS',12501,52937,180000
'17NS',12501,52937,182600
'17NS',12501,52937,184800
'17NS',12501,52937,191400
'17NS',12501,52937,194000
'17NS',12501,52937,200800
'17NS',12501,52937,203800
'17NS',12501,52937,210900
'17NS',12501,52937,213900
'17NS',12501,52937,220800
'17NS',12501,52937,223900
'17NS',12501,52937,232000
'17NS',12501,52937,240000
'17NS',12501,52937,244100
'17NS',12501,52937,253100
'17NA',36001,52937,262112
'17NA',36001,52937,270612
'17NA',36001,52937,275112
'17NA',36001,52937,283612
'17NA',36001,52937,292112
'17NF1',36001,52937,262112
'17NF1',36001,52937,270612
'17NF1',36001,52937,275112
'17NF1',36001,52937,283612
'17NF1',36001,52937,292112
'17NF2',36001,52937,262112
'17NF2',36001,52937,270612
'17NF2',36001,52937,275112
'17NF2',36001,52937,283612
'17NF2',36001,52937,292112
'17NF3',36001,52937,262112
'17NF3',36001,52937,270612
'17NF3',36001,52937,275112
'17NF3',36001,52937,283612
'17NF3',36001,52937,292112
'17NF4',36001,52937,262112
'17NF4',36001,52937,270612
'17NF4',36001,52937,275112
'17NF4',36001,52937,283612
'17NF4',36001,52937,292112
'17NI',36001,52937,261912
'17NI',36001,52937,270412
'17NI',36001,52937,274912
'17NI',36001,52937,283312
'17NI',36001,52937,291912
'17NS',36001,52937,261912
'17NS',36001,52937,270412
'17NS',36001,52937,274912
'17NS',36001,52937,283412
'17NS',36001,52937,291912
