'16SA',20703,58043,54629
'16SA',20703,58043,61629
'16SA',20703,58043,64629
'16SA',20703,58043,71629
'16SA',20703,58043,74629
'16SA',20703,58043,81629
'16SA',20703,58043,84629
'16SA',20703,58043,91629
'16SA',20703,58043,94714
'16SA',20703,58043,101714
'16SA',20703,58043,104714
'16SA',20703,58043,111714
'16SA',20703,58043,114714
'16SA',20703,58043,121714
'16SA',20703,58043,124814
'16SA',20703,58043,131814
'16SA',20703,58043,134814
'16SA',20703,58043,141814
'16SA',20703,58043,144914
'16SA',20703,58043,151914
'16SA',20703,58043,154914
'16SA',20703,58043,161959
'16SA',20703,58043,165059
'16SA',20703,58043,172059
'16SA',20703,58043,175014
'16SA',20703,58043,181914
'16SA',20703,58043,184914
'16SA',20703,58043,191714
'16SA',20703,58043,194714
'16SA',20703,58043,201714
'16SA',20703,58043,204714
'16SA',20703,58043,211714
'16SA',20703,58043,214714
'16SA',20703,58043,221714
'16SA',20703,58043,224714
'16SA',20703,58043,234714
'16SA',20703,58043,244714
'16SA',20703,58043,253714
'16SF1',20703,58043,71544
'16SF1',20703,58043,74544
'16SF1',20703,58043,81544
'16SF1',20703,58043,84629
'16SF1',20703,58043,91629
'16SF1',20703,58043,94629
'16SF1',20703,58043,101629
'16SF1',20703,58043,104814
'16SF1',20703,58043,111814
'16SF1',20703,58043,114814
'16SF1',20703,58043,121814
'16SF1',20703,58043,124814
'16SF1',20703,58043,131814
'16SF1',20703,58043,134814
'16SF1',20703,58043,141814
'16SF1',20703,58043,144814
'16SF1',20703,58043,151814
'16SF1',20703,58043,154959
'16SF1',20703,58043,161959
'16SF1',20703,58043,164959
'16SF1',20703,58043,171959
'16SF1',20703,58043,174714
'16SF1',20703,58043,181714
'16SF1',20703,58043,184714
'16SF1',20703,58043,191714
'16SF1',20703,58043,194714
'16SF1',20703,58043,201714
'16SF1',20703,58043,204714
'16SF1',20703,58043,211629
'16SF1',20703,58043,214629
'16SF1',20703,58043,224629
'16SF1',20703,58043,234629
'16SF1',20703,58043,244629
'16SF1',20703,58043,253629
'16SF2',20703,58043,71544
'16SF2',20703,58043,74544
'16SF2',20703,58043,81544
'16SF2',20703,58043,84629
'16SF2',20703,58043,91629
'16SF2',20703,58043,94629
'16SF2',20703,58043,101629
'16SF2',20703,58043,104814
'16SF2',20703,58043,111814
'16SF2',20703,58043,114814
'16SF2',20703,58043,121814
'16SF2',20703,58043,124814
'16SF2',20703,58043,131814
'16SF2',20703,58043,134814
'16SF2',20703,58043,141814
'16SF2',20703,58043,144814
'16SF2',20703,58043,151814
'16SF2',20703,58043,154959
'16SF2',20703,58043,161959
'16SF2',20703,58043,164959
'16SF2',20703,58043,171959
'16SF2',20703,58043,174714
'16SF2',20703,58043,181714
'16SF2',20703,58043,184714
'16SF2',20703,58043,191714
'16SF2',20703,58043,194714
'16SF2',20703,58043,201714
'16SF2',20703,58043,204714
'16SF2',20703,58043,211629
'16SF2',20703,58043,214629
'16SF2',20703,58043,224629
'16SF2',20703,58043,234629
'16SF2',20703,58043,244629
'16SF2',20703,58043,253629
'16SI',20703,58043,71544
'16SI',20703,58043,74544
'16SI',20703,58043,81544
'16SI',20703,58043,84629
'16SI',20703,58043,91629
'16SI',20703,58043,94629
'16SI',20703,58043,101629
'16SI',20703,58043,104814
'16SI',20703,58043,111814
'16SI',20703,58043,114814
'16SI',20703,58043,121814
'16SI',20703,58043,124814
'16SI',20703,58043,131814
'16SI',20703,58043,134814
'16SI',20703,58043,141814
'16SI',20703,58043,144814
'16SI',20703,58043,151814
'16SI',20703,58043,154959
'16SI',20703,58043,161959
'16SI',20703,58043,164959
'16SI',20703,58043,171959
'16SI',20703,58043,174714
'16SI',20703,58043,181714
'16SI',20703,58043,184714
'16SI',20703,58043,191714
'16SI',20703,58043,194714
'16SI',20703,58043,201714
'16SI',20703,58043,204714
'16SI',20703,58043,211629
'16SI',20703,58043,214629
'16SI',20703,58043,224629
'16SI',20703,58043,234629
'16SI',20703,58043,244629
'16SI',20703,58043,253629
'16SS',20703,58043,51729
'16SS',20703,58043,54729
'16SS',20703,58043,61729
'16SS',20703,58043,64814
'16SS',20703,58043,71959
'16SS',20703,58043,74859
'16SS',20703,58043,81729
'16SS',20703,58043,84729
'16SS',20703,58043,91729
'16SS',20703,58043,94729
'16SS',20703,58043,101729
'16SS',20703,58043,104814
'16SS',20703,58043,111814
'16SS',20703,58043,114814
'16SS',20703,58043,121814
'16SS',20703,58043,124814
'16SS',20703,58043,131814
'16SS',20703,58043,134859
'16SS',20703,58043,141959
'16SS',20703,58043,145059
'16SS',20703,58043,152059
'16SS',20703,58043,155059
'16SS',20703,58043,162059
'16SS',20703,58043,165059
'16SS',20703,58043,172059
'16SS',20703,58043,175059
'16SS',20703,58043,182059
'16SS',20703,58043,185059
'16SS',20703,58043,191959
'16SS',20703,58043,194959
'16SS',20703,58043,201959
'16SS',20703,58043,204959
'16SS',20703,58043,211959
'16SS',20703,58043,214959
'16SS',20703,58043,221914
'16SS',20703,58043,224814
'16SS',20703,58043,234714
'16SS',20703,58043,244714
'16SS',20703,58043,254214
'16SS',40702,58043,70826
'16SS',40702,58043,75126
'16SS',40702,58043,82026
'16SS',40702,58043,90226
'16SS',40702,58043,155226
'16SS',40702,58043,164126
'16SS',40702,58043,170026
'16SS',40702,58043,172626
'16SS',40702,58043,174926
'16SS',40702,58043,180539
'16SS',40702,58043,182539
'16SS',40702,58043,184439
'16SS',40702,58043,191439
