'18MF1',43204,51783,153636
'18MF1',43204,51783,160936
'18MF1',43204,51783,163836
'18MF1',43204,51783,170736
'18MF1',43204,51783,173627
'18MF1',43204,51783,180627
'18MF1',43204,51783,183522
'18MF1',43204,51783,190522
'18MF2',43204,51783,153636
'18MF2',43204,51783,160936
'18MF2',43204,51783,163836
'18MF2',43204,51783,170736
'18MF2',43204,51783,173627
'18MF2',43204,51783,180627
'18MF2',43204,51783,183522
'18MF2',43204,51783,190522
'18MS',43204,51783,153636
'18MS',43204,51783,160936
'18MS',43204,51783,163836
'18MS',43204,51783,170736
'18MS',43204,51783,173627
'18MS',43204,51783,180627
'18MS',43204,51783,183522
'18MS',43204,51783,190522
