'18UA',6902,55038,50434
'18UA',6902,55038,53434
'18UA',6902,55038,60534
'18UA',6902,55038,63534
'18UA',6902,55038,70534
'18UA',6902,55038,73534
'18UA',6902,55038,80534
'18UA',6902,55038,83534
'18UA',6902,55038,90634
'18UA',6902,55038,92634
'18UA',6902,55038,94634
'18UA',6902,55038,100834
'18UA',6902,55038,102934
'18UA',6902,55038,105034
'18UA',6902,55038,111134
'18UA',6902,55038,113317
'18UA',6902,55038,115417
'18UA',6902,55038,121017
'18UA',6902,55038,122617
'18UA',6902,55038,124217
'18UA',6902,55038,125817
'18UA',6902,55038,131417
'18UA',6902,55038,133017
'18UA',6902,55038,134617
'18UA',6902,55038,140217
'18UA',6902,55038,141817
'18UA',6902,55038,143317
'18UA',6902,55038,144717
'18UA',6902,55038,150217
'18UA',6902,55038,151617
'18UA',6902,55038,153017
'18UA',6902,55038,154517
'18UA',6902,55038,160217
'18UA',6902,55038,161917
'18UA',6902,55038,163617
'18UA',6902,55038,165317
'18UA',6902,55038,171017
'18UA',6902,55038,172717
'18UA',6902,55038,174417
'18UA',6902,55038,180217
'18UA',6902,55038,182017
'18UA',6902,55038,184117
'18UA',6902,55038,191017
'18UA',6902,55038,193934
'18UA',6902,55038,200634
'18UA',6902,55038,203734
'18UA',6902,55038,210834
'18UA',6902,55038,213934
'18UA',6902,55038,221034
'18UA',6902,55038,224134
'18UA',6902,55038,231234
'18UA',6902,55038,234134
'18UA',6902,55038,241034
'18UA',6902,55038,243934
'18UA',6902,55038,250634
'18UA',6902,55038,253934
'18UF1',6902,55038,50434
'18UF1',6902,55038,53434
'18UF1',6902,55038,60534
'18UF1',6902,55038,63534
'18UF1',6902,55038,70534
'18UF1',6902,55038,73534
'18UF1',6902,55038,80534
'18UF1',6902,55038,83534
'18UF1',6902,55038,90634
'18UF1',6902,55038,92634
'18UF1',6902,55038,94634
'18UF1',6902,55038,100834
'18UF1',6902,55038,102934
'18UF1',6902,55038,105034
'18UF1',6902,55038,111134
'18UF1',6902,55038,113317
'18UF1',6902,55038,115417
'18UF1',6902,55038,121017
'18UF1',6902,55038,122617
'18UF1',6902,55038,124217
'18UF1',6902,55038,125817
'18UF1',6902,55038,131417
'18UF1',6902,55038,133017
'18UF1',6902,55038,134617
'18UF1',6902,55038,140217
'18UF1',6902,55038,141817
'18UF1',6902,55038,143317
'18UF1',6902,55038,144717
'18UF1',6902,55038,150217
'18UF1',6902,55038,151617
'18UF1',6902,55038,153017
'18UF1',6902,55038,154517
'18UF1',6902,55038,160217
'18UF1',6902,55038,161917
'18UF1',6902,55038,163617
'18UF1',6902,55038,165317
'18UF1',6902,55038,171017
'18UF1',6902,55038,172717
'18UF1',6902,55038,174417
'18UF1',6902,55038,180217
'18UF1',6902,55038,182017
'18UF1',6902,55038,184117
'18UF1',6902,55038,191017
'18UF1',6902,55038,193934
'18UF1',6902,55038,200634
'18UF1',6902,55038,203734
'18UF1',6902,55038,210834
'18UF1',6902,55038,213934
'18UF1',6902,55038,221034
'18UF1',6902,55038,224134
'18UF1',6902,55038,231234
'18UF1',6902,55038,234134
'18UF1',6902,55038,241034
'18UF1',6902,55038,243634
'18UF1',6902,55038,250834
'18UF2',6902,55038,50434
'18UF2',6902,55038,53434
'18UF2',6902,55038,60534
'18UF2',6902,55038,63534
'18UF2',6902,55038,70534
'18UF2',6902,55038,73534
'18UF2',6902,55038,80534
'18UF2',6902,55038,83534
'18UF2',6902,55038,90634
'18UF2',6902,55038,92634
'18UF2',6902,55038,94634
'18UF2',6902,55038,100834
'18UF2',6902,55038,102934
'18UF2',6902,55038,105034
'18UF2',6902,55038,111134
'18UF2',6902,55038,113317
'18UF2',6902,55038,115417
'18UF2',6902,55038,121017
'18UF2',6902,55038,122617
'18UF2',6902,55038,124217
'18UF2',6902,55038,125817
'18UF2',6902,55038,131417
'18UF2',6902,55038,133017
'18UF2',6902,55038,134617
'18UF2',6902,55038,140217
'18UF2',6902,55038,141817
'18UF2',6902,55038,143317
'18UF2',6902,55038,144717
'18UF2',6902,55038,150217
'18UF2',6902,55038,151617
'18UF2',6902,55038,153017
'18UF2',6902,55038,154517
'18UF2',6902,55038,160217
'18UF2',6902,55038,161917
'18UF2',6902,55038,163617
'18UF2',6902,55038,165317
'18UF2',6902,55038,171017
'18UF2',6902,55038,172717
'18UF2',6902,55038,174417
'18UF2',6902,55038,180217
'18UF2',6902,55038,182017
'18UF2',6902,55038,184117
'18UF2',6902,55038,191017
'18UF2',6902,55038,193934
'18UF2',6902,55038,200634
'18UF2',6902,55038,203734
'18UF2',6902,55038,210834
'18UF2',6902,55038,213934
'18UF2',6902,55038,221034
'18UF2',6902,55038,224134
'18UF2',6902,55038,231234
'18UF2',6902,55038,234134
'18UF2',6902,55038,241034
'18UF2',6902,55038,243634
'18UF2',6902,55038,250834
'18UI',6902,55038,51334
'18UI',6902,55038,54534
'18UI',6902,55038,61634
'18UI',6902,55038,64434
'18UI',6902,55038,71334
'18UI',6902,55038,74134
'18UI',6902,55038,80934
'18UI',6902,55038,83734
'18UI',6902,55038,90934
'18UI',6902,55038,93934
'18UI',6902,55038,100734
'18UI',6902,55038,102734
'18UI',6902,55038,104817
'18UI',6902,55038,110917
'18UI',6902,55038,112917
'18UI',6902,55038,114917
'18UI',6902,55038,120917
'18UI',6902,55038,122917
'18UI',6902,55038,124917
'18UI',6902,55038,130917
'18UI',6902,55038,132917
'18UI',6902,55038,134417
'18UI',6902,55038,135917
'18UI',6902,55038,141417
'18UI',6902,55038,142917
'18UI',6902,55038,144417
'18UI',6902,55038,145917
'18UI',6902,55038,151417
'18UI',6902,55038,152917
'18UI',6902,55038,154917
'18UI',6902,55038,160917
'18UI',6902,55038,162917
'18UI',6902,55038,164917
'18UI',6902,55038,170917
'18UI',6902,55038,172917
'18UI',6902,55038,174917
'18UI',6902,55038,181317
'18UI',6902,55038,183717
'18UI',6902,55038,185934
'18UI',6902,55038,192634
'18UI',6902,55038,195234
'18UI',6902,55038,201834
'18UI',6902,55038,204334
'18UI',6902,55038,210734
'18UI',6902,55038,213934
'18UI',6902,55038,220934
'18UI',6902,55038,223834
'18UI',6902,55038,230834
'18UI',6902,55038,233834
'18UI',6902,55038,240634
'18UI',6902,55038,243534
'18UI',6902,55038,250834
'18US',6902,55038,50434
'18US',6902,55038,52634
'18US',6902,55038,55017
'18US',6902,55038,61417
'18US',6902,55038,62717
'18US',6902,55038,63717
'18US',6902,55038,64617
'18US',6902,55038,65617
'18US',6902,55038,70617
'18US',6902,55038,71917
'18US',6902,55038,73017
'18US',6902,55038,74017
'18US',6902,55038,75017
'18US',6902,55038,80017
'18US',6902,55038,80917
'18US',6902,55038,81917
'18US',6902,55038,82917
'18US',6902,55038,83917
'18US',6902,55038,84717
'18US',6902,55038,85717
'18US',6902,55038,90717
'18US',6902,55038,91717
'18US',6902,55038,92717
'18US',6902,55038,93717
'18US',6902,55038,94717
'18US',6902,55038,95717
'18US',6902,55038,100617
'18US',6902,55038,101617
'18US',6902,55038,102617
'18US',6902,55038,103617
'18US',6902,55038,104617
'18US',6902,55038,105617
'18US',6902,55038,110617
'18US',6902,55038,111617
'18US',6902,55038,112617
'18US',6902,55038,113517
'18US',6902,55038,114417
'18US',6902,55038,115417
'18US',6902,55038,120417
'18US',6902,55038,121417
'18US',6902,55038,122417
'18US',6902,55038,123417
'18US',6902,55038,124417
'18US',6902,55038,125417
'18US',6902,55038,130417
'18US',6902,55038,131417
'18US',6902,55038,132417
'18US',6902,55038,133417
'18US',6902,55038,134417
'18US',6902,55038,135417
'18US',6902,55038,140417
'18US',6902,55038,141417
'18US',6902,55038,142417
'18US',6902,55038,143417
'18US',6902,55038,144517
'18US',6902,55038,145517
'18US',6902,55038,150517
'18US',6902,55038,151600
'18US',6902,55038,152643
'18US',6902,55038,153743
'18US',6902,55038,154743
'18US',6902,55038,155743
'18US',6902,55038,160743
'18US',6902,55038,161743
'18US',6902,55038,162743
'18US',6902,55038,163743
'18US',6902,55038,164743
'18US',6902,55038,165743
'18US',6902,55038,170743
'18US',6902,55038,171743
'18US',6902,55038,172743
'18US',6902,55038,173743
'18US',6902,55038,174743
'18US',6902,55038,175743
'18US',6902,55038,180743
'18US',6902,55038,181700
'18US',6902,55038,182517
'18US',6902,55038,183417
'18US',6902,55038,184317
'18US',6902,55038,185317
'18US',6902,55038,190317
'18US',6902,55038,191317
'18US',6902,55038,192117
'18US',6902,55038,193117
'18US',6902,55038,194117
'18US',6902,55038,195117
'18US',6902,55038,200117
'18US',6902,55038,201117
'18US',6902,55038,202117
'18US',6902,55038,203117
'18US',6902,55038,204117
'18US',6902,55038,205117
'18US',6902,55038,210117
'18US',6902,55038,211117
'18US',6902,55038,212917
'18US',6902,55038,215917
'18US',6902,55038,223034
'18US',6902,55038,230234
'18US',6902,55038,233234
'18US',6902,55038,240434
'18US',6902,55038,243434
'18US',6902,55038,250734
'18UA',38002,55038,262251
'18UA',38002,55038,270751
'18UA',38002,55038,275251
'18UA',38002,55038,283751
'18UF1',38002,55038,262251
'18UF1',38002,55038,270751
'18UF1',38002,55038,275251
'18UF1',38002,55038,283751
'18UF2',38002,55038,262251
'18UF2',38002,55038,270751
'18UF2',38002,55038,275251
'18UF2',38002,55038,283751
'18UI',38002,55038,260305
'18UI',38002,55038,264805
'18UI',38002,55038,273305
'18UI',38002,55038,281951
'18UI',38002,55038,283751
'18UI',38002,55038,285251
'18UI',38002,55038,290451
'18US',38002,55038,260538
'18US',38002,55038,264938
'18US',38002,55038,273438
'18US',38002,55038,282224
'18US',38002,55038,284124
'18US',38002,55038,285624
'18US',38002,55038,290624
