'18MF1',18801,54876,60612
'18MF1',18801,54876,64512
'18MF1',18801,54876,71812
'18MF1',18801,54876,75312
'18MF1',18801,54876,83128
'18MF1',18801,54876,90828
'18MF1',18801,54876,94028
'18MF2',18801,54876,60612
'18MF2',18801,54876,64512
'18MF2',18801,54876,71812
'18MF2',18801,54876,75312
'18MF2',18801,54876,83128
'18MF2',18801,54876,90828
'18MF2',18801,54876,94028
'18MS',18801,54876,60612
'18MS',18801,54876,64512
'18MS',18801,54876,71812
'18MS',18801,54876,75412
'18MS',18801,54876,83128
'18MS',18801,54876,90928
'18MS',18801,54876,94028
