'17MA',20202,57480,61644
'17MA',20202,57480,63944
'17MA',20202,57480,70344
'17MA',20202,57480,72744
'17MA',20202,57480,75144
'17MA',20202,57480,81844
'17MA',20202,57480,84744
'17MA',20202,57480,91744
'17MA',20202,57480,94744
'17MA',20202,57480,101744
'17MA',20202,57480,104744
'17MA',20202,57480,111744
'17MA',20202,57480,114516
'17MA',20202,57480,121116
'17MA',20202,57480,123816
'17MA',20202,57480,130416
'17MA',20202,57480,133016
'17MA',20202,57480,135416
'17MA',20202,57480,141616
'17MA',20202,57480,143816
'17MA',20202,57480,150116
'17MA',20202,57480,152616
'17MA',20202,57480,155216
'17MA',20202,57480,161816
'17MA',20202,57480,164716
'17MA',20202,57480,171716
'17MA',20202,57480,174716
'17MA',20202,57480,181716
'17MA',20202,57480,184816
'17MA',20202,57480,191816
'17MA',20202,57480,194716
'17MA',20202,57480,201513
'17MA',20202,57480,204441
'17MA',20202,57480,211441
'17MA',20202,57480,214441
'17MA',20202,57480,221441
'17MA',20202,57480,224441
'17MA',20202,57480,231441
'17MA',20202,57480,234441
'17MA',20202,57480,241441
'17MF1',20202,57480,61644
'17MF1',20202,57480,63944
'17MF1',20202,57480,70344
'17MF1',20202,57480,72744
'17MF1',20202,57480,75144
'17MF1',20202,57480,81844
'17MF1',20202,57480,84744
'17MF1',20202,57480,91744
'17MF1',20202,57480,94744
'17MF1',20202,57480,101744
'17MF1',20202,57480,104744
'17MF1',20202,57480,111744
'17MF1',20202,57480,114516
'17MF1',20202,57480,121116
'17MF1',20202,57480,123816
'17MF1',20202,57480,130416
'17MF1',20202,57480,133016
'17MF1',20202,57480,135416
'17MF1',20202,57480,141616
'17MF1',20202,57480,143816
'17MF1',20202,57480,150116
'17MF1',20202,57480,152616
'17MF1',20202,57480,155216
'17MF1',20202,57480,161816
'17MF1',20202,57480,164716
'17MF1',20202,57480,171716
'17MF1',20202,57480,174716
'17MF1',20202,57480,181716
'17MF1',20202,57480,184816
'17MF1',20202,57480,191816
'17MF1',20202,57480,194716
'17MF1',20202,57480,201513
'17MF1',20202,57480,204441
'17MF1',20202,57480,211441
'17MF1',20202,57480,214441
'17MF1',20202,57480,221441
'17MF1',20202,57480,224441
'17MF1',20202,57480,231441
'17MF1',20202,57480,234441
'17MF1',20202,57480,241613
'17MF2',20202,57480,61644
'17MF2',20202,57480,63944
'17MF2',20202,57480,70344
'17MF2',20202,57480,72744
'17MF2',20202,57480,75144
'17MF2',20202,57480,81844
'17MF2',20202,57480,84744
'17MF2',20202,57480,91744
'17MF2',20202,57480,94744
'17MF2',20202,57480,101744
'17MF2',20202,57480,104744
'17MF2',20202,57480,111744
'17MF2',20202,57480,114516
'17MF2',20202,57480,121116
'17MF2',20202,57480,123816
'17MF2',20202,57480,130416
'17MF2',20202,57480,133016
'17MF2',20202,57480,135416
'17MF2',20202,57480,141616
'17MF2',20202,57480,143816
'17MF2',20202,57480,150116
'17MF2',20202,57480,152616
'17MF2',20202,57480,155216
'17MF2',20202,57480,161816
'17MF2',20202,57480,164716
'17MF2',20202,57480,171716
'17MF2',20202,57480,174716
'17MF2',20202,57480,181716
'17MF2',20202,57480,184816
'17MF2',20202,57480,191816
'17MF2',20202,57480,194716
'17MF2',20202,57480,201513
'17MF2',20202,57480,204441
'17MF2',20202,57480,211441
'17MF2',20202,57480,214441
'17MF2',20202,57480,221441
'17MF2',20202,57480,224441
'17MF2',20202,57480,231441
'17MF2',20202,57480,234441
'17MF2',20202,57480,241613
'17MF3',20202,57480,61644
'17MF3',20202,57480,63944
'17MF3',20202,57480,70344
'17MF3',20202,57480,72744
'17MF3',20202,57480,75144
'17MF3',20202,57480,81844
'17MF3',20202,57480,84744
'17MF3',20202,57480,91744
'17MF3',20202,57480,94744
'17MF3',20202,57480,101744
'17MF3',20202,57480,104744
'17MF3',20202,57480,111744
'17MF3',20202,57480,114516
'17MF3',20202,57480,121116
'17MF3',20202,57480,123816
'17MF3',20202,57480,130416
'17MF3',20202,57480,133016
'17MF3',20202,57480,135416
'17MF3',20202,57480,141616
'17MF3',20202,57480,143816
'17MF3',20202,57480,150116
'17MF3',20202,57480,152616
'17MF3',20202,57480,155216
'17MF3',20202,57480,161816
'17MF3',20202,57480,164716
'17MF3',20202,57480,171716
'17MF3',20202,57480,174716
'17MF3',20202,57480,181716
'17MF3',20202,57480,184816
'17MF3',20202,57480,191816
'17MF3',20202,57480,194716
'17MF3',20202,57480,201513
'17MF3',20202,57480,204441
'17MF3',20202,57480,211441
'17MF3',20202,57480,214441
'17MF3',20202,57480,221441
'17MF3',20202,57480,224441
'17MF3',20202,57480,231441
'17MF3',20202,57480,234441
'17MF3',20202,57480,241613
'17MI',20202,57480,71613
'17MI',20202,57480,74613
'17MI',20202,57480,81613
'17MI',20202,57480,84613
'17MI',20202,57480,91613
'17MI',20202,57480,94613
'17MI',20202,57480,101613
'17MI',20202,57480,104613
'17MI',20202,57480,111613
'17MI',20202,57480,114613
'17MI',20202,57480,121613
'17MI',20202,57480,124613
'17MI',20202,57480,131613
'17MI',20202,57480,134713
'17MI',20202,57480,141813
'17MI',20202,57480,144913
'17MI',20202,57480,151913
'17MI',20202,57480,154913
'17MI',20202,57480,161913
'17MI',20202,57480,164913
'17MI',20202,57480,171913
'17MI',20202,57480,174913
'17MI',20202,57480,181913
'17MI',20202,57480,184813
'17MI',20202,57480,191713
'17MI',20202,57480,194613
'17MI',20202,57480,201613
'17MI',20202,57480,204613
'17MI',20202,57480,211613
'17MI',20202,57480,214613
'17MI',20202,57480,221613
'17MI',20202,57480,224613
'17MI',20202,57480,231613
'17MI',20202,57480,234613
'17MI',20202,57480,241613
'17MS',20202,57480,55744
'17MS',20202,57480,63016
'17MS',20202,57480,70447
'17MS',20202,57480,73647
'17MS',20202,57480,80947
'17MS',20202,57480,83947
'17MS',20202,57480,90016
'17MS',20202,57480,91916
'17MS',20202,57480,94016
'17MS',20202,57480,100116
'17MS',20202,57480,102216
'17MS',20202,57480,104216
'17MS',20202,57480,110216
'17MS',20202,57480,112316
'17MS',20202,57480,114416
'17MS',20202,57480,120816
'17MS',20202,57480,123316
'17MS',20202,57480,125816
'17MS',20202,57480,132116
'17MS',20202,57480,134416
'17MS',20202,57480,140616
'17MS',20202,57480,142716
'17MS',20202,57480,144847
'17MS',20202,57480,150947
'17MS',20202,57480,153147
'17MS',20202,57480,155351
'17MS',20202,57480,161551
'17MS',20202,57480,163751
'17MS',20202,57480,170051
'17MS',20202,57480,172451
'17MS',20202,57480,174819
'17MS',20202,57480,181119
'17MS',20202,57480,183719
'17MS',20202,57480,190147
'17MS',20202,57480,192847
'17MS',20202,57480,195547
'17MS',20202,57480,202347
'17MS',20202,57480,205216
'17MS',20202,57480,212216
'17MS',20202,57480,215216
'17MS',20202,57480,222216
'17MS',20202,57480,225216
'17MS',20202,57480,232116
'17MS',20202,57480,234844
'17MS',20202,57480,241544
'17MA',37802,57480,270021
'17MA',37802,57480,274733
'17MA',37802,57480,283833
'17MF1',37802,57480,265546
'17MF1',37802,57480,274646
'17MF1',37802,57480,283646
'17MF2',37802,57480,265510
'17MF2',37802,57480,274610
'17MF2',37802,57480,283646
'17MF3',37802,57480,265546
'17MF3',37802,57480,274646
'17MF3',37802,57480,283646
'17MI',37802,57480,265546
'17MI',37802,57480,274646
'17MI',37802,57480,283646
'17MS',37802,57480,265510
'17MS',37802,57480,274610
'17MS',37802,57480,283610
'17MF1',46002,57480,55946
'17MF1',46002,57480,61446
'17MF1',46002,57480,63133
'17MF1',46002,57480,64733
'17MF1',46002,57480,70933
'17MF1',46002,57480,72033
'17MF1',46002,57480,73033
'17MF1',46002,57480,74033
'17MF1',46002,57480,75133
'17MF1',46002,57480,80233
'17MF1',46002,57480,81233
'17MF1',46002,57480,82221
'17MF1',46002,57480,83221
'17MF1',46002,57480,84221
'17MF1',46002,57480,85521
'17MF1',46002,57480,91146
'17MF1',46002,57480,93146
'17MF1',46002,57480,94446
'17MF1',46002,57480,100446
'17MF1',46002,57480,102446
'17MF2',46002,57480,55946
'17MF2',46002,57480,61446
'17MF2',46002,57480,63133
'17MF2',46002,57480,64733
'17MF2',46002,57480,70933
'17MF2',46002,57480,72033
'17MF2',46002,57480,73033
'17MF2',46002,57480,74033
'17MF2',46002,57480,75133
'17MF2',46002,57480,80233
'17MF2',46002,57480,81233
'17MF2',46002,57480,82221
'17MF2',46002,57480,83221
'17MF2',46002,57480,84221
'17MF2',46002,57480,85521
'17MF2',46002,57480,91146
'17MF2',46002,57480,93146
'17MF2',46002,57480,94446
'17MF2',46002,57480,100446
'17MF2',46002,57480,102446
'17MS',46002,57480,55933
'17MS',46002,57480,60133
'17MS',46002,57480,60433
'17MS',46002,57480,60633
'17MS',46002,57480,60933
'17MS',46002,57480,61433
'17MS',46002,57480,62033
'17MS',46002,57480,62533
'17MS',46002,57480,63133
'17MS',46002,57480,63633
'17MS',46002,57480,64033
'17MS',46002,57480,64533
'17MS',46002,57480,65033
'17MS',46002,57480,70233
'17MS',46002,57480,70533
'17MS',46002,57480,70833
'17MS',46002,57480,71133
'17MS',46002,57480,71433
'17MS',46002,57480,72033
'17MS',46002,57480,72333
'17MS',46002,57480,72633
'17MS',46002,57480,73233
'17MS',46002,57480,73433
'17MS',46002,57480,73733
'17MS',46002,57480,73933
'17MS',46002,57480,74233
'17MS',46002,57480,74833
'17MS',46002,57480,75133
'17MS',46002,57480,75333
'17MS',46002,57480,75633
'17MS',46002,57480,75933
'17MS',46002,57480,80233
'17MS',46002,57480,80433
'17MS',46002,57480,80633
'17MS',46002,57480,81033
'17MS',46002,57480,81233
'17MS',46002,57480,81533
'17MS',46002,57480,81733
'17MS',46002,57480,82133
'17MS',46002,57480,82333
'17MS',46002,57480,82533
'17MS',46002,57480,82733
'17MS',46002,57480,83133
'17MS',46002,57480,83333
'17MS',46002,57480,83833
'17MS',46002,57480,84133
'17MS',46002,57480,84633
'17MS',46002,57480,84933
'17MS',46002,57480,90033
'17MS',46002,57480,91146
'17MS',46002,57480,93146
'17MS',46002,57480,94446
'17MS',46002,57480,100446
'17MS',46002,57480,102446
