'16SA',6901,50514,53739
'16SA',6901,50514,60739
'16SA',6901,50514,63739
'16SA',6901,50514,71039
'16SA',6901,50514,74039
'16SA',6901,50514,81039
'16SA',6901,50514,84039
'16SA',6901,50514,90935
'16SA',6901,50514,93035
'16SA',6901,50514,95035
'16SA',6901,50514,101135
'16SA',6901,50514,103135
'16SA',6901,50514,105335
'16SA',6901,50514,111535
'16SA',6901,50514,113135
'16SA',6901,50514,114635
'16SA',6901,50514,120135
'16SA',6901,50514,121735
'16SA',6901,50514,123235
'16SA',6901,50514,124735
'16SA',6901,50514,130235
'16SA',6901,50514,131735
'16SA',6901,50514,133235
'16SA',6901,50514,134735
'16SA',6901,50514,140235
'16SA',6901,50514,141735
'16SA',6901,50514,143235
'16SA',6901,50514,144735
'16SA',6901,50514,150335
'16SA',6901,50514,151835
'16SA',6901,50514,153335
'16SA',6901,50514,154835
'16SA',6901,50514,160235
'16SA',6901,50514,161735
'16SA',6901,50514,163235
'16SA',6901,50514,164735
'16SA',6901,50514,170235
'16SA',6901,50514,171735
'16SA',6901,50514,173239
'16SA',6901,50514,174835
'16SA',6901,50514,180039
'16SA',6901,50514,181139
'16SA',6901,50514,182339
'16SA',6901,50514,183539
'16SA',6901,50514,184939
'16SA',6901,50514,190839
'16SA',6901,50514,192839
'16SA',6901,50514,195039
'16SA',6901,50514,201839
'16SA',6901,50514,204839
'16SA',6901,50514,211839
'16SA',6901,50514,214939
'16SA',6901,50514,222039
'16SA',6901,50514,225039
'16SA',6901,50514,231939
'16SA',6901,50514,234839
'16SA',6901,50514,241739
'16SA',6901,50514,244739
'16SA',6901,50514,251539
'16SA',6901,50514,254239
'16SA',6901,50514,260539
'16SF1',6901,50514,53739
'16SF1',6901,50514,60739
'16SF1',6901,50514,63739
'16SF1',6901,50514,71039
'16SF1',6901,50514,74039
'16SF1',6901,50514,81039
'16SF1',6901,50514,84039
'16SF1',6901,50514,90935
'16SF1',6901,50514,93035
'16SF1',6901,50514,95035
'16SF1',6901,50514,101135
'16SF1',6901,50514,103135
'16SF1',6901,50514,105335
'16SF1',6901,50514,111535
'16SF1',6901,50514,113135
'16SF1',6901,50514,114635
'16SF1',6901,50514,120135
'16SF1',6901,50514,121735
'16SF1',6901,50514,123235
'16SF1',6901,50514,124735
'16SF1',6901,50514,130235
'16SF1',6901,50514,131735
'16SF1',6901,50514,133235
'16SF1',6901,50514,134735
'16SF1',6901,50514,140235
'16SF1',6901,50514,141735
'16SF1',6901,50514,143235
'16SF1',6901,50514,144735
'16SF1',6901,50514,150335
'16SF1',6901,50514,151835
'16SF1',6901,50514,153335
'16SF1',6901,50514,154835
'16SF1',6901,50514,160235
'16SF1',6901,50514,161735
'16SF1',6901,50514,163235
'16SF1',6901,50514,164735
'16SF1',6901,50514,170235
'16SF1',6901,50514,171735
'16SF1',6901,50514,173239
'16SF1',6901,50514,174835
'16SF1',6901,50514,180039
'16SF1',6901,50514,181139
'16SF1',6901,50514,182339
'16SF1',6901,50514,183539
'16SF1',6901,50514,184939
'16SF1',6901,50514,190839
'16SF1',6901,50514,192839
'16SF1',6901,50514,195039
'16SF1',6901,50514,201839
'16SF1',6901,50514,204839
'16SF1',6901,50514,211839
'16SF1',6901,50514,214939
'16SF1',6901,50514,222039
'16SF1',6901,50514,225039
'16SF1',6901,50514,231939
'16SF1',6901,50514,234839
'16SF1',6901,50514,241739
'16SF1',6901,50514,244739
'16SF1',6901,50514,251539
'16SF1',6901,50514,254239
'16SF1',6901,50514,260539
'16SF2',6901,50514,53739
'16SF2',6901,50514,60739
'16SF2',6901,50514,63739
'16SF2',6901,50514,71039
'16SF2',6901,50514,74039
'16SF2',6901,50514,81039
'16SF2',6901,50514,84039
'16SF2',6901,50514,90935
'16SF2',6901,50514,93035
'16SF2',6901,50514,95035
'16SF2',6901,50514,101135
'16SF2',6901,50514,103135
'16SF2',6901,50514,105335
'16SF2',6901,50514,111535
'16SF2',6901,50514,113135
'16SF2',6901,50514,114635
'16SF2',6901,50514,120135
'16SF2',6901,50514,121735
'16SF2',6901,50514,123235
'16SF2',6901,50514,124735
'16SF2',6901,50514,130235
'16SF2',6901,50514,131735
'16SF2',6901,50514,133235
'16SF2',6901,50514,134735
'16SF2',6901,50514,140235
'16SF2',6901,50514,141735
'16SF2',6901,50514,143235
'16SF2',6901,50514,144735
'16SF2',6901,50514,150335
'16SF2',6901,50514,151835
'16SF2',6901,50514,153335
'16SF2',6901,50514,154835
'16SF2',6901,50514,160235
'16SF2',6901,50514,161735
'16SF2',6901,50514,163235
'16SF2',6901,50514,164735
'16SF2',6901,50514,170235
'16SF2',6901,50514,171735
'16SF2',6901,50514,173239
'16SF2',6901,50514,174835
'16SF2',6901,50514,180039
'16SF2',6901,50514,181139
'16SF2',6901,50514,182339
'16SF2',6901,50514,183539
'16SF2',6901,50514,184939
'16SF2',6901,50514,190839
'16SF2',6901,50514,192839
'16SF2',6901,50514,195039
'16SF2',6901,50514,201839
'16SF2',6901,50514,204839
'16SF2',6901,50514,211839
'16SF2',6901,50514,214939
'16SF2',6901,50514,222039
'16SF2',6901,50514,225039
'16SF2',6901,50514,231939
'16SF2',6901,50514,234839
'16SF2',6901,50514,241739
'16SF2',6901,50514,244739
'16SF2',6901,50514,251539
'16SF2',6901,50514,254239
'16SF2',6901,50514,260539
'16SI',6901,50514,53243
'16SI',6901,50514,60839
'16SI',6901,50514,64439
'16SI',6901,50514,71839
'16SI',6901,50514,75339
'16SI',6901,50514,82139
'16SI',6901,50514,84939
'16SI',6901,50514,91439
'16SI',6901,50514,93939
'16SI',6901,50514,100735
'16SI',6901,50514,103135
'16SI',6901,50514,105535
'16SI',6901,50514,111835
'16SI',6901,50514,114035
'16SI',6901,50514,120035
'16SI',6901,50514,121735
'16SI',6901,50514,123335
'16SI',6901,50514,124835
'16SI',6901,50514,130335
'16SI',6901,50514,131835
'16SI',6901,50514,133535
'16SI',6901,50514,135435
'16SI',6901,50514,141435
'16SI',6901,50514,143435
'16SI',6901,50514,145435
'16SI',6901,50514,151435
'16SI',6901,50514,153335
'16SI',6901,50514,154835
'16SI',6901,50514,160335
'16SI',6901,50514,161835
'16SI',6901,50514,163335
'16SI',6901,50514,164835
'16SI',6901,50514,170235
'16SI',6901,50514,171735
'16SI',6901,50514,173235
'16SI',6901,50514,174735
'16SI',6901,50514,180335
'16SI',6901,50514,181935
'16SI',6901,50514,183535
'16SI',6901,50514,185235
'16SI',6901,50514,191235
'16SI',6901,50514,193039
'16SI',6901,50514,194939
'16SI',6901,50514,201439
'16SI',6901,50514,204539
'16SI',6901,50514,211639
'16SI',6901,50514,214739
'16SI',6901,50514,221839
'16SI',6901,50514,224839
'16SI',6901,50514,231839
'16SI',6901,50514,234739
'16SI',6901,50514,241239
'16SI',6901,50514,244039
'16SI',6901,50514,250639
'16SI',6901,50514,253339
'16SS',6901,50514,52639
'16SS',6901,50514,55735
'16SS',6901,50514,62635
'16SS',6901,50514,64435
'16SS',6901,50514,65435
'16SS',6901,50514,70435
'16SS',6901,50514,71735
'16SS',6901,50514,72935
'16SS',6901,50514,73935
'16SS',6901,50514,74735
'16SS',6901,50514,75535
'16SS',6901,50514,80235
'16SS',6901,50514,80935
'16SS',6901,50514,81435
'16SS',6901,50514,81935
'16SS',6901,50514,82435
'16SS',6901,50514,83235
'16SS',6901,50514,83935
'16SS',6901,50514,84835
'16SS',6901,50514,85635
'16SS',6901,50514,90535
'16SS',6901,50514,91335
'16SS',6901,50514,92235
'16SS',6901,50514,93035
'16SS',6901,50514,93835
'16SS',6901,50514,94835
'16SS',6901,50514,95835
'16SS',6901,50514,100835
'16SS',6901,50514,101835
'16SS',6901,50514,102835
'16SS',6901,50514,103835
'16SS',6901,50514,104835
'16SS',6901,50514,105835
'16SS',6901,50514,110835
'16SS',6901,50514,111835
'16SS',6901,50514,112735
'16SS',6901,50514,113635
'16SS',6901,50514,114635
'16SS',6901,50514,115635
'16SS',6901,50514,120635
'16SS',6901,50514,121635
'16SS',6901,50514,122635
'16SS',6901,50514,123635
'16SS',6901,50514,124635
'16SS',6901,50514,125635
'16SS',6901,50514,130635
'16SS',6901,50514,131635
'16SS',6901,50514,132635
'16SS',6901,50514,133535
'16SS',6901,50514,134535
'16SS',6901,50514,135535
'16SS',6901,50514,140535
'16SS',6901,50514,141535
'16SS',6901,50514,142535
'16SS',6901,50514,143535
'16SS',6901,50514,144535
'16SS',6901,50514,145535
'16SS',6901,50514,150631
'16SS',6901,50514,151631
'16SS',6901,50514,152631
'16SS',6901,50514,153631
'16SS',6901,50514,154731
'16SS',6901,50514,155531
'16SS',6901,50514,160231
'16SS',6901,50514,161031
'16SS',6901,50514,162031
'16SS',6901,50514,163031
'16SS',6901,50514,164031
'16SS',6901,50514,165031
'16SS',6901,50514,170031
'16SS',6901,50514,171031
'16SS',6901,50514,172031
'16SS',6901,50514,172831
'16SS',6901,50514,173531
'16SS',6901,50514,174331
'16SS',6901,50514,175131
'16SS',6901,50514,180031
'16SS',6901,50514,180935
'16SS',6901,50514,181935
'16SS',6901,50514,182935
'16SS',6901,50514,183935
'16SS',6901,50514,184935
'16SS',6901,50514,185935
'16SS',6901,50514,190835
'16SS',6901,50514,191835
'16SS',6901,50514,192835
'16SS',6901,50514,193835
'16SS',6901,50514,194835
'16SS',6901,50514,195835
'16SS',6901,50514,200835
'16SS',6901,50514,201735
'16SS',6901,50514,202635
'16SS',6901,50514,203535
'16SS',6901,50514,204535
'16SS',6901,50514,205535
'16SS',6901,50514,210535
'16SS',6901,50514,211535
'16SS',6901,50514,212535
'16SS',6901,50514,214535
'16SS',6901,50514,220139
'16SS',6901,50514,222139
'16SS',6901,50514,224339
'16SS',6901,50514,231439
'16SS',6901,50514,234539
'16SS',6901,50514,241239
'16SS',6901,50514,244239
'16SS',6901,50514,251239
'16SS',6901,50514,253839
'16SA',38001,50514,262910
'16SA',38001,50514,271610
'16SA',38001,50514,280110
'16SA',38001,50514,282510
'16SA',38001,50514,284610
'16SF1',38001,50514,253825
'16SF1',38001,50514,262325
'16SF1',38001,50514,270625
'16SF1',38001,50514,275125
'16SF1',38001,50514,283625
'16SF2',38001,50514,253825
'16SF2',38001,50514,262325
'16SF2',38001,50514,270625
'16SF2',38001,50514,275125
'16SF2',38001,50514,283625
'16SI',38001,50514,253825
'16SI',38001,50514,262325
'16SI',38001,50514,270625
'16SI',38001,50514,275125
'16SI',38001,50514,283625
'16SS',38001,50514,255454
'16SS',38001,50514,263754
'16SS',38001,50514,272254
'16SS',38001,50514,274454
'16SS',38001,50514,280754
'16SS',38001,50514,285254
