'16SS',4101,51656,60702
'16SS',4101,51656,62702
'16SS',4101,51656,64702
'16SS',4101,51656,70602
'16SS',4101,51656,73048
'16SS',4101,51656,75148
'16SS',4101,51656,81248
'16SS',4101,51656,83348
'16SS',4101,51656,85448
'16SS',4101,51656,91502
'16SS',4101,51656,93302
'16SS',4101,51656,95302
'16SS',4101,51656,101302
'16SS',4101,51656,103302
'16SS',4101,51656,105302
'16SS',4101,51656,111448
'16SS',4101,51656,113533
'16SS',4101,51656,115533
'16SS',4101,51656,121633
'16SS',4101,51656,123733
'16SS',4101,51656,125833
'16SS',4101,51656,131933
'16SS',4101,51656,134033
'16SS',4101,51656,140133
'16SS',4101,51656,142233
'16SS',4101,51656,144333
'16SS',4101,51656,150433
'16SS',4101,51656,152833
'16SS',4101,51656,155118
'16SS',4101,51656,161418
'16SS',4101,51656,163518
'16SS',4101,51656,165618
'16SS',4101,51656,171818
'16SS',4101,51656,174033
'16SS',4101,51656,180148
'16SS',4101,51656,182248
'16SS',4101,51656,184348
'16SS',4101,51656,190302
'16SS',4101,51656,192102
'16SS',4101,51656,194102
'16SS',4101,51656,195817
'16SS',4101,51656,201717
'16SS',4101,51656,203617
'16SS',4101,51656,205717
'16SS',4101,51656,211817
'16SS',4101,51656,214017
'16SA',13903,51656,53029
'16SA',13903,51656,55929
'16SA',13903,51656,62729
'16SA',13903,51656,65629
'16SA',13903,51656,72529
'16SA',13903,51656,75729
'16SA',13903,51656,82629
'16SA',13903,51656,84729
'16SA',13903,51656,90629
'16SA',13903,51656,92529
'16SA',13903,51656,94429
'16SA',13903,51656,100359
'16SA',13903,51656,102259
'16SA',13903,51656,104059
'16SA',13903,51656,105459
'16SA',13903,51656,110459
'16SA',13903,51656,111459
'16SA',13903,51656,112459
'16SA',13903,51656,113459
'16SA',13903,51656,114459
'16SA',13903,51656,115459
'16SA',13903,51656,120459
'16SA',13903,51656,121459
'16SA',13903,51656,122459
'16SA',13903,51656,123259
'16SA',13903,51656,124059
'16SA',13903,51656,124859
'16SA',13903,51656,125659
'16SA',13903,51656,130459
'16SA',13903,51656,131259
'16SA',13903,51656,132059
'16SA',13903,51656,132859
'16SA',13903,51656,133659
'16SA',13903,51656,134459
'16SA',13903,51656,135159
'16SA',13903,51656,135959
'16SA',13903,51656,140759
'16SA',13903,51656,141559
'16SA',13903,51656,142159
'16SA',13903,51656,142759
'16SA',13903,51656,143459
'16SA',13903,51656,144059
'16SA',13903,51656,144759
'16SA',13903,51656,145559
'16SA',13903,51656,150359
'16SA',13903,51656,150959
'16SA',13903,51656,151559
'16SA',13903,51656,152159
'16SA',13903,51656,152759
'16SA',13903,51656,153459
'16SA',13903,51656,154159
'16SA',13903,51656,154859
'16SA',13903,51656,155559
'16SA',13903,51656,160259
'16SA',13903,51656,160859
'16SA',13903,51656,161459
'16SA',13903,51656,162059
'16SA',13903,51656,162659
'16SA',13903,51656,163259
'16SA',13903,51656,163759
'16SA',13903,51656,164259
'16SA',13903,51656,164759
'16SA',13903,51656,165259
'16SA',13903,51656,165759
'16SA',13903,51656,170359
'16SA',13903,51656,170959
'16SA',13903,51656,171559
'16SA',13903,51656,172159
'16SA',13903,51656,172759
'16SA',13903,51656,173259
'16SA',13903,51656,173759
'16SA',13903,51656,174259
'16SA',13903,51656,174759
'16SA',13903,51656,175359
'16SA',13903,51656,175859
'16SA',13903,51656,180359
'16SA',13903,51656,180959
'16SA',13903,51656,181559
'16SA',13903,51656,182159
'16SA',13903,51656,182729
'16SA',13903,51656,183329
'16SA',13903,51656,183929
'16SA',13903,51656,184629
'16SA',13903,51656,185329
'16SA',13903,51656,190029
'16SA',13903,51656,190729
'16SA',13903,51656,191429
'16SA',13903,51656,192329
'16SA',13903,51656,193329
'16SA',13903,51656,194329
'16SA',13903,51656,195329
'16SA',13903,51656,200329
'16SA',13903,51656,201429
'16SA',13903,51656,202629
'16SA',13903,51656,203829
'16SA',13903,51656,205029
'16SA',13903,51656,210229
'16SA',13903,51656,211429
'16SA',13903,51656,212829
'16SA',13903,51656,214229
'16SA',13903,51656,215629
'16SA',13903,51656,220829
'16SA',13903,51656,222029
'16SA',13903,51656,223129
'16SA',13903,51656,224229
'16SA',13903,51656,225429
'16SA',13903,51656,230629
'16SA',13903,51656,232029
'16SA',13903,51656,233429
'16SA',13903,51656,234929
'16SA',13903,51656,240229
'16SA',13903,51656,241729
'16SA',13903,51656,243229
'16SA',13903,51656,244929
'16SA',13903,51656,251229
'16SA',13903,51656,253629
'16SA',13903,51656,260029
'16SF1',13903,51656,53029
'16SF1',13903,51656,55929
'16SF1',13903,51656,62729
'16SF1',13903,51656,65629
'16SF1',13903,51656,72529
'16SF1',13903,51656,75729
'16SF1',13903,51656,82629
'16SF1',13903,51656,84729
'16SF1',13903,51656,90629
'16SF1',13903,51656,92529
'16SF1',13903,51656,94429
'16SF1',13903,51656,100359
'16SF1',13903,51656,102259
'16SF1',13903,51656,104059
'16SF1',13903,51656,105459
'16SF1',13903,51656,110459
'16SF1',13903,51656,111459
'16SF1',13903,51656,112459
'16SF1',13903,51656,113459
'16SF1',13903,51656,114459
'16SF1',13903,51656,115459
'16SF1',13903,51656,120459
'16SF1',13903,51656,121459
'16SF1',13903,51656,122459
'16SF1',13903,51656,123259
'16SF1',13903,51656,124059
'16SF1',13903,51656,124859
'16SF1',13903,51656,125659
'16SF1',13903,51656,130459
'16SF1',13903,51656,131259
'16SF1',13903,51656,132059
'16SF1',13903,51656,132859
'16SF1',13903,51656,133659
'16SF1',13903,51656,134459
'16SF1',13903,51656,135159
'16SF1',13903,51656,135959
'16SF1',13903,51656,140759
'16SF1',13903,51656,141559
'16SF1',13903,51656,142159
'16SF1',13903,51656,142759
'16SF1',13903,51656,143459
'16SF1',13903,51656,144059
'16SF1',13903,51656,144759
'16SF1',13903,51656,145559
'16SF1',13903,51656,150359
'16SF1',13903,51656,150959
'16SF1',13903,51656,151559
'16SF1',13903,51656,152159
'16SF1',13903,51656,152759
'16SF1',13903,51656,153459
'16SF1',13903,51656,154159
'16SF1',13903,51656,154859
'16SF1',13903,51656,155559
'16SF1',13903,51656,160259
'16SF1',13903,51656,160859
'16SF1',13903,51656,161459
'16SF1',13903,51656,162059
'16SF1',13903,51656,162659
'16SF1',13903,51656,163259
'16SF1',13903,51656,163759
'16SF1',13903,51656,164259
'16SF1',13903,51656,164759
'16SF1',13903,51656,165259
'16SF1',13903,51656,165759
'16SF1',13903,51656,170359
'16SF1',13903,51656,170959
'16SF1',13903,51656,171559
'16SF1',13903,51656,172159
'16SF1',13903,51656,172759
'16SF1',13903,51656,173259
'16SF1',13903,51656,173759
'16SF1',13903,51656,174259
'16SF1',13903,51656,174759
'16SF1',13903,51656,175359
'16SF1',13903,51656,175859
'16SF1',13903,51656,180359
'16SF1',13903,51656,180959
'16SF1',13903,51656,181559
'16SF1',13903,51656,182159
'16SF1',13903,51656,182729
'16SF1',13903,51656,183329
'16SF1',13903,51656,183929
'16SF1',13903,51656,184629
'16SF1',13903,51656,185329
'16SF1',13903,51656,190029
'16SF1',13903,51656,190729
'16SF1',13903,51656,191429
'16SF1',13903,51656,192329
'16SF1',13903,51656,193329
'16SF1',13903,51656,194329
'16SF1',13903,51656,195329
'16SF1',13903,51656,200329
'16SF1',13903,51656,201429
'16SF1',13903,51656,202629
'16SF1',13903,51656,203829
'16SF1',13903,51656,205029
'16SF1',13903,51656,210229
'16SF1',13903,51656,211429
'16SF1',13903,51656,212829
'16SF1',13903,51656,214229
'16SF1',13903,51656,215629
'16SF1',13903,51656,220829
'16SF1',13903,51656,222029
'16SF1',13903,51656,223129
'16SF1',13903,51656,224229
'16SF1',13903,51656,225429
'16SF1',13903,51656,230629
'16SF1',13903,51656,232029
'16SF1',13903,51656,233429
'16SF1',13903,51656,234929
'16SF1',13903,51656,240229
'16SF1',13903,51656,241729
'16SF1',13903,51656,243229
'16SF1',13903,51656,244929
'16SF1',13903,51656,251229
'16SF1',13903,51656,253629
'16SF1',13903,51656,260029
'16SF2',13903,51656,53029
'16SF2',13903,51656,55929
'16SF2',13903,51656,62729
'16SF2',13903,51656,65629
'16SF2',13903,51656,72529
'16SF2',13903,51656,75729
'16SF2',13903,51656,82629
'16SF2',13903,51656,84729
'16SF2',13903,51656,90629
'16SF2',13903,51656,92529
'16SF2',13903,51656,94429
'16SF2',13903,51656,100359
'16SF2',13903,51656,102259
'16SF2',13903,51656,104059
'16SF2',13903,51656,105459
'16SF2',13903,51656,110459
'16SF2',13903,51656,111459
'16SF2',13903,51656,112459
'16SF2',13903,51656,113459
'16SF2',13903,51656,114459
'16SF2',13903,51656,115459
'16SF2',13903,51656,120459
'16SF2',13903,51656,121459
'16SF2',13903,51656,122459
'16SF2',13903,51656,123259
'16SF2',13903,51656,124059
'16SF2',13903,51656,124859
'16SF2',13903,51656,125659
'16SF2',13903,51656,130459
'16SF2',13903,51656,131259
'16SF2',13903,51656,132059
'16SF2',13903,51656,132859
'16SF2',13903,51656,133659
'16SF2',13903,51656,134459
'16SF2',13903,51656,135159
'16SF2',13903,51656,135959
'16SF2',13903,51656,140759
'16SF2',13903,51656,141559
'16SF2',13903,51656,142159
'16SF2',13903,51656,142759
'16SF2',13903,51656,143459
'16SF2',13903,51656,144059
'16SF2',13903,51656,144759
'16SF2',13903,51656,145559
'16SF2',13903,51656,150359
'16SF2',13903,51656,150959
'16SF2',13903,51656,151559
'16SF2',13903,51656,152159
'16SF2',13903,51656,152759
'16SF2',13903,51656,153459
'16SF2',13903,51656,154159
'16SF2',13903,51656,154859
'16SF2',13903,51656,155559
'16SF2',13903,51656,160259
'16SF2',13903,51656,160859
'16SF2',13903,51656,161459
'16SF2',13903,51656,162059
'16SF2',13903,51656,162659
'16SF2',13903,51656,163259
'16SF2',13903,51656,163759
'16SF2',13903,51656,164259
'16SF2',13903,51656,164759
'16SF2',13903,51656,165259
'16SF2',13903,51656,165759
'16SF2',13903,51656,170359
'16SF2',13903,51656,170959
'16SF2',13903,51656,171559
'16SF2',13903,51656,172159
'16SF2',13903,51656,172759
'16SF2',13903,51656,173259
'16SF2',13903,51656,173759
'16SF2',13903,51656,174259
'16SF2',13903,51656,174759
'16SF2',13903,51656,175359
'16SF2',13903,51656,175859
'16SF2',13903,51656,180359
'16SF2',13903,51656,180959
'16SF2',13903,51656,181559
'16SF2',13903,51656,182159
'16SF2',13903,51656,182729
'16SF2',13903,51656,183329
'16SF2',13903,51656,183929
'16SF2',13903,51656,184629
'16SF2',13903,51656,185329
'16SF2',13903,51656,190029
'16SF2',13903,51656,190729
'16SF2',13903,51656,191429
'16SF2',13903,51656,192329
'16SF2',13903,51656,193329
'16SF2',13903,51656,194329
'16SF2',13903,51656,195329
'16SF2',13903,51656,200329
'16SF2',13903,51656,201429
'16SF2',13903,51656,202629
'16SF2',13903,51656,203829
'16SF2',13903,51656,205029
'16SF2',13903,51656,210229
'16SF2',13903,51656,211429
'16SF2',13903,51656,212829
'16SF2',13903,51656,214229
'16SF2',13903,51656,215629
'16SF2',13903,51656,220829
'16SF2',13903,51656,222029
'16SF2',13903,51656,223129
'16SF2',13903,51656,224229
'16SF2',13903,51656,225429
'16SF2',13903,51656,230629
'16SF2',13903,51656,232029
'16SF2',13903,51656,233429
'16SF2',13903,51656,234929
'16SF2',13903,51656,240229
'16SF2',13903,51656,241729
'16SF2',13903,51656,243229
'16SF2',13903,51656,244929
'16SF2',13903,51656,251229
'16SF2',13903,51656,253629
'16SF2',13903,51656,260029
'16SI',13903,51656,52859
'16SI',13903,51656,60159
'16SI',13903,51656,63629
'16SI',13903,51656,70829
'16SI',13903,51656,73959
'16SI',13903,51656,81159
'16SI',13903,51656,83959
'16SI',13903,51656,90159
'16SI',13903,51656,92359
'16SI',13903,51656,94759
'16SI',13903,51656,100759
'16SI',13903,51656,102359
'16SI',13903,51656,103859
'16SI',13903,51656,105359
'16SI',13903,51656,110859
'16SI',13903,51656,112359
'16SI',13903,51656,113759
'16SI',13903,51656,115259
'16SI',13903,51656,120659
'16SI',13903,51656,121759
'16SI',13903,51656,122759
'16SI',13903,51656,123859
'16SI',13903,51656,124859
'16SI',13903,51656,125859
'16SI',13903,51656,130859
'16SI',13903,51656,131859
'16SI',13903,51656,132859
'16SI',13903,51656,133859
'16SI',13903,51656,134859
'16SI',13903,51656,135759
'16SI',13903,51656,140659
'16SI',13903,51656,141559
'16SI',13903,51656,142559
'16SI',13903,51656,143459
'16SI',13903,51656,144359
'16SI',13903,51656,145359
'16SI',13903,51656,150359
'16SI',13903,51656,151359
'16SI',13903,51656,152359
'16SI',13903,51656,153359
'16SI',13903,51656,154359
'16SI',13903,51656,155359
'16SI',13903,51656,160359
'16SI',13903,51656,161159
'16SI',13903,51656,162059
'16SI',13903,51656,162759
'16SI',13903,51656,163459
'16SI',13903,51656,164159
'16SI',13903,51656,164759
'16SI',13903,51656,165359
'16SI',13903,51656,165959
'16SI',13903,51656,170659
'16SI',13903,51656,171359
'16SI',13903,51656,171959
'16SI',13903,51656,172659
'16SI',13903,51656,173259
'16SI',13903,51656,173759
'16SI',13903,51656,174259
'16SI',13903,51656,174759
'16SI',13903,51656,175259
'16SI',13903,51656,175859
'16SI',13903,51656,180459
'16SI',13903,51656,181159
'16SI',13903,51656,181859
'16SI',13903,51656,182659
'16SI',13903,51656,183459
'16SI',13903,51656,184359
'16SI',13903,51656,185259
'16SI',13903,51656,190259
'16SI',13903,51656,191259
'16SI',13903,51656,192359
'16SI',13903,51656,193259
'16SI',13903,51656,194159
'16SI',13903,51656,195059
'16SI',13903,51656,200059
'16SI',13903,51656,201159
'16SI',13903,51656,202259
'16SI',13903,51656,203559
'16SI',13903,51656,204959
'16SI',13903,51656,210159
'16SI',13903,51656,211459
'16SI',13903,51656,212859
'16SI',13903,51656,214359
'16SI',13903,51656,215859
'16SI',13903,51656,221259
'16SI',13903,51656,222629
'16SI',13903,51656,224529
'16SI',13903,51656,230529
'16SI',13903,51656,232429
'16SI',13903,51656,234329
'16SI',13903,51656,240129
'16SI',13903,51656,242129
'16SI',13903,51656,245129
'16SI',13903,51656,252229
'16SS',13903,51656,52229
'16SS',13903,51656,54729
'16SS',13903,51656,60829
'16SS',13903,51656,62329
'16SS',13903,51656,63429
'16SS',13903,51656,64429
'16SS',13903,51656,65429
'16SS',13903,51656,70559
'16SS',13903,51656,71659
'16SS',13903,51656,72559
'16SS',13903,51656,73359
'16SS',13903,51656,74259
'16SS',13903,51656,74959
'16SS',13903,51656,75659
'16SS',13903,51656,80359
'16SS',13903,51656,81059
'16SS',13903,51656,81759
'16SS',13903,51656,82659
'16SS',13903,51656,83659
'16SS',13903,51656,84629
'16SS',13903,51656,85629
'16SS',13903,51656,90629
'16SS',13903,51656,91629
'16SS',13903,51656,92629
'16SS',13903,51656,93629
'16SS',13903,51656,94629
'16SS',13903,51656,95629
'16SS',13903,51656,100629
'16SS',13903,51656,101629
'16SS',13903,51656,102629
'16SS',13903,51656,103629
'16SS',13903,51656,104659
'16SS',13903,51656,105659
'16SS',13903,51656,110659
'16SS',13903,51656,111659
'16SS',13903,51656,112659
'16SS',13903,51656,113659
'16SS',13903,51656,114659
'16SS',13903,51656,115659
'16SS',13903,51656,120659
'16SS',13903,51656,121659
'16SS',13903,51656,122659
'16SS',13903,51656,123459
'16SS',13903,51656,124159
'16SS',13903,51656,124859
'16SS',13903,51656,125559
'16SS',13903,51656,130359
'16SS',13903,51656,131059
'16SS',13903,51656,131859
'16SS',13903,51656,132559
'16SS',13903,51656,133359
'16SS',13903,51656,134159
'16SS',13903,51656,134859
'16SS',13903,51656,135759
'16SS',13903,51656,140759
'16SS',13903,51656,141659
'16SS',13903,51656,142559
'16SS',13903,51656,143259
'16SS',13903,51656,144059
'16SS',13903,51656,144759
'16SS',13903,51656,145359
'16SS',13903,51656,145959
'16SS',13903,51656,150559
'16SS',13903,51656,151059
'16SS',13903,51656,151659
'16SS',13903,51656,152559
'16SS',13903,51656,153159
'16SS',13903,51656,153759
'16SS',13903,51656,154359
'16SS',13903,51656,154959
'16SS',13903,51656,155559
'16SS',13903,51656,160159
'16SS',13903,51656,160959
'16SS',13903,51656,161959
'16SS',13903,51656,162859
'16SS',13903,51656,163559
'16SS',13903,51656,164259
'16SS',13903,51656,164959
'16SS',13903,51656,165659
'16SS',13903,51656,170359
'16SS',13903,51656,171059
'16SS',13903,51656,171759
'16SS',13903,51656,172459
'16SS',13903,51656,173059
'16SS',13903,51656,173759
'16SS',13903,51656,174459
'16SS',13903,51656,175159
'16SS',13903,51656,180059
'16SS',13903,51656,181059
'16SS',13903,51656,182059
'16SS',13903,51656,182959
'16SS',13903,51656,183659
'16SS',13903,51656,184359
'16SS',13903,51656,185059
'16SS',13903,51656,185759
'16SS',13903,51656,190259
'16SS',13903,51656,191059
'16SS',13903,51656,191759
'16SS',13903,51656,192459
'16SS',13903,51656,193259
'16SS',13903,51656,194059
'16SS',13903,51656,194759
'16SS',13903,51656,195459
'16SS',13903,51656,200159
'16SS',13903,51656,200859
'16SS',13903,51656,201659
'16SS',13903,51656,202359
'16SS',13903,51656,203059
'16SS',13903,51656,203759
'16SS',13903,51656,204459
'16SS',13903,51656,205259
'16SS',13903,51656,205959
'16SS',13903,51656,210659
'16SS',13903,51656,211359
'16SS',13903,51656,212059
'16SS',13903,51656,212759
'16SS',13903,51656,213459
'16SS',13903,51656,214159
'16SS',13903,51656,214759
'16SS',13903,51656,215459
'16SS',13903,51656,220159
'16SS',13903,51656,220959
'16SS',13903,51656,221659
'16SS',13903,51656,222359
'16SS',13903,51656,223059
'16SS',13903,51656,223859
'16SS',13903,51656,224629
'16SS',13903,51656,225229
'16SS',13903,51656,225929
'16SS',13903,51656,230729
'16SS',13903,51656,231529
'16SS',13903,51656,232629
'16SS',13903,51656,233929
'16SS',13903,51656,235229
'16SS',13903,51656,241729
'16SS',13903,51656,244059
'16SS',13903,51656,250559
'16SS',13903,51656,253059
'16SS',13903,51656,255659
'16SA',35503,51656,260622
'16SA',35503,51656,263622
'16SA',35503,51656,270222
'16SA',35503,51656,272822
'16SA',35503,51656,275422
'16SA',35503,51656,282322
'16SA',35503,51656,285922
'16SA',35503,51656,292922
'16SF1',35503,51656,260022
'16SF1',35503,51656,264522
'16SF1',35503,51656,273022
'16SF1',35503,51656,281522
'16SF1',35503,51656,290022
'16SF1',35503,51656,292622
'16SF2',35503,51656,260022
'16SF2',35503,51656,264522
'16SF2',35503,51656,273022
'16SF2',35503,51656,281522
'16SF2',35503,51656,290022
'16SF2',35503,51656,292622
'16SI',35503,51656,260022
'16SI',35503,51656,264522
'16SI',35503,51656,273022
'16SI',35503,51656,281522
'16SI',35503,51656,290022
'16SI',35503,51656,292622
'16SS',35503,51656,260209
'16SS',35503,51656,264709
'16SS',35503,51656,273209
'16SS',35503,51656,281709
'16SS',35503,51656,285509
'16SS',35503,51656,292809
