'18MF1',44801,60212,63221
'18MF1',44801,60212,65721
'18MF1',44801,60212,72221
'18MF1',44801,60212,74921
'18MF1',44801,60212,81721
'18MF1',44801,60212,84538
'18MF1',44801,60212,91638
'18MF2',44801,60212,63221
'18MF2',44801,60212,65721
'18MF2',44801,60212,72221
'18MF2',44801,60212,74921
'18MF2',44801,60212,81721
'18MF2',44801,60212,84538
'18MF2',44801,60212,91638
'18MS',44801,60212,63221
'18MS',44801,60212,65321
'18MS',44801,60212,72021
'18MS',44801,60212,75021
'18MS',44801,60212,81721
'18MS',44801,60212,84638
'18MS',44801,60212,91638
