'17MF1',4102,50993,53214
'17MF1',4102,50993,60414
'17MF1',4102,50993,63643
'17MF1',4102,50993,70858
'17MF1',4102,50993,73858
'17MF1',4102,50993,80958
'17MF1',4102,50993,84058
'17MF1',4102,50993,91029
'17MF1',4102,50993,93929
'17MF1',4102,50993,100629
'17MF1',4102,50993,103329
'17MF1',4102,50993,110129
'17MF1',4102,50993,112929
'17MF1',4102,50993,115829
'17MF1',4102,50993,122529
'17MF1',4102,50993,125229
'17MF1',4102,50993,131929
'17MF1',4102,50993,134729
'17MF1',4102,50993,141629
'17MF1',4102,50993,144643
'17MF1',4102,50993,151543
'17MF1',4102,50993,154458
'17MF1',4102,50993,161658
'17MF1',4102,50993,164658
'17MF1',4102,50993,171643
'17MF1',4102,50993,174629
'17MF1',4102,50993,181529
'17MF1',4102,50993,183629
'17MF1',4102,50993,185629
'17MF1',4102,50993,191629
'17MF1',4102,50993,193829
'17MF1',4102,50993,200929
'17MF1',4102,50993,203659
'17MF1',4102,50993,210559
'17MF2',4102,50993,53214
'17MF2',4102,50993,60414
'17MF2',4102,50993,63643
'17MF2',4102,50993,70858
'17MF2',4102,50993,73858
'17MF2',4102,50993,80958
'17MF2',4102,50993,84058
'17MF2',4102,50993,91029
'17MF2',4102,50993,93929
'17MF2',4102,50993,100629
'17MF2',4102,50993,103329
'17MF2',4102,50993,110129
'17MF2',4102,50993,112929
'17MF2',4102,50993,115829
'17MF2',4102,50993,122529
'17MF2',4102,50993,125229
'17MF2',4102,50993,131929
'17MF2',4102,50993,134729
'17MF2',4102,50993,141629
'17MF2',4102,50993,144643
'17MF2',4102,50993,151543
'17MF2',4102,50993,154458
'17MF2',4102,50993,161658
'17MF2',4102,50993,164658
'17MF2',4102,50993,171643
'17MF2',4102,50993,174629
'17MF2',4102,50993,181529
'17MF2',4102,50993,183629
'17MF2',4102,50993,185629
'17MF2',4102,50993,191629
'17MF2',4102,50993,193829
'17MF2',4102,50993,200929
'17MF2',4102,50993,203659
'17MF2',4102,50993,210559
'17MS',4102,50993,53214
'17MS',4102,50993,55414
'17MS',4102,50993,61743
'17MS',4102,50993,64743
'17MS',4102,50993,71658
'17MS',4102,50993,74458
'17MS',4102,50993,80858
'17MS',4102,50993,83258
'17MS',4102,50993,85543
'17MS',4102,50993,91729
'17MS',4102,50993,94029
'17MS',4102,50993,100529
'17MS',4102,50993,103229
'17MS',4102,50993,110029
'17MS',4102,50993,112929
'17MS',4102,50993,115829
'17MS',4102,50993,122529
'17MS',4102,50993,125229
'17MS',4102,50993,131929
'17MS',4102,50993,134729
'17MS',4102,50993,141629
'17MS',4102,50993,144643
'17MS',4102,50993,151543
'17MS',4102,50993,154358
'17MS',4102,50993,160558
'17MS',4102,50993,162658
'17MS',4102,50993,164858
'17MS',4102,50993,171058
'17MS',4102,50993,173243
'17MS',4102,50993,175429
'17MS',4102,50993,181429
'17MS',4102,50993,183629
'17MS',4102,50993,185629
'17MS',4102,50993,191629
'17MS',4102,50993,193829
'17MS',4102,50993,200929
'17MS',4102,50993,203659
'17MS',4102,50993,210559
'17MA',13904,50993,50306
'17MA',13904,50993,52906
'17MA',13904,50993,55406
'17MA',13904,50993,61406
'17MA',13904,50993,63406
'17MA',13904,50993,65406
'17MA',13904,50993,70806
'17MA',13904,50993,72006
'17MA',13904,50993,73206
'17MA',13904,50993,74306
'17MA',13904,50993,75406
'17MA',13904,50993,80206
'17MA',13904,50993,80906
'17MA',13904,50993,81606
'17MA',13904,50993,82306
'17MA',13904,50993,83006
'17MA',13904,50993,83806
'17MA',13904,50993,84706
'17MA',13904,50993,85506
'17MA',13904,50993,90206
'17MA',13904,50993,91156
'17MA',13904,50993,91956
'17MA',13904,50993,92756
'17MA',13904,50993,93756
'17MA',13904,50993,94756
'17MA',13904,50993,95656
'17MA',13904,50993,100356
'17MA',13904,50993,101156
'17MA',13904,50993,101956
'17MA',13904,50993,102756
'17MA',13904,50993,103656
'17MA',13904,50993,104656
'17MA',13904,50993,105556
'17MA',13904,50993,110356
'17MA',13904,50993,111056
'17MA',13904,50993,111756
'17MA',13904,50993,112556
'17MA',13904,50993,113356
'17MA',13904,50993,114056
'17MA',13904,50993,114856
'17MA',13904,50993,115756
'17MA',13904,50993,120556
'17MA',13904,50993,121356
'17MA',13904,50993,122056
'17MA',13904,50993,122756
'17MA',13904,50993,123356
'17MA',13904,50993,123956
'17MA',13904,50993,124556
'17MA',13904,50993,125156
'17MA',13904,50993,125856
'17MA',13904,50993,130556
'17MA',13904,50993,131256
'17MA',13904,50993,131956
'17MA',13904,50993,132756
'17MA',13904,50993,133556
'17MA',13904,50993,134256
'17MA',13904,50993,134956
'17MA',13904,50993,135556
'17MA',13904,50993,140156
'17MA',13904,50993,140756
'17MA',13904,50993,141256
'17MA',13904,50993,141756
'17MA',13904,50993,142656
'17MA',13904,50993,143556
'17MA',13904,50993,144356
'17MA',13904,50993,145156
'17MA',13904,50993,145956
'17MA',13904,50993,150756
'17MA',13904,50993,151456
'17MA',13904,50993,152256
'17MA',13904,50993,153056
'17MA',13904,50993,153856
'17MA',13904,50993,154856
'17MA',13904,50993,155956
'17MA',13904,50993,161056
'17MA',13904,50993,162156
'17MA',13904,50993,163256
'17MA',13904,50993,164256
'17MA',13904,50993,165156
'17MA',13904,50993,165956
'17MA',13904,50993,170756
'17MA',13904,50993,171556
'17MA',13904,50993,172256
'17MA',13904,50993,173056
'17MA',13904,50993,174056
'17MA',13904,50993,175056
'17MA',13904,50993,180056
'17MA',13904,50993,181056
'17MA',13904,50993,182056
'17MA',13904,50993,183056
'17MA',13904,50993,184256
'17MA',13904,50993,185656
'17MA',13904,50993,191456
'17MA',13904,50993,193456
'17MA',13904,50993,195356
'17MA',13904,50993,201356
'17MA',13904,50993,203356
'17MA',13904,50993,205256
'17MA',13904,50993,211056
'17MA',13904,50993,212856
'17MA',13904,50993,214656
'17MA',13904,50993,220456
'17MA',13904,50993,222356
'17MA',13904,50993,225306
'17MA',13904,50993,232306
'17MA',13904,50993,235306
'17MA',13904,50993,242406
'17MA',13904,50993,245406
'17MF1',13904,50993,51306
'17MF1',13904,50993,54006
'17MF1',13904,50993,60606
'17MF1',13904,50993,61506
'17MF1',13904,50993,62406
'17MF1',13904,50993,63406
'17MF1',13904,50993,64206
'17MF1',13904,50993,65006
'17MF1',13904,50993,65706
'17MF1',13904,50993,70506
'17MF1',13904,50993,71206
'17MF1',13904,50993,71806
'17MF1',13904,50993,72406
'17MF1',13904,50993,73006
'17MF1',13904,50993,73606
'17MF1',13904,50993,74106
'17MF1',13904,50993,74806
'17MF1',13904,50993,75506
'17MF1',13904,50993,80206
'17MF1',13904,50993,81006
'17MF1',13904,50993,81806
'17MF1',13904,50993,82806
'17MF1',13904,50993,83956
'17MF1',13904,50993,84956
'17MF1',13904,50993,85856
'17MF1',13904,50993,90856
'17MF1',13904,50993,91956
'17MF1',13904,50993,93056
'17MF1',13904,50993,94056
'17MF1',13904,50993,95056
'17MF1',13904,50993,100056
'17MF1',13904,50993,100956
'17MF1',13904,50993,101756
'17MF1',13904,50993,102556
'17MF1',13904,50993,103356
'17MF1',13904,50993,104156
'17MF1',13904,50993,104956
'17MF1',13904,50993,105956
'17MF1',13904,50993,111056
'17MF1',13904,50993,112056
'17MF1',13904,50993,113056
'17MF1',13904,50993,113956
'17MF1',13904,50993,114756
'17MF1',13904,50993,115556
'17MF1',13904,50993,120356
'17MF1',13904,50993,121156
'17MF1',13904,50993,121956
'17MF1',13904,50993,122956
'17MF1',13904,50993,123956
'17MF1',13904,50993,124856
'17MF1',13904,50993,125756
'17MF1',13904,50993,130656
'17MF1',13904,50993,131556
'17MF1',13904,50993,132456
'17MF1',13904,50993,133356
'17MF1',13904,50993,134256
'17MF1',13904,50993,135156
'17MF1',13904,50993,140156
'17MF1',13904,50993,141156
'17MF1',13904,50993,142156
'17MF1',13904,50993,143056
'17MF1',13904,50993,143956
'17MF1',13904,50993,144856
'17MF1',13904,50993,145756
'17MF1',13904,50993,150656
'17MF1',13904,50993,151056
'17MF1',13904,50993,151556
'17MF1',13904,50993,152156
'17MF1',13904,50993,152856
'17MF1',13904,50993,153656
'17MF1',13904,50993,154356
'17MF1',13904,50993,155056
'17MF1',13904,50993,155956
'17MF1',13904,50993,160756
'17MF1',13904,50993,161756
'17MF1',13904,50993,162756
'17MF1',13904,50993,163756
'17MF1',13904,50993,164656
'17MF1',13904,50993,165556
'17MF1',13904,50993,170456
'17MF1',13904,50993,171256
'17MF1',13904,50993,172056
'17MF1',13904,50993,172856
'17MF1',13904,50993,173656
'17MF1',13904,50993,174556
'17MF1',13904,50993,175556
'17MF1',13904,50993,180656
'17MF1',13904,50993,181756
'17MF1',13904,50993,182956
'17MF1',13904,50993,184456
'17MF1',13904,50993,190156
'17MF1',13904,50993,191856
'17MF1',13904,50993,193656
'17MF1',13904,50993,195556
'17MF1',13904,50993,201556
'17MF1',13904,50993,203456
'17MF1',13904,50993,205456
'17MF1',13904,50993,212556
'17MF1',13904,50993,215556
'17MF1',13904,50993,222456
'17MF1',13904,50993,225306
'17MF1',13904,50993,232306
'17MF1',13904,50993,235306
'17MF1',13904,50993,242506
'17MF1',13904,50993,245606
'17MF2',13904,50993,51306
'17MF2',13904,50993,54006
'17MF2',13904,50993,60606
'17MF2',13904,50993,61506
'17MF2',13904,50993,62406
'17MF2',13904,50993,63406
'17MF2',13904,50993,64206
'17MF2',13904,50993,65006
'17MF2',13904,50993,65706
'17MF2',13904,50993,70506
'17MF2',13904,50993,71206
'17MF2',13904,50993,71806
'17MF2',13904,50993,72406
'17MF2',13904,50993,73006
'17MF2',13904,50993,73606
'17MF2',13904,50993,74106
'17MF2',13904,50993,74806
'17MF2',13904,50993,75506
'17MF2',13904,50993,80206
'17MF2',13904,50993,81006
'17MF2',13904,50993,81806
'17MF2',13904,50993,82806
'17MF2',13904,50993,83956
'17MF2',13904,50993,84956
'17MF2',13904,50993,85856
'17MF2',13904,50993,90856
'17MF2',13904,50993,91956
'17MF2',13904,50993,93056
'17MF2',13904,50993,94056
'17MF2',13904,50993,95056
'17MF2',13904,50993,100056
'17MF2',13904,50993,100956
'17MF2',13904,50993,101756
'17MF2',13904,50993,102556
'17MF2',13904,50993,103356
'17MF2',13904,50993,104156
'17MF2',13904,50993,104956
'17MF2',13904,50993,105956
'17MF2',13904,50993,111056
'17MF2',13904,50993,112056
'17MF2',13904,50993,113056
'17MF2',13904,50993,113956
'17MF2',13904,50993,114756
'17MF2',13904,50993,115556
'17MF2',13904,50993,120356
'17MF2',13904,50993,121156
'17MF2',13904,50993,121956
'17MF2',13904,50993,122956
'17MF2',13904,50993,123956
'17MF2',13904,50993,124856
'17MF2',13904,50993,125756
'17MF2',13904,50993,130656
'17MF2',13904,50993,131556
'17MF2',13904,50993,132456
'17MF2',13904,50993,133356
'17MF2',13904,50993,134256
'17MF2',13904,50993,135156
'17MF2',13904,50993,140156
'17MF2',13904,50993,141156
'17MF2',13904,50993,142156
'17MF2',13904,50993,143056
'17MF2',13904,50993,143956
'17MF2',13904,50993,144856
'17MF2',13904,50993,145756
'17MF2',13904,50993,150656
'17MF2',13904,50993,151056
'17MF2',13904,50993,151556
'17MF2',13904,50993,152156
'17MF2',13904,50993,152856
'17MF2',13904,50993,153656
'17MF2',13904,50993,154356
'17MF2',13904,50993,155056
'17MF2',13904,50993,155956
'17MF2',13904,50993,160756
'17MF2',13904,50993,161756
'17MF2',13904,50993,162756
'17MF2',13904,50993,163756
'17MF2',13904,50993,164656
'17MF2',13904,50993,165556
'17MF2',13904,50993,170456
'17MF2',13904,50993,171256
'17MF2',13904,50993,172056
'17MF2',13904,50993,172856
'17MF2',13904,50993,173656
'17MF2',13904,50993,174556
'17MF2',13904,50993,175556
'17MF2',13904,50993,180656
'17MF2',13904,50993,181756
'17MF2',13904,50993,182956
'17MF2',13904,50993,184456
'17MF2',13904,50993,190156
'17MF2',13904,50993,191856
'17MF2',13904,50993,193656
'17MF2',13904,50993,195556
'17MF2',13904,50993,201556
'17MF2',13904,50993,203456
'17MF2',13904,50993,205456
'17MF2',13904,50993,212556
'17MF2',13904,50993,215556
'17MF2',13904,50993,222456
'17MF2',13904,50993,225306
'17MF2',13904,50993,232306
'17MF2',13904,50993,235306
'17MF2',13904,50993,242506
'17MF2',13904,50993,245606
'17MF3',13904,50993,51306
'17MF3',13904,50993,54006
'17MF3',13904,50993,60806
'17MF3',13904,50993,63706
'17MF3',13904,50993,65806
'17MF3',13904,50993,71906
'17MF3',13904,50993,74006
'17MF3',13904,50993,80206
'17MF3',13904,50993,82306
'17MF3',13904,50993,83356
'17MF3',13904,50993,84456
'17MF3',13904,50993,85356
'17MF3',13904,50993,90256
'17MF3',13904,50993,91156
'17MF3',13904,50993,92056
'17MF3',13904,50993,93056
'17MF3',13904,50993,94056
'17MF3',13904,50993,95056
'17MF3',13904,50993,100056
'17MF3',13904,50993,100956
'17MF3',13904,50993,101756
'17MF3',13904,50993,102556
'17MF3',13904,50993,103356
'17MF3',13904,50993,104156
'17MF3',13904,50993,104956
'17MF3',13904,50993,105956
'17MF3',13904,50993,111056
'17MF3',13904,50993,112056
'17MF3',13904,50993,113056
'17MF3',13904,50993,113956
'17MF3',13904,50993,114756
'17MF3',13904,50993,115556
'17MF3',13904,50993,120356
'17MF3',13904,50993,121156
'17MF3',13904,50993,121956
'17MF3',13904,50993,122956
'17MF3',13904,50993,123956
'17MF3',13904,50993,124856
'17MF3',13904,50993,125756
'17MF3',13904,50993,130656
'17MF3',13904,50993,131556
'17MF3',13904,50993,132456
'17MF3',13904,50993,133356
'17MF3',13904,50993,134256
'17MF3',13904,50993,135156
'17MF3',13904,50993,140156
'17MF3',13904,50993,141156
'17MF3',13904,50993,142156
'17MF3',13904,50993,143056
'17MF3',13904,50993,143956
'17MF3',13904,50993,144856
'17MF3',13904,50993,145756
'17MF3',13904,50993,150656
'17MF3',13904,50993,151556
'17MF3',13904,50993,152256
'17MF3',13904,50993,152956
'17MF3',13904,50993,153656
'17MF3',13904,50993,154356
'17MF3',13904,50993,155056
'17MF3',13904,50993,155956
'17MF3',13904,50993,160956
'17MF3',13904,50993,162056
'17MF3',13904,50993,163156
'17MF3',13904,50993,164156
'17MF3',13904,50993,165356
'17MF3',13904,50993,170556
'17MF3',13904,50993,171756
'17MF3',13904,50993,173056
'17MF3',13904,50993,174356
'17MF3',13904,50993,175556
'17MF3',13904,50993,180656
'17MF3',13904,50993,181756
'17MF3',13904,50993,182956
'17MF3',13904,50993,184456
'17MF3',13904,50993,190156
'17MF3',13904,50993,191856
'17MF3',13904,50993,193656
'17MF3',13904,50993,195556
'17MF3',13904,50993,201556
'17MF3',13904,50993,203456
'17MF3',13904,50993,205456
'17MF3',13904,50993,212556
'17MF3',13904,50993,215556
'17MF3',13904,50993,222456
'17MF3',13904,50993,225306
'17MF3',13904,50993,232306
'17MF3',13904,50993,235306
'17MF3',13904,50993,242506
'17MF3',13904,50993,245606
'17MI',13904,50993,51306
'17MI',13904,50993,54006
'17MI',13904,50993,60806
'17MI',13904,50993,63706
'17MI',13904,50993,65806
'17MI',13904,50993,71906
'17MI',13904,50993,74006
'17MI',13904,50993,80206
'17MI',13904,50993,82306
'17MI',13904,50993,83356
'17MI',13904,50993,84456
'17MI',13904,50993,85356
'17MI',13904,50993,90256
'17MI',13904,50993,91156
'17MI',13904,50993,92056
'17MI',13904,50993,93056
'17MI',13904,50993,94056
'17MI',13904,50993,95056
'17MI',13904,50993,100056
'17MI',13904,50993,100956
'17MI',13904,50993,101756
'17MI',13904,50993,102556
'17MI',13904,50993,103356
'17MI',13904,50993,104156
'17MI',13904,50993,104956
'17MI',13904,50993,105956
'17MI',13904,50993,111056
'17MI',13904,50993,112056
'17MI',13904,50993,113056
'17MI',13904,50993,113956
'17MI',13904,50993,114756
'17MI',13904,50993,115556
'17MI',13904,50993,120356
'17MI',13904,50993,121156
'17MI',13904,50993,121956
'17MI',13904,50993,122956
'17MI',13904,50993,123956
'17MI',13904,50993,124856
'17MI',13904,50993,125756
'17MI',13904,50993,130656
'17MI',13904,50993,131556
'17MI',13904,50993,132456
'17MI',13904,50993,133356
'17MI',13904,50993,134256
'17MI',13904,50993,135156
'17MI',13904,50993,140156
'17MI',13904,50993,141156
'17MI',13904,50993,142156
'17MI',13904,50993,143056
'17MI',13904,50993,143956
'17MI',13904,50993,144856
'17MI',13904,50993,145756
'17MI',13904,50993,150656
'17MI',13904,50993,151556
'17MI',13904,50993,152256
'17MI',13904,50993,152956
'17MI',13904,50993,153656
'17MI',13904,50993,154356
'17MI',13904,50993,155056
'17MI',13904,50993,155956
'17MI',13904,50993,160956
'17MI',13904,50993,162056
'17MI',13904,50993,163156
'17MI',13904,50993,164156
'17MI',13904,50993,165356
'17MI',13904,50993,170556
'17MI',13904,50993,171756
'17MI',13904,50993,173056
'17MI',13904,50993,174356
'17MI',13904,50993,175556
'17MI',13904,50993,180656
'17MI',13904,50993,181756
'17MI',13904,50993,182956
'17MI',13904,50993,184456
'17MI',13904,50993,190156
'17MI',13904,50993,191856
'17MI',13904,50993,193656
'17MI',13904,50993,195556
'17MI',13904,50993,201556
'17MI',13904,50993,203456
'17MI',13904,50993,205456
'17MI',13904,50993,212556
'17MI',13904,50993,215556
'17MI',13904,50993,222456
'17MI',13904,50993,225306
'17MI',13904,50993,232306
'17MI',13904,50993,235306
'17MI',13904,50993,242506
'17MI',13904,50993,245606
'17MS',13904,50993,50506
'17MS',13904,50993,51606
'17MS',13904,50993,52706
'17MS',13904,50993,53756
'17MS',13904,50993,54756
'17MS',13904,50993,55756
'17MS',13904,50993,60756
'17MS',13904,50993,61656
'17MS',13904,50993,62556
'17MS',13904,50993,63456
'17MS',13904,50993,64456
'17MS',13904,50993,65356
'17MS',13904,50993,70156
'17MS',13904,50993,70956
'17MS',13904,50993,71556
'17MS',13904,50993,72056
'17MS',13904,50993,72556
'17MS',13904,50993,73156
'17MS',13904,50993,73756
'17MS',13904,50993,74256
'17MS',13904,50993,74956
'17MS',13904,50993,75656
'17MS',13904,50993,80356
'17MS',13904,50993,81056
'17MS',13904,50993,81956
'17MS',13904,50993,82956
'17MS',13904,50993,83956
'17MS',13904,50993,84956
'17MS',13904,50993,85956
'17MS',13904,50993,90956
'17MS',13904,50993,91756
'17MS',13904,50993,92556
'17MS',13904,50993,93256
'17MS',13904,50993,94156
'17MS',13904,50993,95056
'17MS',13904,50993,95956
'17MS',13904,50993,100856
'17MS',13904,50993,101556
'17MS',13904,50993,102256
'17MS',13904,50993,102856
'17MS',13904,50993,103556
'17MS',13904,50993,104256
'17MS',13904,50993,105156
'17MS',13904,50993,110056
'17MS',13904,50993,111056
'17MS',13904,50993,111956
'17MS',13904,50993,112756
'17MS',13904,50993,113456
'17MS',13904,50993,114156
'17MS',13904,50993,114956
'17MS',13904,50993,115656
'17MS',13904,50993,120356
'17MS',13904,50993,121156
'17MS',13904,50993,121956
'17MS',13904,50993,122656
'17MS',13904,50993,123456
'17MS',13904,50993,124256
'17MS',13904,50993,124956
'17MS',13904,50993,125656
'17MS',13904,50993,130256
'17MS',13904,50993,130956
'17MS',13904,50993,131756
'17MS',13904,50993,132556
'17MS',13904,50993,133256
'17MS',13904,50993,133956
'17MS',13904,50993,134756
'17MS',13904,50993,135456
'17MS',13904,50993,140256
'17MS',13904,50993,140956
'17MS',13904,50993,141656
'17MS',13904,50993,142356
'17MS',13904,50993,143156
'17MS',13904,50993,143856
'17MS',13904,50993,144456
'17MS',13904,50993,145156
'17MS',13904,50993,145856
'17MS',13904,50993,150556
'17MS',13904,50993,151156
'17MS',13904,50993,151656
'17MS',13904,50993,152256
'17MS',13904,50993,152956
'17MS',13904,50993,153756
'17MS',13904,50993,154456
'17MS',13904,50993,155256
'17MS',13904,50993,160056
'17MS',13904,50993,160856
'17MS',13904,50993,161856
'17MS',13904,50993,162856
'17MS',13904,50993,163856
'17MS',13904,50993,164756
'17MS',13904,50993,165656
'17MS',13904,50993,170556
'17MS',13904,50993,171356
'17MS',13904,50993,172156
'17MS',13904,50993,172956
'17MS',13904,50993,173856
'17MS',13904,50993,174656
'17MS',13904,50993,175656
'17MS',13904,50993,180656
'17MS',13904,50993,181656
'17MS',13904,50993,182656
'17MS',13904,50993,183656
'17MS',13904,50993,184556
'17MS',13904,50993,185556
'17MS',13904,50993,190506
'17MS',13904,50993,191406
'17MS',13904,50993,192406
'17MS',13904,50993,193406
'17MS',13904,50993,194406
'17MS',13904,50993,195406
'17MS',13904,50993,200406
'17MS',13904,50993,201406
'17MS',13904,50993,202406
'17MS',13904,50993,203406
'17MS',13904,50993,204406
'17MS',13904,50993,205406
'17MS',13904,50993,210406
'17MS',13904,50993,212806
'17MS',13904,50993,220006
'17MS',13904,50993,223406
'17MS',13904,50993,230506
'17MS',13904,50993,233906
'17MS',13904,50993,240306
'17MS',13904,50993,242806
'17MS',13904,50993,245706
'17MA',35504,50993,252423
'17MA',35504,50993,260923
'17MA',35504,50993,265423
'17MA',35504,50993,273814
'17MA',35504,50993,282014
'17MA',35504,50993,284914
'17MF1',35504,50993,252423
'17MF1',35504,50993,260923
'17MF1',35504,50993,265323
'17MF1',35504,50993,273823
'17MF1',35504,50993,282423
'17MF1',35504,50993,285023
'17MF2',35504,50993,252423
'17MF2',35504,50993,260923
'17MF2',35504,50993,265323
'17MF2',35504,50993,273823
'17MF2',35504,50993,282423
'17MF2',35504,50993,285023
'17MF3',35504,50993,252423
'17MF3',35504,50993,260923
'17MF3',35504,50993,265323
'17MF3',35504,50993,273823
'17MF3',35504,50993,282423
'17MF3',35504,50993,285023
'17MI',35504,50993,252423
'17MI',35504,50993,260923
'17MI',35504,50993,265323
'17MI',35504,50993,273823
'17MI',35504,50993,282423
'17MI',35504,50993,285023
'17MS',35504,50993,252509
'17MS',35504,50993,261009
'17MS',35504,50993,265509
'17MS',35504,50993,274009
'17MS',35504,50993,282109
'17MS',35504,50993,285109
