'16UA',11904,56130,74712
'16UA',11904,56130,82212
'16UA',11904,56130,85812
'16UA',11904,56130,93412
'16UA',11904,56130,101212
'16UA',11904,56130,104912
'16UA',11904,56130,112612
'16UA',11904,56130,120439
'16UA',11904,56130,124239
'16UA',11904,56130,132039
'16UA',11904,56130,135939
'16UA',11904,56130,143739
'16UA',11904,56130,151639
'16UA',11904,56130,155539
'16UA',11904,56130,163339
'16UA',11904,56130,171139
'16UA',11904,56130,174739
'16UA',11904,56130,182312
'16UA',11904,56130,190012
'16UA',11904,56130,193512
'16UF1',11904,56130,74712
'16UF1',11904,56130,82212
'16UF1',11904,56130,85812
'16UF1',11904,56130,93412
'16UF1',11904,56130,101212
'16UF1',11904,56130,104912
'16UF1',11904,56130,112612
'16UF1',11904,56130,120439
'16UF1',11904,56130,124239
'16UF1',11904,56130,132039
'16UF1',11904,56130,135939
'16UF1',11904,56130,143739
'16UF1',11904,56130,151639
'16UF1',11904,56130,155539
'16UF1',11904,56130,163339
'16UF1',11904,56130,171139
'16UF1',11904,56130,174839
'16UF1',11904,56130,182412
'16UF1',11904,56130,190012
'16UF1',11904,56130,193512
'16UF2',11904,56130,74712
'16UF2',11904,56130,82212
'16UF2',11904,56130,85812
'16UF2',11904,56130,93412
'16UF2',11904,56130,101212
'16UF2',11904,56130,104912
'16UF2',11904,56130,112612
'16UF2',11904,56130,120439
'16UF2',11904,56130,124239
'16UF2',11904,56130,132039
'16UF2',11904,56130,135939
'16UF2',11904,56130,143739
'16UF2',11904,56130,151639
'16UF2',11904,56130,155539
'16UF2',11904,56130,163339
'16UF2',11904,56130,171139
'16UF2',11904,56130,174839
'16UF2',11904,56130,182412
'16UF2',11904,56130,190012
'16UF2',11904,56130,193512
'16UI',11904,56130,74712
'16UI',11904,56130,82212
'16UI',11904,56130,85812
'16UI',11904,56130,93412
'16UI',11904,56130,101212
'16UI',11904,56130,104912
'16UI',11904,56130,112612
'16UI',11904,56130,120439
'16UI',11904,56130,124239
'16UI',11904,56130,132039
'16UI',11904,56130,135939
'16UI',11904,56130,143739
'16UI',11904,56130,151639
'16UI',11904,56130,155539
'16UI',11904,56130,163339
'16UI',11904,56130,171139
'16UI',11904,56130,174839
'16UI',11904,56130,182412
'16UI',11904,56130,190012
'16UI',11904,56130,193512
'16US',11904,56130,72559
'16US',11904,56130,75932
'16US',11904,56130,82939
'16US',11904,56130,85639
'16US',11904,56130,92339
'16US',11904,56130,95039
'16US',11904,56130,101639
'16US',11904,56130,104139
'16US',11904,56130,110739
'16US',11904,56130,113339
'16US',11904,56130,120039
'16US',11904,56130,122639
'16US',11904,56130,125339
'16US',11904,56130,132139
'16US',11904,56130,134939
'16US',11904,56130,141806
'16US',11904,56130,144806
'16US',11904,56130,151806
'16US',11904,56130,154806
'16US',11904,56130,161906
'16US',11904,56130,165006
'16US',11904,56130,172106
'16US',11904,56130,175206
'16US',11904,56130,182206
'16US',11904,56130,184912
'16US',11904,56130,191812
'16US',11904,56130,194612
