'17SA',5102,50622,53623
'17SA',5102,50622,60623
'17SA',5102,50622,63623
'17SA',5102,50622,70823
'17SA',5102,50622,73823
'17SA',5102,50622,81521
'17SA',5102,50622,84221
'17SA',5102,50622,90721
'17SA',5102,50622,93121
'17SA',5102,50622,95221
'17SA',5102,50622,101021
'17SA',5102,50622,102821
'17SA',5102,50622,104521
'17SA',5102,50622,110021
'17SA',5102,50622,111521
'17SA',5102,50622,112921
'17SA',5102,50622,114321
'17SA',5102,50622,115521
'17SA',5102,50622,120721
'17SA',5102,50622,121721
'17SA',5102,50622,122621
'17SA',5102,50622,123421
'17SA',5102,50622,124221
'17SA',5102,50622,125021
'17SA',5102,50622,125921
'17SA',5102,50622,130921
'17SA',5102,50622,132221
'17SA',5102,50622,133321
'17SA',5102,50622,134321
'17SA',5102,50622,135221
'17SA',5102,50622,135921
'17SA',5102,50622,140621
'17SA',5102,50622,141321
'17SA',5102,50622,142021
'17SA',5102,50622,142621
'17SA',5102,50622,143321
'17SA',5102,50622,144021
'17SA',5102,50622,144621
'17SA',5102,50622,145121
'17SA',5102,50622,145621
'17SA',5102,50622,150221
'17SA',5102,50622,150921
'17SA',5102,50622,151621
'17SA',5102,50622,152221
'17SA',5102,50622,152821
'17SA',5102,50622,153421
'17SA',5102,50622,154021
'17SA',5102,50622,154621
'17SA',5102,50622,155221
'17SA',5102,50622,155721
'17SA',5102,50622,160221
'17SA',5102,50622,160821
'17SA',5102,50622,161421
'17SA',5102,50622,162021
'17SA',5102,50622,162521
'17SA',5102,50622,163021
'17SA',5102,50622,163521
'17SA',5102,50622,163921
'17SA',5102,50622,164421
'17SA',5102,50622,165021
'17SA',5102,50622,165621
'17SA',5102,50622,170121
'17SA',5102,50622,170621
'17SA',5102,50622,171021
'17SA',5102,50622,171521
'17SA',5102,50622,172021
'17SA',5102,50622,172621
'17SA',5102,50622,173121
'17SA',5102,50622,173621
'17SA',5102,50622,174021
'17SA',5102,50622,174421
'17SA',5102,50622,174821
'17SA',5102,50622,175221
'17SA',5102,50622,175621
'17SA',5102,50622,180121
'17SA',5102,50622,180621
'17SA',5102,50622,181221
'17SA',5102,50622,181921
'17SA',5102,50622,182621
'17SA',5102,50622,183221
'17SA',5102,50622,183821
'17SA',5102,50622,184321
'17SA',5102,50622,184921
'17SA',5102,50622,185421
'17SA',5102,50622,190021
'17SA',5102,50622,190621
'17SA',5102,50622,191221
'17SA',5102,50622,191921
'17SA',5102,50622,192621
'17SA',5102,50622,193421
'17SA',5102,50622,194321
'17SA',5102,50622,195221
'17SA',5102,50622,200221
'17SA',5102,50622,201121
'17SA',5102,50622,201821
'17SA',5102,50622,202721
'17SA',5102,50622,203721
'17SA',5102,50622,204821
'17SA',5102,50622,205921
'17SA',5102,50622,211121
'17SA',5102,50622,212121
'17SA',5102,50622,213121
'17SA',5102,50622,214121
'17SA',5102,50622,215221
'17SA',5102,50622,220121
'17SA',5102,50622,221221
'17SA',5102,50622,222321
'17SA',5102,50622,223421
'17SA',5102,50622,224521
'17SA',5102,50622,225621
'17SA',5102,50622,230752
'17SA',5102,50622,232023
'17SA',5102,50622,233423
'17SA',5102,50622,234823
'17SA',5102,50622,240423
'17SA',5102,50622,242223
'17SA',5102,50622,244023
'17SA',5102,50622,245823
'17SA',5102,50622,251623
'17SA',5102,50622,253523
'17SA',5102,50622,255523
'17SA',5102,50622,261523
'17SF1',5102,50622,53523
'17SF1',5102,50622,60423
'17SF1',5102,50622,63423
'17SF1',5102,50622,70952
'17SF1',5102,50622,74052
'17SF1',5102,50622,81252
'17SF1',5102,50622,84552
'17SF1',5102,50622,92121
'17SF1',5102,50622,94521
'17SF1',5102,50622,100421
'17SF1',5102,50622,102321
'17SF1',5102,50622,104221
'17SF1',5102,50622,110321
'17SF1',5102,50622,112521
'17SF1',5102,50622,114421
'17SF1',5102,50622,120121
'17SF1',5102,50622,121521
'17SF1',5102,50622,122821
'17SF1',5102,50622,124121
'17SF1',5102,50622,125021
'17SF1',5102,50622,125821
'17SF1',5102,50622,130521
'17SF1',5102,50622,131221
'17SF1',5102,50622,132021
'17SF1',5102,50622,132821
'17SF1',5102,50622,133621
'17SF1',5102,50622,134421
'17SF1',5102,50622,135221
'17SF1',5102,50622,140021
'17SF1',5102,50622,140921
'17SF1',5102,50622,141721
'17SF1',5102,50622,142621
'17SF1',5102,50622,143521
'17SF1',5102,50622,144421
'17SF1',5102,50622,145321
'17SF1',5102,50622,150221
'17SF1',5102,50622,151021
'17SF1',5102,50622,151821
'17SF1',5102,50622,152521
'17SF1',5102,50622,153221
'17SF1',5102,50622,153821
'17SF1',5102,50622,154321
'17SF1',5102,50622,154921
'17SF1',5102,50622,155521
'17SF1',5102,50622,160121
'17SF1',5102,50622,160821
'17SF1',5102,50622,161621
'17SF1',5102,50622,162321
'17SF1',5102,50622,163021
'17SF1',5102,50622,163721
'17SF1',5102,50622,164321
'17SF1',5102,50622,164921
'17SF1',5102,50622,165621
'17SF1',5102,50622,170421
'17SF1',5102,50622,171121
'17SF1',5102,50622,171821
'17SF1',5102,50622,172521
'17SF1',5102,50622,173121
'17SF1',5102,50622,173621
'17SF1',5102,50622,174121
'17SF1',5102,50622,174521
'17SF1',5102,50622,175021
'17SF1',5102,50622,175521
'17SF1',5102,50622,180021
'17SF1',5102,50622,180621
'17SF1',5102,50622,181321
'17SF1',5102,50622,181921
'17SF1',5102,50622,182521
'17SF1',5102,50622,183121
'17SF1',5102,50622,183721
'17SF1',5102,50622,184421
'17SF1',5102,50622,185221
'17SF1',5102,50622,190021
'17SF1',5102,50622,190621
'17SF1',5102,50622,191321
'17SF1',5102,50622,192221
'17SF1',5102,50622,193121
'17SF1',5102,50622,194121
'17SF1',5102,50622,195221
'17SF1',5102,50622,200421
'17SF1',5102,50622,201621
'17SF1',5102,50622,202721
'17SF1',5102,50622,203921
'17SF1',5102,50622,205121
'17SF1',5102,50622,210321
'17SF1',5102,50622,211321
'17SF1',5102,50622,212421
'17SF1',5102,50622,213621
'17SF1',5102,50622,214921
'17SF1',5102,50622,220421
'17SF1',5102,50622,222021
'17SF1',5102,50622,223821
'17SF1',5102,50622,225621
'17SF1',5102,50622,231421
'17SF1',5102,50622,233221
'17SF1',5102,50622,235221
'17SF1',5102,50622,240821
'17SF1',5102,50622,242821
'17SF1',5102,50622,245552
'17SF1',5102,50622,252623
'17SF1',5102,50622,254923
'17SF2',5102,50622,53523
'17SF2',5102,50622,60423
'17SF2',5102,50622,63423
'17SF2',5102,50622,70952
'17SF2',5102,50622,74052
'17SF2',5102,50622,81252
'17SF2',5102,50622,84552
'17SF2',5102,50622,92121
'17SF2',5102,50622,94521
'17SF2',5102,50622,100421
'17SF2',5102,50622,102321
'17SF2',5102,50622,104221
'17SF2',5102,50622,110321
'17SF2',5102,50622,112521
'17SF2',5102,50622,114421
'17SF2',5102,50622,120121
'17SF2',5102,50622,121521
'17SF2',5102,50622,122821
'17SF2',5102,50622,124121
'17SF2',5102,50622,125021
'17SF2',5102,50622,125821
'17SF2',5102,50622,130521
'17SF2',5102,50622,131221
'17SF2',5102,50622,132021
'17SF2',5102,50622,132821
'17SF2',5102,50622,133621
'17SF2',5102,50622,134421
'17SF2',5102,50622,135221
'17SF2',5102,50622,140021
'17SF2',5102,50622,140921
'17SF2',5102,50622,141721
'17SF2',5102,50622,142621
'17SF2',5102,50622,143521
'17SF2',5102,50622,144421
'17SF2',5102,50622,145321
'17SF2',5102,50622,150221
'17SF2',5102,50622,151021
'17SF2',5102,50622,151821
'17SF2',5102,50622,152521
'17SF2',5102,50622,153221
'17SF2',5102,50622,153821
'17SF2',5102,50622,154321
'17SF2',5102,50622,154921
'17SF2',5102,50622,155521
'17SF2',5102,50622,160121
'17SF2',5102,50622,160821
'17SF2',5102,50622,161621
'17SF2',5102,50622,162321
'17SF2',5102,50622,163021
'17SF2',5102,50622,163721
'17SF2',5102,50622,164321
'17SF2',5102,50622,164921
'17SF2',5102,50622,165621
'17SF2',5102,50622,170421
'17SF2',5102,50622,171121
'17SF2',5102,50622,171821
'17SF2',5102,50622,172521
'17SF2',5102,50622,173121
'17SF2',5102,50622,173621
'17SF2',5102,50622,174121
'17SF2',5102,50622,174521
'17SF2',5102,50622,175021
'17SF2',5102,50622,175521
'17SF2',5102,50622,180021
'17SF2',5102,50622,180621
'17SF2',5102,50622,181321
'17SF2',5102,50622,181921
'17SF2',5102,50622,182521
'17SF2',5102,50622,183121
'17SF2',5102,50622,183721
'17SF2',5102,50622,184421
'17SF2',5102,50622,185221
'17SF2',5102,50622,190021
'17SF2',5102,50622,190621
'17SF2',5102,50622,191321
'17SF2',5102,50622,192221
'17SF2',5102,50622,193121
'17SF2',5102,50622,194121
'17SF2',5102,50622,195221
'17SF2',5102,50622,200421
'17SF2',5102,50622,201621
'17SF2',5102,50622,202721
'17SF2',5102,50622,203921
'17SF2',5102,50622,205121
'17SF2',5102,50622,210321
'17SF2',5102,50622,211321
'17SF2',5102,50622,212421
'17SF2',5102,50622,213621
'17SF2',5102,50622,214921
'17SF2',5102,50622,220421
'17SF2',5102,50622,222021
'17SF2',5102,50622,223821
'17SF2',5102,50622,225621
'17SF2',5102,50622,231421
'17SF2',5102,50622,233221
'17SF2',5102,50622,235221
'17SF2',5102,50622,240821
'17SF2',5102,50622,242821
'17SF2',5102,50622,245552
'17SF2',5102,50622,252623
'17SF2',5102,50622,254923
'17SI',5102,50622,53523
'17SI',5102,50622,60423
'17SI',5102,50622,63423
'17SI',5102,50622,70952
'17SI',5102,50622,74052
'17SI',5102,50622,81252
'17SI',5102,50622,84552
'17SI',5102,50622,92121
'17SI',5102,50622,94521
'17SI',5102,50622,100421
'17SI',5102,50622,102321
'17SI',5102,50622,104221
'17SI',5102,50622,110321
'17SI',5102,50622,112521
'17SI',5102,50622,114421
'17SI',5102,50622,120121
'17SI',5102,50622,121521
'17SI',5102,50622,122821
'17SI',5102,50622,124121
'17SI',5102,50622,125021
'17SI',5102,50622,125821
'17SI',5102,50622,130521
'17SI',5102,50622,131221
'17SI',5102,50622,132021
'17SI',5102,50622,132821
'17SI',5102,50622,133621
'17SI',5102,50622,134421
'17SI',5102,50622,135221
'17SI',5102,50622,140021
'17SI',5102,50622,140921
'17SI',5102,50622,141721
'17SI',5102,50622,142621
'17SI',5102,50622,143521
'17SI',5102,50622,144421
'17SI',5102,50622,145321
'17SI',5102,50622,150221
'17SI',5102,50622,151021
'17SI',5102,50622,151821
'17SI',5102,50622,152521
'17SI',5102,50622,153221
'17SI',5102,50622,153821
'17SI',5102,50622,154321
'17SI',5102,50622,154921
'17SI',5102,50622,155521
'17SI',5102,50622,160121
'17SI',5102,50622,160821
'17SI',5102,50622,161621
'17SI',5102,50622,162321
'17SI',5102,50622,163021
'17SI',5102,50622,163721
'17SI',5102,50622,164321
'17SI',5102,50622,164921
'17SI',5102,50622,165621
'17SI',5102,50622,170421
'17SI',5102,50622,171121
'17SI',5102,50622,171821
'17SI',5102,50622,172521
'17SI',5102,50622,173121
'17SI',5102,50622,173621
'17SI',5102,50622,174121
'17SI',5102,50622,174521
'17SI',5102,50622,175021
'17SI',5102,50622,175521
'17SI',5102,50622,180021
'17SI',5102,50622,180621
'17SI',5102,50622,181321
'17SI',5102,50622,181921
'17SI',5102,50622,182521
'17SI',5102,50622,183121
'17SI',5102,50622,183721
'17SI',5102,50622,184421
'17SI',5102,50622,185221
'17SI',5102,50622,190021
'17SI',5102,50622,190621
'17SI',5102,50622,191321
'17SI',5102,50622,192221
'17SI',5102,50622,193121
'17SI',5102,50622,194121
'17SI',5102,50622,195221
'17SI',5102,50622,200421
'17SI',5102,50622,201621
'17SI',5102,50622,202721
'17SI',5102,50622,203921
'17SI',5102,50622,205121
'17SI',5102,50622,210321
'17SI',5102,50622,211321
'17SI',5102,50622,212421
'17SI',5102,50622,213621
'17SI',5102,50622,214921
'17SI',5102,50622,220421
'17SI',5102,50622,222021
'17SI',5102,50622,223821
'17SI',5102,50622,225621
'17SI',5102,50622,231421
'17SI',5102,50622,233221
'17SI',5102,50622,235221
'17SI',5102,50622,240821
'17SI',5102,50622,242821
'17SI',5102,50622,245552
'17SI',5102,50622,252623
'17SI',5102,50622,254923
'17SS',5102,50622,53723
'17SS',5102,50622,60623
'17SS',5102,50622,63623
'17SS',5102,50622,64454
'17SS',5102,50622,65823
'17SS',5102,50622,71150
'17SS',5102,50622,72350
'17SS',5102,50622,73350
'17SS',5102,50622,74550
'17SS',5102,50622,75450
'17SS',5102,50622,80150
'17SS',5102,50622,80650
'17SS',5102,50622,81150
'17SS',5102,50622,81650
'17SS',5102,50622,82050
'17SS',5102,50622,82450
'17SS',5102,50622,82750
'17SS',5102,50622,83050
'17SS',5102,50622,83450
'17SS',5102,50622,83850
'17SS',5102,50622,84150
'17SS',5102,50622,84250
'17SS',5102,50622,84650
'17SS',5102,50622,84921
'17SS',5102,50622,85221
'17SS',5102,50622,85521
'17SS',5102,50622,90021
'17SS',5102,50622,90421
'17SS',5102,50622,90821
'17SS',5102,50622,91421
'17SS',5102,50622,92021
'17SS',5102,50622,92721
'17SS',5102,50622,93621
'17SS',5102,50622,94621
'17SS',5102,50622,95621
'17SS',5102,50622,100621
'17SS',5102,50622,101521
'17SS',5102,50622,102421
'17SS',5102,50622,103421
'17SS',5102,50622,104421
'17SS',5102,50622,105421
'17SS',5102,50622,110421
'17SS',5102,50622,111421
'17SS',5102,50622,112321
'17SS',5102,50622,113121
'17SS',5102,50622,113821
'17SS',5102,50622,114621
'17SS',5102,50622,115321
'17SS',5102,50622,120021
'17SS',5102,50622,120721
'17SS',5102,50622,121421
'17SS',5102,50622,122021
'17SS',5102,50622,122621
'17SS',5102,50622,123221
'17SS',5102,50622,123821
'17SS',5102,50622,124421
'17SS',5102,50622,125021
'17SS',5102,50622,125621
'17SS',5102,50622,130321
'17SS',5102,50622,131121
'17SS',5102,50622,131921
'17SS',5102,50622,132521
'17SS',5102,50622,133121
'17SS',5102,50622,133921
'17SS',5102,50622,134621
'17SS',5102,50622,135321
'17SS',5102,50622,140121
'17SS',5102,50622,140821
'17SS',5102,50622,141421
'17SS',5102,50622,142021
'17SS',5102,50622,142621
'17SS',5102,50622,143221
'17SS',5102,50622,143821
'17SS',5102,50622,144421
'17SS',5102,50622,145021
'17SS',5102,50622,145621
'17SS',5102,50622,150319
'17SS',5102,50622,150719
'17SS',5102,50622,151319
'17SS',5102,50622,151919
'17SS',5102,50622,152419
'17SS',5102,50622,152719
'17SS',5102,50622,153219
'17SS',5102,50622,153819
'17SS',5102,50622,154419
'17SS',5102,50622,154719
'17SS',5102,50622,154919
'17SS',5102,50622,155319
'17SS',5102,50622,155719
'17SS',5102,50622,160019
'17SS',5102,50622,160219
'17SS',5102,50622,160719
'17SS',5102,50622,161219
'17SS',5102,50622,161619
'17SS',5102,50622,162019
'17SS',5102,50622,162319
'17SS',5102,50622,162719
'17SS',5102,50622,163119
'17SS',5102,50622,163419
'17SS',5102,50622,163719
'17SS',5102,50622,164019
'17SS',5102,50622,164219
'17SS',5102,50622,164419
'17SS',5102,50622,164819
'17SS',5102,50622,165219
'17SS',5102,50622,165419
'17SS',5102,50622,165719
'17SS',5102,50622,170219
'17SS',5102,50622,170719
'17SS',5102,50622,171219
'17SS',5102,50622,171619
'17SS',5102,50622,172019
'17SS',5102,50622,172319
'17SS',5102,50622,172619
'17SS',5102,50622,172919
'17SS',5102,50622,173319
'17SS',5102,50622,173519
'17SS',5102,50622,173719
'17SS',5102,50622,174119
'17SS',5102,50622,174519
'17SS',5102,50622,174719
'17SS',5102,50622,174919
'17SS',5102,50622,175219
'17SS',5102,50622,175519
'17SS',5102,50622,175819
'17SS',5102,50622,180219
'17SS',5102,50622,180719
'17SS',5102,50622,181119
'17SS',5102,50622,181619
'17SS',5102,50622,182019
'17SS',5102,50622,182519
'17SS',5102,50622,182819
'17SS',5102,50622,183119
'17SS',5102,50622,183619
'17SS',5102,50622,184119
'17SS',5102,50622,184121
'17SS',5102,50622,184619
'17SS',5102,50622,185021
'17SS',5102,50622,185721
'17SS',5102,50622,190321
'17SS',5102,50622,191021
'17SS',5102,50622,191452
'17SS',5102,50622,192152
'17SS',5102,50622,192752
'17SS',5102,50622,193152
'17SS',5102,50622,193852
'17SS',5102,50622,194452
'17SS',5102,50622,195152
'17SS',5102,50622,195752
'17SS',5102,50622,200452
'17SS',5102,50622,201152
'17SS',5102,50622,201952
'17SS',5102,50622,202752
'17SS',5102,50622,203452
'17SS',5102,50622,204152
'17SS',5102,50622,204952
'17SS',5102,50622,205652
'17SS',5102,50622,210352
'17SS',5102,50622,211052
'17SS',5102,50622,211552
'17SS',5102,50622,212152
'17SS',5102,50622,212852
'17SS',5102,50622,213552
'17SS',5102,50622,214252
'17SS',5102,50622,214952
'17SS',5102,50622,215552
'17SS',5102,50622,220252
'17SS',5102,50622,220952
'17SS',5102,50622,221652
'17SS',5102,50622,222352
'17SS',5102,50622,223052
'17SS',5102,50622,223852
'17SS',5102,50622,224652
'17SS',5102,50622,225452
'17SS',5102,50622,230552
'17SS',5102,50622,232052
'17SS',5102,50622,233652
'17SS',5102,50622,235152
'17SS',5102,50622,240852
'17SS',5102,50622,241952
'17SS',5102,50622,243752
'17SS',5102,50622,245952
'17SS',5102,50622,252952
'17SS',5102,50622,260052
