'16UA',19502,57146,61705
'16UA',19502,57146,65205
'16UA',19502,57146,72205
'16UA',19502,57146,75205
'16UA',19502,57146,82205
'16UA',19502,57146,85305
'16UA',19502,57146,92505
'16UA',19502,57146,95505
'16UA',19502,57146,102405
'16UA',19502,57146,105305
'16UA',19502,57146,112433
'16UA',19502,57146,115533
'16UA',19502,57146,122833
'16UA',19502,57146,125833
'16UA',19502,57146,132833
'16UA',19502,57146,135833
'16UA',19502,57146,142833
'16UA',19502,57146,145833
'16UA',19502,57146,152833
'16UA',19502,57146,155833
'16UA',19502,57146,162833
'16UA',19502,57146,165933
'16UA',19502,57146,172933
'16UA',19502,57146,175933
'16UA',19502,57146,182933
'16UA',19502,57146,185933
'16UA',19502,57146,192533
'16UA',19502,57146,195433
'16UA',19502,57146,202433
'16UA',19502,57146,205433
'16UA',19502,57146,212433
'16UA',19502,57146,215433
'16UA',19502,57146,222433
'16UA',19502,57146,225405
'16UA',19502,57146,232205
'16UA',19502,57146,235205
'16UA',19502,57146,242205
'16UA',19502,57146,245205
'16UA',19502,57146,252205
'16UA',19502,57146,255205
'16UA',19502,57146,262205
'16UA',19502,57146,265205
'16UF1',19502,57146,61705
'16UF1',19502,57146,65205
'16UF1',19502,57146,72205
'16UF1',19502,57146,75205
'16UF1',19502,57146,82205
'16UF1',19502,57146,85305
'16UF1',19502,57146,92505
'16UF1',19502,57146,95505
'16UF1',19502,57146,102405
'16UF1',19502,57146,105305
'16UF1',19502,57146,112433
'16UF1',19502,57146,115533
'16UF1',19502,57146,122833
'16UF1',19502,57146,125833
'16UF1',19502,57146,132833
'16UF1',19502,57146,135833
'16UF1',19502,57146,142833
'16UF1',19502,57146,145833
'16UF1',19502,57146,152833
'16UF1',19502,57146,155833
'16UF1',19502,57146,162833
'16UF1',19502,57146,165933
'16UF1',19502,57146,172933
'16UF1',19502,57146,175933
'16UF1',19502,57146,182933
'16UF1',19502,57146,185933
'16UF1',19502,57146,192533
'16UF1',19502,57146,195433
'16UF1',19502,57146,202433
'16UF1',19502,57146,205433
'16UF1',19502,57146,212433
'16UF1',19502,57146,215433
'16UF1',19502,57146,222433
'16UF1',19502,57146,225405
'16UF1',19502,57146,232205
'16UF1',19502,57146,235205
'16UF1',19502,57146,242205
'16UF1',19502,57146,245205
'16UF1',19502,57146,252205
'16UF1',19502,57146,255205
'16UF1',19502,57146,262305
'16UF2',19502,57146,61705
'16UF2',19502,57146,65205
'16UF2',19502,57146,72205
'16UF2',19502,57146,75205
'16UF2',19502,57146,82205
'16UF2',19502,57146,85305
'16UF2',19502,57146,92505
'16UF2',19502,57146,95505
'16UF2',19502,57146,102405
'16UF2',19502,57146,105305
'16UF2',19502,57146,112433
'16UF2',19502,57146,115533
'16UF2',19502,57146,122833
'16UF2',19502,57146,125833
'16UF2',19502,57146,132833
'16UF2',19502,57146,135833
'16UF2',19502,57146,142833
'16UF2',19502,57146,145833
'16UF2',19502,57146,152833
'16UF2',19502,57146,155833
'16UF2',19502,57146,162833
'16UF2',19502,57146,165933
'16UF2',19502,57146,172933
'16UF2',19502,57146,175933
'16UF2',19502,57146,182933
'16UF2',19502,57146,185933
'16UF2',19502,57146,192533
'16UF2',19502,57146,195433
'16UF2',19502,57146,202433
'16UF2',19502,57146,205433
'16UF2',19502,57146,212433
'16UF2',19502,57146,215433
'16UF2',19502,57146,222433
'16UF2',19502,57146,225405
'16UF2',19502,57146,232205
'16UF2',19502,57146,235205
'16UF2',19502,57146,242205
'16UF2',19502,57146,245205
'16UF2',19502,57146,252205
'16UF2',19502,57146,255205
'16UF2',19502,57146,262305
'16UI',19502,57146,61638
'16UI',19502,57146,65138
'16UI',19502,57146,72138
'16UI',19502,57146,75138
'16UI',19502,57146,82138
'16UI',19502,57146,85138
'16UI',19502,57146,92438
'16UI',19502,57146,95438
'16UI',19502,57146,102438
'16UI',19502,57146,105438
'16UI',19502,57146,112438
'16UI',19502,57146,115438
'16UI',19502,57146,122805
'16UI',19502,57146,125805
'16UI',19502,57146,132805
'16UI',19502,57146,135805
'16UI',19502,57146,143005
'16UI',19502,57146,150005
'16UI',19502,57146,153005
'16UI',19502,57146,160105
'16UI',19502,57146,163205
'16UI',19502,57146,170205
'16UI',19502,57146,173205
'16UI',19502,57146,180305
'16UI',19502,57146,183005
'16UI',19502,57146,190005
'16UI',19502,57146,192905
'16UI',19502,57146,195805
'16UI',19502,57146,202705
'16UI',19502,57146,205605
'16UI',19502,57146,212505
'16UI',19502,57146,215505
'16UI',19502,57146,222505
'16UI',19502,57146,225505
'16UI',19502,57146,232505
'16UI',19502,57146,235505
'16UI',19502,57146,242405
'16UI',19502,57146,245405
'16UI',19502,57146,252405
'16UI',19502,57146,255405
'16UI',19502,57146,262305
'16US',19502,57146,55105
'16US',19502,57146,61805
'16US',19502,57146,65333
'16US',19502,57146,71700
'16US',19502,57146,73800
'16US',19502,57146,75700
'16US',19502,57146,81600
'16US',19502,57146,83700
'16US',19502,57146,90100
'16US',19502,57146,92433
'16US',19502,57146,95333
'16US',19502,57146,102233
'16US',19502,57146,105033
'16US',19502,57146,111833
'16US',19502,57146,114833
'16US',19502,57146,121733
'16US',19502,57146,125033
'16US',19502,57146,132233
'16US',19502,57146,135433
'16US',19502,57146,142633
'16US',19502,57146,150033
'16US',19502,57146,153233
'16US',19502,57146,160233
'16US',19502,57146,163033
'16US',19502,57146,170233
'16US',19502,57146,173233
'16US',19502,57146,180233
'16US',19502,57146,183305
'16US',19502,57146,190305
'16US',19502,57146,193305
'16US',19502,57146,200505
'16US',19502,57146,203405
'16US',19502,57146,210305
'16US',19502,57146,213205
'16US',19502,57146,220205
'16US',19502,57146,223105
'16US',19502,57146,230005
'16US',19502,57146,233005
'16US',19502,57146,235705
'16US',19502,57146,242505
'16US',19502,57146,245305
'16US',19502,57146,252305
'16US',19502,57146,255205
'16US',19502,57146,262105
