'18MF2',21901,58527,65000
'18MF2',21901,58527,72600
'18MF2',21901,58527,80200
'18MF2',21901,58527,83800
'18MF2',21901,58527,91300
'18MF2',21901,58527,145600
'18MF2',21901,58527,153100
'18MF2',21901,58527,160600
'18MF2',21901,58527,164100
'18MF2',21901,58527,171600
'18MF2',21901,58527,175100
'18MF2',21901,58527,182600
'18MS',21901,58527,65000
'18MS',21901,58527,72600
'18MS',21901,58527,80200
'18MS',21901,58527,83800
'18MS',21901,58527,91300
'18MS',21901,58527,145600
'18MS',21901,58527,153100
'18MS',21901,58527,160600
'18MS',21901,58527,164100
'18MS',21901,58527,171600
'18MS',21901,58527,175100
'18MS',21901,58527,182600
