'15NA',11301,56940,51812
'15NA',11301,56940,55012
'15NA',11301,56940,62112
'15NA',11301,56940,65112
'15NA',11301,56940,72112
'15NA',11301,56940,73644
'15NA',11301,56940,75144
'15NA',11301,56940,80744
'15NA',11301,56940,82344
'15NA',11301,56940,85544
'15NA',11301,56940,92744
'15NA',11301,56940,95944
'15NA',11301,56940,102444
'15NA',11301,56940,105044
'15NA',11301,56940,111644
'15NA',11301,56940,114244
'15NA',11301,56940,120744
'15NA',11301,56940,122744
'15NA',11301,56940,124744
'15NA',11301,56940,130744
'15NA',11301,56940,132744
'15NA',11301,56940,134744
'15NA',11301,56940,140744
'15NA',11301,56940,142744
'15NA',11301,56940,144744
'15NA',11301,56940,150944
'15NA',11301,56940,153944
'15NA',11301,56940,160944
'15NA',11301,56940,163944
'15NA',11301,56940,170944
'15NA',11301,56940,173944
'15NA',11301,56940,180944
'15NA',11301,56940,183944
'15NA',11301,56940,190712
'15NA',11301,56940,193712
'15NA',11301,56940,200712
'15NA',11301,56940,203712
'15NA',11301,56940,210712
'15NA',11301,56940,213712
'15NA',11301,56940,220612
'15NA',11301,56940,223612
'15NA',11301,56940,230612
'15NA',11301,56940,233612
'15NA',11301,56940,240712
'15NA',11301,56940,243740
'15NA',11301,56940,250740
'15NA',11301,56940,253940
'15NF1',11301,56940,54340
'15NF1',11301,56940,61340
'15NF1',11301,56940,64440
'15NF1',11301,56940,71440
'15NF1',11301,56940,74612
'15NF1',11301,56940,80712
'15NF1',11301,56940,82712
'15NF1',11301,56940,84944
'15NF1',11301,56940,92244
'15NF1',11301,56940,95544
'15NF1',11301,56940,101244
'15NF1',11301,56940,102844
'15NF1',11301,56940,104544
'15NF1',11301,56940,110244
'15NF1',11301,56940,111944
'15NF1',11301,56940,113644
'15NF1',11301,56940,115344
'15NF1',11301,56940,121044
'15NF1',11301,56940,124444
'15NF1',11301,56940,131844
'15NF1',11301,56940,135344
'15NF1',11301,56940,141844
'15NF1',11301,56940,144344
'15NF1',11301,56940,150744
'15NF1',11301,56940,153244
'15NF1',11301,56940,155744
'15NF1',11301,56940,162444
'15NF1',11301,56940,165544
'15NF1',11301,56940,172644
'15NF1',11301,56940,175644
'15NF1',11301,56940,182344
'15NF1',11301,56940,185244
'15NF1',11301,56940,191444
'15NF1',11301,56940,193544
'15NF1',11301,56940,200844
'15NF1',11301,56940,204044
'15NF1',11301,56940,211344
'15NF1',11301,56940,214544
'15NF1',11301,56940,221844
'15NF1',11301,56940,224844
'15NF1',11301,56940,231844
'15NF1',11301,56940,234544
'15NF1',11301,56940,241344
'15NF1',11301,56940,244544
'15NF1',11301,56940,251844
'15NF2',11301,56940,51812
'15NF2',11301,56940,55012
'15NF2',11301,56940,62112
'15NF2',11301,56940,65112
'15NF2',11301,56940,72112
'15NF2',11301,56940,73644
'15NF2',11301,56940,75144
'15NF2',11301,56940,80744
'15NF2',11301,56940,82344
'15NF2',11301,56940,85544
'15NF2',11301,56940,92744
'15NF2',11301,56940,95944
'15NF2',11301,56940,102444
'15NF2',11301,56940,105044
'15NF2',11301,56940,111644
'15NF2',11301,56940,114244
'15NF2',11301,56940,120744
'15NF2',11301,56940,122744
'15NF2',11301,56940,124744
'15NF2',11301,56940,130744
'15NF2',11301,56940,132744
'15NF2',11301,56940,134744
'15NF2',11301,56940,140744
'15NF2',11301,56940,142744
'15NF2',11301,56940,144744
'15NF2',11301,56940,150944
'15NF2',11301,56940,153944
'15NF2',11301,56940,160944
'15NF2',11301,56940,163944
'15NF2',11301,56940,170944
'15NF2',11301,56940,173944
'15NF2',11301,56940,180944
'15NF2',11301,56940,183944
'15NF2',11301,56940,190712
'15NF2',11301,56940,193712
'15NF2',11301,56940,200712
'15NF2',11301,56940,203712
'15NF2',11301,56940,210712
'15NF2',11301,56940,213712
'15NF2',11301,56940,220612
'15NF2',11301,56940,223612
'15NF2',11301,56940,230612
'15NF2',11301,56940,233612
'15NF2',11301,56940,240712
'15NF2',11301,56940,243740
'15NF2',11301,56940,250740
'15NF2',11301,56940,253940
'15NF3',11301,56940,54340
'15NF3',11301,56940,61340
'15NF3',11301,56940,64440
'15NF3',11301,56940,71440
'15NF3',11301,56940,74612
'15NF3',11301,56940,80712
'15NF3',11301,56940,82712
'15NF3',11301,56940,84944
'15NF3',11301,56940,92244
'15NF3',11301,56940,95544
'15NF3',11301,56940,101244
'15NF3',11301,56940,102844
'15NF3',11301,56940,104544
'15NF3',11301,56940,110244
'15NF3',11301,56940,111944
'15NF3',11301,56940,113644
'15NF3',11301,56940,115344
'15NF3',11301,56940,121044
'15NF3',11301,56940,124444
'15NF3',11301,56940,131844
'15NF3',11301,56940,135344
'15NF3',11301,56940,141844
'15NF3',11301,56940,144344
'15NF3',11301,56940,150744
'15NF3',11301,56940,153244
'15NF3',11301,56940,155744
'15NF3',11301,56940,162444
'15NF3',11301,56940,165544
'15NF3',11301,56940,172644
'15NF3',11301,56940,175644
'15NF3',11301,56940,182344
'15NF3',11301,56940,185244
'15NF3',11301,56940,191444
'15NF3',11301,56940,193544
'15NF3',11301,56940,200844
'15NF3',11301,56940,204044
'15NF3',11301,56940,211344
'15NF3',11301,56940,214544
'15NF3',11301,56940,221844
'15NF3',11301,56940,224844
'15NF3',11301,56940,231844
'15NF3',11301,56940,234544
'15NF3',11301,56940,241344
'15NF3',11301,56940,244544
'15NF3',11301,56940,251844
'15NF4',11301,56940,51812
'15NF4',11301,56940,55012
'15NF4',11301,56940,62112
'15NF4',11301,56940,65112
'15NF4',11301,56940,72112
'15NF4',11301,56940,73644
'15NF4',11301,56940,75144
'15NF4',11301,56940,80744
'15NF4',11301,56940,82344
'15NF4',11301,56940,85544
'15NF4',11301,56940,92744
'15NF4',11301,56940,95944
'15NF4',11301,56940,102444
'15NF4',11301,56940,105044
'15NF4',11301,56940,111644
'15NF4',11301,56940,114244
'15NF4',11301,56940,120744
'15NF4',11301,56940,122744
'15NF4',11301,56940,124744
'15NF4',11301,56940,130744
'15NF4',11301,56940,132744
'15NF4',11301,56940,134744
'15NF4',11301,56940,140744
'15NF4',11301,56940,142744
'15NF4',11301,56940,144744
'15NF4',11301,56940,150944
'15NF4',11301,56940,153944
'15NF4',11301,56940,160944
'15NF4',11301,56940,163944
'15NF4',11301,56940,170944
'15NF4',11301,56940,173944
'15NF4',11301,56940,180944
'15NF4',11301,56940,183944
'15NF4',11301,56940,190712
'15NF4',11301,56940,193712
'15NF4',11301,56940,200712
'15NF4',11301,56940,203712
'15NF4',11301,56940,210712
'15NF4',11301,56940,213712
'15NF4',11301,56940,220612
'15NF4',11301,56940,223612
'15NF4',11301,56940,230612
'15NF4',11301,56940,233612
'15NF4',11301,56940,240712
'15NF4',11301,56940,243740
'15NF4',11301,56940,250740
'15NF4',11301,56940,253940
'15NI',11301,56940,54340
'15NI',11301,56940,61340
'15NI',11301,56940,64440
'15NI',11301,56940,71440
'15NI',11301,56940,74612
'15NI',11301,56940,80712
'15NI',11301,56940,82712
'15NI',11301,56940,84944
'15NI',11301,56940,92244
'15NI',11301,56940,95544
'15NI',11301,56940,101244
'15NI',11301,56940,102844
'15NI',11301,56940,104544
'15NI',11301,56940,110244
'15NI',11301,56940,111944
'15NI',11301,56940,113644
'15NI',11301,56940,115344
'15NI',11301,56940,121044
'15NI',11301,56940,124444
'15NI',11301,56940,131844
'15NI',11301,56940,135344
'15NI',11301,56940,141844
'15NI',11301,56940,144344
'15NI',11301,56940,150744
'15NI',11301,56940,153244
'15NI',11301,56940,155744
'15NI',11301,56940,162444
'15NI',11301,56940,165544
'15NI',11301,56940,172644
'15NI',11301,56940,175644
'15NI',11301,56940,182344
'15NI',11301,56940,185244
'15NI',11301,56940,191544
'15NI',11301,56940,193744
'15NI',11301,56940,201044
'15NI',11301,56940,204244
'15NI',11301,56940,211544
'15NI',11301,56940,214744
'15NI',11301,56940,222044
'15NI',11301,56940,225044
'15NI',11301,56940,231844
'15NI',11301,56940,234544
'15NI',11301,56940,241344
'15NI',11301,56940,244544
'15NI',11301,56940,251844
'15NS',11301,56940,50312
'15NS',11301,56940,53012
'15NS',11301,56940,55512
'15NS',11301,56940,61444
'15NS',11301,56940,63244
'15NS',11301,56940,64717
'15NS',11301,56940,70117
'15NS',11301,56940,70717
'15NS',11301,56940,71317
'15NS',11301,56940,71917
'15NS',11301,56940,72517
'15NS',11301,56940,73117
'15NS',11301,56940,73817
'15NS',11301,56940,74617
'15NS',11301,56940,75417
'15NS',11301,56940,80317
'15NS',11301,56940,81217
'15NS',11301,56940,82117
'15NS',11301,56940,83517
'15NS',11301,56940,85017
'15NS',11301,56940,90617
'15NS',11301,56940,92117
'15NS',11301,56940,93617
'15NS',11301,56940,95117
'15NS',11301,56940,100317
'15NS',11301,56940,101317
'15NS',11301,56940,102517
'15NS',11301,56940,103817
'15NS',11301,56940,105017
'15NS',11301,56940,110117
'15NS',11301,56940,111217
'15NS',11301,56940,112317
'15NS',11301,56940,113517
'15NS',11301,56940,114717
'15NS',11301,56940,115717
'15NS',11301,56940,120717
'15NS',11301,56940,121717
'15NS',11301,56940,122717
'15NS',11301,56940,123617
'15NS',11301,56940,124617
'15NS',11301,56940,125617
'15NS',11301,56940,130617
'15NS',11301,56940,131617
'15NS',11301,56940,132817
'15NS',11301,56940,134117
'15NS',11301,56940,135317
'15NS',11301,56940,140517
'15NS',11301,56940,141517
'15NS',11301,56940,142517
'15NS',11301,56940,143317
'15NS',11301,56940,144117
'15NS',11301,56940,144917
'15NS',11301,56940,145717
'15NS',11301,56940,150517
'15NS',11301,56940,151749
'15NS',11301,56940,153449
'15NS',11301,56940,155149
'15NS',11301,56940,161049
'15NS',11301,56940,163449
'15NS',11301,56940,170149
'15NS',11301,56940,172749
'15NS',11301,56940,175449
'15NS',11301,56940,181917
'15NS',11301,56940,184544
'15NS',11301,56940,191444
'15NS',11301,56940,194244
'15NS',11301,56940,201144
'15NS',11301,56940,204144
'15NS',11301,56940,211112
'15NS',11301,56940,214312
'15NS',11301,56940,221212
'15NS',11301,56940,224412
'15NS',11301,56940,231512
'15NS',11301,56940,234512
'15NS',11301,56940,241612
'15NS',11301,56940,244540
'15NS',11301,56940,251540
