'14JA',1101,51279,213900
'14JA',1101,51279,220900
'14JA',1101,51279,223900
'14JA',1101,51279,230900
'14JA',1101,51279,233900
'14JA',1101,51279,240900
'14JA',1101,51391,214000
'14JA',1101,51391,221000
'14JA',1101,51391,224000
'14JA',1101,51391,231000
'14JA',1101,51391,234000
'14JA',1101,51391,241000
'14JA',1101,51427,214100
'14JA',1101,51427,221100
'14JA',1101,51427,224100
'14JA',1101,51427,231100
'14JA',1101,51427,234100
'14JA',1101,51427,241100
'14JA',1101,51428,80000
'14JA',1101,51428,82100
'14JA',1101,51428,84200
'14JA',1101,51428,90400
'14JA',1101,51428,92600
'14JA',1101,51428,94600
'14JA',1101,51428,100700
'14JA',1101,51428,102800
'14JA',1101,51428,104800
'14JA',1101,51428,110800
'14JA',1101,51428,112800
'14JA',1101,51428,114800
'14JA',1101,51428,120800
'14JA',1101,51428,122800
'14JA',1101,51428,125000
'14JA',1101,51428,131100
'14JA',1101,51428,133100
'14JA',1101,51428,134600
'14JA',1101,51428,140100
'14JA',1101,51428,141700
'14JA',1101,51428,143100
'14JA',1101,51428,144500
'14JA',1101,51428,145900
'14JA',1101,51428,151400
'14JA',1101,51428,152900
'14JA',1101,51428,154400
'14JA',1101,51428,155900
'14JA',1101,51428,161400
'14JA',1101,51428,162900
'14JA',1101,51428,164500
'14JA',1101,51428,170100
'14JA',1101,51428,171800
'14JA',1101,51428,173500
'14JA',1101,51428,175600
'14JA',1101,51428,181700
'14JA',1101,51428,183700
'14JA',1101,51428,185700
'14JA',1101,51428,191700
'14JA',1101,51428,193800
'14JA',1101,51428,195900
'14JA',1101,51428,201900
'14JA',1101,51428,204000
'14JA',1101,51428,210000
'14JA',1101,51428,212000
'14JA',1101,51487,80100
'14JA',1101,51487,82200
'14JA',1101,51487,84300
'14JA',1101,51487,90500
'14JA',1101,51487,92700
'14JA',1101,51487,94700
'14JA',1101,51487,100800
'14JA',1101,51487,102900
'14JA',1101,51487,104900
'14JA',1101,51487,110900
'14JA',1101,51487,112900
'14JA',1101,51487,114900
'14JA',1101,51487,120900
'14JA',1101,51487,122900
'14JA',1101,51487,125100
'14JA',1101,51487,131200
'14JA',1101,51487,133200
'14JA',1101,51487,134700
'14JA',1101,51487,140200
'14JA',1101,51487,141800
'14JA',1101,51487,143200
'14JA',1101,51487,144600
'14JA',1101,51487,150000
'14JA',1101,51487,151500
'14JA',1101,51487,153000
'14JA',1101,51487,154500
'14JA',1101,51487,160000
'14JA',1101,51487,161500
'14JA',1101,51487,163000
'14JA',1101,51487,164600
'14JA',1101,51487,170200
'14JA',1101,51487,171900
'14JA',1101,51487,173600
'14JA',1101,51487,175700
'14JA',1101,51487,181800
'14JA',1101,51487,183800
'14JA',1101,51487,185800
'14JA',1101,51487,191800
'14JA',1101,51487,193900
'14JA',1101,51487,200000
'14JA',1101,51487,202000
'14JA',1101,51487,204100
'14JA',1101,51487,210100
'14JA',1101,51487,212100
'14JA',1101,51487,214100
'14JA',1101,51487,221100
'14JA',1101,51487,224100
'14JA',1101,51487,231100
'14JA',1101,51487,234100
'14JA',1101,51487,241100
'14JA',1101,51544,80200
'14JA',1101,51544,82300
'14JA',1101,51544,84400
'14JA',1101,51544,90600
'14JA',1101,51544,92800
'14JA',1101,51544,94800
'14JA',1101,51544,100900
'14JA',1101,51544,103000
'14JA',1101,51544,105000
'14JA',1101,51544,111000
'14JA',1101,51544,113000
'14JA',1101,51544,115000
'14JA',1101,51544,121000
'14JA',1101,51544,123000
'14JA',1101,51544,125200
'14JA',1101,51544,131300
'14JA',1101,51544,133300
'14JA',1101,51544,134900
'14JA',1101,51544,140400
'14JA',1101,51544,142000
'14JA',1101,51544,143400
'14JA',1101,51544,144800
'14JA',1101,51544,150200
'14JA',1101,51544,151700
'14JA',1101,51544,153200
'14JA',1101,51544,154700
'14JA',1101,51544,160200
'14JA',1101,51544,161700
'14JA',1101,51544,163200
'14JA',1101,51544,164700
'14JA',1101,51544,170300
'14JA',1101,51544,172000
'14JA',1101,51544,173700
'14JA',1101,51544,175800
'14JA',1101,51544,181900
'14JA',1101,51544,183900
'14JA',1101,51544,185900
'14JA',1101,51544,191900
'14JA',1101,51544,194000
'14JA',1101,51544,200100
'14JA',1101,51544,202100
'14JA',1101,51544,204200
'14JA',1101,51544,210200
'14JA',1101,51544,212200
'14JA',1101,51544,214300
'14JA',1101,51544,221300
'14JA',1101,51544,224300
'14JA',1101,51544,231300
'14JA',1101,51544,234300
'14JA',1101,51544,241300
'14JA',1101,51879,80900
'14JA',1101,51879,83000
'14JA',1101,51879,85100
'14JA',1101,51879,91300
'14JA',1101,51879,93500
'14JA',1101,51879,95500
'14JA',1101,51879,101600
'14JA',1101,51879,103700
'14JA',1101,51879,105700
'14JA',1101,51879,111700
'14JA',1101,51879,113700
'14JA',1101,51879,115700
'14JA',1101,51879,121700
'14JA',1101,51879,123700
'14JA',1101,51879,125900
'14JA',1101,51879,132000
'14JA',1101,51879,134000
'14JA',1101,51879,135600
'14JA',1101,51879,141100
'14JA',1101,51879,142700
'14JA',1101,51879,144100
'14JA',1101,51879,145500
'14JA',1101,51879,150900
'14JA',1101,51879,152400
'14JA',1101,51879,153900
'14JA',1101,51879,155400
'14JA',1101,51879,160900
'14JA',1101,51879,162400
'14JA',1101,51879,163900
'14JA',1101,51879,165400
'14JA',1101,51879,171000
'14JA',1101,51879,172700
'14JA',1101,51879,174400
'14JA',1101,51879,180500
'14JA',1101,51879,182600
'14JA',1101,51879,184600
'14JA',1101,51879,190600
'14JA',1101,51879,192600
'14JA',1101,51879,194700
'14JA',1101,51879,200800
'14JA',1101,51879,202800
'14JA',1101,51879,204800
'14JA',1101,51879,210800
'14JA',1101,51879,212800
'14JA',1101,51879,214900
'14JA',1101,51879,221900
'14JA',1101,51879,224900
'14JA',1101,51879,231900
'14JA',1101,51879,234900
'14JA',1101,51879,241900
'14JA',1101,51884,81000
'14JA',1101,51884,83100
'14JA',1101,51884,85200
'14JA',1101,51884,91400
'14JA',1101,51884,93600
'14JA',1101,51884,95600
'14JA',1101,51884,101700
'14JA',1101,51884,103800
'14JA',1101,51884,105800
'14JA',1101,51884,111800
'14JA',1101,51884,113800
'14JA',1101,51884,115800
'14JA',1101,51884,121800
'14JA',1101,51884,123800
'14JA',1101,51884,130000
'14JA',1101,51884,132100
'14JA',1101,51884,134100
'14JA',1101,51884,135700
'14JA',1101,51884,141200
'14JA',1101,51884,142800
'14JA',1101,51884,144200
'14JA',1101,51884,145600
'14JA',1101,51884,151000
'14JA',1101,51884,152500
'14JA',1101,51884,154000
'14JA',1101,51884,155500
'14JA',1101,51884,161000
'14JA',1101,51884,162500
'14JA',1101,51884,164000
'14JA',1101,51884,165500
'14JA',1101,51884,171100
'14JA',1101,51884,172800
'14JA',1101,51884,174500
'14JA',1101,51884,180600
'14JA',1101,51884,182700
'14JA',1101,51884,184700
'14JA',1101,51884,190700
'14JA',1101,51884,192700
'14JA',1101,51884,194800
'14JA',1101,51884,200900
'14JA',1101,51884,202900
'14JA',1101,51884,204900
'14JA',1101,51884,210900
'14JA',1101,51884,212900
'14JA',1101,51884,215000
'14JA',1101,51884,222000
'14JA',1101,51884,225000
'14JA',1101,51884,232000
'14JA',1101,51884,235000
'14JA',1101,51884,242000
'14JA',1101,51939,81100
'14JA',1101,51939,83200
'14JA',1101,51939,85300
'14JA',1101,51939,91500
'14JA',1101,51939,93700
'14JA',1101,51939,95700
'14JA',1101,51939,101800
'14JA',1101,51939,103900
'14JA',1101,51939,105900
'14JA',1101,51939,111900
'14JA',1101,51939,113900
'14JA',1101,51939,115900
'14JA',1101,51939,121900
'14JA',1101,51939,123900
'14JA',1101,51939,130200
'14JA',1101,51939,132300
'14JA',1101,51939,134300
'14JA',1101,51939,135900
'14JA',1101,51939,141400
'14JA',1101,51939,143000
'14JA',1101,51939,144400
'14JA',1101,51939,145800
'14JA',1101,51939,151200
'14JA',1101,51939,152700
'14JA',1101,51939,154200
'14JA',1101,51939,155700
'14JA',1101,51939,161200
'14JA',1101,51939,162700
'14JA',1101,51939,164200
'14JA',1101,51939,165700
'14JA',1101,51939,171300
'14JA',1101,51939,173000
'14JA',1101,51939,174700
'14JA',1101,51939,180800
'14JA',1101,51939,182900
'14JA',1101,51939,184800
'14JA',1101,51939,190800
'14JA',1101,51939,192800
'14JA',1101,51939,194900
'14JA',1101,51939,201000
'14JA',1101,51939,203000
'14JA',1101,51939,205000
'14JA',1101,51939,211000
'14JA',1101,51939,213000
'14JA',1101,51939,215100
'14JA',1101,51939,222100
'14JA',1101,51939,225100
'14JA',1101,51939,232100
'14JA',1101,51939,235100
'14JA',1101,51939,242100
'14JA',1101,51966,81200
'14JA',1101,51966,83300
'14JA',1101,51966,85400
'14JA',1101,51966,91600
'14JA',1101,51966,93800
'14JA',1101,51966,95800
'14JA',1101,51966,101900
'14JA',1101,51966,104000
'14JA',1101,51966,110000
'14JA',1101,51966,112000
'14JA',1101,51966,114000
'14JA',1101,51966,120000
'14JA',1101,51966,122000
'14JA',1101,51966,124000
'14JA',1101,51966,130300
'14JA',1101,51966,132400
'14JA',1101,51966,134400
'14JA',1101,51966,140000
'14JA',1101,51966,141500
'14JA',1101,51966,143100
'14JA',1101,51966,144500
'14JA',1101,51966,145900
'14JA',1101,51966,151300
'14JA',1101,51966,152800
'14JA',1101,51966,154300
'14JA',1101,51966,155800
'14JA',1101,51966,161300
'14JA',1101,51966,162800
'14JA',1101,51966,164300
'14JA',1101,51966,165800
'14JA',1101,51966,171400
'14JA',1101,51966,173100
'14JA',1101,51966,174800
'14JA',1101,51966,180900
'14JA',1101,51966,183000
'14JA',1101,51966,184900
'14JA',1101,51966,190900
'14JA',1101,51966,192900
'14JA',1101,51966,195000
'14JA',1101,51966,201100
'14JA',1101,51966,203100
'14JA',1101,51966,205100
'14JA',1101,51966,211100
'14JA',1101,51966,213100
'14JA',1101,51966,215200
'14JA',1101,51966,222200
'14JA',1101,51966,225200
'14JA',1101,51966,232200
'14JA',1101,51966,235200
'14JA',1101,51966,242200
'14JA',1101,52006,81300
'14JA',1101,52006,83400
'14JA',1101,52006,85500
'14JA',1101,52006,91700
'14JA',1101,52006,93900
'14JA',1101,52006,95900
'14JA',1101,52006,102000
'14JA',1101,52006,104100
'14JA',1101,52006,110200
'14JA',1101,52006,112200
'14JA',1101,52006,114200
'14JA',1101,52006,120200
'14JA',1101,52006,122200
'14JA',1101,52006,124200
'14JA',1101,52006,130400
'14JA',1101,52006,132500
'14JA',1101,52006,134500
'14JA',1101,52006,140200
'14JA',1101,52006,141700
'14JA',1101,52006,143300
'14JA',1101,52006,144700
'14JA',1101,52006,150100
'14JA',1101,52006,151500
'14JA',1101,52006,153000
'14JA',1101,52006,154500
'14JA',1101,52006,160000
'14JA',1101,52006,161500
'14JA',1101,52006,163000
'14JA',1101,52006,164500
'14JA',1101,52006,170000
'14JA',1101,52006,171600
'14JA',1101,52006,173300
'14JA',1101,52006,175000
'14JA',1101,52006,181100
'14JA',1101,52006,183200
'14JA',1101,52006,185100
'14JA',1101,52006,191100
'14JA',1101,52006,193100
'14JA',1101,52006,195200
'14JA',1101,52006,201300
'14JA',1101,52006,203300
'14JA',1101,52006,205300
'14JA',1101,52006,211300
'14JA',1101,52006,213300
'14JA',1101,52006,215400
'14JA',1101,52006,222400
'14JA',1101,52006,225400
'14JA',1101,52006,232400
'14JA',1101,52006,235400
'14JA',1101,52006,242400
'14JA',1101,52036,81400
'14JA',1101,52036,83500
'14JA',1101,52036,85600
'14JA',1101,52036,91800
'14JA',1101,52036,94000
'14JA',1101,52036,100000
'14JA',1101,52036,102100
'14JA',1101,52036,104200
'14JA',1101,52036,110300
'14JA',1101,52036,112300
'14JA',1101,52036,114300
'14JA',1101,52036,120300
'14JA',1101,52036,122300
'14JA',1101,52036,124300
'14JA',1101,52036,130600
'14JA',1101,52036,132700
'14JA',1101,52036,134700
'14JA',1101,52036,140400
'14JA',1101,52036,141900
'14JA',1101,52036,143500
'14JA',1101,52036,144900
'14JA',1101,52036,150300
'14JA',1101,52036,151700
'14JA',1101,52036,153200
'14JA',1101,52036,154700
'14JA',1101,52036,160200
'14JA',1101,52036,161700
'14JA',1101,52036,163200
'14JA',1101,52036,164700
'14JA',1101,52036,170200
'14JA',1101,52036,171800
'14JA',1101,52036,173500
'14JA',1101,52036,175200
'14JA',1101,52036,181300
'14JA',1101,52036,183400
'14JA',1101,52036,185200
'14JA',1101,52036,191200
'14JA',1101,52036,193200
'14JA',1101,52036,195300
'14JA',1101,52036,201400
'14JA',1101,52036,203400
'14JA',1101,52036,205400
'14JA',1101,52036,211400
'14JA',1101,52036,213400
'14JA',1101,52036,215500
'14JA',1101,52036,222500
'14JA',1101,52036,225500
'14JA',1101,52036,232500
'14JA',1101,52036,235500
'14JA',1101,52036,242500
'14JA',1101,52057,81500
'14JA',1101,52057,83600
'14JA',1101,52057,85700
'14JA',1101,52057,91900
'14JA',1101,52057,94100
'14JA',1101,52057,100100
'14JA',1101,52057,102200
'14JA',1101,52057,104300
'14JA',1101,52057,110400
'14JA',1101,52057,112400
'14JA',1101,52057,114400
'14JA',1101,52057,120400
'14JA',1101,52057,122400
'14JA',1101,52057,124400
'14JA',1101,52057,130700
'14JA',1101,52057,132800
'14JA',1101,52057,134800
'14JA',1101,52057,140500
'14JA',1101,52057,142000
'14JA',1101,52057,143600
'14JA',1101,52057,145000
'14JA',1101,52057,150400
'14JA',1101,52057,151800
'14JA',1101,52057,153300
'14JA',1101,52057,154800
'14JA',1101,52057,160300
'14JA',1101,52057,161800
'14JA',1101,52057,163300
'14JA',1101,52057,164800
'14JA',1101,52057,170300
'14JA',1101,52057,171900
'14JA',1101,52057,173600
'14JA',1101,52057,175300
'14JA',1101,52057,181400
'14JA',1101,52057,183500
'14JA',1101,52057,185300
'14JA',1101,52057,191300
'14JA',1101,52057,193300
'14JA',1101,52057,195400
'14JA',1101,52057,201500
'14JA',1101,52057,203500
'14JA',1101,52057,205500
'14JA',1101,52057,211500
'14JA',1101,52057,213500
'14JA',1101,52057,215600
'14JA',1101,52057,222600
'14JA',1101,52057,225600
'14JA',1101,52057,232600
'14JA',1101,52057,235600
'14JA',1101,52057,242600
'14JA',1101,52083,81600
'14JA',1101,52083,83700
'14JA',1101,52083,85800
'14JA',1101,52083,92000
'14JA',1101,52083,94200
'14JA',1101,52083,100200
'14JA',1101,52083,102300
'14JA',1101,52083,104400
'14JA',1101,52083,110500
'14JA',1101,52083,112500
'14JA',1101,52083,114500
'14JA',1101,52083,120500
'14JA',1101,52083,122500
'14JA',1101,52083,124500
'14JA',1101,52083,130800
'14JA',1101,52083,132900
'14JA',1101,52083,134900
'14JA',1101,52083,140600
'14JA',1101,52083,142100
'14JA',1101,52083,143700
'14JA',1101,52083,145100
'14JA',1101,52083,150500
'14JA',1101,52083,151900
'14JA',1101,52083,153400
'14JA',1101,52083,154900
'14JA',1101,52083,160400
'14JA',1101,52083,161900
'14JA',1101,52083,163400
'14JA',1101,52083,164900
'14JA',1101,52083,170400
'14JA',1101,52083,172000
'14JA',1101,52083,173700
'14JA',1101,52083,175400
'14JA',1101,52083,181500
'14JA',1101,52083,183600
'14JA',1101,52083,185400
'14JA',1101,52083,191400
'14JA',1101,52083,193400
'14JA',1101,52083,195500
'14JA',1101,52083,201600
'14JA',1101,52083,203600
'14JA',1101,52083,205600
'14JA',1101,52083,211600
'14JA',1101,52083,213600
'14JA',1101,52083,215700
'14JA',1101,52083,222700
'14JA',1101,52083,225700
'14JA',1101,52083,232700
'14JA',1101,52083,235700
'14JA',1101,52083,242700
'14JA',1101,52101,81600
'14JA',1101,52101,83800
'14JA',1101,52101,85900
'14JA',1101,52101,92100
'14JA',1101,52101,94300
'14JA',1101,52101,100300
'14JA',1101,52101,102400
'14JA',1101,52101,104500
'14JA',1101,52101,110600
'14JA',1101,52101,112600
'14JA',1101,52101,114600
'14JA',1101,52101,120600
'14JA',1101,52101,122600
'14JA',1101,52101,124600
'14JA',1101,52101,130900
'14JA',1101,52101,133000
'14JA',1101,52101,135000
'14JA',1101,52101,140700
'14JA',1101,52101,142200
'14JA',1101,52101,143800
'14JA',1101,52101,145200
'14JA',1101,52101,150600
'14JA',1101,52101,152000
'14JA',1101,52101,153500
'14JA',1101,52101,155000
'14JA',1101,52101,160500
'14JA',1101,52101,162000
'14JA',1101,52101,163500
'14JA',1101,52101,165000
'14JA',1101,52101,170500
'14JA',1101,52101,172100
'14JA',1101,52101,173800
'14JA',1101,52101,175500
'14JA',1101,52101,181600
'14JA',1101,52101,183700
'14JA',1101,52101,185500
'14JA',1101,52101,191500
'14JA',1101,52101,193500
'14JA',1101,52101,195600
'14JA',1101,52101,201700
'14JA',1101,52101,203700
'14JA',1101,52101,205700
'14JA',1101,52101,211700
'14JA',1101,52101,213700
'14JA',1101,52101,215800
'14JA',1101,52101,222800
'14JA',1101,52101,225800
'14JA',1101,52101,232800
'14JA',1101,52101,235800
'14JA',1101,52101,242800
'14JA',1101,52138,81700
'14JA',1101,52138,83900
'14JA',1101,52138,90000
'14JA',1101,52138,92200
'14JA',1101,52138,94400
'14JA',1101,52138,100400
'14JA',1101,52138,102500
'14JA',1101,52138,104600
'14JA',1101,52138,110700
'14JA',1101,52138,112700
'14JA',1101,52138,114700
'14JA',1101,52138,120700
'14JA',1101,52138,122700
'14JA',1101,52138,124700
'14JA',1101,52138,131000
'14JA',1101,52138,133100
'14JA',1101,52138,135200
'14JA',1101,52138,140900
'14JA',1101,52138,142400
'14JA',1101,52138,144000
'14JA',1101,52138,145400
'14JA',1101,52138,150800
'14JA',1101,52138,152200
'14JA',1101,52138,153700
'14JA',1101,52138,155200
'14JA',1101,52138,160700
'14JA',1101,52138,162200
'14JA',1101,52138,163600
'14JA',1101,52138,165100
'14JA',1101,52138,170600
'14JA',1101,52138,172200
'14JA',1101,52138,173900
'14JA',1101,52138,175600
'14JA',1101,52138,181700
'14JA',1101,52138,183800
'14JA',1101,52138,185600
'14JA',1101,52138,191600
'14JA',1101,52138,193600
'14JA',1101,52138,195700
'14JA',1101,52138,201800
'14JA',1101,52138,203800
'14JA',1101,52138,205800
'14JA',1101,52138,211800
'14JA',1101,52138,213800
'14JA',1101,52138,215900
'14JA',1101,52138,222900
'14JA',1101,52138,225900
'14JA',1101,52138,232900
'14JA',1101,52138,235900
'14JA',1101,52138,242900
'14JA',1101,52247,81900
'14JA',1101,52247,84100
'14JA',1101,52247,90200
'14JA',1101,52247,92400
'14JA',1101,52247,94600
'14JA',1101,52247,100600
'14JA',1101,52247,102700
'14JA',1101,52247,104800
'14JA',1101,52247,111000
'14JA',1101,52247,113000
'14JA',1101,52247,115000
'14JA',1101,52247,121000
'14JA',1101,52247,123000
'14JA',1101,52247,125000
'14JA',1101,52247,131300
'14JA',1101,52247,133400
'14JA',1101,52247,135500
'14JA',1101,52247,141200
'14JA',1101,52247,142700
'14JA',1101,52247,144300
'14JA',1101,52247,145700
'14JA',1101,52247,151100
'14JA',1101,52247,152500
'14JA',1101,52247,154000
'14JA',1101,52247,155500
'14JA',1101,52247,161000
'14JA',1101,52247,162500
'14JA',1101,52247,163800
'14JA',1101,52247,165300
'14JA',1101,52247,170800
'14JA',1101,52247,172400
'14JA',1101,52247,174100
'14JA',1101,52247,175800
'14JA',1101,52247,181900
'14JA',1101,52247,184000
'14JA',1101,52247,185800
'14JA',1101,52247,191800
'14JA',1101,52247,193800
'14JA',1101,52247,195900
'14JA',1101,52247,202000
'14JA',1101,52247,204000
'14JA',1101,52247,210000
'14JA',1101,52247,212000
'14JA',1101,52247,214000
'14JA',1101,52247,220100
'14JA',1101,52247,223100
'14JA',1101,52247,230100
'14JA',1101,52247,233100
'14JA',1101,52247,240100
'14JA',1101,52247,243100
'14JA',1101,52322,82000
'14JA',1101,52322,84200
'14JA',1101,52322,90300
'14JA',1101,52322,92500
'14JA',1101,52322,94700
'14JA',1101,52322,100700
'14JA',1101,52322,102800
'14JA',1101,52322,104900
'14JA',1101,52322,111200
'14JA',1101,52322,113200
'14JA',1101,52322,115200
'14JA',1101,52322,121200
'14JA',1101,52322,123200
'14JA',1101,52322,125200
'14JA',1101,52322,131500
'14JA',1101,52322,133600
'14JA',1101,52322,135700
'14JA',1101,52322,141400
'14JA',1101,52322,142900
'14JA',1101,52322,144500
'14JA',1101,52322,145900
'14JA',1101,52322,151300
'14JA',1101,52322,152700
'14JA',1101,52322,154200
'14JA',1101,52322,155700
'14JA',1101,52322,161200
'14JA',1101,52322,162700
'14JA',1101,52322,164000
'14JA',1101,52322,165500
'14JA',1101,52322,171000
'14JA',1101,52322,172600
'14JA',1101,52322,174300
'14JA',1101,52322,180000
'14JA',1101,52322,182100
'14JA',1101,52322,184200
'14JA',1101,52322,190000
'14JA',1101,52322,192000
'14JA',1101,52322,194000
'14JA',1101,52322,200100
'14JA',1101,52322,202200
'14JA',1101,52322,204200
'14JA',1101,52322,210100
'14JA',1101,52322,212100
'14JA',1101,52322,214100
'14JA',1101,52322,220200
'14JA',1101,52322,223200
'14JA',1101,52322,230200
'14JA',1101,52322,233200
'14JA',1101,52322,240200
'14JA',1101,52322,243200
'14JA',1101,53741,75800
'14JA',1101,53741,81900
'14JA',1101,53741,84000
'14JA',1101,53741,90200
'14JA',1101,53741,92400
'14JA',1101,53741,94400
'14JA',1101,53741,100500
'14JA',1101,53741,102600
'14JA',1101,53741,104600
'14JA',1101,53741,110600
'14JA',1101,53741,112600
'14JA',1101,53741,114600
'14JA',1101,53741,120600
'14JA',1101,53741,122600
'14JA',1101,53741,124800
'14JA',1101,53741,130900
'14JA',1101,53741,132900
'14JA',1101,53741,134400
'14JA',1101,53741,135900
'14JA',1101,53741,141500
'14JA',1101,53741,142900
'14JA',1101,53741,144300
'14JA',1101,53741,145700
'14JA',1101,53741,151200
'14JA',1101,53741,152700
'14JA',1101,53741,154200
'14JA',1101,53741,155700
'14JA',1101,53741,161200
'14JA',1101,53741,162700
'14JA',1101,53741,164300
'14JA',1101,53741,165900
'14JA',1101,53741,171600
'14JA',1101,53741,173300
'14JA',1101,53741,175400
'14JA',1101,53741,181500
'14JA',1101,53741,183500
'14JA',1101,53741,185500
'14JA',1101,53741,191500
'14JA',1101,53741,193600
'14JA',1101,53741,195700
'14JA',1101,53741,201700
'14JA',1101,53741,203800
'14JA',1101,53741,205800
'14JA',1101,53741,211800
'14JA',1101,53742,75900
'14JA',1101,53742,82000
'14JA',1101,53742,84100
'14JA',1101,53742,90300
'14JA',1101,53742,92500
'14JA',1101,53742,94500
'14JA',1101,53742,100600
'14JA',1101,53742,102700
'14JA',1101,53742,104700
'14JA',1101,53742,110700
'14JA',1101,53742,112700
'14JA',1101,53742,114700
'14JA',1101,53742,120700
'14JA',1101,53742,122700
'14JA',1101,53742,124900
'14JA',1101,53742,131000
'14JA',1101,53742,133000
'14JA',1101,53742,134500
'14JA',1101,53742,140000
'14JA',1101,53742,141600
'14JA',1101,53742,143000
'14JA',1101,53742,144400
'14JA',1101,53742,145800
'14JA',1101,53742,151300
'14JA',1101,53742,152800
'14JA',1101,53742,154300
'14JA',1101,53742,155800
'14JA',1101,53742,161300
'14JA',1101,53742,162800
'14JA',1101,53742,164400
'14JA',1101,53742,170000
'14JA',1101,53742,171700
'14JA',1101,53742,173400
'14JA',1101,53742,175500
'14JA',1101,53742,181600
'14JA',1101,53742,183600
'14JA',1101,53742,185600
'14JA',1101,53742,191600
'14JA',1101,53742,193700
'14JA',1101,53742,195800
'14JA',1101,53742,201800
'14JA',1101,53742,203900
'14JA',1101,53742,205900
'14JA',1101,53742,211900
'14JA',1101,53743,75900
'14JA',1101,53743,82000
'14JA',1101,53743,84100
'14JA',1101,53743,90300
'14JA',1101,53743,92500
'14JA',1101,53743,94500
'14JA',1101,53743,100600
'14JA',1101,53743,102700
'14JA',1101,53743,104700
'14JA',1101,53743,110700
'14JA',1101,53743,112700
'14JA',1101,53743,114700
'14JA',1101,53743,120700
'14JA',1101,53743,122700
'14JA',1101,53743,124900
'14JA',1101,53743,131000
'14JA',1101,53743,133000
'14JA',1101,53743,134600
'14JA',1101,53743,140100
'14JA',1101,53743,141700
'14JA',1101,53743,143100
'14JA',1101,53743,144500
'14JA',1101,53743,145900
'14JA',1101,53743,151400
'14JA',1101,53743,152900
'14JA',1101,53743,154400
'14JA',1101,53743,155900
'14JA',1101,53743,161400
'14JA',1101,53743,162900
'14JA',1101,53743,164400
'14JA',1101,53743,170000
'14JA',1101,53743,171700
'14JA',1101,53743,173400
'14JA',1101,53743,175500
'14JA',1101,53743,181600
'14JA',1101,53743,183600
'14JA',1101,53743,185600
'14JA',1101,53743,191600
'14JA',1101,53743,193700
'14JA',1101,53743,195800
'14JA',1101,53743,201800
'14JA',1101,53743,203900
'14JA',1101,53743,205900
'14JA',1101,53743,211900
'14JA',1101,53744,80400
'14JA',1101,53744,82500
'14JA',1101,53744,84600
'14JA',1101,53744,90800
'14JA',1101,53744,93000
'14JA',1101,53744,95000
'14JA',1101,53744,101100
'14JA',1101,53744,103200
'14JA',1101,53744,105200
'14JA',1101,53744,111200
'14JA',1101,53744,113200
'14JA',1101,53744,115200
'14JA',1101,53744,121200
'14JA',1101,53744,123200
'14JA',1101,53744,125400
'14JA',1101,53744,131500
'14JA',1101,53744,133500
'14JA',1101,53744,135100
'14JA',1101,53744,140600
'14JA',1101,53744,142200
'14JA',1101,53744,143600
'14JA',1101,53744,145000
'14JA',1101,53744,150400
'14JA',1101,53744,151900
'14JA',1101,53744,153400
'14JA',1101,53744,154900
'14JA',1101,53744,160400
'14JA',1101,53744,161900
'14JA',1101,53744,163400
'14JA',1101,53744,164900
'14JA',1101,53744,170500
'14JA',1101,53744,172200
'14JA',1101,53744,173900
'14JA',1101,53744,180000
'14JA',1101,53744,182100
'14JA',1101,53744,184100
'14JA',1101,53744,190100
'14JA',1101,53744,192100
'14JA',1101,53744,194200
'14JA',1101,53744,200300
'14JA',1101,53744,202300
'14JA',1101,53744,204400
'14JA',1101,53744,210400
'14JA',1101,53744,212400
'14JA',1101,53744,214500
'14JA',1101,53744,221500
'14JA',1101,53744,224500
'14JA',1101,53744,231500
'14JA',1101,53744,234500
'14JA',1101,53744,241500
'14JA',1101,53747,80600
'14JA',1101,53747,82700
'14JA',1101,53747,84800
'14JA',1101,53747,91000
'14JA',1101,53747,93200
'14JA',1101,53747,95200
'14JA',1101,53747,101300
'14JA',1101,53747,103400
'14JA',1101,53747,105400
'14JA',1101,53747,111400
'14JA',1101,53747,113400
'14JA',1101,53747,115400
'14JA',1101,53747,121400
'14JA',1101,53747,123400
'14JA',1101,53747,125600
'14JA',1101,53747,131700
'14JA',1101,53747,133700
'14JA',1101,53747,135300
'14JA',1101,53747,140800
'14JA',1101,53747,142400
'14JA',1101,53747,143800
'14JA',1101,53747,145200
'14JA',1101,53747,150600
'14JA',1101,53747,152100
'14JA',1101,53747,153600
'14JA',1101,53747,155100
'14JA',1101,53747,160600
'14JA',1101,53747,162100
'14JA',1101,53747,163600
'14JA',1101,53747,165100
'14JA',1101,53747,170700
'14JA',1101,53747,172400
'14JA',1101,53747,174100
'14JA',1101,53747,180200
'14JA',1101,53747,182300
'14JA',1101,53747,184300
'14JA',1101,53747,190300
'14JA',1101,53747,192300
'14JA',1101,53747,194400
'14JA',1101,53747,200500
'14JA',1101,53747,202500
'14JA',1101,53747,204600
'14JA',1101,53747,210600
'14JA',1101,53747,212600
'14JA',1101,53747,214700
'14JA',1101,53747,221700
'14JA',1101,53747,224700
'14JA',1101,53747,231700
'14JA',1101,53747,234700
'14JA',1101,53747,241700
'14JA',1101,53833,75800
'14JA',1101,53833,81900
'14JA',1101,53833,84000
'14JA',1101,53833,90200
'14JA',1101,53833,92400
'14JA',1101,53833,94400
'14JA',1101,53833,100500
'14JA',1101,53833,102600
'14JA',1101,53833,104600
'14JA',1101,53833,110600
'14JA',1101,53833,112600
'14JA',1101,53833,114600
'14JA',1101,53833,120600
'14JA',1101,53833,122600
'14JA',1101,53833,124800
'14JA',1101,53833,130900
'14JA',1101,53833,132900
'14JA',1101,53833,134400
'14JA',1101,53833,135900
'14JA',1101,53833,141500
'14JA',1101,53833,142900
'14JA',1101,53833,144300
'14JA',1101,53833,145700
'14JA',1101,53833,151200
'14JA',1101,53833,152700
'14JA',1101,53833,154200
'14JA',1101,53833,155700
'14JA',1101,53833,161200
'14JA',1101,53833,162700
'14JA',1101,53833,164300
'14JA',1101,53833,165900
'14JA',1101,53833,171600
'14JA',1101,53833,173300
'14JA',1101,53833,175400
'14JA',1101,53833,181500
'14JA',1101,53833,183500
'14JA',1101,53833,185500
'14JA',1101,53833,191500
'14JA',1101,53833,193600
'14JA',1101,53833,195700
'14JA',1101,53833,201700
'14JA',1101,53833,203800
'14JA',1101,53833,205800
'14JA',1101,53833,211800
'14JA',1101,53971,75900
'14JA',1101,53971,82000
'14JA',1101,53971,84100
'14JA',1101,53971,90300
'14JA',1101,53971,92500
'14JA',1101,53971,94500
'14JA',1101,53971,100600
'14JA',1101,53971,102700
'14JA',1101,53971,104700
'14JA',1101,53971,110700
'14JA',1101,53971,112700
'14JA',1101,53971,114700
'14JA',1101,53971,120700
'14JA',1101,53971,122700
'14JA',1101,53971,124900
'14JA',1101,53971,131000
'14JA',1101,53971,133000
'14JA',1101,53971,134500
'14JA',1101,53971,140000
'14JA',1101,53971,141600
'14JA',1101,53971,143000
'14JA',1101,53971,144400
'14JA',1101,53971,145800
'14JA',1101,53971,151300
'14JA',1101,53971,152800
'14JA',1101,53971,154300
'14JA',1101,53971,155800
'14JA',1101,53971,161300
'14JA',1101,53971,162800
'14JA',1101,53971,164400
'14JA',1101,53971,170000
'14JA',1101,53971,171700
'14JA',1101,53971,173400
'14JA',1101,53971,175500
'14JA',1101,53971,181600
'14JA',1101,53971,183600
'14JA',1101,53971,185600
'14JA',1101,53971,191600
'14JA',1101,53971,193700
'14JA',1101,53971,195800
'14JA',1101,53971,201800
'14JA',1101,53971,203900
'14JA',1101,53971,205900
'14JA',1101,53971,211900
'14JA',1101,53992,80300
'14JA',1101,53992,82400
'14JA',1101,53992,84500
'14JA',1101,53992,90700
'14JA',1101,53992,92900
'14JA',1101,53992,94900
'14JA',1101,53992,101000
'14JA',1101,53992,103100
'14JA',1101,53992,105100
'14JA',1101,53992,111100
'14JA',1101,53992,113100
'14JA',1101,53992,115100
'14JA',1101,53992,121100
'14JA',1101,53992,123100
'14JA',1101,53992,125300
'14JA',1101,53992,131400
'14JA',1101,53992,133400
'14JA',1101,53992,135000
'14JA',1101,53992,140500
'14JA',1101,53992,142100
'14JA',1101,53992,143500
'14JA',1101,53992,144900
'14JA',1101,53992,150300
'14JA',1101,53992,151800
'14JA',1101,53992,153300
'14JA',1101,53992,154800
'14JA',1101,53992,160300
'14JA',1101,53992,161800
'14JA',1101,53992,163300
'14JA',1101,53992,164800
'14JA',1101,53992,170400
'14JA',1101,53992,172100
'14JA',1101,53992,173800
'14JA',1101,53992,175900
'14JA',1101,53992,182000
'14JA',1101,53992,184000
'14JA',1101,53992,190000
'14JA',1101,53992,192000
'14JA',1101,53992,194100
'14JA',1101,53992,200200
'14JA',1101,53992,202200
'14JA',1101,53992,204300
'14JA',1101,53992,210300
'14JA',1101,53992,212300
'14JA',1101,53992,214400
'14JA',1101,53992,221400
'14JA',1101,53992,224400
'14JA',1101,53992,231400
'14JA',1101,53992,234400
'14JA',1101,53992,241400
'14JA',1101,54078,80000
'14JA',1101,54078,82100
'14JA',1101,54078,84200
'14JA',1101,54078,90400
'14JA',1101,54078,92600
'14JA',1101,54078,94600
'14JA',1101,54078,100700
'14JA',1101,54078,102800
'14JA',1101,54078,104800
'14JA',1101,54078,110800
'14JA',1101,54078,112800
'14JA',1101,54078,114800
'14JA',1101,54078,120800
'14JA',1101,54078,122800
'14JA',1101,54078,125000
'14JA',1101,54078,131100
'14JA',1101,54078,133100
'14JA',1101,54078,134600
'14JA',1101,54078,140100
'14JA',1101,54078,141700
'14JA',1101,54078,143100
'14JA',1101,54078,144500
'14JA',1101,54078,145900
'14JA',1101,54078,151400
'14JA',1101,54078,152900
'14JA',1101,54078,154400
'14JA',1101,54078,155900
'14JA',1101,54078,161400
'14JA',1101,54078,162900
'14JA',1101,54078,164500
'14JA',1101,54078,170100
'14JA',1101,54078,171800
'14JA',1101,54078,173500
'14JA',1101,54078,175600
'14JA',1101,54078,181700
'14JA',1101,54078,183700
'14JA',1101,54078,185700
'14JA',1101,54078,191700
'14JA',1101,54078,193800
'14JA',1101,54078,195900
'14JA',1101,54078,201900
'14JA',1101,54078,204000
'14JA',1101,54078,210000
'14JA',1101,54078,212000
'14JA',1101,54351,80400
'14JA',1101,54351,82500
'14JA',1101,54351,84600
'14JA',1101,54351,90800
'14JA',1101,54351,93000
'14JA',1101,54351,95000
'14JA',1101,54351,101100
'14JA',1101,54351,103200
'14JA',1101,54351,105200
'14JA',1101,54351,111200
'14JA',1101,54351,113200
'14JA',1101,54351,115200
'14JA',1101,54351,121200
'14JA',1101,54351,123200
'14JA',1101,54351,125400
'14JA',1101,54351,131500
'14JA',1101,54351,133500
'14JA',1101,54351,135100
'14JA',1101,54351,140600
'14JA',1101,54351,142200
'14JA',1101,54351,143600
'14JA',1101,54351,145000
'14JA',1101,54351,150400
'14JA',1101,54351,151900
'14JA',1101,54351,153400
'14JA',1101,54351,154900
'14JA',1101,54351,160400
'14JA',1101,54351,161900
'14JA',1101,54351,163400
'14JA',1101,54351,164900
'14JA',1101,54351,170500
'14JA',1101,54351,172200
'14JA',1101,54351,173900
'14JA',1101,54351,180000
'14JA',1101,54351,182100
'14JA',1101,54351,184100
'14JA',1101,54351,190100
'14JA',1101,54351,192100
'14JA',1101,54351,194200
'14JA',1101,54351,200300
'14JA',1101,54351,202300
'14JA',1101,54351,204400
'14JA',1101,54351,210400
'14JA',1101,54351,212400
'14JA',1101,54351,214500
'14JA',1101,54351,221500
'14JA',1101,54351,224500
'14JA',1101,54351,231500
'14JA',1101,54351,234500
'14JA',1101,54351,241500
'14JA',1102,51279,213900
'14JA',1102,51279,220900
'14JA',1102,51279,223900
'14JA',1102,51279,230900
'14JA',1102,51279,233900
'14JA',1102,51279,240900
'14JA',1102,51321,213800
'14JA',1102,51321,220800
'14JA',1102,51321,223800
'14JA',1102,51321,230800
'14JA',1102,51321,233800
'14JA',1102,51321,240800
'14JA',1102,51426,213700
'14JA',1102,51426,220700
'14JA',1102,51426,223700
'14JA',1102,51426,230700
'14JA',1102,51426,233700
'14JA',1102,51426,240700
'14JA',1102,51429,75600
'14JA',1102,51429,81700
'14JA',1102,51429,83800
'14JA',1102,51429,90000
'14JA',1102,51429,92200
'14JA',1102,51429,94200
'14JA',1102,51429,100200
'14JA',1102,51429,102300
'14JA',1102,51429,104300
'14JA',1102,51429,110300
'14JA',1102,51429,112300
'14JA',1102,51429,114300
'14JA',1102,51429,120300
'14JA',1102,51429,122300
'14JA',1102,51429,124500
'14JA',1102,51429,130600
'14JA',1102,51429,132600
'14JA',1102,51429,134100
'14JA',1102,51429,135600
'14JA',1102,51429,141200
'14JA',1102,51429,142600
'14JA',1102,51429,144000
'14JA',1102,51429,145400
'14JA',1102,51429,150900
'14JA',1102,51429,152400
'14JA',1102,51429,153900
'14JA',1102,51429,155400
'14JA',1102,51429,160900
'14JA',1102,51429,162400
'14JA',1102,51429,164000
'14JA',1102,51429,165600
'14JA',1102,51429,171300
'14JA',1102,51429,173000
'14JA',1102,51429,175100
'14JA',1102,51429,181200
'14JA',1102,51429,183200
'14JA',1102,51429,185200
'14JA',1102,51429,191200
'14JA',1102,51429,193300
'14JA',1102,51429,195400
'14JA',1102,51429,201400
'14JA',1102,51429,203500
'14JA',1102,51429,205500
'14JA',1102,51429,211500
'14JA',1102,51486,75500
'14JA',1102,51486,81600
'14JA',1102,51486,83700
'14JA',1102,51486,85900
'14JA',1102,51486,92100
'14JA',1102,51486,94100
'14JA',1102,51486,100100
'14JA',1102,51486,102200
'14JA',1102,51486,104200
'14JA',1102,51486,110200
'14JA',1102,51486,112200
'14JA',1102,51486,114200
'14JA',1102,51486,120200
'14JA',1102,51486,122200
'14JA',1102,51486,124300
'14JA',1102,51486,130400
'14JA',1102,51486,132400
'14JA',1102,51486,133900
'14JA',1102,51486,135400
'14JA',1102,51486,141000
'14JA',1102,51486,142400
'14JA',1102,51486,143800
'14JA',1102,51486,145200
'14JA',1102,51486,150700
'14JA',1102,51486,152200
'14JA',1102,51486,153700
'14JA',1102,51486,155300
'14JA',1102,51486,160800
'14JA',1102,51486,162300
'14JA',1102,51486,163900
'14JA',1102,51486,165500
'14JA',1102,51486,171200
'14JA',1102,51486,172900
'14JA',1102,51486,175000
'14JA',1102,51486,181100
'14JA',1102,51486,183100
'14JA',1102,51486,185100
'14JA',1102,51486,191100
'14JA',1102,51486,193200
'14JA',1102,51486,195300
'14JA',1102,51486,201300
'14JA',1102,51486,203400
'14JA',1102,51486,205400
'14JA',1102,51486,211400
'14JA',1102,51486,213600
'14JA',1102,51486,220600
'14JA',1102,51486,223600
'14JA',1102,51486,230600
'14JA',1102,51486,233600
'14JA',1102,51486,240600
'14JA',1102,51881,74700
'14JA',1102,51881,80800
'14JA',1102,51881,82900
'14JA',1102,51881,85100
'14JA',1102,51881,91300
'14JA',1102,51881,93300
'14JA',1102,51881,95300
'14JA',1102,51881,101400
'14JA',1102,51881,103400
'14JA',1102,51881,105400
'14JA',1102,51881,111400
'14JA',1102,51881,113400
'14JA',1102,51881,115400
'14JA',1102,51881,121400
'14JA',1102,51881,123400
'14JA',1102,51881,125500
'14JA',1102,51881,131500
'14JA',1102,51881,133000
'14JA',1102,51881,134500
'14JA',1102,51881,140100
'14JA',1102,51881,141500
'14JA',1102,51881,142900
'14JA',1102,51881,144300
'14JA',1102,51881,145800
'14JA',1102,51881,151300
'14JA',1102,51881,152800
'14JA',1102,51881,154400
'14JA',1102,51881,155900
'14JA',1102,51881,161400
'14JA',1102,51881,163000
'14JA',1102,51881,164600
'14JA',1102,51881,170300
'14JA',1102,51881,172000
'14JA',1102,51881,174100
'14JA',1102,51881,180200
'14JA',1102,51881,182300
'14JA',1102,51881,184300
'14JA',1102,51881,190300
'14JA',1102,51881,192400
'14JA',1102,51881,194500
'14JA',1102,51881,200600
'14JA',1102,51881,202700
'14JA',1102,51881,204700
'14JA',1102,51881,210700
'14JA',1102,51881,212800
'14JA',1102,51881,215800
'14JA',1102,51881,222800
'14JA',1102,51881,225800
'14JA',1102,51881,232800
'14JA',1102,51881,235800
'14JA',1102,51937,74500
'14JA',1102,51937,80600
'14JA',1102,51937,82700
'14JA',1102,51937,84900
'14JA',1102,51937,91100
'14JA',1102,51937,93100
'14JA',1102,51937,95100
'14JA',1102,51937,101200
'14JA',1102,51937,103200
'14JA',1102,51937,105200
'14JA',1102,51937,111200
'14JA',1102,51937,113200
'14JA',1102,51937,115200
'14JA',1102,51937,121200
'14JA',1102,51937,123200
'14JA',1102,51937,125300
'14JA',1102,51937,131300
'14JA',1102,51937,132800
'14JA',1102,51937,134300
'14JA',1102,51937,135800
'14JA',1102,51937,141200
'14JA',1102,51937,142600
'14JA',1102,51937,144000
'14JA',1102,51937,145500
'14JA',1102,51937,151000
'14JA',1102,51937,152500
'14JA',1102,51937,154100
'14JA',1102,51937,155700
'14JA',1102,51937,161200
'14JA',1102,51937,162800
'14JA',1102,51937,164400
'14JA',1102,51937,170100
'14JA',1102,51937,171800
'14JA',1102,51937,173900
'14JA',1102,51937,180000
'14JA',1102,51937,182100
'14JA',1102,51937,184100
'14JA',1102,51937,190100
'14JA',1102,51937,192200
'14JA',1102,51937,194300
'14JA',1102,51937,200400
'14JA',1102,51937,202500
'14JA',1102,51937,204500
'14JA',1102,51937,210500
'14JA',1102,51937,212600
'14JA',1102,51937,215600
'14JA',1102,51937,222600
'14JA',1102,51937,225600
'14JA',1102,51937,232600
'14JA',1102,51937,235600
'14JA',1102,51972,74500
'14JA',1102,51972,80600
'14JA',1102,51972,82700
'14JA',1102,51972,84800
'14JA',1102,51972,90900
'14JA',1102,51972,92900
'14JA',1102,51972,94900
'14JA',1102,51972,101000
'14JA',1102,51972,103000
'14JA',1102,51972,105000
'14JA',1102,51972,111000
'14JA',1102,51972,113000
'14JA',1102,51972,115000
'14JA',1102,51972,121000
'14JA',1102,51972,123000
'14JA',1102,51972,125100
'14JA',1102,51972,131100
'14JA',1102,51972,132600
'14JA',1102,51972,134100
'14JA',1102,51972,135700
'14JA',1102,51972,141100
'14JA',1102,51972,142500
'14JA',1102,51972,143900
'14JA',1102,51972,145400
'14JA',1102,51972,150900
'14JA',1102,51972,152400
'14JA',1102,51972,154000
'14JA',1102,51972,155500
'14JA',1102,51972,161000
'14JA',1102,51972,162600
'14JA',1102,51972,164200
'14JA',1102,51972,165900
'14JA',1102,51972,171600
'14JA',1102,51972,173700
'14JA',1102,51972,175800
'14JA',1102,51972,181900
'14JA',1102,51972,184000
'14JA',1102,51972,190000
'14JA',1102,51972,192100
'14JA',1102,51972,194200
'14JA',1102,51972,200300
'14JA',1102,51972,202400
'14JA',1102,51972,204400
'14JA',1102,51972,210400
'14JA',1102,51972,212500
'14JA',1102,51972,215500
'14JA',1102,51972,222500
'14JA',1102,51972,225500
'14JA',1102,51972,232500
'14JA',1102,51972,235500
'14JA',1102,52005,74400
'14JA',1102,52005,80500
'14JA',1102,52005,82600
'14JA',1102,52005,84600
'14JA',1102,52005,90800
'14JA',1102,52005,92800
'14JA',1102,52005,94800
'14JA',1102,52005,100900
'14JA',1102,52005,102900
'14JA',1102,52005,104900
'14JA',1102,52005,110900
'14JA',1102,52005,112900
'14JA',1102,52005,114900
'14JA',1102,52005,120900
'14JA',1102,52005,122900
'14JA',1102,52005,125000
'14JA',1102,52005,131000
'14JA',1102,52005,132500
'14JA',1102,52005,134000
'14JA',1102,52005,135500
'14JA',1102,52005,140900
'14JA',1102,52005,142300
'14JA',1102,52005,143700
'14JA',1102,52005,145200
'14JA',1102,52005,150700
'14JA',1102,52005,152200
'14JA',1102,52005,153800
'14JA',1102,52005,155400
'14JA',1102,52005,160900
'14JA',1102,52005,162500
'14JA',1102,52005,164100
'14JA',1102,52005,165800
'14JA',1102,52005,171500
'14JA',1102,52005,173600
'14JA',1102,52005,175700
'14JA',1102,52005,181800
'14JA',1102,52005,183800
'14JA',1102,52005,185800
'14JA',1102,52005,191900
'14JA',1102,52005,194000
'14JA',1102,52005,200100
'14JA',1102,52005,202200
'14JA',1102,52005,204200
'14JA',1102,52005,210200
'14JA',1102,52005,212300
'14JA',1102,52005,215300
'14JA',1102,52005,222300
'14JA',1102,52005,225300
'14JA',1102,52005,232300
'14JA',1102,52005,235300
'14JA',1102,52035,74300
'14JA',1102,52035,80400
'14JA',1102,52035,82500
'14JA',1102,52035,84500
'14JA',1102,52035,90600
'14JA',1102,52035,92600
'14JA',1102,52035,94600
'14JA',1102,52035,100700
'14JA',1102,52035,102700
'14JA',1102,52035,104700
'14JA',1102,52035,110700
'14JA',1102,52035,112700
'14JA',1102,52035,114700
'14JA',1102,52035,120700
'14JA',1102,52035,122700
'14JA',1102,52035,124800
'14JA',1102,52035,130800
'14JA',1102,52035,132300
'14JA',1102,52035,133800
'14JA',1102,52035,135400
'14JA',1102,52035,140800
'14JA',1102,52035,142200
'14JA',1102,52035,143600
'14JA',1102,52035,145100
'14JA',1102,52035,150600
'14JA',1102,52035,152100
'14JA',1102,52035,153700
'14JA',1102,52035,155200
'14JA',1102,52035,160700
'14JA',1102,52035,162300
'14JA',1102,52035,163900
'14JA',1102,52035,165600
'14JA',1102,52035,171300
'14JA',1102,52035,173400
'14JA',1102,52035,175500
'14JA',1102,52035,181600
'14JA',1102,52035,183700
'14JA',1102,52035,185700
'14JA',1102,52035,191800
'14JA',1102,52035,193900
'14JA',1102,52035,200000
'14JA',1102,52035,202100
'14JA',1102,52035,204100
'14JA',1102,52035,210100
'14JA',1102,52035,212200
'14JA',1102,52035,215200
'14JA',1102,52035,222200
'14JA',1102,52035,225200
'14JA',1102,52035,232200
'14JA',1102,52035,235200
'14JA',1102,52055,74200
'14JA',1102,52055,80300
'14JA',1102,52055,82400
'14JA',1102,52055,84400
'14JA',1102,52055,90500
'14JA',1102,52055,92500
'14JA',1102,52055,94500
'14JA',1102,52055,100600
'14JA',1102,52055,102600
'14JA',1102,52055,104600
'14JA',1102,52055,110600
'14JA',1102,52055,112600
'14JA',1102,52055,114600
'14JA',1102,52055,120600
'14JA',1102,52055,122600
'14JA',1102,52055,124700
'14JA',1102,52055,130700
'14JA',1102,52055,132200
'14JA',1102,52055,133700
'14JA',1102,52055,135200
'14JA',1102,52055,140600
'14JA',1102,52055,142000
'14JA',1102,52055,143400
'14JA',1102,52055,144900
'14JA',1102,52055,150400
'14JA',1102,52055,151900
'14JA',1102,52055,153500
'14JA',1102,52055,155100
'14JA',1102,52055,160600
'14JA',1102,52055,162200
'14JA',1102,52055,163800
'14JA',1102,52055,165500
'14JA',1102,52055,171200
'14JA',1102,52055,173300
'14JA',1102,52055,175400
'14JA',1102,52055,181500
'14JA',1102,52055,183600
'14JA',1102,52055,185600
'14JA',1102,52055,191700
'14JA',1102,52055,193800
'14JA',1102,52055,195900
'14JA',1102,52055,202000
'14JA',1102,52055,204000
'14JA',1102,52055,210000
'14JA',1102,52055,212100
'14JA',1102,52055,215100
'14JA',1102,52055,222100
'14JA',1102,52055,225100
'14JA',1102,52055,232100
'14JA',1102,52055,235100
'14JA',1102,52100,74000
'14JA',1102,52100,80100
'14JA',1102,52100,82200
'14JA',1102,52100,84200
'14JA',1102,52100,90300
'14JA',1102,52100,92300
'14JA',1102,52100,94300
'14JA',1102,52100,100400
'14JA',1102,52100,102400
'14JA',1102,52100,104400
'14JA',1102,52100,110400
'14JA',1102,52100,112400
'14JA',1102,52100,114400
'14JA',1102,52100,120400
'14JA',1102,52100,122400
'14JA',1102,52100,124400
'14JA',1102,52100,130400
'14JA',1102,52100,131900
'14JA',1102,52100,133400
'14JA',1102,52100,134900
'14JA',1102,52100,140300
'14JA',1102,52100,141700
'14JA',1102,52100,143100
'14JA',1102,52100,144600
'14JA',1102,52100,150100
'14JA',1102,52100,151600
'14JA',1102,52100,153200
'14JA',1102,52100,154800
'14JA',1102,52100,160300
'14JA',1102,52100,161900
'14JA',1102,52100,163500
'14JA',1102,52100,165200
'14JA',1102,52100,170900
'14JA',1102,52100,173000
'14JA',1102,52100,175100
'14JA',1102,52100,181200
'14JA',1102,52100,183300
'14JA',1102,52100,185400
'14JA',1102,52100,191500
'14JA',1102,52100,193600
'14JA',1102,52100,195700
'14JA',1102,52100,201800
'14JA',1102,52100,203800
'14JA',1102,52100,205800
'14JA',1102,52100,211900
'14JA',1102,52100,214900
'14JA',1102,52100,221900
'14JA',1102,52100,224900
'14JA',1102,52100,231900
'14JA',1102,52100,234900
'14JA',1102,52137,73900
'14JA',1102,52137,80000
'14JA',1102,52137,82100
'14JA',1102,52137,84100
'14JA',1102,52137,90200
'14JA',1102,52137,92200
'14JA',1102,52137,94200
'14JA',1102,52137,100300
'14JA',1102,52137,102300
'14JA',1102,52137,104300
'14JA',1102,52137,110300
'14JA',1102,52137,112300
'14JA',1102,52137,114300
'14JA',1102,52137,120300
'14JA',1102,52137,122300
'14JA',1102,52137,124300
'14JA',1102,52137,130300
'14JA',1102,52137,131800
'14JA',1102,52137,133300
'14JA',1102,52137,134800
'14JA',1102,52137,140200
'14JA',1102,52137,141600
'14JA',1102,52137,143000
'14JA',1102,52137,144500
'14JA',1102,52137,150000
'14JA',1102,52137,151500
'14JA',1102,52137,153100
'14JA',1102,52137,154700
'14JA',1102,52137,160200
'14JA',1102,52137,161800
'14JA',1102,52137,163400
'14JA',1102,52137,165100
'14JA',1102,52137,170800
'14JA',1102,52137,172900
'14JA',1102,52137,175000
'14JA',1102,52137,181100
'14JA',1102,52137,183200
'14JA',1102,52137,185300
'14JA',1102,52137,191400
'14JA',1102,52137,193500
'14JA',1102,52137,195600
'14JA',1102,52137,201700
'14JA',1102,52137,203700
'14JA',1102,52137,205700
'14JA',1102,52137,211800
'14JA',1102,52137,214800
'14JA',1102,52137,221800
'14JA',1102,52137,224800
'14JA',1102,52137,231800
'14JA',1102,52137,234800
'14JA',1102,52160,73800
'14JA',1102,52160,75900
'14JA',1102,52160,82000
'14JA',1102,52160,84000
'14JA',1102,52160,90100
'14JA',1102,52160,92100
'14JA',1102,52160,94100
'14JA',1102,52160,100200
'14JA',1102,52160,102200
'14JA',1102,52160,104200
'14JA',1102,52160,110200
'14JA',1102,52160,112200
'14JA',1102,52160,114200
'14JA',1102,52160,120200
'14JA',1102,52160,122200
'14JA',1102,52160,124300
'14JA',1102,52160,130300
'14JA',1102,52160,131800
'14JA',1102,52160,133300
'14JA',1102,52160,134700
'14JA',1102,52160,140100
'14JA',1102,52160,141500
'14JA',1102,52160,142900
'14JA',1102,52160,144400
'14JA',1102,52160,145900
'14JA',1102,52160,151400
'14JA',1102,52160,153000
'14JA',1102,52160,154600
'14JA',1102,52160,160200
'14JA',1102,52160,161800
'14JA',1102,52160,163400
'14JA',1102,52160,165100
'14JA',1102,52160,170800
'14JA',1102,52160,172900
'14JA',1102,52160,175000
'14JA',1102,52160,181100
'14JA',1102,52160,183200
'14JA',1102,52160,185200
'14JA',1102,52160,191300
'14JA',1102,52160,193400
'14JA',1102,52160,195500
'14JA',1102,52160,201600
'14JA',1102,52160,203600
'14JA',1102,52160,205600
'14JA',1102,52160,211700
'14JA',1102,52160,214700
'14JA',1102,52160,221700
'14JA',1102,52160,224700
'14JA',1102,52160,231700
'14JA',1102,52160,234700
'14JA',1102,52271,73700
'14JA',1102,52271,75800
'14JA',1102,52271,81900
'14JA',1102,52271,83900
'14JA',1102,52271,90000
'14JA',1102,52271,92000
'14JA',1102,52271,94000
'14JA',1102,52271,100000
'14JA',1102,52271,102000
'14JA',1102,52271,104000
'14JA',1102,52271,110000
'14JA',1102,52271,112000
'14JA',1102,52271,114000
'14JA',1102,52271,120000
'14JA',1102,52271,122000
'14JA',1102,52271,124100
'14JA',1102,52271,130100
'14JA',1102,52271,131600
'14JA',1102,52271,133100
'14JA',1102,52271,134500
'14JA',1102,52271,135900
'14JA',1102,52271,141300
'14JA',1102,52271,142700
'14JA',1102,52271,144200
'14JA',1102,52271,145700
'14JA',1102,52271,151200
'14JA',1102,52271,152800
'14JA',1102,52271,154400
'14JA',1102,52271,160000
'14JA',1102,52271,161600
'14JA',1102,52271,163200
'14JA',1102,52271,164900
'14JA',1102,52271,170600
'14JA',1102,52271,172700
'14JA',1102,52271,174800
'14JA',1102,52271,180900
'14JA',1102,52271,183000
'14JA',1102,52271,185000
'14JA',1102,52271,191100
'14JA',1102,52271,193200
'14JA',1102,52271,195300
'14JA',1102,52271,201400
'14JA',1102,52271,203400
'14JA',1102,52271,205400
'14JA',1102,52271,211500
'14JA',1102,52271,214500
'14JA',1102,52271,221500
'14JA',1102,52271,224500
'14JA',1102,52271,231500
'14JA',1102,52271,234500
'14JA',1102,52322,73500
'14JA',1102,52322,75600
'14JA',1102,52322,81700
'14JA',1102,52322,83700
'14JA',1102,52322,85800
'14JA',1102,52322,91800
'14JA',1102,52322,93800
'14JA',1102,52322,95800
'14JA',1102,52322,101800
'14JA',1102,52322,103800
'14JA',1102,52322,105800
'14JA',1102,52322,111800
'14JA',1102,52322,113800
'14JA',1102,52322,115800
'14JA',1102,52322,121800
'14JA',1102,52322,123800
'14JA',1102,52322,125800
'14JA',1102,52322,131300
'14JA',1102,52322,132800
'14JA',1102,52322,134200
'14JA',1102,52322,135600
'14JA',1102,52322,141000
'14JA',1102,52322,142400
'14JA',1102,52322,143900
'14JA',1102,52322,145400
'14JA',1102,52322,150900
'14JA',1102,52322,152500
'14JA',1102,52322,154100
'14JA',1102,52322,155700
'14JA',1102,52322,161300
'14JA',1102,52322,162900
'14JA',1102,52322,164600
'14JA',1102,52322,170300
'14JA',1102,52322,172400
'14JA',1102,52322,174500
'14JA',1102,52322,180600
'14JA',1102,52322,182700
'14JA',1102,52322,184800
'14JA',1102,52322,190900
'14JA',1102,52322,193000
'14JA',1102,52322,195100
'14JA',1102,52322,201200
'14JA',1102,52322,203200
'14JA',1102,52322,205200
'14JA',1102,52322,211300
'14JA',1102,52322,214300
'14JA',1102,52322,221300
'14JA',1102,52322,224300
'14JA',1102,52322,231300
'14JA',1102,52322,234300
'14JA',1102,53745,75200
'14JA',1102,53745,81300
'14JA',1102,53745,83400
'14JA',1102,53745,85600
'14JA',1102,53745,91800
'14JA',1102,53745,93800
'14JA',1102,53745,95800
'14JA',1102,53745,101900
'14JA',1102,53745,103900
'14JA',1102,53745,105900
'14JA',1102,53745,111900
'14JA',1102,53745,113900
'14JA',1102,53745,115900
'14JA',1102,53745,121900
'14JA',1102,53745,123900
'14JA',1102,53745,130000
'14JA',1102,53745,132000
'14JA',1102,53745,133500
'14JA',1102,53745,135000
'14JA',1102,53745,140600
'14JA',1102,53745,142000
'14JA',1102,53745,143400
'14JA',1102,53745,144800
'14JA',1102,53745,150300
'14JA',1102,53745,151800
'14JA',1102,53745,153300
'14JA',1102,53745,154900
'14JA',1102,53745,160400
'14JA',1102,53745,161900
'14JA',1102,53745,163500
'14JA',1102,53745,165100
'14JA',1102,53745,170800
'14JA',1102,53745,172500
'14JA',1102,53745,174600
'14JA',1102,53745,180700
'14JA',1102,53745,182800
'14JA',1102,53745,184800
'14JA',1102,53745,190800
'14JA',1102,53745,192900
'14JA',1102,53745,195000
'14JA',1102,53745,201000
'14JA',1102,53745,203100
'14JA',1102,53745,205100
'14JA',1102,53745,211100
'14JA',1102,53745,213200
'14JA',1102,53745,220200
'14JA',1102,53745,223200
'14JA',1102,53745,230200
'14JA',1102,53745,233200
'14JA',1102,53745,240200
'14JA',1102,53748,75000
'14JA',1102,53748,81100
'14JA',1102,53748,83200
'14JA',1102,53748,85400
'14JA',1102,53748,91600
'14JA',1102,53748,93600
'14JA',1102,53748,95600
'14JA',1102,53748,101700
'14JA',1102,53748,103700
'14JA',1102,53748,105700
'14JA',1102,53748,111700
'14JA',1102,53748,113700
'14JA',1102,53748,115700
'14JA',1102,53748,121700
'14JA',1102,53748,123700
'14JA',1102,53748,125800
'14JA',1102,53748,131800
'14JA',1102,53748,133300
'14JA',1102,53748,134800
'14JA',1102,53748,140400
'14JA',1102,53748,141800
'14JA',1102,53748,143200
'14JA',1102,53748,144600
'14JA',1102,53748,150100
'14JA',1102,53748,151600
'14JA',1102,53748,153100
'14JA',1102,53748,154700
'14JA',1102,53748,160200
'14JA',1102,53748,161700
'14JA',1102,53748,163300
'14JA',1102,53748,164900
'14JA',1102,53748,170600
'14JA',1102,53748,172300
'14JA',1102,53748,174400
'14JA',1102,53748,180500
'14JA',1102,53748,182600
'14JA',1102,53748,184600
'14JA',1102,53748,190600
'14JA',1102,53748,192700
'14JA',1102,53748,194800
'14JA',1102,53748,200800
'14JA',1102,53748,202900
'14JA',1102,53748,204900
'14JA',1102,53748,210900
'14JA',1102,53748,213000
'14JA',1102,53748,220000
'14JA',1102,53748,223000
'14JA',1102,53748,230000
'14JA',1102,53748,233000
'14JA',1102,53748,240000
'14JA',1102,53833,75800
'14JA',1102,53833,81900
'14JA',1102,53833,84000
'14JA',1102,53833,90200
'14JA',1102,53833,92400
'14JA',1102,53833,94400
'14JA',1102,53833,100500
'14JA',1102,53833,102600
'14JA',1102,53833,104600
'14JA',1102,53833,110600
'14JA',1102,53833,112600
'14JA',1102,53833,114600
'14JA',1102,53833,120600
'14JA',1102,53833,122600
'14JA',1102,53833,124800
'14JA',1102,53833,130900
'14JA',1102,53833,132900
'14JA',1102,53833,134400
'14JA',1102,53833,135900
'14JA',1102,53833,141500
'14JA',1102,53833,142900
'14JA',1102,53833,144300
'14JA',1102,53833,145700
'14JA',1102,53833,151200
'14JA',1102,53833,152700
'14JA',1102,53833,154200
'14JA',1102,53833,155700
'14JA',1102,53833,161200
'14JA',1102,53833,162700
'14JA',1102,53833,164300
'14JA',1102,53833,165900
'14JA',1102,53833,171600
'14JA',1102,53833,173300
'14JA',1102,53833,175400
'14JA',1102,53833,181500
'14JA',1102,53833,183500
'14JA',1102,53833,185500
'14JA',1102,53833,191500
'14JA',1102,53833,193600
'14JA',1102,53833,195700
'14JA',1102,53833,201700
'14JA',1102,53833,203800
'14JA',1102,53833,205800
'14JA',1102,53833,211800
'14JA',1102,53834,75800
'14JA',1102,53834,81900
'14JA',1102,53834,84000
'14JA',1102,53834,90200
'14JA',1102,53834,92400
'14JA',1102,53834,94400
'14JA',1102,53834,100400
'14JA',1102,53834,102500
'14JA',1102,53834,104500
'14JA',1102,53834,110500
'14JA',1102,53834,112500
'14JA',1102,53834,114500
'14JA',1102,53834,120500
'14JA',1102,53834,122500
'14JA',1102,53834,124700
'14JA',1102,53834,130800
'14JA',1102,53834,132800
'14JA',1102,53834,134300
'14JA',1102,53834,135800
'14JA',1102,53834,141400
'14JA',1102,53834,142800
'14JA',1102,53834,144200
'14JA',1102,53834,145600
'14JA',1102,53834,151100
'14JA',1102,53834,152600
'14JA',1102,53834,154100
'14JA',1102,53834,155600
'14JA',1102,53834,161100
'14JA',1102,53834,162600
'14JA',1102,53834,164200
'14JA',1102,53834,165800
'14JA',1102,53834,171500
'14JA',1102,53834,173200
'14JA',1102,53834,175300
'14JA',1102,53834,181400
'14JA',1102,53834,183400
'14JA',1102,53834,185400
'14JA',1102,53834,191400
'14JA',1102,53834,193500
'14JA',1102,53834,195600
'14JA',1102,53834,201600
'14JA',1102,53834,203700
'14JA',1102,53834,205700
'14JA',1102,53834,211700
'14JA',1102,53835,75700
'14JA',1102,53835,81800
'14JA',1102,53835,83900
'14JA',1102,53835,90100
'14JA',1102,53835,92300
'14JA',1102,53835,94300
'14JA',1102,53835,100400
'14JA',1102,53835,102500
'14JA',1102,53835,104500
'14JA',1102,53835,110500
'14JA',1102,53835,112500
'14JA',1102,53835,114500
'14JA',1102,53835,120500
'14JA',1102,53835,122500
'14JA',1102,53835,124700
'14JA',1102,53835,130800
'14JA',1102,53835,132800
'14JA',1102,53835,134300
'14JA',1102,53835,135800
'14JA',1102,53835,141400
'14JA',1102,53835,142800
'14JA',1102,53835,144200
'14JA',1102,53835,145600
'14JA',1102,53835,151100
'14JA',1102,53835,152600
'14JA',1102,53835,154100
'14JA',1102,53835,155600
'14JA',1102,53835,161100
'14JA',1102,53835,162600
'14JA',1102,53835,164200
'14JA',1102,53835,165800
'14JA',1102,53835,171500
'14JA',1102,53835,173200
'14JA',1102,53835,175300
'14JA',1102,53835,181400
'14JA',1102,53835,183400
'14JA',1102,53835,185400
'14JA',1102,53835,191400
'14JA',1102,53835,193500
'14JA',1102,53835,195600
'14JA',1102,53835,201600
'14JA',1102,53835,203700
'14JA',1102,53835,205700
'14JA',1102,53835,211700
'14JA',1102,53836,75700
'14JA',1102,53836,81800
'14JA',1102,53836,83900
'14JA',1102,53836,90100
'14JA',1102,53836,92300
'14JA',1102,53836,94300
'14JA',1102,53836,100300
'14JA',1102,53836,102400
'14JA',1102,53836,104400
'14JA',1102,53836,110400
'14JA',1102,53836,112400
'14JA',1102,53836,114400
'14JA',1102,53836,120400
'14JA',1102,53836,122400
'14JA',1102,53836,124600
'14JA',1102,53836,130700
'14JA',1102,53836,132700
'14JA',1102,53836,134200
'14JA',1102,53836,135700
'14JA',1102,53836,141300
'14JA',1102,53836,142700
'14JA',1102,53836,144100
'14JA',1102,53836,145500
'14JA',1102,53836,151000
'14JA',1102,53836,152500
'14JA',1102,53836,154000
'14JA',1102,53836,155500
'14JA',1102,53836,161000
'14JA',1102,53836,162500
'14JA',1102,53836,164100
'14JA',1102,53836,165700
'14JA',1102,53836,171400
'14JA',1102,53836,173100
'14JA',1102,53836,175200
'14JA',1102,53836,181300
'14JA',1102,53836,183300
'14JA',1102,53836,185300
'14JA',1102,53836,191300
'14JA',1102,53836,193400
'14JA',1102,53836,195500
'14JA',1102,53836,201500
'14JA',1102,53836,203600
'14JA',1102,53836,205600
'14JA',1102,53836,211600
'14JA',1102,53838,75200
'14JA',1102,53838,81300
'14JA',1102,53838,83400
'14JA',1102,53838,85600
'14JA',1102,53838,91800
'14JA',1102,53838,93800
'14JA',1102,53838,95800
'14JA',1102,53838,101900
'14JA',1102,53838,103900
'14JA',1102,53838,105900
'14JA',1102,53838,111900
'14JA',1102,53838,113900
'14JA',1102,53838,115900
'14JA',1102,53838,121900
'14JA',1102,53838,123900
'14JA',1102,53838,130000
'14JA',1102,53838,132000
'14JA',1102,53838,133500
'14JA',1102,53838,135000
'14JA',1102,53838,140600
'14JA',1102,53838,142000
'14JA',1102,53838,143400
'14JA',1102,53838,144800
'14JA',1102,53838,150300
'14JA',1102,53838,151800
'14JA',1102,53838,153300
'14JA',1102,53838,154900
'14JA',1102,53838,160400
'14JA',1102,53838,161900
'14JA',1102,53838,163500
'14JA',1102,53838,165100
'14JA',1102,53838,170800
'14JA',1102,53838,172500
'14JA',1102,53838,174600
'14JA',1102,53838,180700
'14JA',1102,53838,182800
'14JA',1102,53838,184800
'14JA',1102,53838,190800
'14JA',1102,53838,192900
'14JA',1102,53838,195000
'14JA',1102,53838,201000
'14JA',1102,53838,203100
'14JA',1102,53838,205100
'14JA',1102,53838,211100
'14JA',1102,53838,213200
'14JA',1102,53838,220200
'14JA',1102,53838,223200
'14JA',1102,53838,230200
'14JA',1102,53838,233200
'14JA',1102,53838,240200
'14JA',1102,53972,75600
'14JA',1102,53972,81700
'14JA',1102,53972,83800
'14JA',1102,53972,90000
'14JA',1102,53972,92200
'14JA',1102,53972,94200
'14JA',1102,53972,100300
'14JA',1102,53972,102400
'14JA',1102,53972,104400
'14JA',1102,53972,110400
'14JA',1102,53972,112400
'14JA',1102,53972,114400
'14JA',1102,53972,120400
'14JA',1102,53972,122400
'14JA',1102,53972,124500
'14JA',1102,53972,130600
'14JA',1102,53972,132600
'14JA',1102,53972,134100
'14JA',1102,53972,135600
'14JA',1102,53972,141200
'14JA',1102,53972,142600
'14JA',1102,53972,144000
'14JA',1102,53972,145400
'14JA',1102,53972,150900
'14JA',1102,53972,152400
'14JA',1102,53972,153900
'14JA',1102,53972,155400
'14JA',1102,53972,160900
'14JA',1102,53972,162400
'14JA',1102,53972,164000
'14JA',1102,53972,165600
'14JA',1102,53972,171300
'14JA',1102,53972,173000
'14JA',1102,53972,175100
'14JA',1102,53972,181200
'14JA',1102,53972,183300
'14JA',1102,53972,185300
'14JA',1102,53972,191300
'14JA',1102,53972,193400
'14JA',1102,53972,195500
'14JA',1102,53972,201500
'14JA',1102,53972,203600
'14JA',1102,53972,205600
'14JA',1102,53972,211600
'14JA',1102,54005,74100
'14JA',1102,54005,80200
'14JA',1102,54005,82300
'14JA',1102,54005,84300
'14JA',1102,54005,90400
'14JA',1102,54005,92400
'14JA',1102,54005,94400
'14JA',1102,54005,100500
'14JA',1102,54005,102500
'14JA',1102,54005,104500
'14JA',1102,54005,110500
'14JA',1102,54005,112500
'14JA',1102,54005,114500
'14JA',1102,54005,120500
'14JA',1102,54005,122500
'14JA',1102,54005,124600
'14JA',1102,54005,130600
'14JA',1102,54005,132100
'14JA',1102,54005,133600
'14JA',1102,54005,135100
'14JA',1102,54005,140500
'14JA',1102,54005,141900
'14JA',1102,54005,143300
'14JA',1102,54005,144800
'14JA',1102,54005,150300
'14JA',1102,54005,151800
'14JA',1102,54005,153400
'14JA',1102,54005,155000
'14JA',1102,54005,160500
'14JA',1102,54005,162100
'14JA',1102,54005,163700
'14JA',1102,54005,165400
'14JA',1102,54005,171100
'14JA',1102,54005,173200
'14JA',1102,54005,175300
'14JA',1102,54005,181400
'14JA',1102,54005,183500
'14JA',1102,54005,185500
'14JA',1102,54005,191600
'14JA',1102,54005,193700
'14JA',1102,54005,195800
'14JA',1102,54005,201900
'14JA',1102,54005,203900
'14JA',1102,54005,205900
'14JA',1102,54005,212000
'14JA',1102,54005,215000
'14JA',1102,54005,222000
'14JA',1102,54005,225000
'14JA',1102,54005,232000
'14JA',1102,54005,235000
'14JA',1102,54133,75300
'14JA',1102,54133,81400
'14JA',1102,54133,83500
'14JA',1102,54133,85700
'14JA',1102,54133,91900
'14JA',1102,54133,93900
'14JA',1102,54133,95900
'14JA',1102,54133,102000
'14JA',1102,54133,104000
'14JA',1102,54133,110000
'14JA',1102,54133,112000
'14JA',1102,54133,114000
'14JA',1102,54133,120000
'14JA',1102,54133,122000
'14JA',1102,54133,124000
'14JA',1102,54133,130100
'14JA',1102,54133,132100
'14JA',1102,54133,133600
'14JA',1102,54133,135100
'14JA',1102,54133,140700
'14JA',1102,54133,142100
'14JA',1102,54133,143500
'14JA',1102,54133,144900
'14JA',1102,54133,150400
'14JA',1102,54133,151900
'14JA',1102,54133,153400
'14JA',1102,54133,155000
'14JA',1102,54133,160500
'14JA',1102,54133,162000
'14JA',1102,54133,163600
'14JA',1102,54133,165200
'14JA',1102,54133,170900
'14JA',1102,54133,172600
'14JA',1102,54133,174700
'14JA',1102,54133,180800
'14JA',1102,54133,182900
'14JA',1102,54133,184900
'14JA',1102,54133,190900
'14JA',1102,54133,193000
'14JA',1102,54133,195100
'14JA',1102,54133,201100
'14JA',1102,54133,203200
'14JA',1102,54133,205200
'14JA',1102,54133,211200
'14JA',1102,54133,213300
'14JA',1102,54133,220300
'14JA',1102,54133,223300
'14JA',1102,54133,230300
'14JA',1102,54133,233300
'14JA',1102,54133,240300
'14JA',1102,54159,74700
'14JA',1102,54159,80800
'14JA',1102,54159,82900
'14JA',1102,54159,85100
'14JA',1102,54159,91300
'14JA',1102,54159,93300
'14JA',1102,54159,95300
'14JA',1102,54159,101400
'14JA',1102,54159,103400
'14JA',1102,54159,105400
'14JA',1102,54159,111400
'14JA',1102,54159,113400
'14JA',1102,54159,115400
'14JA',1102,54159,121400
'14JA',1102,54159,123400
'14JA',1102,54159,125500
'14JA',1102,54159,131500
'14JA',1102,54159,133000
'14JA',1102,54159,134500
'14JA',1102,54159,140100
'14JA',1102,54159,141500
'14JA',1102,54159,142900
'14JA',1102,54159,144300
'14JA',1102,54159,145800
'14JA',1102,54159,151300
'14JA',1102,54159,152800
'14JA',1102,54159,154400
'14JA',1102,54159,155900
'14JA',1102,54159,161400
'14JA',1102,54159,163000
'14JA',1102,54159,164600
'14JA',1102,54159,170300
'14JA',1102,54159,172000
'14JA',1102,54159,174100
'14JA',1102,54159,180200
'14JA',1102,54159,182300
'14JA',1102,54159,184300
'14JA',1102,54159,190300
'14JA',1102,54159,192400
'14JA',1102,54159,194500
'14JA',1102,54159,200600
'14JA',1102,54159,202700
'14JA',1102,54159,204700
'14JA',1102,54159,210700
'14JA',1102,54159,212800
'14JA',1102,54159,215800
'14JA',1102,54159,222800
'14JA',1102,54159,225800
'14JA',1102,54159,232800
'14JA',1102,54159,235800
