'15SA',13904,53222,52602
'15SA',13904,53222,55702
'15SA',13904,53222,62502
'15SA',13904,53222,65102
'15SA',13904,53222,70602
'15SA',13904,53222,72102
'15SA',13904,53222,73602
'15SA',13904,53222,75102
'15SA',13904,53222,80602
'15SA',13904,53222,82202
'15SA',13904,53222,83002
'15SA',13904,53222,83802
'15SA',13904,53222,84502
'15SA',13904,53222,85202
'15SA',13904,53222,85816
'15SA',13904,53222,90702
'15SA',13904,53222,91602
'15SA',13904,53222,92833
'15SA',13904,53222,93933
'15SA',13904,53222,94733
'15SA',13904,53222,95533
'15SA',13904,53222,100333
'15SA',13904,53222,101133
'15SA',13904,53222,101833
'15SA',13904,53222,102633
'15SA',13904,53222,103433
'15SA',13904,53222,104233
'15SA',13904,53222,105033
'15SA',13904,53222,105933
'15SA',13904,53222,110733
'15SA',13904,53222,111633
'15SA',13904,53222,112533
'15SA',13904,53222,113433
'15SA',13904,53222,114133
'15SA',13904,53222,114833
'15SA',13904,53222,115533
'15SA',13904,53222,120333
'15SA',13904,53222,121133
'15SA',13904,53222,121933
'15SA',13904,53222,122733
'15SA',13904,53222,123533
'15SA',13904,53222,124333
'15SA',13904,53222,125133
'15SA',13904,53222,125833
'15SA',13904,53222,130633
'15SA',13904,53222,131333
'15SA',13904,53222,132133
'15SA',13904,53222,132933
'15SA',13904,53222,133633
'15SA',13904,53222,134333
'15SA',13904,53222,134933
'15SA',13904,53222,135533
'15SA',13904,53222,140133
'15SA',13904,53222,140633
'15SA',13904,53222,141133
'15SA',13904,53222,141833
'15SA',13904,53222,142633
'15SA',13904,53222,143433
'15SA',13904,53222,144233
'15SA',13904,53222,145033
'15SA',13904,53222,145833
'15SA',13904,53222,150533
'15SA',13904,53222,151233
'15SA',13904,53222,151933
'15SA',13904,53222,152733
'15SA',13904,53222,153433
'15SA',13904,53222,154133
'15SA',13904,53222,154933
'15SA',13904,53222,155833
'15SA',13904,53222,160733
'15SA',13904,53222,161633
'15SA',13904,53222,162533
'15SA',13904,53222,163433
'15SA',13904,53222,164333
'15SA',13904,53222,165233
'15SA',13904,53222,170033
'15SA',13904,53222,170833
'15SA',13904,53222,171633
'15SA',13904,53222,172533
'15SA',13904,53222,173533
'15SA',13904,53222,174533
'15SA',13904,53222,175533
'15SA',13904,53222,180533
'15SA',13904,53222,181433
'15SA',13904,53222,182433
'15SA',13904,53222,183433
'15SA',13904,53222,184533
'15SA',13904,53222,185533
'15SA',13904,53222,190533
'15SA',13904,53222,191433
'15SA',13904,53222,192433
'15SA',13904,53222,193433
'15SA',13904,53222,194533
'15SA',13904,53222,195533
'15SA',13904,53222,200633
'15SA',13904,53222,201733
'15SA',13904,53222,203233
'15SA',13904,53222,204833
'15SA',13904,53222,210633
'15SA',13904,53222,212433
'15SA',13904,53222,215233
'15SA',13904,53222,222133
'15SA',13904,53222,225033
'15SA',13904,53222,231633
'15SA',13904,53222,234533
'15SA',13904,53222,241733
'15SA',13904,53222,244702
'15SA',13904,53222,251902
'15SF1',13904,53222,52602
'15SF1',13904,53222,55702
'15SF1',13904,53222,62502
'15SF1',13904,53222,65102
'15SF1',13904,53222,70602
'15SF1',13904,53222,72102
'15SF1',13904,53222,73602
'15SF1',13904,53222,75102
'15SF1',13904,53222,80602
'15SF1',13904,53222,82202
'15SF1',13904,53222,83002
'15SF1',13904,53222,83802
'15SF1',13904,53222,84502
'15SF1',13904,53222,85202
'15SF1',13904,53222,85816
'15SF1',13904,53222,90702
'15SF1',13904,53222,91602
'15SF1',13904,53222,92833
'15SF1',13904,53222,93933
'15SF1',13904,53222,94733
'15SF1',13904,53222,95533
'15SF1',13904,53222,100333
'15SF1',13904,53222,101133
'15SF1',13904,53222,101833
'15SF1',13904,53222,102633
'15SF1',13904,53222,103433
'15SF1',13904,53222,104233
'15SF1',13904,53222,105033
'15SF1',13904,53222,105933
'15SF1',13904,53222,110733
'15SF1',13904,53222,111633
'15SF1',13904,53222,112533
'15SF1',13904,53222,113433
'15SF1',13904,53222,114133
'15SF1',13904,53222,114833
'15SF1',13904,53222,115533
'15SF1',13904,53222,120333
'15SF1',13904,53222,121133
'15SF1',13904,53222,121933
'15SF1',13904,53222,122733
'15SF1',13904,53222,123533
'15SF1',13904,53222,124333
'15SF1',13904,53222,125133
'15SF1',13904,53222,125833
'15SF1',13904,53222,130633
'15SF1',13904,53222,131333
'15SF1',13904,53222,132133
'15SF1',13904,53222,132933
'15SF1',13904,53222,133633
'15SF1',13904,53222,134333
'15SF1',13904,53222,134933
'15SF1',13904,53222,135533
'15SF1',13904,53222,140133
'15SF1',13904,53222,140633
'15SF1',13904,53222,141133
'15SF1',13904,53222,141833
'15SF1',13904,53222,142633
'15SF1',13904,53222,143433
'15SF1',13904,53222,144233
'15SF1',13904,53222,145033
'15SF1',13904,53222,145833
'15SF1',13904,53222,150533
'15SF1',13904,53222,151233
'15SF1',13904,53222,151933
'15SF1',13904,53222,152733
'15SF1',13904,53222,153433
'15SF1',13904,53222,154133
'15SF1',13904,53222,154933
'15SF1',13904,53222,155833
'15SF1',13904,53222,160733
'15SF1',13904,53222,161633
'15SF1',13904,53222,162533
'15SF1',13904,53222,163433
'15SF1',13904,53222,164333
'15SF1',13904,53222,165233
'15SF1',13904,53222,170033
'15SF1',13904,53222,170833
'15SF1',13904,53222,171633
'15SF1',13904,53222,172533
'15SF1',13904,53222,173533
'15SF1',13904,53222,174533
'15SF1',13904,53222,175533
'15SF1',13904,53222,180533
'15SF1',13904,53222,181433
'15SF1',13904,53222,182433
'15SF1',13904,53222,183433
'15SF1',13904,53222,184533
'15SF1',13904,53222,185533
'15SF1',13904,53222,190533
'15SF1',13904,53222,191433
'15SF1',13904,53222,192433
'15SF1',13904,53222,193433
'15SF1',13904,53222,194533
'15SF1',13904,53222,195533
'15SF1',13904,53222,200633
'15SF1',13904,53222,201733
'15SF1',13904,53222,203233
'15SF1',13904,53222,204833
'15SF1',13904,53222,210633
'15SF1',13904,53222,212433
'15SF1',13904,53222,215233
'15SF1',13904,53222,222133
'15SF1',13904,53222,225033
'15SF1',13904,53222,231633
'15SF1',13904,53222,234533
'15SF1',13904,53222,241733
'15SF1',13904,53222,244702
'15SF1',13904,53222,251902
'15SF2',13904,53222,52602
'15SF2',13904,53222,55702
'15SF2',13904,53222,62502
'15SF2',13904,53222,65102
'15SF2',13904,53222,70602
'15SF2',13904,53222,72102
'15SF2',13904,53222,73602
'15SF2',13904,53222,75102
'15SF2',13904,53222,80602
'15SF2',13904,53222,82202
'15SF2',13904,53222,83002
'15SF2',13904,53222,83802
'15SF2',13904,53222,84502
'15SF2',13904,53222,85202
'15SF2',13904,53222,85816
'15SF2',13904,53222,90702
'15SF2',13904,53222,91602
'15SF2',13904,53222,92833
'15SF2',13904,53222,93933
'15SF2',13904,53222,94733
'15SF2',13904,53222,95533
'15SF2',13904,53222,100333
'15SF2',13904,53222,101133
'15SF2',13904,53222,101833
'15SF2',13904,53222,102633
'15SF2',13904,53222,103433
'15SF2',13904,53222,104233
'15SF2',13904,53222,105033
'15SF2',13904,53222,105933
'15SF2',13904,53222,110733
'15SF2',13904,53222,111633
'15SF2',13904,53222,112533
'15SF2',13904,53222,113433
'15SF2',13904,53222,114133
'15SF2',13904,53222,114833
'15SF2',13904,53222,115533
'15SF2',13904,53222,120333
'15SF2',13904,53222,121133
'15SF2',13904,53222,121933
'15SF2',13904,53222,122733
'15SF2',13904,53222,123533
'15SF2',13904,53222,124333
'15SF2',13904,53222,125133
'15SF2',13904,53222,125833
'15SF2',13904,53222,130633
'15SF2',13904,53222,131333
'15SF2',13904,53222,132133
'15SF2',13904,53222,132933
'15SF2',13904,53222,133633
'15SF2',13904,53222,134333
'15SF2',13904,53222,134933
'15SF2',13904,53222,135533
'15SF2',13904,53222,140133
'15SF2',13904,53222,140633
'15SF2',13904,53222,141133
'15SF2',13904,53222,141833
'15SF2',13904,53222,142633
'15SF2',13904,53222,143433
'15SF2',13904,53222,144233
'15SF2',13904,53222,145033
'15SF2',13904,53222,145833
'15SF2',13904,53222,150533
'15SF2',13904,53222,151233
'15SF2',13904,53222,151933
'15SF2',13904,53222,152733
'15SF2',13904,53222,153433
'15SF2',13904,53222,154133
'15SF2',13904,53222,154933
'15SF2',13904,53222,155833
'15SF2',13904,53222,160733
'15SF2',13904,53222,161633
'15SF2',13904,53222,162533
'15SF2',13904,53222,163433
'15SF2',13904,53222,164333
'15SF2',13904,53222,165233
'15SF2',13904,53222,170033
'15SF2',13904,53222,170833
'15SF2',13904,53222,171633
'15SF2',13904,53222,172533
'15SF2',13904,53222,173533
'15SF2',13904,53222,174533
'15SF2',13904,53222,175533
'15SF2',13904,53222,180533
'15SF2',13904,53222,181433
'15SF2',13904,53222,182433
'15SF2',13904,53222,183433
'15SF2',13904,53222,184533
'15SF2',13904,53222,185533
'15SF2',13904,53222,190533
'15SF2',13904,53222,191433
'15SF2',13904,53222,192433
'15SF2',13904,53222,193433
'15SF2',13904,53222,194533
'15SF2',13904,53222,195533
'15SF2',13904,53222,200633
'15SF2',13904,53222,201733
'15SF2',13904,53222,203233
'15SF2',13904,53222,204833
'15SF2',13904,53222,210633
'15SF2',13904,53222,212433
'15SF2',13904,53222,215233
'15SF2',13904,53222,222133
'15SF2',13904,53222,225033
'15SF2',13904,53222,231633
'15SF2',13904,53222,234533
'15SF2',13904,53222,241733
'15SF2',13904,53222,244702
'15SF2',13904,53222,251902
'15SI',13904,53222,53802
'15SI',13904,53222,60502
'15SI',13904,53222,63602
'15SI',13904,53222,70802
'15SI',13904,53222,73902
'15SI',13904,53222,81002
'15SI',13904,53222,82302
'15SI',13904,53222,83602
'15SI',13904,53222,85102
'15SI',13904,53222,90602
'15SI',13904,53222,91902
'15SI',13904,53222,92902
'15SI',13904,53222,93802
'15SI',13904,53222,94602
'15SI',13904,53222,95302
'15SI',13904,53222,100002
'15SI',13904,53222,100802
'15SI',13904,53222,101602
'15SI',13904,53222,102402
'15SI',13904,53222,103102
'15SI',13904,53222,103902
'15SI',13904,53222,104602
'15SI',13904,53222,105348
'15SI',13904,53222,110233
'15SI',13904,53222,111033
'15SI',13904,53222,111733
'15SI',13904,53222,112533
'15SI',13904,53222,113333
'15SI',13904,53222,114133
'15SI',13904,53222,114833
'15SI',13904,53222,115733
'15SI',13904,53222,120533
'15SI',13904,53222,121333
'15SI',13904,53222,122033
'15SI',13904,53222,122733
'15SI',13904,53222,123533
'15SI',13904,53222,124333
'15SI',13904,53222,125133
'15SI',13904,53222,130033
'15SI',13904,53222,130833
'15SI',13904,53222,131633
'15SI',13904,53222,132433
'15SI',13904,53222,133233
'15SI',13904,53222,134133
'15SI',13904,53222,135133
'15SI',13904,53222,135833
'15SI',13904,53222,140533
'15SI',13904,53222,141233
'15SI',13904,53222,141933
'15SI',13904,53222,142633
'15SI',13904,53222,143433
'15SI',13904,53222,144233
'15SI',13904,53222,144933
'15SI',13904,53222,145633
'15SI',13904,53222,150533
'15SI',13904,53222,151533
'15SI',13904,53222,152433
'15SI',13904,53222,153433
'15SI',13904,53222,154433
'15SI',13904,53222,155333
'15SI',13904,53222,160233
'15SI',13904,53222,161033
'15SI',13904,53222,161933
'15SI',13904,53222,162733
'15SI',13904,53222,163533
'15SI',13904,53222,164533
'15SI',13904,53222,165533
'15SI',13904,53222,170533
'15SI',13904,53222,171333
'15SI',13904,53222,172333
'15SI',13904,53222,173333
'15SI',13904,53222,174233
'15SI',13904,53222,175233
'15SI',13904,53222,180133
'15SI',13904,53222,181133
'15SI',13904,53222,183133
'15SI',13904,53222,185133
'15SI',13904,53222,191133
'15SI',13904,53222,193133
'15SI',13904,53222,200033
'15SI',13904,53222,203033
'15SI',13904,53222,205833
'15SI',13904,53222,212833
'15SI',13904,53222,215733
'15SI',13904,53222,222533
'15SI',13904,53222,225048
'15SI',13904,53222,231848
'15SI',13904,53222,234748
'15SI',13904,53222,241748
'15SI',13904,53222,245048
'15SI',13904,53222,252048
'15SS',13904,53222,53148
'15SS',13904,53222,54348
'15SS',13904,53222,55448
'15SS',13904,53222,60548
'15SS',13904,53222,61548
'15SS',13904,53222,62548
'15SS',13904,53222,63548
'15SS',13904,53222,64548
'15SS',13904,53222,65548
'15SS',13904,53222,70348
'15SS',13904,53222,71433
'15SS',13904,53222,71933
'15SS',13904,53222,72633
'15SS',13904,53222,73433
'15SS',13904,53222,74333
'15SS',13904,53222,74733
'15SS',13904,53222,75233
'15SS',13904,53222,80033
'15SS',13904,53222,80633
'15SS',13904,53222,81233
'15SS',13904,53222,81933
'15SS',13904,53222,82233
'15SS',13904,53222,82633
'15SS',13904,53222,82933
'15SS',13904,53222,83333
'15SS',13904,53222,84133
'15SS',13904,53222,84933
'15SS',13904,53222,85733
'15SS',13904,53222,90333
'15SS',13904,53222,91133
'15SS',13904,53222,91733
'15SS',13904,53222,92733
'15SS',13904,53222,93733
'15SS',13904,53222,94733
'15SS',13904,53222,95533
'15SS',13904,53222,100333
'15SS',13904,53222,101133
'15SS',13904,53222,101833
'15SS',13904,53222,102433
'15SS',13904,53222,103133
'15SS',13904,53222,103833
'15SS',13904,53222,104533
'15SS',13904,53222,105233
'15SS',13904,53222,105933
'15SS',13904,53222,110733
'15SS',13904,53222,111433
'15SS',13904,53222,112033
'15SS',13904,53222,112633
'15SS',13904,53222,113333
'15SS',13904,53222,114033
'15SS',13904,53222,114733
'15SS',13904,53222,115433
'15SS',13904,53222,120133
'15SS',13904,53222,120833
'15SS',13904,53222,121533
'15SS',13904,53222,122233
'15SS',13904,53222,122933
'15SS',13904,53222,123733
'15SS',13904,53222,124433
'15SS',13904,53222,125133
'15SS',13904,53222,125833
'15SS',13904,53222,130433
'15SS',13904,53222,131033
'15SS',13904,53222,131633
'15SS',13904,53222,132333
'15SS',13904,53222,133033
'15SS',13904,53222,133633
'15SS',13904,53222,134333
'15SS',13904,53222,135033
'15SS',13904,53222,135733
'15SS',13904,53222,140533
'15SS',13904,53222,141233
'15SS',13904,53222,141933
'15SS',13904,53222,142633
'15SS',13904,53222,143433
'15SS',13904,53222,144133
'15SS',13904,53222,144733
'15SS',13904,53222,145333
'15SS',13904,53222,150119
'15SS',13904,53222,151005
'15SS',13904,53222,151805
'15SS',13904,53222,152405
'15SS',13904,53222,153005
'15SS',13904,53222,153705
'15SS',13904,53222,154305
'15SS',13904,53222,154805
'15SS',13904,53222,155305
'15SS',13904,53222,160205
'15SS',13904,53222,160905
'15SS',13904,53222,161805
'15SS',13904,53222,162605
'15SS',13904,53222,163505
'15SS',13904,53222,164305
'15SS',13904,53222,165105
'15SS',13904,53222,165905
'15SS',13904,53222,170705
'15SS',13904,53222,171605
'15SS',13904,53222,172605
'15SS',13904,53222,173605
'15SS',13904,53222,174505
'15SS',13904,53222,175405
'15SS',13904,53222,180205
'15SS',13904,53222,180919
'15SS',13904,53222,181519
'15SS',13904,53222,182319
'15SS',13904,53222,183119
'15SS',13904,53222,183919
'15SS',13904,53222,184919
'15SS',13904,53222,185919
'15SS',13904,53222,190919
'15SS',13904,53222,191919
'15SS',13904,53222,192633
'15SS',13904,53222,193533
'15SS',13904,53222,194433
'15SS',13904,53222,195433
'15SS',13904,53222,200433
'15SS',13904,53222,201433
'15SS',13904,53222,202433
'15SS',13904,53222,203433
'15SS',13904,53222,204433
'15SS',13904,53222,205433
'15SS',13904,53222,210433
'15SS',13904,53222,211433
'15SS',13904,53222,212433
'15SS',13904,53222,213433
'15SS',13904,53222,220133
'15SS',13904,53222,223033
'15SS',13904,53222,230248
'15SS',13904,53222,233448
'15SS',13904,53222,240448
'15SS',13904,53222,242748
'15SS',13904,53222,245248
'15SS',13904,53222,252148
