'18JA',12304,50850,55045
'18JA',12304,50850,62145
'18JA',12304,50850,65245
'18JA',12304,50850,72245
'18JA',12304,50850,75345
'18JA',12304,50850,82445
'18JA',12304,50850,85345
'18JA',12304,50850,92345
'18JA',12304,50850,95445
'18JA',12304,50850,102545
'18JA',12304,50850,105645
'18JA',12304,50850,112745
'18JA',12304,50850,115745
'18JA',12304,50850,122745
'18JA',12304,50850,125745
'18JA',12304,50850,132745
'18JA',12304,50850,135745
'18JA',12304,50850,142745
'18JA',12304,50850,145745
'18JA',12304,50850,152745
'18JA',12304,50850,155745
'18JA',12304,50850,162745
'18JA',12304,50850,165745
'18JA',12304,50850,172645
'18JA',12304,50850,175145
'18JA',12304,50850,181545
'18JA',12304,50850,183945
'18JA',12304,50850,190245
'18JA',12304,50850,192545
'18JA',12304,50850,194845
'18JA',12304,50850,201245
'18JA',12304,50850,204245
'18JA',12304,50850,211245
'18JA',12304,50850,214245
'18JA',12304,50850,221245
'18JA',12304,50850,224545
'18JA',12304,50850,231745
'18JA',12304,50850,234945
'18JA',12304,50850,242145
'18JI',12304,50850,54845
'18JI',12304,50850,61945
'18JI',12304,50850,65045
'18JI',12304,50850,72145
'18JI',12304,50850,75245
'18JI',12304,50850,82345
'18JI',12304,50850,85445
'18JI',12304,50850,92745
'18JI',12304,50850,100200
'18JI',12304,50850,103700
'18JI',12304,50850,111200
'18JI',12304,50850,114700
'18JI',12304,50850,122200
'18JI',12304,50850,125700
'18JI',12304,50850,133200
'18JI',12304,50850,140700
'18JI',12304,50850,144200
'18JI',12304,50850,151700
'18JI',12304,50850,155200
'18JI',12304,50850,162700
'18JI',12304,50850,170200
'18JI',12304,50850,173700
'18JI',12304,50850,181100
'18JI',12304,50850,184500
'18JI',12304,50850,191900
'18JI',12304,50850,195300
'18JI',12304,50850,202700
'18JI',12304,50850,210100
'18JI',12304,50850,213445
'18JI',12304,50850,220845
'18JI',12304,50850,224045
'18JI',12304,50850,231245
'18JI',12304,50850,234445
'18JI',12304,50850,241545
'18JI',12304,50850,244745
'18JS',12304,50850,53045
'18JS',12304,50850,55445
'18JS',12304,50850,61745
'18JS',12304,50850,64100
'18JS',12304,50850,71100
'18JS',12304,50850,74100
'18JS',12304,50850,81200
'18JS',12304,50850,84100
'18JS',12304,50850,91045
'18JS',12304,50850,94045
'18JS',12304,50850,101045
'18JS',12304,50850,104045
'18JS',12304,50850,111045
'18JS',12304,50850,114045
'18JS',12304,50850,121045
'18JS',12304,50850,124100
'18JS',12304,50850,131100
'18JS',12304,50850,133300
'18JS',12304,50850,135500
'18JS',12304,50850,141700
'18JS',12304,50850,143900
'18JS',12304,50850,150400
'18JS',12304,50850,153400
'18JS',12304,50850,160400
'18JS',12304,50850,163000
'18JS',12304,50850,165300
'18JS',12304,50850,171600
'18JS',12304,50850,173900
'18JS',12304,50850,180445
'18JS',12304,50850,183045
'18JS',12304,50850,185445
'18JS',12304,50850,192345
'18JS',12304,50850,195145
'18JS',12304,50850,201945
'18JS',12304,50850,205145
'18JS',12304,50850,212445
'18JS',12304,50850,215745
'18JS',12304,50850,222945
'18JS',12304,50850,225945
'18JS',12304,50850,232945
'18JS',12304,50850,240145
'18JS',12304,50850,243345
'18JA',35602,50850,255209
'18JA',35602,50850,261209
'18JA',35602,50850,263209
'18JA',35602,50850,265209
'18JA',35602,50850,270209
'18JA',35602,50850,271109
'18JA',35602,50850,272109
'18JA',35602,50850,273009
'18JA',35602,50850,274009
'18JA',35602,50850,275009
'18JA',35602,50850,280209
'18JA',35602,50850,281409
'18JA',35602,50850,282409
'18JA',35602,50850,283609
'18JA',35602,50850,284909
'18JI',35602,50850,254736
'18JI',35602,50850,263336
'18JI',35602,50850,271736
'18JI',35602,50850,280536
'18JI',35602,50850,284936
'18JS',35602,50850,254738
'18JS',35602,50850,260838
'18JS',35602,50850,262938
'18JS',35602,50850,264938
'18JS',35602,50850,270138
'18JS',35602,50850,271338
'18JS',35602,50850,272538
'18JS',35602,50850,273738
'18JS',35602,50850,274938
'18JS',35602,50850,280138
'18JS',35602,50850,281338
'18JS',35602,50850,282538
'18JS',35602,50850,284738
