'15NA',20103,57680,64456
'15NA',20103,57680,71456
'15NA',20103,57680,74456
'15NA',20103,57680,81456
'15NA',20103,57680,84656
'15NA',20103,57680,91756
'15NA',20103,57680,94956
'15NA',20103,57680,101156
'15NA',20103,57680,103322
'15NA',20103,57680,105522
'15NA',20103,57680,111922
'15NA',20103,57680,114022
'15NA',20103,57680,120222
'15NA',20103,57680,122422
'15NA',20103,57680,124822
'15NA',20103,57680,131322
'15NA',20103,57680,133922
'15NA',20103,57680,140122
'15NA',20103,57680,142322
'15NA',20103,57680,144522
'15NA',20103,57680,150822
'15NA',20103,57680,153322
'15NA',20103,57680,155822
'15NA',20103,57680,162022
'15NA',20103,57680,164222
'15NA',20103,57680,170422
'15NA',20103,57680,172722
'15NA',20103,57680,175222
'15NA',20103,57680,181422
'15NA',20103,57680,183822
'15NA',20103,57680,190922
'15NA',20103,57680,194222
'15NA',20103,57680,200522
'15NA',20103,57680,203822
'15NA',20103,57680,211022
'15NA',20103,57680,214322
'15NA',20103,57680,221222
'15NA',20103,57680,224422
'15NA',20103,57680,231522
'15NA',20103,57680,234522
'15NA',20103,57680,241522
'15NF1',20103,57680,73529
'15NF1',20103,57680,81029
'15NF1',20103,57680,84329
'15NF1',20103,57680,91529
'15NF1',20103,57680,94729
'15NF1',20103,57680,101929
'15NF1',20103,57680,105329
'15NF1',20103,57680,112529
'15NF1',20103,57680,115829
'15NF1',20103,57680,123129
'15NF1',20103,57680,130556
'15NF1',20103,57680,134056
'15NF1',20103,57680,141356
'15NF1',20103,57680,144756
'15NF1',20103,57680,152056
'15NF1',20103,57680,155556
'15NF1',20103,57680,162856
'15NF1',20103,57680,170256
'15NF1',20103,57680,173256
'15NF1',20103,57680,180456
'15NF1',20103,57680,183556
'15NF1',20103,57680,190556
'15NF1',20103,57680,193556
'15NF1',20103,57680,200756
'15NF1',20103,57680,203956
'15NF1',20103,57680,211056
'15NF1',20103,57680,214256
'15NF1',20103,57680,221256
'15NF1',20103,57680,224456
'15NF1',20103,57680,231456
'15NF1',20103,57680,234456
'15NF1',20103,57680,241556
'15NF2',20103,57680,64456
'15NF2',20103,57680,71456
'15NF2',20103,57680,74456
'15NF2',20103,57680,81456
'15NF2',20103,57680,84656
'15NF2',20103,57680,91756
'15NF2',20103,57680,94956
'15NF2',20103,57680,101156
'15NF2',20103,57680,103322
'15NF2',20103,57680,105522
'15NF2',20103,57680,111922
'15NF2',20103,57680,114022
'15NF2',20103,57680,120222
'15NF2',20103,57680,122422
'15NF2',20103,57680,124822
'15NF2',20103,57680,131322
'15NF2',20103,57680,133922
'15NF2',20103,57680,140122
'15NF2',20103,57680,142322
'15NF2',20103,57680,144522
'15NF2',20103,57680,150822
'15NF2',20103,57680,153322
'15NF2',20103,57680,155822
'15NF2',20103,57680,162022
'15NF2',20103,57680,164222
'15NF2',20103,57680,170422
'15NF2',20103,57680,172722
'15NF2',20103,57680,175222
'15NF2',20103,57680,181422
'15NF2',20103,57680,183822
'15NF2',20103,57680,190922
'15NF2',20103,57680,194222
'15NF2',20103,57680,200522
'15NF2',20103,57680,203822
'15NF2',20103,57680,211022
'15NF2',20103,57680,214322
'15NF2',20103,57680,221222
'15NF2',20103,57680,224422
'15NF2',20103,57680,231522
'15NF2',20103,57680,234522
'15NF2',20103,57680,241522
'15NF3',20103,57680,73529
'15NF3',20103,57680,81029
'15NF3',20103,57680,84329
'15NF3',20103,57680,91529
'15NF3',20103,57680,94729
'15NF3',20103,57680,101929
'15NF3',20103,57680,105329
'15NF3',20103,57680,112529
'15NF3',20103,57680,115829
'15NF3',20103,57680,123129
'15NF3',20103,57680,130556
'15NF3',20103,57680,134056
'15NF3',20103,57680,141356
'15NF3',20103,57680,144756
'15NF3',20103,57680,152056
'15NF3',20103,57680,155556
'15NF3',20103,57680,162856
'15NF3',20103,57680,170256
'15NF3',20103,57680,173256
'15NF3',20103,57680,180456
'15NF3',20103,57680,183556
'15NF3',20103,57680,190556
'15NF3',20103,57680,193556
'15NF3',20103,57680,200756
'15NF3',20103,57680,203956
'15NF3',20103,57680,211056
'15NF3',20103,57680,214256
'15NF3',20103,57680,221256
'15NF3',20103,57680,224456
'15NF3',20103,57680,231456
'15NF3',20103,57680,234456
'15NF3',20103,57680,241556
'15NF4',20103,57680,64456
'15NF4',20103,57680,71456
'15NF4',20103,57680,74456
'15NF4',20103,57680,81456
'15NF4',20103,57680,84656
'15NF4',20103,57680,91756
'15NF4',20103,57680,94956
'15NF4',20103,57680,101156
'15NF4',20103,57680,103322
'15NF4',20103,57680,105522
'15NF4',20103,57680,111922
'15NF4',20103,57680,114022
'15NF4',20103,57680,120222
'15NF4',20103,57680,122422
'15NF4',20103,57680,124822
'15NF4',20103,57680,131322
'15NF4',20103,57680,133922
'15NF4',20103,57680,140122
'15NF4',20103,57680,142322
'15NF4',20103,57680,144522
'15NF4',20103,57680,150822
'15NF4',20103,57680,153322
'15NF4',20103,57680,155822
'15NF4',20103,57680,162022
'15NF4',20103,57680,164222
'15NF4',20103,57680,170422
'15NF4',20103,57680,172722
'15NF4',20103,57680,175222
'15NF4',20103,57680,181422
'15NF4',20103,57680,183822
'15NF4',20103,57680,190922
'15NF4',20103,57680,194222
'15NF4',20103,57680,200522
'15NF4',20103,57680,203822
'15NF4',20103,57680,211022
'15NF4',20103,57680,214322
'15NF4',20103,57680,221222
'15NF4',20103,57680,224422
'15NF4',20103,57680,231522
'15NF4',20103,57680,234522
'15NF4',20103,57680,241522
'15NI',20103,57680,73529
'15NI',20103,57680,81029
'15NI',20103,57680,84329
'15NI',20103,57680,91529
'15NI',20103,57680,94729
'15NI',20103,57680,101929
'15NI',20103,57680,105329
'15NI',20103,57680,112529
'15NI',20103,57680,115829
'15NI',20103,57680,123129
'15NI',20103,57680,130556
'15NI',20103,57680,134056
'15NI',20103,57680,141356
'15NI',20103,57680,144756
'15NI',20103,57680,152056
'15NI',20103,57680,155556
'15NI',20103,57680,162856
'15NI',20103,57680,170256
'15NI',20103,57680,173256
'15NI',20103,57680,180456
'15NI',20103,57680,183556
'15NI',20103,57680,190556
'15NI',20103,57680,193556
'15NI',20103,57680,200756
'15NI',20103,57680,203956
'15NI',20103,57680,211056
'15NI',20103,57680,214256
'15NI',20103,57680,221256
'15NI',20103,57680,224456
'15NI',20103,57680,231456
'15NI',20103,57680,234456
'15NI',20103,57680,241556
'15NS',20103,57680,65048
'15NS',20103,57680,72448
'15NS',20103,57680,80714
'15NS',20103,57680,83314
'15NS',20103,57680,91514
'15NS',20103,57680,95914
'15NS',20103,57680,103414
'15NS',20103,57680,110414
'15NS',20103,57680,113414
'15NS',20103,57680,120514
'15NS',20103,57680,123914
'15NS',20103,57680,131514
'15NS',20103,57680,135214
'15NS',20103,57680,142914
'15NS',20103,57680,150840
'15NS',20103,57680,154940
'15NS',20103,57680,162740
'15NS',20103,57680,170740
'15NS',20103,57680,174548
'15NS',20103,57680,181548
'15NS',20103,57680,184148
'15NS',20103,57680,190922
'15NS',20103,57680,194122
'15NS',20103,57680,201522
'15NS',20103,57680,204622
'15NS',20103,57680,211722
'15NS',20103,57680,214922
'15NS',20103,57680,222022
'15NS',20103,57680,224756
'15NS',20103,57680,231756
'15NS',20103,57680,234656
'15NS',20103,57680,241556
