'18JA',1801,52021,50400
'18JA',1801,52021,52500
'18JA',1801,52021,55400
'18JA',1801,52021,62400
'18JA',1801,52021,65600
'18JA',1801,52021,72600
'18JA',1801,52021,75600
'18JA',1801,52021,82700
'18JA',1801,52021,85400
'18JA',1801,52021,91400
'18JA',1801,52021,93300
'18JA',1801,52021,95200
'18JA',1801,52021,101000
'18JA',1801,52021,102400
'18JA',1801,52021,103900
'18JA',1801,52021,105600
'18JA',1801,52021,111000
'18JA',1801,52021,112500
'18JA',1801,52021,114000
'18JA',1801,52021,115400
'18JA',1801,52021,120500
'18JA',1801,52021,121600
'18JA',1801,52021,122600
'18JA',1801,52021,123700
'18JA',1801,52021,124800
'18JA',1801,52021,125800
'18JA',1801,52021,130900
'18JA',1801,52021,131700
'18JA',1801,52021,132500
'18JA',1801,52021,133300
'18JA',1801,52021,134100
'18JA',1801,52021,134900
'18JA',1801,52021,135700
'18JA',1801,52021,140400
'18JA',1801,52021,141100
'18JA',1801,52021,141800
'18JA',1801,52021,142600
'18JA',1801,52021,143300
'18JA',1801,52021,144100
'18JA',1801,52021,144900
'18JA',1801,52021,145700
'18JA',1801,52021,150500
'18JA',1801,52021,151200
'18JA',1801,52021,152000
'18JA',1801,52021,152800
'18JA',1801,52021,153500
'18JA',1801,52021,154200
'18JA',1801,52021,154900
'18JA',1801,52021,155600
'18JA',1801,52021,160300
'18JA',1801,52021,160900
'18JA',1801,52021,161500
'18JA',1801,52021,162100
'18JA',1801,52021,162700
'18JA',1801,52021,163400
'18JA',1801,52021,164100
'18JA',1801,52021,164800
'18JA',1801,52021,165500
'18JA',1801,52021,170200
'18JA',1801,52021,170800
'18JA',1801,52021,171300
'18JA',1801,52021,171800
'18JA',1801,52021,172300
'18JA',1801,52021,172800
'18JA',1801,52021,173200
'18JA',1801,52021,173600
'18JA',1801,52021,174000
'18JA',1801,52021,174400
'18JA',1801,52021,175000
'18JA',1801,52021,175600
'18JA',1801,52021,180100
'18JA',1801,52021,180600
'18JA',1801,52021,181100
'18JA',1801,52021,181700
'18JA',1801,52021,182300
'18JA',1801,52021,183000
'18JA',1801,52021,183700
'18JA',1801,52021,184300
'18JA',1801,52021,184900
'18JA',1801,52021,185600
'18JA',1801,52021,190400
'18JA',1801,52021,191200
'18JA',1801,52021,192000
'18JA',1801,52021,192800
'18JA',1801,52021,193900
'18JA',1801,52021,195100
'18JA',1801,52021,200400
'18JA',1801,52021,201900
'18JA',1801,52021,203400
'18JA',1801,52021,204700
'18JA',1801,52021,210000
'18JA',1801,52021,211300
'18JA',1801,52021,212600
'18JA',1801,52021,214000
'18JA',1801,52021,215400
'18JA',1801,52021,220900
'18JA',1801,52021,222400
'18JA',1801,52021,223700
'18JA',1801,52021,225000
'18JA',1801,52021,230200
'18JA',1801,52021,231300
'18JA',1801,52021,232500
'18JA',1801,52021,233700
'18JA',1801,52021,234900
'18JA',1801,52021,240100
'18JA',1801,52021,241300
'18JA',1801,52021,242500
'18JA',1801,52021,244000
'18JA',1801,52021,245500
'18JA',1801,52021,250800
'18JA',1801,52021,252200
'18JA',1801,52021,255200
'18JI',1801,52021,63100
'18JI',1801,52021,70300
'18JI',1801,52021,73300
'18JI',1801,52021,80300
'18JI',1801,52021,83500
'18JI',1801,52021,90500
'18JI',1801,52021,92900
'18JI',1801,52021,94800
'18JI',1801,52021,100500
'18JI',1801,52021,102200
'18JI',1801,52021,104000
'18JI',1801,52021,105900
'18JI',1801,52021,111700
'18JI',1801,52021,113500
'18JI',1801,52021,114700
'18JI',1801,52021,115700
'18JI',1801,52021,120700
'18JI',1801,52021,121700
'18JI',1801,52021,122700
'18JI',1801,52021,123800
'18JI',1801,52021,124800
'18JI',1801,52021,125900
'18JI',1801,52021,130800
'18JI',1801,52021,131600
'18JI',1801,52021,132300
'18JI',1801,52021,133000
'18JI',1801,52021,133800
'18JI',1801,52021,134800
'18JI',1801,52021,135800
'18JI',1801,52021,140800
'18JI',1801,52021,141900
'18JI',1801,52021,142900
'18JI',1801,52021,143800
'18JI',1801,52021,144500
'18JI',1801,52021,145300
'18JI',1801,52021,150000
'18JI',1801,52021,150700
'18JI',1801,52021,151700
'18JI',1801,52021,152700
'18JI',1801,52021,153700
'18JI',1801,52021,154600
'18JI',1801,52021,155600
'18JI',1801,52021,160500
'18JI',1801,52021,161500
'18JI',1801,52021,162300
'18JI',1801,52021,163000
'18JI',1801,52021,163700
'18JI',1801,52021,164200
'18JI',1801,52021,164600
'18JI',1801,52021,165200
'18JI',1801,52021,165700
'18JI',1801,52021,170200
'18JI',1801,52021,170700
'18JI',1801,52021,171300
'18JI',1801,52021,171900
'18JI',1801,52021,172400
'18JI',1801,52021,173100
'18JI',1801,52021,173700
'18JI',1801,52021,174400
'18JI',1801,52021,175100
'18JI',1801,52021,175800
'18JI',1801,52021,180500
'18JI',1801,52021,181400
'18JI',1801,52021,182400
'18JI',1801,52021,183400
'18JI',1801,52021,184400
'18JI',1801,52021,185300
'18JI',1801,52021,190400
'18JI',1801,52021,191400
'18JI',1801,52021,192300
'18JI',1801,52021,193300
'18JI',1801,52021,194300
'18JI',1801,52021,195300
'18JI',1801,52021,200300
'18JI',1801,52021,201300
'18JI',1801,52021,202300
'18JI',1801,52021,204000
'18JI',1801,52021,205900
'18JI',1801,52021,212000
'18JI',1801,52021,214000
'18JI',1801,52021,220000
'18JI',1801,52021,222000
'18JI',1801,52021,223800
'18JI',1801,52021,230000
'18JI',1801,52021,233100
'18JI',1801,52021,240000
'18JI',1801,52021,242900
'18JI',1801,52021,245700
'18JI',1801,52021,252500
'18JS',1801,52021,50700
'18JS',1801,52021,53100
'18JS',1801,52021,60100
'18JS',1801,52021,62300
'18JS',1801,52021,63300
'18JS',1801,52021,64300
'18JS',1801,52021,65300
'18JS',1801,52021,70600
'18JS',1801,52021,71600
'18JS',1801,52021,72600
'18JS',1801,52021,73300
'18JS',1801,52021,73700
'18JS',1801,52021,74100
'18JS',1801,52021,74500
'18JS',1801,52021,75000
'18JS',1801,52021,75500
'18JS',1801,52021,80000
'18JS',1801,52021,80700
'18JS',1801,52021,81500
'18JS',1801,52021,82300
'18JS',1801,52021,83000
'18JS',1801,52021,83700
'18JS',1801,52021,84400
'18JS',1801,52021,85200
'18JS',1801,52021,90200
'18JS',1801,52021,91200
'18JS',1801,52021,92200
'18JS',1801,52021,93100
'18JS',1801,52021,93900
'18JS',1801,52021,94800
'18JS',1801,52021,95800
'18JS',1801,52021,100800
'18JS',1801,52021,101800
'18JS',1801,52021,102800
'18JS',1801,52021,103800
'18JS',1801,52021,104800
'18JS',1801,52021,105800
'18JS',1801,52021,110800
'18JS',1801,52021,111800
'18JS',1801,52021,112800
'18JS',1801,52021,113800
'18JS',1801,52021,114800
'18JS',1801,52021,115600
'18JS',1801,52021,120400
'18JS',1801,52021,121200
'18JS',1801,52021,121900
'18JS',1801,52021,122600
'18JS',1801,52021,123400
'18JS',1801,52021,124300
'18JS',1801,52021,125200
'18JS',1801,52021,130000
'18JS',1801,52021,130800
'18JS',1801,52021,131700
'18JS',1801,52021,132600
'18JS',1801,52021,133400
'18JS',1801,52021,134200
'18JS',1801,52021,135000
'18JS',1801,52021,135800
'18JS',1801,52021,140500
'18JS',1801,52021,141400
'18JS',1801,52021,141900
'18JS',1801,52021,142600
'18JS',1801,52021,143200
'18JS',1801,52021,143800
'18JS',1801,52021,144300
'18JS',1801,52021,144900
'18JS',1801,52021,145600
'18JS',1801,52021,150300
'18JS',1801,52021,150900
'18JS',1801,52021,151500
'18JS',1801,52021,152200
'18JS',1801,52021,152700
'18JS',1801,52021,153200
'18JS',1801,52021,153800
'18JS',1801,52021,154300
'18JS',1801,52021,154800
'18JS',1801,52021,155200
'18JS',1801,52021,155600
'18JS',1801,52021,160000
'18JS',1801,52021,160500
'18JS',1801,52021,161000
'18JS',1801,52021,161500
'18JS',1801,52021,161900
'18JS',1801,52021,162400
'18JS',1801,52021,162900
'18JS',1801,52021,163400
'18JS',1801,52021,163900
'18JS',1801,52021,164400
'18JS',1801,52021,164700
'18JS',1801,52021,165100
'18JS',1801,52021,165600
'18JS',1801,52021,170000
'18JS',1801,52021,170400
'18JS',1801,52021,170900
'18JS',1801,52021,171400
'18JS',1801,52021,171900
'18JS',1801,52021,172300
'18JS',1801,52021,172800
'18JS',1801,52021,173200
'18JS',1801,52021,173700
'18JS',1801,52021,174100
'18JS',1801,52021,174500
'18JS',1801,52021,174900
'18JS',1801,52021,175300
'18JS',1801,52021,175700
'18JS',1801,52021,180100
'18JS',1801,52021,180600
'18JS',1801,52021,180900
'18JS',1801,52021,181300
'18JS',1801,52021,181700
'18JS',1801,52021,182200
'18JS',1801,52021,182700
'18JS',1801,52021,183200
'18JS',1801,52021,183800
'18JS',1801,52021,184400
'18JS',1801,52021,184800
'18JS',1801,52021,185100
'18JS',1801,52021,185600
'18JS',1801,52021,190200
'18JS',1801,52021,190800
'18JS',1801,52021,191400
'18JS',1801,52021,192000
'18JS',1801,52021,192600
'18JS',1801,52021,193200
'18JS',1801,52021,193800
'18JS',1801,52021,194400
'18JS',1801,52021,195000
'18JS',1801,52021,195700
'18JS',1801,52021,200400
'18JS',1801,52021,201000
'18JS',1801,52021,201700
'18JS',1801,52021,202400
'18JS',1801,52021,203100
'18JS',1801,52021,203700
'18JS',1801,52021,204400
'18JS',1801,52021,205100
'18JS',1801,52021,205900
'18JS',1801,52021,210800
'18JS',1801,52021,211600
'18JS',1801,52021,212500
'18JS',1801,52021,213300
'18JS',1801,52021,214000
'18JS',1801,52021,214600
'18JS',1801,52021,215300
'18JS',1801,52021,220000
'18JS',1801,52021,220600
'18JS',1801,52021,221300
'18JS',1801,52021,222000
'18JS',1801,52021,222600
'18JS',1801,52021,223300
'18JS',1801,52021,224100
'18JS',1801,52021,224900
'18JS',1801,52021,225800
'18JS',1801,52021,230700
'18JS',1801,52021,231900
'18JS',1801,52021,233100
'18JS',1801,52021,234700
'18JS',1801,52021,240300
'18JS',1801,52021,242000
'18JS',1801,52021,244400
'18JS',1801,52021,250300
'18JS',1801,52021,253000
