'17SA',13103,53043,53100
'17SA',13103,53043,60100
'17SA',13103,53043,63100
'17SA',13103,53043,70100
'17SA',13103,53043,73100
'17SA',13103,53043,80100
'17SA',13103,53043,83100
'17SA',13103,53043,90100
'17SA',13103,53043,93100
'17SA',13103,53043,100100
'17SA',13103,53043,103200
'17SA',13103,53043,110300
'17SA',13103,53043,113300
'17SA',13103,53043,120400
'17SA',13103,53043,123500
'17SA',13103,53043,130600
'17SA',13103,53043,133700
'17SA',13103,53043,140800
'17SA',13103,53043,143900
'17SA',13103,53043,151000
'17SA',13103,53043,154100
'17SA',13103,53043,161200
'17SA',13103,53043,164300
'17SA',13103,53043,171300
'17SA',13103,53043,174300
'17SA',13103,53043,181200
'17SA',13103,53043,184100
'17SA',13103,53043,191000
'17SA',13103,53043,194200
'17SA',13103,53043,201400
'17SA',13103,53043,204600
'17SA',13103,53043,211700
'17SA',13103,53043,214800
'17SA',13103,53043,221900
'17SA',13103,53043,225000
'17SA',13103,53043,232200
'17SA',13103,53043,235300
'17SA',13103,53043,242300
'17SA',13103,53043,245300
'17SA',13103,53043,252100
'17SA',13103,53043,254900
'17SF1',13103,53043,53100
'17SF1',13103,53043,60100
'17SF1',13103,53043,63100
'17SF1',13103,53043,70100
'17SF1',13103,53043,73100
'17SF1',13103,53043,80200
'17SF1',13103,53043,83200
'17SF1',13103,53043,90200
'17SF1',13103,53043,93200
'17SF1',13103,53043,100200
'17SF1',13103,53043,103200
'17SF1',13103,53043,110200
'17SF1',13103,53043,113200
'17SF1',13103,53043,120200
'17SF1',13103,53043,123300
'17SF1',13103,53043,130300
'17SF1',13103,53043,133300
'17SF1',13103,53043,140300
'17SF1',13103,53043,143300
'17SF1',13103,53043,150300
'17SF1',13103,53043,153300
'17SF1',13103,53043,160300
'17SF1',13103,53043,163300
'17SF1',13103,53043,170300
'17SF1',13103,53043,173300
'17SF1',13103,53043,180300
'17SF1',13103,53043,183300
'17SF1',13103,53043,190300
'17SF1',13103,53043,193500
'17SF1',13103,53043,200600
'17SF1',13103,53043,203700
'17SF1',13103,53043,210700
'17SF1',13103,53043,213700
'17SF1',13103,53043,220700
'17SF1',13103,53043,223700
'17SF1',13103,53043,230600
'17SF1',13103,53043,233500
'17SF1',13103,53043,240300
'17SF1',13103,53043,243100
'17SF1',13103,53043,245900
'17SF1',13103,53043,252700
'17SF2',13103,53043,53100
'17SF2',13103,53043,60100
'17SF2',13103,53043,63100
'17SF2',13103,53043,70100
'17SF2',13103,53043,73100
'17SF2',13103,53043,80200
'17SF2',13103,53043,83200
'17SF2',13103,53043,90200
'17SF2',13103,53043,93200
'17SF2',13103,53043,100200
'17SF2',13103,53043,103200
'17SF2',13103,53043,110200
'17SF2',13103,53043,113200
'17SF2',13103,53043,120200
'17SF2',13103,53043,123300
'17SF2',13103,53043,130300
'17SF2',13103,53043,133300
'17SF2',13103,53043,140300
'17SF2',13103,53043,143300
'17SF2',13103,53043,150300
'17SF2',13103,53043,153300
'17SF2',13103,53043,160300
'17SF2',13103,53043,163300
'17SF2',13103,53043,170300
'17SF2',13103,53043,173300
'17SF2',13103,53043,180300
'17SF2',13103,53043,183300
'17SF2',13103,53043,190300
'17SF2',13103,53043,193500
'17SF2',13103,53043,200600
'17SF2',13103,53043,203700
'17SF2',13103,53043,210700
'17SF2',13103,53043,213700
'17SF2',13103,53043,220700
'17SF2',13103,53043,223700
'17SF2',13103,53043,230600
'17SF2',13103,53043,233500
'17SF2',13103,53043,240300
'17SF2',13103,53043,243100
'17SF2',13103,53043,245900
'17SF2',13103,53043,252700
'17SI',13103,53043,53100
'17SI',13103,53043,60100
'17SI',13103,53043,63100
'17SI',13103,53043,70100
'17SI',13103,53043,73100
'17SI',13103,53043,80200
'17SI',13103,53043,83200
'17SI',13103,53043,90200
'17SI',13103,53043,93200
'17SI',13103,53043,100200
'17SI',13103,53043,103200
'17SI',13103,53043,110200
'17SI',13103,53043,113200
'17SI',13103,53043,120200
'17SI',13103,53043,123300
'17SI',13103,53043,130300
'17SI',13103,53043,133300
'17SI',13103,53043,140300
'17SI',13103,53043,143300
'17SI',13103,53043,150300
'17SI',13103,53043,153300
'17SI',13103,53043,160300
'17SI',13103,53043,163300
'17SI',13103,53043,170300
'17SI',13103,53043,173300
'17SI',13103,53043,180300
'17SI',13103,53043,183300
'17SI',13103,53043,190300
'17SI',13103,53043,193500
'17SI',13103,53043,200600
'17SI',13103,53043,203700
'17SI',13103,53043,210700
'17SI',13103,53043,213700
'17SI',13103,53043,220700
'17SI',13103,53043,223700
'17SI',13103,53043,230600
'17SI',13103,53043,233500
'17SI',13103,53043,240300
'17SI',13103,53043,243100
'17SI',13103,53043,245900
'17SI',13103,53043,252700
'17SS',13103,53043,53300
'17SS',13103,53043,60500
'17SS',13103,53043,63800
'17SS',13103,53043,70500
'17SS',13103,53043,73300
'17SS',13103,53043,74600
'17SS',13103,53043,75900
'17SS',13103,53043,81100
'17SS',13103,53043,82300
'17SS',13103,53043,83500
'17SS',13103,53043,84800
'17SS',13103,53043,91200
'17SS',13103,53043,93600
'17SS',13103,53043,95900
'17SS',13103,53043,102000
'17SS',13103,53043,104200
'17SS',13103,53043,110300
'17SS',13103,53043,112500
'17SS',13103,53043,114600
'17SS',13103,53043,120800
'17SS',13103,53043,122900
'17SS',13103,53043,125100
'17SS',13103,53043,131200
'17SS',13103,53043,133400
'17SS',13103,53043,135600
'17SS',13103,53043,141800
'17SS',13103,53043,144000
'17SS',13103,53043,150200
'17SS',13103,53043,152500
'17SS',13103,53043,154900
'17SS',13103,53043,161200
'17SS',13103,53043,163200
'17SS',13103,53043,165200
'17SS',13103,53043,171200
'17SS',13103,53043,173100
'17SS',13103,53043,175100
'17SS',13103,53043,181100
'17SS',13103,53043,183600
'17SS',13103,53043,190900
'17SS',13103,53043,194200
'17SS',13103,53043,201500
'17SS',13103,53043,204800
'17SS',13103,53043,212100
'17SS',13103,53043,215400
'17SS',13103,53043,222700
'17SS',13103,53043,225900
'17SS',13103,53043,233100
'17SS',13103,53043,235300
'17SS',13103,53043,241500
'17SS',13103,53043,244700
'17SS',13103,53043,251900
