'18UF2',1303,51294,70755
'18UF2',1303,51294,74109
'18UF2',1303,51294,81509
'18UF2',1303,51294,84955
'18UF2',1303,51294,151055
'18UF2',1303,51294,154455
'18UF2',1303,51294,161855
'18UF2',1303,51294,165355
'18UF2',1303,51294,172855
'18UF2',1303,51294,180055
'18UF2',1303,51294,183240
'18UF2',1303,51294,190240
'18US',1303,51294,70755
'18US',1303,51294,74109
'18US',1303,51294,81509
'18US',1303,51294,84955
'18US',1303,51294,151055
'18US',1303,51294,154455
'18US',1303,51294,161855
'18US',1303,51294,165355
'18US',1303,51294,172855
'18US',1303,51294,180055
'18US',1303,51294,183240
'18US',1303,51294,190240
