'18JA',4504,51275,51925
'18JA',4504,51275,54625
'18JA',4504,51275,61325
'18JA',4504,51275,64525
'18JA',4504,51275,71525
'18JA',4504,51275,74646
'18JA',4504,51275,81746
'18JA',4504,51275,84946
'18JA',4504,51275,92246
'18JA',4504,51275,95007
'18JA',4504,51275,101707
'18JA',4504,51275,104707
'18JA',4504,51275,111707
'18JA',4504,51275,114807
'18JA',4504,51275,120807
'18JA',4504,51275,122807
'18JA',4504,51275,124807
'18JA',4504,51275,130807
'18JA',4504,51275,132807
'18JA',4504,51275,135407
'18JA',4504,51275,142107
'18JA',4504,51275,144807
'18JA',4504,51275,151507
'18JA',4504,51275,154207
'18JA',4504,51275,161007
'18JA',4504,51275,163807
'18JA',4504,51275,170807
'18JA',4504,51275,173907
'18JA',4504,51275,181107
'18JA',4504,51275,183907
'18JA',4504,51275,191007
'18JA',4504,51275,194107
'18JA',4504,51275,201107
'18JA',4504,51275,204207
'18JA',4504,51275,211207
'18JA',4504,51275,214207
'18JA',4504,51275,221207
'18JA',4504,51275,224246
'18JA',4504,51275,231346
'18JA',4504,51275,234225
'18JA',4504,51275,241325
'18JA',4504,51275,244425
'18JA',4504,51275,251725
'18JI',4504,51275,52125
'18JI',4504,51275,54825
'18JI',4504,51275,61625
'18JI',4504,51275,64725
'18JI',4504,51275,71825
'18JI',4504,51275,74825
'18JI',4504,51275,81825
'18JI',4504,51275,84825
'18JI',4504,51275,92107
'18JI',4504,51275,95307
'18JI',4504,51275,102007
'18JI',4504,51275,104107
'18JI',4504,51275,110207
'18JI',4504,51275,112307
'18JI',4504,51275,114607
'18JI',4504,51275,120907
'18JI',4504,51275,123207
'18JI',4504,51275,125507
'18JI',4504,51275,132007
'18JI',4504,51275,134507
'18JI',4504,51275,141128
'18JI',4504,51275,143728
'18JI',4504,51275,150028
'18JI',4504,51275,152228
'18JI',4504,51275,154428
'18JI',4504,51275,160728
'18JI',4504,51275,162907
'18JI',4504,51275,170007
'18JI',4504,51275,173207
'18JI',4504,51275,180407
'18JI',4504,51275,183707
'18JI',4504,51275,191007
'18JI',4504,51275,194307
'18JI',4504,51275,201507
'18JI',4504,51275,204807
'18JI',4504,51275,212007
'18JI',4504,51275,215207
'18JI',4504,51275,222346
'18JI',4504,51275,225446
'18JI',4504,51275,232746
'18JI',4504,51275,240046
'18JI',4504,51275,243246
'18JS',4504,51275,50446
'18JS',4504,51275,53046
'18JS',4504,51275,55746
'18JS',4504,51275,62628
'18JS',4504,51275,63628
'18JS',4504,51275,64628
'18JS',4504,51275,65728
'18JS',4504,51275,70728
'18JS',4504,51275,71728
'18JS',4504,51275,72850
'18JS',4504,51275,73850
'18JS',4504,51275,74850
'18JS',4504,51275,75850
'18JS',4504,51275,80850
'18JS',4504,51275,81850
'18JS',4504,51275,82850
'18JS',4504,51275,83850
'18JS',4504,51275,84728
'18JS',4504,51275,85728
'18JS',4504,51275,90728
'18JS',4504,51275,91628
'18JS',4504,51275,92628
'18JS',4504,51275,93628
'18JS',4504,51275,94628
'18JS',4504,51275,95628
'18JS',4504,51275,100628
'18JS',4504,51275,101628
'18JS',4504,51275,102628
'18JS',4504,51275,103628
'18JS',4504,51275,104628
'18JS',4504,51275,105628
'18JS',4504,51275,110628
'18JS',4504,51275,111628
'18JS',4504,51275,112628
'18JS',4504,51275,113628
'18JS',4504,51275,114628
'18JS',4504,51275,115628
'18JS',4504,51275,120628
'18JS',4504,51275,121628
'18JS',4504,51275,122628
'18JS',4504,51275,123628
'18JS',4504,51275,124628
'18JS',4504,51275,125628
'18JS',4504,51275,130628
'18JS',4504,51275,131628
'18JS',4504,51275,132628
'18JS',4504,51275,133628
'18JS',4504,51275,134628
'18JS',4504,51275,135628
'18JS',4504,51275,140628
'18JS',4504,51275,142128
'18JS',4504,51275,144550
'18JS',4504,51275,150550
'18JS',4504,51275,152650
'18JS',4504,51275,154650
'18JS',4504,51275,160650
'18JS',4504,51275,162650
'18JS',4504,51275,165450
'18JS',4504,51275,171650
'18JS',4504,51275,174650
'18JS',4504,51275,181450
'18JS',4504,51275,184428
'18JS',4504,51275,191407
'18JS',4504,51275,194507
'18JS',4504,51275,201507
'18JS',4504,51275,204507
'18JS',4504,51275,211407
'18JS',4504,51275,214407
'18JS',4504,51275,221507
'18JS',4504,51275,224607
'18JS',4504,51275,231807
'18JS',4504,51275,234807
'18JS',4504,51275,241707
'18JS',4504,51275,244607
'18JA',35904,51275,254556
'18JA',35904,51275,262256
'18JA',35904,51275,265605
'18JA',35904,51275,273005
'18JA',35904,51275,280415
'18JA',35904,51275,283915
'18JI',35904,51275,251056
'18JI',35904,51275,254556
'18JI',35904,51275,262056
'18JI',35904,51275,265556
'18JI',35904,51275,273056
'18JI',35904,51275,280556
'18JI',35904,51275,284056
'18JS',35904,51275,251005
'18JS',35904,51275,254556
'18JS',35904,51275,262005
'18JS',35904,51275,265505
'18JS',35904,51275,273005
'18JS',35904,51275,280705
'18JS',35904,51275,284005
