'18MA',3704,56589,61532
'18MA',3704,56589,64032
'18MA',3704,56589,70532
'18MA',3704,56589,73132
'18MA',3704,56589,75632
'18MA',3704,56589,82132
'18MA',3704,56589,84732
'18MA',3704,56589,91432
'18MA',3704,56589,94232
'18MA',3704,56589,101132
'18MA',3704,56589,104032
'18MA',3704,56589,111032
'18MA',3704,56589,114032
'18MA',3704,56589,121032
'18MA',3704,56589,124032
'18MA',3704,56589,131132
'18MA',3704,56589,134132
'18MA',3704,56589,141132
'18MA',3704,56589,144132
'18MA',3704,56589,151132
'18MA',3704,56589,154132
'18MA',3704,56589,161132
'18MA',3704,56589,164132
'18MA',3704,56589,171032
'18MA',3704,56589,174032
'18MA',3704,56589,180932
'18MA',3704,56589,183932
'18MA',3704,56589,190932
'18MA',3704,56589,193932
'18MA',3704,56589,200732
'18MA',3704,56589,203632
'18MA',3704,56589,210532
'18MA',3704,56589,213232
'18MA',3704,56589,215932
'18MA',3704,56589,222532
'18MA',3704,56589,225032
'18MA',3704,56589,231532
'18MA',3704,56589,234032
'18MA',3704,56589,240632
'18MA',3704,56589,243332
'18MA',3704,56589,250632
'18MA',3704,56589,253932
'18MA',3704,56589,260932
'18MF1',3704,56589,61532
'18MF1',3704,56589,64032
'18MF1',3704,56589,70532
'18MF1',3704,56589,73132
'18MF1',3704,56589,75632
'18MF1',3704,56589,82132
'18MF1',3704,56589,84732
'18MF1',3704,56589,91432
'18MF1',3704,56589,94232
'18MF1',3704,56589,101132
'18MF1',3704,56589,104032
'18MF1',3704,56589,111032
'18MF1',3704,56589,114032
'18MF1',3704,56589,121032
'18MF1',3704,56589,124032
'18MF1',3704,56589,131132
'18MF1',3704,56589,134132
'18MF1',3704,56589,141132
'18MF1',3704,56589,144132
'18MF1',3704,56589,151132
'18MF1',3704,56589,154132
'18MF1',3704,56589,161132
'18MF1',3704,56589,164132
'18MF1',3704,56589,171032
'18MF1',3704,56589,174032
'18MF1',3704,56589,180932
'18MF1',3704,56589,183932
'18MF1',3704,56589,190932
'18MF1',3704,56589,193932
'18MF1',3704,56589,200732
'18MF1',3704,56589,203632
'18MF1',3704,56589,210532
'18MF1',3704,56589,213232
'18MF1',3704,56589,215932
'18MF1',3704,56589,222532
'18MF1',3704,56589,225032
'18MF1',3704,56589,231532
'18MF1',3704,56589,234032
'18MF1',3704,56589,240932
'18MF1',3704,56589,244232
'18MF1',3704,56589,251632
'18MF1',3704,56589,254701
'18MF2',3704,56589,61532
'18MF2',3704,56589,64032
'18MF2',3704,56589,70532
'18MF2',3704,56589,73132
'18MF2',3704,56589,75632
'18MF2',3704,56589,82132
'18MF2',3704,56589,84732
'18MF2',3704,56589,91432
'18MF2',3704,56589,94232
'18MF2',3704,56589,101132
'18MF2',3704,56589,104032
'18MF2',3704,56589,111032
'18MF2',3704,56589,114032
'18MF2',3704,56589,121032
'18MF2',3704,56589,124032
'18MF2',3704,56589,131132
'18MF2',3704,56589,134132
'18MF2',3704,56589,141132
'18MF2',3704,56589,144132
'18MF2',3704,56589,151132
'18MF2',3704,56589,154132
'18MF2',3704,56589,161132
'18MF2',3704,56589,164132
'18MF2',3704,56589,171032
'18MF2',3704,56589,174032
'18MF2',3704,56589,180932
'18MF2',3704,56589,183932
'18MF2',3704,56589,190932
'18MF2',3704,56589,193932
'18MF2',3704,56589,200732
'18MF2',3704,56589,203632
'18MF2',3704,56589,210532
'18MF2',3704,56589,213232
'18MF2',3704,56589,215932
'18MF2',3704,56589,222532
'18MF2',3704,56589,225032
'18MF2',3704,56589,231532
'18MF2',3704,56589,234032
'18MF2',3704,56589,240932
'18MF2',3704,56589,244232
'18MF2',3704,56589,251632
'18MF2',3704,56589,254701
'18MF3',3704,56589,61632
'18MF3',3704,56589,64132
'18MF3',3704,56589,70532
'18MF3',3704,56589,72932
'18MF3',3704,56589,75332
'18MF3',3704,56589,81932
'18MF3',3704,56589,84532
'18MF3',3704,56589,91132
'18MF3',3704,56589,94132
'18MF3',3704,56589,100832
'18MF3',3704,56589,103532
'18MF3',3704,56589,110232
'18MF3',3704,56589,112932
'18MF3',3704,56589,115732
'18MF3',3704,56589,122532
'18MF3',3704,56589,125332
'18MF3',3704,56589,132132
'18MF3',3704,56589,134932
'18MF3',3704,56589,141732
'18MF3',3704,56589,144532
'18MF3',3704,56589,151332
'18MF3',3704,56589,154132
'18MF3',3704,56589,160932
'18MF3',3704,56589,163732
'18MF3',3704,56589,170532
'18MF3',3704,56589,173332
'18MF3',3704,56589,180032
'18MF3',3704,56589,182732
'18MF3',3704,56589,185432
'18MF3',3704,56589,192232
'18MF3',3704,56589,194932
'18MF3',3704,56589,201732
'18MF3',3704,56589,204532
'18MF3',3704,56589,211232
'18MF3',3704,56589,213932
'18MF3',3704,56589,220532
'18MF3',3704,56589,223132
'18MF3',3704,56589,225532
'18MF3',3704,56589,232132
'18MF3',3704,56589,234632
'18MF3',3704,56589,241132
'18MF3',3704,56589,243601
'18MF3',3704,56589,245901
'18MF3',3704,56589,252301
'18MF3',3704,56589,254701
'18MI',3704,56589,61632
'18MI',3704,56589,64132
'18MI',3704,56589,70532
'18MI',3704,56589,72932
'18MI',3704,56589,75332
'18MI',3704,56589,81932
'18MI',3704,56589,84532
'18MI',3704,56589,91132
'18MI',3704,56589,94132
'18MI',3704,56589,100832
'18MI',3704,56589,103532
'18MI',3704,56589,110232
'18MI',3704,56589,112932
'18MI',3704,56589,115732
'18MI',3704,56589,122532
'18MI',3704,56589,125332
'18MI',3704,56589,132132
'18MI',3704,56589,134932
'18MI',3704,56589,141732
'18MI',3704,56589,144532
'18MI',3704,56589,151332
'18MI',3704,56589,154132
'18MI',3704,56589,160932
'18MI',3704,56589,163732
'18MI',3704,56589,170532
'18MI',3704,56589,173332
'18MI',3704,56589,180032
'18MI',3704,56589,182732
'18MI',3704,56589,185432
'18MI',3704,56589,192232
'18MI',3704,56589,194932
'18MI',3704,56589,201732
'18MI',3704,56589,204532
'18MI',3704,56589,211232
'18MI',3704,56589,213932
'18MI',3704,56589,220532
'18MI',3704,56589,223132
'18MI',3704,56589,225532
'18MI',3704,56589,232132
'18MI',3704,56589,234632
'18MI',3704,56589,241132
'18MI',3704,56589,243601
'18MI',3704,56589,245901
'18MI',3704,56589,252301
'18MI',3704,56589,254701
'18MS',3704,56589,62432
'18MS',3704,56589,65632
'18MS',3704,56589,72732
'18MS',3704,56589,75832
'18MS',3704,56589,82632
'18MS',3704,56589,85332
'18MS',3704,56589,91832
'18MS',3704,56589,94232
'18MS',3704,56589,100832
'18MS',3704,56589,103432
'18MS',3704,56589,105932
'18MS',3704,56589,112332
'18MS',3704,56589,114732
'18MS',3704,56589,121132
'18MS',3704,56589,123632
'18MS',3704,56589,130132
'18MS',3704,56589,132632
'18MS',3704,56589,135132
'18MS',3704,56589,141632
'18MS',3704,56589,144432
'18MS',3704,56589,151032
'18MS',3704,56589,153632
'18MS',3704,56589,160432
'18MS',3704,56589,163332
'18MS',3704,56589,170332
'18MS',3704,56589,173232
'18MS',3704,56589,175832
'18MS',3704,56589,182432
'18MS',3704,56589,184932
'18MS',3704,56589,191632
'18MS',3704,56589,194632
'18MS',3704,56589,201932
'18MS',3704,56589,205132
'18MS',3704,56589,212032
'18MS',3704,56589,214932
'18MS',3704,56589,221632
'18MS',3704,56589,224432
'18MS',3704,56589,231332
'18MS',3704,56589,234332
'18MS',3704,56589,241201
'18MS',3704,56589,244301
'18MS',3704,56589,251501
'18MS',3704,56589,254801
