'15SA',35503,54295,251900
'15SA',35503,54295,254900
'15SA',35503,54295,261500
'15SA',35503,54295,264100
'15SA',35503,54295,270700
'15SA',35503,54295,273700
'15SA',35503,54295,281500
'15SA',35503,54295,284500
'15SA',35504,54295,261600
'15SA',35504,54295,270100
'15SA',35504,54295,274600
'15SA',35504,54295,282800
'15SA',35504,54295,291000
'15SA',35504,54295,293900
'15SF1',35503,54295,251900
'15SF1',35503,54295,260400
'15SF1',35503,54295,264900
'15SF1',35503,54295,273400
'15SF1',35503,54295,281900
'15SF1',35503,54295,284500
'15SF1',35504,54295,261300
'15SF1',35504,54295,265800
'15SF1',35504,54295,274200
'15SF1',35504,54295,282800
'15SF1',35504,54295,291300
'15SF1',35504,54295,293900
'15SF2',35503,54295,251900
'15SF2',35503,54295,260400
'15SF2',35503,54295,264900
'15SF2',35503,54295,273400
'15SF2',35503,54295,281900
'15SF2',35503,54295,284500
'15SF2',35504,54295,261300
'15SF2',35504,54295,265800
'15SF2',35504,54295,274200
'15SF2',35504,54295,282800
'15SF2',35504,54295,291300
'15SF2',35504,54295,293900
'15SI',35503,54295,251900
'15SI',35503,54295,260400
'15SI',35503,54295,264900
'15SI',35503,54295,273400
'15SI',35503,54295,281900
'15SI',35503,54295,284500
'15SI',35504,54295,261300
'15SI',35504,54295,265800
'15SI',35504,54295,274200
'15SI',35504,54295,282800
'15SI',35504,54295,291300
'15SI',35504,54295,293900
'15SS',35503,54295,251900
'15SS',35503,54295,260400
'15SS',35503,54295,264900
'15SS',35503,54295,273400
'15SS',35503,54295,281200
'15SS',35503,54295,284500
'15SS',35504,54295,261200
'15SS',35504,54295,270200
'15SS',35504,54295,274200
'15SS',35504,54295,282700
'15SS',35504,54295,290800
'15SS',35504,54295,293800
'15SA',36903,54295,252800
'15SA',36903,54295,255800
'15SA',36903,54295,261500
'15SA',36903,54295,262700
'15SA',36903,54295,263900
'15SA',36903,54295,265000
'15SA',36903,54295,270100
'15SA',36903,54295,271300
'15SA',36903,54295,272800
'15SA',36903,54295,274400
'15SA',36903,54295,280000
'15SA',36903,54295,281500
'15SA',36903,54295,282800
'15SA',36904,54295,255400
'15SA',36904,54295,262500
'15SA',36904,54295,265500
'15SA',36904,54295,272500
'15SA',36904,54295,275500
'15SA',36904,54295,282500
'15SA',36904,54295,290900
'15SF1',36903,54295,253000
'15SF1',36903,54295,254200
'15SF1',36903,54295,260600
'15SF1',36903,54295,263000
'15SF1',36903,54295,270900
'15SF1',36903,54295,274900
'15SF1',36903,54295,282800
'15SF1',36904,54295,252400
'15SF1',36904,54295,260400
'15SF1',36904,54295,264400
'15SF1',36904,54295,274400
'15SF1',36904,54295,282400
'15SF1',36904,54295,290900
'15SF2',36903,54295,253000
'15SF2',36903,54295,254200
'15SF2',36903,54295,260600
'15SF2',36903,54295,263000
'15SF2',36903,54295,270900
'15SF2',36903,54295,274900
'15SF2',36903,54295,282800
'15SF2',36904,54295,252400
'15SF2',36904,54295,260400
'15SF2',36904,54295,264400
'15SF2',36904,54295,274400
'15SF2',36904,54295,282400
'15SF2',36904,54295,290900
'15SI',36903,54295,253000
'15SI',36903,54295,261500
'15SI',36903,54295,265500
'15SI',36903,54295,271900
'15SI',36903,54295,274400
'15SI',36903,54295,282800
'15SI',36904,54295,252200
'15SI',36904,54295,260700
'15SI',36904,54295,265200
'15SI',36904,54295,273700
'15SI',36904,54295,282200
'15SI',36904,54295,290700
'15SS',36903,54295,253000
'15SS',36903,54295,254200
'15SS',36903,54295,255400
'15SS',36903,54295,260600
'15SS',36903,54295,261700
'15SS',36903,54295,263000
'15SS',36903,54295,264900
'15SS',36903,54295,270900
'15SS',36903,54295,272900
'15SS',36903,54295,274900
'15SS',36903,54295,282800
'15SS',36904,54295,252400
'15SS',36904,54295,260400
'15SS',36904,54295,264400
'15SS',36904,54295,271700
'15SS',36904,54295,274400
'15SS',36904,54295,282400
'15SS',36904,54295,290900
