'17UA',4901,53026,62557
'17UA',4901,53026,65757
'17UA',4901,53026,72857
'17UA',4901,53026,75857
'17UA',4901,53026,82957
'17UA',4901,53026,90057
'17UA',4901,53026,93057
'17UA',4901,53026,100257
'17UA',4901,53026,103157
'17UA',4901,53026,110057
'17UA',4901,53026,112957
'17UA',4901,53026,115957
'17UA',4901,53026,123057
'17UA',4901,53026,125957
'17UA',4901,53026,132657
'17UA',4901,53026,135257
'17UA',4901,53026,141957
'17UA',4901,53026,144057
'17UA',4901,53026,150057
'17UA',4901,53026,152057
'17UA',4901,53026,154057
'17UA',4901,53026,160057
'17UA',4901,53026,161957
'17UA',4901,53026,163457
'17UA',4901,53026,164957
'17UA',4901,53026,170457
'17UA',4901,53026,172057
'17UA',4901,53026,173557
'17UA',4901,53026,174657
'17UA',4901,53026,175857
'17UA',4901,53026,181057
'17UA',4901,53026,182057
'17UA',4901,53026,183257
'17UA',4901,53026,184157
'17UA',4901,53026,185157
'17UA',4901,53026,190257
'17UA',4901,53026,191457
'17UA',4901,53026,193057
'17UA',4901,53026,194657
'17UA',4901,53026,200357
'17UA',4901,53026,202257
'17UA',4901,53026,204257
'17UA',4901,53026,210257
'17UA',4901,53026,212357
'17UA',4901,53026,214457
'17UA',4901,53026,220557
'17UA',4901,53026,222657
'17UA',4901,53026,224657
'17UA',4901,53026,230657
'17UA',4901,53026,232857
'17UA',4901,53026,235057
'17UA',4901,53026,241057
'17UA',4901,53026,243157
'17UA',4901,53026,245157
'17UA',4901,53026,251357
'17UA',4901,53026,253557
'17UA',4901,53026,255757
'17UA',4901,53026,262057
'17UF1',4901,53026,62557
'17UF1',4901,53026,65757
'17UF1',4901,53026,72857
'17UF1',4901,53026,75857
'17UF1',4901,53026,82957
'17UF1',4901,53026,90057
'17UF1',4901,53026,93057
'17UF1',4901,53026,100257
'17UF1',4901,53026,103157
'17UF1',4901,53026,110057
'17UF1',4901,53026,112957
'17UF1',4901,53026,115957
'17UF1',4901,53026,123057
'17UF1',4901,53026,125957
'17UF1',4901,53026,132657
'17UF1',4901,53026,135257
'17UF1',4901,53026,141957
'17UF1',4901,53026,144057
'17UF1',4901,53026,150057
'17UF1',4901,53026,152057
'17UF1',4901,53026,154057
'17UF1',4901,53026,160057
'17UF1',4901,53026,161957
'17UF1',4901,53026,163457
'17UF1',4901,53026,164957
'17UF1',4901,53026,170457
'17UF1',4901,53026,172057
'17UF1',4901,53026,173557
'17UF1',4901,53026,174657
'17UF1',4901,53026,175857
'17UF1',4901,53026,181057
'17UF1',4901,53026,182057
'17UF1',4901,53026,183257
'17UF1',4901,53026,184157
'17UF1',4901,53026,185157
'17UF1',4901,53026,190257
'17UF1',4901,53026,191457
'17UF1',4901,53026,193057
'17UF1',4901,53026,194657
'17UF1',4901,53026,200357
'17UF1',4901,53026,202257
'17UF1',4901,53026,204257
'17UF1',4901,53026,210257
'17UF1',4901,53026,212357
'17UF1',4901,53026,214457
'17UF1',4901,53026,220557
'17UF1',4901,53026,222657
'17UF1',4901,53026,224657
'17UF1',4901,53026,230657
'17UF1',4901,53026,232857
'17UF1',4901,53026,235057
'17UF1',4901,53026,241057
'17UF1',4901,53026,243157
'17UF1',4901,53026,245157
'17UF1',4901,53026,251357
'17UF1',4901,53026,253557
'17UF1',4901,53026,255757
'17UF1',4901,53026,262057
'17UF2',4901,53026,62557
'17UF2',4901,53026,65757
'17UF2',4901,53026,72857
'17UF2',4901,53026,75857
'17UF2',4901,53026,82957
'17UF2',4901,53026,90057
'17UF2',4901,53026,93057
'17UF2',4901,53026,100257
'17UF2',4901,53026,103157
'17UF2',4901,53026,110057
'17UF2',4901,53026,112957
'17UF2',4901,53026,115957
'17UF2',4901,53026,123057
'17UF2',4901,53026,125957
'17UF2',4901,53026,132657
'17UF2',4901,53026,135257
'17UF2',4901,53026,141957
'17UF2',4901,53026,144057
'17UF2',4901,53026,150057
'17UF2',4901,53026,152057
'17UF2',4901,53026,154057
'17UF2',4901,53026,160057
'17UF2',4901,53026,161957
'17UF2',4901,53026,163457
'17UF2',4901,53026,164957
'17UF2',4901,53026,170457
'17UF2',4901,53026,172057
'17UF2',4901,53026,173557
'17UF2',4901,53026,174657
'17UF2',4901,53026,175857
'17UF2',4901,53026,181057
'17UF2',4901,53026,182057
'17UF2',4901,53026,183257
'17UF2',4901,53026,184157
'17UF2',4901,53026,185157
'17UF2',4901,53026,190257
'17UF2',4901,53026,191457
'17UF2',4901,53026,193057
'17UF2',4901,53026,194657
'17UF2',4901,53026,200357
'17UF2',4901,53026,202257
'17UF2',4901,53026,204257
'17UF2',4901,53026,210257
'17UF2',4901,53026,212357
'17UF2',4901,53026,214457
'17UF2',4901,53026,220557
'17UF2',4901,53026,222657
'17UF2',4901,53026,224657
'17UF2',4901,53026,230657
'17UF2',4901,53026,232857
'17UF2',4901,53026,235057
'17UF2',4901,53026,241057
'17UF2',4901,53026,243157
'17UF2',4901,53026,245157
'17UF2',4901,53026,251357
'17UF2',4901,53026,253557
'17UF2',4901,53026,255757
'17UF2',4901,53026,262057
'17UI',4901,53026,62604
'17UI',4901,53026,65404
'17UI',4901,53026,72504
'17UI',4901,53026,75404
'17UI',4901,53026,82304
'17UI',4901,53026,85204
'17UI',4901,53026,92104
'17UI',4901,53026,94904
'17UI',4901,53026,101904
'17UI',4901,53026,105157
'17UI',4901,53026,112157
'17UI',4901,53026,115157
'17UI',4901,53026,122557
'17UI',4901,53026,125557
'17UI',4901,53026,132557
'17UI',4901,53026,135557
'17UI',4901,53026,142557
'17UI',4901,53026,144557
'17UI',4901,53026,150557
'17UI',4901,53026,152557
'17UI',4901,53026,154557
'17UI',4901,53026,160457
'17UI',4901,53026,161957
'17UI',4901,53026,163457
'17UI',4901,53026,164957
'17UI',4901,53026,170357
'17UI',4901,53026,171957
'17UI',4901,53026,173457
'17UI',4901,53026,174957
'17UI',4901,53026,180457
'17UI',4901,53026,181957
'17UI',4901,53026,183757
'17UI',4901,53026,185757
'17UI',4901,53026,191457
'17UI',4901,53026,193457
'17UI',4901,53026,195457
'17UI',4901,53026,201457
'17UI',4901,53026,203457
'17UI',4901,53026,205457
'17UI',4901,53026,211457
'17UI',4901,53026,213457
'17UI',4901,53026,215557
'17UI',4901,53026,221557
'17UI',4901,53026,223557
'17UI',4901,53026,225557
'17UI',4901,53026,231657
'17UI',4901,53026,234057
'17UI',4901,53026,240204
'17UI',4901,53026,242604
'17UI',4901,53026,245504
'17UI',4901,53026,252404
'17UI',4901,53026,255304
'17US',4901,53026,61412
'17US',4901,53026,63657
'17US',4901,53026,70657
'17US',4901,53026,73857
'17US',4901,53026,80657
'17US',4901,53026,83357
'17US',4901,53026,85812
'17US',4901,53026,92512
'17US',4901,53026,95212
'17US',4901,53026,102012
'17US',4901,53026,105012
'17US',4901,53026,112012
'17US',4901,53026,114012
'17US',4901,53026,120012
'17US',4901,53026,122012
'17US',4901,53026,124012
'17US',4901,53026,130012
'17US',4901,53026,131912
'17US',4901,53026,133712
'17US',4901,53026,135512
'17US',4901,53026,141512
'17US',4901,53026,143512
'17US',4901,53026,145512
'17US',4901,53026,150512
'17US',4901,53026,151512
'17US',4901,53026,152512
'17US',4901,53026,153904
'17US',4901,53026,155004
'17US',4901,53026,160004
'17US',4901,53026,161004
'17US',4901,53026,161804
'17US',4901,53026,162604
'17US',4901,53026,163004
'17US',4901,53026,163804
'17US',4901,53026,164604
'17US',4901,53026,165504
'17US',4901,53026,170304
'17US',4901,53026,171004
'17US',4901,53026,171804
'17US',4901,53026,172604
'17US',4901,53026,173304
'17US',4901,53026,173904
'17US',4901,53026,174504
'17US',4901,53026,175204
'17US',4901,53026,175704
'17US',4901,53026,180204
'17US',4901,53026,180704
'17US',4901,53026,180904
'17US',4901,53026,181304
'17US',4901,53026,181804
'17US',4901,53026,182804
'17US',4901,53026,183804
'17US',4901,53026,184804
'17US',4901,53026,185604
'17US',4901,53026,190304
'17US',4901,53026,191004
'17US',4901,53026,191804
'17US',4901,53026,192704
'17US',4901,53026,193604
'17US',4901,53026,194504
'17US',4901,53026,195504
'17US',4901,53026,200504
'17US',4901,53026,201504
'17US',4901,53026,202504
'17US',4901,53026,203504
'17US',4901,53026,204504
'17US',4901,53026,205504
'17US',4901,53026,210504
'17US',4901,53026,211504
'17US',4901,53026,212504
'17US',4901,53026,213204
'17US',4901,53026,214204
'17US',4901,53026,215204
'17US',4901,53026,220204
'17US',4901,53026,221204
'17US',4901,53026,222704
'17US',4901,53026,224204
'17US',4901,53026,225704
'17US',4901,53026,231204
'17US',4901,53026,232704
'17US',4901,53026,234204
'17US',4901,53026,235704
'17US',4901,53026,241204
'17US',4901,53026,242604
'17US',4901,53026,244204
'17US',4901,53026,245704
'17US',4901,53026,251204
'17US',4901,53026,253404
'17US',4901,53026,260404
'17US',44903,53026,93435
'17US',44903,53026,100435
'17US',44903,53026,103435
'17US',44903,53026,110435
'17US',44903,53026,113535
'17US',44903,53026,120535
'17US',44903,53026,123535
'17US',44903,53026,130635
'17US',44903,53026,133635
'17US',44903,53026,140635
'17US',44903,53026,143635
'17US',44903,53026,150101
'17US',44903,53026,152201
'17US',44903,53026,154201
'17US',44903,53026,160301
'17US',44903,53026,161801
'17US',44903,53026,163301
'17US',44903,53026,164301
'17US',44903,53026,165201
'17US',44903,53026,170201
'17US',44903,53026,171101
'17US',44903,53026,171801
'17US',44903,53026,172601
'17US',44903,53026,173301
'17US',44903,53026,173901
'17US',44903,53026,174501
'17US',44903,53026,175001
'17US',44903,53026,175601
'17US',44903,53026,180126
'17US',44903,53026,181126
'17US',44903,53026,182026
'17US',44903,53026,183026
'17US',44903,53026,184026
'17US',44903,53026,185526
'17US',44903,53026,191526
'17US',44903,53026,194426
'17US',44903,53026,201626
'17US',44903,53026,204526
'17US',44903,53026,211526
'17US',44903,53026,214526
'17US',44903,53026,221526
'17US',44903,53026,224526
