'18UA',19502,56470,55437
'18UA',19502,56470,62737
'18UA',19502,56470,65937
'18UA',19502,56470,73037
'18UA',19502,56470,75937
'18UA',19502,56470,82937
'18UA',19502,56470,90037
'18UA',19502,56470,93037
'18UA',19502,56470,100037
'18UA',19502,56470,102937
'18UA',19502,56470,110037
'18UA',19502,56470,113037
'18UA',19502,56470,120337
'18UA',19502,56470,123437
'18UA',19502,56470,130437
'18UA',19502,56470,133537
'18UA',19502,56470,140437
'18UA',19502,56470,143337
'18UA',19502,56470,150337
'18UA',19502,56470,153537
'18UA',19502,56470,160837
'18UA',19502,56470,163937
'18UA',19502,56470,171037
'18UA',19502,56470,174137
'18UA',19502,56470,181237
'18UA',19502,56470,184132
'18UA',19502,56470,191037
'18UA',19502,56470,194037
'18UA',19502,56470,200937
'18UA',19502,56470,203837
'18UA',19502,56470,210737
'18UA',19502,56470,213637
'18UA',19502,56470,220537
'18UA',19502,56470,223437
'18UA',19502,56470,230237
'18UA',19502,56470,233137
'18UA',19502,56470,240037
'18UA',19502,56470,242937
'18UA',19502,56470,245937
'18UA',19502,56470,252937
'18UA',19502,56470,255937
'18UA',19502,56470,262937
'18UF1',19502,56470,55437
'18UF1',19502,56470,62637
'18UF1',19502,56470,65537
'18UF1',19502,56470,72337
'18UF1',19502,56470,75137
'18UF1',19502,56470,81937
'18UF1',19502,56470,85037
'18UF1',19502,56470,92137
'18UF1',19502,56470,95137
'18UF1',19502,56470,102137
'18UF1',19502,56470,105137
'18UF1',19502,56470,112137
'18UF1',19502,56470,115337
'18UF1',19502,56470,122437
'18UF1',19502,56470,125537
'18UF1',19502,56470,132737
'18UF1',19502,56470,135937
'18UF1',19502,56470,142937
'18UF1',19502,56470,150137
'18UF1',19502,56470,153337
'18UF1',19502,56470,160537
'18UF1',19502,56470,163637
'18UF1',19502,56470,170737
'18UF1',19502,56470,173932
'18UF1',19502,56470,180937
'18UF1',19502,56470,184037
'18UF1',19502,56470,191137
'18UF1',19502,56470,194137
'18UF1',19502,56470,201137
'18UF1',19502,56470,204037
'18UF1',19502,56470,211037
'18UF1',19502,56470,214037
'18UF1',19502,56470,220937
'18UF1',19502,56470,223737
'18UF1',19502,56470,230637
'18UF1',19502,56470,233637
'18UF1',19502,56470,240637
'18UF1',19502,56470,243437
'18UF1',19502,56470,250237
'18UF1',19502,56470,253137
'18UF1',19502,56470,260137
'18UF2',19502,56470,55437
'18UF2',19502,56470,62637
'18UF2',19502,56470,65537
'18UF2',19502,56470,72337
'18UF2',19502,56470,75137
'18UF2',19502,56470,81937
'18UF2',19502,56470,85037
'18UF2',19502,56470,92137
'18UF2',19502,56470,95137
'18UF2',19502,56470,102137
'18UF2',19502,56470,105137
'18UF2',19502,56470,112137
'18UF2',19502,56470,115337
'18UF2',19502,56470,122437
'18UF2',19502,56470,125537
'18UF2',19502,56470,132737
'18UF2',19502,56470,135937
'18UF2',19502,56470,142937
'18UF2',19502,56470,150137
'18UF2',19502,56470,153337
'18UF2',19502,56470,160537
'18UF2',19502,56470,163637
'18UF2',19502,56470,170737
'18UF2',19502,56470,173932
'18UF2',19502,56470,180937
'18UF2',19502,56470,184037
'18UF2',19502,56470,191137
'18UF2',19502,56470,194137
'18UF2',19502,56470,201137
'18UF2',19502,56470,204037
'18UF2',19502,56470,211037
'18UF2',19502,56470,214037
'18UF2',19502,56470,220937
'18UF2',19502,56470,223737
'18UF2',19502,56470,230637
'18UF2',19502,56470,233637
'18UF2',19502,56470,240637
'18UF2',19502,56470,243437
'18UF2',19502,56470,250237
'18UF2',19502,56470,253137
'18UF2',19502,56470,260137
'18UI',19502,56470,55437
'18UI',19502,56470,62637
'18UI',19502,56470,65537
'18UI',19502,56470,72337
'18UI',19502,56470,75137
'18UI',19502,56470,81937
'18UI',19502,56470,85037
'18UI',19502,56470,92137
'18UI',19502,56470,95137
'18UI',19502,56470,102137
'18UI',19502,56470,105137
'18UI',19502,56470,112137
'18UI',19502,56470,115337
'18UI',19502,56470,122437
'18UI',19502,56470,125537
'18UI',19502,56470,132737
'18UI',19502,56470,135937
'18UI',19502,56470,142937
'18UI',19502,56470,150137
'18UI',19502,56470,153337
'18UI',19502,56470,160537
'18UI',19502,56470,163637
'18UI',19502,56470,170737
'18UI',19502,56470,173932
'18UI',19502,56470,180937
'18UI',19502,56470,184037
'18UI',19502,56470,191137
'18UI',19502,56470,194137
'18UI',19502,56470,201137
'18UI',19502,56470,204037
'18UI',19502,56470,211037
'18UI',19502,56470,214037
'18UI',19502,56470,220937
'18UI',19502,56470,223737
'18UI',19502,56470,230637
'18UI',19502,56470,233637
'18UI',19502,56470,240637
'18UI',19502,56470,243437
'18UI',19502,56470,250237
'18UI',19502,56470,253137
'18UI',19502,56470,260137
'18US',19502,56470,52737
'18US',19502,56470,55837
'18US',19502,56470,63032
'18US',19502,56470,65232
'18US',19502,56470,71032
'18US',19502,56470,72232
'18US',19502,56470,75032
'18US',19502,56470,81732
'18US',19502,56470,84337
'18US',19502,56470,91137
'18US',19502,56470,93937
'18US',19502,56470,100637
'18US',19502,56470,103237
'18US',19502,56470,105837
'18US',19502,56470,112337
'18US',19502,56470,115037
'18US',19502,56470,122137
'18US',19502,56470,125437
'18US',19502,56470,132537
'18US',19502,56470,135737
'18US',19502,56470,143037
'18US',19502,56470,150332
'18US',19502,56470,153432
'18US',19502,56470,160532
'18US',19502,56470,163532
'18US',19502,56470,170532
'18US',19502,56470,173532
'18US',19502,56470,180332
'18US',19502,56470,183432
'18US',19502,56470,190337
'18US',19502,56470,193437
'18US',19502,56470,200637
'18US',19502,56470,203837
'18US',19502,56470,211037
'18US',19502,56470,214037
'18US',19502,56470,220837
'18US',19502,56470,223837
'18US',19502,56470,230837
'18US',19502,56470,233837
'18US',19502,56470,240637
'18US',19502,56470,243437
'18US',19502,56470,250337
'18US',19502,56470,253137
'18US',19502,56470,255837
