'16UA',18701,53530,53230
'16UA',18701,53530,60630
'16UA',18701,53530,64030
'16UA',18701,53530,71530
'16UA',18701,53530,74230
'16UA',18701,53530,81230
'16UA',18701,53530,84230
'16UA',18701,53530,91230
'16UA',18701,53530,94230
'16UA',18701,53530,101230
'16UA',18701,53530,104230
'16UA',18701,53530,111345
'16UA',18701,53530,114345
'16UA',18701,53530,121345
'16UA',18701,53530,124345
'16UA',18701,53530,131345
'16UA',18701,53530,134345
'16UA',18701,53530,141345
'16UA',18701,53530,144345
'16UA',18701,53530,151345
'16UA',18701,53530,153745
'16UA',18701,53530,155745
'16UA',18701,53530,161745
'16UA',18701,53530,163745
'16UA',18701,53530,165745
'16UA',18701,53530,171745
'16UA',18701,53530,173245
'16UA',18701,53530,174745
'16UA',18701,53530,180245
'16UA',18701,53530,181745
'16UA',18701,53530,183145
'16UA',18701,53530,185145
'16UA',18701,53530,191145
'16UA',18701,53530,193945
'16UA',18701,53530,200945
'16UA',18701,53530,203945
'16UA',18701,53530,210945
'16UA',18701,53530,213945
'16UA',18701,53530,220945
'16UA',18701,53530,223945
'16UA',18701,53530,230945
'16UA',18701,53530,232945
'16UA',18701,53530,234845
'16UA',18701,53530,240845
'16UA',18701,53530,243845
'16UA',18701,53530,250815
'16UA',18701,53530,253815
'16UA',18701,53530,260815
'16UF1',18701,53530,53115
'16UF1',18701,53530,60115
'16UF1',18701,53530,63415
'16UF1',18701,53530,70515
'16UF1',18701,53530,73915
'16UF1',18701,53530,81015
'16UF1',18701,53530,83945
'16UF1',18701,53530,90845
'16UF1',18701,53530,93845
'16UF1',18701,53530,100845
'16UF1',18701,53530,103845
'16UF1',18701,53530,110845
'16UF1',18701,53530,113845
'16UF1',18701,53530,120845
'16UF1',18701,53530,123845
'16UF1',18701,53530,130845
'16UF1',18701,53530,133845
'16UF1',18701,53530,140845
'16UF1',18701,53530,143845
'16UF1',18701,53530,150845
'16UF1',18701,53530,152945
'16UF1',18701,53530,154945
'16UF1',18701,53530,160945
'16UF1',18701,53530,163045
'16UF1',18701,53530,165045
'16UF1',18701,53530,171045
'16UF1',18701,53530,173045
'16UF1',18701,53530,175045
'16UF1',18701,53530,181045
'16UF1',18701,53530,183045
'16UF1',18701,53530,185045
'16UF1',18701,53530,191545
'16UF1',18701,53530,194345
'16UF1',18701,53530,201245
'16UF1',18701,53530,204145
'16UF1',18701,53530,211045
'16UF1',18701,53530,214045
'16UF1',18701,53530,221045
'16UF1',18701,53530,223945
'16UF1',18701,53530,230830
'16UF1',18701,53530,233730
'16UF1',18701,53530,240730
'16UF1',18701,53530,243830
'16UF1',18701,53530,250830
'16UF1',18701,53530,253530
'16UF2',18701,53530,53115
'16UF2',18701,53530,60115
'16UF2',18701,53530,63415
'16UF2',18701,53530,70515
'16UF2',18701,53530,73915
'16UF2',18701,53530,81015
'16UF2',18701,53530,83945
'16UF2',18701,53530,90845
'16UF2',18701,53530,93845
'16UF2',18701,53530,100845
'16UF2',18701,53530,103845
'16UF2',18701,53530,110845
'16UF2',18701,53530,113845
'16UF2',18701,53530,120845
'16UF2',18701,53530,123845
'16UF2',18701,53530,130845
'16UF2',18701,53530,133845
'16UF2',18701,53530,140845
'16UF2',18701,53530,143845
'16UF2',18701,53530,150845
'16UF2',18701,53530,152945
'16UF2',18701,53530,154945
'16UF2',18701,53530,160945
'16UF2',18701,53530,163045
'16UF2',18701,53530,165045
'16UF2',18701,53530,171045
'16UF2',18701,53530,173045
'16UF2',18701,53530,175045
'16UF2',18701,53530,181045
'16UF2',18701,53530,183045
'16UF2',18701,53530,185045
'16UF2',18701,53530,191545
'16UF2',18701,53530,194345
'16UF2',18701,53530,201245
'16UF2',18701,53530,204145
'16UF2',18701,53530,211045
'16UF2',18701,53530,214045
'16UF2',18701,53530,221045
'16UF2',18701,53530,223945
'16UF2',18701,53530,230830
'16UF2',18701,53530,233730
'16UF2',18701,53530,240730
'16UF2',18701,53530,243830
'16UF2',18701,53530,250830
'16UF2',18701,53530,253530
'16UI',18701,53530,53115
'16UI',18701,53530,60115
'16UI',18701,53530,63415
'16UI',18701,53530,70515
'16UI',18701,53530,73915
'16UI',18701,53530,81015
'16UI',18701,53530,83945
'16UI',18701,53530,90845
'16UI',18701,53530,93845
'16UI',18701,53530,100845
'16UI',18701,53530,103845
'16UI',18701,53530,110845
'16UI',18701,53530,113845
'16UI',18701,53530,120845
'16UI',18701,53530,123845
'16UI',18701,53530,130845
'16UI',18701,53530,133845
'16UI',18701,53530,140845
'16UI',18701,53530,143845
'16UI',18701,53530,150845
'16UI',18701,53530,152945
'16UI',18701,53530,154945
'16UI',18701,53530,160945
'16UI',18701,53530,163045
'16UI',18701,53530,165045
'16UI',18701,53530,171045
'16UI',18701,53530,173045
'16UI',18701,53530,175045
'16UI',18701,53530,181045
'16UI',18701,53530,183045
'16UI',18701,53530,185045
'16UI',18701,53530,191545
'16UI',18701,53530,194345
'16UI',18701,53530,201245
'16UI',18701,53530,204145
'16UI',18701,53530,211045
'16UI',18701,53530,214045
'16UI',18701,53530,221045
'16UI',18701,53530,223945
'16UI',18701,53530,230830
'16UI',18701,53530,233730
'16UI',18701,53530,240730
'16UI',18701,53530,243830
'16UI',18701,53530,250830
'16UI',18701,53530,253530
'16US',18701,53530,53130
'16US',18701,53530,60045
'16US',18701,53530,63145
'16US',18701,53530,70245
'16US',18701,53530,73216
'16US',18701,53530,80216
'16US',18701,53530,83145
'16US',18701,53530,90145
'16US',18701,53530,93145
'16US',18701,53530,100145
'16US',18701,53530,103145
'16US',18701,53530,110145
'16US',18701,53530,113145
'16US',18701,53530,120145
'16US',18701,53530,122845
'16US',18701,53530,125445
'16US',18701,53530,131545
'16US',18701,53530,133545
'16US',18701,53530,135345
'16US',18701,53530,141045
'16US',18701,53530,142745
'16US',18701,53530,143745
'16US',18701,53530,144745
'16US',18701,53530,145801
'16US',18701,53530,150901
'16US',18701,53530,151901
'16US',18701,53530,152901
'16US',18701,53530,153901
'16US',18701,53530,154901
'16US',18701,53530,155901
'16US',18701,53530,160901
'16US',18701,53530,161901
'16US',18701,53530,162901
'16US',18701,53530,163901
'16US',18701,53530,164901
'16US',18701,53530,165901
'16US',18701,53530,170901
'16US',18701,53530,171901
'16US',18701,53530,172901
'16US',18701,53530,173901
'16US',18701,53530,174901
'16US',18701,53530,175745
'16US',18701,53530,180745
'16US',18701,53530,181745
'16US',18701,53530,182745
'16US',18701,53530,183745
'16US',18701,53530,184745
'16US',18701,53530,185745
'16US',18701,53530,190645
'16US',18701,53530,191645
'16US',18701,53530,192645
'16US',18701,53530,193645
'16US',18701,53530,194645
'16US',18701,53530,195645
'16US',18701,53530,200645
'16US',18701,53530,201645
'16US',18701,53530,202645
'16US',18701,53530,203645
'16US',18701,53530,204645
'16US',18701,53530,205645
'16US',18701,53530,211145
'16US',18701,53530,212645
'16US',18701,53530,214145
'16US',18701,53530,215645
'16US',18701,53530,221545
'16US',18701,53530,223545
'16US',18701,53530,230545
'16US',18701,53530,233545
'16US',18701,53530,240545
'16US',18701,53530,243445
'16US',18701,53530,250445
'16US',18701,53530,253445
'16UA',36201,53530,270222
'16UA',36201,53530,274722
'16UA',36201,53530,283222
'16UA',36201,53530,291722
'16UF1',36201,53530,261722
'16UF1',36201,53530,270222
'16UF1',36201,53530,274722
'16UF1',36201,53530,283222
'16UF1',36201,53530,291722
'16UF2',36201,53530,261722
'16UF2',36201,53530,270222
'16UF2',36201,53530,274722
'16UF2',36201,53530,283222
'16UF2',36201,53530,291722
'16UI',36201,53530,261722
'16UI',36201,53530,270222
'16UI',36201,53530,274722
'16UI',36201,53530,283222
'16UI',36201,53530,291722
'16US',36201,53530,261721
'16US',36201,53530,270221
'16US',36201,53530,274721
'16US',36201,53530,283221
'16US',36201,53530,291721
