'18MF1',4102,51662,54706
'18MF1',4102,51662,61806
'18MF1',4102,51662,65006
'18MF1',4102,51662,72255
'18MF1',4102,51662,75455
'18MF1',4102,51662,82555
'18MF1',4102,51662,85655
'18MF1',4102,51662,92455
'18MF1',4102,51662,95355
'18MF1',4102,51662,102155
'18MF1',4102,51662,104855
'18MF1',4102,51662,111655
'18MF1',4102,51662,114555
'18MF1',4102,51662,121455
'18MF1',4102,51662,124155
'18MF1',4102,51662,130855
'18MF1',4102,51662,133555
'18MF1',4102,51662,140355
'18MF1',4102,51662,143155
'18MF1',4102,51662,150144
'18MF1',4102,51662,153144
'18MF1',4102,51662,160332
'18MF1',4102,51662,163332
'18MF1',4102,51662,170421
'18MF1',4102,51662,173321
'18MF1',4102,51662,175955
'18MF1',4102,51662,183055
'18MF1',4102,51662,185918
'18MF1',4102,51662,192718
'18MF1',4102,51662,195518
'18MF1',4102,51662,202318
'18MF1',4102,51662,205018
'18MF1',4102,51662,211618
'18MF2',4102,51662,54706
'18MF2',4102,51662,61806
'18MF2',4102,51662,65006
'18MF2',4102,51662,72255
'18MF2',4102,51662,75455
'18MF2',4102,51662,82555
'18MF2',4102,51662,85655
'18MF2',4102,51662,92455
'18MF2',4102,51662,95355
'18MF2',4102,51662,102155
'18MF2',4102,51662,104855
'18MF2',4102,51662,111655
'18MF2',4102,51662,114555
'18MF2',4102,51662,121455
'18MF2',4102,51662,124155
'18MF2',4102,51662,130855
'18MF2',4102,51662,133555
'18MF2',4102,51662,140355
'18MF2',4102,51662,143155
'18MF2',4102,51662,150144
'18MF2',4102,51662,153144
'18MF2',4102,51662,160332
'18MF2',4102,51662,163332
'18MF2',4102,51662,170421
'18MF2',4102,51662,173321
'18MF2',4102,51662,175955
'18MF2',4102,51662,183055
'18MF2',4102,51662,185918
'18MF2',4102,51662,192718
'18MF2',4102,51662,195518
'18MF2',4102,51662,202318
'18MF2',4102,51662,205018
'18MF2',4102,51662,211618
'18MS',4102,51662,54706
'18MS',4102,51662,60806
'18MS',4102,51662,62906
'18MS',4102,51662,65006
'18MS',4102,51662,71155
'18MS',4102,51662,73455
'18MS',4102,51662,75155
'18MS',4102,51662,80755
'18MS',4102,51662,82655
'18MS',4102,51662,84955
'18MS',4102,51662,91255
'18MS',4102,51662,93355
'18MS',4102,51662,95755
'18MS',4102,51662,102255
'18MS',4102,51662,104855
'18MS',4102,51662,111655
'18MS',4102,51662,114555
'18MS',4102,51662,121455
'18MS',4102,51662,124155
'18MS',4102,51662,130855
'18MS',4102,51662,133555
'18MS',4102,51662,140255
'18MS',4102,51662,142955
'18MS',4102,51662,145844
'18MS',4102,51662,152844
'18MS',4102,51662,155932
'18MS',4102,51662,162732
'18MS',4102,51662,164832
'18MS',4102,51662,171021
'18MS',4102,51662,173121
'18MS',4102,51662,175044
'18MS',4102,51662,181055
'18MS',4102,51662,183255
'18MS',4102,51662,185318
'18MS',4102,51662,191318
'18MS',4102,51662,193318
'18MS',4102,51662,195518
'18MS',4102,51662,202318
'18MS',4102,51662,205018
'18MS',4102,51662,211618
'18MA',9302,51662,51153
'18MA',9302,51662,54153
'18MA',9302,51662,61153
'18MA',9302,51662,64153
'18MA',9302,51662,71153
'18MA',9302,51662,74227
'18MA',9302,51662,81227
'18MA',9302,51662,84227
'18MA',9302,51662,91327
'18MA',9302,51662,94427
'18MA',9302,51662,101527
'18MA',9302,51662,104627
'18MA',9302,51662,111727
'18MA',9302,51662,114827
'18MA',9302,51662,121927
'18MA',9302,51662,125027
'18MA',9302,51662,132127
'18MA',9302,51662,135127
'18MA',9302,51662,142127
'18MA',9302,51662,144827
'18MA',9302,51662,151527
'18MA',9302,51662,154127
'18MA',9302,51662,160827
'18MA',9302,51662,163527
'18MA',9302,51662,170227
'18MA',9302,51662,173427
'18MA',9302,51662,180427
'18MA',9302,51662,183427
'18MA',9302,51662,190427
'18MA',9302,51662,193427
'18MA',9302,51662,200427
'18MA',9302,51662,203353
'18MA',9302,51662,210353
'18MA',9302,51662,213353
'18MA',9302,51662,220353
'18MA',9302,51662,223353
'18MA',9302,51662,230353
'18MA',9302,51662,233353
'18MA',9302,51662,240353
'18MA',9302,51662,243353
'18MA',9302,51662,250353
'18MA',9302,51662,253653
'18MF1',9302,51662,51153
'18MF1',9302,51662,54153
'18MF1',9302,51662,61153
'18MF1',9302,51662,64153
'18MF1',9302,51662,71153
'18MF1',9302,51662,74227
'18MF1',9302,51662,81227
'18MF1',9302,51662,84227
'18MF1',9302,51662,91327
'18MF1',9302,51662,94427
'18MF1',9302,51662,101527
'18MF1',9302,51662,104627
'18MF1',9302,51662,111727
'18MF1',9302,51662,114827
'18MF1',9302,51662,121927
'18MF1',9302,51662,125027
'18MF1',9302,51662,132127
'18MF1',9302,51662,135127
'18MF1',9302,51662,142127
'18MF1',9302,51662,144827
'18MF1',9302,51662,151527
'18MF1',9302,51662,154127
'18MF1',9302,51662,160827
'18MF1',9302,51662,163527
'18MF1',9302,51662,170227
'18MF1',9302,51662,173427
'18MF1',9302,51662,180427
'18MF1',9302,51662,183427
'18MF1',9302,51662,190427
'18MF1',9302,51662,193427
'18MF1',9302,51662,200427
'18MF1',9302,51662,203353
'18MF1',9302,51662,210353
'18MF1',9302,51662,213353
'18MF1',9302,51662,220353
'18MF1',9302,51662,223353
'18MF1',9302,51662,230353
'18MF1',9302,51662,233353
'18MF1',9302,51662,240453
'18MF1',9302,51662,243753
'18MF1',9302,51662,251020
'18MF1',9302,51662,253653
'18MF2',9302,51662,51153
'18MF2',9302,51662,54153
'18MF2',9302,51662,61153
'18MF2',9302,51662,64153
'18MF2',9302,51662,71153
'18MF2',9302,51662,74227
'18MF2',9302,51662,81227
'18MF2',9302,51662,84227
'18MF2',9302,51662,91327
'18MF2',9302,51662,94427
'18MF2',9302,51662,101527
'18MF2',9302,51662,104627
'18MF2',9302,51662,111727
'18MF2',9302,51662,114827
'18MF2',9302,51662,121927
'18MF2',9302,51662,125027
'18MF2',9302,51662,132127
'18MF2',9302,51662,135127
'18MF2',9302,51662,142127
'18MF2',9302,51662,144827
'18MF2',9302,51662,151527
'18MF2',9302,51662,154127
'18MF2',9302,51662,160827
'18MF2',9302,51662,163527
'18MF2',9302,51662,170227
'18MF2',9302,51662,173427
'18MF2',9302,51662,180427
'18MF2',9302,51662,183427
'18MF2',9302,51662,190427
'18MF2',9302,51662,193427
'18MF2',9302,51662,200427
'18MF2',9302,51662,203353
'18MF2',9302,51662,210353
'18MF2',9302,51662,213353
'18MF2',9302,51662,220353
'18MF2',9302,51662,223353
'18MF2',9302,51662,230353
'18MF2',9302,51662,233353
'18MF2',9302,51662,240453
'18MF2',9302,51662,243753
'18MF2',9302,51662,251020
'18MF2',9302,51662,253653
'18MF3',9302,51662,51153
'18MF3',9302,51662,54153
'18MF3',9302,51662,61153
'18MF3',9302,51662,64153
'18MF3',9302,51662,71153
'18MF3',9302,51662,74227
'18MF3',9302,51662,81227
'18MF3',9302,51662,84227
'18MF3',9302,51662,91327
'18MF3',9302,51662,94427
'18MF3',9302,51662,101527
'18MF3',9302,51662,104627
'18MF3',9302,51662,111727
'18MF3',9302,51662,114827
'18MF3',9302,51662,121927
'18MF3',9302,51662,125027
'18MF3',9302,51662,132127
'18MF3',9302,51662,135127
'18MF3',9302,51662,142127
'18MF3',9302,51662,144827
'18MF3',9302,51662,151527
'18MF3',9302,51662,154127
'18MF3',9302,51662,160827
'18MF3',9302,51662,163527
'18MF3',9302,51662,170227
'18MF3',9302,51662,173427
'18MF3',9302,51662,180427
'18MF3',9302,51662,183427
'18MF3',9302,51662,190427
'18MF3',9302,51662,193427
'18MF3',9302,51662,200427
'18MF3',9302,51662,203353
'18MF3',9302,51662,210353
'18MF3',9302,51662,213353
'18MF3',9302,51662,220353
'18MF3',9302,51662,223353
'18MF3',9302,51662,230353
'18MF3',9302,51662,233353
'18MF3',9302,51662,240453
'18MF3',9302,51662,243753
'18MF3',9302,51662,251020
'18MF3',9302,51662,253653
'18MI',9302,51662,51020
'18MI',9302,51662,54020
'18MI',9302,51662,61020
'18MI',9302,51662,64020
'18MI',9302,51662,71020
'18MI',9302,51662,74020
'18MI',9302,51662,81020
'18MI',9302,51662,84053
'18MI',9302,51662,91053
'18MI',9302,51662,94127
'18MI',9302,51662,101127
'18MI',9302,51662,104127
'18MI',9302,51662,111127
'18MI',9302,51662,114127
'18MI',9302,51662,121127
'18MI',9302,51662,124127
'18MI',9302,51662,131127
'18MI',9302,51662,134127
'18MI',9302,51662,141127
'18MI',9302,51662,144127
'18MI',9302,51662,151127
'18MI',9302,51662,154127
'18MI',9302,51662,161127
'18MI',9302,51662,164127
'18MI',9302,51662,171127
'18MI',9302,51662,174053
'18MI',9302,51662,181053
'18MI',9302,51662,184053
'18MI',9302,51662,191053
'18MI',9302,51662,194053
'18MI',9302,51662,201053
'18MI',9302,51662,204053
'18MI',9302,51662,211053
'18MI',9302,51662,214053
'18MI',9302,51662,221053
'18MI',9302,51662,224020
'18MI',9302,51662,231020
'18MI',9302,51662,234020
'18MI',9302,51662,241020
'18MI',9302,51662,244020
'18MI',9302,51662,251020
'18MI',9302,51662,254020
'18MS',9302,51662,51053
'18MS',9302,51662,53853
'18MS',9302,51662,60653
'18MS',9302,51662,63427
'18MS',9302,51662,70027
'18MS',9302,51662,72700
'18MS',9302,51662,75500
'18MS',9302,51662,82500
'18MS',9302,51662,85300
'18MS',9302,51662,92300
'18MS',9302,51662,95027
'18MS',9302,51662,101927
'18MS',9302,51662,104727
'18MS',9302,51662,111727
'18MS',9302,51662,114800
'18MS',9302,51662,121900
'18MS',9302,51662,125000
'18MS',9302,51662,132100
'18MS',9302,51662,135200
'18MS',9302,51662,142300
'18MS',9302,51662,145500
'18MS',9302,51662,152600
'18MS',9302,51662,160000
'18MS',9302,51662,163500
'18MS',9302,51662,171000
'18MS',9302,51662,174500
'18MS',9302,51662,181853
'18MS',9302,51662,184353
'18MS',9302,51662,191253
'18MS',9302,51662,193853
'18MS',9302,51662,200353
'18MS',9302,51662,202753
'18MS',9302,51662,205353
'18MS',9302,51662,211753
'18MS',9302,51662,214253
'18MS',9302,51662,220853
'18MS',9302,51662,223753
'18MS',9302,51662,230620
'18MS',9302,51662,233620
'18MS',9302,51662,240520
'18MS',9302,51662,243520
'18MS',9302,51662,250620
'18MS',9302,51662,253820
'18MA',14102,51662,51806
'18MA',14102,51662,54806
'18MA',14102,51662,61806
'18MA',14102,51662,64806
'18MA',14102,51662,71806
'18MA',14102,51662,73006
'18MA',14102,51662,74406
'18MA',14102,51662,75806
'18MA',14102,51662,81106
'18MA',14102,51662,82306
'18MA',14102,51662,83206
'18MA',14102,51662,84106
'18MA',14102,51662,85006
'18MA',14102,51662,85806
'18MA',14102,51662,90606
'18MA',14102,51662,91406
'18MA',14102,51662,92306
'18MA',14102,51662,93106
'18MA',14102,51662,93855
'18MA',14102,51662,94655
'18MA',14102,51662,95455
'18MA',14102,51662,100355
'18MA',14102,51662,101055
'18MA',14102,51662,101755
'18MA',14102,51662,102555
'18MA',14102,51662,103255
'18MA',14102,51662,103955
'18MA',14102,51662,104755
'18MA',14102,51662,105655
'18MA',14102,51662,110455
'18MA',14102,51662,111155
'18MA',14102,51662,111855
'18MA',14102,51662,112555
'18MA',14102,51662,113155
'18MA',14102,51662,113755
'18MA',14102,51662,114455
'18MA',14102,51662,115255
'18MA',14102,51662,115755
'18MA',14102,51662,120255
'18MA',14102,51662,120755
'18MA',14102,51662,121455
'18MA',14102,51662,121955
'18MA',14102,51662,122455
'18MA',14102,51662,122855
'18MA',14102,51662,123255
'18MA',14102,51662,123655
'18MA',14102,51662,124155
'18MA',14102,51662,124755
'18MA',14102,51662,125355
'18MA',14102,51662,125855
'18MA',14102,51662,130255
'18MA',14102,51662,130655
'18MA',14102,51662,131055
'18MA',14102,51662,131455
'18MA',14102,51662,131855
'18MA',14102,51662,132355
'18MA',14102,51662,132855
'18MA',14102,51662,133255
'18MA',14102,51662,133755
'18MA',14102,51662,134355
'18MA',14102,51662,134855
'18MA',14102,51662,135355
'18MA',14102,51662,135855
'18MA',14102,51662,140355
'18MA',14102,51662,140755
'18MA',14102,51662,141055
'18MA',14102,51662,141355
'18MA',14102,51662,141755
'18MA',14102,51662,142155
'18MA',14102,51662,142555
'18MA',14102,51662,143055
'18MA',14102,51662,143555
'18MA',14102,51662,143955
'18MA',14102,51662,144355
'18MA',14102,51662,144755
'18MA',14102,51662,145155
'18MA',14102,51662,145655
'18MA',14102,51662,150055
'18MA',14102,51662,150455
'18MA',14102,51662,150855
'18MA',14102,51662,151355
'18MA',14102,51662,151955
'18MA',14102,51662,152555
'18MA',14102,51662,153055
'18MA',14102,51662,153455
'18MA',14102,51662,153855
'18MA',14102,51662,154255
'18MA',14102,51662,154655
'18MA',14102,51662,155055
'18MA',14102,51662,155555
'18MA',14102,51662,160055
'18MA',14102,51662,160555
'18MA',14102,51662,160955
'18MA',14102,51662,161355
'18MA',14102,51662,161755
'18MA',14102,51662,162155
'18MA',14102,51662,162555
'18MA',14102,51662,162955
'18MA',14102,51662,163355
'18MA',14102,51662,163755
'18MA',14102,51662,164155
'18MA',14102,51662,164555
'18MA',14102,51662,164855
'18MA',14102,51662,165255
'18MA',14102,51662,165755
'18MA',14102,51662,170155
'18MA',14102,51662,170555
'18MA',14102,51662,170955
'18MA',14102,51662,171355
'18MA',14102,51662,171755
'18MA',14102,51662,172155
'18MA',14102,51662,172555
'18MA',14102,51662,172955
'18MA',14102,51662,173355
'18MA',14102,51662,173655
'18MA',14102,51662,173955
'18MA',14102,51662,174255
'18MA',14102,51662,174655
'18MA',14102,51662,175055
'18MA',14102,51662,175555
'18MA',14102,51662,175955
'18MA',14102,51662,180455
'18MA',14102,51662,181055
'18MA',14102,51662,181655
'18MA',14102,51662,182255
'18MA',14102,51662,182755
'18MA',14102,51662,183306
'18MA',14102,51662,183806
'18MA',14102,51662,184306
'18MA',14102,51662,184906
'18MA',14102,51662,185706
'18MA',14102,51662,190706
'18MA',14102,51662,191706
'18MA',14102,51662,192706
'18MA',14102,51662,193706
'18MA',14102,51662,195006
'18MA',14102,51662,200306
'18MA',14102,51662,201606
'18MA',14102,51662,202806
'18MA',14102,51662,204006
'18MA',14102,51662,205206
'18MA',14102,51662,210706
'18MA',14102,51662,212206
'18MA',14102,51662,213606
'18MA',14102,51662,214906
'18MA',14102,51662,220906
'18MA',14102,51662,222906
'18MA',14102,51662,224906
'18MA',14102,51662,230906
'18MA',14102,51662,232906
'18MA',14102,51662,234617
'18MA',14102,51662,241417
'18MA',14102,51662,244417
'18MA',14102,51662,251417
'18MA',14102,51662,254617
'18MA',14102,51662,261917
'18MF1',14102,51662,51806
'18MF1',14102,51662,54806
'18MF1',14102,51662,60306
'18MF1',14102,51662,61106
'18MF1',14102,51662,61806
'18MF1',14102,51662,62606
'18MF1',14102,51662,63306
'18MF1',14102,51662,64106
'18MF1',14102,51662,64806
'18MF1',14102,51662,65606
'18MF1',14102,51662,70306
'18MF1',14102,51662,71106
'18MF1',14102,51662,71806
'18MF1',14102,51662,72606
'18MF1',14102,51662,73306
'18MF1',14102,51662,74206
'18MF1',14102,51662,75106
'18MF1',14102,51662,75906
'18MF1',14102,51662,80706
'18MF1',14102,51662,81406
'18MF1',14102,51662,82206
'18MF1',14102,51662,82906
'18MF1',14102,51662,83606
'18MF1',14102,51662,84306
'18MF1',14102,51662,85006
'18MF1',14102,51662,85706
'18MF1',14102,51662,90406
'18MF1',14102,51662,91206
'18MF1',14102,51662,92006
'18MF1',14102,51662,92806
'18MF1',14102,51662,93655
'18MF1',14102,51662,94555
'18MF1',14102,51662,95355
'18MF1',14102,51662,100255
'18MF1',14102,51662,101055
'18MF1',14102,51662,101655
'18MF1',14102,51662,102255
'18MF1',14102,51662,102855
'18MF1',14102,51662,103455
'18MF1',14102,51662,104055
'18MF1',14102,51662,104655
'18MF1',14102,51662,105255
'18MF1',14102,51662,105855
'18MF1',14102,51662,110455
'18MF1',14102,51662,111055
'18MF1',14102,51662,111655
'18MF1',14102,51662,112355
'18MF1',14102,51662,112955
'18MF1',14102,51662,113555
'18MF1',14102,51662,114255
'18MF1',14102,51662,114955
'18MF1',14102,51662,115555
'18MF1',14102,51662,120155
'18MF1',14102,51662,120755
'18MF1',14102,51662,121455
'18MF1',14102,51662,121955
'18MF1',14102,51662,122455
'18MF1',14102,51662,122955
'18MF1',14102,51662,123455
'18MF1',14102,51662,123955
'18MF1',14102,51662,124455
'18MF1',14102,51662,124955
'18MF1',14102,51662,125455
'18MF1',14102,51662,125955
'18MF1',14102,51662,130455
'18MF1',14102,51662,130955
'18MF1',14102,51662,131455
'18MF1',14102,51662,131955
'18MF1',14102,51662,132455
'18MF1',14102,51662,132955
'18MF1',14102,51662,133455
'18MF1',14102,51662,133955
'18MF1',14102,51662,134455
'18MF1',14102,51662,134955
'18MF1',14102,51662,135455
'18MF1',14102,51662,135955
'18MF1',14102,51662,140455
'18MF1',14102,51662,140955
'18MF1',14102,51662,141455
'18MF1',14102,51662,141955
'18MF1',14102,51662,142455
'18MF1',14102,51662,142955
'18MF1',14102,51662,143455
'18MF1',14102,51662,143955
'18MF1',14102,51662,144455
'18MF1',14102,51662,144955
'18MF1',14102,51662,145455
'18MF1',14102,51662,145955
'18MF1',14102,51662,150455
'18MF1',14102,51662,150955
'18MF1',14102,51662,151455
'18MF1',14102,51662,151955
'18MF1',14102,51662,152455
'18MF1',14102,51662,152955
'18MF1',14102,51662,153455
'18MF1',14102,51662,153955
'18MF1',14102,51662,154455
'18MF1',14102,51662,154955
'18MF1',14102,51662,155455
'18MF1',14102,51662,155955
'18MF1',14102,51662,160455
'18MF1',14102,51662,160955
'18MF1',14102,51662,161555
'18MF1',14102,51662,162155
'18MF1',14102,51662,162755
'18MF1',14102,51662,163355
'18MF1',14102,51662,163955
'18MF1',14102,51662,164555
'18MF1',14102,51662,165155
'18MF1',14102,51662,165755
'18MF1',14102,51662,170355
'18MF1',14102,51662,170955
'18MF1',14102,51662,171555
'18MF1',14102,51662,172155
'18MF1',14102,51662,172755
'18MF1',14102,51662,173355
'18MF1',14102,51662,173855
'18MF1',14102,51662,174355
'18MF1',14102,51662,174855
'18MF1',14102,51662,175455
'18MF1',14102,51662,175955
'18MF1',14102,51662,180555
'18MF1',14102,51662,181255
'18MF1',14102,51662,181955
'18MF1',14102,51662,182655
'18MF1',14102,51662,183306
'18MF1',14102,51662,184006
'18MF1',14102,51662,184706
'18MF1',14102,51662,185306
'18MF1',14102,51662,190006
'18MF1',14102,51662,190706
'18MF1',14102,51662,191506
'18MF1',14102,51662,192206
'18MF1',14102,51662,193006
'18MF1',14102,51662,193806
'18MF1',14102,51662,194606
'18MF1',14102,51662,195306
'18MF1',14102,51662,200106
'18MF1',14102,51662,200806
'18MF1',14102,51662,201606
'18MF1',14102,51662,202406
'18MF1',14102,51662,203206
'18MF1',14102,51662,204206
'18MF1',14102,51662,205206
'18MF1',14102,51662,210206
'18MF1',14102,51662,211206
'18MF1',14102,51662,212206
'18MF1',14102,51662,213206
'18MF1',14102,51662,214006
'18MF1',14102,51662,214906
'18MF1',14102,51662,215906
'18MF1',14102,51662,221406
'18MF1',14102,51662,222906
'18MF1',14102,51662,224406
'18MF1',14102,51662,225906
'18MF1',14102,51662,231406
'18MF1',14102,51662,232906
'18MF1',14102,51662,234617
'18MF1',14102,51662,241417
'18MF1',14102,51662,244617
'18MF1',14102,51662,251817
'18MF1',14102,51662,255027
'18MF2',14102,51662,51806
'18MF2',14102,51662,54806
'18MF2',14102,51662,60306
'18MF2',14102,51662,61106
'18MF2',14102,51662,61806
'18MF2',14102,51662,62606
'18MF2',14102,51662,63306
'18MF2',14102,51662,64106
'18MF2',14102,51662,64806
'18MF2',14102,51662,65606
'18MF2',14102,51662,70306
'18MF2',14102,51662,71106
'18MF2',14102,51662,71806
'18MF2',14102,51662,72606
'18MF2',14102,51662,73306
'18MF2',14102,51662,74206
'18MF2',14102,51662,75106
'18MF2',14102,51662,75906
'18MF2',14102,51662,80706
'18MF2',14102,51662,81406
'18MF2',14102,51662,82206
'18MF2',14102,51662,82906
'18MF2',14102,51662,83606
'18MF2',14102,51662,84306
'18MF2',14102,51662,85006
'18MF2',14102,51662,85706
'18MF2',14102,51662,90406
'18MF2',14102,51662,91206
'18MF2',14102,51662,92006
'18MF2',14102,51662,92806
'18MF2',14102,51662,93655
'18MF2',14102,51662,94555
'18MF2',14102,51662,95355
'18MF2',14102,51662,100255
'18MF2',14102,51662,101055
'18MF2',14102,51662,101655
'18MF2',14102,51662,102255
'18MF2',14102,51662,102855
'18MF2',14102,51662,103455
'18MF2',14102,51662,104055
'18MF2',14102,51662,104655
'18MF2',14102,51662,105255
'18MF2',14102,51662,105855
'18MF2',14102,51662,110455
'18MF2',14102,51662,111055
'18MF2',14102,51662,111655
'18MF2',14102,51662,112355
'18MF2',14102,51662,112955
'18MF2',14102,51662,113555
'18MF2',14102,51662,114255
'18MF2',14102,51662,114955
'18MF2',14102,51662,115555
'18MF2',14102,51662,120155
'18MF2',14102,51662,120755
'18MF2',14102,51662,121455
'18MF2',14102,51662,121955
'18MF2',14102,51662,122455
'18MF2',14102,51662,122955
'18MF2',14102,51662,123455
'18MF2',14102,51662,123955
'18MF2',14102,51662,124455
'18MF2',14102,51662,124955
'18MF2',14102,51662,125455
'18MF2',14102,51662,125955
'18MF2',14102,51662,130455
'18MF2',14102,51662,130955
'18MF2',14102,51662,131455
'18MF2',14102,51662,131955
'18MF2',14102,51662,132455
'18MF2',14102,51662,132955
'18MF2',14102,51662,133455
'18MF2',14102,51662,133955
'18MF2',14102,51662,134455
'18MF2',14102,51662,134955
'18MF2',14102,51662,135455
'18MF2',14102,51662,135955
'18MF2',14102,51662,140455
'18MF2',14102,51662,140955
'18MF2',14102,51662,141455
'18MF2',14102,51662,141955
'18MF2',14102,51662,142455
'18MF2',14102,51662,142955
'18MF2',14102,51662,143455
'18MF2',14102,51662,143955
'18MF2',14102,51662,144455
'18MF2',14102,51662,144955
'18MF2',14102,51662,145455
'18MF2',14102,51662,145955
'18MF2',14102,51662,150455
'18MF2',14102,51662,150955
'18MF2',14102,51662,151455
'18MF2',14102,51662,151955
'18MF2',14102,51662,152455
'18MF2',14102,51662,152955
'18MF2',14102,51662,153455
'18MF2',14102,51662,153955
'18MF2',14102,51662,154455
'18MF2',14102,51662,154955
'18MF2',14102,51662,155455
'18MF2',14102,51662,155955
'18MF2',14102,51662,160455
'18MF2',14102,51662,160955
'18MF2',14102,51662,161555
'18MF2',14102,51662,162155
'18MF2',14102,51662,162755
'18MF2',14102,51662,163355
'18MF2',14102,51662,163955
'18MF2',14102,51662,164555
'18MF2',14102,51662,165155
'18MF2',14102,51662,165755
'18MF2',14102,51662,170355
'18MF2',14102,51662,170955
'18MF2',14102,51662,171555
'18MF2',14102,51662,172155
'18MF2',14102,51662,172755
'18MF2',14102,51662,173355
'18MF2',14102,51662,173855
'18MF2',14102,51662,174355
'18MF2',14102,51662,174855
'18MF2',14102,51662,175455
'18MF2',14102,51662,175955
'18MF2',14102,51662,180555
'18MF2',14102,51662,181255
'18MF2',14102,51662,181955
'18MF2',14102,51662,182655
'18MF2',14102,51662,183306
'18MF2',14102,51662,184006
'18MF2',14102,51662,184706
'18MF2',14102,51662,185306
'18MF2',14102,51662,190006
'18MF2',14102,51662,190706
'18MF2',14102,51662,191506
'18MF2',14102,51662,192206
'18MF2',14102,51662,193006
'18MF2',14102,51662,193806
'18MF2',14102,51662,194606
'18MF2',14102,51662,195306
'18MF2',14102,51662,200106
'18MF2',14102,51662,200806
'18MF2',14102,51662,201606
'18MF2',14102,51662,202406
'18MF2',14102,51662,203206
'18MF2',14102,51662,204206
'18MF2',14102,51662,205206
'18MF2',14102,51662,210206
'18MF2',14102,51662,211206
'18MF2',14102,51662,212206
'18MF2',14102,51662,213206
'18MF2',14102,51662,214006
'18MF2',14102,51662,214906
'18MF2',14102,51662,215906
'18MF2',14102,51662,221406
'18MF2',14102,51662,222906
'18MF2',14102,51662,224406
'18MF2',14102,51662,225906
'18MF2',14102,51662,231406
'18MF2',14102,51662,232906
'18MF2',14102,51662,234617
'18MF2',14102,51662,241417
'18MF2',14102,51662,244617
'18MF2',14102,51662,251817
'18MF2',14102,51662,255027
'18MF3',14102,51662,51517
'18MF3',14102,51662,55217
'18MF3',14102,51662,62817
'18MF3',14102,51662,70706
'18MF3',14102,51662,73506
'18MF3',14102,51662,80106
'18MF3',14102,51662,82706
'18MF3',14102,51662,83906
'18MF3',14102,51662,85255
'18MF3',14102,51662,90655
'18MF3',14102,51662,91755
'18MF3',14102,51662,92855
'18MF3',14102,51662,93855
'18MF3',14102,51662,94855
'18MF3',14102,51662,95655
'18MF3',14102,51662,100455
'18MF3',14102,51662,101155
'18MF3',14102,51662,101855
'18MF3',14102,51662,102655
'18MF3',14102,51662,103455
'18MF3',14102,51662,104155
'18MF3',14102,51662,104755
'18MF3',14102,51662,105455
'18MF3',14102,51662,110255
'18MF3',14102,51662,111055
'18MF3',14102,51662,111755
'18MF3',14102,51662,112555
'18MF3',14102,51662,113355
'18MF3',14102,51662,114055
'18MF3',14102,51662,114755
'18MF3',14102,51662,115555
'18MF3',14102,51662,120255
'18MF3',14102,51662,120955
'18MF3',14102,51662,121755
'18MF3',14102,51662,122555
'18MF3',14102,51662,123355
'18MF3',14102,51662,124155
'18MF3',14102,51662,124955
'18MF3',14102,51662,125555
'18MF3',14102,51662,130155
'18MF3',14102,51662,130755
'18MF3',14102,51662,131355
'18MF3',14102,51662,131955
'18MF3',14102,51662,132555
'18MF3',14102,51662,133255
'18MF3',14102,51662,133855
'18MF3',14102,51662,134455
'18MF3',14102,51662,135055
'18MF3',14102,51662,135555
'18MF3',14102,51662,140155
'18MF3',14102,51662,140755
'18MF3',14102,51662,141355
'18MF3',14102,51662,141955
'18MF3',14102,51662,142655
'18MF3',14102,51662,143355
'18MF3',14102,51662,143855
'18MF3',14102,51662,144355
'18MF3',14102,51662,144955
'18MF3',14102,51662,145555
'18MF3',14102,51662,150155
'18MF3',14102,51662,150755
'18MF3',14102,51662,151255
'18MF3',14102,51662,151755
'18MF3',14102,51662,152255
'18MF3',14102,51662,152655
'18MF3',14102,51662,153155
'18MF3',14102,51662,153655
'18MF3',14102,51662,154255
'18MF3',14102,51662,154855
'18MF3',14102,51662,155455
'18MF3',14102,51662,155955
'18MF3',14102,51662,160455
'18MF3',14102,51662,160955
'18MF3',14102,51662,161555
'18MF3',14102,51662,162155
'18MF3',14102,51662,162755
'18MF3',14102,51662,163355
'18MF3',14102,51662,163955
'18MF3',14102,51662,164455
'18MF3',14102,51662,164955
'18MF3',14102,51662,165555
'18MF3',14102,51662,170055
'18MF3',14102,51662,170655
'18MF3',14102,51662,171255
'18MF3',14102,51662,171855
'18MF3',14102,51662,172455
'18MF3',14102,51662,172955
'18MF3',14102,51662,173455
'18MF3',14102,51662,174055
'18MF3',14102,51662,174555
'18MF3',14102,51662,175055
'18MF3',14102,51662,175555
'18MF3',14102,51662,180255
'18MF3',14102,51662,180855
'18MF3',14102,51662,181555
'18MF3',14102,51662,182355
'18MF3',14102,51662,183255
'18MF3',14102,51662,184255
'18MF3',14102,51662,185255
'18MF3',14102,51662,190155
'18MF3',14102,51662,191155
'18MF3',14102,51662,192355
'18MF3',14102,51662,193855
'18MF3',14102,51662,195206
'18MF3',14102,51662,200606
'18MF3',14102,51662,202106
'18MF3',14102,51662,203806
'18MF3',14102,51662,210306
'18MF3',14102,51662,212806
'18MF3',14102,51662,215606
'18MF3',14102,51662,222606
'18MF3',14102,51662,225127
'18MF3',14102,51662,231827
'18MF3',14102,51662,234727
'18MF3',14102,51662,241727
'18MF3',14102,51662,244727
'18MF3',14102,51662,251827
'18MF3',14102,51662,255027
'18MI',14102,51662,51517
'18MI',14102,51662,55217
'18MI',14102,51662,62817
'18MI',14102,51662,70706
'18MI',14102,51662,73506
'18MI',14102,51662,80106
'18MI',14102,51662,82706
'18MI',14102,51662,83906
'18MI',14102,51662,85255
'18MI',14102,51662,90655
'18MI',14102,51662,91755
'18MI',14102,51662,92855
'18MI',14102,51662,93855
'18MI',14102,51662,94855
'18MI',14102,51662,95655
'18MI',14102,51662,100455
'18MI',14102,51662,101155
'18MI',14102,51662,101855
'18MI',14102,51662,102655
'18MI',14102,51662,103455
'18MI',14102,51662,104155
'18MI',14102,51662,104755
'18MI',14102,51662,105455
'18MI',14102,51662,110255
'18MI',14102,51662,111055
'18MI',14102,51662,111755
'18MI',14102,51662,112555
'18MI',14102,51662,113355
'18MI',14102,51662,114055
'18MI',14102,51662,114755
'18MI',14102,51662,115555
'18MI',14102,51662,120255
'18MI',14102,51662,120955
'18MI',14102,51662,121755
'18MI',14102,51662,122555
'18MI',14102,51662,123355
'18MI',14102,51662,124155
'18MI',14102,51662,124955
'18MI',14102,51662,125555
'18MI',14102,51662,130155
'18MI',14102,51662,130755
'18MI',14102,51662,131355
'18MI',14102,51662,131955
'18MI',14102,51662,132555
'18MI',14102,51662,133255
'18MI',14102,51662,133855
'18MI',14102,51662,134455
'18MI',14102,51662,135055
'18MI',14102,51662,135555
'18MI',14102,51662,140155
'18MI',14102,51662,140755
'18MI',14102,51662,141355
'18MI',14102,51662,141955
'18MI',14102,51662,142655
'18MI',14102,51662,143355
'18MI',14102,51662,143855
'18MI',14102,51662,144355
'18MI',14102,51662,144955
'18MI',14102,51662,145555
'18MI',14102,51662,150155
'18MI',14102,51662,150755
'18MI',14102,51662,151255
'18MI',14102,51662,151755
'18MI',14102,51662,152255
'18MI',14102,51662,152655
'18MI',14102,51662,153155
'18MI',14102,51662,153655
'18MI',14102,51662,154255
'18MI',14102,51662,154855
'18MI',14102,51662,155455
'18MI',14102,51662,155955
'18MI',14102,51662,160455
'18MI',14102,51662,160955
'18MI',14102,51662,161555
'18MI',14102,51662,162155
'18MI',14102,51662,162755
'18MI',14102,51662,163355
'18MI',14102,51662,163955
'18MI',14102,51662,164455
'18MI',14102,51662,164955
'18MI',14102,51662,165555
'18MI',14102,51662,170055
'18MI',14102,51662,170655
'18MI',14102,51662,171255
'18MI',14102,51662,171855
'18MI',14102,51662,172455
'18MI',14102,51662,172955
'18MI',14102,51662,173455
'18MI',14102,51662,174055
'18MI',14102,51662,174555
'18MI',14102,51662,175055
'18MI',14102,51662,175555
'18MI',14102,51662,180255
'18MI',14102,51662,180855
'18MI',14102,51662,181555
'18MI',14102,51662,182355
'18MI',14102,51662,183255
'18MI',14102,51662,184255
'18MI',14102,51662,185255
'18MI',14102,51662,190155
'18MI',14102,51662,191155
'18MI',14102,51662,192355
'18MI',14102,51662,193855
'18MI',14102,51662,195206
'18MI',14102,51662,200606
'18MI',14102,51662,202106
'18MI',14102,51662,203806
'18MI',14102,51662,210306
'18MI',14102,51662,212806
'18MI',14102,51662,215606
'18MI',14102,51662,222606
'18MI',14102,51662,225127
'18MI',14102,51662,231827
'18MI',14102,51662,234727
'18MI',14102,51662,241727
'18MI',14102,51662,244727
'18MI',14102,51662,251827
'18MI',14102,51662,255027
'18MS',14102,51662,51727
'18MS',14102,51662,53327
'18MS',14102,51662,54727
'18MS',14102,51662,55827
'18MS',14102,51662,60527
'18MS',14102,51662,61427
'18MS',14102,51662,62427
'18MS',14102,51662,63527
'18MS',14102,51662,64427
'18MS',14102,51662,65127
'18MS',14102,51662,65727
'18MS',14102,51662,70327
'18MS',14102,51662,70927
'18MS',14102,51662,71717
'18MS',14102,51662,72317
'18MS',14102,51662,73117
'18MS',14102,51662,73617
'18MS',14102,51662,74117
'18MS',14102,51662,74617
'18MS',14102,51662,75017
'18MS',14102,51662,75317
'18MS',14102,51662,75617
'18MS',14102,51662,75817
'18MS',14102,51662,80317
'18MS',14102,51662,80817
'18MS',14102,51662,81317
'18MS',14102,51662,81517
'18MS',14102,51662,81917
'18MS',14102,51662,82517
'18MS',14102,51662,83217
'18MS',14102,51662,84017
'18MS',14102,51662,84817
'18MS',14102,51662,85517
'18MS',14102,51662,90217
'18MS',14102,51662,91217
'18MS',14102,51662,92117
'18MS',14102,51662,93017
'18MS',14102,51662,93817
'18MS',14102,51662,94617
'18MS',14102,51662,95417
'18MS',14102,51662,100217
'18MS',14102,51662,100917
'18MS',14102,51662,101617
'18MS',14102,51662,102417
'18MS',14102,51662,103317
'18MS',14102,51662,104117
'18MS',14102,51662,104717
'18MS',14102,51662,105217
'18MS',14102,51662,105817
'18MS',14102,51662,110417
'18MS',14102,51662,111017
'18MS',14102,51662,111617
'18MS',14102,51662,112217
'18MS',14102,51662,112917
'18MS',14102,51662,113617
'18MS',14102,51662,114217
'18MS',14102,51662,114917
'18MS',14102,51662,115517
'18MS',14102,51662,120017
'18MS',14102,51662,120517
'18MS',14102,51662,121017
'18MS',14102,51662,121517
'18MS',14102,51662,122017
'18MS',14102,51662,122617
'18MS',14102,51662,123317
'18MS',14102,51662,123917
'18MS',14102,51662,124617
'18MS',14102,51662,125317
'18MS',14102,51662,125917
'18MS',14102,51662,130517
'18MS',14102,51662,131117
'18MS',14102,51662,131617
'18MS',14102,51662,132117
'18MS',14102,51662,132717
'18MS',14102,51662,133317
'18MS',14102,51662,134017
'18MS',14102,51662,134617
'18MS',14102,51662,135317
'18MS',14102,51662,135817
'18MS',14102,51662,140417
'18MS',14102,51662,141017
'18MS',14102,51662,141617
'18MS',14102,51662,142217
'18MS',14102,51662,143017
'18MS',14102,51662,143617
'18MS',14102,51662,144117
'18MS',14102,51662,144717
'18MS',14102,51662,145317
'18MS',14102,51662,145917
'18MS',14102,51662,150517
'18MS',14102,51662,151017
'18MS',14102,51662,151517
'18MS',14102,51662,152017
'18MS',14102,51662,152617
'18MS',14102,51662,153117
'18MS',14102,51662,153717
'18MS',14102,51662,154517
'18MS',14102,51662,155117
'18MS',14102,51662,155717
'18MS',14102,51662,160417
'18MS',14102,51662,161117
'18MS',14102,51662,161717
'18MS',14102,51662,162317
'18MS',14102,51662,163017
'18MS',14102,51662,163717
'18MS',14102,51662,164417
'18MS',14102,51662,165017
'18MS',14102,51662,165617
'18MS',14102,51662,170117
'18MS',14102,51662,170617
'18MS',14102,51662,171117
'18MS',14102,51662,171617
'18MS',14102,51662,172117
'18MS',14102,51662,172717
'18MS',14102,51662,173317
'18MS',14102,51662,173917
'18MS',14102,51662,174517
'18MS',14102,51662,175117
'18MS',14102,51662,175617
'18MS',14102,51662,180117
'18MS',14102,51662,180617
'18MS',14102,51662,181217
'18MS',14102,51662,181817
'18MS',14102,51662,182317
'18MS',14102,51662,183017
'18MS',14102,51662,183717
'18MS',14102,51662,184517
'18MS',14102,51662,185317
'18MS',14102,51662,190117
'18MS',14102,51662,190917
'18MS',14102,51662,191717
'18MS',14102,51662,192217
'18MS',14102,51662,192817
'18MS',14102,51662,193517
'18MS',14102,51662,194117
'18MS',14102,51662,194917
'18MS',14102,51662,195717
'18MS',14102,51662,200517
'18MS',14102,51662,201217
'18MS',14102,51662,202017
'18MS',14102,51662,202917
'18MS',14102,51662,203817
'18MS',14102,51662,204817
'18MS',14102,51662,205817
'18MS',14102,51662,210817
'18MS',14102,51662,211617
'18MS',14102,51662,211817
'18MS',14102,51662,212817
'18MS',14102,51662,213817
'18MS',14102,51662,214727
'18MS',14102,51662,215427
'18MS',14102,51662,220327
'18MS',14102,51662,221627
'18MS',14102,51662,223027
'18MS',14102,51662,224427
'18MS',14102,51662,225827
'18MS',14102,51662,231627
'18MS',14102,51662,233727
'18MS',14102,51662,240127
'18MS',14102,51662,242827
'18MS',14102,51662,245527
'18MS',14102,51662,252227
'18MS',14102,51662,255127
'18MF1',18802,51662,60926
'18MF1',18802,51662,64221
'18MF1',18802,51662,71021
'18MF1',18802,51662,73515
'18MF1',18802,51662,75815
'18MF1',18802,51662,83115
'18MF1',18802,51662,90515
'18MF1',18802,51662,94115
'18MF1',18802,51662,152810
'18MF1',18802,51662,160510
'18MF1',18802,51662,164910
'18MF1',18802,51662,172610
'18MF1',18802,51662,180021
'18MF1',18802,51662,183121
'18MF1',18802,51662,191021
'18MF2',18802,51662,60926
'18MF2',18802,51662,64221
'18MF2',18802,51662,71021
'18MF2',18802,51662,73515
'18MF2',18802,51662,75815
'18MF2',18802,51662,83115
'18MF2',18802,51662,90515
'18MF2',18802,51662,94115
'18MF2',18802,51662,152810
'18MF2',18802,51662,160510
'18MF2',18802,51662,164910
'18MF2',18802,51662,172610
'18MF2',18802,51662,180021
'18MF2',18802,51662,183121
'18MF2',18802,51662,191021
'18MS',18802,51662,60926
'18MS',18802,51662,64221
'18MS',18802,51662,71021
'18MS',18802,51662,73315
'18MS',18802,51662,75615
'18MS',18802,51662,83215
'18MS',18802,51662,90515
'18MS',18802,51662,94215
'18MS',18802,51662,152810
'18MS',18802,51662,160510
'18MS',18802,51662,164910
'18MS',18802,51662,172610
'18MS',18802,51662,180021
'18MS',18802,51662,183121
'18MS',18802,51662,191021
'18MA',37202,51662,261229
'18MA',37202,51662,265829
'18MA',37202,51662,274329
'18MA',37202,51662,282829
'18MA',37202,51662,291329
'18MF1',37202,51662,261729
'18MF1',37202,51662,270229
'18MF1',37202,51662,274729
'18MF1',37202,51662,283429
'18MF1',37202,51662,292329
'18MF2',37202,51662,261729
'18MF2',37202,51662,270229
'18MF2',37202,51662,274729
'18MF2',37202,51662,283429
'18MF2',37202,51662,292329
'18MF3',37202,51662,261729
'18MF3',37202,51662,270229
'18MF3',37202,51662,274729
'18MF3',37202,51662,283429
'18MF3',37202,51662,292329
'18MI',37202,51662,261729
'18MI',37202,51662,270229
'18MI',37202,51662,274729
'18MI',37202,51662,283429
'18MI',37202,51662,292329
'18MS',37202,51662,261558
'18MS',37202,51662,270158
'18MS',37202,51662,274458
'18MS',37202,51662,283358
'18MS',37202,51662,292158
