'16MF1',4101,51277,55411
'16MF1',4101,51277,62611
'16MF1',4101,51277,65511
'16MF1',4101,51277,72911
'16MF1',4101,51277,75711
'16MF1',4101,51277,82611
'16MF1',4101,51277,85511
'16MF1',4101,51277,92211
'16MF1',4101,51277,95011
'16MF1',4101,51277,101811
'16MF1',4101,51277,104611
'16MF1',4101,51277,111511
'16MF1',4101,51277,114311
'16MF1',4101,51277,121311
'16MF1',4101,51277,124211
'16MF1',4101,51277,131111
'16MF1',4101,51277,134111
'16MF1',4101,51277,141011
'16MF1',4101,51277,144011
'16MF1',4101,51277,151120
'16MF1',4101,51277,154120
'16MF1',4101,51277,161320
'16MF1',4101,51277,164420
'16MF1',4101,51277,171620
'16MF1',4101,51277,174620
'16MF1',4101,51277,181320
'16MF1',4101,51277,184320
'16MF1',4101,51277,191011
'16MF1',4101,51277,193811
'16MF1',4101,51277,200302
'16MF1',4101,51277,203102
'16MF1',4101,51277,210002
'16MF1',4101,51277,212902
'16MF2',4101,51277,55411
'16MF2',4101,51277,62611
'16MF2',4101,51277,65511
'16MF2',4101,51277,72911
'16MF2',4101,51277,75711
'16MF2',4101,51277,82611
'16MF2',4101,51277,85511
'16MF2',4101,51277,92211
'16MF2',4101,51277,95011
'16MF2',4101,51277,101811
'16MF2',4101,51277,104611
'16MF2',4101,51277,111511
'16MF2',4101,51277,114311
'16MF2',4101,51277,121311
'16MF2',4101,51277,124211
'16MF2',4101,51277,131111
'16MF2',4101,51277,134111
'16MF2',4101,51277,141011
'16MF2',4101,51277,144011
'16MF2',4101,51277,151120
'16MF2',4101,51277,154120
'16MF2',4101,51277,161320
'16MF2',4101,51277,164420
'16MF2',4101,51277,171620
'16MF2',4101,51277,174620
'16MF2',4101,51277,181320
'16MF2',4101,51277,184320
'16MF2',4101,51277,191011
'16MF2',4101,51277,193811
'16MF2',4101,51277,200302
'16MF2',4101,51277,203102
'16MF2',4101,51277,210002
'16MF2',4101,51277,212902
'16MS',4101,51277,55411
'16MS',4101,51277,61411
'16MS',4101,51277,63411
'16MS',4101,51277,65311
'16MS',4101,51277,71711
'16MS',4101,51277,73811
'16MS',4101,51277,75911
'16MS',4101,51277,82011
'16MS',4101,51277,84111
'16MS',4101,51277,90111
'16MS',4101,51277,92311
'16MS',4101,51277,94411
'16MS',4101,51277,100411
'16MS',4101,51277,102411
'16MS',4101,51277,104411
'16MS',4101,51277,110511
'16MS',4101,51277,112511
'16MS',4101,51277,114511
'16MS',4101,51277,120511
'16MS',4101,51277,122511
'16MS',4101,51277,124511
'16MS',4101,51277,130511
'16MS',4101,51277,132611
'16MS',4101,51277,134711
'16MS',4101,51277,140811
'16MS',4101,51277,142911
'16MS',4101,51277,145011
'16MS',4101,51277,151320
'16MS',4101,51277,153520
'16MS',4101,51277,155820
'16MS',4101,51277,162020
'16MS',4101,51277,164220
'16MS',4101,51277,170420
'16MS',4101,51277,172720
'16MS',4101,51277,174820
'16MS',4101,51277,180820
'16MS',4101,51277,182920
'16MS',4101,51277,185020
'16MS',4101,51277,191011
'16MS',4101,51277,192902
'16MS',4101,51277,194702
'16MS',4101,51277,200502
'16MS',4101,51277,202502
'16MS',4101,51277,204702
'16MS',4101,51277,210802
'16MS',4101,51277,212902
'16MA',6704,51277,52807
'16MA',6704,51277,55807
'16MA',6704,51277,62207
'16MA',6704,51277,64251
'16MA',6704,51277,65851
'16MA',6704,51277,71351
'16MA',6704,51277,72851
'16MA',6704,51277,74451
'16MA',6704,51277,75951
'16MA',6704,51277,81151
'16MA',6704,51277,82251
'16MA',6704,51277,83351
'16MA',6704,51277,84351
'16MA',6704,51277,85351
'16MA',6704,51277,90451
'16MA',6704,51277,91551
'16MA',6704,51277,92251
'16MA',6704,51277,92951
'16MA',6704,51277,93651
'16MA',6704,51277,94351
'16MA',6704,51277,95051
'16MA',6704,51277,95951
'16MA',6704,51277,100851
'16MA',6704,51277,101851
'16MA',6704,51277,102751
'16MA',6704,51277,103651
'16MA',6704,51277,104535
'16MA',6704,51277,105235
'16MA',6704,51277,105935
'16MA',6704,51277,110735
'16MA',6704,51277,111535
'16MA',6704,51277,112235
'16MA',6704,51277,113035
'16MA',6704,51277,113835
'16MA',6704,51277,114535
'16MA',6704,51277,115235
'16MA',6704,51277,120035
'16MA',6704,51277,120835
'16MA',6704,51277,121635
'16MA',6704,51277,122335
'16MA',6704,51277,123035
'16MA',6704,51277,123835
'16MA',6704,51277,124635
'16MA',6704,51277,125435
'16MA',6704,51277,130235
'16MA',6704,51277,131035
'16MA',6704,51277,131835
'16MA',6704,51277,132535
'16MA',6704,51277,133235
'16MA',6704,51277,134035
'16MA',6704,51277,134835
'16MA',6704,51277,135635
'16MA',6704,51277,140435
'16MA',6704,51277,141235
'16MA',6704,51277,142035
'16MA',6704,51277,142735
'16MA',6704,51277,143435
'16MA',6704,51277,144135
'16MA',6704,51277,144735
'16MA',6704,51277,145335
'16MA',6704,51277,145935
'16MA',6704,51277,150535
'16MA',6704,51277,151135
'16MA',6704,51277,151735
'16MA',6704,51277,152535
'16MA',6704,51277,153335
'16MA',6704,51277,154135
'16MA',6704,51277,154935
'16MA',6704,51277,155735
'16MA',6704,51277,160635
'16MA',6704,51277,161535
'16MA',6704,51277,162435
'16MA',6704,51277,163335
'16MA',6704,51277,164435
'16MA',6704,51277,165535
'16MA',6704,51277,170535
'16MA',6704,51277,171435
'16MA',6704,51277,172335
'16MA',6704,51277,173335
'16MA',6704,51277,174251
'16MA',6704,51277,175351
'16MA',6704,51277,180351
'16MA',6704,51277,181351
'16MA',6704,51277,182551
'16MA',6704,51277,183851
'16MA',6704,51277,185251
'16MA',6704,51277,190551
'16MA',6704,51277,191851
'16MA',6704,51277,193151
'16MA',6704,51277,194451
'16MA',6704,51277,195651
'16MA',6704,51277,200951
'16MA',6704,51277,202451
'16MA',6704,51277,204451
'16MA',6704,51277,210451
'16MA',6704,51277,212551
'16MA',6704,51277,214551
'16MA',6704,51277,220551
'16MA',6704,51277,222851
'16MA',6704,51277,225551
'16MA',6704,51277,232251
'16MA',6704,51277,234907
'16MA',6704,51277,241807
'16MA',6704,51277,244707
'16MA',6704,51277,251907
'16MF1',6704,51277,45507
'16MF1',6704,51277,50407
'16MF1',6704,51277,51307
'16MF1',6704,51277,52207
'16MF1',6704,51277,53107
'16MF1',6704,51277,54007
'16MF1',6704,51277,55007
'16MF1',6704,51277,60007
'16MF1',6704,51277,61051
'16MF1',6704,51277,62051
'16MF1',6704,51277,63151
'16MF1',6704,51277,64251
'16MF1',6704,51277,65351
'16MF1',6704,51277,70451
'16MF1',6704,51277,71451
'16MF1',6704,51277,71951
'16MF1',6704,51277,72351
'16MF1',6704,51277,72851
'16MF1',6704,51277,73351
'16MF1',6704,51277,73851
'16MF1',6704,51277,74351
'16MF1',6704,51277,74851
'16MF1',6704,51277,75251
'16MF1',6704,51277,75751
'16MF1',6704,51277,80251
'16MF1',6704,51277,80651
'16MF1',6704,51277,81251
'16MF1',6704,51277,81751
'16MF1',6704,51277,82251
'16MF1',6704,51277,82751
'16MF1',6704,51277,83251
'16MF1',6704,51277,83751
'16MF1',6704,51277,84251
'16MF1',6704,51277,85251
'16MF1',6704,51277,90251
'16MF1',6704,51277,91251
'16MF1',6704,51277,92251
'16MF1',6704,51277,93251
'16MF1',6704,51277,94151
'16MF1',6704,51277,95051
'16MF1',6704,51277,100051
'16MF1',6704,51277,101051
'16MF1',6704,51277,102051
'16MF1',6704,51277,103051
'16MF1',6704,51277,104051
'16MF1',6704,51277,105051
'16MF1',6704,51277,110051
'16MF1',6704,51277,111135
'16MF1',6704,51277,112135
'16MF1',6704,51277,113135
'16MF1',6704,51277,114135
'16MF1',6704,51277,115135
'16MF1',6704,51277,120135
'16MF1',6704,51277,121135
'16MF1',6704,51277,122135
'16MF1',6704,51277,123135
'16MF1',6704,51277,124135
'16MF1',6704,51277,125135
'16MF1',6704,51277,130135
'16MF1',6704,51277,131135
'16MF1',6704,51277,132135
'16MF1',6704,51277,133135
'16MF1',6704,51277,134135
'16MF1',6704,51277,135135
'16MF1',6704,51277,140135
'16MF1',6704,51277,141135
'16MF1',6704,51277,142135
'16MF1',6704,51277,143135
'16MF1',6704,51277,144035
'16MF1',6704,51277,144935
'16MF1',6704,51277,145835
'16MF1',6704,51277,150835
'16MF1',6704,51277,151935
'16MF1',6704,51277,152935
'16MF1',6704,51277,153935
'16MF1',6704,51277,154935
'16MF1',6704,51277,155935
'16MF1',6704,51277,160935
'16MF1',6704,51277,161935
'16MF1',6704,51277,162935
'16MF1',6704,51277,163835
'16MF1',6704,51277,164735
'16MF1',6704,51277,165635
'16MF1',6704,51277,170635
'16MF1',6704,51277,171719
'16MF1',6704,51277,172635
'16MF1',6704,51277,173551
'16MF1',6704,51277,174551
'16MF1',6704,51277,175551
'16MF1',6704,51277,180551
'16MF1',6704,51277,181551
'16MF1',6704,51277,182551
'16MF1',6704,51277,183551
'16MF1',6704,51277,184551
'16MF1',6704,51277,185551
'16MF1',6704,51277,190551
'16MF1',6704,51277,191351
'16MF1',6704,51277,192351
'16MF1',6704,51277,193351
'16MF1',6704,51277,194251
'16MF1',6704,51277,195251
'16MF1',6704,51277,200251
'16MF1',6704,51277,201251
'16MF1',6704,51277,202251
'16MF1',6704,51277,203251
'16MF1',6704,51277,204251
'16MF1',6704,51277,205251
'16MF1',6704,51277,210351
'16MF1',6704,51277,212451
'16MF1',6704,51277,214751
'16MF1',6704,51277,221251
'16MF1',6704,51277,224251
'16MF1',6704,51277,231107
'16MF1',6704,51277,234207
'16MF1',6704,51277,241007
'16MF1',6704,51277,244007
'16MF1',6704,51277,251107
'16MF1',6704,51277,254123
'16MF2',6704,51277,45507
'16MF2',6704,51277,50407
'16MF2',6704,51277,51307
'16MF2',6704,51277,52207
'16MF2',6704,51277,53107
'16MF2',6704,51277,54007
'16MF2',6704,51277,55007
'16MF2',6704,51277,60007
'16MF2',6704,51277,61051
'16MF2',6704,51277,62051
'16MF2',6704,51277,63151
'16MF2',6704,51277,64251
'16MF2',6704,51277,65351
'16MF2',6704,51277,70451
'16MF2',6704,51277,71451
'16MF2',6704,51277,71951
'16MF2',6704,51277,72351
'16MF2',6704,51277,72851
'16MF2',6704,51277,73351
'16MF2',6704,51277,73851
'16MF2',6704,51277,74351
'16MF2',6704,51277,74851
'16MF2',6704,51277,75251
'16MF2',6704,51277,75751
'16MF2',6704,51277,80251
'16MF2',6704,51277,80651
'16MF2',6704,51277,81251
'16MF2',6704,51277,81751
'16MF2',6704,51277,82251
'16MF2',6704,51277,82751
'16MF2',6704,51277,83251
'16MF2',6704,51277,83751
'16MF2',6704,51277,84251
'16MF2',6704,51277,85251
'16MF2',6704,51277,90251
'16MF2',6704,51277,91251
'16MF2',6704,51277,92251
'16MF2',6704,51277,93251
'16MF2',6704,51277,94151
'16MF2',6704,51277,95051
'16MF2',6704,51277,100051
'16MF2',6704,51277,101051
'16MF2',6704,51277,102051
'16MF2',6704,51277,103051
'16MF2',6704,51277,104051
'16MF2',6704,51277,105051
'16MF2',6704,51277,110051
'16MF2',6704,51277,111135
'16MF2',6704,51277,112135
'16MF2',6704,51277,113135
'16MF2',6704,51277,114135
'16MF2',6704,51277,115135
'16MF2',6704,51277,120135
'16MF2',6704,51277,121135
'16MF2',6704,51277,122135
'16MF2',6704,51277,123135
'16MF2',6704,51277,124135
'16MF2',6704,51277,125135
'16MF2',6704,51277,130135
'16MF2',6704,51277,131135
'16MF2',6704,51277,132135
'16MF2',6704,51277,133135
'16MF2',6704,51277,134135
'16MF2',6704,51277,135135
'16MF2',6704,51277,140135
'16MF2',6704,51277,141135
'16MF2',6704,51277,142135
'16MF2',6704,51277,143135
'16MF2',6704,51277,144035
'16MF2',6704,51277,144935
'16MF2',6704,51277,145835
'16MF2',6704,51277,150835
'16MF2',6704,51277,151935
'16MF2',6704,51277,152935
'16MF2',6704,51277,153935
'16MF2',6704,51277,154935
'16MF2',6704,51277,155935
'16MF2',6704,51277,160935
'16MF2',6704,51277,161935
'16MF2',6704,51277,162935
'16MF2',6704,51277,163835
'16MF2',6704,51277,164735
'16MF2',6704,51277,165635
'16MF2',6704,51277,170635
'16MF2',6704,51277,171719
'16MF2',6704,51277,172635
'16MF2',6704,51277,173551
'16MF2',6704,51277,174551
'16MF2',6704,51277,175551
'16MF2',6704,51277,180551
'16MF2',6704,51277,181551
'16MF2',6704,51277,182551
'16MF2',6704,51277,183551
'16MF2',6704,51277,184551
'16MF2',6704,51277,185551
'16MF2',6704,51277,190551
'16MF2',6704,51277,191351
'16MF2',6704,51277,192351
'16MF2',6704,51277,193351
'16MF2',6704,51277,194251
'16MF2',6704,51277,195251
'16MF2',6704,51277,200251
'16MF2',6704,51277,201251
'16MF2',6704,51277,202251
'16MF2',6704,51277,203251
'16MF2',6704,51277,204251
'16MF2',6704,51277,205251
'16MF2',6704,51277,210351
'16MF2',6704,51277,212451
'16MF2',6704,51277,214751
'16MF2',6704,51277,221251
'16MF2',6704,51277,224251
'16MF2',6704,51277,231107
'16MF2',6704,51277,234207
'16MF2',6704,51277,241007
'16MF2',6704,51277,244007
'16MF2',6704,51277,251107
'16MF2',6704,51277,254123
'16MF3',6704,51277,52907
'16MF3',6704,51277,60107
'16MF3',6704,51277,63007
'16MF3',6704,51277,70007
'16MF3',6704,51277,72807
'16MF3',6704,51277,75451
'16MF3',6704,51277,80951
'16MF3',6704,51277,81951
'16MF3',6704,51277,82951
'16MF3',6704,51277,83951
'16MF3',6704,51277,84951
'16MF3',6704,51277,85951
'16MF3',6704,51277,90951
'16MF3',6704,51277,91951
'16MF3',6704,51277,92851
'16MF3',6704,51277,93851
'16MF3',6704,51277,94851
'16MF3',6704,51277,95851
'16MF3',6704,51277,100751
'16MF3',6704,51277,101651
'16MF3',6704,51277,102651
'16MF3',6704,51277,103751
'16MF3',6704,51277,104851
'16MF3',6704,51277,105751
'16MF3',6704,51277,110651
'16MF3',6704,51277,111651
'16MF3',6704,51277,112651
'16MF3',6704,51277,113851
'16MF3',6704,51277,115051
'16MF3',6704,51277,115951
'16MF3',6704,51277,120851
'16MF3',6704,51277,121751
'16MF3',6704,51277,122651
'16MF3',6704,51277,123551
'16MF3',6704,51277,124451
'16MF3',6704,51277,125251
'16MF3',6704,51277,130051
'16MF3',6704,51277,130851
'16MF3',6704,51277,131551
'16MF3',6704,51277,132251
'16MF3',6704,51277,133051
'16MF3',6704,51277,133951
'16MF3',6704,51277,134851
'16MF3',6704,51277,135751
'16MF3',6704,51277,140751
'16MF3',6704,51277,141751
'16MF3',6704,51277,142751
'16MF3',6704,51277,143651
'16MF3',6704,51277,144551
'16MF3',6704,51277,145351
'16MF3',6704,51277,150251
'16MF3',6704,51277,151151
'16MF3',6704,51277,152051
'16MF3',6704,51277,152951
'16MF3',6704,51277,153951
'16MF3',6704,51277,154951
'16MF3',6704,51277,155951
'16MF3',6704,51277,161051
'16MF3',6704,51277,162051
'16MF3',6704,51277,163351
'16MF3',6704,51277,164751
'16MF3',6704,51277,170151
'16MF3',6704,51277,171651
'16MF3',6704,51277,173151
'16MF3',6704,51277,174551
'16MF3',6704,51277,175951
'16MF3',6704,51277,181451
'16MF3',6704,51277,183151
'16MF3',6704,51277,184951
'16MF3',6704,51277,190751
'16MF3',6704,51277,192751
'16MF3',6704,51277,195051
'16MF3',6704,51277,201251
'16MF3',6704,51277,203451
'16MF3',6704,51277,205651
'16MF3',6704,51277,211951
'16MF3',6704,51277,214607
'16MF3',6704,51277,221707
'16MF3',6704,51277,224807
'16MF3',6704,51277,231707
'16MF3',6704,51277,234407
'16MF3',6704,51277,241207
'16MF3',6704,51277,244123
'16MF3',6704,51277,251123
'16MF3',6704,51277,254123
'16MI',6704,51277,52907
'16MI',6704,51277,60107
'16MI',6704,51277,63007
'16MI',6704,51277,70007
'16MI',6704,51277,72807
'16MI',6704,51277,75451
'16MI',6704,51277,80951
'16MI',6704,51277,81951
'16MI',6704,51277,82951
'16MI',6704,51277,83951
'16MI',6704,51277,84951
'16MI',6704,51277,85951
'16MI',6704,51277,90951
'16MI',6704,51277,91951
'16MI',6704,51277,92851
'16MI',6704,51277,93851
'16MI',6704,51277,94851
'16MI',6704,51277,95851
'16MI',6704,51277,100751
'16MI',6704,51277,101651
'16MI',6704,51277,102651
'16MI',6704,51277,103751
'16MI',6704,51277,104851
'16MI',6704,51277,105751
'16MI',6704,51277,110651
'16MI',6704,51277,111651
'16MI',6704,51277,112651
'16MI',6704,51277,113851
'16MI',6704,51277,115051
'16MI',6704,51277,115951
'16MI',6704,51277,120851
'16MI',6704,51277,121751
'16MI',6704,51277,122651
'16MI',6704,51277,123551
'16MI',6704,51277,124451
'16MI',6704,51277,125251
'16MI',6704,51277,130051
'16MI',6704,51277,130851
'16MI',6704,51277,131551
'16MI',6704,51277,132251
'16MI',6704,51277,133051
'16MI',6704,51277,133951
'16MI',6704,51277,134851
'16MI',6704,51277,135751
'16MI',6704,51277,140751
'16MI',6704,51277,141751
'16MI',6704,51277,142751
'16MI',6704,51277,143651
'16MI',6704,51277,144551
'16MI',6704,51277,145351
'16MI',6704,51277,150251
'16MI',6704,51277,151151
'16MI',6704,51277,152051
'16MI',6704,51277,152951
'16MI',6704,51277,153951
'16MI',6704,51277,154951
'16MI',6704,51277,155951
'16MI',6704,51277,161051
'16MI',6704,51277,162051
'16MI',6704,51277,163351
'16MI',6704,51277,164751
'16MI',6704,51277,170151
'16MI',6704,51277,171651
'16MI',6704,51277,173151
'16MI',6704,51277,174551
'16MI',6704,51277,175951
'16MI',6704,51277,181451
'16MI',6704,51277,183151
'16MI',6704,51277,184951
'16MI',6704,51277,190751
'16MI',6704,51277,192751
'16MI',6704,51277,195051
'16MI',6704,51277,201251
'16MI',6704,51277,203451
'16MI',6704,51277,205651
'16MI',6704,51277,211951
'16MI',6704,51277,214607
'16MI',6704,51277,221707
'16MI',6704,51277,224807
'16MI',6704,51277,231707
'16MI',6704,51277,234407
'16MI',6704,51277,241207
'16MI',6704,51277,244123
'16MI',6704,51277,251123
'16MI',6704,51277,254123
'16MS',6704,51277,45507
'16MS',6704,51277,50707
'16MS',6704,51277,52207
'16MS',6704,51277,53607
'16MS',6704,51277,54707
'16MS',6704,51277,55607
'16MS',6704,51277,60507
'16MS',6704,51277,61451
'16MS',6704,51277,62451
'16MS',6704,51277,63351
'16MS',6704,51277,64351
'16MS',6704,51277,65351
'16MS',6704,51277,70451
'16MS',6704,51277,71451
'16MS',6704,51277,72351
'16MS',6704,51277,73151
'16MS',6704,51277,73851
'16MS',6704,51277,74551
'16MS',6704,51277,75251
'16MS',6704,51277,75951
'16MS',6704,51277,80751
'16MS',6704,51277,81551
'16MS',6704,51277,82351
'16MS',6704,51277,83251
'16MS',6704,51277,84251
'16MS',6704,51277,85251
'16MS',6704,51277,90251
'16MS',6704,51277,91251
'16MS',6704,51277,92251
'16MS',6704,51277,93251
'16MS',6704,51277,94151
'16MS',6704,51277,95051
'16MS',6704,51277,100051
'16MS',6704,51277,101051
'16MS',6704,51277,102051
'16MS',6704,51277,103051
'16MS',6704,51277,104051
'16MS',6704,51277,105051
'16MS',6704,51277,110051
'16MS',6704,51277,111135
'16MS',6704,51277,112135
'16MS',6704,51277,113135
'16MS',6704,51277,114135
'16MS',6704,51277,115135
'16MS',6704,51277,120135
'16MS',6704,51277,121135
'16MS',6704,51277,122135
'16MS',6704,51277,123135
'16MS',6704,51277,124135
'16MS',6704,51277,125135
'16MS',6704,51277,130135
'16MS',6704,51277,131135
'16MS',6704,51277,132135
'16MS',6704,51277,133135
'16MS',6704,51277,134135
'16MS',6704,51277,135135
'16MS',6704,51277,140135
'16MS',6704,51277,141135
'16MS',6704,51277,142135
'16MS',6704,51277,143135
'16MS',6704,51277,144035
'16MS',6704,51277,144935
'16MS',6704,51277,145835
'16MS',6704,51277,150835
'16MS',6704,51277,151935
'16MS',6704,51277,152935
'16MS',6704,51277,153935
'16MS',6704,51277,154935
'16MS',6704,51277,155935
'16MS',6704,51277,160935
'16MS',6704,51277,161935
'16MS',6704,51277,162935
'16MS',6704,51277,163835
'16MS',6704,51277,164735
'16MS',6704,51277,165635
'16MS',6704,51277,170635
'16MS',6704,51277,171719
'16MS',6704,51277,172635
'16MS',6704,51277,173551
'16MS',6704,51277,174551
'16MS',6704,51277,175551
'16MS',6704,51277,180551
'16MS',6704,51277,181551
'16MS',6704,51277,182551
'16MS',6704,51277,183551
'16MS',6704,51277,184551
'16MS',6704,51277,185551
'16MS',6704,51277,190551
'16MS',6704,51277,191351
'16MS',6704,51277,192351
'16MS',6704,51277,193351
'16MS',6704,51277,194351
'16MS',6704,51277,195351
'16MS',6704,51277,200351
'16MS',6704,51277,201351
'16MS',6704,51277,202351
'16MS',6704,51277,203351
'16MS',6704,51277,204351
'16MS',6704,51277,205351
'16MS',6704,51277,210351
'16MS',6704,51277,212451
'16MS',6704,51277,214751
'16MS',6704,51277,221251
'16MS',6704,51277,224251
'16MS',6704,51277,231107
'16MS',6704,51277,234207
'16MS',6704,51277,241007
'16MS',6704,51277,244007
'16MS',6704,51277,251107
'16MS',6704,51277,254107
'16MA',35704,51277,255346
'16MA',35704,51277,263846
'16MA',35704,51277,272254
'16MA',35704,51277,280754
'16MA',35704,51277,285254
'16MF1',35704,51277,250754
'16MF1',35704,51277,255254
'16MF1',35704,51277,263754
'16MF1',35704,51277,272254
'16MF1',35704,51277,280754
'16MF1',35704,51277,285439
'16MF2',35704,51277,250754
'16MF2',35704,51277,255254
'16MF2',35704,51277,263754
'16MF2',35704,51277,272254
'16MF2',35704,51277,280754
'16MF2',35704,51277,285439
'16MF3',35704,51277,250754
'16MF3',35704,51277,255254
'16MF3',35704,51277,263754
'16MF3',35704,51277,272254
'16MF3',35704,51277,280754
'16MF3',35704,51277,285439
'16MI',35704,51277,250754
'16MI',35704,51277,255254
'16MI',35704,51277,263754
'16MI',35704,51277,272254
'16MI',35704,51277,280754
'16MI',35704,51277,285439
'16MS',35704,51277,250939
'16MS',35704,51277,255439
'16MS',35704,51277,263846
'16MS',35704,51277,272346
'16MS',35704,51277,280846
'16MS',35704,51277,285439
