'16UA',4701,52270,61105
'16UA',4701,52270,64105
'16UA',4701,52270,71105
'16UA',4701,52270,74105
'16UA',4701,52270,81105
'16UA',4701,52270,84105
'16UA',4701,52270,91105
'16UA',4701,52270,94105
'16UA',4701,52270,101219
'16UA',4701,52270,104319
'16UA',4701,52270,111319
'16UA',4701,52270,114319
'16UA',4701,52270,121319
'16UA',4701,52270,124319
'16UA',4701,52270,131319
'16UA',4701,52270,134319
'16UA',4701,52270,141319
'16UA',4701,52270,144319
'16UA',4701,52270,151319
'16UA',4701,52270,154319
'16UA',4701,52270,161419
'16UA',4701,52270,164319
'16UA',4701,52270,171319
'16UA',4701,52270,173319
'16UA',4701,52270,175419
'16UA',4701,52270,181519
'16UA',4701,52270,184105
'16UA',4701,52270,191105
'16UA',4701,52270,194105
'16UA',4701,52270,201105
'16UA',4701,52270,204105
'16UA',4701,52270,211105
'16UA',4701,52270,214205
'16UA',4701,52270,221205
'16UA',4701,52270,224905
'16UA',4701,52270,233505
'16UA',4701,52270,241805
'16UA',4701,52270,250305
'16UA',4701,52270,254905
'16UF1',4701,52270,54905
'16UF1',4701,52270,63605
'16UF1',4701,52270,72105
'16UF1',4701,52270,80705
'16UF1',4701,52270,85105
'16UF1',4701,52270,92605
'16UF1',4701,52270,95205
'16UF1',4701,52270,101719
'16UF1',4701,52270,104119
'16UF1',4701,52270,110619
'16UF1',4701,52270,113119
'16UF1',4701,52270,120119
'16UF1',4701,52270,123119
'16UF1',4701,52270,125619
'16UF1',4701,52270,131619
'16UF1',4701,52270,133619
'16UF1',4701,52270,135619
'16UF1',4701,52270,142119
'16UF1',4701,52270,144619
'16UF1',4701,52270,151119
'16UF1',4701,52270,153619
'16UF1',4701,52270,160219
'16UF1',4701,52270,163219
'16UF1',4701,52270,170219
'16UF1',4701,52270,173119
'16UF1',4701,52270,175119
'16UF1',4701,52270,181119
'16UF1',4701,52270,183705
'16UF1',4701,52270,190505
'16UF1',4701,52270,193205
'16UF1',4701,52270,195905
'16UF1',4701,52270,202405
'16UF1',4701,52270,204605
'16UF1',4701,52270,211005
'16UF1',4701,52270,213405
'16UF1',4701,52270,220305
'16UF1',4701,52270,223405
'16UF1',4701,52270,231105
'16UF1',4701,52270,235905
'16UF1',4701,52270,243905
'16UF1',4701,52270,252605
'16UF2',4701,52270,54905
'16UF2',4701,52270,63605
'16UF2',4701,52270,72105
'16UF2',4701,52270,80705
'16UF2',4701,52270,85105
'16UF2',4701,52270,92605
'16UF2',4701,52270,95205
'16UF2',4701,52270,101719
'16UF2',4701,52270,104119
'16UF2',4701,52270,110619
'16UF2',4701,52270,113119
'16UF2',4701,52270,120119
'16UF2',4701,52270,123119
'16UF2',4701,52270,125619
'16UF2',4701,52270,131619
'16UF2',4701,52270,133619
'16UF2',4701,52270,135619
'16UF2',4701,52270,142119
'16UF2',4701,52270,144619
'16UF2',4701,52270,151119
'16UF2',4701,52270,153619
'16UF2',4701,52270,160219
'16UF2',4701,52270,163219
'16UF2',4701,52270,170219
'16UF2',4701,52270,173119
'16UF2',4701,52270,175119
'16UF2',4701,52270,181119
'16UF2',4701,52270,183705
'16UF2',4701,52270,190505
'16UF2',4701,52270,193205
'16UF2',4701,52270,195905
'16UF2',4701,52270,202405
'16UF2',4701,52270,204605
'16UF2',4701,52270,211005
'16UF2',4701,52270,213405
'16UF2',4701,52270,220305
'16UF2',4701,52270,223405
'16UF2',4701,52270,231105
'16UF2',4701,52270,235905
'16UF2',4701,52270,243905
'16UF2',4701,52270,252605
'16UI',4701,52270,54905
'16UI',4701,52270,63605
'16UI',4701,52270,72105
'16UI',4701,52270,80705
'16UI',4701,52270,85105
'16UI',4701,52270,92605
'16UI',4701,52270,95105
'16UI',4701,52270,101619
'16UI',4701,52270,104119
'16UI',4701,52270,110619
'16UI',4701,52270,113119
'16UI',4701,52270,120119
'16UI',4701,52270,123119
'16UI',4701,52270,125619
'16UI',4701,52270,131619
'16UI',4701,52270,133619
'16UI',4701,52270,135619
'16UI',4701,52270,142119
'16UI',4701,52270,144619
'16UI',4701,52270,151119
'16UI',4701,52270,153619
'16UI',4701,52270,160219
'16UI',4701,52270,163219
'16UI',4701,52270,170219
'16UI',4701,52270,173119
'16UI',4701,52270,175119
'16UI',4701,52270,181119
'16UI',4701,52270,183705
'16UI',4701,52270,190505
'16UI',4701,52270,193205
'16UI',4701,52270,195905
'16UI',4701,52270,202405
'16UI',4701,52270,204605
'16UI',4701,52270,211005
'16UI',4701,52270,213405
'16UI',4701,52270,220305
'16UI',4701,52270,223405
'16UI',4701,52270,231105
'16UI',4701,52270,235905
'16UI',4701,52270,243905
'16UI',4701,52270,252605
'16US',4701,52270,55123
'16US',4701,52270,62351
'16US',4701,52270,65151
'16US',4701,52270,72151
'16US',4701,52270,75305
'16US',4701,52270,82305
'16US',4701,52270,85305
'16US',4701,52270,92305
'16US',4701,52270,95305
'16US',4701,52270,102305
'16US',4701,52270,105205
'16US',4701,52270,112205
'16US',4701,52270,115205
'16US',4701,52270,122419
'16US',4701,52270,125319
'16US',4701,52270,132819
'16US',4701,52270,135319
'16US',4701,52270,142319
'16US',4701,52270,145319
'16US',4701,52270,152533
'16US',4701,52270,155533
'16US',4701,52270,162033
'16US',4701,52270,164533
'16US',4701,52270,170033
'16US',4701,52270,171533
'16US',4701,52270,173033
'16US',4701,52270,174933
'16US',4701,52270,180933
'16US',4701,52270,182933
'16US',4701,52270,184819
'16US',4701,52270,190819
'16US',4701,52270,192819
'16US',4701,52270,195819
'16US',4701,52270,202719
'16US',4701,52270,205719
'16US',4701,52270,212719
'16US',4701,52270,215719
'16US',4701,52270,222719
'16US',4701,52270,225719
'16US',4701,52270,232551
'16US',4701,52270,235651
'16US',4701,52270,242651
'16US',4701,52270,245651
'16US',4701,52270,252651
'16UA',35703,52270,263720
'16UA',35703,52270,272220
'16UA',35703,52270,280652
'16UF1',35703,52270,255152
'16UF1',35703,52270,263652
'16UF1',35703,52270,272152
'16UF1',35703,52270,280652
'16UF2',35703,52270,255152
'16UF2',35703,52270,263652
'16UF2',35703,52270,272152
'16UF2',35703,52270,280652
'16UI',35703,52270,255152
'16UI',35703,52270,263652
'16UI',35703,52270,272152
'16UI',35703,52270,280652
'16US',35703,52270,255220
'16US',35703,52270,263720
'16US',35703,52270,272220
'16US',35703,52270,280720
