'18UA',71101,61665,83800
'18UA',71101,61665,91000
'18UA',71101,61665,94000
'18UA',71101,61665,101300
'18UA',71101,61665,104300
'18UA',71101,61665,111400
'18UA',71101,61665,114400
'18UA',71101,61665,121500
'18UA',71101,61665,124000
'18UA',71101,61665,130500
'18UA',71101,61665,133100
'18UA',71101,61665,135400
'18UA',71101,61665,141600
'18UA',71101,61665,143800
'18UA',71101,61665,150000
'18UA',71101,61665,152500
'18UA',71101,61665,155000
'18UA',71101,61665,160000
'18UA',71101,61665,161800
'18UA',71101,61665,163300
'18UA',71101,61665,165000
'18UA',71101,61665,171200
'18UA',71101,61665,172900
'18UA',71101,61665,174700
'18UA',71101,61665,181000
'18UA',71101,61665,183000
'18UA',71101,61665,185600
'18UA',71101,61665,192800
'18UA',71101,61665,195200
'18UA',71101,61665,201800
'18UA',71101,61665,204500
'18UA',71102,61665,80000
'18UA',71102,61665,83000
'18UA',71102,61665,85700
'18UA',71102,61665,93000
'18UA',71102,61665,95500
'18UA',71102,61665,102800
'18UA',71102,61665,105600
'18UA',71102,61665,112600
'18UA',71102,61665,115000
'18UA',71102,61665,121500
'18UA',71102,61665,123700
'18UA',71102,61665,125800
'18UA',71102,61665,131800
'18UA',71102,61665,133800
'18UA',71102,61665,140100
'18UA',71102,61665,142500
'18UA',71102,61665,145000
'18UA',71102,61665,151000
'18UA',71102,61665,153000
'18UA',71102,61665,155400
'18UA',71102,61665,161200
'18UA',71102,61665,163000
'18UA',71102,61665,165300
'18UA',71102,61665,171500
'18UA',71102,61665,173500
'18UA',71102,61665,175300
'18UA',71102,61665,181300
'18UA',71102,61665,183900
'18UA',71102,61665,190100
'18UA',71102,61665,192800
'18UA',71102,61665,195600
'18UF1',71101,61665,83800
'18UF1',71101,61665,91000
'18UF1',71101,61665,94000
'18UF1',71101,61665,101300
'18UF1',71101,61665,104300
'18UF1',71101,61665,111400
'18UF1',71101,61665,114400
'18UF1',71101,61665,121500
'18UF1',71101,61665,124000
'18UF1',71101,61665,130500
'18UF1',71101,61665,133100
'18UF1',71101,61665,135400
'18UF1',71101,61665,141600
'18UF1',71101,61665,143800
'18UF1',71101,61665,150000
'18UF1',71101,61665,152500
'18UF1',71101,61665,155000
'18UF1',71101,61665,160000
'18UF1',71101,61665,161800
'18UF1',71101,61665,163300
'18UF1',71101,61665,165000
'18UF1',71101,61665,171200
'18UF1',71101,61665,172900
'18UF1',71101,61665,174700
'18UF1',71101,61665,181000
'18UF1',71101,61665,183000
'18UF1',71101,61665,185600
'18UF1',71101,61665,192800
'18UF1',71101,61665,195200
'18UF1',71101,61665,201800
'18UF1',71101,61665,204500
'18UF1',71102,61665,80000
'18UF1',71102,61665,83000
'18UF1',71102,61665,85700
'18UF1',71102,61665,93000
'18UF1',71102,61665,95500
'18UF1',71102,61665,102800
'18UF1',71102,61665,105600
'18UF1',71102,61665,112600
'18UF1',71102,61665,115000
'18UF1',71102,61665,121500
'18UF1',71102,61665,123700
'18UF1',71102,61665,125800
'18UF1',71102,61665,131800
'18UF1',71102,61665,133800
'18UF1',71102,61665,140100
'18UF1',71102,61665,142500
'18UF1',71102,61665,145000
'18UF1',71102,61665,151000
'18UF1',71102,61665,153000
'18UF1',71102,61665,155400
'18UF1',71102,61665,161200
'18UF1',71102,61665,163000
'18UF1',71102,61665,165300
'18UF1',71102,61665,171500
'18UF1',71102,61665,173500
'18UF1',71102,61665,175300
'18UF1',71102,61665,181300
'18UF1',71102,61665,183900
'18UF1',71102,61665,190100
'18UF1',71102,61665,192800
'18UF1',71102,61665,195600
'18UF2',71101,61665,83800
'18UF2',71101,61665,91000
'18UF2',71101,61665,94000
'18UF2',71101,61665,101300
'18UF2',71101,61665,104300
'18UF2',71101,61665,111400
'18UF2',71101,61665,114400
'18UF2',71101,61665,121500
'18UF2',71101,61665,124000
'18UF2',71101,61665,130500
'18UF2',71101,61665,133100
'18UF2',71101,61665,135400
'18UF2',71101,61665,141600
'18UF2',71101,61665,143800
'18UF2',71101,61665,150000
'18UF2',71101,61665,152500
'18UF2',71101,61665,155000
'18UF2',71101,61665,160000
'18UF2',71101,61665,161800
'18UF2',71101,61665,163300
'18UF2',71101,61665,165000
'18UF2',71101,61665,171200
'18UF2',71101,61665,172900
'18UF2',71101,61665,174700
'18UF2',71101,61665,181000
'18UF2',71101,61665,183000
'18UF2',71101,61665,185600
'18UF2',71101,61665,192800
'18UF2',71101,61665,195200
'18UF2',71101,61665,201800
'18UF2',71101,61665,204500
'18UF2',71102,61665,80000
'18UF2',71102,61665,83000
'18UF2',71102,61665,85700
'18UF2',71102,61665,93000
'18UF2',71102,61665,95500
'18UF2',71102,61665,102800
'18UF2',71102,61665,105600
'18UF2',71102,61665,112600
'18UF2',71102,61665,115000
'18UF2',71102,61665,121500
'18UF2',71102,61665,123700
'18UF2',71102,61665,125800
'18UF2',71102,61665,131800
'18UF2',71102,61665,133800
'18UF2',71102,61665,140100
'18UF2',71102,61665,142500
'18UF2',71102,61665,145000
'18UF2',71102,61665,151000
'18UF2',71102,61665,153000
'18UF2',71102,61665,155400
'18UF2',71102,61665,161200
'18UF2',71102,61665,163000
'18UF2',71102,61665,165300
'18UF2',71102,61665,171500
'18UF2',71102,61665,173500
'18UF2',71102,61665,175300
'18UF2',71102,61665,181300
'18UF2',71102,61665,183900
'18UF2',71102,61665,190100
'18UF2',71102,61665,192800
'18UF2',71102,61665,195600
'18UI',71101,61665,83700
'18UI',71101,61665,90800
'18UI',71101,61665,93900
'18UI',71101,61665,101200
'18UI',71101,61665,104300
'18UI',71101,61665,111500
'18UI',71101,61665,114400
'18UI',71101,61665,121600
'18UI',71101,61665,124000
'18UI',71101,61665,130600
'18UI',71101,61665,133400
'18UI',71101,61665,135300
'18UI',71101,61665,141500
'18UI',71101,61665,144300
'18UI',71101,61665,150500
'18UI',71101,61665,152600
'18UI',71101,61665,154600
'18UI',71101,61665,160700
'18UI',71101,61665,162600
'18UI',71101,61665,164900
'18UI',71101,61665,170900
'18UI',71101,61665,172800
'18UI',71101,61665,175300
'18UI',71101,61665,181100
'18UI',71101,61665,182700
'18UI',71101,61665,185700
'18UI',71101,61665,192400
'18UI',71101,61665,195100
'18UI',71101,61665,202100
'18UI',71101,61665,204900
'18UI',71102,61665,80000
'18UI',71102,61665,83200
'18UI',71102,61665,90500
'18UI',71102,61665,93400
'18UI',71102,61665,100500
'18UI',71102,61665,102900
'18UI',71102,61665,105600
'18UI',71102,61665,112700
'18UI',71102,61665,115100
'18UI',71102,61665,121900
'18UI',71102,61665,123600
'18UI',71102,61665,125700
'18UI',71102,61665,131800
'18UI',71102,61665,134400
'18UI',71102,61665,140400
'18UI',71102,61665,142400
'18UI',71102,61665,144600
'18UI',71102,61665,150500
'18UI',71102,61665,153000
'18UI',71102,61665,155000
'18UI',71102,61665,161100
'18UI',71102,61665,163000
'18UI',71102,61665,165400
'18UI',71102,61665,171100
'18UI',71102,61665,173200
'18UI',71102,61665,175600
'18UI',71102,61665,181800
'18UI',71102,61665,183500
'18UI',71102,61665,190100
'18UI',71102,61665,193200
'18UI',71102,61665,200000
'18US',71101,61665,72000
'18US',71101,61665,80200
'18US',71101,61665,83600
'18US',71101,61665,90600
'18US',71101,61665,93800
'18US',71101,61665,100400
'18US',71101,61665,102700
'18US',71101,61665,110000
'18US',71101,61665,112700
'18US',71101,61665,115900
'18US',71101,61665,123000
'18US',71101,61665,130600
'18US',71101,61665,133700
'18US',71101,61665,141000
'18US',71101,61665,143900
'18US',71101,61665,150900
'18US',71101,61665,154400
'18US',71101,61665,161400
'18US',71101,61665,164200
'18US',71101,61665,171500
'18US',71101,61665,174400
'18US',71101,61665,181200
'18US',71101,61665,184100
'18US',71102,61665,65200
'18US',71102,61665,72300
'18US',71102,61665,75400
'18US',71102,61665,82700
'18US',71102,61665,85200
'18US',71102,61665,91500
'18US',71102,61665,94800
'18US',71102,61665,101400
'18US',71102,61665,104700
'18US',71102,61665,111700
'18US',71102,61665,115000
'18US',71102,61665,121500
'18US',71102,61665,124400
'18US',71102,61665,131700
'18US',71102,61665,135000
'18US',71102,61665,142300
'18US',71102,61665,144800
'18US',71102,61665,151800
'18US',71102,61665,155100
'18US',71102,61665,162100
'18US',71102,61665,164900
'18US',71102,61665,172200
'18US',71102,61665,175500
