'17JA',2201,54306,53000
'17JA',2201,54306,60000
'17JA',2201,54306,63000
'17JA',2201,54306,70000
'17JA',2201,54306,73000
'17JA',2201,54306,80000
'17JA',2201,54306,83000
'17JA',2201,54306,90000
'17JA',2201,54306,93000
'17JA',2201,54306,100000
'17JA',2201,54306,103000
'17JA',2201,54306,110000
'17JA',2201,54306,113000
'17JA',2201,54306,120000
'17JA',2201,54306,123000
'17JA',2201,54306,130000
'17JA',2201,54306,133000
'17JA',2201,54306,140000
'17JA',2201,54306,143000
'17JA',2201,54306,150000
'17JA',2201,54306,153000
'17JA',2201,54306,160000
'17JA',2201,54306,163000
'17JA',2201,54306,170000
'17JA',2201,54306,173000
'17JA',2201,54306,180000
'17JA',2201,54306,183000
'17JA',2201,54306,190000
'17JA',2201,54306,200000
'17JA',2201,54306,210000
'17JA',2201,54306,220000
'17JA',2201,54306,230000
'17JA',2201,54306,240000
'17JA',2201,54306,250000
'17JA',2201,54306,260000
'17JA',2202,54306,52400
'17JA',2202,54306,55400
'17JA',2202,54306,62400
'17JA',2202,54306,65400
'17JA',2202,54306,72400
'17JA',2202,54306,75400
'17JA',2202,54306,82400
'17JA',2202,54306,85400
'17JA',2202,54306,92400
'17JA',2202,54306,95400
'17JA',2202,54306,102400
'17JA',2202,54306,105500
'17JA',2202,54306,112500
'17JA',2202,54306,115500
'17JA',2202,54306,122500
'17JA',2202,54306,125500
'17JA',2202,54306,132500
'17JA',2202,54306,135500
'17JA',2202,54306,142500
'17JA',2202,54306,145500
'17JA',2202,54306,152500
'17JA',2202,54306,155500
'17JA',2202,54306,162500
'17JA',2202,54306,165500
'17JA',2202,54306,172500
'17JA',2202,54306,175400
'17JA',2202,54306,182400
'17JA',2202,54306,185400
'17JA',2202,54306,192400
'17JA',2202,54306,195400
'17JA',2202,54306,205400
'17JA',2202,54306,215400
'17JA',2202,54306,225400
'17JA',2202,54306,235400
'17JA',2202,54306,245300
'17JA',2202,54306,255300
'17JI',2201,54306,53000
'17JI',2201,54306,60000
'17JI',2201,54306,63000
'17JI',2201,54306,70000
'17JI',2201,54306,73000
'17JI',2201,54306,80000
'17JI',2201,54306,83000
'17JI',2201,54306,90000
'17JI',2201,54306,93000
'17JI',2201,54306,100000
'17JI',2201,54306,103000
'17JI',2201,54306,110000
'17JI',2201,54306,113000
'17JI',2201,54306,120000
'17JI',2201,54306,123000
'17JI',2201,54306,130000
'17JI',2201,54306,133000
'17JI',2201,54306,140000
'17JI',2201,54306,143000
'17JI',2201,54306,150000
'17JI',2201,54306,153000
'17JI',2201,54306,160000
'17JI',2201,54306,163000
'17JI',2201,54306,170000
'17JI',2201,54306,173000
'17JI',2201,54306,180000
'17JI',2201,54306,183100
'17JI',2201,54306,191400
'17JI',2201,54306,201400
'17JI',2201,54306,211400
'17JI',2201,54306,221400
'17JI',2201,54306,231400
'17JI',2201,54306,241400
'17JI',2201,54306,251400
'17JI',2202,54306,52400
'17JI',2202,54306,55400
'17JI',2202,54306,62400
'17JI',2202,54306,65400
'17JI',2202,54306,72400
'17JI',2202,54306,75400
'17JI',2202,54306,82400
'17JI',2202,54306,85500
'17JI',2202,54306,92500
'17JI',2202,54306,95500
'17JI',2202,54306,102500
'17JI',2202,54306,105500
'17JI',2202,54306,112500
'17JI',2202,54306,115500
'17JI',2202,54306,122500
'17JI',2202,54306,125500
'17JI',2202,54306,132500
'17JI',2202,54306,135500
'17JI',2202,54306,142500
'17JI',2202,54306,145500
'17JI',2202,54306,152500
'17JI',2202,54306,155500
'17JI',2202,54306,162500
'17JI',2202,54306,165500
'17JI',2202,54306,172500
'17JI',2202,54306,175500
'17JI',2202,54306,182500
'17JI',2202,54306,185500
'17JI',2202,54306,192500
'17JI',2202,54306,200800
'17JI',2202,54306,210500
'17JI',2202,54306,220500
'17JI',2202,54306,230500
'17JI',2202,54306,240500
'17JI',2202,54306,250500
'17JS',2201,54306,53000
'17JS',2201,54306,60500
'17JS',2201,54306,64000
'17JS',2201,54306,71300
'17JS',2201,54306,74700
'17JS',2201,54306,82000
'17JS',2201,54306,85200
'17JS',2201,54306,92400
'17JS',2201,54306,95600
'17JS',2201,54306,102700
'17JS',2201,54306,105800
'17JS',2201,54306,112900
'17JS',2201,54306,120000
'17JS',2201,54306,123100
'17JS',2201,54306,130200
'17JS',2201,54306,133400
'17JS',2201,54306,140600
'17JS',2201,54306,143800
'17JS',2201,54306,151000
'17JS',2201,54306,154200
'17JS',2201,54306,161400
'17JS',2201,54306,164700
'17JS',2201,54306,172000
'17JS',2201,54306,175200
'17JS',2201,54306,182300
'17JS',2201,54306,185100
'17JS',2201,54306,191900
'17JS',2201,54306,194900
'17JS',2201,54306,201900
'17JS',2201,54306,210200
'17JS',2201,54306,215900
'17JS',2201,54306,225600
'17JS',2201,54306,235300
'17JS',2201,54306,244400
'17JS',2201,54306,253500
'17JS',2202,54306,52500
'17JS',2202,54306,55800
'17JS',2202,54306,63700
'17JS',2202,54306,71000
'17JS',2202,54306,74400
'17JS',2202,54306,81400
'17JS',2202,54306,84800
'17JS',2202,54306,92100
'17JS',2202,54306,95300
'17JS',2202,54306,102400
'17JS',2202,54306,105400
'17JS',2202,54306,112500
'17JS',2202,54306,115600
'17JS',2202,54306,122800
'17JS',2202,54306,125900
'17JS',2202,54306,133100
'17JS',2202,54306,140200
'17JS',2202,54306,143400
'17JS',2202,54306,150600
'17JS',2202,54306,153800
'17JS',2202,54306,161100
'17JS',2202,54306,164300
'17JS',2202,54306,171500
'17JS',2202,54306,174700
'17JS',2202,54306,182000
'17JS',2202,54306,184800
'17JS',2202,54306,191600
'17JS',2202,54306,194400
'17JS',2202,54306,201300
'17JS',2202,54306,204200
'17JS',2202,54306,211200
'17JS',2202,54306,215500
'17JS',2202,54306,225200
'17JS',2202,54306,234900
'17JS',2202,54306,244200
'17JS',2202,54306,253300
