'16MA',20703,58051,54800
'16MA',20703,58051,61800
'16MA',20703,58051,64800
'16MA',20703,58051,71800
'16MA',20703,58051,74800
'16MA',20703,58051,81800
'16MA',20703,58051,84800
'16MA',20703,58051,91800
'16MA',20703,58051,94900
'16MA',20703,58051,101900
'16MA',20703,58051,104900
'16MA',20703,58051,111900
'16MA',20703,58051,114900
'16MA',20703,58051,121900
'16MA',20703,58051,125000
'16MA',20703,58051,132000
'16MA',20703,58051,135000
'16MA',20703,58051,142000
'16MA',20703,58051,145100
'16MA',20703,58051,152100
'16MA',20703,58051,155100
'16MA',20703,58051,162200
'16MA',20703,58051,165300
'16MA',20703,58051,172300
'16MA',20703,58051,175300
'16MA',20703,58051,182100
'16MA',20703,58051,185100
'16MA',20703,58051,191900
'16MA',20703,58051,194900
'16MA',20703,58051,201900
'16MA',20703,58051,204900
'16MA',20703,58051,211900
'16MA',20703,58051,214900
'16MA',20703,58051,221900
'16MA',20703,58051,224900
'16MA',20703,58051,234900
'16MA',20703,58051,244900
'16MA',20703,58051,253900
'16MF1',20703,58051,54800
'16MF1',20703,58051,61800
'16MF1',20703,58051,64800
'16MF1',20703,58051,71800
'16MF1',20703,58051,74800
'16MF1',20703,58051,81800
'16MF1',20703,58051,84800
'16MF1',20703,58051,91800
'16MF1',20703,58051,94900
'16MF1',20703,58051,101900
'16MF1',20703,58051,104900
'16MF1',20703,58051,111900
'16MF1',20703,58051,114900
'16MF1',20703,58051,121900
'16MF1',20703,58051,125000
'16MF1',20703,58051,132000
'16MF1',20703,58051,135000
'16MF1',20703,58051,142000
'16MF1',20703,58051,145100
'16MF1',20703,58051,152100
'16MF1',20703,58051,155100
'16MF1',20703,58051,162200
'16MF1',20703,58051,165300
'16MF1',20703,58051,172300
'16MF1',20703,58051,175300
'16MF1',20703,58051,182100
'16MF1',20703,58051,185100
'16MF1',20703,58051,191900
'16MF1',20703,58051,194900
'16MF1',20703,58051,201900
'16MF1',20703,58051,204900
'16MF1',20703,58051,211900
'16MF1',20703,58051,214900
'16MF1',20703,58051,221900
'16MF1',20703,58051,224900
'16MF1',20703,58051,234900
'16MF1',20703,58051,244900
'16MF1',20703,58051,253800
'16MF2',20703,58051,54800
'16MF2',20703,58051,61800
'16MF2',20703,58051,64800
'16MF2',20703,58051,71800
'16MF2',20703,58051,74800
'16MF2',20703,58051,81800
'16MF2',20703,58051,84800
'16MF2',20703,58051,91800
'16MF2',20703,58051,94900
'16MF2',20703,58051,101900
'16MF2',20703,58051,104900
'16MF2',20703,58051,111900
'16MF2',20703,58051,114900
'16MF2',20703,58051,121900
'16MF2',20703,58051,125000
'16MF2',20703,58051,132000
'16MF2',20703,58051,135000
'16MF2',20703,58051,142000
'16MF2',20703,58051,145100
'16MF2',20703,58051,152100
'16MF2',20703,58051,155100
'16MF2',20703,58051,162200
'16MF2',20703,58051,165300
'16MF2',20703,58051,172300
'16MF2',20703,58051,175300
'16MF2',20703,58051,182100
'16MF2',20703,58051,185100
'16MF2',20703,58051,191900
'16MF2',20703,58051,194900
'16MF2',20703,58051,201900
'16MF2',20703,58051,204900
'16MF2',20703,58051,211900
'16MF2',20703,58051,214900
'16MF2',20703,58051,221900
'16MF2',20703,58051,224900
'16MF2',20703,58051,234900
'16MF2',20703,58051,244900
'16MF2',20703,58051,253800
'16MF3',20703,58051,54800
'16MF3',20703,58051,61800
'16MF3',20703,58051,64800
'16MF3',20703,58051,71800
'16MF3',20703,58051,74800
'16MF3',20703,58051,81800
'16MF3',20703,58051,84800
'16MF3',20703,58051,91800
'16MF3',20703,58051,94900
'16MF3',20703,58051,101900
'16MF3',20703,58051,104900
'16MF3',20703,58051,111900
'16MF3',20703,58051,114900
'16MF3',20703,58051,121900
'16MF3',20703,58051,125000
'16MF3',20703,58051,132000
'16MF3',20703,58051,135000
'16MF3',20703,58051,142000
'16MF3',20703,58051,145100
'16MF3',20703,58051,152100
'16MF3',20703,58051,155100
'16MF3',20703,58051,162200
'16MF3',20703,58051,165300
'16MF3',20703,58051,172300
'16MF3',20703,58051,175300
'16MF3',20703,58051,182100
'16MF3',20703,58051,185100
'16MF3',20703,58051,191900
'16MF3',20703,58051,194900
'16MF3',20703,58051,201900
'16MF3',20703,58051,204900
'16MF3',20703,58051,211900
'16MF3',20703,58051,214900
'16MF3',20703,58051,221900
'16MF3',20703,58051,224900
'16MF3',20703,58051,234900
'16MF3',20703,58051,244900
'16MF3',20703,58051,253800
'16MI',20703,58051,71700
'16MI',20703,58051,74700
'16MI',20703,58051,81700
'16MI',20703,58051,84800
'16MI',20703,58051,91800
'16MI',20703,58051,94800
'16MI',20703,58051,101800
'16MI',20703,58051,105000
'16MI',20703,58051,112000
'16MI',20703,58051,115000
'16MI',20703,58051,122000
'16MI',20703,58051,125000
'16MI',20703,58051,132000
'16MI',20703,58051,135000
'16MI',20703,58051,142000
'16MI',20703,58051,145000
'16MI',20703,58051,152000
'16MI',20703,58051,155200
'16MI',20703,58051,162200
'16MI',20703,58051,165200
'16MI',20703,58051,172200
'16MI',20703,58051,174900
'16MI',20703,58051,181900
'16MI',20703,58051,184900
'16MI',20703,58051,191900
'16MI',20703,58051,194900
'16MI',20703,58051,201900
'16MI',20703,58051,204800
'16MI',20703,58051,211800
'16MI',20703,58051,214800
'16MI',20703,58051,224800
'16MI',20703,58051,234800
'16MI',20703,58051,244800
'16MI',20703,58051,253800
'16MS',20703,58051,51900
'16MS',20703,58051,54900
'16MS',20703,58051,62000
'16MS',20703,58051,65100
'16MS',20703,58051,72100
'16MS',20703,58051,75000
'16MS',20703,58051,81900
'16MS',20703,58051,84900
'16MS',20703,58051,91900
'16MS',20703,58051,94900
'16MS',20703,58051,102000
'16MS',20703,58051,105100
'16MS',20703,58051,112100
'16MS',20703,58051,115100
'16MS',20703,58051,122100
'16MS',20703,58051,125100
'16MS',20703,58051,132100
'16MS',20703,58051,135100
'16MS',20703,58051,142200
'16MS',20703,58051,145200
'16MS',20703,58051,152300
'16MS',20703,58051,155300
'16MS',20703,58051,162300
'16MS',20703,58051,165300
'16MS',20703,58051,172300
'16MS',20703,58051,175300
'16MS',20703,58051,182300
'16MS',20703,58051,185300
'16MS',20703,58051,192200
'16MS',20703,58051,195200
'16MS',20703,58051,202100
'16MS',20703,58051,205100
'16MS',20703,58051,212100
'16MS',20703,58051,215100
'16MS',20703,58051,222100
'16MS',20703,58051,225000
'16MS',20703,58051,234900
'16MS',20703,58051,244900
'16MS',20703,58051,254300
'16MF2',40702,58051,71020
'16MF2',40702,58051,75420
'16MF2',40702,58051,82020
'16MF2',40702,58051,90320
'16MF2',40702,58051,155320
'16MF2',40702,58051,164320
'16MF2',40702,58051,170220
'16MF2',40702,58051,172720
'16MF2',40702,58051,175020
'16MF2',40702,58051,180720
'16MF2',40702,58051,182720
'16MF2',40702,58051,184620
'16MF2',40702,58051,191520
'16MS',40702,58051,71020
'16MS',40702,58051,75420
'16MS',40702,58051,82020
'16MS',40702,58051,90320
'16MS',40702,58051,155320
'16MS',40702,58051,164320
'16MS',40702,58051,170220
'16MS',40702,58051,172720
'16MS',40702,58051,175020
'16MS',40702,58051,180720
'16MS',40702,58051,182720
'16MS',40702,58051,184620
'16MS',40702,58051,191520
