'16NA',3204,53357,53611
'16NA',3204,53357,60511
'16NA',3204,53357,63511
'16NA',3204,53357,65611
'16NA',3204,53357,71711
'16NA',3204,53357,73711
'16NA',3204,53357,75711
'16NA',3204,53357,81611
'16NA',3204,53357,83611
'16NA',3204,53357,85611
'16NA',3204,53357,91211
'16NA',3204,53357,92711
'16NA',3204,53357,94211
'16NA',3204,53357,100059
'16NA',3204,53357,101659
'16NA',3204,53357,103159
'16NA',3204,53357,104659
'16NA',3204,53357,110159
'16NA',3204,53357,111659
'16NA',3204,53357,113159
'16NA',3204,53357,114659
'16NA',3204,53357,120159
'16NA',3204,53357,121659
'16NA',3204,53357,123159
'16NA',3204,53357,124659
'16NA',3204,53357,130159
'16NA',3204,53357,131659
'16NA',3204,53357,133159
'16NA',3204,53357,134359
'16NA',3204,53357,135559
'16NA',3204,53357,140759
'16NA',3204,53357,141959
'16NA',3204,53357,143159
'16NA',3204,53357,144159
'16NA',3204,53357,145159
'16NA',3204,53357,150159
'16NA',3204,53357,151659
'16NA',3204,53357,153159
'16NA',3204,53357,154659
'16NA',3204,53357,160159
'16NA',3204,53357,161659
'16NA',3204,53357,163159
'16NA',3204,53357,164659
'16NA',3204,53357,170159
'16NA',3204,53357,171659
'16NA',3204,53357,173159
'16NA',3204,53357,174659
'16NA',3204,53357,180059
'16NA',3204,53357,181959
'16NA',3204,53357,183959
'16NA',3204,53357,185959
'16NA',3204,53357,191959
'16NA',3204,53357,193959
'16NA',3204,53357,200659
'16NA',3204,53357,203359
'16NA',3204,53357,210059
'16NA',3204,53357,212959
'16NA',3204,53357,215959
'16NA',3204,53357,222959
'16NA',3204,53357,225959
'16NA',3204,53357,232759
'16NA',3204,53357,235111
'16NA',3204,53357,242211
'16NA',3204,53357,245111
'16NA',3204,53357,252111
'16NA',3204,53357,255111
'16NF1',3204,53357,52811
'16NF1',3204,53357,55611
'16NF1',3204,53357,62711
'16NF1',3204,53357,70011
'16NF1',3204,53357,73011
'16NF1',3204,53357,80011
'16NF1',3204,53357,82211
'16NF1',3204,53357,84311
'16NF1',3204,53357,90411
'16NF1',3204,53357,92311
'16NF1',3204,53357,94211
'16NF1',3204,53357,100611
'16NF1',3204,53357,102611
'16NF1',3204,53357,104011
'16NF1',3204,53357,105511
'16NF1',3204,53357,111011
'16NF1',3204,53357,112511
'16NF1',3204,53357,114011
'16NF1',3204,53357,115511
'16NF1',3204,53357,121011
'16NF1',3204,53357,122511
'16NF1',3204,53357,124511
'16NF1',3204,53357,130511
'16NF1',3204,53357,132411
'16NF1',3204,53357,134511
'16NF1',3204,53357,140511
'16NF1',3204,53357,142411
'16NF1',3204,53357,144511
'16NF1',3204,53357,150511
'16NF1',3204,53357,152311
'16NF1',3204,53357,153911
'16NF1',3204,53357,155511
'16NF1',3204,53357,161011
'16NF1',3204,53357,162511
'16NF1',3204,53357,164611
'16NF1',3204,53357,170711
'16NF1',3204,53357,172511
'16NF1',3204,53357,174711
'16NF1',3204,53357,180911
'16NF1',3204,53357,183511
'16NF1',3204,53357,190011
'16NF1',3204,53357,192911
'16NF1',3204,53357,195911
'16NF1',3204,53357,202911
'16NF1',3204,53357,205911
'16NF1',3204,53357,212911
'16NF1',3204,53357,215911
'16NF1',3204,53357,222911
'16NF1',3204,53357,225611
'16NF1',3204,53357,232511
'16NF1',3204,53357,235311
'16NF1',3204,53357,241911
'16NF1',3204,53357,244811
'16NF1',3204,53357,251811
'16NF2',3204,53357,53611
'16NF2',3204,53357,60511
'16NF2',3204,53357,63511
'16NF2',3204,53357,65611
'16NF2',3204,53357,71711
'16NF2',3204,53357,73711
'16NF2',3204,53357,75711
'16NF2',3204,53357,81611
'16NF2',3204,53357,83611
'16NF2',3204,53357,85611
'16NF2',3204,53357,91211
'16NF2',3204,53357,92711
'16NF2',3204,53357,94211
'16NF2',3204,53357,100059
'16NF2',3204,53357,101659
'16NF2',3204,53357,103159
'16NF2',3204,53357,104659
'16NF2',3204,53357,110159
'16NF2',3204,53357,111659
'16NF2',3204,53357,113159
'16NF2',3204,53357,114659
'16NF2',3204,53357,120159
'16NF2',3204,53357,121659
'16NF2',3204,53357,123159
'16NF2',3204,53357,124659
'16NF2',3204,53357,130159
'16NF2',3204,53357,131659
'16NF2',3204,53357,133159
'16NF2',3204,53357,134359
'16NF2',3204,53357,135559
'16NF2',3204,53357,140759
'16NF2',3204,53357,141959
'16NF2',3204,53357,143159
'16NF2',3204,53357,144159
'16NF2',3204,53357,145159
'16NF2',3204,53357,150159
'16NF2',3204,53357,151659
'16NF2',3204,53357,153159
'16NF2',3204,53357,154659
'16NF2',3204,53357,160159
'16NF2',3204,53357,161659
'16NF2',3204,53357,163159
'16NF2',3204,53357,164659
'16NF2',3204,53357,170159
'16NF2',3204,53357,171659
'16NF2',3204,53357,173159
'16NF2',3204,53357,174659
'16NF2',3204,53357,180059
'16NF2',3204,53357,181959
'16NF2',3204,53357,183959
'16NF2',3204,53357,185959
'16NF2',3204,53357,191959
'16NF2',3204,53357,193959
'16NF2',3204,53357,200659
'16NF2',3204,53357,203359
'16NF2',3204,53357,210059
'16NF2',3204,53357,212959
'16NF2',3204,53357,215959
'16NF2',3204,53357,222959
'16NF2',3204,53357,225959
'16NF2',3204,53357,232759
'16NF2',3204,53357,235111
'16NF2',3204,53357,242211
'16NF2',3204,53357,245111
'16NF2',3204,53357,251811
'16NF3',3204,53357,52811
'16NF3',3204,53357,55611
'16NF3',3204,53357,62711
'16NF3',3204,53357,70011
'16NF3',3204,53357,73011
'16NF3',3204,53357,80011
'16NF3',3204,53357,82211
'16NF3',3204,53357,84311
'16NF3',3204,53357,90411
'16NF3',3204,53357,92311
'16NF3',3204,53357,94211
'16NF3',3204,53357,100611
'16NF3',3204,53357,102611
'16NF3',3204,53357,104011
'16NF3',3204,53357,105511
'16NF3',3204,53357,111011
'16NF3',3204,53357,112511
'16NF3',3204,53357,114011
'16NF3',3204,53357,115511
'16NF3',3204,53357,121011
'16NF3',3204,53357,122511
'16NF3',3204,53357,124511
'16NF3',3204,53357,130511
'16NF3',3204,53357,132411
'16NF3',3204,53357,134511
'16NF3',3204,53357,140511
'16NF3',3204,53357,142411
'16NF3',3204,53357,144511
'16NF3',3204,53357,150511
'16NF3',3204,53357,152311
'16NF3',3204,53357,153911
'16NF3',3204,53357,155511
'16NF3',3204,53357,161011
'16NF3',3204,53357,162511
'16NF3',3204,53357,164611
'16NF3',3204,53357,170711
'16NF3',3204,53357,172511
'16NF3',3204,53357,174711
'16NF3',3204,53357,180911
'16NF3',3204,53357,183511
'16NF3',3204,53357,190011
'16NF3',3204,53357,192911
'16NF3',3204,53357,195911
'16NF3',3204,53357,202911
'16NF3',3204,53357,205911
'16NF3',3204,53357,212911
'16NF3',3204,53357,215911
'16NF3',3204,53357,222911
'16NF3',3204,53357,225611
'16NF3',3204,53357,232511
'16NF3',3204,53357,235311
'16NF3',3204,53357,241911
'16NF3',3204,53357,244811
'16NF3',3204,53357,251811
'16NF4',3204,53357,53611
'16NF4',3204,53357,60511
'16NF4',3204,53357,63511
'16NF4',3204,53357,65611
'16NF4',3204,53357,71711
'16NF4',3204,53357,73711
'16NF4',3204,53357,75711
'16NF4',3204,53357,81611
'16NF4',3204,53357,83611
'16NF4',3204,53357,85611
'16NF4',3204,53357,91211
'16NF4',3204,53357,92711
'16NF4',3204,53357,94211
'16NF4',3204,53357,100059
'16NF4',3204,53357,101659
'16NF4',3204,53357,103159
'16NF4',3204,53357,104659
'16NF4',3204,53357,110159
'16NF4',3204,53357,111659
'16NF4',3204,53357,113159
'16NF4',3204,53357,114659
'16NF4',3204,53357,120159
'16NF4',3204,53357,121659
'16NF4',3204,53357,123159
'16NF4',3204,53357,124659
'16NF4',3204,53357,130159
'16NF4',3204,53357,131659
'16NF4',3204,53357,133159
'16NF4',3204,53357,134359
'16NF4',3204,53357,135559
'16NF4',3204,53357,140759
'16NF4',3204,53357,141959
'16NF4',3204,53357,143159
'16NF4',3204,53357,144159
'16NF4',3204,53357,145159
'16NF4',3204,53357,150159
'16NF4',3204,53357,151659
'16NF4',3204,53357,153159
'16NF4',3204,53357,154659
'16NF4',3204,53357,160159
'16NF4',3204,53357,161659
'16NF4',3204,53357,163159
'16NF4',3204,53357,164659
'16NF4',3204,53357,170159
'16NF4',3204,53357,171659
'16NF4',3204,53357,173159
'16NF4',3204,53357,174659
'16NF4',3204,53357,180059
'16NF4',3204,53357,181959
'16NF4',3204,53357,183959
'16NF4',3204,53357,185959
'16NF4',3204,53357,191959
'16NF4',3204,53357,193959
'16NF4',3204,53357,200659
'16NF4',3204,53357,203359
'16NF4',3204,53357,210059
'16NF4',3204,53357,212959
'16NF4',3204,53357,215959
'16NF4',3204,53357,222959
'16NF4',3204,53357,225959
'16NF4',3204,53357,232759
'16NF4',3204,53357,235111
'16NF4',3204,53357,242211
'16NF4',3204,53357,245111
'16NF4',3204,53357,251811
'16NI',3204,53357,52811
'16NI',3204,53357,55611
'16NI',3204,53357,62711
'16NI',3204,53357,70011
'16NI',3204,53357,73011
'16NI',3204,53357,80011
'16NI',3204,53357,82211
'16NI',3204,53357,84311
'16NI',3204,53357,90411
'16NI',3204,53357,92311
'16NI',3204,53357,94211
'16NI',3204,53357,100611
'16NI',3204,53357,102611
'16NI',3204,53357,104011
'16NI',3204,53357,105511
'16NI',3204,53357,111011
'16NI',3204,53357,112511
'16NI',3204,53357,114011
'16NI',3204,53357,115511
'16NI',3204,53357,121011
'16NI',3204,53357,122511
'16NI',3204,53357,124511
'16NI',3204,53357,130511
'16NI',3204,53357,132411
'16NI',3204,53357,134511
'16NI',3204,53357,140511
'16NI',3204,53357,142411
'16NI',3204,53357,144511
'16NI',3204,53357,150511
'16NI',3204,53357,152311
'16NI',3204,53357,153911
'16NI',3204,53357,155511
'16NI',3204,53357,161011
'16NI',3204,53357,162511
'16NI',3204,53357,164611
'16NI',3204,53357,170711
'16NI',3204,53357,172511
'16NI',3204,53357,174711
'16NI',3204,53357,180911
'16NI',3204,53357,183511
'16NI',3204,53357,190011
'16NI',3204,53357,192911
'16NI',3204,53357,195911
'16NI',3204,53357,202911
'16NI',3204,53357,205911
'16NI',3204,53357,212911
'16NI',3204,53357,215911
'16NI',3204,53357,222911
'16NI',3204,53357,225611
'16NI',3204,53357,232511
'16NI',3204,53357,235311
'16NI',3204,53357,241911
'16NI',3204,53357,244811
'16NI',3204,53357,251811
'16NS',3204,53357,53359
'16NS',3204,53357,55859
'16NS',3204,53357,62159
'16NS',3204,53357,64159
'16NS',3204,53357,65159
'16NS',3204,53357,70359
'16NS',3204,53357,71459
'16NS',3204,53357,71959
'16NS',3204,53357,72459
'16NS',3204,53357,72959
'16NS',3204,53357,73459
'16NS',3204,53357,73959
'16NS',3204,53357,74659
'16NS',3204,53357,75459
'16NS',3204,53357,80159
'16NS',3204,53357,80959
'16NS',3204,53357,81659
'16NS',3204,53357,82459
'16NS',3204,53357,83459
'16NS',3204,53357,84459
'16NS',3204,53357,85459
'16NS',3204,53357,90259
'16NS',3204,53357,91159
'16NS',3204,53357,92159
'16NS',3204,53357,93159
'16NS',3204,53357,94159
'16NS',3204,53357,95159
'16NS',3204,53357,100159
'16NS',3204,53357,101159
'16NS',3204,53357,102159
'16NS',3204,53357,103159
'16NS',3204,53357,104159
'16NS',3204,53357,105159
'16NS',3204,53357,110159
'16NS',3204,53357,111159
'16NS',3204,53357,112159
'16NS',3204,53357,113159
'16NS',3204,53357,114259
'16NS',3204,53357,115259
'16NS',3204,53357,120259
'16NS',3204,53357,121259
'16NS',3204,53357,122259
'16NS',3204,53357,123259
'16NS',3204,53357,124259
'16NS',3204,53357,125259
'16NS',3204,53357,130259
'16NS',3204,53357,131259
'16NS',3204,53357,132259
'16NS',3204,53357,133259
'16NS',3204,53357,134259
'16NS',3204,53357,135259
'16NS',3204,53357,140259
'16NS',3204,53357,141259
'16NS',3204,53357,142359
'16NS',3204,53357,143359
'16NS',3204,53357,144359
'16NS',3204,53357,145359
'16NS',3204,53357,150559
'16NS',3204,53357,151659
'16NS',3204,53357,152659
'16NS',3204,53357,153459
'16NS',3204,53357,154159
'16NS',3204,53357,154959
'16NS',3204,53357,155659
'16NS',3204,53357,160659
'16NS',3204,53357,161659
'16NS',3204,53357,162659
'16NS',3204,53357,163659
'16NS',3204,53357,164659
'16NS',3204,53357,165659
'16NS',3204,53357,170959
'16NS',3204,53357,172459
'16NS',3204,53357,174059
'16NS',3204,53357,175659
'16NS',3204,53357,180959
'16NS',3204,53357,182559
'16NS',3204,53357,184959
'16NS',3204,53357,191011
'16NS',3204,53357,193611
'16NS',3204,53357,200311
'16NS',3204,53357,203011
'16NS',3204,53357,210011
'16NS',3204,53357,213011
'16NS',3204,53357,215811
'16NS',3204,53357,222811
'16NS',3204,53357,225611
'16NS',3204,53357,232611
'16NS',3204,53357,235211
'16NS',3204,53357,242211
'16NS',3204,53357,245211
'16NS',3204,53357,252211
