'17UA',15001,53064,91830
'17UA',15001,53064,94130
'17UA',15001,53064,100530
'17UA',15001,53064,103030
'17UA',15001,53064,105830
'17UA',15001,53064,112330
'17UA',15001,53064,114830
'17UA',15001,53064,121330
'17UA',15001,53064,123830
'17UA',15001,53064,130330
'17UA',15001,53064,132930
'17UA',15001,53064,135330
'17UA',15001,53064,141930
'17UA',15001,53064,144330
'17UA',15001,53064,150930
'17UA',15001,53064,153430
'17UA',15001,53064,155930
'17UA',15001,53064,162430
'17UA',15001,53064,164930
'17UA',15001,53064,171430
'17UA',15001,53064,173930
'17UA',15001,53064,180730
'17UF1',15001,53064,91830
'17UF1',15001,53064,94130
'17UF1',15001,53064,100530
'17UF1',15001,53064,103030
'17UF1',15001,53064,105830
'17UF1',15001,53064,112330
'17UF1',15001,53064,114830
'17UF1',15001,53064,121330
'17UF1',15001,53064,123830
'17UF1',15001,53064,130330
'17UF1',15001,53064,132930
'17UF1',15001,53064,135330
'17UF1',15001,53064,141930
'17UF1',15001,53064,144330
'17UF1',15001,53064,150930
'17UF1',15001,53064,153430
'17UF1',15001,53064,155930
'17UF1',15001,53064,162430
'17UF1',15001,53064,164930
'17UF1',15001,53064,171430
'17UF1',15001,53064,173930
'17UF1',15001,53064,180730
'17UF2',15001,53064,91830
'17UF2',15001,53064,94130
'17UF2',15001,53064,100530
'17UF2',15001,53064,103030
'17UF2',15001,53064,105830
'17UF2',15001,53064,112330
'17UF2',15001,53064,114830
'17UF2',15001,53064,121330
'17UF2',15001,53064,123830
'17UF2',15001,53064,130330
'17UF2',15001,53064,132930
'17UF2',15001,53064,135330
'17UF2',15001,53064,141930
'17UF2',15001,53064,144330
'17UF2',15001,53064,150930
'17UF2',15001,53064,153430
'17UF2',15001,53064,155930
'17UF2',15001,53064,162430
'17UF2',15001,53064,164930
'17UF2',15001,53064,171430
'17UF2',15001,53064,173930
'17UF2',15001,53064,180730
'17UI',15001,53064,91955
'17UI',15001,53064,94155
'17UI',15001,53064,100655
'17UI',15001,53064,103155
'17UI',15001,53064,105655
'17UI',15001,53064,112155
'17UI',15001,53064,114355
'17UI',15001,53064,121155
'17UI',15001,53064,123655
'17UI',15001,53064,130155
'17UI',15001,53064,132655
'17UI',15001,53064,135243
'17UI',15001,53064,141643
'17UI',15001,53064,144243
'17UI',15001,53064,150743
'17UI',15001,53064,153243
'17UI',15001,53064,155643
'17UI',15001,53064,162143
'17UI',15001,53064,164543
'17UI',15001,53064,171143
'17UI',15001,53064,173643
'17UI',15001,53064,180143
'17US',15001,53064,65104
'17US',15001,53064,72104
'17US',15001,53064,75204
'17US',15001,53064,82504
'17US',15001,53064,85904
'17US',15001,53064,93017
'17US',15001,53064,100030
'17US',15001,53064,102830
'17US',15001,53064,105830
'17US',15001,53064,112930
'17US',15001,53064,120030
'17US',15001,53064,123130
'17US',15001,53064,130230
'17US',15001,53064,133330
'17US',15001,53064,140430
'17US',15001,53064,143817
'17US',15001,53064,151017
'17US',15001,53064,154217
'17US',15001,53064,161317
'17US',15001,53064,164817
'17US',15001,53064,172317
'17US',15001,53064,175617
'17US',15001,53064,182343
'17US',15001,53064,185443
