'17MA',12404,51014,61456
'17MA',12404,51014,65056
'17MA',12404,51014,72924
'17MA',12404,51014,80524
'17MA',12404,51014,84224
'17MA',12404,51014,91624
'17MA',12404,51014,95024
'17MA',12404,51014,101924
'17MA',12404,51014,104624
'17MA',12404,51014,111424
'17MA',12404,51014,114024
'17MA',12404,51014,120524
'17MA',12404,51014,123208
'17MA',12404,51014,125808
'17MA',12404,51014,132608
'17MA',12404,51014,135308
'17MA',12404,51014,142008
'17MA',12404,51014,144508
'17MA',12404,51014,151108
'17MA',12404,51014,153708
'17MA',12404,51014,160308
'17MA',12404,51014,162808
'17MA',12404,51014,165408
'17MA',12404,51014,172008
'17MA',12404,51014,174608
'17MA',12404,51014,181208
'17MA',12404,51014,183708
'17MA',12404,51014,190408
'17MA',12404,51014,192924
'17MA',12404,51014,195224
'17MA',12404,51014,201524
'17MA',12404,51014,204824
'17MA',12404,51014,212340
'17MA',12404,51014,215740
'17MA',12404,51014,223140
'17MA',12404,51014,230440
'17MA',12404,51014,233940
'17MA',12404,51014,241540
'17MA',12404,51014,245240
'17MA',12404,51014,251340
'17MF1',12404,51014,61456
'17MF1',12404,51014,65056
'17MF1',12404,51014,72924
'17MF1',12404,51014,80524
'17MF1',12404,51014,84224
'17MF1',12404,51014,91624
'17MF1',12404,51014,95024
'17MF1',12404,51014,101924
'17MF1',12404,51014,104624
'17MF1',12404,51014,111424
'17MF1',12404,51014,114024
'17MF1',12404,51014,120524
'17MF1',12404,51014,123208
'17MF1',12404,51014,125808
'17MF1',12404,51014,132608
'17MF1',12404,51014,135308
'17MF1',12404,51014,142008
'17MF1',12404,51014,144508
'17MF1',12404,51014,151108
'17MF1',12404,51014,153708
'17MF1',12404,51014,160308
'17MF1',12404,51014,162808
'17MF1',12404,51014,165408
'17MF1',12404,51014,172008
'17MF1',12404,51014,174608
'17MF1',12404,51014,181208
'17MF1',12404,51014,183808
'17MF1',12404,51014,190508
'17MF1',12404,51014,192924
'17MF1',12404,51014,195224
'17MF1',12404,51014,201524
'17MF1',12404,51014,204824
'17MF1',12404,51014,212340
'17MF1',12404,51014,215740
'17MF1',12404,51014,223140
'17MF1',12404,51014,230440
'17MF1',12404,51014,233940
'17MF1',12404,51014,241540
'17MF1',12404,51014,245240
'17MF1',12404,51014,251256
'17MF2',12404,51014,61456
'17MF2',12404,51014,65056
'17MF2',12404,51014,72924
'17MF2',12404,51014,80524
'17MF2',12404,51014,84224
'17MF2',12404,51014,91624
'17MF2',12404,51014,95024
'17MF2',12404,51014,101924
'17MF2',12404,51014,104624
'17MF2',12404,51014,111424
'17MF2',12404,51014,114024
'17MF2',12404,51014,120524
'17MF2',12404,51014,123208
'17MF2',12404,51014,125808
'17MF2',12404,51014,132608
'17MF2',12404,51014,135308
'17MF2',12404,51014,142008
'17MF2',12404,51014,144508
'17MF2',12404,51014,151108
'17MF2',12404,51014,153708
'17MF2',12404,51014,160308
'17MF2',12404,51014,162808
'17MF2',12404,51014,165408
'17MF2',12404,51014,172008
'17MF2',12404,51014,174608
'17MF2',12404,51014,181208
'17MF2',12404,51014,183708
'17MF2',12404,51014,190408
'17MF2',12404,51014,192924
'17MF2',12404,51014,195224
'17MF2',12404,51014,201524
'17MF2',12404,51014,204824
'17MF2',12404,51014,212340
'17MF2',12404,51014,215740
'17MF2',12404,51014,223140
'17MF2',12404,51014,230440
'17MF2',12404,51014,233940
'17MF2',12404,51014,241540
'17MF2',12404,51014,245240
'17MF2',12404,51014,251256
'17MF3',12404,51014,61456
'17MF3',12404,51014,65056
'17MF3',12404,51014,72924
'17MF3',12404,51014,80524
'17MF3',12404,51014,84224
'17MF3',12404,51014,91624
'17MF3',12404,51014,95024
'17MF3',12404,51014,101924
'17MF3',12404,51014,104624
'17MF3',12404,51014,111424
'17MF3',12404,51014,114024
'17MF3',12404,51014,120524
'17MF3',12404,51014,123208
'17MF3',12404,51014,125808
'17MF3',12404,51014,132608
'17MF3',12404,51014,135308
'17MF3',12404,51014,142008
'17MF3',12404,51014,144508
'17MF3',12404,51014,151108
'17MF3',12404,51014,153708
'17MF3',12404,51014,160308
'17MF3',12404,51014,162808
'17MF3',12404,51014,165408
'17MF3',12404,51014,172108
'17MF3',12404,51014,174808
'17MF3',12404,51014,181408
'17MF3',12404,51014,183908
'17MF3',12404,51014,190508
'17MF3',12404,51014,192924
'17MF3',12404,51014,195224
'17MF3',12404,51014,201624
'17MF3',12404,51014,204824
'17MF3',12404,51014,212340
'17MF3',12404,51014,215740
'17MF3',12404,51014,223140
'17MF3',12404,51014,230440
'17MF3',12404,51014,233940
'17MF3',12404,51014,241540
'17MF3',12404,51014,245240
'17MF3',12404,51014,251256
'17MI',12404,51014,73440
'17MI',12404,51014,80840
'17MI',12404,51014,84340
'17MI',12404,51014,91840
'17MI',12404,51014,95724
'17MI',12404,51014,103224
'17MI',12404,51014,110724
'17MI',12404,51014,114224
'17MI',12404,51014,121024
'17MI',12404,51014,123824
'17MI',12404,51014,130808
'17MI',12404,51014,134308
'17MI',12404,51014,141408
'17MI',12404,51014,142608
'17MI',12404,51014,145008
'17MI',12404,51014,151608
'17MI',12404,51014,154108
'17MI',12404,51014,160808
'17MI',12404,51014,163408
'17MI',12404,51014,164608
'17MI',12404,51014,171408
'17MI',12404,51014,174408
'17MI',12404,51014,181308
'17MI',12404,51014,184308
'17MI',12404,51014,191108
'17MI',12404,51014,193908
'17MI',12404,51014,200808
'17MI',12404,51014,203908
'17MI',12404,51014,211308
'17MI',12404,51014,214640
'17MI',12404,51014,222040
'17MI',12404,51014,225756
'17MI',12404,51014,232656
'17MI',12404,51014,240056
'17MI',12404,51014,243656
'17MI',12404,51014,251256
'17MS',12404,51014,60324
'17MS',12404,51014,63624
'17MS',12404,51014,70524
'17MS',12404,51014,73253
'17MS',12404,51014,80437
'17MS',12404,51014,83637
'17MS',12404,51014,90908
'17MS',12404,51014,94008
'17MS',12404,51014,100808
'17MS',12404,51014,103808
'17MS',12404,51014,110808
'17MS',12404,51014,113808
'17MS',12404,51014,120808
'17MS',12404,51014,123808
'17MS',12404,51014,130808
'17MS',12404,51014,133708
'17MS',12404,51014,140708
'17MS',12404,51014,143708
'17MS',12404,51014,150837
'17MS',12404,51014,153937
'17MS',12404,51014,161337
'17MS',12404,51014,164537
'17MS',12404,51014,172137
'17MS',12404,51014,175137
'17MS',12404,51014,182153
'17MS',12404,51014,185124
'17MS',12404,51014,192124
'17MS',12404,51014,194724
'17MS',12404,51014,201124
'17MS',12404,51014,203824
'17MS',12404,51014,210524
'17MS',12404,51014,213124
'17MS',12404,51014,215840
'17MS',12404,51014,222940
'17MS',12404,51014,225940
'17MS',12404,51014,232856
'17MS',12404,51014,235956
'17MS',12404,51014,243056
'17MS',12404,51014,250256
'17MA',36801,51014,253926
'17MA',36801,51014,262426
'17MA',36801,51014,270926
'17MA',36801,51014,275526
'17MA',36801,51014,283926
'17MF1',36801,51014,254026
'17MF1',36801,51014,262526
'17MF1',36801,51014,271026
'17MF1',36801,51014,275526
'17MF1',36801,51014,284026
'17MF2',36801,51014,254026
'17MF2',36801,51014,262526
'17MF2',36801,51014,271026
'17MF2',36801,51014,275526
'17MF2',36801,51014,284026
'17MF3',36801,51014,254026
'17MF3',36801,51014,262526
'17MF3',36801,51014,271026
'17MF3',36801,51014,275526
'17MF3',36801,51014,284026
'17MI',36801,51014,254026
'17MI',36801,51014,262526
'17MI',36801,51014,271026
'17MI',36801,51014,275526
'17MI',36801,51014,284026
'17MS',36801,51014,253645
'17MS',36801,51014,262545
'17MS',36801,51014,271445
'17MS',36801,51014,280245
'17MS',36801,51014,284845
