'16NA',7802,51978,54026
'16NA',7802,51978,61026
'16NA',7802,51978,64026
'16NA',7802,51978,71026
'16NA',7802,51978,74026
'16NA',7802,51978,81028
'16NA',7802,51978,84028
'16NA',7802,51978,91028
'16NA',7802,51978,94028
'16NA',7802,51978,101031
'16NA',7802,51978,104231
'16NA',7802,51978,111231
'16NA',7802,51978,114231
'16NA',7802,51978,121231
'16NA',7802,51978,124231
'16NA',7802,51978,131331
'16NA',7802,51978,134331
'16NA',7802,51978,141331
'16NA',7802,51978,144331
'16NA',7802,51978,151431
'16NA',7802,51978,154431
'16NA',7802,51978,161431
'16NA',7802,51978,164431
'16NA',7802,51978,171431
'16NA',7802,51978,174431
'16NA',7802,51978,181531
'16NA',7802,51978,184528
'16NA',7802,51978,191428
'16NA',7802,51978,194428
'16NA',7802,51978,201428
'16NA',7802,51978,204428
'16NA',7802,51978,211428
'16NA',7802,51978,214428
'16NA',7802,51978,221328
'16NA',7802,51978,224228
'16NA',7802,51978,231126
'16NF1',7802,51978,61028
'16NF1',7802,51978,64128
'16NF1',7802,51978,71228
'16NF1',7802,51978,74328
'16NF1',7802,51978,81428
'16NF1',7802,51978,84531
'16NF1',7802,51978,91731
'16NF1',7802,51978,94831
'16NF1',7802,51978,101931
'16NF1',7802,51978,105031
'16NF1',7802,51978,112131
'16NF1',7802,51978,115231
'16NF1',7802,51978,122331
'16NF1',7802,51978,125431
'16NF1',7802,51978,132634
'16NF1',7802,51978,135734
'16NF1',7802,51978,142834
'16NF1',7802,51978,145934
'16NF1',7802,51978,153034
'16NF1',7802,51978,160134
'16NF1',7802,51978,163234
'16NF1',7802,51978,170334
'16NF1',7802,51978,173328
'16NF1',7802,51978,180428
'16NF1',7802,51978,183528
'16NF1',7802,51978,190628
'16NF1',7802,51978,193728
'16NF1',7802,51978,200828
'16NF1',7802,51978,203928
'16NF1',7802,51978,211028
'16NF1',7802,51978,214128
'16NF1',7802,51978,221128
'16NF1',7802,51978,224228
'16NF2',7802,51978,61028
'16NF2',7802,51978,64128
'16NF2',7802,51978,71228
'16NF2',7802,51978,74328
'16NF2',7802,51978,81428
'16NF2',7802,51978,84531
'16NF2',7802,51978,91731
'16NF2',7802,51978,94831
'16NF2',7802,51978,101931
'16NF2',7802,51978,105031
'16NF2',7802,51978,112131
'16NF2',7802,51978,115231
'16NF2',7802,51978,122331
'16NF2',7802,51978,125431
'16NF2',7802,51978,132634
'16NF2',7802,51978,135734
'16NF2',7802,51978,142834
'16NF2',7802,51978,145934
'16NF2',7802,51978,153034
'16NF2',7802,51978,160134
'16NF2',7802,51978,163234
'16NF2',7802,51978,170334
'16NF2',7802,51978,173328
'16NF2',7802,51978,180428
'16NF2',7802,51978,183528
'16NF2',7802,51978,190628
'16NF2',7802,51978,193728
'16NF2',7802,51978,200828
'16NF2',7802,51978,203928
'16NF2',7802,51978,211028
'16NF2',7802,51978,214128
'16NF2',7802,51978,221128
'16NF2',7802,51978,224228
'16NF3',7802,51978,61028
'16NF3',7802,51978,64128
'16NF3',7802,51978,71228
'16NF3',7802,51978,74328
'16NF3',7802,51978,81428
'16NF3',7802,51978,84531
'16NF3',7802,51978,91731
'16NF3',7802,51978,94831
'16NF3',7802,51978,101931
'16NF3',7802,51978,105031
'16NF3',7802,51978,112131
'16NF3',7802,51978,115231
'16NF3',7802,51978,122331
'16NF3',7802,51978,125431
'16NF3',7802,51978,132634
'16NF3',7802,51978,135734
'16NF3',7802,51978,142834
'16NF3',7802,51978,145934
'16NF3',7802,51978,153034
'16NF3',7802,51978,160134
'16NF3',7802,51978,163234
'16NF3',7802,51978,170334
'16NF3',7802,51978,173328
'16NF3',7802,51978,180428
'16NF3',7802,51978,183528
'16NF3',7802,51978,190628
'16NF3',7802,51978,193728
'16NF3',7802,51978,200828
'16NF3',7802,51978,203928
'16NF3',7802,51978,211028
'16NF3',7802,51978,214128
'16NF3',7802,51978,221128
'16NF3',7802,51978,224228
'16NF4',7802,51978,61028
'16NF4',7802,51978,64128
'16NF4',7802,51978,71228
'16NF4',7802,51978,74328
'16NF4',7802,51978,81428
'16NF4',7802,51978,84531
'16NF4',7802,51978,91731
'16NF4',7802,51978,94831
'16NF4',7802,51978,101931
'16NF4',7802,51978,105031
'16NF4',7802,51978,112131
'16NF4',7802,51978,115231
'16NF4',7802,51978,122331
'16NF4',7802,51978,125431
'16NF4',7802,51978,132634
'16NF4',7802,51978,135734
'16NF4',7802,51978,142834
'16NF4',7802,51978,145934
'16NF4',7802,51978,153034
'16NF4',7802,51978,160134
'16NF4',7802,51978,163234
'16NF4',7802,51978,170334
'16NF4',7802,51978,173328
'16NF4',7802,51978,180428
'16NF4',7802,51978,183528
'16NF4',7802,51978,190628
'16NF4',7802,51978,193728
'16NF4',7802,51978,200828
'16NF4',7802,51978,203928
'16NF4',7802,51978,211028
'16NF4',7802,51978,214128
'16NF4',7802,51978,221128
'16NF4',7802,51978,224228
'16NI',7802,51978,61028
'16NI',7802,51978,64128
'16NI',7802,51978,71228
'16NI',7802,51978,74328
'16NI',7802,51978,81428
'16NI',7802,51978,84531
'16NI',7802,51978,91731
'16NI',7802,51978,94831
'16NI',7802,51978,101931
'16NI',7802,51978,105031
'16NI',7802,51978,112131
'16NI',7802,51978,115231
'16NI',7802,51978,122331
'16NI',7802,51978,125431
'16NI',7802,51978,132634
'16NI',7802,51978,135734
'16NI',7802,51978,142834
'16NI',7802,51978,145934
'16NI',7802,51978,153034
'16NI',7802,51978,160134
'16NI',7802,51978,163234
'16NI',7802,51978,170334
'16NI',7802,51978,173328
'16NI',7802,51978,180428
'16NI',7802,51978,183528
'16NI',7802,51978,190628
'16NI',7802,51978,193728
'16NI',7802,51978,200828
'16NI',7802,51978,203928
'16NI',7802,51978,211028
'16NI',7802,51978,214128
'16NI',7802,51978,221128
'16NI',7802,51978,224228
'16NS',7802,51978,51026
'16NS',7802,51978,54528
'16NS',7802,51978,61928
'16NS',7802,51978,65331
'16NS',7802,51978,72831
'16NS',7802,51978,80231
'16NS',7802,51978,83631
'16NS',7802,51978,91031
'16NS',7802,51978,94331
'16NS',7802,51978,101731
'16NS',7802,51978,105231
'16NS',7802,51978,112631
'16NS',7802,51978,120031
'16NS',7802,51978,123431
'16NS',7802,51978,130834
'16NS',7802,51978,134234
'16NS',7802,51978,141534
'16NS',7802,51978,145034
'16NS',7802,51978,152434
'16NS',7802,51978,155834
'16NS',7802,51978,163334
'16NS',7802,51978,170734
'16NS',7802,51978,174028
'16NS',7802,51978,181428
'16NS',7802,51978,184828
'16NS',7802,51978,192228
'16NS',7802,51978,195528
'16NS',7802,51978,202826
'16NS',7802,51978,210226
'16NS',7802,51978,213626
'16NS',7802,51978,221026
'16NS',7802,51978,224426
'16NS',7802,51978,231826
'16NS',7802,51978,235226
'16NS',7802,51978,242526
'16NS',7802,51978,245826
'16NS',7802,51978,253326
