'18JA',6101,52826,54737
'18JA',6101,52826,61637
'18JA',6101,52826,64537
'18JA',6101,52826,71537
'18JA',6101,52826,74637
'18JA',6101,52826,82016
'18JA',6101,52826,85116
'18JA',6101,52826,92216
'18JA',6101,52826,95016
'18JA',6101,52826,101516
'18JA',6101,52826,103716
'18JA',6101,52826,110116
'18JA',6101,52826,112316
'18JA',6101,52826,114516
'18JA',6101,52826,120916
'18JA',6101,52826,123316
'18JA',6101,52826,125916
'18JA',6101,52826,132316
'18JA',6101,52826,134716
'18JA',6101,52826,141216
'18JA',6101,52826,143716
'18JA',6101,52826,150037
'18JA',6101,52826,152437
'18JA',6101,52826,154837
'18JA',6101,52826,161237
'18JA',6101,52826,163637
'18JA',6101,52826,165937
'18JA',6101,52826,172237
'18JA',6101,52826,174437
'18JA',6101,52826,180637
'18JA',6101,52826,182937
'18JA',6101,52826,185237
'18JA',6101,52826,191537
'18JA',6101,52826,193837
'18JA',6101,52826,200737
'18JA',6101,52826,203837
'18JA',6101,52826,210837
'18JA',6101,52826,213937
'18JI',6101,52826,54737
'18JI',6101,52826,61737
'18JI',6101,52826,64737
'18JI',6101,52826,71737
'18JI',6101,52826,74737
'18JI',6101,52826,81837
'18JI',6101,52826,84937
'18JI',6101,52826,92037
'18JI',6101,52826,95237
'18JI',6101,52826,102437
'18JI',6101,52826,105737
'18JI',6101,52826,112537
'18JI',6101,52826,115237
'18JI',6101,52826,121737
'18JI',6101,52826,124237
'18JI',6101,52826,130737
'18JI',6101,52826,133237
'18JI',6101,52826,135837
'18JI',6101,52826,142237
'18JI',6101,52826,144737
'18JI',6101,52826,151337
'18JI',6101,52826,154137
'18JI',6101,52826,160737
'18JI',6101,52826,163537
'18JI',6101,52826,170337
'18JI',6101,52826,173037
'18JI',6101,52826,175737
'18JI',6101,52826,182337
'18JI',6101,52826,184758
'18JI',6101,52826,191358
'18JI',6101,52826,193658
'18JI',6101,52826,200058
'18JI',6101,52826,202458
'18JI',6101,52826,204758
'18JI',6101,52826,211158
'18JI',6101,52826,214158
'18JS',6101,52826,54558
'18JS',6101,52826,60856
'18JS',6101,52826,64056
'18JS',6101,52826,65156
'18JS',6101,52826,70256
'18JS',6101,52826,72556
'18JS',6101,52826,74056
'18JS',6101,52826,80215
'18JS',6101,52826,82015
'18JS',6101,52826,83415
'18JS',6101,52826,84915
'18JS',6101,52826,90315
'18JS',6101,52826,91435
'18JS',6101,52826,92935
'18JS',6101,52826,100035
'18JS',6101,52826,102735
'18JS',6101,52826,105435
'18JS',6101,52826,112235
'18JS',6101,52826,115335
'18JS',6101,52826,122335
'18JS',6101,52826,125435
'18JS',6101,52826,132535
'18JS',6101,52826,135535
'18JS',6101,52826,142535
'18JS',6101,52826,145435
'18JS',6101,52826,152435
'18JS',6101,52826,155735
'18JS',6101,52826,163135
'18JS',6101,52826,170435
'18JS',6101,52826,173135
'18JS',6101,52826,180335
'18JS',6101,52826,183035
'18JS',6101,52826,185616
'18JS',6101,52826,192316
'18JS',6101,52826,195116
'18JS',6101,52826,201737
'18JS',6101,52826,204937
'18JS',6101,52826,212137
'18JS',6101,52826,215337
'18JS',6101,52826,222537
'18JS',6101,52826,225737
'18JS',6101,52826,232837
'18JS',6101,52826,235537
'18JS',6101,52826,242537
'18JS',6101,52826,245237
