'18MF2',21901,58533,64903
'18MF2',21901,58533,72451
'18MF2',21901,58533,80051
'18MF2',21901,58533,83651
'18MF2',21901,58533,91151
'18MF2',21901,58533,145451
'18MF2',21901,58533,152951
'18MF2',21901,58533,160451
'18MF2',21901,58533,163951
'18MF2',21901,58533,171451
'18MF2',21901,58533,174951
'18MF2',21901,58533,182451
'18MS',21901,58533,64903
'18MS',21901,58533,72451
'18MS',21901,58533,80051
'18MS',21901,58533,83651
'18MS',21901,58533,91151
'18MS',21901,58533,145451
'18MS',21901,58533,152951
'18MS',21901,58533,160451
'18MS',21901,58533,163951
'18MS',21901,58533,171451
'18MS',21901,58533,174951
'18MS',21901,58533,182451
