'15SA',47002,61257,182336
'15SA',47002,61257,184936
'15SA',47002,61257,191636
'15SA',47002,61257,194636
'15SS',47002,61257,73536
'15SS',47002,61257,80136
'15SS',47002,61257,82636
'15SS',47002,61257,85536
'15SS',47002,61257,123236
'15SS',47002,61257,125636
'15SS',47002,61257,132136
'15SS',47002,61257,134636
'15SS',47002,61257,141036
'15SS',47002,61257,143236
'15SS',47002,61257,145236
'15SS',47002,61257,151736
'15SS',47002,61257,154836
'15SS',47002,61257,160736
'15SS',47002,61257,162636
'15SS',47002,61257,164336
'15SS',47002,61257,165936
'15SS',47002,61257,171336
'15SS',47002,61257,172736
'15SS',47002,61257,174536
'15SS',47002,61257,180936
'15SS',47002,61257,183636
'15SS',47002,61257,190336
'15SS',47002,61257,192536
'15SS',47002,61257,194836
'15SS',47002,61257,201536
'15SS',47002,61257,203536
'15SS',47002,61257,210536
'15SS',47002,61257,213536
'15SS',47002,61257,215536
'15SS',47002,61257,221536
'15SS',48501,61257,52750
'15SS',48501,61257,55450
'15SS',48501,61257,61950
'15SS',48501,61257,63450
'15SS',48501,61257,64950
'15SS',48501,61257,71950
'15SS',48501,61257,74950
'15SS',48501,61257,81950
'15SS',48502,61257,64400
'15SS',48502,61257,72600
'15SS',48502,61257,75800
'15SS',48502,61257,83200
'15SS',48502,61257,90100
'15SS',48502,61257,93100
'15SS',48502,61257,100000
'15SS',48502,61257,102800
'15SS',48502,61257,105900
'15SS',48502,61257,113000
'15SS',48502,61257,120000
'15SS',48502,61257,123200
'15SS',48502,61257,130200
'15SS',48502,61257,133200
'15SS',48502,61257,140300
'15SS',48502,61257,143300
'15SS',48502,61257,150300
'15SS',48502,61257,154100
'15SS',48502,61257,160500
'15SS',48502,61257,162700
'15SS',48502,61257,164200
'15SS',48502,61257,165700
'15SS',48502,61257,171200
'15SS',48502,61257,172700
'15SS',48502,61257,174200
'15SS',48502,61257,175400
'15SS',48502,61257,180800
'15SS',48502,61257,182200
'15SS',48502,61257,183700
'15SS',48502,61257,185200
'15SS',48502,61257,190000
'15SS',48502,61257,191600
'15SS',48502,61257,193100
'15SS',48502,61257,194600
'15SS',48502,61257,200100
