'16MA',18701,53523,53917
'16MA',18701,53523,61317
'16MA',18701,53523,64717
'16MA',18701,53523,72217
'16MA',18701,53523,74817
'16MA',18701,53523,81817
'16MA',18701,53523,84917
'16MA',18701,53523,91817
'16MA',18701,53523,94917
'16MA',18701,53523,101917
'16MA',18701,53523,104917
'16MA',18701,53523,112117
'16MA',18701,53523,115117
'16MA',18701,53523,122117
'16MA',18701,53523,125117
'16MA',18701,53523,132117
'16MA',18701,53523,135017
'16MA',18701,53523,141017
'16MA',18701,53523,142917
'16MA',18701,53523,144917
'16MA',18701,53523,150817
'16MA',18701,53523,152717
'16MA',18701,53523,154517
'16MA',18701,53523,160517
'16MA',18701,53523,162417
'16MA',18701,53523,164217
'16MA',18701,53523,165817
'16MA',18701,53523,171317
'16MA',18701,53523,172817
'16MA',18701,53523,174017
'16MA',18701,53523,175017
'16MA',18701,53523,180017
'16MA',18701,53523,181317
'16MA',18701,53523,182717
'16MA',18701,53523,184217
'16MA',18701,53523,185617
'16MA',18701,53523,191017
'16MA',18701,53523,192517
'16MA',18701,53523,194017
'16MA',18701,53523,195817
'16MA',18701,53523,202117
'16MA',18701,53523,204717
'16MA',18701,53523,211717
'16MA',18701,53523,214717
'16MA',18701,53523,221717
'16MA',18701,53523,224717
'16MA',18701,53523,231717
'16MA',18701,53523,234617
'16MA',18701,53523,241617
'16MA',18701,53523,244614
'16MA',18701,53523,251414
'16MA',18701,53523,254414
'16MA',18701,53523,261414
'16MF1',18701,53523,53720
'16MF1',18701,53523,60720
'16MF1',18701,53523,63820
'16MF1',18701,53523,70820
'16MF1',18701,53523,74120
'16MF1',18701,53523,81120
'16MF1',18701,53523,83920
'16MF1',18701,53523,90920
'16MF1',18701,53523,93920
'16MF1',18701,53523,100920
'16MF1',18701,53523,103920
'16MF1',18701,53523,110920
'16MF1',18701,53523,113920
'16MF1',18701,53523,120920
'16MF1',18701,53523,123620
'16MF1',18701,53523,130220
'16MF1',18701,53523,132320
'16MF1',18701,53523,134320
'16MF1',18701,53523,140120
'16MF1',18701,53523,141820
'16MF1',18701,53523,143520
'16MF1',18701,53523,144720
'16MF1',18701,53523,145920
'16MF1',18701,53523,151320
'16MF1',18701,53523,152520
'16MF1',18701,53523,153720
'16MF1',18701,53523,154920
'16MF1',18701,53523,160120
'16MF1',18701,53523,161320
'16MF1',18701,53523,162520
'16MF1',18701,53523,163720
'16MF1',18701,53523,164920
'16MF1',18701,53523,170120
'16MF1',18701,53523,171320
'16MF1',18701,53523,172520
'16MF1',18701,53523,173720
'16MF1',18701,53523,174820
'16MF1',18701,53523,175920
'16MF1',18701,53523,181020
'16MF1',18701,53523,182220
'16MF1',18701,53523,183320
'16MF1',18701,53523,184620
'16MF1',18701,53523,185820
'16MF1',18701,53523,191020
'16MF1',18701,53523,192120
'16MF1',18701,53523,193320
'16MF1',18701,53523,194520
'16MF1',18701,53523,195720
'16MF1',18701,53523,200920
'16MF1',18701,53523,202120
'16MF1',18701,53523,203320
'16MF1',18701,53523,204520
'16MF1',18701,53523,205720
'16MF1',18701,53523,210920
'16MF1',18701,53523,212420
'16MF1',18701,53523,213920
'16MF1',18701,53523,215420
'16MF1',18701,53523,220920
'16MF1',18701,53523,222420
'16MF1',18701,53523,224220
'16MF1',18701,53523,231220
'16MF1',18701,53523,234220
'16MF1',18701,53523,241217
'16MF1',18701,53523,244117
'16MF1',18701,53523,251117
'16MF1',18701,53523,254117
'16MF2',18701,53523,53720
'16MF2',18701,53523,60720
'16MF2',18701,53523,63820
'16MF2',18701,53523,70820
'16MF2',18701,53523,74120
'16MF2',18701,53523,81120
'16MF2',18701,53523,83920
'16MF2',18701,53523,90920
'16MF2',18701,53523,93920
'16MF2',18701,53523,100920
'16MF2',18701,53523,103920
'16MF2',18701,53523,110920
'16MF2',18701,53523,113920
'16MF2',18701,53523,120920
'16MF2',18701,53523,123620
'16MF2',18701,53523,130220
'16MF2',18701,53523,132320
'16MF2',18701,53523,134320
'16MF2',18701,53523,140120
'16MF2',18701,53523,141820
'16MF2',18701,53523,143520
'16MF2',18701,53523,144720
'16MF2',18701,53523,145920
'16MF2',18701,53523,151320
'16MF2',18701,53523,152520
'16MF2',18701,53523,153720
'16MF2',18701,53523,154920
'16MF2',18701,53523,160120
'16MF2',18701,53523,161320
'16MF2',18701,53523,162520
'16MF2',18701,53523,163720
'16MF2',18701,53523,164920
'16MF2',18701,53523,170120
'16MF2',18701,53523,171320
'16MF2',18701,53523,172520
'16MF2',18701,53523,173720
'16MF2',18701,53523,174820
'16MF2',18701,53523,175920
'16MF2',18701,53523,181020
'16MF2',18701,53523,182220
'16MF2',18701,53523,183320
'16MF2',18701,53523,184620
'16MF2',18701,53523,185820
'16MF2',18701,53523,191020
'16MF2',18701,53523,192120
'16MF2',18701,53523,193320
'16MF2',18701,53523,194520
'16MF2',18701,53523,195720
'16MF2',18701,53523,200920
'16MF2',18701,53523,202120
'16MF2',18701,53523,203320
'16MF2',18701,53523,204520
'16MF2',18701,53523,205720
'16MF2',18701,53523,210920
'16MF2',18701,53523,212420
'16MF2',18701,53523,213920
'16MF2',18701,53523,215420
'16MF2',18701,53523,220920
'16MF2',18701,53523,222420
'16MF2',18701,53523,224220
'16MF2',18701,53523,231220
'16MF2',18701,53523,234220
'16MF2',18701,53523,241217
'16MF2',18701,53523,244117
'16MF2',18701,53523,251117
'16MF2',18701,53523,254117
'16MF3',18701,53523,53714
'16MF3',18701,53523,60714
'16MF3',18701,53523,64014
'16MF3',18701,53523,71114
'16MF3',18701,53523,74514
'16MF3',18701,53523,81614
'16MF3',18701,53523,84717
'16MF3',18701,53523,91617
'16MF3',18701,53523,94617
'16MF3',18701,53523,101617
'16MF3',18701,53523,104617
'16MF3',18701,53523,111617
'16MF3',18701,53523,114617
'16MF3',18701,53523,121617
'16MF3',18701,53523,124617
'16MF3',18701,53523,131617
'16MF3',18701,53523,134717
'16MF3',18701,53523,140917
'16MF3',18701,53523,143417
'16MF3',18701,53523,145817
'16MF3',18701,53523,151817
'16MF3',18701,53523,153817
'16MF3',18701,53523,155817
'16MF3',18701,53523,161717
'16MF3',18701,53523,163817
'16MF3',18701,53523,165817
'16MF3',18701,53523,171817
'16MF3',18701,53523,173817
'16MF3',18701,53523,175817
'16MF3',18701,53523,181817
'16MF3',18701,53523,183817
'16MF3',18701,53523,185817
'16MF3',18701,53523,191817
'16MF3',18701,53523,193817
'16MF3',18701,53523,200017
'16MF3',18701,53523,202317
'16MF3',18701,53523,204917
'16MF3',18701,53523,211817
'16MF3',18701,53523,214817
'16MF3',18701,53523,221817
'16MF3',18701,53523,224717
'16MF3',18701,53523,231517
'16MF3',18701,53523,234417
'16MF3',18701,53523,241417
'16MF3',18701,53523,244517
'16MF3',18701,53523,251517
'16MF3',18701,53523,254217
'16MI',18701,53523,53714
'16MI',18701,53523,60714
'16MI',18701,53523,64014
'16MI',18701,53523,71114
'16MI',18701,53523,74514
'16MI',18701,53523,81614
'16MI',18701,53523,84717
'16MI',18701,53523,91617
'16MI',18701,53523,94617
'16MI',18701,53523,101617
'16MI',18701,53523,104617
'16MI',18701,53523,111617
'16MI',18701,53523,114617
'16MI',18701,53523,121617
'16MI',18701,53523,124617
'16MI',18701,53523,131617
'16MI',18701,53523,134717
'16MI',18701,53523,140917
'16MI',18701,53523,143417
'16MI',18701,53523,145817
'16MI',18701,53523,151817
'16MI',18701,53523,153817
'16MI',18701,53523,155817
'16MI',18701,53523,161717
'16MI',18701,53523,163817
'16MI',18701,53523,165817
'16MI',18701,53523,171817
'16MI',18701,53523,173817
'16MI',18701,53523,175817
'16MI',18701,53523,181817
'16MI',18701,53523,183817
'16MI',18701,53523,185817
'16MI',18701,53523,191817
'16MI',18701,53523,193817
'16MI',18701,53523,200017
'16MI',18701,53523,202317
'16MI',18701,53523,204917
'16MI',18701,53523,211817
'16MI',18701,53523,214817
'16MI',18701,53523,221817
'16MI',18701,53523,224717
'16MI',18701,53523,231517
'16MI',18701,53523,234417
'16MI',18701,53523,241417
'16MI',18701,53523,244517
'16MI',18701,53523,251517
'16MI',18701,53523,254217
'16MS',18701,53523,53720
'16MS',18701,53523,60720
'16MS',18701,53523,63820
'16MS',18701,53523,70920
'16MS',18701,53523,74120
'16MS',18701,53523,81120
'16MS',18701,53523,83920
'16MS',18701,53523,90920
'16MS',18701,53523,93920
'16MS',18701,53523,100920
'16MS',18701,53523,103920
'16MS',18701,53523,110920
'16MS',18701,53523,113920
'16MS',18701,53523,120920
'16MS',18701,53523,123620
'16MS',18701,53523,130220
'16MS',18701,53523,132320
'16MS',18701,53523,134320
'16MS',18701,53523,140120
'16MS',18701,53523,141820
'16MS',18701,53523,143520
'16MS',18701,53523,144520
'16MS',18701,53523,145520
'16MS',18701,53523,150620
'16MS',18701,53523,151720
'16MS',18701,53523,152720
'16MS',18701,53523,153720
'16MS',18701,53523,154720
'16MS',18701,53523,155720
'16MS',18701,53523,160720
'16MS',18701,53523,161720
'16MS',18701,53523,162720
'16MS',18701,53523,163720
'16MS',18701,53523,164720
'16MS',18701,53523,165720
'16MS',18701,53523,170720
'16MS',18701,53523,171720
'16MS',18701,53523,172720
'16MS',18701,53523,173720
'16MS',18701,53523,174620
'16MS',18701,53523,175620
'16MS',18701,53523,180420
'16MS',18701,53523,181420
'16MS',18701,53523,182420
'16MS',18701,53523,183420
'16MS',18701,53523,184420
'16MS',18701,53523,185420
'16MS',18701,53523,190420
'16MS',18701,53523,191320
'16MS',18701,53523,192320
'16MS',18701,53523,193320
'16MS',18701,53523,194320
'16MS',18701,53523,195320
'16MS',18701,53523,200320
'16MS',18701,53523,201320
'16MS',18701,53523,202320
'16MS',18701,53523,203320
'16MS',18701,53523,204320
'16MS',18701,53523,205320
'16MS',18701,53523,210320
'16MS',18701,53523,211820
'16MS',18701,53523,213320
'16MS',18701,53523,214820
'16MS',18701,53523,220320
'16MS',18701,53523,222220
'16MS',18701,53523,224220
'16MS',18701,53523,231220
'16MS',18701,53523,234220
'16MS',18701,53523,241217
'16MS',18701,53523,244117
'16MS',18701,53523,251117
'16MS',18701,53523,254117
'16MF1',48701,53523,151800
'16MF1',48701,53523,154800
'16MF1',48701,53523,161900
'16MF1',48701,53523,163900
'16MF1',48701,53523,165900
'16MF1',48701,53523,171900
'16MF1',48701,53523,174300
'16MF1',48701,53523,180800
'16MF1',48701,53523,183800
'16MF1',48701,53523,190700
'16MF1',48701,53523,194200
'16MF2',48701,53523,151800
'16MF2',48701,53523,154800
'16MF2',48701,53523,161900
'16MF2',48701,53523,163900
'16MF2',48701,53523,165900
'16MF2',48701,53523,171900
'16MF2',48701,53523,174300
'16MF2',48701,53523,180800
'16MF2',48701,53523,183800
'16MF2',48701,53523,190700
'16MF2',48701,53523,194200
'16MS',48701,53523,151800
'16MS',48701,53523,154800
'16MS',48701,53523,161900
'16MS',48701,53523,163400
'16MS',48701,53523,164900
'16MS',48701,53523,170400
'16MS',48701,53523,171900
'16MS',48701,53523,172700
'16MS',48701,53523,173500
'16MS',48701,53523,174300
'16MS',48701,53523,175600
'16MS',48701,53523,183100
'16MS',48701,53523,190700
'16MS',48701,53523,194200
