'16JA',19502,57159,61637
'16JA',19502,57159,65137
'16JA',19502,57159,72137
'16JA',19502,57159,75137
'16JA',19502,57159,82137
'16JA',19502,57159,85337
'16JA',19502,57159,92437
'16JA',19502,57159,95437
'16JA',19502,57159,102437
'16JA',19502,57159,105501
'16JA',19502,57159,112601
'16JA',19502,57159,115601
'16JA',19502,57159,122801
'16JA',19502,57159,125801
'16JA',19502,57159,132801
'16JA',19502,57159,135801
'16JA',19502,57159,142801
'16JA',19502,57159,145801
'16JA',19502,57159,152801
'16JA',19502,57159,155801
'16JA',19502,57159,162801
'16JA',19502,57159,165801
'16JA',19502,57159,172801
'16JA',19502,57159,175801
'16JA',19502,57159,182801
'16JA',19502,57159,185801
'16JA',19502,57159,192401
'16JA',19502,57159,195401
'16JA',19502,57159,202401
'16JA',19502,57159,205401
'16JA',19502,57159,212401
'16JA',19502,57159,215401
'16JA',19502,57159,222401
'16JA',19502,57159,225401
'16JA',19502,57159,232137
'16JA',19502,57159,235137
'16JA',19502,57159,242137
'16JA',19502,57159,245137
'16JA',19502,57159,252137
'16JA',19502,57159,255137
'16JA',19502,57159,262137
'16JA',19502,57159,265137
'16JI',19502,57159,61613
'16JI',19502,57159,65113
'16JI',19502,57159,72113
'16JI',19502,57159,75113
'16JI',19502,57159,82113
'16JI',19502,57159,85313
'16JI',19502,57159,92413
'16JI',19502,57159,95413
'16JI',19502,57159,102413
'16JI',19502,57159,105413
'16JI',19502,57159,112413
'16JI',19502,57159,115637
'16JI',19502,57159,122737
'16JI',19502,57159,125737
'16JI',19502,57159,132737
'16JI',19502,57159,135737
'16JI',19502,57159,142837
'16JI',19502,57159,145837
'16JI',19502,57159,152837
'16JI',19502,57159,155837
'16JI',19502,57159,162837
'16JI',19502,57159,165837
'16JI',19502,57159,172837
'16JI',19502,57159,175837
'16JI',19502,57159,182437
'16JI',19502,57159,185437
'16JI',19502,57159,192437
'16JI',19502,57159,195437
'16JI',19502,57159,202437
'16JI',19502,57159,205437
'16JI',19502,57159,212437
'16JI',19502,57159,215437
'16JI',19502,57159,222437
'16JI',19502,57159,225437
'16JI',19502,57159,232437
'16JI',19502,57159,235437
'16JI',19502,57159,242237
'16JI',19502,57159,245237
'16JI',19502,57159,252237
'16JI',19502,57159,255237
'16JI',19502,57159,262237
'16JS',19502,57159,55137
'16JS',19502,57159,62037
'16JS',19502,57159,65137
'16JS',19502,57159,71725
'16JS',19502,57159,73625
'16JS',19502,57159,75125
'16JS',19502,57159,80525
'16JS',19502,57159,81925
'16JS',19502,57159,83225
'16JS',19502,57159,85137
'16JS',19502,57159,92137
'16JS',19502,57159,95137
'16JS',19502,57159,102137
'16JS',19502,57159,105037
'16JS',19502,57159,111937
'16JS',19502,57159,115001
'16JS',19502,57159,121901
'16JS',19502,57159,124801
'16JS',19502,57159,132001
'16JS',19502,57159,135101
'16JS',19502,57159,142301
'16JS',19502,57159,145925
'16JS',19502,57159,153125
'16JS',19502,57159,160325
'16JS',19502,57159,163625
'16JS',19502,57159,170725
'16JS',19502,57159,173825
'16JS',19502,57159,180925
'16JS',19502,57159,183725
'16JS',19502,57159,190725
'16JS',19502,57159,193225
'16JS',19502,57159,200325
'16JS',19502,57159,203325
'16JS',19502,57159,210125
'16JS',19502,57159,212925
'16JS',19502,57159,215725
'16JS',19502,57159,222525
'16JS',19502,57159,225525
'16JS',19502,57159,232437
'16JS',19502,57159,235437
'16JS',19502,57159,242437
'16JS',19502,57159,245437
'16JS',19502,57159,252037
'16JS',19502,57159,254937
'16JS',19502,57159,261837
