'17NA',1801,51983,50323
'17NA',1801,51983,52423
'17NA',1801,51983,55323
'17NA',1801,51983,62323
'17NA',1801,51983,65523
'17NA',1801,51983,72523
'17NA',1801,51983,75523
'17NA',1801,51983,82623
'17NA',1801,51983,85323
'17NA',1801,51983,91323
'17NA',1801,51983,93223
'17NA',1801,51983,95123
'17NA',1801,51983,100923
'17NA',1801,51983,102423
'17NA',1801,51983,103947
'17NA',1801,51983,105647
'17NA',1801,51983,110947
'17NA',1801,51983,112347
'17NA',1801,51983,113847
'17NA',1801,51983,115247
'17NA',1801,51983,120347
'17NA',1801,51983,121447
'17NA',1801,51983,122447
'17NA',1801,51983,123447
'17NA',1801,51983,124547
'17NA',1801,51983,125647
'17NA',1801,51983,130747
'17NA',1801,51983,131747
'17NA',1801,51983,132747
'17NA',1801,51983,133747
'17NA',1801,51983,134747
'17NA',1801,51983,135647
'17NA',1801,51983,140547
'17NA',1801,51983,141547
'17NA',1801,51983,142547
'17NA',1801,51983,143247
'17NA',1801,51983,144047
'17NA',1801,51983,144847
'17NA',1801,51983,145647
'17NA',1801,51983,150447
'17NA',1801,51983,151147
'17NA',1801,51983,151947
'17NA',1801,51983,152647
'17NA',1801,51983,153347
'17NA',1801,51983,154047
'17NA',1801,51983,154847
'17NA',1801,51983,155647
'17NA',1801,51983,160547
'17NA',1801,51983,161347
'17NA',1801,51983,162047
'17NA',1801,51983,162747
'17NA',1801,51983,163447
'17NA',1801,51983,164147
'17NA',1801,51983,164747
'17NA',1801,51983,165447
'17NA',1801,51983,170047
'17NA',1801,51983,170647
'17NA',1801,51983,171247
'17NA',1801,51983,171747
'17NA',1801,51983,172247
'17NA',1801,51983,172747
'17NA',1801,51983,173247
'17NA',1801,51983,173747
'17NA',1801,51983,174247
'17NA',1801,51983,174647
'17NA',1801,51983,175147
'17NA',1801,51983,175647
'17NA',1801,51983,180247
'17NA',1801,51983,180847
'17NA',1801,51983,181547
'17NA',1801,51983,182247
'17NA',1801,51983,183047
'17NA',1801,51983,183847
'17NA',1801,51983,184647
'17NA',1801,51983,185547
'17NA',1801,51983,190547
'17NA',1801,51983,191547
'17NA',1801,51983,192547
'17NA',1801,51983,193747
'17NA',1801,51983,194947
'17NA',1801,51983,200247
'17NA',1801,51983,201647
'17NA',1801,51983,203047
'17NA',1801,51983,204547
'17NA',1801,51983,205847
'17NA',1801,51983,211147
'17NA',1801,51983,212447
'17NA',1801,51983,213847
'17NA',1801,51983,215347
'17NA',1801,51983,220847
'17NA',1801,51983,222247
'17NA',1801,51983,223623
'17NA',1801,51983,225023
'17NA',1801,51983,230523
'17NA',1801,51983,231923
'17NA',1801,51983,233223
'17NA',1801,51983,234523
'17NA',1801,51983,235823
'17NA',1801,51983,241123
'17NA',1801,51983,242423
'17NA',1801,51983,243923
'17NA',1801,51983,245423
'17NA',1801,51983,252123
'17NA',1801,51983,255123
'17NF1',1801,51983,62947
'17NF1',1801,51983,70147
'17NF1',1801,51983,73147
'17NF1',1801,51983,80147
'17NF1',1801,51983,83347
'17NF1',1801,51983,90347
'17NF1',1801,51983,93247
'17NF1',1801,51983,95647
'17NF1',1801,51983,101647
'17NF1',1801,51983,103647
'17NF1',1801,51983,105547
'17NF1',1801,51983,111547
'17NF1',1801,51983,113347
'17NF1',1801,51983,114947
'17NF1',1801,51983,120447
'17NF1',1801,51983,121547
'17NF1',1801,51983,122647
'17NF1',1801,51983,123647
'17NF1',1801,51983,124647
'17NF1',1801,51983,125747
'17NF1',1801,51983,130647
'17NF1',1801,51983,131647
'17NF1',1801,51983,132647
'17NF1',1801,51983,133647
'17NF1',1801,51983,134647
'17NF1',1801,51983,135647
'17NF1',1801,51983,140647
'17NF1',1801,51983,141647
'17NF1',1801,51983,142647
'17NF1',1801,51983,143647
'17NF1',1801,51983,144647
'17NF1',1801,51983,145647
'17NF1',1801,51983,150547
'17NF1',1801,51983,151547
'17NF1',1801,51983,152547
'17NF1',1801,51983,153547
'17NF1',1801,51983,154547
'17NF1',1801,51983,155547
'17NF1',1801,51983,160547
'17NF1',1801,51983,161547
'17NF1',1801,51983,162547
'17NF1',1801,51983,163447
'17NF1',1801,51983,163947
'17NF1',1801,51983,164347
'17NF1',1801,51983,164847
'17NF1',1801,51983,165447
'17NF1',1801,51983,170047
'17NF1',1801,51983,170547
'17NF1',1801,51983,171047
'17NF1',1801,51983,171547
'17NF1',1801,51983,172147
'17NF1',1801,51983,172847
'17NF1',1801,51983,173547
'17NF1',1801,51983,174247
'17NF1',1801,51983,174947
'17NF1',1801,51983,175647
'17NF1',1801,51983,180447
'17NF1',1801,51983,181247
'17NF1',1801,51983,182247
'17NF1',1801,51983,183247
'17NF1',1801,51983,184247
'17NF1',1801,51983,185147
'17NF1',1801,51983,190247
'17NF1',1801,51983,191347
'17NF1',1801,51983,192647
'17NF1',1801,51983,194047
'17NF1',1801,51983,195347
'17NF1',1801,51983,200647
'17NF1',1801,51983,202147
'17NF1',1801,51983,203847
'17NF1',1801,51983,205747
'17NF1',1801,51983,211747
'17NF1',1801,51983,213747
'17NF1',1801,51983,220047
'17NF1',1801,51983,222947
'17NF1',1801,51983,225847
'17NF1',1801,51983,232947
'17NF1',1801,51983,235847
'17NF1',1801,51983,242747
'17NF1',1801,51983,245547
'17NF1',1801,51983,252347
'17NF2',1801,51983,50323
'17NF2',1801,51983,52423
'17NF2',1801,51983,55323
'17NF2',1801,51983,62323
'17NF2',1801,51983,65523
'17NF2',1801,51983,72523
'17NF2',1801,51983,75523
'17NF2',1801,51983,82623
'17NF2',1801,51983,85323
'17NF2',1801,51983,91323
'17NF2',1801,51983,93223
'17NF2',1801,51983,95123
'17NF2',1801,51983,100923
'17NF2',1801,51983,102423
'17NF2',1801,51983,103947
'17NF2',1801,51983,105647
'17NF2',1801,51983,110947
'17NF2',1801,51983,112347
'17NF2',1801,51983,113847
'17NF2',1801,51983,115247
'17NF2',1801,51983,120347
'17NF2',1801,51983,121447
'17NF2',1801,51983,122447
'17NF2',1801,51983,123447
'17NF2',1801,51983,124547
'17NF2',1801,51983,125647
'17NF2',1801,51983,130747
'17NF2',1801,51983,131747
'17NF2',1801,51983,132747
'17NF2',1801,51983,133747
'17NF2',1801,51983,134747
'17NF2',1801,51983,135647
'17NF2',1801,51983,140547
'17NF2',1801,51983,141547
'17NF2',1801,51983,142547
'17NF2',1801,51983,143247
'17NF2',1801,51983,144047
'17NF2',1801,51983,144847
'17NF2',1801,51983,145647
'17NF2',1801,51983,150447
'17NF2',1801,51983,151147
'17NF2',1801,51983,151947
'17NF2',1801,51983,152647
'17NF2',1801,51983,153347
'17NF2',1801,51983,154047
'17NF2',1801,51983,154847
'17NF2',1801,51983,155647
'17NF2',1801,51983,160547
'17NF2',1801,51983,161347
'17NF2',1801,51983,162047
'17NF2',1801,51983,162747
'17NF2',1801,51983,163447
'17NF2',1801,51983,164147
'17NF2',1801,51983,164747
'17NF2',1801,51983,165447
'17NF2',1801,51983,170047
'17NF2',1801,51983,170647
'17NF2',1801,51983,171247
'17NF2',1801,51983,171747
'17NF2',1801,51983,172247
'17NF2',1801,51983,172747
'17NF2',1801,51983,173247
'17NF2',1801,51983,173747
'17NF2',1801,51983,174247
'17NF2',1801,51983,174647
'17NF2',1801,51983,175147
'17NF2',1801,51983,175647
'17NF2',1801,51983,180247
'17NF2',1801,51983,180847
'17NF2',1801,51983,181547
'17NF2',1801,51983,182247
'17NF2',1801,51983,183047
'17NF2',1801,51983,183847
'17NF2',1801,51983,184647
'17NF2',1801,51983,185547
'17NF2',1801,51983,190547
'17NF2',1801,51983,191547
'17NF2',1801,51983,192547
'17NF2',1801,51983,193747
'17NF2',1801,51983,194947
'17NF2',1801,51983,200247
'17NF2',1801,51983,201647
'17NF2',1801,51983,203047
'17NF2',1801,51983,204547
'17NF2',1801,51983,205847
'17NF2',1801,51983,211147
'17NF2',1801,51983,212447
'17NF2',1801,51983,213847
'17NF2',1801,51983,215347
'17NF2',1801,51983,220847
'17NF2',1801,51983,222247
'17NF2',1801,51983,223623
'17NF2',1801,51983,225023
'17NF2',1801,51983,230523
'17NF2',1801,51983,231923
'17NF2',1801,51983,233223
'17NF2',1801,51983,234523
'17NF2',1801,51983,235823
'17NF2',1801,51983,241123
'17NF2',1801,51983,242423
'17NF2',1801,51983,243923
'17NF2',1801,51983,245623
'17NF2',1801,51983,252347
'17NF3',1801,51983,62947
'17NF3',1801,51983,70147
'17NF3',1801,51983,73147
'17NF3',1801,51983,80147
'17NF3',1801,51983,83347
'17NF3',1801,51983,90347
'17NF3',1801,51983,93247
'17NF3',1801,51983,95647
'17NF3',1801,51983,101647
'17NF3',1801,51983,103647
'17NF3',1801,51983,105547
'17NF3',1801,51983,111547
'17NF3',1801,51983,113347
'17NF3',1801,51983,114947
'17NF3',1801,51983,120447
'17NF3',1801,51983,121547
'17NF3',1801,51983,122647
'17NF3',1801,51983,123647
'17NF3',1801,51983,124647
'17NF3',1801,51983,125747
'17NF3',1801,51983,130647
'17NF3',1801,51983,131647
'17NF3',1801,51983,132647
'17NF3',1801,51983,133647
'17NF3',1801,51983,134647
'17NF3',1801,51983,135647
'17NF3',1801,51983,140647
'17NF3',1801,51983,141647
'17NF3',1801,51983,142647
'17NF3',1801,51983,143647
'17NF3',1801,51983,144647
'17NF3',1801,51983,145647
'17NF3',1801,51983,150547
'17NF3',1801,51983,151547
'17NF3',1801,51983,152547
'17NF3',1801,51983,153547
'17NF3',1801,51983,154547
'17NF3',1801,51983,155547
'17NF3',1801,51983,160547
'17NF3',1801,51983,161547
'17NF3',1801,51983,162547
'17NF3',1801,51983,163447
'17NF3',1801,51983,163947
'17NF3',1801,51983,164347
'17NF3',1801,51983,164847
'17NF3',1801,51983,165447
'17NF3',1801,51983,170047
'17NF3',1801,51983,170547
'17NF3',1801,51983,171047
'17NF3',1801,51983,171547
'17NF3',1801,51983,172147
'17NF3',1801,51983,172847
'17NF3',1801,51983,173547
'17NF3',1801,51983,174247
'17NF3',1801,51983,174947
'17NF3',1801,51983,175647
'17NF3',1801,51983,180447
'17NF3',1801,51983,181247
'17NF3',1801,51983,182247
'17NF3',1801,51983,183247
'17NF3',1801,51983,184247
'17NF3',1801,51983,185147
'17NF3',1801,51983,190247
'17NF3',1801,51983,191347
'17NF3',1801,51983,192647
'17NF3',1801,51983,194047
'17NF3',1801,51983,195347
'17NF3',1801,51983,200647
'17NF3',1801,51983,202147
'17NF3',1801,51983,203847
'17NF3',1801,51983,205747
'17NF3',1801,51983,211747
'17NF3',1801,51983,213747
'17NF3',1801,51983,220047
'17NF3',1801,51983,222947
'17NF3',1801,51983,225847
'17NF3',1801,51983,232947
'17NF3',1801,51983,235847
'17NF3',1801,51983,242747
'17NF3',1801,51983,245547
'17NF3',1801,51983,252347
'17NF4',1801,51983,50323
'17NF4',1801,51983,52423
'17NF4',1801,51983,55323
'17NF4',1801,51983,62323
'17NF4',1801,51983,65523
'17NF4',1801,51983,72523
'17NF4',1801,51983,75523
'17NF4',1801,51983,82623
'17NF4',1801,51983,85323
'17NF4',1801,51983,91323
'17NF4',1801,51983,93223
'17NF4',1801,51983,95123
'17NF4',1801,51983,100923
'17NF4',1801,51983,102423
'17NF4',1801,51983,103947
'17NF4',1801,51983,105647
'17NF4',1801,51983,110947
'17NF4',1801,51983,112347
'17NF4',1801,51983,113847
'17NF4',1801,51983,115247
'17NF4',1801,51983,120347
'17NF4',1801,51983,121447
'17NF4',1801,51983,122447
'17NF4',1801,51983,123447
'17NF4',1801,51983,124547
'17NF4',1801,51983,125647
'17NF4',1801,51983,130747
'17NF4',1801,51983,131747
'17NF4',1801,51983,132747
'17NF4',1801,51983,133747
'17NF4',1801,51983,134747
'17NF4',1801,51983,135647
'17NF4',1801,51983,140547
'17NF4',1801,51983,141547
'17NF4',1801,51983,142547
'17NF4',1801,51983,143247
'17NF4',1801,51983,144047
'17NF4',1801,51983,144847
'17NF4',1801,51983,145647
'17NF4',1801,51983,150447
'17NF4',1801,51983,151147
'17NF4',1801,51983,151947
'17NF4',1801,51983,152647
'17NF4',1801,51983,153347
'17NF4',1801,51983,154047
'17NF4',1801,51983,154847
'17NF4',1801,51983,155647
'17NF4',1801,51983,160547
'17NF4',1801,51983,161347
'17NF4',1801,51983,162047
'17NF4',1801,51983,162747
'17NF4',1801,51983,163447
'17NF4',1801,51983,164147
'17NF4',1801,51983,164747
'17NF4',1801,51983,165447
'17NF4',1801,51983,170047
'17NF4',1801,51983,170647
'17NF4',1801,51983,171247
'17NF4',1801,51983,171747
'17NF4',1801,51983,172247
'17NF4',1801,51983,172747
'17NF4',1801,51983,173247
'17NF4',1801,51983,173747
'17NF4',1801,51983,174247
'17NF4',1801,51983,174647
'17NF4',1801,51983,175147
'17NF4',1801,51983,175647
'17NF4',1801,51983,180247
'17NF4',1801,51983,180847
'17NF4',1801,51983,181547
'17NF4',1801,51983,182247
'17NF4',1801,51983,183047
'17NF4',1801,51983,183847
'17NF4',1801,51983,184647
'17NF4',1801,51983,185547
'17NF4',1801,51983,190547
'17NF4',1801,51983,191547
'17NF4',1801,51983,192547
'17NF4',1801,51983,193747
'17NF4',1801,51983,194947
'17NF4',1801,51983,200247
'17NF4',1801,51983,201647
'17NF4',1801,51983,203047
'17NF4',1801,51983,204547
'17NF4',1801,51983,205847
'17NF4',1801,51983,211147
'17NF4',1801,51983,212447
'17NF4',1801,51983,213847
'17NF4',1801,51983,215347
'17NF4',1801,51983,220847
'17NF4',1801,51983,222247
'17NF4',1801,51983,223623
'17NF4',1801,51983,225023
'17NF4',1801,51983,230523
'17NF4',1801,51983,231923
'17NF4',1801,51983,233223
'17NF4',1801,51983,234523
'17NF4',1801,51983,235823
'17NF4',1801,51983,241123
'17NF4',1801,51983,242423
'17NF4',1801,51983,243923
'17NF4',1801,51983,245623
'17NF4',1801,51983,252347
'17NI',1801,51983,62947
'17NI',1801,51983,70147
'17NI',1801,51983,73147
'17NI',1801,51983,80147
'17NI',1801,51983,83347
'17NI',1801,51983,90347
'17NI',1801,51983,93247
'17NI',1801,51983,95647
'17NI',1801,51983,101647
'17NI',1801,51983,103647
'17NI',1801,51983,105547
'17NI',1801,51983,111547
'17NI',1801,51983,113347
'17NI',1801,51983,114947
'17NI',1801,51983,120447
'17NI',1801,51983,121547
'17NI',1801,51983,122647
'17NI',1801,51983,123647
'17NI',1801,51983,124647
'17NI',1801,51983,125747
'17NI',1801,51983,130647
'17NI',1801,51983,131647
'17NI',1801,51983,132647
'17NI',1801,51983,133647
'17NI',1801,51983,134647
'17NI',1801,51983,135647
'17NI',1801,51983,140647
'17NI',1801,51983,141647
'17NI',1801,51983,142647
'17NI',1801,51983,143647
'17NI',1801,51983,144647
'17NI',1801,51983,145647
'17NI',1801,51983,150547
'17NI',1801,51983,151547
'17NI',1801,51983,152547
'17NI',1801,51983,153547
'17NI',1801,51983,154547
'17NI',1801,51983,155547
'17NI',1801,51983,160547
'17NI',1801,51983,161547
'17NI',1801,51983,162547
'17NI',1801,51983,163447
'17NI',1801,51983,163947
'17NI',1801,51983,164347
'17NI',1801,51983,164847
'17NI',1801,51983,165447
'17NI',1801,51983,170047
'17NI',1801,51983,170547
'17NI',1801,51983,171047
'17NI',1801,51983,171547
'17NI',1801,51983,172147
'17NI',1801,51983,172847
'17NI',1801,51983,173547
'17NI',1801,51983,174247
'17NI',1801,51983,174947
'17NI',1801,51983,175647
'17NI',1801,51983,180447
'17NI',1801,51983,181247
'17NI',1801,51983,182247
'17NI',1801,51983,183247
'17NI',1801,51983,184247
'17NI',1801,51983,185147
'17NI',1801,51983,190247
'17NI',1801,51983,191347
'17NI',1801,51983,192647
'17NI',1801,51983,194047
'17NI',1801,51983,195347
'17NI',1801,51983,200647
'17NI',1801,51983,202147
'17NI',1801,51983,203847
'17NI',1801,51983,205747
'17NI',1801,51983,211747
'17NI',1801,51983,213747
'17NI',1801,51983,220047
'17NI',1801,51983,222947
'17NI',1801,51983,225847
'17NI',1801,51983,232947
'17NI',1801,51983,235847
'17NI',1801,51983,242747
'17NI',1801,51983,245547
'17NI',1801,51983,252347
'17NS',1801,51983,50547
'17NS',1801,51983,53247
'17NS',1801,51983,60147
'17NS',1801,51983,62347
'17NS',1801,51983,63347
'17NS',1801,51983,64347
'17NS',1801,51983,65347
'17NS',1801,51983,70647
'17NS',1801,51983,71647
'17NS',1801,51983,72447
'17NS',1801,51983,73247
'17NS',1801,51983,73847
'17NS',1801,51983,74347
'17NS',1801,51983,74747
'17NS',1801,51983,75147
'17NS',1801,51983,75547
'17NS',1801,51983,80347
'17NS',1801,51983,81147
'17NS',1801,51983,81947
'17NS',1801,51983,82647
'17NS',1801,51983,83347
'17NS',1801,51983,84047
'17NS',1801,51983,84847
'17NS',1801,51983,85847
'17NS',1801,51983,90847
'17NS',1801,51983,91847
'17NS',1801,51983,92747
'17NS',1801,51983,93747
'17NS',1801,51983,94647
'17NS',1801,51983,95647
'17NS',1801,51983,100647
'17NS',1801,51983,101647
'17NS',1801,51983,102647
'17NS',1801,51983,103647
'17NS',1801,51983,104647
'17NS',1801,51983,105647
'17NS',1801,51983,110647
'17NS',1801,51983,111647
'17NS',1801,51983,112647
'17NS',1801,51983,113647
'17NS',1801,51983,114647
'17NS',1801,51983,115647
'17NS',1801,51983,120647
'17NS',1801,51983,121647
'17NS',1801,51983,122447
'17NS',1801,51983,123247
'17NS',1801,51983,124047
'17NS',1801,51983,124747
'17NS',1801,51983,125447
'17NS',1801,51983,130247
'17NS',1801,51983,131147
'17NS',1801,51983,132147
'17NS',1801,51983,133147
'17NS',1801,51983,134047
'17NS',1801,51983,135047
'17NS',1801,51983,135847
'17NS',1801,51983,140547
'17NS',1801,51983,141247
'17NS',1801,51983,142047
'17NS',1801,51983,142747
'17NS',1801,51983,143447
'17NS',1801,51983,144147
'17NS',1801,51983,144847
'17NS',1801,51983,145447
'17NS',1801,51983,150047
'17NS',1801,51983,150647
'17NS',1801,51983,151247
'17NS',1801,51983,151847
'17NS',1801,51983,152447
'17NS',1801,51983,153047
'17NS',1801,51983,153747
'17NS',1801,51983,154147
'17NS',1801,51983,154647
'17NS',1801,51983,154947
'17NS',1801,51983,155447
'17NS',1801,51983,155747
'17NS',1801,51983,160247
'17NS',1801,51983,160747
'17NS',1801,51983,161147
'17NS',1801,51983,161547
'17NS',1801,51983,162047
'17NS',1801,51983,162647
'17NS',1801,51983,163247
'17NS',1801,51983,163647
'17NS',1801,51983,164247
'17NS',1801,51983,164747
'17NS',1801,51983,165247
'17NS',1801,51983,165747
'17NS',1801,51983,170247
'17NS',1801,51983,170747
'17NS',1801,51983,171247
'17NS',1801,51983,171747
'17NS',1801,51983,172247
'17NS',1801,51983,172747
'17NS',1801,51983,173147
'17NS',1801,51983,173547
'17NS',1801,51983,173947
'17NS',1801,51983,174347
'17NS',1801,51983,174747
'17NS',1801,51983,175147
'17NS',1801,51983,175547
'17NS',1801,51983,175947
'17NS',1801,51983,180347
'17NS',1801,51983,180747
'17NS',1801,51983,181147
'17NS',1801,51983,181647
'17NS',1801,51983,182147
'17NS',1801,51983,182647
'17NS',1801,51983,183147
'17NS',1801,51983,183647
'17NS',1801,51983,184247
'17NS',1801,51983,184647
'17NS',1801,51983,184947
'17NS',1801,51983,185447
'17NS',1801,51983,190047
'17NS',1801,51983,190647
'17NS',1801,51983,191247
'17NS',1801,51983,191847
'17NS',1801,51983,192447
'17NS',1801,51983,193047
'17NS',1801,51983,193647
'17NS',1801,51983,194247
'17NS',1801,51983,194947
'17NS',1801,51983,195547
'17NS',1801,51983,200247
'17NS',1801,51983,200847
'17NS',1801,51983,201547
'17NS',1801,51983,202247
'17NS',1801,51983,202947
'17NS',1801,51983,203547
'17NS',1801,51983,204247
'17NS',1801,51983,204947
'17NS',1801,51983,205747
'17NS',1801,51983,210547
'17NS',1801,51983,211247
'17NS',1801,51983,212147
'17NS',1801,51983,212947
'17NS',1801,51983,213747
'17NS',1801,51983,214447
'17NS',1801,51983,215247
'17NS',1801,51983,220147
'17NS',1801,51983,220947
'17NS',1801,51983,221747
'17NS',1801,51983,222647
'17NS',1801,51983,223347
'17NS',1801,51983,224047
'17NS',1801,51983,224847
'17NS',1801,51983,225747
'17NS',1801,51983,230647
'17NS',1801,51983,231647
'17NS',1801,51983,233247
'17NS',1801,51983,234547
'17NS',1801,51983,240147
'17NS',1801,51983,241847
'17NS',1801,51983,244247
'17NS',1801,51983,250247
'17NS',1801,51983,252847
'17NS',25401,51983,100144
'17NS',25401,51983,114344
'17NS',25401,51983,132544
'17NS',25401,51983,150744
