'16SA',4702,52464,55905
'16SA',4702,52464,63105
'16SA',4702,52464,70105
'16SA',4702,52464,73105
'16SA',4702,52464,75305
'16SA',4702,52464,81205
'16SA',4702,52464,83321
'16SA',4702,52464,85321
'16SA',4702,52464,91221
'16SA',4702,52464,93121
'16SA',4702,52464,100121
'16SA',4702,52464,103121
'16SA',4702,52464,110121
'16SA',4702,52464,113121
'16SA',4702,52464,115221
'16SA',4702,52464,121221
'16SA',4702,52464,123121
'16SA',4702,52464,125121
'16SA',4702,52464,131021
'16SA',4702,52464,133121
'16SA',4702,52464,135121
'16SA',4702,52464,141121
'16SA',4702,52464,143121
'16SA',4702,52464,145221
'16SA',4702,52464,151121
'16SA',4702,52464,153121
'16SA',4702,52464,155121
'16SA',4702,52464,161121
'16SA',4702,52464,163121
'16SA',4702,52464,165121
'16SA',4702,52464,171121
'16SA',4702,52464,173121
'16SA',4702,52464,175121
'16SA',4702,52464,181221
'16SA',4702,52464,183221
'16SA',4702,52464,185921
'16SA',4702,52464,192921
'16SA',4702,52464,195921
'16SA',4702,52464,202921
'16SA',4702,52464,210121
'16SA',4702,52464,213421
'16SA',4702,52464,220721
'16SA',4702,52464,224021
'16SA',4702,52464,231221
'16SA',4702,52464,234705
'16SA',4702,52464,243305
'16SA',4702,52464,251805
'16SF1',4702,52464,60105
'16SF1',4702,52464,64505
'16SF1',4702,52464,72905
'16SF1',4702,52464,81305
'16SF1',4702,52464,85721
'16SF1',4702,52464,94221
'16SF1',4702,52464,101221
'16SF1',4702,52464,104021
'16SF1',4702,52464,111021
'16SF1',4702,52464,114021
'16SF1',4702,52464,121021
'16SF1',4702,52464,124021
'16SF1',4702,52464,130121
'16SF1',4702,52464,132121
'16SF1',4702,52464,134121
'16SF1',4702,52464,140121
'16SF1',4702,52464,141621
'16SF1',4702,52464,143121
'16SF1',4702,52464,144621
'16SF1',4702,52464,151121
'16SF1',4702,52464,153621
'16SF1',4702,52464,160521
'16SF1',4702,52464,163521
'16SF1',4702,52464,170521
'16SF1',4702,52464,173521
'16SF1',4702,52464,180421
'16SF1',4702,52464,183421
'16SF1',4702,52464,190221
'16SF1',4702,52464,193121
'16SF1',4702,52464,200121
'16SF1',4702,52464,203121
'16SF1',4702,52464,210821
'16SF1',4702,52464,215421
'16SF1',4702,52464,224005
'16SF1',4702,52464,232505
'16SF1',4702,52464,240905
'16SF1',4702,52464,245305
'16SF2',4702,52464,55905
'16SF2',4702,52464,63105
'16SF2',4702,52464,70105
'16SF2',4702,52464,73105
'16SF2',4702,52464,75305
'16SF2',4702,52464,81205
'16SF2',4702,52464,83321
'16SF2',4702,52464,85321
'16SF2',4702,52464,91221
'16SF2',4702,52464,93121
'16SF2',4702,52464,100121
'16SF2',4702,52464,103121
'16SF2',4702,52464,110121
'16SF2',4702,52464,113121
'16SF2',4702,52464,115221
'16SF2',4702,52464,121221
'16SF2',4702,52464,123121
'16SF2',4702,52464,125121
'16SF2',4702,52464,131021
'16SF2',4702,52464,133121
'16SF2',4702,52464,135121
'16SF2',4702,52464,141121
'16SF2',4702,52464,143121
'16SF2',4702,52464,145221
'16SF2',4702,52464,151121
'16SF2',4702,52464,153121
'16SF2',4702,52464,155121
'16SF2',4702,52464,161121
'16SF2',4702,52464,163121
'16SF2',4702,52464,165121
'16SF2',4702,52464,171121
'16SF2',4702,52464,173121
'16SF2',4702,52464,175121
'16SF2',4702,52464,181221
'16SF2',4702,52464,183221
'16SF2',4702,52464,185921
'16SF2',4702,52464,192921
'16SF2',4702,52464,195921
'16SF2',4702,52464,202921
'16SF2',4702,52464,210121
'16SF2',4702,52464,213421
'16SF2',4702,52464,220721
'16SF2',4702,52464,224021
'16SF2',4702,52464,231221
'16SF2',4702,52464,234705
'16SF2',4702,52464,243305
'16SF2',4702,52464,245305
'16SI',4702,52464,60105
'16SI',4702,52464,64505
'16SI',4702,52464,72905
'16SI',4702,52464,81305
'16SI',4702,52464,85721
'16SI',4702,52464,94221
'16SI',4702,52464,101221
'16SI',4702,52464,104021
'16SI',4702,52464,111021
'16SI',4702,52464,114021
'16SI',4702,52464,121021
'16SI',4702,52464,124021
'16SI',4702,52464,130121
'16SI',4702,52464,132121
'16SI',4702,52464,134121
'16SI',4702,52464,140121
'16SI',4702,52464,141621
'16SI',4702,52464,143121
'16SI',4702,52464,144621
'16SI',4702,52464,151121
'16SI',4702,52464,153621
'16SI',4702,52464,160521
'16SI',4702,52464,163521
'16SI',4702,52464,170521
'16SI',4702,52464,173521
'16SI',4702,52464,180421
'16SI',4702,52464,183421
'16SI',4702,52464,190221
'16SI',4702,52464,193121
'16SI',4702,52464,200121
'16SI',4702,52464,203121
'16SI',4702,52464,210821
'16SI',4702,52464,215421
'16SI',4702,52464,224005
'16SI',4702,52464,232505
'16SI',4702,52464,240905
'16SI',4702,52464,245305
'16SS',4702,52464,51721
'16SS',4702,52464,54721
'16SS',4702,52464,61721
'16SS',4702,52464,64621
'16SS',4702,52464,71621
'16SS',4702,52464,72621
'16SS',4702,52464,73421
'16SS',4702,52464,74121
'16SS',4702,52464,74921
'16SS',4702,52464,75921
'16SS',4702,52464,81221
'16SS',4702,52464,82521
'16SS',4702,52464,83921
'16SS',4702,52464,85321
'16SS',4702,52464,91621
'16SS',4702,52464,94621
'16SS',4702,52464,101621
'16SS',4702,52464,104621
'16SS',4702,52464,111621
'16SS',4702,52464,114621
'16SS',4702,52464,121621
'16SS',4702,52464,124621
'16SS',4702,52464,131621
'16SS',4702,52464,134621
'16SS',4702,52464,141621
'16SS',4702,52464,144621
'16SS',4702,52464,151637
'16SS',4702,52464,154637
'16SS',4702,52464,161637
'16SS',4702,52464,164737
'16SS',4702,52464,171621
'16SS',4702,52464,174621
'16SS',4702,52464,181621
'16SS',4702,52464,184621
'16SS',4702,52464,191521
'16SS',4702,52464,194721
'16SS',4702,52464,201821
'16SS',4702,52464,204921
'16SS',4702,52464,212021
'16SS',4702,52464,215121
'16SS',4702,52464,222205
'16SS',4702,52464,225305
'16SS',4702,52464,232405
'16SS',4702,52464,235505
'16SS',4702,52464,242605
'16SS',4702,52464,245805
