'16NA',3104,50551,51410
'16NA',3104,50551,55310
'16NA',3104,50551,62310
'16NA',3104,50551,65310
'16NA',3104,50551,72310
'16NA',3104,50551,75310
'16NA',3104,50551,82310
'16NA',3104,50551,85310
'16NA',3104,50551,92310
'16NA',3104,50551,95310
'16NA',3104,50551,102310
'16NA',3104,50551,105310
'16NA',3104,50551,112310
'16NA',3104,50551,115310
'16NA',3104,50551,122310
'16NA',3104,50551,125310
'16NA',3104,50551,132310
'16NA',3104,50551,135310
'16NA',3104,50551,142310
'16NA',3104,50551,145310
'16NA',3104,50551,152310
'16NA',3104,50551,155310
'16NA',3104,50551,162310
'16NA',3104,50551,165310
'16NA',3104,50551,172310
'16NA',3104,50551,175310
'16NA',3104,50551,182310
'16NA',3104,50551,185310
'16NA',3104,50551,192310
'16NF1',3104,50551,51325
'16NF1',3104,50551,55325
'16NF1',3104,50551,62225
'16NF1',3104,50551,65225
'16NF1',3104,50551,72225
'16NF1',3104,50551,75225
'16NF1',3104,50551,82225
'16NF1',3104,50551,85225
'16NF1',3104,50551,92225
'16NF1',3104,50551,95225
'16NF1',3104,50551,102225
'16NF1',3104,50551,105225
'16NF1',3104,50551,112225
'16NF1',3104,50551,115225
'16NF1',3104,50551,122225
'16NF1',3104,50551,125225
'16NF1',3104,50551,132225
'16NF1',3104,50551,135225
'16NF1',3104,50551,142225
'16NF1',3104,50551,145225
'16NF1',3104,50551,152225
'16NF1',3104,50551,155225
'16NF1',3104,50551,162225
'16NF1',3104,50551,165225
'16NF1',3104,50551,172225
'16NF1',3104,50551,175225
'16NF1',3104,50551,182225
'16NF1',3104,50551,185225
'16NF1',3104,50551,192225
'16NF2',3104,50551,51410
'16NF2',3104,50551,55310
'16NF2',3104,50551,62310
'16NF2',3104,50551,65310
'16NF2',3104,50551,72310
'16NF2',3104,50551,75310
'16NF2',3104,50551,82310
'16NF2',3104,50551,85310
'16NF2',3104,50551,92310
'16NF2',3104,50551,95310
'16NF2',3104,50551,102310
'16NF2',3104,50551,105310
'16NF2',3104,50551,112310
'16NF2',3104,50551,115310
'16NF2',3104,50551,122310
'16NF2',3104,50551,125310
'16NF2',3104,50551,132310
'16NF2',3104,50551,135310
'16NF2',3104,50551,142310
'16NF2',3104,50551,145310
'16NF2',3104,50551,152310
'16NF2',3104,50551,155310
'16NF2',3104,50551,162310
'16NF2',3104,50551,165310
'16NF2',3104,50551,172310
'16NF2',3104,50551,175310
'16NF2',3104,50551,182310
'16NF2',3104,50551,185310
'16NF2',3104,50551,192310
'16NF3',3104,50551,51325
'16NF3',3104,50551,55325
'16NF3',3104,50551,62225
'16NF3',3104,50551,65225
'16NF3',3104,50551,72225
'16NF3',3104,50551,75225
'16NF3',3104,50551,82225
'16NF3',3104,50551,85225
'16NF3',3104,50551,92225
'16NF3',3104,50551,95225
'16NF3',3104,50551,102225
'16NF3',3104,50551,105225
'16NF3',3104,50551,112225
'16NF3',3104,50551,115225
'16NF3',3104,50551,122225
'16NF3',3104,50551,125225
'16NF3',3104,50551,132225
'16NF3',3104,50551,135225
'16NF3',3104,50551,142225
'16NF3',3104,50551,145225
'16NF3',3104,50551,152225
'16NF3',3104,50551,155225
'16NF3',3104,50551,162225
'16NF3',3104,50551,165225
'16NF3',3104,50551,172225
'16NF3',3104,50551,175225
'16NF3',3104,50551,182225
'16NF3',3104,50551,185225
'16NF3',3104,50551,192225
'16NF4',3104,50551,51410
'16NF4',3104,50551,55310
'16NF4',3104,50551,62310
'16NF4',3104,50551,65310
'16NF4',3104,50551,72310
'16NF4',3104,50551,75310
'16NF4',3104,50551,82310
'16NF4',3104,50551,85310
'16NF4',3104,50551,92310
'16NF4',3104,50551,95310
'16NF4',3104,50551,102310
'16NF4',3104,50551,105310
'16NF4',3104,50551,112310
'16NF4',3104,50551,115310
'16NF4',3104,50551,122310
'16NF4',3104,50551,125310
'16NF4',3104,50551,132310
'16NF4',3104,50551,135310
'16NF4',3104,50551,142310
'16NF4',3104,50551,145310
'16NF4',3104,50551,152310
'16NF4',3104,50551,155310
'16NF4',3104,50551,162310
'16NF4',3104,50551,165310
'16NF4',3104,50551,172310
'16NF4',3104,50551,175310
'16NF4',3104,50551,182310
'16NF4',3104,50551,185310
'16NF4',3104,50551,192310
'16NI',3104,50551,51325
'16NI',3104,50551,55325
'16NI',3104,50551,62225
'16NI',3104,50551,65225
'16NI',3104,50551,72225
'16NI',3104,50551,75225
'16NI',3104,50551,82225
'16NI',3104,50551,85225
'16NI',3104,50551,92225
'16NI',3104,50551,95225
'16NI',3104,50551,102225
'16NI',3104,50551,105225
'16NI',3104,50551,112225
'16NI',3104,50551,115225
'16NI',3104,50551,122225
'16NI',3104,50551,125225
'16NI',3104,50551,132225
'16NI',3104,50551,135225
'16NI',3104,50551,142225
'16NI',3104,50551,145225
'16NI',3104,50551,152225
'16NI',3104,50551,155225
'16NI',3104,50551,162225
'16NI',3104,50551,165225
'16NI',3104,50551,172225
'16NI',3104,50551,175225
'16NI',3104,50551,182225
'16NI',3104,50551,185225
'16NI',3104,50551,192225
'16NS',3104,50551,51156
'16NS',3104,50551,54156
'16NS',3104,50551,61225
'16NS',3104,50551,64510
'16NS',3104,50551,71510
'16NS',3104,50551,74539
'16NS',3104,50551,81854
'16NS',3104,50551,84810
'16NS',3104,50551,92110
'16NS',3104,50551,94810
'16NS',3104,50551,102010
'16NS',3104,50551,104510
'16NS',3104,50551,111910
'16NS',3104,50551,114410
'16NS',3104,50551,121810
'16NS',3104,50551,124410
'16NS',3104,50551,131810
'16NS',3104,50551,134410
'16NS',3104,50551,141810
'16NS',3104,50551,144710
'16NS',3104,50551,152110
'16NS',3104,50551,155054
'16NS',3104,50551,162754
'16NS',3104,50551,165854
'16NS',3104,50551,173554
'16NS',3104,50551,180610
'16NS',3104,50551,183810
'16NS',3104,50551,190625
'16NS',3104,50551,193625
'16NS',3104,50551,200225
'16NS',3104,50551,202825
'16NS',3104,50551,205425
'16NS',3104,50551,212025
'16NS',3104,50551,214625
'16NS',3104,50551,221225
'16NS',3104,50551,223825
'16NS',3104,50551,230425
'16NS',3104,50551,233025
'16NS',3104,50551,235825
'16NS',3104,50551,242540
'16NS',3104,50551,245340
'16NS',3104,50551,252740
'16NA',36104,50551,241923
'16NA',36104,50551,250423
'16NA',36104,50551,255011
'16NA',36104,50551,262011
'16NA',36104,50551,265011
'16NA',36104,50551,272011
'16NA',36104,50551,274923
'16NA',36104,50551,281923
'16NF1',36104,50551,243423
'16NF1',36104,50551,250423
'16NF1',36104,50551,253523
'16NF1',36104,50551,261723
'16NF1',36104,50551,270023
'16NF1',36104,50551,274423
'16NF1',36104,50551,283123
'16NF2',36104,50551,243423
'16NF2',36104,50551,250423
'16NF2',36104,50551,253523
'16NF2',36104,50551,261723
'16NF2',36104,50551,270023
'16NF2',36104,50551,274423
'16NF2',36104,50551,283123
'16NF3',36104,50551,243423
'16NF3',36104,50551,250423
'16NF3',36104,50551,253523
'16NF3',36104,50551,261723
'16NF3',36104,50551,270023
'16NF3',36104,50551,274423
'16NF3',36104,50551,283123
'16NF4',36104,50551,243423
'16NF4',36104,50551,250423
'16NF4',36104,50551,253523
'16NF4',36104,50551,261723
'16NF4',36104,50551,270023
'16NF4',36104,50551,274423
'16NF4',36104,50551,283123
'16NI',36104,50551,243423
'16NI',36104,50551,250423
'16NI',36104,50551,253523
'16NI',36104,50551,261723
'16NI',36104,50551,270023
'16NI',36104,50551,274423
'16NI',36104,50551,283123
'16NS',36104,50551,243423
'16NS',36104,50551,250623
'16NS',36104,50551,253723
'16NS',36104,50551,255823
'16NS',36104,50551,261923
'16NS',36104,50551,264023
'16NS',36104,50551,271123
'16NS',36104,50551,274423
'16NS',36104,50551,283123
