'16MS',5201,60250,63200
'16MS',5201,60250,70200
'16MS',5201,60250,73300
'16MS',5201,60250,80300
'16MS',5201,60250,83300
'16MS',5201,60250,90200
'16MS',5201,60250,153100
'16MS',5201,60250,160000
'16MS',5201,60250,163000
'16MS',5201,60250,170000
'16MS',5201,60250,173000
'16MS',5201,60250,175900
'16MS',5202,60250,62000
'16MS',5202,60250,65000
'16MS',5202,60250,72000
'16MS',5202,60250,74900
'16MS',5202,60250,81900
'16MS',5202,60250,85000
'16MS',5202,60250,151600
'16MS',5202,60250,154500
'16MS',5202,60250,161500
'16MS',5202,60250,164500
'16MS',5202,60250,171500
'16MS',5202,60250,174500
'16MS',13503,60250,140400
'16MS',13503,60250,143500
'16MS',13503,60250,152000
'16MS',13503,60250,153700
'16MS',13503,60250,160300
'16MS',13503,60250,164300
'16MS',13503,60250,172500
'16MS',13503,60250,175700
