'16JA',10704,56576,54813
'16JA',10704,56576,61613
'16JA',10704,56576,64113
'16JA',10704,56576,70513
'16JA',10704,56576,72913
'16JA',10704,56576,75513
'16JA',10704,56576,82213
'16JA',10704,56576,85320
'16JA',10704,56576,91920
'16JA',10704,56576,94620
'16JA',10704,56576,101320
'16JA',10704,56576,104120
'16JA',10704,56576,110920
'16JA',10704,56576,113820
'16JA',10704,56576,120720
'16JA',10704,56576,123620
'16JA',10704,56576,130753
'16JA',10704,56576,133553
'16JA',10704,56576,140453
'16JA',10704,56576,143453
'16JA',10704,56576,150453
'16JA',10704,56576,153353
'16JA',10704,56576,160353
'16JA',10704,56576,163353
'16JA',10704,56576,170253
'16JA',10704,56576,173253
'16JA',10704,56576,180120
'16JA',10704,56576,183120
'16JA',10704,56576,190020
'16JA',10704,56576,192720
'16JA',10704,56576,195420
'16JA',10704,56576,202020
'16JA',10704,56576,204720
'16JA',10704,56576,211420
'16JA',10704,56576,214120
'16JA',10704,56576,220820
'16JA',10704,56576,223520
'16JA',10704,56576,230220
'16JA',10704,56576,232920
'16JA',10704,56576,235620
'16JA',10704,56576,241913
'16JA',10704,56576,244513
'16JA',10704,56576,251113
'16JA',10704,56576,253813
'16JA',10704,56576,260513
'16JI',10704,56576,55313
'16JI',10704,56576,61813
'16JI',10704,56576,64313
'16JI',10704,56576,70713
'16JI',10704,56576,73313
'16JI',10704,56576,75813
'16JI',10704,56576,82313
'16JI',10704,56576,84913
'16JI',10704,56576,91613
'16JI',10704,56576,94646
'16JI',10704,56576,101446
'16JI',10704,56576,104246
'16JI',10704,56576,110946
'16JI',10704,56576,113746
'16JI',10704,56576,120546
'16JI',10704,56576,123620
'16JI',10704,56576,130820
'16JI',10704,56576,133720
'16JI',10704,56576,140620
'16JI',10704,56576,143620
'16JI',10704,56576,150620
'16JI',10704,56576,153520
'16JI',10704,56576,160520
'16JI',10704,56576,163520
'16JI',10704,56576,170420
'16JI',10704,56576,173420
'16JI',10704,56576,180420
'16JI',10704,56576,183220
'16JI',10704,56576,190020
'16JI',10704,56576,192720
'16JI',10704,56576,195146
'16JI',10704,56576,201746
'16JI',10704,56576,204446
'16JI',10704,56576,211146
'16JI',10704,56576,213846
'16JI',10704,56576,220546
'16JI',10704,56576,223246
'16JI',10704,56576,225946
'16JI',10704,56576,232646
'16JI',10704,56576,235346
'16JI',10704,56576,242046
'16JI',10704,56576,244546
'16JI',10704,56576,251146
'16JI',10704,56576,253846
'16JS',10704,56576,55446
'16JS',10704,56576,63446
'16JS',10704,56576,71546
'16JS',10704,56576,75146
'16JS',10704,56576,82446
'16JS',10704,56576,84646
'16JS',10704,56576,85746
'16JS',10704,56576,91046
'16JS',10704,56576,92546
'16JS',10704,56576,94246
'16JS',10704,56576,95946
'16JS',10704,56576,101546
'16JS',10704,56576,104546
'16JS',10704,56576,111646
'16JS',10704,56576,115046
'16JS',10704,56576,122346
'16JS',10704,56576,125446
'16JS',10704,56576,132346
'16JS',10704,56576,135446
'16JS',10704,56576,142520
'16JS',10704,56576,145420
'16JS',10704,56576,152220
'16JS',10704,56576,155753
'16JS',10704,56576,163153
'16JS',10704,56576,170353
'16JS',10704,56576,173753
'16JS',10704,56576,175153
'16JS',10704,56576,180953
'16JS',10704,56576,183320
'16JS',10704,56576,190520
'16JS',10704,56576,193146
'16JS',10704,56576,195746
'16JS',10704,56576,202646
'16JS',10704,56576,205446
'16JS',10704,56576,212046
'16JS',10704,56576,214846
'16JS',10704,56576,221546
'16JS',10704,56576,224146
'16JS',10704,56576,231146
'16JS',10704,56576,234146
'16JS',10704,56576,240613
'16JS',10704,56576,243413
'16JS',10704,56576,250513
'16JS',10704,56576,253713
