'17MA',10704,56602,54210
'17MA',10704,56602,60910
'17MA',10704,56602,63410
'17MA',10704,56602,65910
'17MA',10704,56602,72410
'17MA',10704,56602,74910
'17MA',10704,56602,81610
'17MA',10704,56602,84538
'17MA',10704,56602,91238
'17MA',10704,56602,93938
'17MA',10704,56602,100638
'17MA',10704,56602,103438
'17MA',10704,56602,110238
'17MA',10704,56602,113138
'17MA',10704,56602,120038
'17MA',10704,56602,122938
'17MA',10704,56602,130005
'17MA',10704,56602,132805
'17MA',10704,56602,135705
'17MA',10704,56602,142705
'17MA',10704,56602,145705
'17MA',10704,56602,152605
'17MA',10704,56602,155605
'17MA',10704,56602,162605
'17MA',10704,56602,165505
'17MA',10704,56602,172505
'17MA',10704,56602,175405
'17MA',10704,56602,182405
'17MA',10704,56602,185305
'17MA',10704,56602,191905
'17MA',10704,56602,194605
'17MA',10704,56602,201305
'17MA',10704,56602,203905
'17MA',10704,56602,210605
'17MA',10704,56602,213305
'17MA',10704,56602,220005
'17MA',10704,56602,222705
'17MA',10704,56602,225405
'17MA',10704,56602,232105
'17MA',10704,56602,234538
'17MA',10704,56602,241038
'17MA',10704,56602,243638
'17MA',10704,56602,250338
'17MA',10704,56602,253038
'17MA',10704,56602,255738
'17MF1',10704,56602,54210
'17MF1',10704,56602,60910
'17MF1',10704,56602,63410
'17MF1',10704,56602,65910
'17MF1',10704,56602,72410
'17MF1',10704,56602,74910
'17MF1',10704,56602,81610
'17MF1',10704,56602,84538
'17MF1',10704,56602,91238
'17MF1',10704,56602,93938
'17MF1',10704,56602,100638
'17MF1',10704,56602,103438
'17MF1',10704,56602,110238
'17MF1',10704,56602,113138
'17MF1',10704,56602,120038
'17MF1',10704,56602,122938
'17MF1',10704,56602,130005
'17MF1',10704,56602,132805
'17MF1',10704,56602,135705
'17MF1',10704,56602,142705
'17MF1',10704,56602,145705
'17MF1',10704,56602,152605
'17MF1',10704,56602,155605
'17MF1',10704,56602,162605
'17MF1',10704,56602,165505
'17MF1',10704,56602,172505
'17MF1',10704,56602,175405
'17MF1',10704,56602,182405
'17MF1',10704,56602,185305
'17MF1',10704,56602,191905
'17MF1',10704,56602,194605
'17MF1',10704,56602,201305
'17MF1',10704,56602,203905
'17MF1',10704,56602,210605
'17MF1',10704,56602,213305
'17MF1',10704,56602,220005
'17MF1',10704,56602,222705
'17MF1',10704,56602,225405
'17MF1',10704,56602,232105
'17MF1',10704,56602,234538
'17MF1',10704,56602,241038
'17MF1',10704,56602,243638
'17MF1',10704,56602,250338
'17MF1',10704,56602,253038
'17MF2',10704,56602,54210
'17MF2',10704,56602,60910
'17MF2',10704,56602,63410
'17MF2',10704,56602,65910
'17MF2',10704,56602,72410
'17MF2',10704,56602,74910
'17MF2',10704,56602,81610
'17MF2',10704,56602,84538
'17MF2',10704,56602,91238
'17MF2',10704,56602,93938
'17MF2',10704,56602,100638
'17MF2',10704,56602,103438
'17MF2',10704,56602,110238
'17MF2',10704,56602,113138
'17MF2',10704,56602,120038
'17MF2',10704,56602,122938
'17MF2',10704,56602,130005
'17MF2',10704,56602,132805
'17MF2',10704,56602,135705
'17MF2',10704,56602,142705
'17MF2',10704,56602,145705
'17MF2',10704,56602,152605
'17MF2',10704,56602,155605
'17MF2',10704,56602,162605
'17MF2',10704,56602,165505
'17MF2',10704,56602,172505
'17MF2',10704,56602,175405
'17MF2',10704,56602,182405
'17MF2',10704,56602,185305
'17MF2',10704,56602,191905
'17MF2',10704,56602,194605
'17MF2',10704,56602,201305
'17MF2',10704,56602,203905
'17MF2',10704,56602,210605
'17MF2',10704,56602,213305
'17MF2',10704,56602,220005
'17MF2',10704,56602,222705
'17MF2',10704,56602,225405
'17MF2',10704,56602,232105
'17MF2',10704,56602,234538
'17MF2',10704,56602,241038
'17MF2',10704,56602,243638
'17MF2',10704,56602,250338
'17MF2',10704,56602,253038
'17MF3',10704,56602,54710
'17MF3',10704,56602,61210
'17MF3',10704,56602,63810
'17MF3',10704,56602,70210
'17MF3',10704,56602,72710
'17MF3',10704,56602,75210
'17MF3',10704,56602,81710
'17MF3',10704,56602,84310
'17MF3',10704,56602,91010
'17MF3',10704,56602,93932
'17MF3',10704,56602,100705
'17MF3',10704,56602,103505
'17MF3',10704,56602,110205
'17MF3',10704,56602,113005
'17MF3',10704,56602,115805
'17MF3',10704,56602,122805
'17MF3',10704,56602,130005
'17MF3',10704,56602,132905
'17MF3',10704,56602,135805
'17MF3',10704,56602,142805
'17MF3',10704,56602,145805
'17MF3',10704,56602,152705
'17MF3',10704,56602,155705
'17MF3',10704,56602,162705
'17MF3',10704,56602,165605
'17MF3',10704,56602,172605
'17MF3',10704,56602,175605
'17MF3',10704,56602,182405
'17MF3',10704,56602,185205
'17MF3',10704,56602,191905
'17MF3',10704,56602,194438
'17MF3',10704,56602,201038
'17MF3',10704,56602,203738
'17MF3',10704,56602,210438
'17MF3',10704,56602,213138
'17MF3',10704,56602,215838
'17MF3',10704,56602,222538
'17MF3',10704,56602,225238
'17MF3',10704,56602,231938
'17MF3',10704,56602,234638
'17MF3',10704,56602,241338
'17MF3',10704,56602,243838
'17MF3',10704,56602,250438
'17MF3',10704,56602,253138
'17MI',10704,56602,54710
'17MI',10704,56602,61210
'17MI',10704,56602,63810
'17MI',10704,56602,70210
'17MI',10704,56602,72710
'17MI',10704,56602,75210
'17MI',10704,56602,81710
'17MI',10704,56602,84310
'17MI',10704,56602,91010
'17MI',10704,56602,93932
'17MI',10704,56602,100705
'17MI',10704,56602,103505
'17MI',10704,56602,110205
'17MI',10704,56602,113005
'17MI',10704,56602,115805
'17MI',10704,56602,122805
'17MI',10704,56602,130005
'17MI',10704,56602,132905
'17MI',10704,56602,135805
'17MI',10704,56602,142805
'17MI',10704,56602,145805
'17MI',10704,56602,152705
'17MI',10704,56602,155705
'17MI',10704,56602,162705
'17MI',10704,56602,165605
'17MI',10704,56602,172605
'17MI',10704,56602,175605
'17MI',10704,56602,182405
'17MI',10704,56602,185205
'17MI',10704,56602,191905
'17MI',10704,56602,194438
'17MI',10704,56602,201038
'17MI',10704,56602,203738
'17MI',10704,56602,210438
'17MI',10704,56602,213138
'17MI',10704,56602,215838
'17MI',10704,56602,222538
'17MI',10704,56602,225238
'17MI',10704,56602,231938
'17MI',10704,56602,234638
'17MI',10704,56602,241338
'17MI',10704,56602,243838
'17MI',10704,56602,250438
'17MI',10704,56602,253138
'17MS',10704,56602,54738
'17MS',10704,56602,62738
'17MS',10704,56602,70738
'17MS',10704,56602,74838
'17MS',10704,56602,80738
'17MS',10704,56602,83838
'17MS',10704,56602,85038
'17MS',10704,56602,90338
'17MS',10704,56602,91638
'17MS',10704,56602,93638
'17MS',10704,56602,94638
'17MS',10704,56602,95738
'17MS',10704,56602,100838
'17MS',10704,56602,103838
'17MS',10704,56602,110838
'17MS',10704,56602,113932
'17MS',10704,56602,121132
'17MS',10704,56602,124332
'17MS',10704,56602,131432
'17MS',10704,56602,134532
'17MS',10704,56602,141832
'17MS',10704,56602,144932
'17MS',10704,56602,152032
'17MS',10704,56602,155532
'17MS',10704,56602,162532
'17MS',10704,56602,164932
'17MS',10704,56602,172132
'17MS',10704,56602,174432
'17MS',10704,56602,180632
'17MS',10704,56602,182938
'17MS',10704,56602,185538
'17MS',10704,56602,192038
'17MS',10704,56602,194738
'17MS',10704,56602,201638
'17MS',10704,56602,204538
'17MS',10704,56602,211338
'17MS',10704,56602,214138
'17MS',10704,56602,220838
'17MS',10704,56602,223438
'17MS',10704,56602,230438
'17MS',10704,56602,233438
'17MS',10704,56602,235910
'17MS',10704,56602,242810
'17MS',10704,56602,245910
'17MS',10704,56602,253110
