'17UA',5801,56977,50027
'17UA',5801,56977,53027
'17UA',5801,56977,60027
'17UA',5801,56977,63027
'17UA',5801,56977,70027
'17UA',5801,56977,73027
'17UA',5801,56977,80027
'17UA',5801,56977,83027
'17UA',5801,56977,90027
'17UA',5801,56977,93027
'17UA',5801,56977,100027
'17UA',5801,56977,103027
'17UA',5801,56977,110127
'17UA',5801,56977,113327
'17UA',5801,56977,115927
'17UA',5801,56977,122827
'17UA',5801,56977,125727
'17UA',5801,56977,131327
'17UA',5801,56977,132927
'17UA',5801,56977,135927
'17UA',5801,56977,142727
'17UA',5801,56977,145627
'17UA',5801,56977,152627
'17UA',5801,56977,155727
'17UA',5801,56977,161227
'17UA',5801,56977,162727
'17UA',5801,56977,165727
'17UA',5801,56977,172727
'17UA',5801,56977,175727
'17UA',5801,56977,182827
'17UA',5801,56977,185827
'17UA',5801,56977,192927
'17UA',5801,56977,195927
'17UA',5801,56977,202927
'17UA',5801,56977,205927
'17UA',5801,56977,213027
'17UA',5801,56977,220027
'17UA',5801,56977,223027
'17UA',5801,56977,230027
'17UA',5801,56977,233027
'17UA',5801,56977,240027
'17UA',5801,56977,243027
'17UA',5801,56977,250027
'17UF1',5801,56977,50027
'17UF1',5801,56977,53027
'17UF1',5801,56977,60027
'17UF1',5801,56977,63027
'17UF1',5801,56977,70027
'17UF1',5801,56977,73027
'17UF1',5801,56977,80027
'17UF1',5801,56977,83027
'17UF1',5801,56977,90027
'17UF1',5801,56977,93027
'17UF1',5801,56977,100027
'17UF1',5801,56977,103027
'17UF1',5801,56977,110127
'17UF1',5801,56977,113327
'17UF1',5801,56977,115927
'17UF1',5801,56977,122827
'17UF1',5801,56977,125727
'17UF1',5801,56977,131327
'17UF1',5801,56977,132927
'17UF1',5801,56977,135927
'17UF1',5801,56977,142727
'17UF1',5801,56977,145627
'17UF1',5801,56977,152627
'17UF1',5801,56977,155727
'17UF1',5801,56977,161227
'17UF1',5801,56977,162727
'17UF1',5801,56977,165727
'17UF1',5801,56977,172727
'17UF1',5801,56977,175727
'17UF1',5801,56977,182827
'17UF1',5801,56977,185827
'17UF1',5801,56977,192927
'17UF1',5801,56977,195927
'17UF1',5801,56977,202927
'17UF1',5801,56977,205927
'17UF1',5801,56977,213027
'17UF1',5801,56977,220027
'17UF1',5801,56977,223027
'17UF1',5801,56977,230027
'17UF1',5801,56977,233027
'17UF1',5801,56977,240027
'17UF1',5801,56977,243027
'17UF1',5801,56977,250027
'17UF2',5801,56977,50027
'17UF2',5801,56977,53027
'17UF2',5801,56977,60027
'17UF2',5801,56977,63027
'17UF2',5801,56977,70027
'17UF2',5801,56977,73027
'17UF2',5801,56977,80027
'17UF2',5801,56977,83027
'17UF2',5801,56977,90027
'17UF2',5801,56977,93027
'17UF2',5801,56977,100027
'17UF2',5801,56977,103027
'17UF2',5801,56977,110127
'17UF2',5801,56977,113327
'17UF2',5801,56977,115927
'17UF2',5801,56977,122827
'17UF2',5801,56977,125727
'17UF2',5801,56977,131327
'17UF2',5801,56977,132927
'17UF2',5801,56977,135927
'17UF2',5801,56977,142727
'17UF2',5801,56977,145627
'17UF2',5801,56977,152627
'17UF2',5801,56977,155727
'17UF2',5801,56977,161227
'17UF2',5801,56977,162727
'17UF2',5801,56977,165727
'17UF2',5801,56977,172727
'17UF2',5801,56977,175727
'17UF2',5801,56977,182827
'17UF2',5801,56977,185827
'17UF2',5801,56977,192927
'17UF2',5801,56977,195927
'17UF2',5801,56977,202927
'17UF2',5801,56977,205927
'17UF2',5801,56977,213027
'17UF2',5801,56977,220027
'17UF2',5801,56977,223027
'17UF2',5801,56977,230027
'17UF2',5801,56977,233027
'17UF2',5801,56977,240027
'17UF2',5801,56977,243027
'17UF2',5801,56977,250027
'17UI',5801,56977,50027
'17UI',5801,56977,53027
'17UI',5801,56977,60027
'17UI',5801,56977,63127
'17UI',5801,56977,70227
'17UI',5801,56977,73327
'17UI',5801,56977,80427
'17UI',5801,56977,83527
'17UI',5801,56977,90527
'17UI',5801,56977,93627
'17UI',5801,56977,100727
'17UI',5801,56977,103827
'17UI',5801,56977,111027
'17UI',5801,56977,114227
'17UI',5801,56977,121427
'17UI',5801,56977,124627
'17UI',5801,56977,131827
'17UI',5801,56977,135027
'17UI',5801,56977,142227
'17UI',5801,56977,145427
'17UI',5801,56977,151527
'17UI',5801,56977,153627
'17UI',5801,56977,155827
'17UI',5801,56977,162027
'17UI',5801,56977,164127
'17UI',5801,56977,170427
'17UI',5801,56977,173527
'17UI',5801,56977,180627
'17UI',5801,56977,183827
'17UI',5801,56977,191027
'17UI',5801,56977,194227
'17UI',5801,56977,201427
'17UI',5801,56977,204627
'17UI',5801,56977,211827
'17UI',5801,56977,215027
'17UI',5801,56977,222227
'17UI',5801,56977,225427
'17UI',5801,56977,232627
'17UI',5801,56977,235827
'17UI',5801,56977,242927
'17UI',5801,56977,250027
'17US',5801,56977,50027
'17US',5801,56977,53027
'17US',5801,56977,60027
'17US',5801,56977,62427
'17US',5801,56977,63427
'17US',5801,56977,64527
'17US',5801,56977,65227
'17US',5801,56977,70027
'17US',5801,56977,71527
'17US',5801,56977,73027
'17US',5801,56977,73627
'17US',5801,56977,74427
'17US',5801,56977,75127
'17US',5801,56977,75827
'17US',5801,56977,81927
'17US',5801,56977,83527
'17US',5801,56977,84027
'17US',5801,56977,85227
'17US',5801,56977,90127
'17US',5801,56977,92327
'17US',5801,56977,94427
'17US',5801,56977,100627
'17US',5801,56977,102827
'17US',5801,56977,105127
'17US',5801,56977,111527
'17US',5801,56977,113627
'17US',5801,56977,115627
'17US',5801,56977,121227
'17US',5801,56977,122827
'17US',5801,56977,124627
'17US',5801,56977,130427
'17US',5801,56977,132427
'17US',5801,56977,134527
'17US',5801,56977,141027
'17US',5801,56977,143527
'17US',5801,56977,150027
'17US',5801,56977,152927
'17US',5801,56977,155927
'17US',5801,56977,162927
'17US',5801,56977,165927
'17US',5801,56977,172927
'17US',5801,56977,175927
'17US',5801,56977,182927
'17US',5801,56977,185927
'17US',5801,56977,192927
'17US',5801,56977,195827
'17US',5801,56977,202827
'17US',5801,56977,205427
'17US',5801,56977,211927
'17US',5801,56977,214427
'17US',5801,56977,221227
'17US',5801,56977,224027
'17US',5801,56977,230827
'17US',5801,56977,233627
'17US',5801,56977,240427
'17US',5801,56977,243227
'17US',5801,56977,250027
'17UA',11201,56977,51334
'17UA',11201,56977,54334
'17UA',11201,56977,61434
'17UA',11201,56977,64534
'17UA',11201,56977,71634
'17UA',11201,56977,74734
'17UA',11201,56977,81834
'17UA',11201,56977,84834
'17UA',11201,56977,91834
'17UA',11201,56977,94934
'17UA',11201,56977,102034
'17UA',11201,56977,105234
'17UA',11201,56977,112434
'17UA',11201,56977,114834
'17UA',11201,56977,121234
'17UA',11201,56977,123134
'17UA',11201,56977,125034
'17UA',11201,56977,131034
'17UA',11201,56977,133334
'17UA',11201,56977,135634
'17UA',11201,56977,141934
'17UA',11201,56977,144334
'17UA',11201,56977,150634
'17UA',11201,56977,152934
'17UA',11201,56977,155134
'17UA',11201,56977,161334
'17UA',11201,56977,163834
'17UA',11201,56977,170334
'17UA',11201,56977,172834
'17UA',11201,56977,175334
'17UA',11201,56977,182234
'17UA',11201,56977,185034
'17UA',11201,56977,191934
'17UA',11201,56977,194634
'17UA',11201,56977,201234
'17UA',11201,56977,204134
'17UA',11201,56977,211334
'17UA',11201,56977,214334
'17UA',11201,56977,221434
'17UA',11201,56977,224434
'17UA',11201,56977,231534
'17UA',11201,56977,234534
'17UA',11201,56977,241534
'17UA',11201,56977,244517
'17UA',11201,56977,251517
'17UA',11201,56977,254517
'17UF1',11201,56977,51334
'17UF1',11201,56977,54334
'17UF1',11201,56977,61434
'17UF1',11201,56977,64534
'17UF1',11201,56977,71634
'17UF1',11201,56977,74734
'17UF1',11201,56977,81834
'17UF1',11201,56977,84834
'17UF1',11201,56977,91834
'17UF1',11201,56977,94934
'17UF1',11201,56977,102034
'17UF1',11201,56977,105234
'17UF1',11201,56977,112434
'17UF1',11201,56977,114834
'17UF1',11201,56977,121234
'17UF1',11201,56977,123134
'17UF1',11201,56977,125034
'17UF1',11201,56977,131034
'17UF1',11201,56977,133334
'17UF1',11201,56977,135634
'17UF1',11201,56977,141934
'17UF1',11201,56977,144334
'17UF1',11201,56977,150634
'17UF1',11201,56977,152934
'17UF1',11201,56977,155134
'17UF1',11201,56977,161334
'17UF1',11201,56977,163834
'17UF1',11201,56977,170334
'17UF1',11201,56977,172834
'17UF1',11201,56977,175334
'17UF1',11201,56977,182234
'17UF1',11201,56977,185034
'17UF1',11201,56977,191934
'17UF1',11201,56977,194634
'17UF1',11201,56977,201234
'17UF1',11201,56977,204134
'17UF1',11201,56977,211334
'17UF1',11201,56977,214334
'17UF1',11201,56977,221434
'17UF1',11201,56977,224434
'17UF1',11201,56977,231534
'17UF1',11201,56977,234534
'17UF1',11201,56977,241534
'17UF1',11201,56977,244517
'17UF1',11201,56977,251517
'17UF1',11201,56977,254517
'17UF2',11201,56977,51334
'17UF2',11201,56977,54334
'17UF2',11201,56977,61434
'17UF2',11201,56977,64534
'17UF2',11201,56977,71634
'17UF2',11201,56977,74734
'17UF2',11201,56977,81834
'17UF2',11201,56977,84834
'17UF2',11201,56977,91834
'17UF2',11201,56977,94934
'17UF2',11201,56977,102034
'17UF2',11201,56977,105234
'17UF2',11201,56977,112434
'17UF2',11201,56977,114834
'17UF2',11201,56977,121234
'17UF2',11201,56977,123134
'17UF2',11201,56977,125034
'17UF2',11201,56977,131034
'17UF2',11201,56977,133334
'17UF2',11201,56977,135634
'17UF2',11201,56977,141934
'17UF2',11201,56977,144334
'17UF2',11201,56977,150634
'17UF2',11201,56977,152934
'17UF2',11201,56977,155134
'17UF2',11201,56977,161334
'17UF2',11201,56977,163834
'17UF2',11201,56977,170334
'17UF2',11201,56977,172834
'17UF2',11201,56977,175334
'17UF2',11201,56977,182234
'17UF2',11201,56977,185034
'17UF2',11201,56977,191934
'17UF2',11201,56977,194634
'17UF2',11201,56977,201234
'17UF2',11201,56977,204134
'17UF2',11201,56977,211334
'17UF2',11201,56977,214334
'17UF2',11201,56977,221434
'17UF2',11201,56977,224434
'17UF2',11201,56977,231534
'17UF2',11201,56977,234534
'17UF2',11201,56977,241534
'17UF2',11201,56977,244517
'17UF2',11201,56977,251517
'17UF2',11201,56977,254517
'17UI',11201,56977,51334
'17UI',11201,56977,54434
'17UI',11201,56977,61434
'17UI',11201,56977,64434
'17UI',11201,56977,71334
'17UI',11201,56977,74134
'17UI',11201,56977,81034
'17UI',11201,56977,83834
'17UI',11201,56977,90734
'17UI',11201,56977,93634
'17UI',11201,56977,100834
'17UI',11201,56977,103834
'17UI',11201,56977,111034
'17UI',11201,56977,114234
'17UI',11201,56977,121334
'17UI',11201,56977,124534
'17UI',11201,56977,131634
'17UI',11201,56977,133834
'17UI',11201,56977,140034
'17UI',11201,56977,142434
'17UI',11201,56977,144834
'17UI',11201,56977,151534
'17UI',11201,56977,154634
'17UI',11201,56977,161834
'17UI',11201,56977,165034
'17UI',11201,56977,172134
'17UI',11201,56977,175334
'17UI',11201,56977,182434
'17UI',11201,56977,185634
'17UI',11201,56977,192734
'17UI',11201,56977,195834
'17UI',11201,56977,202934
'17UI',11201,56977,205834
'17UI',11201,56977,212834
'17UI',11201,56977,215734
'17UI',11201,56977,222534
'17UI',11201,56977,225434
'17UI',11201,56977,232234
'17UI',11201,56977,235134
'17UI',11201,56977,241934
'17UI',11201,56977,244734
'17UI',11201,56977,251234
'17US',11201,56977,51334
'17US',11201,56977,53434
'17US',11201,56977,55434
'17US',11201,56977,61434
'17US',11201,56977,62634
'17US',11201,56977,63234
'17US',11201,56977,64034
'17US',11201,56977,64734
'17US',11201,56977,70051
'17US',11201,56977,70451
'17US',11201,56977,70851
'17US',11201,56977,71551
'17US',11201,56977,72251
'17US',11201,56977,72851
'17US',11201,56977,74051
'17US',11201,56977,74251
'17US',11201,56977,74551
'17US',11201,56977,74951
'17US',11201,56977,75851
'17US',11201,56977,80351
'17US',11201,56977,81251
'17US',11201,56977,82151
'17US',11201,56977,82934
'17US',11201,56977,84134
'17US',11201,56977,84834
'17US',11201,56977,91134
'17US',11201,56977,93334
'17US',11201,56977,95334
'17US',11201,56977,101334
'17US',11201,56977,103334
'17US',11201,56977,105334
'17US',11201,56977,111334
'17US',11201,56977,113334
'17US',11201,56977,115334
'17US',11201,56977,121334
'17US',11201,56977,123234
'17US',11201,56977,125234
'17US',11201,56977,131234
'17US',11201,56977,132934
'17US',11201,56977,134634
'17US',11201,56977,140434
'17US',11201,56977,142734
'17US',11201,56977,145034
'17US',11201,56977,151334
'17US',11201,56977,153934
'17US',11201,56977,161034
'17US',11201,56977,163434
'17US',11201,56977,165734
'17US',11201,56977,172234
'17US',11201,56977,174834
'17US',11201,56977,181734
'17US',11201,56977,184717
'17US',11201,56977,191617
'17US',11201,56977,194617
'17US',11201,56977,201617
'17US',11201,56977,204417
'17US',11201,56977,211317
'17US',11201,56977,214517
'17US',11201,56977,221717
'17US',11201,56977,224817
'17US',11201,56977,231917
'17US',11201,56977,234917
'17US',11201,56977,241917
'17US',11201,56977,244617
'17US',11201,56977,251317
'17UA',12304,56977,60853
'17UA',12304,56977,63953
'17UA',12304,56977,71053
'17UA',12304,56977,74125
'17UA',12304,56977,81257
'17UA',12304,56977,84457
'17UA',12304,56977,91457
'17UA',12304,56977,94457
'17UA',12304,56977,101657
'17UA',12304,56977,104857
'17UA',12304,56977,112057
'17UA',12304,56977,115057
'17UA',12304,56977,122057
'17UA',12304,56977,125057
'17UA',12304,56977,132057
'17UA',12304,56977,135057
'17UA',12304,56977,142057
'17UA',12304,56977,145057
'17UA',12304,56977,152057
'17UA',12304,56977,155057
'17UA',12304,56977,162057
'17UA',12304,56977,165057
'17UA',12304,56977,172057
'17UA',12304,56977,174857
'17UA',12304,56977,181457
'17UA',12304,56977,183757
'17UA',12304,56977,190057
'17UA',12304,56977,192357
'17UA',12304,56977,194657
'17UA',12304,56977,200957
'17UA',12304,56977,203357
'17UA',12304,56977,210357
'17UA',12304,56977,213357
'17UA',12304,56977,220357
'17UA',12304,56977,223325
'17UA',12304,56977,230525
'17UA',12304,56977,233725
'17UA',12304,56977,240925
'17UA',12304,56977,244125
'17UF1',12304,56977,60853
'17UF1',12304,56977,63953
'17UF1',12304,56977,71053
'17UF1',12304,56977,74125
'17UF1',12304,56977,81257
'17UF1',12304,56977,84457
'17UF1',12304,56977,91457
'17UF1',12304,56977,94457
'17UF1',12304,56977,101657
'17UF1',12304,56977,104857
'17UF1',12304,56977,112057
'17UF1',12304,56977,115057
'17UF1',12304,56977,122057
'17UF1',12304,56977,125057
'17UF1',12304,56977,132057
'17UF1',12304,56977,135057
'17UF1',12304,56977,142057
'17UF1',12304,56977,145057
'17UF1',12304,56977,152057
'17UF1',12304,56977,155057
'17UF1',12304,56977,162057
'17UF1',12304,56977,165057
'17UF1',12304,56977,172057
'17UF1',12304,56977,174857
'17UF1',12304,56977,181457
'17UF1',12304,56977,183757
'17UF1',12304,56977,190057
'17UF1',12304,56977,192357
'17UF1',12304,56977,194657
'17UF1',12304,56977,200957
'17UF1',12304,56977,203357
'17UF1',12304,56977,210357
'17UF1',12304,56977,213357
'17UF1',12304,56977,220357
'17UF1',12304,56977,223325
'17UF1',12304,56977,230525
'17UF1',12304,56977,233725
'17UF1',12304,56977,240925
'17UF1',12304,56977,244125
'17UF2',12304,56977,60853
'17UF2',12304,56977,63953
'17UF2',12304,56977,71053
'17UF2',12304,56977,74125
'17UF2',12304,56977,81257
'17UF2',12304,56977,84457
'17UF2',12304,56977,91457
'17UF2',12304,56977,94457
'17UF2',12304,56977,101657
'17UF2',12304,56977,104857
'17UF2',12304,56977,112057
'17UF2',12304,56977,115057
'17UF2',12304,56977,122057
'17UF2',12304,56977,125057
'17UF2',12304,56977,132057
'17UF2',12304,56977,135057
'17UF2',12304,56977,142057
'17UF2',12304,56977,145057
'17UF2',12304,56977,152057
'17UF2',12304,56977,155057
'17UF2',12304,56977,162057
'17UF2',12304,56977,165057
'17UF2',12304,56977,172057
'17UF2',12304,56977,174857
'17UF2',12304,56977,181457
'17UF2',12304,56977,183757
'17UF2',12304,56977,190057
'17UF2',12304,56977,192357
'17UF2',12304,56977,194657
'17UF2',12304,56977,200957
'17UF2',12304,56977,203357
'17UF2',12304,56977,210357
'17UF2',12304,56977,213357
'17UF2',12304,56977,220357
'17UF2',12304,56977,223325
'17UF2',12304,56977,230525
'17UF2',12304,56977,233725
'17UF2',12304,56977,240925
'17UF2',12304,56977,244125
'17UI',12304,56977,60725
'17UI',12304,56977,63825
'17UI',12304,56977,70925
'17UI',12304,56977,74025
'17UI',12304,56977,81125
'17UI',12304,56977,84225
'17UI',12304,56977,91325
'17UI',12304,56977,94829
'17UI',12304,56977,102329
'17UI',12304,56977,105829
'17UI',12304,56977,113329
'17UI',12304,56977,120829
'17UI',12304,56977,124329
'17UI',12304,56977,131829
'17UI',12304,56977,135329
'17UI',12304,56977,142829
'17UI',12304,56977,150329
'17UI',12304,56977,153829
'17UI',12304,56977,161329
'17UI',12304,56977,164829
'17UI',12304,56977,172329
'17UI',12304,56977,175829
'17UI',12304,56977,183229
'17UI',12304,56977,190629
'17UI',12304,56977,194029
'17UI',12304,56977,201429
'17UI',12304,56977,204829
'17UI',12304,56977,212229
'17UI',12304,56977,215225
'17UI',12304,56977,222625
'17UI',12304,56977,225925
'17UI',12304,56977,233025
'17UI',12304,56977,240225
'17UI',12304,56977,243325
'17UI',12304,56977,250525
'17US',12304,56977,55025
'17US',12304,56977,61525
'17US',12304,56977,63657
'17US',12304,56977,70357
'17US',12304,56977,73529
'17US',12304,56977,80529
'17US',12304,56977,83529
'17US',12304,56977,90457
'17US',12304,56977,93257
'17US',12304,56977,100257
'17US',12304,56977,103257
'17US',12304,56977,110257
'17US',12304,56977,113257
'17US',12304,56977,120257
'17US',12304,56977,123429
'17US',12304,56977,130529
'17US',12304,56977,133529
'17US',12304,56977,135729
'17US',12304,56977,141929
'17US',12304,56977,144129
'17US',12304,56977,150329
'17US',12304,56977,152929
'17US',12304,56977,160202
'17US',12304,56977,163402
'17US',12304,56977,165729
'17US',12304,56977,172029
'17US',12304,56977,174329
'17US',12304,56977,180629
'17US',12304,56977,183029
'17US',12304,56977,185357
'17US',12304,56977,191957
'17US',12304,56977,194457
'17US',12304,56977,200857
'17US',12304,56977,203957
'17US',12304,56977,211157
'17US',12304,56977,214457
'17US',12304,56977,221757
'17US',12304,56977,224957
'17US',12304,56977,231957
'17US',12304,56977,234957
'17US',12304,56977,242157
'17US',12304,56977,245357
'17UA',35001,56977,250806
'17UA',35001,56977,255906
'17UA',35001,56977,265006
'17UA',35001,56977,273706
'17UA',35001,56977,282306
'17UF1',35001,56977,250806
'17UF1',35001,56977,255906
'17UF1',35001,56977,265006
'17UF1',35001,56977,273706
'17UF1',35001,56977,282306
'17UF2',35001,56977,250806
'17UF2',35001,56977,255906
'17UF2',35001,56977,265006
'17UF2',35001,56977,273706
'17UF2',35001,56977,282306
'17UI',35001,56977,250835
'17UI',35001,56977,255435
'17UI',35001,56977,264135
'17UI',35001,56977,272835
'17UI',35001,56977,281506
'17US',35001,56977,250904
'17US',35001,56977,255535
'17US',35001,56977,264335
'17US',35001,56977,273035
'17US',35001,56977,281635
