'16NA',16401,50286,55800
'16NA',16401,50286,63500
'16NA',16401,50286,71200
'16NA',16401,50286,74900
'16NA',16401,50286,82300
'16NA',16401,50286,85300
'16NA',16401,50286,92300
'16NA',16401,50286,95500
'16NA',16401,50286,102500
'16NA',16401,50286,105500
'16NA',16401,50286,112550
'16NA',16401,50286,115350
'16NA',16401,50286,122050
'16NA',16401,50286,124750
'16NA',16401,50286,131450
'16NA',16401,50286,133950
'16NA',16401,50286,140450
'16NA',16401,50286,143250
'16NA',16401,50286,150250
'16NA',16401,50286,153250
'16NA',16401,50286,160150
'16NA',16401,50286,163250
'16NA',16401,50286,170350
'16NA',16401,50286,173450
'16NA',16401,50286,180550
'16NA',16401,50286,183650
'16NA',16401,50286,190750
'16NA',16401,50286,193750
'16NA',16401,50286,200700
'16NA',16401,50286,203700
'16NA',16401,50286,210700
'16NA',16401,50286,213700
'16NA',16401,50286,220700
'16NA',16401,50286,223700
'16NA',16401,50286,230800
'16NA',16401,50286,233900
'16NA',16401,50286,241000
'16NA',16401,50286,244200
'16NA',16401,50286,251400
'16NA',16401,50286,254600
'16NF1',16401,50286,55510
'16NF1',16401,50286,63210
'16NF1',16401,50286,71110
'16NF1',16401,50286,74810
'16NF1',16401,50286,82510
'16NF1',16401,50286,90300
'16NF1',16401,50286,94200
'16NF1',16401,50286,101900
'16NF1',16401,50286,105000
'16NF1',16401,50286,112100
'16NF1',16401,50286,115100
'16NF1',16401,50286,121900
'16NF1',16401,50286,124850
'16NF1',16401,50286,131841
'16NF1',16401,50286,134741
'16NF1',16401,50286,141741
'16NF1',16401,50286,144641
'16NF1',16401,50286,151541
'16NF1',16401,50286,154350
'16NF1',16401,50286,161250
'16NF1',16401,50286,164150
'16NF1',16401,50286,171050
'16NF1',16401,50286,173950
'16NF1',16401,50286,180750
'16NF1',16401,50286,183500
'16NF1',16401,50286,190300
'16NF1',16401,50286,193200
'16NF1',16401,50286,200000
'16NF1',16401,50286,202800
'16NF1',16401,50286,205700
'16NF1',16401,50286,212700
'16NF1',16401,50286,215700
'16NF1',16401,50286,222700
'16NF1',16401,50286,225710
'16NF1',16401,50286,232910
'16NF1',16401,50286,240010
'16NF1',16401,50286,243510
'16NF1',16401,50286,251010
'16NF2',16401,50286,55800
'16NF2',16401,50286,63500
'16NF2',16401,50286,71200
'16NF2',16401,50286,74900
'16NF2',16401,50286,82300
'16NF2',16401,50286,85300
'16NF2',16401,50286,92300
'16NF2',16401,50286,95500
'16NF2',16401,50286,102500
'16NF2',16401,50286,105500
'16NF2',16401,50286,112550
'16NF2',16401,50286,115350
'16NF2',16401,50286,122050
'16NF2',16401,50286,124750
'16NF2',16401,50286,131450
'16NF2',16401,50286,133950
'16NF2',16401,50286,140450
'16NF2',16401,50286,143250
'16NF2',16401,50286,150250
'16NF2',16401,50286,153250
'16NF2',16401,50286,160150
'16NF2',16401,50286,163250
'16NF2',16401,50286,170350
'16NF2',16401,50286,173450
'16NF2',16401,50286,180550
'16NF2',16401,50286,183650
'16NF2',16401,50286,190750
'16NF2',16401,50286,193750
'16NF2',16401,50286,200700
'16NF2',16401,50286,203700
'16NF2',16401,50286,210700
'16NF2',16401,50286,213700
'16NF2',16401,50286,220700
'16NF2',16401,50286,223700
'16NF2',16401,50286,230800
'16NF2',16401,50286,233900
'16NF2',16401,50286,241000
'16NF2',16401,50286,244200
'16NF2',16401,50286,251010
'16NF3',16401,50286,55510
'16NF3',16401,50286,63210
'16NF3',16401,50286,71110
'16NF3',16401,50286,74810
'16NF3',16401,50286,82510
'16NF3',16401,50286,90300
'16NF3',16401,50286,94200
'16NF3',16401,50286,101900
'16NF3',16401,50286,105000
'16NF3',16401,50286,112100
'16NF3',16401,50286,115100
'16NF3',16401,50286,121900
'16NF3',16401,50286,124850
'16NF3',16401,50286,131841
'16NF3',16401,50286,134741
'16NF3',16401,50286,141741
'16NF3',16401,50286,144641
'16NF3',16401,50286,151541
'16NF3',16401,50286,154350
'16NF3',16401,50286,161250
'16NF3',16401,50286,164150
'16NF3',16401,50286,171050
'16NF3',16401,50286,173950
'16NF3',16401,50286,180750
'16NF3',16401,50286,183500
'16NF3',16401,50286,190300
'16NF3',16401,50286,193200
'16NF3',16401,50286,200000
'16NF3',16401,50286,202800
'16NF3',16401,50286,205700
'16NF3',16401,50286,212700
'16NF3',16401,50286,215700
'16NF3',16401,50286,222700
'16NF3',16401,50286,225710
'16NF3',16401,50286,232910
'16NF3',16401,50286,240010
'16NF3',16401,50286,243510
'16NF3',16401,50286,251010
'16NF4',16401,50286,55800
'16NF4',16401,50286,63500
'16NF4',16401,50286,71200
'16NF4',16401,50286,74900
'16NF4',16401,50286,82300
'16NF4',16401,50286,85300
'16NF4',16401,50286,92300
'16NF4',16401,50286,95500
'16NF4',16401,50286,102500
'16NF4',16401,50286,105500
'16NF4',16401,50286,112550
'16NF4',16401,50286,115350
'16NF4',16401,50286,122050
'16NF4',16401,50286,124750
'16NF4',16401,50286,131450
'16NF4',16401,50286,133950
'16NF4',16401,50286,140450
'16NF4',16401,50286,143250
'16NF4',16401,50286,150250
'16NF4',16401,50286,153250
'16NF4',16401,50286,160150
'16NF4',16401,50286,163250
'16NF4',16401,50286,170350
'16NF4',16401,50286,173450
'16NF4',16401,50286,180550
'16NF4',16401,50286,183650
'16NF4',16401,50286,190750
'16NF4',16401,50286,193750
'16NF4',16401,50286,200700
'16NF4',16401,50286,203700
'16NF4',16401,50286,210700
'16NF4',16401,50286,213700
'16NF4',16401,50286,220700
'16NF4',16401,50286,223700
'16NF4',16401,50286,230800
'16NF4',16401,50286,233900
'16NF4',16401,50286,241000
'16NF4',16401,50286,244200
'16NF4',16401,50286,251010
'16NI',16401,50286,55510
'16NI',16401,50286,63210
'16NI',16401,50286,71110
'16NI',16401,50286,74810
'16NI',16401,50286,82510
'16NI',16401,50286,90300
'16NI',16401,50286,94200
'16NI',16401,50286,101900
'16NI',16401,50286,105000
'16NI',16401,50286,112100
'16NI',16401,50286,115100
'16NI',16401,50286,121900
'16NI',16401,50286,124850
'16NI',16401,50286,131841
'16NI',16401,50286,134741
'16NI',16401,50286,141741
'16NI',16401,50286,144641
'16NI',16401,50286,151541
'16NI',16401,50286,154350
'16NI',16401,50286,161250
'16NI',16401,50286,164150
'16NI',16401,50286,171050
'16NI',16401,50286,173950
'16NI',16401,50286,180750
'16NI',16401,50286,183500
'16NI',16401,50286,190300
'16NI',16401,50286,193200
'16NI',16401,50286,200000
'16NI',16401,50286,202800
'16NI',16401,50286,205700
'16NI',16401,50286,212700
'16NI',16401,50286,215700
'16NI',16401,50286,222700
'16NI',16401,50286,225710
'16NI',16401,50286,232910
'16NI',16401,50286,240010
'16NI',16401,50286,243510
'16NI',16401,50286,251010
'16NS',16401,50286,55550
'16NS',16401,50286,61650
'16NS',16401,50286,63100
'16NS',16401,50286,64841
'16NS',16401,50286,70141
'16NS',16401,50286,71441
'16NS',16401,50286,72521
'16NS',16401,50286,73521
'16NS',16401,50286,74221
'16NS',16401,50286,74911
'16NS',16401,50286,75521
'16NS',16401,50286,80421
'16NS',16401,50286,81231
'16NS',16401,50286,82031
'16NS',16401,50286,83031
'16NS',16401,50286,84531
'16NS',16401,50286,90031
'16NS',16401,50286,91431
'16NS',16401,50286,92831
'16NS',16401,50286,94741
'16NS',16401,50286,100641
'16NS',16401,50286,102641
'16NS',16401,50286,104641
'16NS',16401,50286,105941
'16NS',16401,50286,111241
'16NS',16401,50286,112841
'16NS',16401,50286,114641
'16NS',16401,50286,120541
'16NS',16401,50286,122541
'16NS',16401,50286,124641
'16NS',16401,50286,130741
'16NS',16401,50286,132941
'16NS',16401,50286,135141
'16NS',16401,50286,141341
'16NS',16401,50286,143441
'16NS',16401,50286,145541
'16NS',16401,50286,151441
'16NS',16401,50286,152431
'16NS',16401,50286,153731
'16NS',16401,50286,155821
'16NS',16401,50286,162221
'16NS',16401,50286,164421
'16NS',16401,50286,170621
'16NS',16401,50286,172821
'16NS',16401,50286,175121
'16NS',16401,50286,181231
'16NS',16401,50286,183350
'16NS',16401,50286,185800
'16NS',16401,50286,192800
'16NS',16401,50286,195710
'16NS',16401,50286,202810
'16NS',16401,50286,210110
'16NS',16401,50286,213610
'16NS',16401,50286,221110
'16NS',16401,50286,224410
'16NS',16401,50286,232010
'16NS',16401,50286,235710
'16NS',16401,50286,243410
'16NS',16401,50286,251410
'16NA',17101,50286,51948
'16NA',17101,50286,54948
'16NA',17101,50286,62048
'16NA',17101,50286,65248
'16NA',17101,50286,72501
'16NA',17101,50286,75901
'16NA',17101,50286,83001
'16NA',17101,50286,90001
'16NA',17101,50286,93101
'16NA',17101,50286,100401
'16NA',17101,50286,103501
'16NA',17101,50286,110701
'16NA',17101,50286,113801
'16NA',17101,50286,120601
'16NA',17101,50286,122801
'16NA',17101,50286,124701
'16NA',17101,50286,130701
'16NA',17101,50286,132801
'16NA',17101,50286,134801
'16NA',17101,50286,140801
'16NA',17101,50286,142801
'16NA',17101,50286,145101
'16NA',17101,50286,151301
'16NA',17101,50286,152801
'16NA',17101,50286,154301
'16NA',17101,50286,155801
'16NA',17101,50286,161301
'16NA',17101,50286,162801
'16NA',17101,50286,164001
'16NA',17101,50286,165201
'16NA',17101,50286,170401
'16NA',17101,50286,171601
'16NA',17101,50286,172801
'16NA',17101,50286,173901
'16NA',17101,50286,174824
'16NA',17101,50286,175924
'16NA',17101,50286,181124
'16NA',17101,50286,182524
'16NA',17101,50286,184524
'16NA',17101,50286,190524
'16NA',17101,50286,192524
'16NA',17101,50286,195024
'16NA',17101,50286,202024
'16NA',17101,50286,205024
'16NA',17101,50286,212024
'16NA',17101,50286,214924
'16NA',17101,50286,221924
'16NA',17101,50286,224924
'16NA',17101,50286,231924
'16NA',17101,50286,234512
'16NA',17101,50286,241512
'16NA',17101,50286,244412
'16NA',17101,50286,251512
'16NA',17101,50286,254712
'16NF1',17101,50286,51948
'16NF1',17101,50286,54948
'16NF1',17101,50286,62048
'16NF1',17101,50286,65248
'16NF1',17101,50286,72501
'16NF1',17101,50286,75901
'16NF1',17101,50286,83001
'16NF1',17101,50286,90001
'16NF1',17101,50286,93101
'16NF1',17101,50286,100401
'16NF1',17101,50286,103501
'16NF1',17101,50286,110701
'16NF1',17101,50286,113801
'16NF1',17101,50286,120601
'16NF1',17101,50286,122801
'16NF1',17101,50286,124701
'16NF1',17101,50286,130701
'16NF1',17101,50286,132801
'16NF1',17101,50286,134801
'16NF1',17101,50286,140801
'16NF1',17101,50286,142801
'16NF1',17101,50286,145101
'16NF1',17101,50286,151301
'16NF1',17101,50286,152801
'16NF1',17101,50286,154301
'16NF1',17101,50286,155801
'16NF1',17101,50286,161301
'16NF1',17101,50286,162801
'16NF1',17101,50286,164001
'16NF1',17101,50286,165201
'16NF1',17101,50286,170401
'16NF1',17101,50286,171601
'16NF1',17101,50286,172801
'16NF1',17101,50286,173901
'16NF1',17101,50286,174824
'16NF1',17101,50286,175924
'16NF1',17101,50286,181124
'16NF1',17101,50286,182524
'16NF1',17101,50286,184524
'16NF1',17101,50286,190524
'16NF1',17101,50286,192524
'16NF1',17101,50286,195024
'16NF1',17101,50286,202024
'16NF1',17101,50286,205024
'16NF1',17101,50286,212024
'16NF1',17101,50286,214924
'16NF1',17101,50286,221924
'16NF1',17101,50286,224924
'16NF1',17101,50286,231924
'16NF1',17101,50286,234512
'16NF1',17101,50286,241512
'16NF1',17101,50286,244412
'16NF1',17101,50286,251512
'16NF1',17101,50286,254712
'16NF2',17101,50286,51948
'16NF2',17101,50286,54948
'16NF2',17101,50286,62048
'16NF2',17101,50286,65248
'16NF2',17101,50286,72501
'16NF2',17101,50286,75901
'16NF2',17101,50286,83001
'16NF2',17101,50286,90001
'16NF2',17101,50286,93101
'16NF2',17101,50286,100401
'16NF2',17101,50286,103501
'16NF2',17101,50286,110701
'16NF2',17101,50286,113801
'16NF2',17101,50286,120601
'16NF2',17101,50286,122801
'16NF2',17101,50286,124701
'16NF2',17101,50286,130701
'16NF2',17101,50286,132801
'16NF2',17101,50286,134801
'16NF2',17101,50286,140801
'16NF2',17101,50286,142801
'16NF2',17101,50286,145101
'16NF2',17101,50286,151301
'16NF2',17101,50286,152801
'16NF2',17101,50286,154301
'16NF2',17101,50286,155801
'16NF2',17101,50286,161301
'16NF2',17101,50286,162801
'16NF2',17101,50286,164001
'16NF2',17101,50286,165201
'16NF2',17101,50286,170401
'16NF2',17101,50286,171601
'16NF2',17101,50286,172801
'16NF2',17101,50286,173901
'16NF2',17101,50286,174824
'16NF2',17101,50286,175924
'16NF2',17101,50286,181124
'16NF2',17101,50286,182524
'16NF2',17101,50286,184524
'16NF2',17101,50286,190524
'16NF2',17101,50286,192524
'16NF2',17101,50286,195024
'16NF2',17101,50286,202024
'16NF2',17101,50286,205024
'16NF2',17101,50286,212024
'16NF2',17101,50286,214924
'16NF2',17101,50286,221924
'16NF2',17101,50286,224924
'16NF2',17101,50286,231924
'16NF2',17101,50286,234512
'16NF2',17101,50286,241512
'16NF2',17101,50286,244412
'16NF2',17101,50286,251512
'16NF2',17101,50286,254712
'16NF3',17101,50286,51948
'16NF3',17101,50286,54948
'16NF3',17101,50286,62048
'16NF3',17101,50286,65248
'16NF3',17101,50286,72501
'16NF3',17101,50286,75901
'16NF3',17101,50286,83001
'16NF3',17101,50286,90001
'16NF3',17101,50286,93101
'16NF3',17101,50286,100401
'16NF3',17101,50286,103501
'16NF3',17101,50286,110701
'16NF3',17101,50286,113801
'16NF3',17101,50286,120601
'16NF3',17101,50286,122801
'16NF3',17101,50286,124701
'16NF3',17101,50286,130701
'16NF3',17101,50286,132801
'16NF3',17101,50286,134801
'16NF3',17101,50286,140801
'16NF3',17101,50286,142801
'16NF3',17101,50286,145101
'16NF3',17101,50286,151301
'16NF3',17101,50286,152801
'16NF3',17101,50286,154301
'16NF3',17101,50286,155801
'16NF3',17101,50286,161301
'16NF3',17101,50286,162801
'16NF3',17101,50286,164001
'16NF3',17101,50286,165201
'16NF3',17101,50286,170401
'16NF3',17101,50286,171601
'16NF3',17101,50286,172801
'16NF3',17101,50286,173901
'16NF3',17101,50286,174824
'16NF3',17101,50286,175924
'16NF3',17101,50286,181124
'16NF3',17101,50286,182524
'16NF3',17101,50286,184524
'16NF3',17101,50286,190524
'16NF3',17101,50286,192524
'16NF3',17101,50286,195024
'16NF3',17101,50286,202024
'16NF3',17101,50286,205024
'16NF3',17101,50286,212024
'16NF3',17101,50286,214924
'16NF3',17101,50286,221924
'16NF3',17101,50286,224924
'16NF3',17101,50286,231924
'16NF3',17101,50286,234512
'16NF3',17101,50286,241512
'16NF3',17101,50286,244412
'16NF3',17101,50286,251512
'16NF3',17101,50286,254712
'16NF4',17101,50286,51948
'16NF4',17101,50286,54948
'16NF4',17101,50286,62048
'16NF4',17101,50286,65248
'16NF4',17101,50286,72501
'16NF4',17101,50286,75901
'16NF4',17101,50286,83001
'16NF4',17101,50286,90001
'16NF4',17101,50286,93101
'16NF4',17101,50286,100401
'16NF4',17101,50286,103501
'16NF4',17101,50286,110701
'16NF4',17101,50286,113801
'16NF4',17101,50286,120601
'16NF4',17101,50286,122801
'16NF4',17101,50286,124701
'16NF4',17101,50286,130701
'16NF4',17101,50286,132801
'16NF4',17101,50286,134801
'16NF4',17101,50286,140801
'16NF4',17101,50286,142801
'16NF4',17101,50286,145101
'16NF4',17101,50286,151301
'16NF4',17101,50286,152801
'16NF4',17101,50286,154301
'16NF4',17101,50286,155801
'16NF4',17101,50286,161301
'16NF4',17101,50286,162801
'16NF4',17101,50286,164001
'16NF4',17101,50286,165201
'16NF4',17101,50286,170401
'16NF4',17101,50286,171601
'16NF4',17101,50286,172801
'16NF4',17101,50286,173901
'16NF4',17101,50286,174824
'16NF4',17101,50286,175924
'16NF4',17101,50286,181124
'16NF4',17101,50286,182524
'16NF4',17101,50286,184524
'16NF4',17101,50286,190524
'16NF4',17101,50286,192524
'16NF4',17101,50286,195024
'16NF4',17101,50286,202024
'16NF4',17101,50286,205024
'16NF4',17101,50286,212024
'16NF4',17101,50286,214924
'16NF4',17101,50286,221924
'16NF4',17101,50286,224924
'16NF4',17101,50286,231924
'16NF4',17101,50286,234512
'16NF4',17101,50286,241512
'16NF4',17101,50286,244412
'16NF4',17101,50286,251512
'16NF4',17101,50286,254712
'16NI',17101,50286,51948
'16NI',17101,50286,55048
'16NI',17101,50286,62148
'16NI',17101,50286,65348
'16NI',17101,50286,72548
'16NI',17101,50286,75924
'16NI',17101,50286,83224
'16NI',17101,50286,90524
'16NI',17101,50286,93824
'16NI',17101,50286,101324
'16NI',17101,50286,104724
'16NI',17101,50286,112024
'16NI',17101,50286,115324
'16NI',17101,50286,122624
'16NI',17101,50286,125424
'16NI',17101,50286,132024
'16NI',17101,50286,134624
'16NI',17101,50286,141224
'16NI',17101,50286,143824
'16NI',17101,50286,150424
'16NI',17101,50286,153024
'16NI',17101,50286,154924
'16NI',17101,50286,160824
'16NI',17101,50286,162724
'16NI',17101,50286,164624
'16NI',17101,50286,170624
'16NI',17101,50286,172624
'16NI',17101,50286,174124
'16NI',17101,50286,175624
'16NI',17101,50286,181124
'16NI',17101,50286,182724
'16NI',17101,50286,184424
'16NI',17101,50286,191124
'16NI',17101,50286,194224
'16NI',17101,50286,201324
'16NI',17101,50286,204524
'16NI',17101,50286,211824
'16NI',17101,50286,215024
'16NI',17101,50286,222224
'16NI',17101,50286,224948
'16NI',17101,50286,232048
'16NI',17101,50286,235248
'16NI',17101,50286,242348
'16NI',17101,50286,245248
'16NI',17101,50286,252048
'16NS',17101,50286,51924
'16NS',17101,50286,54924
'16NS',17101,50286,62301
'16NS',17101,50286,65237
'16NS',17101,50286,72013
'16NS',17101,50286,73013
'16NS',17101,50286,74113
'16NS',17101,50286,75013
'16NS',17101,50286,80613
'16NS',17101,50286,82113
'16NS',17101,50286,83513
'16NS',17101,50286,85837
'16NS',17101,50286,92537
'16NS',17101,50286,95137
'16NS',17101,50286,101737
'16NS',17101,50286,103537
'16NS',17101,50286,105437
'16NS',17101,50286,111437
'16NS',17101,50286,113037
'16NS',17101,50286,114537
'16NS',17101,50286,120037
'16NS',17101,50286,121437
'16NS',17101,50286,122537
'16NS',17101,50286,123537
'16NS',17101,50286,124537
'16NS',17101,50286,125537
'16NS',17101,50286,130537
'16NS',17101,50286,131537
'16NS',17101,50286,132537
'16NS',17101,50286,133537
'16NS',17101,50286,134537
'16NS',17101,50286,135537
'16NS',17101,50286,140537
'16NS',17101,50286,141537
'16NS',17101,50286,142537
'16NS',17101,50286,143537
'16NS',17101,50286,144337
'16NS',17101,50286,145237
'16NS',17101,50286,150237
'16NS',17101,50286,151037
'16NS',17101,50286,152037
'16NS',17101,50286,152837
'16NS',17101,50286,153637
'16NS',17101,50286,154337
'16NS',17101,50286,155037
'16NS',17101,50286,155837
'16NS',17101,50286,160537
'16NS',17101,50286,161337
'16NS',17101,50286,162137
'16NS',17101,50286,162837
'16NS',17101,50286,163537
'16NS',17101,50286,164137
'16NS',17101,50286,164637
'16NS',17101,50286,165237
'16NS',17101,50286,165837
'16NS',17101,50286,170637
'16NS',17101,50286,171537
'16NS',17101,50286,172237
'16NS',17101,50286,172937
'16NS',17101,50286,173537
'16NS',17101,50286,174337
'16NS',17101,50286,175137
'16NS',17101,50286,175737
'16NS',17101,50286,180337
'16NS',17101,50286,180837
'16NS',17101,50286,181537
'16NS',17101,50286,182337
'16NS',17101,50286,183037
'16NS',17101,50286,184037
'16NS',17101,50286,184837
'16NS',17101,50286,185837
'16NS',17101,50286,190837
'16NS',17101,50286,191801
'16NS',17101,50286,192601
'16NS',17101,50286,193601
'16NS',17101,50286,194601
'16NS',17101,50286,195601
'16NS',17101,50286,200601
'16NS',17101,50286,201601
'16NS',17101,50286,202601
'16NS',17101,50286,203601
'16NS',17101,50286,204601
'16NS',17101,50286,205601
'16NS',17101,50286,210601
'16NS',17101,50286,211601
'16NS',17101,50286,213001
'16NS',17101,50286,214401
'16NS',17101,50286,215801
'16NS',17101,50286,221301
'16NS',17101,50286,222801
'16NS',17101,50286,223924
'16NS',17101,50286,225324
'16NS',17101,50286,230724
'16NS',17101,50286,232824
'16NS',17101,50286,234824
'16NS',17101,50286,242124
'16NS',17101,50286,244824
'16NS',17101,50286,252024
'16NA',38001,50286,261809
'16NA',38001,50286,270446
'16NA',38001,50286,274946
'16NA',38001,50286,283446
'16NF1',38001,50286,254120
'16NF1',38001,50286,262620
'16NF1',38001,50286,271120
'16NF1',38001,50286,275620
'16NF1',38001,50286,284120
'16NF2',38001,50286,261809
'16NF2',38001,50286,270446
'16NF2',38001,50286,274946
'16NF2',38001,50286,283446
'16NF3',38001,50286,254120
'16NF3',38001,50286,262620
'16NF3',38001,50286,271120
'16NF3',38001,50286,275620
'16NF3',38001,50286,284120
'16NF4',38001,50286,261809
'16NF4',38001,50286,270446
'16NF4',38001,50286,274946
'16NF4',38001,50286,283446
'16NI',38001,50286,252820
'16NI',38001,50286,261320
'16NI',38001,50286,265643
'16NI',38001,50286,274143
'16NI',38001,50286,282643
'16NS',38001,50286,254320
'16NS',38001,50286,262620
'16NS',38001,50286,271120
'16NS',38001,50286,275620
'16NS',38001,50286,284120
