'16UA',1703,50591,50626
'16UA',1703,50591,55526
'16UA',1703,50591,63326
'16UA',1703,50591,71026
'16UA',1703,50591,75026
'16UA',1703,50591,82826
'16UA',1703,50591,91226
'16UA',1703,50591,95326
'16UA',1703,50591,103726
'16UA',1703,50591,112126
'16UA',1703,50591,120832
'16UA',1703,50591,125432
'16UA',1703,50591,133832
'16UA',1703,50591,142332
'16UA',1703,50591,150532
'16UA',1703,50591,155032
'16UA',1703,50591,163132
'16UA',1703,50591,171329
'16UA',1703,50591,175429
'16UA',1703,50591,183229
'16UA',1703,50591,191129
'16UA',1703,50591,194929
'16UA',1703,50591,202629
'16UA',1703,50591,210429
'16UA',1703,50591,214129
'16UA',1703,50591,221929
'16UA',1703,50591,225629
'16UA',1703,50591,233429
'16UA',1703,50591,241129
'16UA',1703,50591,245329
'16UF1',1703,50591,51326
'16UF1',1703,50591,55426
'16UF1',1703,50591,62826
'16UF1',1703,50591,70526
'16UF1',1703,50591,74126
'16UF1',1703,50591,81726
'16UF1',1703,50591,85732
'16UF1',1703,50591,93732
'16UF1',1703,50591,101732
'16UF1',1703,50591,105832
'16UF1',1703,50591,114132
'16UF1',1703,50591,122432
'16UF1',1703,50591,130832
'16UF1',1703,50591,135232
'16UF1',1703,50591,143732
'16UF1',1703,50591,152232
'16UF1',1703,50591,160532
'16UF1',1703,50591,165032
'16UF1',1703,50591,173432
'16UF1',1703,50591,181732
'16UF1',1703,50591,185726
'16UF1',1703,50591,194026
'16UF1',1703,50591,201726
'16UF1',1703,50591,205426
'16UF1',1703,50591,213126
'16UF1',1703,50591,220726
'16UF1',1703,50591,224326
'16UF1',1703,50591,231726
'16UF1',1703,50591,234926
'16UF1',1703,50591,242126
'16UF1',1703,50591,245126
'16UF2',1703,50591,51326
'16UF2',1703,50591,55426
'16UF2',1703,50591,62826
'16UF2',1703,50591,70526
'16UF2',1703,50591,74126
'16UF2',1703,50591,81726
'16UF2',1703,50591,85732
'16UF2',1703,50591,93732
'16UF2',1703,50591,101732
'16UF2',1703,50591,105832
'16UF2',1703,50591,114132
'16UF2',1703,50591,122432
'16UF2',1703,50591,130832
'16UF2',1703,50591,135232
'16UF2',1703,50591,143732
'16UF2',1703,50591,152232
'16UF2',1703,50591,160532
'16UF2',1703,50591,165032
'16UF2',1703,50591,173432
'16UF2',1703,50591,181732
'16UF2',1703,50591,185726
'16UF2',1703,50591,194026
'16UF2',1703,50591,201726
'16UF2',1703,50591,205426
'16UF2',1703,50591,213126
'16UF2',1703,50591,220726
'16UF2',1703,50591,224326
'16UF2',1703,50591,231726
'16UF2',1703,50591,234926
'16UF2',1703,50591,242126
'16UF2',1703,50591,245126
'16UI',1703,50591,51326
'16UI',1703,50591,55426
'16UI',1703,50591,62826
'16UI',1703,50591,70526
'16UI',1703,50591,74126
'16UI',1703,50591,81726
'16UI',1703,50591,85732
'16UI',1703,50591,93732
'16UI',1703,50591,101732
'16UI',1703,50591,105832
'16UI',1703,50591,114132
'16UI',1703,50591,122432
'16UI',1703,50591,130832
'16UI',1703,50591,135232
'16UI',1703,50591,143732
'16UI',1703,50591,152232
'16UI',1703,50591,160532
'16UI',1703,50591,165032
'16UI',1703,50591,173432
'16UI',1703,50591,181732
'16UI',1703,50591,185726
'16UI',1703,50591,194026
'16UI',1703,50591,201726
'16UI',1703,50591,205426
'16UI',1703,50591,213126
'16UI',1703,50591,220726
'16UI',1703,50591,224326
'16UI',1703,50591,231726
'16UI',1703,50591,234926
'16UI',1703,50591,242126
'16UI',1703,50591,245126
'16US',1703,50591,51032
'16US',1703,50591,53732
'16US',1703,50591,60632
'16US',1703,50591,63832
'16US',1703,50591,70932
'16US',1703,50591,74238
'16US',1703,50591,81838
'16US',1703,50591,85438
'16US',1703,50591,92938
'16US',1703,50591,100438
'16US',1703,50591,103838
'16US',1703,50591,111038
'16US',1703,50591,114338
'16US',1703,50591,121738
'16US',1703,50591,125138
'16US',1703,50591,132538
'16US',1703,50591,135938
'16US',1703,50591,143440
'16US',1703,50591,150840
'16US',1703,50591,154143
'16US',1703,50591,161343
'16US',1703,50591,164443
'16US',1703,50591,171343
'16US',1703,50591,174443
'16US',1703,50591,181640
'16US',1703,50591,184638
'16US',1703,50591,191632
'16US',1703,50591,194832
'16US',1703,50591,202032
'16US',1703,50591,205232
'16US',1703,50591,212432
'16US',1703,50591,215732
'16US',1703,50591,223332
'16US',1703,50591,230726
'16US',1703,50591,234326
'16US',1703,50591,241826
'16US',1703,50591,245326
'16UA',37103,50591,255304
'16UA',37103,50591,262304
'16UA',37103,50591,265304
'16UA',37103,50591,272304
'16UA',37103,50591,275350
'16UA',37103,50591,282350
'16UA',37103,50591,285350
'16UF1',37103,50591,255104
'16UF1',37103,50591,262204
'16UF1',37103,50591,265204
'16UF1',37103,50591,272204
'16UF1',37103,50591,275204
'16UF1',37103,50591,282204
'16UF1',37103,50591,285204
'16UF2',37103,50591,255104
'16UF2',37103,50591,262204
'16UF2',37103,50591,265204
'16UF2',37103,50591,272204
'16UF2',37103,50591,275204
'16UF2',37103,50591,282204
'16UF2',37103,50591,285204
'16UI',37103,50591,255104
'16UI',37103,50591,262204
'16UI',37103,50591,265204
'16UI',37103,50591,272204
'16UI',37103,50591,275204
'16UI',37103,50591,282204
'16UI',37103,50591,285204
'16US',37103,50591,255204
'16US',37103,50591,262204
'16US',37103,50591,265204
'16US',37103,50591,272204
'16US',37103,50591,275204
'16US',37103,50591,282204
'16US',37103,50591,285204
