'17NA',7001,59636,81707
'17NA',7001,59636,85207
'17NA',7001,59636,92707
'17NA',7001,59636,100207
'17NA',7001,59636,103707
'17NA',7001,59636,111207
'17NA',7001,59636,114707
'17NA',7001,59636,122207
'17NA',7001,59636,125707
'17NA',7001,59636,133207
'17NA',7001,59636,140707
'17NA',7001,59636,144207
'17NA',7001,59636,151707
'17NA',7001,59636,155207
'17NA',7001,59636,162707
'17NA',7001,59636,170207
'17NA',7001,59636,173707
'17NA',7001,59636,180607
'17NA',7001,59636,184807
'17NA',7001,59636,192307
'17NA',7001,59636,195707
'17NA',7001,59636,203207
'17NA',7001,59636,210707
'17NA',7001,59636,214207
'17NA',7001,59636,221707
'17NA',7001,59636,225207
'17NA',7001,59636,232707
'17NA',7001,59636,240207
'17NA',7001,59636,243707
'17NF1',7001,59636,81707
'17NF1',7001,59636,85207
'17NF1',7001,59636,92707
'17NF1',7001,59636,100207
'17NF1',7001,59636,103707
'17NF1',7001,59636,111207
'17NF1',7001,59636,114707
'17NF1',7001,59636,122107
'17NF1',7001,59636,125507
'17NF1',7001,59636,133007
'17NF1',7001,59636,140607
'17NF1',7001,59636,144207
'17NF1',7001,59636,151707
'17NF1',7001,59636,155207
'17NF1',7001,59636,162707
'17NF1',7001,59636,170207
'17NF1',7001,59636,173707
'17NF1',7001,59636,181207
'17NF1',7001,59636,184707
'17NF1',7001,59636,192207
'17NF1',7001,59636,195707
'17NF1',7001,59636,203207
'17NF1',7001,59636,210707
'17NF1',7001,59636,214207
'17NF1',7001,59636,221707
'17NF1',7001,59636,225207
'17NF1',7001,59636,232707
'17NF1',7001,59636,240207
'17NF2',7001,59636,81707
'17NF2',7001,59636,85207
'17NF2',7001,59636,92707
'17NF2',7001,59636,100207
'17NF2',7001,59636,103707
'17NF2',7001,59636,111207
'17NF2',7001,59636,114707
'17NF2',7001,59636,122207
'17NF2',7001,59636,125707
'17NF2',7001,59636,133207
'17NF2',7001,59636,140707
'17NF2',7001,59636,144207
'17NF2',7001,59636,151707
'17NF2',7001,59636,155207
'17NF2',7001,59636,162707
'17NF2',7001,59636,170207
'17NF2',7001,59636,173707
'17NF2',7001,59636,180607
'17NF2',7001,59636,184807
'17NF2',7001,59636,192307
'17NF2',7001,59636,195707
'17NF2',7001,59636,203207
'17NF2',7001,59636,210707
'17NF2',7001,59636,214207
'17NF2',7001,59636,221707
'17NF2',7001,59636,225207
'17NF2',7001,59636,232707
'17NF2',7001,59636,240207
'17NF3',7001,59636,81707
'17NF3',7001,59636,85207
'17NF3',7001,59636,92707
'17NF3',7001,59636,100207
'17NF3',7001,59636,103707
'17NF3',7001,59636,111207
'17NF3',7001,59636,114707
'17NF3',7001,59636,122107
'17NF3',7001,59636,125507
'17NF3',7001,59636,133007
'17NF3',7001,59636,140607
'17NF3',7001,59636,144207
'17NF3',7001,59636,151707
'17NF3',7001,59636,155207
'17NF3',7001,59636,162707
'17NF3',7001,59636,170207
'17NF3',7001,59636,173707
'17NF3',7001,59636,181207
'17NF3',7001,59636,184707
'17NF3',7001,59636,192207
'17NF3',7001,59636,195707
'17NF3',7001,59636,203207
'17NF3',7001,59636,210707
'17NF3',7001,59636,214207
'17NF3',7001,59636,221707
'17NF3',7001,59636,225207
'17NF3',7001,59636,232707
'17NF3',7001,59636,240207
'17NF4',7001,59636,81707
'17NF4',7001,59636,85207
'17NF4',7001,59636,92707
'17NF4',7001,59636,100207
'17NF4',7001,59636,103707
'17NF4',7001,59636,111207
'17NF4',7001,59636,114707
'17NF4',7001,59636,122207
'17NF4',7001,59636,125707
'17NF4',7001,59636,133207
'17NF4',7001,59636,140707
'17NF4',7001,59636,144207
'17NF4',7001,59636,151707
'17NF4',7001,59636,155207
'17NF4',7001,59636,162707
'17NF4',7001,59636,170207
'17NF4',7001,59636,173707
'17NF4',7001,59636,180607
'17NF4',7001,59636,184807
'17NF4',7001,59636,192307
'17NF4',7001,59636,195707
'17NF4',7001,59636,203207
'17NF4',7001,59636,210707
'17NF4',7001,59636,214207
'17NF4',7001,59636,221707
'17NF4',7001,59636,225207
'17NF4',7001,59636,232707
'17NF4',7001,59636,240207
'17NI',7001,59636,81707
'17NI',7001,59636,85207
'17NI',7001,59636,92707
'17NI',7001,59636,100207
'17NI',7001,59636,103707
'17NI',7001,59636,111207
'17NI',7001,59636,114707
'17NI',7001,59636,122107
'17NI',7001,59636,125507
'17NI',7001,59636,133007
'17NI',7001,59636,140607
'17NI',7001,59636,144207
'17NI',7001,59636,151707
'17NI',7001,59636,155207
'17NI',7001,59636,162707
'17NI',7001,59636,170207
'17NI',7001,59636,173707
'17NI',7001,59636,181207
'17NI',7001,59636,184707
'17NI',7001,59636,192207
'17NI',7001,59636,195707
'17NI',7001,59636,203207
'17NI',7001,59636,210707
'17NI',7001,59636,214207
'17NI',7001,59636,221707
'17NI',7001,59636,225207
'17NI',7001,59636,232707
'17NI',7001,59636,240207
'17NS',7001,59636,61549
'17NS',7001,59636,64549
'17NS',7001,59636,65349
'17NS',7001,59636,70549
'17NS',7001,59636,71749
'17NS',7001,59636,72249
'17NS',7001,59636,73149
'17NS',7001,59636,74155
'17NS',7001,59636,75155
'17NS',7001,59636,75755
'17NS',7001,59636,80555
'17NS',7001,59636,82855
'17NS',7001,59636,85255
'17NS',7001,59636,91843
'17NS',7001,59636,94743
'17NS',7001,59636,101843
'17NS',7001,59636,104843
'17NS',7001,59636,111743
'17NS',7001,59636,114643
'17NS',7001,59636,121643
'17NS',7001,59636,124643
'17NS',7001,59636,131643
'17NS',7001,59636,134643
'17NS',7001,59636,141543
'17NS',7001,59636,144443
'17NS',7001,59636,151443
'17NS',7001,59636,154743
'17NS',7001,59636,162043
'17NS',7001,59636,165143
'17NS',7001,59636,171143
'17NS',7001,59636,173243
'17NS',7001,59636,175643
'17NS',7001,59636,181443
'17NS',7001,59636,184443
'17NS',7001,59636,191437
'17NS',7001,59636,194237
'17NS',7001,59636,201337
'17NS',7001,59636,204337
'17NS',7001,59636,211337
'17NS',7001,59636,214337
'17NS',7001,59636,221337
'17NS',7001,59636,224337
'17NS',7001,59636,231337
'17NS',7001,59636,234337
'17NS',7001,59636,241337
'17NS',7001,59636,244237
