'16UA',6901,50267,52209
'16UA',6901,50267,55009
'16UA',6901,50267,61909
'16UA',6901,50267,64950
'16UA',6901,50267,71850
'16UA',6901,50267,74732
'16UA',6901,50267,81632
'16UA',6901,50267,84513
'16UA',6901,50267,90913
'16UA',6901,50267,93013
'16UA',6901,50267,95113
'16UA',6901,50267,101113
'16UA',6901,50267,103113
'16UA',6901,50267,105213
'16UA',6901,50267,111213
'16UA',6901,50267,112813
'16UA',6901,50267,114413
'16UA',6901,50267,120013
'16UA',6901,50267,121913
'16UA',6901,50267,123713
'16UA',6901,50267,125613
'16UA',6901,50267,131513
'16UA',6901,50267,133413
'16UA',6901,50267,135313
'16UA',6901,50267,140913
'16UA',6901,50267,142513
'16UA',6901,50267,144113
'16UA',6901,50267,145713
'16UA',6901,50267,151213
'16UA',6901,50267,152713
'16UA',6901,50267,154132
'16UA',6901,50267,155632
'16UA',6901,50267,161232
'16UA',6901,50267,162832
'16UA',6901,50267,164432
'16UA',6901,50267,165932
'16UA',6901,50267,171432
'16UA',6901,50267,172732
'16UA',6901,50267,173932
'16UA',6901,50267,175132
'16UA',6901,50267,180432
'16UA',6901,50267,181732
'16UA',6901,50267,183132
'16UA',6901,50267,184532
'16UA',6901,50267,190032
'16UA',6901,50267,191532
'16UA',6901,50267,193032
'16UA',6901,50267,195132
'16UA',6901,50267,201232
'16UA',6901,50267,203232
'16UA',6901,50267,205232
'16UA',6901,50267,211232
'16UA',6901,50267,213232
'16UA',6901,50267,215732
'16UA',6901,50267,222232
'16UA',6901,50267,224650
'16UA',6901,50267,231150
'16UA',6901,50267,233609
'16UA',6901,50267,240109
'16UA',6901,50267,243109
'16UA',6901,50267,245909
'16UA',6901,50267,252609
'16UA',6901,50267,254909
'16UF1',6901,50267,52209
'16UF1',6901,50267,55009
'16UF1',6901,50267,61909
'16UF1',6901,50267,64950
'16UF1',6901,50267,71850
'16UF1',6901,50267,74732
'16UF1',6901,50267,81632
'16UF1',6901,50267,84513
'16UF1',6901,50267,90913
'16UF1',6901,50267,93013
'16UF1',6901,50267,95113
'16UF1',6901,50267,101113
'16UF1',6901,50267,103113
'16UF1',6901,50267,105213
'16UF1',6901,50267,111213
'16UF1',6901,50267,112813
'16UF1',6901,50267,114413
'16UF1',6901,50267,120013
'16UF1',6901,50267,121913
'16UF1',6901,50267,123713
'16UF1',6901,50267,125613
'16UF1',6901,50267,131513
'16UF1',6901,50267,133413
'16UF1',6901,50267,135313
'16UF1',6901,50267,140913
'16UF1',6901,50267,142513
'16UF1',6901,50267,144113
'16UF1',6901,50267,145713
'16UF1',6901,50267,151213
'16UF1',6901,50267,152713
'16UF1',6901,50267,154132
'16UF1',6901,50267,155632
'16UF1',6901,50267,161232
'16UF1',6901,50267,162832
'16UF1',6901,50267,164432
'16UF1',6901,50267,165932
'16UF1',6901,50267,171432
'16UF1',6901,50267,172732
'16UF1',6901,50267,173932
'16UF1',6901,50267,175132
'16UF1',6901,50267,180432
'16UF1',6901,50267,181732
'16UF1',6901,50267,183132
'16UF1',6901,50267,184532
'16UF1',6901,50267,190032
'16UF1',6901,50267,191532
'16UF1',6901,50267,193032
'16UF1',6901,50267,195132
'16UF1',6901,50267,201232
'16UF1',6901,50267,203232
'16UF1',6901,50267,205232
'16UF1',6901,50267,211232
'16UF1',6901,50267,213232
'16UF1',6901,50267,215732
'16UF1',6901,50267,222232
'16UF1',6901,50267,224650
'16UF1',6901,50267,231150
'16UF1',6901,50267,233609
'16UF1',6901,50267,240109
'16UF1',6901,50267,243109
'16UF1',6901,50267,245909
'16UF1',6901,50267,251827
'16UF2',6901,50267,52209
'16UF2',6901,50267,55009
'16UF2',6901,50267,61909
'16UF2',6901,50267,64950
'16UF2',6901,50267,71850
'16UF2',6901,50267,74732
'16UF2',6901,50267,81632
'16UF2',6901,50267,84513
'16UF2',6901,50267,90913
'16UF2',6901,50267,93013
'16UF2',6901,50267,95113
'16UF2',6901,50267,101113
'16UF2',6901,50267,103113
'16UF2',6901,50267,105213
'16UF2',6901,50267,111213
'16UF2',6901,50267,112813
'16UF2',6901,50267,114413
'16UF2',6901,50267,120013
'16UF2',6901,50267,121913
'16UF2',6901,50267,123713
'16UF2',6901,50267,125613
'16UF2',6901,50267,131513
'16UF2',6901,50267,133413
'16UF2',6901,50267,135313
'16UF2',6901,50267,140913
'16UF2',6901,50267,142513
'16UF2',6901,50267,144113
'16UF2',6901,50267,145713
'16UF2',6901,50267,151213
'16UF2',6901,50267,152713
'16UF2',6901,50267,154132
'16UF2',6901,50267,155632
'16UF2',6901,50267,161232
'16UF2',6901,50267,162832
'16UF2',6901,50267,164432
'16UF2',6901,50267,165932
'16UF2',6901,50267,171432
'16UF2',6901,50267,172732
'16UF2',6901,50267,173932
'16UF2',6901,50267,175132
'16UF2',6901,50267,180432
'16UF2',6901,50267,181732
'16UF2',6901,50267,183132
'16UF2',6901,50267,184532
'16UF2',6901,50267,190032
'16UF2',6901,50267,191532
'16UF2',6901,50267,193032
'16UF2',6901,50267,195132
'16UF2',6901,50267,201232
'16UF2',6901,50267,203232
'16UF2',6901,50267,205232
'16UF2',6901,50267,211232
'16UF2',6901,50267,213232
'16UF2',6901,50267,215732
'16UF2',6901,50267,222232
'16UF2',6901,50267,224650
'16UF2',6901,50267,231150
'16UF2',6901,50267,233609
'16UF2',6901,50267,240109
'16UF2',6901,50267,243109
'16UF2',6901,50267,245909
'16UF2',6901,50267,251827
'16UI',6901,50267,51927
'16UI',6901,50267,55427
'16UI',6901,50267,63009
'16UI',6901,50267,70309
'16UI',6901,50267,73632
'16UI',6901,50267,80432
'16UI',6901,50267,83232
'16UI',6901,50267,85732
'16UI',6901,50267,92232
'16UI',6901,50267,94732
'16UI',6901,50267,101132
'16UI',6901,50267,103532
'16UI',6901,50267,110032
'16UI',6901,50267,112532
'16UI',6901,50267,114932
'16UI',6901,50267,121232
'16UI',6901,50267,123332
'16UI',6901,50267,125432
'16UI',6901,50267,131432
'16UI',6901,50267,133332
'16UI',6901,50267,135332
'16UI',6901,50267,141232
'16UI',6901,50267,143132
'16UI',6901,50267,144832
'16UI',6901,50267,150532
'16UI',6901,50267,152232
'16UI',6901,50267,153932
'16UI',6901,50267,155532
'16UI',6901,50267,161232
'16UI',6901,50267,162832
'16UI',6901,50267,164250
'16UI',6901,50267,165750
'16UI',6901,50267,171150
'16UI',6901,50267,172450
'16UI',6901,50267,173850
'16UI',6901,50267,175150
'16UI',6901,50267,180450
'16UI',6901,50267,181750
'16UI',6901,50267,183250
'16UI',6901,50267,184750
'16UI',6901,50267,190350
'16UI',6901,50267,192850
'16UI',6901,50267,195350
'16UI',6901,50267,201850
'16UI',6901,50267,204350
'16UI',6901,50267,210750
'16UI',6901,50267,213050
'16UI',6901,50267,215950
'16UI',6901,50267,222950
'16UI',6901,50267,225950
'16UI',6901,50267,232950
'16UI',6901,50267,235627
'16UI',6901,50267,242427
'16UI',6901,50267,245127
'16UI',6901,50267,251827
'16US',6901,50267,50950
'16US',6901,50267,53932
'16US',6901,50267,60532
'16US',6901,50267,62332
'16US',6901,50267,63332
'16US',6901,50267,64332
'16US',6901,50267,65413
'16US',6901,50267,70555
'16US',6901,50267,71555
'16US',6901,50267,72555
'16US',6901,50267,73555
'16US',6901,50267,74555
'16US',6901,50267,75555
'16US',6901,50267,80555
'16US',6901,50267,81455
'16US',6901,50267,82455
'16US',6901,50267,83455
'16US',6901,50267,84455
'16US',6901,50267,85455
'16US',6901,50267,90455
'16US',6901,50267,91455
'16US',6901,50267,92455
'16US',6901,50267,93455
'16US',6901,50267,94455
'16US',6901,50267,95455
'16US',6901,50267,100455
'16US',6901,50267,101455
'16US',6901,50267,102455
'16US',6901,50267,103455
'16US',6901,50267,104455
'16US',6901,50267,105455
'16US',6901,50267,110332
'16US',6901,50267,111332
'16US',6901,50267,112332
'16US',6901,50267,113332
'16US',6901,50267,114332
'16US',6901,50267,115332
'16US',6901,50267,120332
'16US',6901,50267,121332
'16US',6901,50267,122332
'16US',6901,50267,123332
'16US',6901,50267,124332
'16US',6901,50267,125332
'16US',6901,50267,130332
'16US',6901,50267,131332
'16US',6901,50267,132332
'16US',6901,50267,133332
'16US',6901,50267,134332
'16US',6901,50267,135332
'16US',6901,50267,140332
'16US',6901,50267,141332
'16US',6901,50267,142332
'16US',6901,50267,143332
'16US',6901,50267,144332
'16US',6901,50267,145332
'16US',6901,50267,150332
'16US',6901,50267,151332
'16US',6901,50267,152413
'16US',6901,50267,153413
'16US',6901,50267,154413
'16US',6901,50267,155413
'16US',6901,50267,160313
'16US',6901,50267,161213
'16US',6901,50267,162013
'16US',6901,50267,162913
'16US',6901,50267,163813
'16US',6901,50267,164813
'16US',6901,50267,165713
'16US',6901,50267,170713
'16US',6901,50267,171713
'16US',6901,50267,172713
'16US',6901,50267,173613
'16US',6901,50267,174613
'16US',6901,50267,175613
'16US',6901,50267,180613
'16US',6901,50267,181613
'16US',6901,50267,182613
'16US',6901,50267,183613
'16US',6901,50267,184513
'16US',6901,50267,185513
'16US',6901,50267,190513
'16US',6901,50267,191513
'16US',6901,50267,192513
'16US',6901,50267,193513
'16US',6901,50267,194513
'16US',6901,50267,195413
'16US',6901,50267,200313
'16US',6901,50267,201313
'16US',6901,50267,202313
'16US',6901,50267,203313
'16US',6901,50267,204313
'16US',6901,50267,205313
'16US',6901,50267,210313
'16US',6901,50267,211913
'16US',6901,50267,213432
'16US',6901,50267,215250
'16US',6901,50267,222350
'16US',6901,50267,225450
'16US',6901,50267,232550
'16US',6901,50267,235509
'16US',6901,50267,242509
'16US',6901,50267,245509
'16US',6901,50267,252109
