'16UA',9502,52117,50935
'16UA',9502,52117,53935
'16UA',9502,52117,60935
'16UA',9502,52117,63935
'16UA',9502,52117,71035
'16UA',9502,52117,74306
'16UA',9502,52117,81406
'16UA',9502,52117,84536
'16UA',9502,52117,91536
'16UA',9502,52117,94536
'16UA',9502,52117,100836
'16UA',9502,52117,103136
'16UA',9502,52117,110036
'16UA',9502,52117,112936
'16UA',9502,52117,115836
'16UA',9502,52117,122436
'16UA',9502,52117,124536
'16UA',9502,52117,130536
'16UA',9502,52117,132536
'16UA',9502,52117,134636
'16UA',9502,52117,140036
'16UA',9502,52117,141536
'16UA',9502,52117,142936
'16UA',9502,52117,144336
'16UA',9502,52117,145936
'16UA',9502,52117,151936
'16UA',9502,52117,153936
'16UA',9502,52117,155936
'16UA',9502,52117,161936
'16UA',9502,52117,164036
'16UA',9502,52117,170036
'16UA',9502,52117,172136
'16UA',9502,52117,174236
'16UA',9502,52117,180906
'16UA',9502,52117,184006
'16UA',9502,52117,190406
'16UA',9502,52117,192806
'16UA',9502,52117,195835
'16UA',9502,52117,203135
'16UA',9502,52117,210435
'16UA',9502,52117,213735
'16UA',9502,52117,221035
'16UA',9502,52117,224835
'16UA',9502,52117,231935
'16UA',9502,52117,234904
'16UA',9502,52117,242004
'16UA',9502,52117,245404
'16UA',9502,52117,252804
'16UF1',9502,52117,50804
'16UF1',9502,52117,53904
'16UF1',9502,52117,60904
'16UF1',9502,52117,63904
'16UF1',9502,52117,70904
'16UF1',9502,52117,74004
'16UF1',9502,52117,81004
'16UF1',9502,52117,84035
'16UF1',9502,52117,90835
'16UF1',9502,52117,93706
'16UF1',9502,52117,100506
'16UF1',9502,52117,103206
'16UF1',9502,52117,110206
'16UF1',9502,52117,113206
'16UF1',9502,52117,120206
'16UF1',9502,52117,122206
'16UF1',9502,52117,124406
'16UF1',9502,52117,130406
'16UF1',9502,52117,132406
'16UF1',9502,52117,134506
'16UF1',9502,52117,140606
'16UF1',9502,52117,142606
'16UF1',9502,52117,144606
'16UF1',9502,52117,150706
'16UF1',9502,52117,152806
'16UF1',9502,52117,154906
'16UF1',9502,52117,161906
'16UF1',9502,52117,164906
'16UF1',9502,52117,171806
'16UF1',9502,52117,174435
'16UF1',9502,52117,180735
'16UF1',9502,52117,183035
'16UF1',9502,52117,190235
'16UF1',9502,52117,193535
'16UF1',9502,52117,200735
'16UF1',9502,52117,203935
'16UF1',9502,52117,211135
'16UF1',9502,52117,214335
'16UF1',9502,52117,221535
'16UF1',9502,52117,224704
'16UF1',9502,52117,231904
'16UF1',9502,52117,234904
'16UF1',9502,52117,242104
'16UF1',9502,52117,245304
'16UF2',9502,52117,50804
'16UF2',9502,52117,53904
'16UF2',9502,52117,60904
'16UF2',9502,52117,63904
'16UF2',9502,52117,70904
'16UF2',9502,52117,74004
'16UF2',9502,52117,81004
'16UF2',9502,52117,84035
'16UF2',9502,52117,90835
'16UF2',9502,52117,93706
'16UF2',9502,52117,100506
'16UF2',9502,52117,103206
'16UF2',9502,52117,110206
'16UF2',9502,52117,113206
'16UF2',9502,52117,120206
'16UF2',9502,52117,122206
'16UF2',9502,52117,124406
'16UF2',9502,52117,130406
'16UF2',9502,52117,132406
'16UF2',9502,52117,134506
'16UF2',9502,52117,140606
'16UF2',9502,52117,142606
'16UF2',9502,52117,144606
'16UF2',9502,52117,150706
'16UF2',9502,52117,152806
'16UF2',9502,52117,154906
'16UF2',9502,52117,161906
'16UF2',9502,52117,164906
'16UF2',9502,52117,171806
'16UF2',9502,52117,174435
'16UF2',9502,52117,180735
'16UF2',9502,52117,183035
'16UF2',9502,52117,190235
'16UF2',9502,52117,193535
'16UF2',9502,52117,200735
'16UF2',9502,52117,203935
'16UF2',9502,52117,211135
'16UF2',9502,52117,214335
'16UF2',9502,52117,221535
'16UF2',9502,52117,224704
'16UF2',9502,52117,231904
'16UF2',9502,52117,234904
'16UF2',9502,52117,242104
'16UF2',9502,52117,245304
'16UI',9502,52117,50804
'16UI',9502,52117,53904
'16UI',9502,52117,60904
'16UI',9502,52117,63904
'16UI',9502,52117,70904
'16UI',9502,52117,74004
'16UI',9502,52117,81004
'16UI',9502,52117,84035
'16UI',9502,52117,90835
'16UI',9502,52117,93706
'16UI',9502,52117,100506
'16UI',9502,52117,103206
'16UI',9502,52117,110206
'16UI',9502,52117,113206
'16UI',9502,52117,120206
'16UI',9502,52117,122206
'16UI',9502,52117,124406
'16UI',9502,52117,130406
'16UI',9502,52117,132406
'16UI',9502,52117,134506
'16UI',9502,52117,140606
'16UI',9502,52117,142606
'16UI',9502,52117,144606
'16UI',9502,52117,150706
'16UI',9502,52117,152806
'16UI',9502,52117,154906
'16UI',9502,52117,161906
'16UI',9502,52117,164906
'16UI',9502,52117,171806
'16UI',9502,52117,174435
'16UI',9502,52117,180735
'16UI',9502,52117,183035
'16UI',9502,52117,190235
'16UI',9502,52117,193535
'16UI',9502,52117,200735
'16UI',9502,52117,203935
'16UI',9502,52117,211135
'16UI',9502,52117,214335
'16UI',9502,52117,221535
'16UI',9502,52117,224704
'16UI',9502,52117,231904
'16UI',9502,52117,234904
'16UI',9502,52117,242104
'16UI',9502,52117,245304
'16US',9502,52117,51036
'16US',9502,52117,53636
'16US',9502,52117,60636
'16US',9502,52117,63636
'16US',9502,52117,70707
'16US',9502,52117,73938
'16US',9502,52117,80938
'16US',9502,52117,83836
'16US',9502,52117,90836
'16US',9502,52117,93836
'16US',9502,52117,100336
'16US',9502,52117,102836
'16US',9502,52117,104836
'16US',9502,52117,110836
'16US',9502,52117,112836
'16US',9502,52117,114836
'16US',9502,52117,120936
'16US',9502,52117,122936
'16US',9502,52117,124936
'16US',9502,52117,130936
'16US',9502,52117,132936
'16US',9502,52117,134936
'16US',9502,52117,141038
'16US',9502,52117,142938
'16US',9502,52117,145038
'16US',9502,52117,151538
'16US',9502,52117,154038
'16US',9502,52117,160038
'16US',9502,52117,162038
'16US',9502,52117,164338
'16US',9502,52117,170638
'16US',9502,52117,172836
'16US',9502,52117,175336
'16US',9502,52117,181736
'16US',9502,52117,184236
'16US',9502,52117,190706
'16US',9502,52117,193706
'16US',9502,52117,200706
'16US',9502,52117,203806
'16US',9502,52117,210904
'16US',9502,52117,214104
'16US',9502,52117,221004
'16US',9502,52117,224204
'16US',9502,52117,231504
'16US',9502,52117,234704
'16US',9502,52117,241904
'16US',9502,52117,245404
