'17UA',12101,50505,52451
'17UA',12101,50505,55651
'17UA',12101,50505,62951
'17UA',12101,50505,70351
'17UA',12101,50505,73351
'17UA',12101,50505,80719
'17UA',12101,50505,83719
'17UA',12101,50505,90748
'17UA',12101,50505,93448
'17UA',12101,50505,100048
'17UA',12101,50505,102716
'17UA',12101,50505,105416
'17UA',12101,50505,110916
'17UA',12101,50505,112416
'17UA',12101,50505,113916
'17UA',12101,50505,115416
'17UA',12101,50505,120916
'17UA',12101,50505,122316
'17UA',12101,50505,123816
'17UA',12101,50505,124916
'17UA',12101,50505,125816
'17UA',12101,50505,130716
'17UA',12101,50505,131716
'17UA',12101,50505,132716
'17UA',12101,50505,134016
'17UA',12101,50505,135416
'17UA',12101,50505,140616
'17UA',12101,50505,141716
'17UA',12101,50505,142716
'17UA',12101,50505,143716
'17UA',12101,50505,144616
'17UA',12101,50505,145616
'17UA',12101,50505,150516
'17UA',12101,50505,151416
'17UA',12101,50505,152316
'17UA',12101,50505,153116
'17UA',12101,50505,154016
'17UA',12101,50505,154916
'17UA',12101,50505,155916
'17UA',12101,50505,160916
'17UA',12101,50505,161916
'17UA',12101,50505,162916
'17UA',12101,50505,163916
'17UA',12101,50505,164816
'17UA',12101,50505,165716
'17UA',12101,50505,170616
'17UA',12101,50505,171416
'17UA',12101,50505,172316
'17UA',12101,50505,172816
'17UA',12101,50505,173616
'17UA',12101,50505,174316
'17UA',12101,50505,174916
'17UA',12101,50505,175616
'17UA',12101,50505,180316
'17UA',12101,50505,181016
'17UA',12101,50505,181716
'17UA',12101,50505,182516
'17UA',12101,50505,183316
'17UA',12101,50505,184216
'17UA',12101,50505,185116
'17UA',12101,50505,190316
'17UA',12101,50505,192116
'17UA',12101,50505,193916
'17UA',12101,50505,195716
'17UA',12101,50505,201516
'17UA',12101,50505,203716
'17UA',12101,50505,205916
'17UA',12101,50505,212116
'17UA',12101,50505,214216
'17UA',12101,50505,220316
'17UA',12101,50505,222216
'17UA',12101,50505,225016
'17UA',12101,50505,232216
'17UA',12101,50505,235216
'17UA',12101,50505,242216
'17UA',12101,50505,245116
'17UA',12101,50505,252016
'17UA',12101,50505,255216
'17UF1',12101,50505,52451
'17UF1',12101,50505,55651
'17UF1',12101,50505,62951
'17UF1',12101,50505,70351
'17UF1',12101,50505,73351
'17UF1',12101,50505,80719
'17UF1',12101,50505,83719
'17UF1',12101,50505,90748
'17UF1',12101,50505,93448
'17UF1',12101,50505,100048
'17UF1',12101,50505,102716
'17UF1',12101,50505,105416
'17UF1',12101,50505,110916
'17UF1',12101,50505,112416
'17UF1',12101,50505,113916
'17UF1',12101,50505,115416
'17UF1',12101,50505,120916
'17UF1',12101,50505,122316
'17UF1',12101,50505,123816
'17UF1',12101,50505,124916
'17UF1',12101,50505,125816
'17UF1',12101,50505,130716
'17UF1',12101,50505,131716
'17UF1',12101,50505,132716
'17UF1',12101,50505,134016
'17UF1',12101,50505,135416
'17UF1',12101,50505,140616
'17UF1',12101,50505,141716
'17UF1',12101,50505,142716
'17UF1',12101,50505,143716
'17UF1',12101,50505,144616
'17UF1',12101,50505,145616
'17UF1',12101,50505,150516
'17UF1',12101,50505,151416
'17UF1',12101,50505,152316
'17UF1',12101,50505,153116
'17UF1',12101,50505,154016
'17UF1',12101,50505,154916
'17UF1',12101,50505,155916
'17UF1',12101,50505,160916
'17UF1',12101,50505,161916
'17UF1',12101,50505,162916
'17UF1',12101,50505,163916
'17UF1',12101,50505,164816
'17UF1',12101,50505,165716
'17UF1',12101,50505,170616
'17UF1',12101,50505,171416
'17UF1',12101,50505,172316
'17UF1',12101,50505,172816
'17UF1',12101,50505,173616
'17UF1',12101,50505,174316
'17UF1',12101,50505,174916
'17UF1',12101,50505,175616
'17UF1',12101,50505,180316
'17UF1',12101,50505,181016
'17UF1',12101,50505,181716
'17UF1',12101,50505,182516
'17UF1',12101,50505,183316
'17UF1',12101,50505,184216
'17UF1',12101,50505,185116
'17UF1',12101,50505,190316
'17UF1',12101,50505,192116
'17UF1',12101,50505,193916
'17UF1',12101,50505,195716
'17UF1',12101,50505,201516
'17UF1',12101,50505,203716
'17UF1',12101,50505,205916
'17UF1',12101,50505,212116
'17UF1',12101,50505,214216
'17UF1',12101,50505,220316
'17UF1',12101,50505,222216
'17UF1',12101,50505,225016
'17UF1',12101,50505,232216
'17UF1',12101,50505,235216
'17UF1',12101,50505,242216
'17UF1',12101,50505,245116
'17UF1',12101,50505,252016
'17UF1',12101,50505,255216
'17UF2',12101,50505,52451
'17UF2',12101,50505,55651
'17UF2',12101,50505,62951
'17UF2',12101,50505,70351
'17UF2',12101,50505,73351
'17UF2',12101,50505,80719
'17UF2',12101,50505,83719
'17UF2',12101,50505,90748
'17UF2',12101,50505,93448
'17UF2',12101,50505,100048
'17UF2',12101,50505,102716
'17UF2',12101,50505,105416
'17UF2',12101,50505,110916
'17UF2',12101,50505,112416
'17UF2',12101,50505,113916
'17UF2',12101,50505,115416
'17UF2',12101,50505,120916
'17UF2',12101,50505,122316
'17UF2',12101,50505,123816
'17UF2',12101,50505,124916
'17UF2',12101,50505,125816
'17UF2',12101,50505,130716
'17UF2',12101,50505,131716
'17UF2',12101,50505,132716
'17UF2',12101,50505,134016
'17UF2',12101,50505,135416
'17UF2',12101,50505,140616
'17UF2',12101,50505,141716
'17UF2',12101,50505,142716
'17UF2',12101,50505,143716
'17UF2',12101,50505,144616
'17UF2',12101,50505,145616
'17UF2',12101,50505,150516
'17UF2',12101,50505,151416
'17UF2',12101,50505,152316
'17UF2',12101,50505,153116
'17UF2',12101,50505,154016
'17UF2',12101,50505,154916
'17UF2',12101,50505,155916
'17UF2',12101,50505,160916
'17UF2',12101,50505,161916
'17UF2',12101,50505,162916
'17UF2',12101,50505,163916
'17UF2',12101,50505,164816
'17UF2',12101,50505,165716
'17UF2',12101,50505,170616
'17UF2',12101,50505,171416
'17UF2',12101,50505,172316
'17UF2',12101,50505,172816
'17UF2',12101,50505,173616
'17UF2',12101,50505,174316
'17UF2',12101,50505,174916
'17UF2',12101,50505,175616
'17UF2',12101,50505,180316
'17UF2',12101,50505,181016
'17UF2',12101,50505,181716
'17UF2',12101,50505,182516
'17UF2',12101,50505,183316
'17UF2',12101,50505,184216
'17UF2',12101,50505,185116
'17UF2',12101,50505,190316
'17UF2',12101,50505,192116
'17UF2',12101,50505,193916
'17UF2',12101,50505,195716
'17UF2',12101,50505,201516
'17UF2',12101,50505,203716
'17UF2',12101,50505,205916
'17UF2',12101,50505,212116
'17UF2',12101,50505,214216
'17UF2',12101,50505,220316
'17UF2',12101,50505,222216
'17UF2',12101,50505,225016
'17UF2',12101,50505,232216
'17UF2',12101,50505,235216
'17UF2',12101,50505,242216
'17UF2',12101,50505,245116
'17UF2',12101,50505,252016
'17UF2',12101,50505,255216
'17UI',12101,50505,52451
'17UI',12101,50505,55651
'17UI',12101,50505,62751
'17UI',12101,50505,65751
'17UI',12101,50505,72951
'17UI',12101,50505,80251
'17UI',12101,50505,83451
'17UI',12101,50505,90548
'17UI',12101,50505,93648
'17UI',12101,50505,95848
'17UI',12101,50505,101848
'17UI',12101,50505,104048
'17UI',12101,50505,110048
'17UI',12101,50505,112048
'17UI',12101,50505,114048
'17UI',12101,50505,115948
'17UI',12101,50505,121948
'17UI',12101,50505,123948
'17UI',12101,50505,125948
'17UI',12101,50505,132048
'17UI',12101,50505,133848
'17UI',12101,50505,135348
'17UI',12101,50505,140848
'17UI',12101,50505,142348
'17UI',12101,50505,143648
'17UI',12101,50505,145148
'17UI',12101,50505,150648
'17UI',12101,50505,151848
'17UI',12101,50505,153048
'17UI',12101,50505,154148
'17UI',12101,50505,155348
'17UI',12101,50505,160548
'17UI',12101,50505,161848
'17UI',12101,50505,163148
'17UI',12101,50505,164348
'17UI',12101,50505,165548
'17UI',12101,50505,170648
'17UI',12101,50505,171648
'17UI',12101,50505,172648
'17UI',12101,50505,173648
'17UI',12101,50505,174648
'17UI',12101,50505,175548
'17UI',12101,50505,180448
'17UI',12101,50505,181548
'17UI',12101,50505,182748
'17UI',12101,50505,184048
'17UI',12101,50505,185348
'17UI',12101,50505,190848
'17UI',12101,50505,192348
'17UI',12101,50505,193948
'17UI',12101,50505,195948
'17UI',12101,50505,201948
'17UI',12101,50505,203948
'17UI',12101,50505,211148
'17UI',12101,50505,214448
'17UI',12101,50505,221748
'17UI',12101,50505,224948
'17UI',12101,50505,231648
'17UI',12101,50505,234548
'17UI',12101,50505,241548
'17UI',12101,50505,244548
'17UI',12101,50505,251219
'17UI',12101,50505,254019
'17US',12101,50505,52922
'17US',12101,50505,55848
'17US',12101,50505,62748
'17US',12101,50505,64445
'17US',12101,50505,65616
'17US',12101,50505,70645
'17US',12101,50505,71645
'17US',12101,50505,72645
'17US',12101,50505,73445
'17US',12101,50505,74245
'17US',12101,50505,75045
'17US',12101,50505,75945
'17US',12101,50505,80945
'17US',12101,50505,81945
'17US',12101,50505,82945
'17US',12101,50505,83948
'17US',12101,50505,84848
'17US',12101,50505,85748
'17US',12101,50505,90748
'17US',12101,50505,91748
'17US',12101,50505,92748
'17US',12101,50505,93748
'17US',12101,50505,94748
'17US',12101,50505,95748
'17US',12101,50505,100748
'17US',12101,50505,101748
'17US',12101,50505,102748
'17US',12101,50505,103748
'17US',12101,50505,104748
'17US',12101,50505,105748
'17US',12101,50505,110748
'17US',12101,50505,111748
'17US',12101,50505,112748
'17US',12101,50505,113748
'17US',12101,50505,114748
'17US',12101,50505,115748
'17US',12101,50505,120748
'17US',12101,50505,121748
'17US',12101,50505,122748
'17US',12101,50505,123748
'17US',12101,50505,124748
'17US',12101,50505,125748
'17US',12101,50505,130748
'17US',12101,50505,131748
'17US',12101,50505,132748
'17US',12101,50505,133748
'17US',12101,50505,134748
'17US',12101,50505,135748
'17US',12101,50505,140648
'17US',12101,50505,141548
'17US',12101,50505,142613
'17US',12101,50505,143813
'17US',12101,50505,144813
'17US',12101,50505,145813
'17US',12101,50505,150813
'17US',12101,50505,151813
'17US',12101,50505,152813
'17US',12101,50505,153913
'17US',12101,50505,155013
'17US',12101,50505,160013
'17US',12101,50505,160713
'17US',12101,50505,161313
'17US',12101,50505,162013
'17US',12101,50505,162813
'17US',12101,50505,163613
'17US',12101,50505,164413
'17US',12101,50505,165313
'17US',12101,50505,170113
'17US',12101,50505,170713
'17US',12101,50505,171313
'17US',12101,50505,171813
'17US',12101,50505,172313
'17US',12101,50505,172813
'17US',12101,50505,173313
'17US',12101,50505,173813
'17US',12101,50505,174313
'17US',12101,50505,174813
'17US',12101,50505,175313
'17US',12101,50505,175913
'17US',12101,50505,180413
'17US',12101,50505,181013
'17US',12101,50505,181613
'17US',12101,50505,182313
'17US',12101,50505,182816
'17US',12101,50505,183416
'17US',12101,50505,184416
'17US',12101,50505,185448
'17US',12101,50505,190248
'17US',12101,50505,191148
'17US',12101,50505,192148
'17US',12101,50505,193148
'17US',12101,50505,194148
'17US',12101,50505,195148
'17US',12101,50505,200148
'17US',12101,50505,201148
'17US',12101,50505,202148
'17US',12101,50505,203148
'17US',12101,50505,204048
'17US',12101,50505,205048
'17US',12101,50505,210048
'17US',12101,50505,211048
'17US',12101,50505,212048
'17US',12101,50505,212948
'17US',12101,50505,215448
'17US',12101,50505,221948
'17US',12101,50505,224648
'17US',12101,50505,231648
'17US',12101,50505,234648
'17US',12101,50505,241848
'17US',12101,50505,244548
'17US',12101,50505,251448
'17US',12101,50505,254448
'17UA',37801,50505,260521
'17UA',37801,50505,265621
'17UA',37801,50505,274821
'17UA',37801,50505,283721
'17UF1',37801,50505,260521
'17UF1',37801,50505,265621
'17UF1',37801,50505,274821
'17UF1',37801,50505,283721
'17UF2',37801,50505,260521
'17UF2',37801,50505,265621
'17UF2',37801,50505,274821
'17UF2',37801,50505,283721
'17UI',37801,50505,260541
'17UI',37801,50505,265641
'17UI',37801,50505,274641
'17UI',37801,50505,283741
'17US',37801,50505,260341
'17US',37801,50505,265441
'17US',37801,50505,274541
'17US',37801,50505,283641
