'16MA',20601,57884,63919
'16MA',20601,57884,70919
'16MA',20601,57884,73919
'16MA',20601,57884,80919
'16MA',20601,57884,84011
'16MA',20601,57884,91011
'16MA',20601,57884,94011
'16MA',20601,57884,101011
'16MA',20601,57884,104011
'16MA',20601,57884,111011
'16MA',20601,57884,114011
'16MA',20601,57884,121011
'16MA',20601,57884,124203
'16MA',20601,57884,131203
'16MA',20601,57884,134203
'16MA',20601,57884,141203
'16MA',20601,57884,144203
'16MA',20601,57884,151203
'16MA',20601,57884,154203
'16MA',20601,57884,161203
'16MA',20601,57884,164203
'16MA',20601,57884,171203
'16MA',20601,57884,174203
'16MA',20601,57884,181203
'16MA',20601,57884,184203
'16MA',20601,57884,191203
'16MA',20601,57884,194011
'16MA',20601,57884,201011
'16MA',20601,57884,204011
'16MA',20601,57884,211011
'16MA',20601,57884,214011
'16MA',20601,57884,221011
'16MA',20601,57884,231011
'16MA',20601,57884,241011
'16MF1',20601,57884,63919
'16MF1',20601,57884,70919
'16MF1',20601,57884,73919
'16MF1',20601,57884,80919
'16MF1',20601,57884,84011
'16MF1',20601,57884,91011
'16MF1',20601,57884,94011
'16MF1',20601,57884,101011
'16MF1',20601,57884,104011
'16MF1',20601,57884,111011
'16MF1',20601,57884,114011
'16MF1',20601,57884,121011
'16MF1',20601,57884,124203
'16MF1',20601,57884,131203
'16MF1',20601,57884,134203
'16MF1',20601,57884,141203
'16MF1',20601,57884,144203
'16MF1',20601,57884,151203
'16MF1',20601,57884,154203
'16MF1',20601,57884,161203
'16MF1',20601,57884,164203
'16MF1',20601,57884,171203
'16MF1',20601,57884,174203
'16MF1',20601,57884,181203
'16MF1',20601,57884,184203
'16MF1',20601,57884,191203
'16MF1',20601,57884,194011
'16MF1',20601,57884,201011
'16MF1',20601,57884,204011
'16MF1',20601,57884,211011
'16MF1',20601,57884,214011
'16MF1',20601,57884,221011
'16MF1',20601,57884,231011
'16MF1',20601,57884,241011
'16MF2',20601,57884,63919
'16MF2',20601,57884,70919
'16MF2',20601,57884,73919
'16MF2',20601,57884,80919
'16MF2',20601,57884,84011
'16MF2',20601,57884,91011
'16MF2',20601,57884,94011
'16MF2',20601,57884,101011
'16MF2',20601,57884,104011
'16MF2',20601,57884,111011
'16MF2',20601,57884,114011
'16MF2',20601,57884,121011
'16MF2',20601,57884,124203
'16MF2',20601,57884,131203
'16MF2',20601,57884,134203
'16MF2',20601,57884,141203
'16MF2',20601,57884,144203
'16MF2',20601,57884,151203
'16MF2',20601,57884,154203
'16MF2',20601,57884,161203
'16MF2',20601,57884,164203
'16MF2',20601,57884,171203
'16MF2',20601,57884,174203
'16MF2',20601,57884,181203
'16MF2',20601,57884,184203
'16MF2',20601,57884,191203
'16MF2',20601,57884,194011
'16MF2',20601,57884,201011
'16MF2',20601,57884,204011
'16MF2',20601,57884,211011
'16MF2',20601,57884,214011
'16MF2',20601,57884,221011
'16MF2',20601,57884,231011
'16MF2',20601,57884,241011
'16MF3',20601,57884,63919
'16MF3',20601,57884,70919
'16MF3',20601,57884,73919
'16MF3',20601,57884,80919
'16MF3',20601,57884,84011
'16MF3',20601,57884,91011
'16MF3',20601,57884,94011
'16MF3',20601,57884,101011
'16MF3',20601,57884,104011
'16MF3',20601,57884,111011
'16MF3',20601,57884,114011
'16MF3',20601,57884,121011
'16MF3',20601,57884,124203
'16MF3',20601,57884,131203
'16MF3',20601,57884,134203
'16MF3',20601,57884,141203
'16MF3',20601,57884,144203
'16MF3',20601,57884,151203
'16MF3',20601,57884,154203
'16MF3',20601,57884,161203
'16MF3',20601,57884,164203
'16MF3',20601,57884,171203
'16MF3',20601,57884,174203
'16MF3',20601,57884,181203
'16MF3',20601,57884,184203
'16MF3',20601,57884,191203
'16MF3',20601,57884,194011
'16MF3',20601,57884,201011
'16MF3',20601,57884,204011
'16MF3',20601,57884,211011
'16MF3',20601,57884,214011
'16MF3',20601,57884,221011
'16MF3',20601,57884,231011
'16MF3',20601,57884,241011
'16MI',20601,57884,71011
'16MI',20601,57884,74011
'16MI',20601,57884,81011
'16MI',20601,57884,84011
'16MI',20601,57884,91011
'16MI',20601,57884,94011
'16MI',20601,57884,101011
'16MI',20601,57884,104011
'16MI',20601,57884,111011
'16MI',20601,57884,114011
'16MI',20601,57884,121011
'16MI',20601,57884,124011
'16MI',20601,57884,131011
'16MI',20601,57884,134011
'16MI',20601,57884,141011
'16MI',20601,57884,144011
'16MI',20601,57884,151011
'16MI',20601,57884,154111
'16MI',20601,57884,161111
'16MI',20601,57884,164111
'16MI',20601,57884,171111
'16MI',20601,57884,174111
'16MI',20601,57884,181111
'16MI',20601,57884,184111
'16MI',20601,57884,191111
'16MI',20601,57884,194111
'16MI',20601,57884,201111
'16MI',20601,57884,204111
'16MI',20601,57884,211111
'16MI',20601,57884,214011
'16MI',20601,57884,221011
'16MI',20601,57884,231011
'16MI',20601,57884,241011
'16MS',20601,57884,54803
'16MS',20601,57884,62903
'16MS',20601,57884,65403
'16MS',20601,57884,71203
'16MS',20601,57884,73055
'16MS',20601,57884,74055
'16MS',20601,57884,75855
'16MS',20601,57884,81555
'16MS',20601,57884,90603
'16MS',20601,57884,94303
'16MS',20601,57884,101303
'16MS',20601,57884,104303
'16MS',20601,57884,111303
'16MS',20601,57884,114303
'16MS',20601,57884,121303
'16MS',20601,57884,124303
'16MS',20601,57884,131403
'16MS',20601,57884,134403
'16MS',20601,57884,141503
'16MS',20601,57884,144603
'16MS',20601,57884,151803
'16MS',20601,57884,155103
'16MS',20601,57884,162503
'16MS',20601,57884,170003
'16MS',20601,57884,173503
'16MS',20601,57884,181003
'16MS',20601,57884,184403
'16MS',20601,57884,191403
'16MS',20601,57884,194303
'16MS',20601,57884,201303
'16MS',20601,57884,204303
'16MS',20601,57884,211303
'16MS',20601,57884,214303
'16MS',20601,57884,221211
'16MS',20601,57884,231211
'16MS',20601,57884,241211
