'17NA',11904,56044,73839
'17NA',11904,56044,81339
'17NA',11904,56044,84939
'17NA',11904,56044,92539
'17NA',11904,56044,100239
'17NA',11904,56044,103939
'17NA',11904,56044,111639
'17NA',11904,56044,115439
'17NA',11904,56044,123239
'17NA',11904,56044,131039
'17NA',11904,56044,134915
'17NA',11904,56044,142715
'17NA',11904,56044,150615
'17NA',11904,56044,154515
'17NA',11904,56044,162315
'17NA',11904,56044,170115
'17NA',11904,56044,173739
'17NA',11904,56044,181403
'17NA',11904,56044,185103
'17NA',11904,56044,192603
'17NF1',11904,56044,73839
'17NF1',11904,56044,81339
'17NF1',11904,56044,84939
'17NF1',11904,56044,92539
'17NF1',11904,56044,100239
'17NF1',11904,56044,103939
'17NF1',11904,56044,111639
'17NF1',11904,56044,115439
'17NF1',11904,56044,123239
'17NF1',11904,56044,131039
'17NF1',11904,56044,134915
'17NF1',11904,56044,142715
'17NF1',11904,56044,150615
'17NF1',11904,56044,154515
'17NF1',11904,56044,162315
'17NF1',11904,56044,170115
'17NF1',11904,56044,173839
'17NF1',11904,56044,181503
'17NF1',11904,56044,185103
'17NF1',11904,56044,192603
'17NF2',11904,56044,73839
'17NF2',11904,56044,81339
'17NF2',11904,56044,84939
'17NF2',11904,56044,92539
'17NF2',11904,56044,100239
'17NF2',11904,56044,103939
'17NF2',11904,56044,111639
'17NF2',11904,56044,115439
'17NF2',11904,56044,123239
'17NF2',11904,56044,131039
'17NF2',11904,56044,134915
'17NF2',11904,56044,142715
'17NF2',11904,56044,150615
'17NF2',11904,56044,154515
'17NF2',11904,56044,162315
'17NF2',11904,56044,170115
'17NF2',11904,56044,173739
'17NF2',11904,56044,181403
'17NF2',11904,56044,185103
'17NF2',11904,56044,192603
'17NF3',11904,56044,73839
'17NF3',11904,56044,81339
'17NF3',11904,56044,84939
'17NF3',11904,56044,92539
'17NF3',11904,56044,100239
'17NF3',11904,56044,103939
'17NF3',11904,56044,111639
'17NF3',11904,56044,115439
'17NF3',11904,56044,123239
'17NF3',11904,56044,131039
'17NF3',11904,56044,134915
'17NF3',11904,56044,142715
'17NF3',11904,56044,150615
'17NF3',11904,56044,154515
'17NF3',11904,56044,162315
'17NF3',11904,56044,170115
'17NF3',11904,56044,173839
'17NF3',11904,56044,181503
'17NF3',11904,56044,185103
'17NF3',11904,56044,192603
'17NF4',11904,56044,73839
'17NF4',11904,56044,81339
'17NF4',11904,56044,84939
'17NF4',11904,56044,92539
'17NF4',11904,56044,100239
'17NF4',11904,56044,103939
'17NF4',11904,56044,111639
'17NF4',11904,56044,115439
'17NF4',11904,56044,123239
'17NF4',11904,56044,131039
'17NF4',11904,56044,134915
'17NF4',11904,56044,142715
'17NF4',11904,56044,150615
'17NF4',11904,56044,154515
'17NF4',11904,56044,162315
'17NF4',11904,56044,170115
'17NF4',11904,56044,173739
'17NF4',11904,56044,181403
'17NF4',11904,56044,185103
'17NF4',11904,56044,192603
'17NI',11904,56044,73839
'17NI',11904,56044,81339
'17NI',11904,56044,84939
'17NI',11904,56044,92539
'17NI',11904,56044,100239
'17NI',11904,56044,103939
'17NI',11904,56044,111639
'17NI',11904,56044,115439
'17NI',11904,56044,123239
'17NI',11904,56044,131039
'17NI',11904,56044,134915
'17NI',11904,56044,142715
'17NI',11904,56044,150615
'17NI',11904,56044,154515
'17NI',11904,56044,162315
'17NI',11904,56044,170115
'17NI',11904,56044,173839
'17NI',11904,56044,181503
'17NI',11904,56044,185103
'17NI',11904,56044,192603
'17NS',11904,56044,71251
'17NS',11904,56044,74728
'17NS',11904,56044,81751
'17NS',11904,56044,85151
'17NS',11904,56044,91839
'17NS',11904,56044,94339
'17NS',11904,56044,100939
'17NS',11904,56044,103539
'17NS',11904,56044,110039
'17NS',11904,56044,112639
'17NS',11904,56044,115239
'17NS',11904,56044,121939
'17NS',11904,56044,124539
'17NS',11904,56044,131239
'17NS',11904,56044,134139
'17NS',11904,56044,140739
'17NS',11904,56044,143515
'17NS',11904,56044,150515
'17NS',11904,56044,153615
'17NS',11904,56044,160715
'17NS',11904,56044,163915
'17NS',11904,56044,170915
'17NS',11904,56044,174115
'17NS',11904,56044,181115
'17NS',11904,56044,184015
'17NS',11904,56044,190739
'17NS',11904,56044,193639
