'17JA',6303,60662,90600
'17JA',6303,60662,93600
'17JA',6303,60662,100700
'17JA',6303,60662,103700
'17JA',6303,60662,111100
'17JA',6303,60662,114100
'17JA',6303,60662,121200
'17JA',6303,60662,124300
'17JA',6303,60662,131300
'17JA',6303,60662,134400
'17JA',6303,60662,141400
'17JA',6303,60662,144500
'17JA',6303,60662,151500
'17JA',6303,60662,154600
'17JA',6303,60662,161500
'17JA',6303,60662,164400
'17JA',6303,60662,171300
'17JA',6303,60662,174200
'17JA',6303,60662,180800
'17JA',6303,60662,183700
'17JA',6304,60662,84500
'17JA',6304,60662,91500
'17JA',6304,60662,94500
'17JA',6304,60662,101500
'17JA',6304,60662,104500
'17JA',6304,60662,111500
'17JA',6304,60662,114500
'17JA',6304,60662,121500
'17JA',6304,60662,124600
'17JA',6304,60662,131600
'17JA',6304,60662,134700
'17JA',6304,60662,141700
'17JA',6304,60662,144800
'17JA',6304,60662,151800
'17JA',6304,60662,154900
'17JA',6304,60662,161800
'17JA',6304,60662,164700
'17JA',6304,60662,171600
'17JA',6304,60662,174500
'17JA',6304,60662,181500
'17JS',6303,60662,63500
'17JS',6303,60662,70200
'17JS',6303,60662,73100
'17JS',6303,60662,80800
'17JS',6303,60662,84300
'17JS',6303,60662,91700
'17JS',6303,60662,94600
'17JS',6303,60662,101700
'17JS',6303,60662,104600
'17JS',6303,60662,111600
'17JS',6303,60662,114600
'17JS',6303,60662,121500
'17JS',6303,60662,124800
'17JS',6303,60662,131900
'17JS',6303,60662,135200
'17JS',6303,60662,142300
'17JS',6303,60662,145600
'17JS',6303,60662,152900
'17JS',6303,60662,160400
'17JS',6303,60662,163600
'17JS',6303,60662,171000
'17JS',6303,60662,174200
'17JS',6303,60662,181300
'17JS',6303,60662,184400
'17JS',6303,60662,191200
'17JS',6303,60662,193800
'17JS',6304,60662,61500
'17JS',6304,60662,64100
'17JS',6304,60662,70800
'17JS',6304,60662,73700
'17JS',6304,60662,81100
'17JS',6304,60662,84600
'17JS',6304,60662,92000
'17JS',6304,60662,95000
'17JS',6304,60662,102000
'17JS',6304,60662,105000
'17JS',6304,60662,111900
'17JS',6304,60662,114800
'17JS',6304,60662,121900
'17JS',6304,60662,125100
'17JS',6304,60662,132200
'17JS',6304,60662,135500
'17JS',6304,60662,142600
'17JS',6304,60662,145900
'17JS',6304,60662,153300
'17JS',6304,60662,160700
'17JS',6304,60662,163900
'17JS',6304,60662,171300
'17JS',6304,60662,174500
'17JS',6304,60662,181600
'17JS',6304,60662,184700
'17JS',6304,60662,191500
