'17NA',1203,56657,82921
'17NA',1203,56657,85621
'17NA',1203,56657,91921
'17NA',1203,56657,94121
'17NA',1203,56657,100321
'17NA',1203,56657,102521
'17NA',1203,56657,104821
'17NA',1203,56657,111021
'17NA',1203,56657,113221
'17NA',1203,56657,115421
'17NA',1203,56657,121621
'17NA',1203,56657,123821
'17NA',1203,56657,130021
'17NA',1203,56657,132221
'17NA',1203,56657,134421
'17NA',1203,56657,140621
'17NA',1203,56657,142821
'17NA',1203,56657,145021
'17NA',1203,56657,151221
'17NA',1203,56657,153521
'17NA',1203,56657,155821
'17NA',1203,56657,162121
'17NA',1203,56657,164321
'17NA',1203,56657,170521
'17NA',1203,56657,172721
'17NA',1203,56657,174921
'17NA',1203,56657,181021
'17NA',1203,56657,183121
'17NA',1203,56657,185221
'17NA',1203,56657,191421
'17NA',1203,56657,193517
'17NA',1203,56657,195617
'17NA',1203,56657,201717
'17NA',1203,56657,203817
'17NA',1203,56657,205917
'17NA',1203,56657,212017
'17NA',1203,56657,214117
'17NA',1203,56657,220117
'17NA',1203,56657,222117
'17NA',1203,56657,224117
'17NA',1203,56657,230417
'17NF1',1203,56657,82917
'17NF1',1203,56657,85217
'17NF1',1203,56657,91517
'17NF1',1203,56657,93817
'17NF1',1203,56657,100017
'17NF1',1203,56657,102217
'17NF1',1203,56657,104317
'17NF1',1203,56657,110417
'17NF1',1203,56657,112617
'17NF1',1203,56657,114817
'17NF1',1203,56657,121017
'17NF1',1203,56657,123217
'17NF1',1203,56657,125417
'17NF1',1203,56657,131617
'17NF1',1203,56657,133817
'17NF1',1203,56657,140017
'17NF1',1203,56657,142217
'17NF1',1203,56657,144417
'17NF1',1203,56657,150717
'17NF1',1203,56657,152917
'17NF1',1203,56657,155117
'17NF1',1203,56657,161317
'17NF1',1203,56657,163517
'17NF1',1203,56657,165817
'17NF1',1203,56657,172117
'17NF1',1203,56657,174417
'17NF1',1203,56657,180717
'17NF1',1203,56657,182917
'17NF1',1203,56657,185017
'17NF1',1203,56657,191117
'17NF1',1203,56657,193217
'17NF1',1203,56657,195317
'17NF1',1203,56657,201517
'17NF1',1203,56657,203717
'17NF1',1203,56657,205817
'17NF1',1203,56657,212017
'17NF1',1203,56657,214117
'17NF1',1203,56657,220217
'17NF1',1203,56657,222317
'17NF1',1203,56657,224417
'17NF1',1203,56657,230417
'17NF2',1203,56657,82917
'17NF2',1203,56657,85217
'17NF2',1203,56657,91517
'17NF2',1203,56657,93817
'17NF2',1203,56657,100017
'17NF2',1203,56657,102217
'17NF2',1203,56657,104317
'17NF2',1203,56657,110417
'17NF2',1203,56657,112617
'17NF2',1203,56657,114817
'17NF2',1203,56657,121017
'17NF2',1203,56657,123217
'17NF2',1203,56657,125417
'17NF2',1203,56657,131617
'17NF2',1203,56657,133817
'17NF2',1203,56657,140017
'17NF2',1203,56657,142217
'17NF2',1203,56657,144417
'17NF2',1203,56657,150717
'17NF2',1203,56657,152917
'17NF2',1203,56657,155117
'17NF2',1203,56657,161317
'17NF2',1203,56657,163517
'17NF2',1203,56657,165817
'17NF2',1203,56657,172117
'17NF2',1203,56657,174417
'17NF2',1203,56657,180717
'17NF2',1203,56657,182917
'17NF2',1203,56657,185017
'17NF2',1203,56657,191117
'17NF2',1203,56657,193217
'17NF2',1203,56657,195317
'17NF2',1203,56657,201517
'17NF2',1203,56657,203717
'17NF2',1203,56657,205817
'17NF2',1203,56657,212017
'17NF2',1203,56657,214117
'17NF2',1203,56657,220217
'17NF2',1203,56657,222317
'17NF2',1203,56657,224417
'17NF2',1203,56657,230417
'17NF3',1203,56657,82917
'17NF3',1203,56657,85217
'17NF3',1203,56657,91517
'17NF3',1203,56657,93817
'17NF3',1203,56657,100017
'17NF3',1203,56657,102217
'17NF3',1203,56657,104317
'17NF3',1203,56657,110417
'17NF3',1203,56657,112617
'17NF3',1203,56657,114817
'17NF3',1203,56657,121017
'17NF3',1203,56657,123217
'17NF3',1203,56657,125417
'17NF3',1203,56657,131617
'17NF3',1203,56657,133817
'17NF3',1203,56657,140017
'17NF3',1203,56657,142217
'17NF3',1203,56657,144417
'17NF3',1203,56657,150717
'17NF3',1203,56657,152917
'17NF3',1203,56657,155117
'17NF3',1203,56657,161317
'17NF3',1203,56657,163517
'17NF3',1203,56657,165817
'17NF3',1203,56657,172117
'17NF3',1203,56657,174417
'17NF3',1203,56657,180717
'17NF3',1203,56657,182917
'17NF3',1203,56657,185017
'17NF3',1203,56657,191117
'17NF3',1203,56657,193217
'17NF3',1203,56657,195317
'17NF3',1203,56657,201517
'17NF3',1203,56657,203717
'17NF3',1203,56657,205817
'17NF3',1203,56657,212017
'17NF3',1203,56657,214117
'17NF3',1203,56657,220217
'17NF3',1203,56657,222317
'17NF3',1203,56657,224417
'17NF3',1203,56657,230417
'17NF4',1203,56657,82917
'17NF4',1203,56657,85217
'17NF4',1203,56657,91517
'17NF4',1203,56657,93817
'17NF4',1203,56657,100017
'17NF4',1203,56657,102217
'17NF4',1203,56657,104317
'17NF4',1203,56657,110417
'17NF4',1203,56657,112617
'17NF4',1203,56657,114817
'17NF4',1203,56657,121017
'17NF4',1203,56657,123217
'17NF4',1203,56657,125417
'17NF4',1203,56657,131617
'17NF4',1203,56657,133817
'17NF4',1203,56657,140017
'17NF4',1203,56657,142217
'17NF4',1203,56657,144417
'17NF4',1203,56657,150717
'17NF4',1203,56657,152917
'17NF4',1203,56657,155117
'17NF4',1203,56657,161317
'17NF4',1203,56657,163517
'17NF4',1203,56657,165817
'17NF4',1203,56657,172117
'17NF4',1203,56657,174417
'17NF4',1203,56657,180717
'17NF4',1203,56657,182917
'17NF4',1203,56657,185017
'17NF4',1203,56657,191117
'17NF4',1203,56657,193217
'17NF4',1203,56657,195317
'17NF4',1203,56657,201517
'17NF4',1203,56657,203717
'17NF4',1203,56657,205817
'17NF4',1203,56657,212017
'17NF4',1203,56657,214117
'17NF4',1203,56657,220217
'17NF4',1203,56657,222317
'17NF4',1203,56657,224417
'17NF4',1203,56657,230417
'17NI',1203,56657,82917
'17NI',1203,56657,85217
'17NI',1203,56657,91517
'17NI',1203,56657,93817
'17NI',1203,56657,100017
'17NI',1203,56657,102217
'17NI',1203,56657,104317
'17NI',1203,56657,110417
'17NI',1203,56657,112617
'17NI',1203,56657,114817
'17NI',1203,56657,121017
'17NI',1203,56657,123217
'17NI',1203,56657,125417
'17NI',1203,56657,131617
'17NI',1203,56657,133817
'17NI',1203,56657,140017
'17NI',1203,56657,142217
'17NI',1203,56657,144417
'17NI',1203,56657,150717
'17NI',1203,56657,152917
'17NI',1203,56657,155117
'17NI',1203,56657,161317
'17NI',1203,56657,163517
'17NI',1203,56657,165817
'17NI',1203,56657,172117
'17NI',1203,56657,174417
'17NI',1203,56657,180717
'17NI',1203,56657,182917
'17NI',1203,56657,185017
'17NI',1203,56657,191117
'17NI',1203,56657,193217
'17NI',1203,56657,195317
'17NI',1203,56657,201517
'17NI',1203,56657,203717
'17NI',1203,56657,205817
'17NI',1203,56657,212017
'17NI',1203,56657,214117
'17NI',1203,56657,220217
'17NI',1203,56657,222317
'17NI',1203,56657,224417
'17NI',1203,56657,230417
'17NS',1203,56657,60521
'17NS',1203,56657,63521
'17NS',1203,56657,70826
'17NS',1203,56657,72826
'17NS',1203,56657,74834
'17NS',1203,56657,80621
'17NS',1203,56657,82821
'17NS',1203,56657,85321
'17NS',1203,56657,92221
'17NS',1203,56657,95221
'17NS',1203,56657,102221
'17NS',1203,56657,105221
'17NS',1203,56657,112221
'17NS',1203,56657,115221
'17NS',1203,56657,122221
'17NS',1203,56657,125221
'17NS',1203,56657,132221
'17NS',1203,56657,135221
'17NS',1203,56657,142221
'17NS',1203,56657,145021
'17NS',1203,56657,151721
'17NS',1203,56657,154321
'17NS',1203,56657,160921
'17NS',1203,56657,163521
'17NS',1203,56657,170421
'17NS',1203,56657,173421
'17NS',1203,56657,180421
'17NS',1203,56657,183517
'17NS',1203,56657,190417
'17NS',1203,56657,193017
'17NS',1203,56657,195617
'17NS',1203,56657,202217
'17NS',1203,56657,204717
'17NS',1203,56657,211317
'17NS',1203,56657,214017
'17NS',1203,56657,220717
'17NS',1203,56657,223417
'17NS',1203,56657,230417
'17NA',16803,56657,60300
'17NA',16803,56657,63500
'17NA',16803,56657,70600
'17NA',16803,56657,73700
'17NA',16803,56657,80800
'17NA',16803,56657,82200
'17NA',16803,56657,83600
'17NA',16803,56657,84900
'17NA',16803,56657,90900
'17NA',16803,56657,92900
'17NA',16803,56657,94900
'17NA',16803,56657,101100
'17NA',16803,56657,103300
'17NA',16803,56657,105700
'17NA',16803,56657,112100
'17NA',16803,56657,114500
'17NA',16803,56657,120800
'17NA',16803,56657,122800
'17NA',16803,56657,124700
'17NA',16803,56657,130500
'17NA',16803,56657,132400
'17NA',16803,56657,134300
'17NA',16803,56657,140100
'17NA',16803,56657,142000
'17NA',16803,56657,144200
'17NA',16803,56657,150400
'17NA',16803,56657,152600
'17NA',16803,56657,154900
'17NA',16803,56657,161400
'17NA',16803,56657,163800
'17NA',16803,56657,170200
'17NA',16803,56657,173100
'17NA',16803,56657,180300
'17NA',16803,56657,183500
'17NA',16803,56657,190700
'17NA',16803,56657,193800
'17NA',16803,56657,200800
'17NA',16803,56657,203800
'17NA',16803,56657,210900
'17NA',16803,56657,214000
'17NA',16803,56657,221100
'17NA',16803,56657,224200
'17NA',16803,56657,231300
'17NA',16803,56657,234300
'17NA',16803,56657,241300
'17NA',16803,56657,244300
'17NA',16803,56657,251500
'17NA',16803,56657,254700
'17NA',16803,56657,261300
'17NF1',16803,56657,60400
'17NF1',16803,56657,63500
'17NF1',16803,56657,70600
'17NF1',16803,56657,73700
'17NF1',16803,56657,80600
'17NF1',16803,56657,83500
'17NF1',16803,56657,90400
'17NF1',16803,56657,93400
'17NF1',16803,56657,100400
'17NF1',16803,56657,103400
'17NF1',16803,56657,110400
'17NF1',16803,56657,112700
'17NF1',16803,56657,114900
'17NF1',16803,56657,121100
'17NF1',16803,56657,123000
'17NF1',16803,56657,124900
'17NF1',16803,56657,130900
'17NF1',16803,56657,132900
'17NF1',16803,56657,134900
'17NF1',16803,56657,141400
'17NF1',16803,56657,143900
'17NF1',16803,56657,150500
'17NF1',16803,56657,153100
'17NF1',16803,56657,160200
'17NF1',16803,56657,163400
'17NF1',16803,56657,170600
'17NF1',16803,56657,173800
'17NF1',16803,56657,181000
'17NF1',16803,56657,184200
'17NF1',16803,56657,191400
'17NF1',16803,56657,194600
'17NF1',16803,56657,201600
'17NF1',16803,56657,204600
'17NF1',16803,56657,211600
'17NF1',16803,56657,214600
'17NF1',16803,56657,221600
'17NF1',16803,56657,224600
'17NF1',16803,56657,231600
'17NF1',16803,56657,234500
'17NF1',16803,56657,241500
'17NF1',16803,56657,244500
'17NF1',16803,56657,251500
'17NF1',16803,56657,254500
'17NF2',16803,56657,60300
'17NF2',16803,56657,63500
'17NF2',16803,56657,70600
'17NF2',16803,56657,73700
'17NF2',16803,56657,80800
'17NF2',16803,56657,82200
'17NF2',16803,56657,83600
'17NF2',16803,56657,84900
'17NF2',16803,56657,90900
'17NF2',16803,56657,92900
'17NF2',16803,56657,94900
'17NF2',16803,56657,101100
'17NF2',16803,56657,103300
'17NF2',16803,56657,105700
'17NF2',16803,56657,112100
'17NF2',16803,56657,114500
'17NF2',16803,56657,120800
'17NF2',16803,56657,122800
'17NF2',16803,56657,124700
'17NF2',16803,56657,130500
'17NF2',16803,56657,132400
'17NF2',16803,56657,134300
'17NF2',16803,56657,140100
'17NF2',16803,56657,142000
'17NF2',16803,56657,144200
'17NF2',16803,56657,150400
'17NF2',16803,56657,152600
'17NF2',16803,56657,154900
'17NF2',16803,56657,161400
'17NF2',16803,56657,163800
'17NF2',16803,56657,170200
'17NF2',16803,56657,173100
'17NF2',16803,56657,180300
'17NF2',16803,56657,183500
'17NF2',16803,56657,190700
'17NF2',16803,56657,193800
'17NF2',16803,56657,200800
'17NF2',16803,56657,203800
'17NF2',16803,56657,210900
'17NF2',16803,56657,214000
'17NF2',16803,56657,221100
'17NF2',16803,56657,224200
'17NF2',16803,56657,231300
'17NF2',16803,56657,234300
'17NF2',16803,56657,241300
'17NF2',16803,56657,244300
'17NF2',16803,56657,251400
'17NF2',16803,56657,254500
'17NF3',16803,56657,60400
'17NF3',16803,56657,63500
'17NF3',16803,56657,70600
'17NF3',16803,56657,73700
'17NF3',16803,56657,80600
'17NF3',16803,56657,83500
'17NF3',16803,56657,90400
'17NF3',16803,56657,93400
'17NF3',16803,56657,100400
'17NF3',16803,56657,103400
'17NF3',16803,56657,110400
'17NF3',16803,56657,112700
'17NF3',16803,56657,114900
'17NF3',16803,56657,121100
'17NF3',16803,56657,123000
'17NF3',16803,56657,124900
'17NF3',16803,56657,130900
'17NF3',16803,56657,132900
'17NF3',16803,56657,134900
'17NF3',16803,56657,141400
'17NF3',16803,56657,143900
'17NF3',16803,56657,150500
'17NF3',16803,56657,153100
'17NF3',16803,56657,160200
'17NF3',16803,56657,163400
'17NF3',16803,56657,170600
'17NF3',16803,56657,173800
'17NF3',16803,56657,181000
'17NF3',16803,56657,184200
'17NF3',16803,56657,191400
'17NF3',16803,56657,194600
'17NF3',16803,56657,201600
'17NF3',16803,56657,204600
'17NF3',16803,56657,211600
'17NF3',16803,56657,214600
'17NF3',16803,56657,221600
'17NF3',16803,56657,224600
'17NF3',16803,56657,231600
'17NF3',16803,56657,234500
'17NF3',16803,56657,241500
'17NF3',16803,56657,244500
'17NF3',16803,56657,251500
'17NF3',16803,56657,254500
'17NF4',16803,56657,60300
'17NF4',16803,56657,63500
'17NF4',16803,56657,70600
'17NF4',16803,56657,73700
'17NF4',16803,56657,80800
'17NF4',16803,56657,82200
'17NF4',16803,56657,83600
'17NF4',16803,56657,84900
'17NF4',16803,56657,90900
'17NF4',16803,56657,92900
'17NF4',16803,56657,94900
'17NF4',16803,56657,101100
'17NF4',16803,56657,103300
'17NF4',16803,56657,105700
'17NF4',16803,56657,112100
'17NF4',16803,56657,114500
'17NF4',16803,56657,120800
'17NF4',16803,56657,122800
'17NF4',16803,56657,124700
'17NF4',16803,56657,130500
'17NF4',16803,56657,132400
'17NF4',16803,56657,134300
'17NF4',16803,56657,140100
'17NF4',16803,56657,142000
'17NF4',16803,56657,144200
'17NF4',16803,56657,150400
'17NF4',16803,56657,152600
'17NF4',16803,56657,154900
'17NF4',16803,56657,161400
'17NF4',16803,56657,163800
'17NF4',16803,56657,170200
'17NF4',16803,56657,173100
'17NF4',16803,56657,180300
'17NF4',16803,56657,183500
'17NF4',16803,56657,190700
'17NF4',16803,56657,193800
'17NF4',16803,56657,200800
'17NF4',16803,56657,203800
'17NF4',16803,56657,210900
'17NF4',16803,56657,214000
'17NF4',16803,56657,221100
'17NF4',16803,56657,224200
'17NF4',16803,56657,231300
'17NF4',16803,56657,234300
'17NF4',16803,56657,241300
'17NF4',16803,56657,244300
'17NF4',16803,56657,251400
'17NF4',16803,56657,254500
'17NI',16803,56657,60400
'17NI',16803,56657,63500
'17NI',16803,56657,70600
'17NI',16803,56657,73700
'17NI',16803,56657,80600
'17NI',16803,56657,83500
'17NI',16803,56657,90400
'17NI',16803,56657,93400
'17NI',16803,56657,100400
'17NI',16803,56657,103400
'17NI',16803,56657,110400
'17NI',16803,56657,112700
'17NI',16803,56657,114900
'17NI',16803,56657,121100
'17NI',16803,56657,123000
'17NI',16803,56657,124900
'17NI',16803,56657,130900
'17NI',16803,56657,132900
'17NI',16803,56657,134900
'17NI',16803,56657,141400
'17NI',16803,56657,143900
'17NI',16803,56657,150500
'17NI',16803,56657,153100
'17NI',16803,56657,160200
'17NI',16803,56657,163400
'17NI',16803,56657,170600
'17NI',16803,56657,173800
'17NI',16803,56657,181000
'17NI',16803,56657,184200
'17NI',16803,56657,191400
'17NI',16803,56657,194600
'17NI',16803,56657,201600
'17NI',16803,56657,204600
'17NI',16803,56657,211600
'17NI',16803,56657,214600
'17NI',16803,56657,221600
'17NI',16803,56657,224600
'17NI',16803,56657,231600
'17NI',16803,56657,234500
'17NI',16803,56657,241500
'17NI',16803,56657,244500
'17NI',16803,56657,251500
'17NI',16803,56657,254500
'17NS',16803,56657,51600
'17NS',16803,56657,54100
'17NS',16803,56657,60200
'17NS',16803,56657,61400
'17NS',16803,56657,62600
'17NS',16803,56657,63700
'17NS',16803,56657,64700
'17NS',16803,56657,65700
'17NS',16803,56657,70200
'17NS',16803,56657,70700
'17NS',16803,56657,71400
'17NS',16803,56657,71800
'17NS',16803,56657,72200
'17NS',16803,56657,72400
'17NS',16803,56657,72700
'17NS',16803,56657,73300
'17NS',16803,56657,73800
'17NS',16803,56657,74100
'17NS',16803,56657,74400
'17NS',16803,56657,74800
'17NS',16803,56657,75000
'17NS',16803,56657,75200
'17NS',16803,56657,75600
'17NS',16803,56657,75900
'17NS',16803,56657,80200
'17NS',16803,56657,80500
'17NS',16803,56657,80900
'17NS',16803,56657,81400
'17NS',16803,56657,81900
'17NS',16803,56657,82300
'17NS',16803,56657,82800
'17NS',16803,56657,83000
'17NS',16803,56657,83200
'17NS',16803,56657,83500
'17NS',16803,56657,83800
'17NS',16803,56657,84200
'17NS',16803,56657,84600
'17NS',16803,56657,84800
'17NS',16803,56657,85400
'17NS',16803,56657,85800
'17NS',16803,56657,90200
'17NS',16803,56657,91100
'17NS',16803,56657,92000
'17NS',16803,56657,92900
'17NS',16803,56657,93900
'17NS',16803,56657,94900
'17NS',16803,56657,100300
'17NS',16803,56657,101700
'17NS',16803,56657,103100
'17NS',16803,56657,104700
'17NS',16803,56657,110300
'17NS',16803,56657,111900
'17NS',16803,56657,113500
'17NS',16803,56657,114700
'17NS',16803,56657,115900
'17NS',16803,56657,121100
'17NS',16803,56657,122500
'17NS',16803,56657,123900
'17NS',16803,56657,125300
'17NS',16803,56657,130700
'17NS',16803,56657,132300
'17NS',16803,56657,134100
'17NS',16803,56657,135900
'17NS',16803,56657,142000
'17NS',16803,56657,144100
'17NS',16803,56657,150200
'17NS',16803,56657,151700
'17NS',16803,56657,153200
'17NS',16803,56657,154700
'17NS',16803,56657,160200
'17NS',16803,56657,161000
'17NS',16803,56657,161600
'17NS',16803,56657,162000
'17NS',16803,56657,162400
'17NS',16803,56657,163000
'17NS',16803,56657,163600
'17NS',16803,56657,164500
'17NS',16803,56657,165300
'17NS',16803,56657,165900
'17NS',16803,56657,170500
'17NS',16803,56657,171100
'17NS',16803,56657,171700
'17NS',16803,56657,172400
'17NS',16803,56657,173300
'17NS',16803,56657,174200
'17NS',16803,56657,175200
'17NS',16803,56657,180800
'17NS',16803,56657,183600
'17NS',16803,56657,190600
'17NS',16803,56657,193600
'17NS',16803,56657,200600
'17NS',16803,56657,203700
'17NS',16803,56657,210900
'17NS',16803,56657,214100
'17NS',16803,56657,220900
'17NS',16803,56657,224000
'17NS',16803,56657,231200
'17NS',16803,56657,234300
'17NS',16803,56657,241500
'17NS',16803,56657,244600
'17NS',16803,56657,251700
'17NS',16803,56657,254500
