'16MF1',3901,60491,63421
'16MF1',3901,60491,73714
'16MF1',3901,60491,83714
'16MF1',3901,60491,90714
'16MF1',3901,60491,155421
'16MF1',3901,60491,165321
'16MF1',3901,60491,175034
'16MF1',3901,60491,182034
'16MF2',3901,60491,63421
'16MF2',3901,60491,73714
'16MF2',3901,60491,83714
'16MF2',3901,60491,90714
'16MF2',3901,60491,155421
'16MF2',3901,60491,165321
'16MF2',3901,60491,175034
'16MF2',3901,60491,182034
'16MS',3901,60491,63421
'16MS',3901,60491,70614
'16MS',3901,60491,73714
'16MS',3901,60491,80714
'16MS',3901,60491,83714
'16MS',3901,60491,90714
'16MS',3901,60491,155421
'16MS',3901,60491,162321
'16MS',3901,60491,165321
'16MS',3901,60491,172227
'16MS',3901,60491,175034
'16MS',3901,60491,182034
