'16MA',11002,56957,55807
'16MA',11002,56957,63007
'16MA',11002,56957,70107
'16MA',11002,56957,73107
'16MA',11002,56957,80207
'16MA',11002,56957,83107
'16MA',11002,56957,90007
'16MA',11002,56957,92907
'16MA',11002,56957,95944
'16MA',11002,56957,102944
'16MA',11002,56957,110044
'16MA',11002,56957,113144
'16MA',11002,56957,120244
'16MA',11002,56957,123444
'16MA',11002,56957,130721
'16MA',11002,56957,133821
'16MA',11002,56957,140321
'16MA',11002,56957,142721
'16MA',11002,56957,145121
'16MA',11002,56957,151621
'16MA',11002,56957,154221
'16MA',11002,56957,160821
'16MA',11002,56957,163321
'16MA',11002,56957,165421
'16MA',11002,56957,171421
'16MA',11002,56957,173421
'16MA',11002,56957,175421
'16MA',11002,56957,181421
'16MA',11002,56957,183521
'16MA',11002,56957,185521
'16MA',11002,56957,191544
'16MA',11002,56957,194344
'16MA',11002,56957,201244
'16MA',11002,56957,204144
'16MA',11002,56957,211144
'16MA',11002,56957,214044
'16MA',11002,56957,220944
'16MA',11002,56957,223707
'16MA',11002,56957,230607
'16MA',11002,56957,233507
'16MA',11002,56957,240307
'16MA',11002,56957,243007
'16MA',11002,56957,245607
'16MA',11002,56957,252407
'16MA',11002,56957,255107
'16MA',11002,56957,261607
'16MF1',11002,56957,55807
'16MF1',11002,56957,63007
'16MF1',11002,56957,70107
'16MF1',11002,56957,73107
'16MF1',11002,56957,80207
'16MF1',11002,56957,83107
'16MF1',11002,56957,90007
'16MF1',11002,56957,92907
'16MF1',11002,56957,95944
'16MF1',11002,56957,102944
'16MF1',11002,56957,110044
'16MF1',11002,56957,113144
'16MF1',11002,56957,120244
'16MF1',11002,56957,123444
'16MF1',11002,56957,130721
'16MF1',11002,56957,133821
'16MF1',11002,56957,140321
'16MF1',11002,56957,142721
'16MF1',11002,56957,145121
'16MF1',11002,56957,151621
'16MF1',11002,56957,154221
'16MF1',11002,56957,160821
'16MF1',11002,56957,163321
'16MF1',11002,56957,165421
'16MF1',11002,56957,171421
'16MF1',11002,56957,173421
'16MF1',11002,56957,175421
'16MF1',11002,56957,181421
'16MF1',11002,56957,183521
'16MF1',11002,56957,185521
'16MF1',11002,56957,191544
'16MF1',11002,56957,194344
'16MF1',11002,56957,201244
'16MF1',11002,56957,204144
'16MF1',11002,56957,211144
'16MF1',11002,56957,214044
'16MF1',11002,56957,220944
'16MF1',11002,56957,223707
'16MF1',11002,56957,230607
'16MF1',11002,56957,233507
'16MF1',11002,56957,240307
'16MF1',11002,56957,243007
'16MF1',11002,56957,245607
'16MF1',11002,56957,252407
'16MF1',11002,56957,255107
'16MF2',11002,56957,55807
'16MF2',11002,56957,63007
'16MF2',11002,56957,70107
'16MF2',11002,56957,73107
'16MF2',11002,56957,80207
'16MF2',11002,56957,83107
'16MF2',11002,56957,90007
'16MF2',11002,56957,92907
'16MF2',11002,56957,95944
'16MF2',11002,56957,102944
'16MF2',11002,56957,110044
'16MF2',11002,56957,113144
'16MF2',11002,56957,120244
'16MF2',11002,56957,123444
'16MF2',11002,56957,130721
'16MF2',11002,56957,133821
'16MF2',11002,56957,140321
'16MF2',11002,56957,142721
'16MF2',11002,56957,145121
'16MF2',11002,56957,151621
'16MF2',11002,56957,154221
'16MF2',11002,56957,160821
'16MF2',11002,56957,163321
'16MF2',11002,56957,165421
'16MF2',11002,56957,171421
'16MF2',11002,56957,173421
'16MF2',11002,56957,175421
'16MF2',11002,56957,181421
'16MF2',11002,56957,183521
'16MF2',11002,56957,185521
'16MF2',11002,56957,191544
'16MF2',11002,56957,194344
'16MF2',11002,56957,201244
'16MF2',11002,56957,204144
'16MF2',11002,56957,211144
'16MF2',11002,56957,214044
'16MF2',11002,56957,220944
'16MF2',11002,56957,223707
'16MF2',11002,56957,230607
'16MF2',11002,56957,233507
'16MF2',11002,56957,240307
'16MF2',11002,56957,243007
'16MF2',11002,56957,245607
'16MF2',11002,56957,252407
'16MF2',11002,56957,255107
'16MF3',11002,56957,63029
'16MF3',11002,56957,70029
'16MF3',11002,56957,73129
'16MF3',11002,56957,80229
'16MF3',11002,56957,83329
'16MF3',11002,56957,90607
'16MF3',11002,56957,93607
'16MF3',11002,56957,100644
'16MF3',11002,56957,103544
'16MF3',11002,56957,110444
'16MF3',11002,56957,113644
'16MF3',11002,56957,120744
'16MF3',11002,56957,123744
'16MF3',11002,56957,130744
'16MF3',11002,56957,133944
'16MF3',11002,56957,141144
'16MF3',11002,56957,144344
'16MF3',11002,56957,151444
'16MF3',11002,56957,154744
'16MF3',11002,56957,161844
'16MF3',11002,56957,165044
'16MF3',11002,56957,172144
'16MF3',11002,56957,174244
'16MF3',11002,56957,180244
'16MF3',11002,56957,182144
'16MF3',11002,56957,185044
'16MF3',11002,56957,191944
'16MF3',11002,56957,194744
'16MF3',11002,56957,201644
'16MF3',11002,56957,204444
'16MF3',11002,56957,211344
'16MF3',11002,56957,214044
'16MF3',11002,56957,220907
'16MF3',11002,56957,223807
'16MF3',11002,56957,231107
'16MF3',11002,56957,234407
'16MF3',11002,56957,241807
'16MF3',11002,56957,245107
'16MF3',11002,56957,251907
'16MF3',11002,56957,254407
'16MI',11002,56957,63029
'16MI',11002,56957,70029
'16MI',11002,56957,73129
'16MI',11002,56957,80229
'16MI',11002,56957,83329
'16MI',11002,56957,90607
'16MI',11002,56957,93607
'16MI',11002,56957,100644
'16MI',11002,56957,103544
'16MI',11002,56957,110444
'16MI',11002,56957,113644
'16MI',11002,56957,120744
'16MI',11002,56957,123744
'16MI',11002,56957,130744
'16MI',11002,56957,133944
'16MI',11002,56957,141144
'16MI',11002,56957,144344
'16MI',11002,56957,151444
'16MI',11002,56957,154744
'16MI',11002,56957,161844
'16MI',11002,56957,165044
'16MI',11002,56957,172144
'16MI',11002,56957,174244
'16MI',11002,56957,180244
'16MI',11002,56957,182144
'16MI',11002,56957,185044
'16MI',11002,56957,191944
'16MI',11002,56957,194744
'16MI',11002,56957,201644
'16MI',11002,56957,204444
'16MI',11002,56957,211344
'16MI',11002,56957,214044
'16MI',11002,56957,220907
'16MI',11002,56957,223807
'16MI',11002,56957,231107
'16MI',11002,56957,234407
'16MI',11002,56957,241807
'16MI',11002,56957,245107
'16MI',11002,56957,251907
'16MI',11002,56957,254407
'16MS',11002,56957,54007
'16MS',11002,56957,61007
'16MS',11002,56957,64344
'16MS',11002,56957,71444
'16MS',11002,56957,74544
'16MS',11002,56957,81744
'16MS',11002,56957,84607
'16MS',11002,56957,91607
'16MS',11002,56957,94507
'16MS',11002,56957,101407
'16MS',11002,56957,104207
'16MS',11002,56957,111107
'16MS',11002,56957,114107
'16MS',11002,56957,121107
'16MS',11002,56957,124107
'16MS',11002,56957,131007
'16MS',11002,56957,133707
'16MS',11002,56957,140207
'16MS',11002,56957,142707
'16MS',11002,56957,145107
'16MS',11002,56957,151444
'16MS',11002,56957,153644
'16MS',11002,56957,160044
'16MS',11002,56957,162444
'16MS',11002,56957,164144
'16MS',11002,56957,165744
'16MS',11002,56957,171144
'16MS',11002,56957,172644
'16MS',11002,56957,174144
'16MS',11002,56957,175644
'16MS',11002,56957,181444
'16MS',11002,56957,183444
'16MS',11002,56957,185544
'16MS',11002,56957,191744
'16MS',11002,56957,194744
'16MS',11002,56957,201744
'16MS',11002,56957,204744
'16MS',11002,56957,211744
'16MS',11002,56957,214744
'16MS',11002,56957,221644
'16MS',11002,56957,224744
'16MS',11002,56957,231844
'16MS',11002,56957,234944
'16MS',11002,56957,242044
'16MS',11002,56957,244907
'16MS',11002,56957,251807
'16MS',11002,56957,254607
'16MA',12303,56957,55323
'16MA',12303,56957,62423
'16MA',12303,56957,65423
'16MA',12303,56957,72423
'16MA',12303,56957,75423
'16MA',12303,56957,82423
'16MA',12303,56957,85523
'16MA',12303,56957,92623
'16MA',12303,56957,95829
'16MA',12303,56957,103029
'16MA',12303,56957,110229
'16MA',12303,56957,113529
'16MA',12303,56957,120829
'16MA',12303,56957,123129
'16MA',12303,56957,125429
'16MA',12303,56957,131729
'16MA',12303,56957,134029
'16MA',12303,56957,140229
'16MA',12303,56957,142529
'16MA',12303,56957,144829
'16MA',12303,56957,151029
'16MA',12303,56957,153329
'16MA',12303,56957,155629
'16MA',12303,56957,161829
'16MA',12303,56957,164129
'16MA',12303,56957,170429
'16MA',12303,56957,172629
'16MA',12303,56957,174929
'16MA',12303,56957,181129
'16MA',12303,56957,183323
'16MA',12303,56957,185523
'16MA',12303,56957,191823
'16MA',12303,56957,194023
'16MA',12303,56957,200223
'16MA',12303,56957,202523
'16MA',12303,56957,205123
'16MA',12303,56957,212123
'16MA',12303,56957,215223
'16MA',12303,56957,222323
'16MA',12303,56957,225423
'16MA',12303,56957,232523
'16MA',12303,56957,235523
'16MF1',12303,56957,55323
'16MF1',12303,56957,62423
'16MF1',12303,56957,65423
'16MF1',12303,56957,72423
'16MF1',12303,56957,75423
'16MF1',12303,56957,82423
'16MF1',12303,56957,85523
'16MF1',12303,56957,92623
'16MF1',12303,56957,95829
'16MF1',12303,56957,103029
'16MF1',12303,56957,110229
'16MF1',12303,56957,113529
'16MF1',12303,56957,120829
'16MF1',12303,56957,123129
'16MF1',12303,56957,125429
'16MF1',12303,56957,131729
'16MF1',12303,56957,134029
'16MF1',12303,56957,140229
'16MF1',12303,56957,142529
'16MF1',12303,56957,144829
'16MF1',12303,56957,151029
'16MF1',12303,56957,153329
'16MF1',12303,56957,155629
'16MF1',12303,56957,161829
'16MF1',12303,56957,164129
'16MF1',12303,56957,170429
'16MF1',12303,56957,172629
'16MF1',12303,56957,174929
'16MF1',12303,56957,181129
'16MF1',12303,56957,183323
'16MF1',12303,56957,185523
'16MF1',12303,56957,191823
'16MF1',12303,56957,194023
'16MF1',12303,56957,200223
'16MF1',12303,56957,202523
'16MF1',12303,56957,205123
'16MF1',12303,56957,212123
'16MF1',12303,56957,215223
'16MF1',12303,56957,222323
'16MF1',12303,56957,225423
'16MF1',12303,56957,232523
'16MF1',12303,56957,235523
'16MF2',12303,56957,55323
'16MF2',12303,56957,62423
'16MF2',12303,56957,65423
'16MF2',12303,56957,72423
'16MF2',12303,56957,75423
'16MF2',12303,56957,82423
'16MF2',12303,56957,85523
'16MF2',12303,56957,92623
'16MF2',12303,56957,95829
'16MF2',12303,56957,103029
'16MF2',12303,56957,110229
'16MF2',12303,56957,113529
'16MF2',12303,56957,120829
'16MF2',12303,56957,123129
'16MF2',12303,56957,125429
'16MF2',12303,56957,131729
'16MF2',12303,56957,134029
'16MF2',12303,56957,140229
'16MF2',12303,56957,142529
'16MF2',12303,56957,144829
'16MF2',12303,56957,151029
'16MF2',12303,56957,153329
'16MF2',12303,56957,155629
'16MF2',12303,56957,161829
'16MF2',12303,56957,164129
'16MF2',12303,56957,170429
'16MF2',12303,56957,172629
'16MF2',12303,56957,174929
'16MF2',12303,56957,181129
'16MF2',12303,56957,183323
'16MF2',12303,56957,185523
'16MF2',12303,56957,191823
'16MF2',12303,56957,194023
'16MF2',12303,56957,200223
'16MF2',12303,56957,202523
'16MF2',12303,56957,205123
'16MF2',12303,56957,212123
'16MF2',12303,56957,215223
'16MF2',12303,56957,222323
'16MF2',12303,56957,225423
'16MF2',12303,56957,232523
'16MF2',12303,56957,235523
'16MF3',12303,56957,55323
'16MF3',12303,56957,62123
'16MF3',12303,56957,64923
'16MF3',12303,56957,71723
'16MF3',12303,56957,74523
'16MF3',12303,56957,81323
'16MF3',12303,56957,84123
'16MF3',12303,56957,90923
'16MF3',12303,56957,93723
'16MF3',12303,56957,100923
'16MF3',12303,56957,104123
'16MF3',12303,56957,111323
'16MF3',12303,56957,114523
'16MF3',12303,56957,121723
'16MF3',12303,56957,124923
'16MF3',12303,56957,132123
'16MF3',12303,56957,135323
'16MF3',12303,56957,142523
'16MF3',12303,56957,145723
'16MF3',12303,56957,152923
'16MF3',12303,56957,160123
'16MF3',12303,56957,163323
'16MF3',12303,56957,170523
'16MF3',12303,56957,173723
'16MF3',12303,56957,180923
'16MF3',12303,56957,184023
'16MF3',12303,56957,191123
'16MF3',12303,56957,194223
'16MF3',12303,56957,201323
'16MF3',12303,56957,204423
'16MF3',12303,56957,211523
'16MF3',12303,56957,214423
'16MF3',12303,56957,221223
'16MF3',12303,56957,224123
'16MF3',12303,56957,230923
'16MF3',12303,56957,233823
'16MF3',12303,56957,240623
'16MI',12303,56957,55323
'16MI',12303,56957,62123
'16MI',12303,56957,64923
'16MI',12303,56957,71723
'16MI',12303,56957,74523
'16MI',12303,56957,81323
'16MI',12303,56957,84123
'16MI',12303,56957,90923
'16MI',12303,56957,93723
'16MI',12303,56957,100923
'16MI',12303,56957,104123
'16MI',12303,56957,111323
'16MI',12303,56957,114523
'16MI',12303,56957,121723
'16MI',12303,56957,124923
'16MI',12303,56957,132123
'16MI',12303,56957,135323
'16MI',12303,56957,142523
'16MI',12303,56957,145723
'16MI',12303,56957,152923
'16MI',12303,56957,160123
'16MI',12303,56957,163323
'16MI',12303,56957,170523
'16MI',12303,56957,173723
'16MI',12303,56957,180923
'16MI',12303,56957,184023
'16MI',12303,56957,191123
'16MI',12303,56957,194223
'16MI',12303,56957,201323
'16MI',12303,56957,204423
'16MI',12303,56957,211523
'16MI',12303,56957,214423
'16MI',12303,56957,221223
'16MI',12303,56957,224123
'16MI',12303,56957,230923
'16MI',12303,56957,233823
'16MI',12303,56957,240623
'16MS',12303,56957,53323
'16MS',12303,56957,60529
'16MS',12303,56957,63129
'16MS',12303,56957,65629
'16MS',12303,56957,71835
'16MS',12303,56957,73835
'16MS',12303,56957,75835
'16MS',12303,56957,82435
'16MS',12303,56957,85035
'16MS',12303,56957,91535
'16MS',12303,56957,93935
'16MS',12303,56957,100335
'16MS',12303,56957,102635
'16MS',12303,56957,104935
'16MS',12303,56957,111335
'16MS',12303,56957,113635
'16MS',12303,56957,115935
'16MS',12303,56957,122335
'16MS',12303,56957,124835
'16MS',12303,56957,131235
'16MS',12303,56957,133635
'16MS',12303,56957,140135
'16MS',12303,56957,142635
'16MS',12303,56957,145335
'16MS',12303,56957,151935
'16MS',12303,56957,154635
'16MS',12303,56957,161535
'16MS',12303,56957,164435
'16MS',12303,56957,171235
'16MS',12303,56957,173935
'16MS',12303,56957,180329
'16MS',12303,56957,182529
'16MS',12303,56957,184829
'16MS',12303,56957,191129
'16MS',12303,56957,193529
'16MS',12303,56957,195929
'16MS',12303,56957,202329
'16MS',12303,56957,205629
'16MS',12303,56957,212829
'16MS',12303,56957,220029
'16MS',12303,56957,223229
'16MS',12303,56957,230429
'16MS',12303,56957,233623
'16MS',12303,56957,240823
'16MA',35002,56957,261653
'16MA',35002,56957,265653
'16MA',35002,56957,272653
'16MA',35002,56957,274653
'16MA',35002,56957,275853
'16MA',35002,56957,280953
'16MA',35002,56957,281953
'16MA',35002,56957,282953
'16MA',35002,56957,284053
'16MA',35002,56957,285253
'16MA',35002,56957,291253
'16MA',35002,56957,293753
'16MF1',35002,56957,261139
'16MF1',35002,56957,265639
'16MF1',35002,56957,272039
'16MF1',35002,56957,274339
'16MF1',35002,56957,275839
'16MF1',35002,56957,281439
'16MF1',35002,56957,283039
'16MF1',35002,56957,284439
'16MF1',35002,56957,285839
'16MF1',35002,56957,291839
'16MF2',35002,56957,261139
'16MF2',35002,56957,265639
'16MF2',35002,56957,274339
'16MF2',35002,56957,283039
'16MF2',35002,56957,285839
'16MF2',35002,56957,291839
'16MF3',35002,56957,261139
'16MF3',35002,56957,265639
'16MF3',35002,56957,274339
'16MF3',35002,56957,283039
'16MF3',35002,56957,285839
'16MF3',35002,56957,291839
'16MI',35002,56957,260730
'16MI',35002,56957,263430
'16MI',35002,56957,270130
'16MI',35002,56957,272830
'16MI',35002,56957,275530
'16MI',35002,56957,282130
'16MI',35002,56957,284730
'16MI',35002,56957,291330
'16MS',35002,56957,261139
'16MS',35002,56957,265639
'16MS',35002,56957,272039
'16MS',35002,56957,274339
'16MS',35002,56957,275839
'16MS',35002,56957,281439
'16MS',35002,56957,283039
'16MS',35002,56957,284439
'16MS',35002,56957,285839
'16MS',35002,56957,291839
