'17MA',36103,53998,250241
'17MA',36103,53998,251241
'17MA',36103,53998,252241
'17MA',36103,53998,253241
'17MA',36103,53998,253841
'17MA',36103,53998,254341
'17MA',36103,53998,254841
'17MA',36103,53998,255341
'17MA',36103,53998,255841
'17MA',36103,53998,260441
'17MA',36103,53998,261141
'17MA',36103,53998,261741
'17MA',36103,53998,262341
'17MA',36103,53998,262941
'17MA',36103,53998,263441
'17MA',36103,53998,263841
'17MA',36103,53998,264241
'17MA',36103,53998,264741
'17MA',36103,53998,265141
'17MA',36103,53998,265541
'17MA',36103,53998,265941
'17MA',36103,53998,270241
'17MA',36103,53998,270641
'17MA',36103,53998,271041
'17MA',36103,53998,271541
'17MA',36103,53998,272041
'17MA',36103,53998,272541
'17MA',36103,53998,273041
'17MA',36103,53998,273841
'17MA',36103,53998,274741
'17MA',36103,53998,275641
'17MA',36103,53998,280641
'17MA',36103,53998,281741
'17MA',36103,53998,283241
'17MF1',36103,53998,244741
'17MF1',36103,53998,245541
'17MF1',36103,53998,250041
'17MF1',36103,53998,250541
'17MF1',36103,53998,251041
'17MF1',36103,53998,251741
'17MF1',36103,53998,252241
'17MF1',36103,53998,252741
'17MF1',36103,53998,253220
'17MF1',36103,53998,253720
'17MF1',36103,53998,254220
'17MF1',36103,53998,254620
'17MF1',36103,53998,255020
'17MF1',36103,53998,255420
'17MF1',36103,53998,260020
'17MF1',36103,53998,260520
'17MF1',36103,53998,261020
'17MF1',36103,53998,261720
'17MF1',36103,53998,262320
'17MF1',36103,53998,262920
'17MF1',36103,53998,263520
'17MF1',36103,53998,264120
'17MF1',36103,53998,264720
'17MF1',36103,53998,265520
'17MF1',36103,53998,270320
'17MF1',36103,53998,270720
'17MF1',36103,53998,271120
'17MF1',36103,53998,272120
'17MF1',36103,53998,272620
'17MF1',36103,53998,273220
'17MF1',36103,53998,274020
'17MF1',36103,53998,274720
'17MF1',36103,53998,283200
'17MF2',36103,53998,244741
'17MF2',36103,53998,251041
'17MF2',36103,53998,252741
'17MF2',36103,53998,254220
'17MF2',36103,53998,255420
'17MF2',36103,53998,261020
'17MF2',36103,53998,262320
'17MF2',36103,53998,263520
'17MF2',36103,53998,264720
'17MF2',36103,53998,265520
'17MF2',36103,53998,270320
'17MF2',36103,53998,271120
'17MF2',36103,53998,272120
'17MF2',36103,53998,274720
'17MF2',36103,53998,283200
'17MF3',36103,53998,244741
'17MF3',36103,53998,251041
'17MF3',36103,53998,252741
'17MF3',36103,53998,254220
'17MF3',36103,53998,255420
'17MF3',36103,53998,261020
'17MF3',36103,53998,262320
'17MF3',36103,53998,263520
'17MF3',36103,53998,264720
'17MF3',36103,53998,265520
'17MF3',36103,53998,270320
'17MF3',36103,53998,271120
'17MF3',36103,53998,272120
'17MF3',36103,53998,274720
'17MF3',36103,53998,283200
'17MI',36103,53998,244700
'17MI',36103,53998,253200
'17MI',36103,53998,261700
'17MI',36103,53998,270200
'17MI',36103,53998,274700
'17MI',36103,53998,283200
'17MS',36103,53998,244741
'17MS',36103,53998,245541
'17MS',36103,53998,250041
'17MS',36103,53998,250541
'17MS',36103,53998,251041
'17MS',36103,53998,251741
'17MS',36103,53998,252241
'17MS',36103,53998,252741
'17MS',36103,53998,253220
'17MS',36103,53998,253720
'17MS',36103,53998,254220
'17MS',36103,53998,254620
'17MS',36103,53998,255020
'17MS',36103,53998,255420
'17MS',36103,53998,260020
'17MS',36103,53998,260520
'17MS',36103,53998,261020
'17MS',36103,53998,261720
'17MS',36103,53998,262320
'17MS',36103,53998,262920
'17MS',36103,53998,263520
'17MS',36103,53998,264120
'17MS',36103,53998,264720
'17MS',36103,53998,265520
'17MS',36103,53998,270320
'17MS',36103,53998,270720
'17MS',36103,53998,271120
'17MS',36103,53998,272120
'17MS',36103,53998,272620
'17MS',36103,53998,273220
'17MS',36103,53998,274020
'17MS',36103,53998,274720
'17MS',36103,53998,283200
