'18MF1',5401,55822,61631
'18MF1',5401,55822,63831
'18MF1',5401,55822,65831
'18MF1',5401,55822,72531
'18MF1',5401,55822,75731
'18MF1',5401,55822,81731
'18MF1',5401,55822,84031
'18MF1',5401,55822,90231
'18MF1',5401,55822,93231
'18MF1',5401,55822,100231
'18MF1',5401,55822,102631
'18MF1',5401,55822,105031
'18MF1',5401,55822,112031
'18MF1',5401,55822,115031
'18MF1',5401,55822,122031
'18MF1',5401,55822,125131
'18MF1',5401,55822,132231
'18MF1',5401,55822,135231
'18MF1',5401,55822,141431
'18MF1',5401,55822,144409
'18MF1',5401,55822,151109
'18MF1',5401,55822,153809
'18MF1',5401,55822,155309
'18MF1',5401,55822,160809
'18MF1',5401,55822,162409
'18MF1',5401,55822,163509
'18MF1',5401,55822,164409
'18MF1',5401,55822,165309
'18MF1',5401,55822,170209
'18MF1',5401,55822,171209
'18MF1',5401,55822,172209
'18MF1',5401,55822,173209
'18MF1',5401,55822,174309
'18MF1',5401,55822,175209
'18MF1',5401,55822,181209
'18MF1',5401,55822,185031
'18MS',5401,55822,61631
'18MS',5401,55822,63731
'18MS',5401,55822,65831
'18MS',5401,55822,72531
'18MS',5401,55822,75731
'18MS',5401,55822,81731
'18MS',5401,55822,84031
'18MS',5401,55822,90231
'18MS',5401,55822,93231
'18MS',5401,55822,100231
'18MS',5401,55822,102631
'18MS',5401,55822,105031
'18MS',5401,55822,112031
'18MS',5401,55822,115031
'18MS',5401,55822,122031
'18MS',5401,55822,125131
'18MS',5401,55822,132231
'18MS',5401,55822,135231
'18MS',5401,55822,141431
'18MS',5401,55822,144409
'18MS',5401,55822,151109
'18MS',5401,55822,153809
'18MS',5401,55822,155309
'18MS',5401,55822,160809
'18MS',5401,55822,162409
'18MS',5401,55822,163509
'18MS',5401,55822,164409
'18MS',5401,55822,165309
'18MS',5401,55822,170209
'18MS',5401,55822,171209
'18MS',5401,55822,172209
'18MS',5401,55822,173209
'18MS',5401,55822,174309
'18MS',5401,55822,175209
'18MS',5401,55822,181209
'18MS',5401,55822,185031
