'18MF1',4102,61707,60426
'18MF1',4102,61707,63626
'18MF1',4102,61707,70951
'18MF1',4102,61707,74451
'18MF1',4102,61707,81651
'18MF1',4102,61707,84751
'18MF1',4102,61707,91626
'18MF1',4102,61707,94426
'18MF1',4102,61707,101326
'18MF1',4102,61707,104126
'18MF1',4102,61707,110826
'18MF1',4102,61707,113626
'18MF1',4102,61707,120626
'18MF1',4102,61707,123526
'18MF1',4102,61707,130226
'18MF1',4102,61707,132926
'18MF1',4102,61707,135626
'18MF1',4102,61707,142426
'18MF1',4102,61707,145351
'18MF1',4102,61707,152351
'18MF1',4102,61707,155551
'18MF1',4102,61707,162751
'18MF1',4102,61707,165851
'18MF1',4102,61707,172851
'18MF1',4102,61707,175551
'18MF1',4102,61707,182151
'18MF1',4102,61707,185126
'18MF1',4102,61707,191826
'18MF1',4102,61707,194626
'18MF1',4102,61707,201426
'18MF1',4102,61707,204126
'18MF1',4102,61707,210826
'18MF1',4102,61707,213426
'18MF2',4102,61707,60426
'18MF2',4102,61707,63626
'18MF2',4102,61707,70951
'18MF2',4102,61707,74451
'18MF2',4102,61707,81651
'18MF2',4102,61707,84751
'18MF2',4102,61707,91626
'18MF2',4102,61707,94426
'18MF2',4102,61707,101326
'18MF2',4102,61707,104126
'18MF2',4102,61707,110826
'18MF2',4102,61707,113626
'18MF2',4102,61707,120626
'18MF2',4102,61707,123526
'18MF2',4102,61707,130226
'18MF2',4102,61707,132926
'18MF2',4102,61707,135626
'18MF2',4102,61707,142426
'18MF2',4102,61707,145351
'18MF2',4102,61707,152351
'18MF2',4102,61707,155551
'18MF2',4102,61707,162751
'18MF2',4102,61707,165851
'18MF2',4102,61707,172851
'18MF2',4102,61707,175551
'18MF2',4102,61707,182151
'18MF2',4102,61707,185126
'18MF2',4102,61707,191826
'18MF2',4102,61707,194626
'18MF2',4102,61707,201426
'18MF2',4102,61707,204126
'18MF2',4102,61707,210826
'18MF2',4102,61707,213426
'18MS',4102,61707,60426
'18MS',4102,61707,62626
'18MS',4102,61707,64726
'18MS',4102,61707,70951
'18MS',4102,61707,73351
'18MS',4102,61707,75651
'18MS',4102,61707,81351
'18MS',4102,61707,82951
'18MS',4102,61707,84851
'18MS',4102,61707,91026
'18MS',4102,61707,93226
'18MS',4102,61707,95326
'18MS',4102,61707,101726
'18MS',4102,61707,104226
'18MS',4102,61707,110826
'18MS',4102,61707,113626
'18MS',4102,61707,120626
'18MS',4102,61707,123526
'18MS',4102,61707,130226
'18MS',4102,61707,132926
'18MS',4102,61707,135626
'18MS',4102,61707,142326
'18MS',4102,61707,145151
'18MS',4102,61707,152051
'18MS',4102,61707,155251
'18MS',4102,61707,162351
'18MS',4102,61707,165251
'18MS',4102,61707,171351
'18MS',4102,61707,173351
'18MS',4102,61707,175351
'18MS',4102,61707,181251
'18MS',4102,61707,183251
'18MS',4102,61707,185326
'18MS',4102,61707,191226
'18MS',4102,61707,193226
'18MS',4102,61707,195226
'18MS',4102,61707,201426
'18MS',4102,61707,204126
'18MS',4102,61707,210826
'18MS',4102,61707,213426
