'16NA',3601,52321,54742
'16NA',3601,52321,63142
'16NA',3601,52321,71542
'16NA',3601,52321,80042
'16NA',3601,52321,84342
'16NA',3601,52321,92842
'16NA',3601,52321,101042
'16NA',3601,52321,105242
'16NA',3601,52321,113442
'16NA',3601,52321,121642
'16NA',3601,52321,125842
'16NA',3601,52321,134042
'16NA',3601,52321,142242
'16NA',3601,52321,150442
'16NA',3601,52321,154642
'16NA',3601,52321,162842
'16NA',3601,52321,171042
'16NA',3601,52321,175242
'16NA',3601,52321,183442
'16NA',3601,52321,191542
'16NA',3601,52321,195742
'16NA',3601,52321,203942
'16NA',3601,52321,212142
'16NA',3601,52321,220342
'16NA',3601,52321,224342
'16NA',3601,52321,232542
'16NA',3601,52321,240842
'16NA',3601,52321,245142
'16NF1',3601,52321,54642
'16NF1',3601,52321,63042
'16NF1',3601,52321,71442
'16NF1',3601,52321,75842
'16NF1',3601,52321,84142
'16NF1',3601,52321,92742
'16NF1',3601,52321,100942
'16NF1',3601,52321,105142
'16NF1',3601,52321,113342
'16NF1',3601,52321,121653
'16NF1',3601,52321,125853
'16NF1',3601,52321,134053
'16NF1',3601,52321,142253
'16NF1',3601,52321,150453
'16NF1',3601,52321,154653
'16NF1',3601,52321,162853
'16NF1',3601,52321,171053
'16NF1',3601,52321,175253
'16NF1',3601,52321,183453
'16NF1',3601,52321,191453
'16NF1',3601,52321,195653
'16NF1',3601,52321,203853
'16NF1',3601,52321,212053
'16NF1',3601,52321,220253
'16NF1',3601,52321,224453
'16NF1',3601,52321,232653
'16NF1',3601,52321,240853
'16NF1',3601,52321,245042
'16NF2',3601,52321,54642
'16NF2',3601,52321,63042
'16NF2',3601,52321,71442
'16NF2',3601,52321,75842
'16NF2',3601,52321,84142
'16NF2',3601,52321,92742
'16NF2',3601,52321,100942
'16NF2',3601,52321,105142
'16NF2',3601,52321,113342
'16NF2',3601,52321,121653
'16NF2',3601,52321,125853
'16NF2',3601,52321,134053
'16NF2',3601,52321,142253
'16NF2',3601,52321,150453
'16NF2',3601,52321,154653
'16NF2',3601,52321,162853
'16NF2',3601,52321,171053
'16NF2',3601,52321,175253
'16NF2',3601,52321,183453
'16NF2',3601,52321,191453
'16NF2',3601,52321,195653
'16NF2',3601,52321,203853
'16NF2',3601,52321,212053
'16NF2',3601,52321,220253
'16NF2',3601,52321,224453
'16NF2',3601,52321,232653
'16NF2',3601,52321,240853
'16NF2',3601,52321,245042
'16NF3',3601,52321,54642
'16NF3',3601,52321,63042
'16NF3',3601,52321,71442
'16NF3',3601,52321,75842
'16NF3',3601,52321,84142
'16NF3',3601,52321,92742
'16NF3',3601,52321,100942
'16NF3',3601,52321,105142
'16NF3',3601,52321,113342
'16NF3',3601,52321,121653
'16NF3',3601,52321,125853
'16NF3',3601,52321,134053
'16NF3',3601,52321,142253
'16NF3',3601,52321,150453
'16NF3',3601,52321,154653
'16NF3',3601,52321,162853
'16NF3',3601,52321,171053
'16NF3',3601,52321,175253
'16NF3',3601,52321,183453
'16NF3',3601,52321,191453
'16NF3',3601,52321,195653
'16NF3',3601,52321,203853
'16NF3',3601,52321,212053
'16NF3',3601,52321,220253
'16NF3',3601,52321,224453
'16NF3',3601,52321,232653
'16NF3',3601,52321,240853
'16NF3',3601,52321,245042
'16NF4',3601,52321,54642
'16NF4',3601,52321,63042
'16NF4',3601,52321,71442
'16NF4',3601,52321,75842
'16NF4',3601,52321,84142
'16NF4',3601,52321,92742
'16NF4',3601,52321,100942
'16NF4',3601,52321,105142
'16NF4',3601,52321,113342
'16NF4',3601,52321,121653
'16NF4',3601,52321,125853
'16NF4',3601,52321,134053
'16NF4',3601,52321,142253
'16NF4',3601,52321,150453
'16NF4',3601,52321,154653
'16NF4',3601,52321,162853
'16NF4',3601,52321,171053
'16NF4',3601,52321,175253
'16NF4',3601,52321,183453
'16NF4',3601,52321,191453
'16NF4',3601,52321,195653
'16NF4',3601,52321,203853
'16NF4',3601,52321,212053
'16NF4',3601,52321,220253
'16NF4',3601,52321,224453
'16NF4',3601,52321,232653
'16NF4',3601,52321,240853
'16NF4',3601,52321,245042
'16NI',3601,52321,54642
'16NI',3601,52321,63042
'16NI',3601,52321,71442
'16NI',3601,52321,75842
'16NI',3601,52321,84142
'16NI',3601,52321,92742
'16NI',3601,52321,100942
'16NI',3601,52321,105142
'16NI',3601,52321,113342
'16NI',3601,52321,121653
'16NI',3601,52321,125853
'16NI',3601,52321,134053
'16NI',3601,52321,142253
'16NI',3601,52321,150453
'16NI',3601,52321,154653
'16NI',3601,52321,162853
'16NI',3601,52321,171053
'16NI',3601,52321,175253
'16NI',3601,52321,183453
'16NI',3601,52321,191453
'16NI',3601,52321,195653
'16NI',3601,52321,203853
'16NI',3601,52321,212053
'16NI',3601,52321,220253
'16NI',3601,52321,224453
'16NI',3601,52321,232653
'16NI',3601,52321,240853
'16NI',3601,52321,245042
'16NS',3601,52321,54853
'16NS',3601,52321,62153
'16NS',3601,52321,65704
'16NS',3601,52321,72504
'16NS',3601,52321,75104
'16NS',3601,52321,81904
'16NS',3601,52321,84404
'16NS',3601,52321,90453
'16NS',3601,52321,92753
'16NS',3601,52321,95853
'16NS',3601,52321,103053
'16NS',3601,52321,110353
'16NS',3601,52321,113453
'16NS',3601,52321,120653
'16NS',3601,52321,124053
'16NS',3601,52321,131153
'16NS',3601,52321,134353
'16NS',3601,52321,140953
'16NS',3601,52321,143553
'16NS',3601,52321,150153
'16NS',3601,52321,152853
'16NS',3601,52321,160153
'16NS',3601,52321,163353
'16NS',3601,52321,170353
'16NS',3601,52321,173053
'16NS',3601,52321,175653
'16NS',3601,52321,182553
'16NS',3601,52321,185653
'16NS',3601,52321,192653
'16NS',3601,52321,195753
'16NS',3601,52321,202753
'16NS',3601,52321,205542
'16NS',3601,52321,212542
'16NS',3601,52321,215542
'16NS',3601,52321,223942
'16NS',3601,52321,232342
'16NS',3601,52321,240842
'16NS',3601,52321,245032
'16NA',7104,52321,50236
'16NA',7104,52321,52236
'16NA',7104,52321,54136
'16NA',7104,52321,60036
'16NA',7104,52321,62036
'16NA',7104,52321,63936
'16NA',7104,52321,65836
'16NA',7104,52321,71836
'16NA',7104,52321,73736
'16NA',7104,52321,75636
'16NA',7104,52321,81636
'16NA',7104,52321,83639
'16NA',7104,52321,85539
'16NA',7104,52321,91539
'16NA',7104,52321,93739
'16NA',7104,52321,95739
'16NA',7104,52321,101839
'16NA',7104,52321,104039
'16NA',7104,52321,110039
'16NA',7104,52321,112239
'16NA',7104,52321,114539
'16NA',7104,52321,120739
'16NA',7104,52321,123039
'16NA',7104,52321,125339
'16NA',7104,52321,131539
'16NA',7104,52321,133911
'16NA',7104,52321,140211
'16NA',7104,52321,142411
'16NA',7104,52321,144711
'16NA',7104,52321,151111
'16NA',7104,52321,153511
'16NA',7104,52321,155911
'16NA',7104,52321,162311
'16NA',7104,52321,164711
'16NA',7104,52321,171111
'16NA',7104,52321,173511
'16NA',7104,52321,175911
'16NA',7104,52321,182311
'16NA',7104,52321,184639
'16NA',7104,52321,191039
'16NA',7104,52321,193439
'16NA',7104,52321,195839
'16NA',7104,52321,202239
'16NA',7104,52321,204608
'16NA',7104,52321,211108
'16NA',7104,52321,213608
'16NA',7104,52321,220208
'16NA',7104,52321,223308
'16NF1',7104,52321,50339
'16NF1',7104,52321,52339
'16NF1',7104,52321,54239
'16NF1',7104,52321,60239
'16NF1',7104,52321,62239
'16NF1',7104,52321,64239
'16NF1',7104,52321,70139
'16NF1',7104,52321,72139
'16NF1',7104,52321,74139
'16NF1',7104,52321,80039
'16NF1',7104,52321,82039
'16NF1',7104,52321,84039
'16NF1',7104,52321,90039
'16NF1',7104,52321,91939
'16NF1',7104,52321,94039
'16NF1',7104,52321,100039
'16NF1',7104,52321,102039
'16NF1',7104,52321,104139
'16NF1',7104,52321,110139
'16NF1',7104,52321,112239
'16NF1',7104,52321,114539
'16NF1',7104,52321,120739
'16NF1',7104,52321,123039
'16NF1',7104,52321,125339
'16NF1',7104,52321,131539
'16NF1',7104,52321,133911
'16NF1',7104,52321,140211
'16NF1',7104,52321,142511
'16NF1',7104,52321,144911
'16NF1',7104,52321,151311
'16NF1',7104,52321,153711
'16NF1',7104,52321,160111
'16NF1',7104,52321,162511
'16NF1',7104,52321,164911
'16NF1',7104,52321,171311
'16NF1',7104,52321,173711
'16NF1',7104,52321,180111
'16NF1',7104,52321,182511
'16NF1',7104,52321,184911
'16NF1',7104,52321,191311
'16NF1',7104,52321,193611
'16NF1',7104,52321,200011
'16NF1',7104,52321,202411
'16NF1',7104,52321,204811
'16NF1',7104,52321,211211
'16NF1',7104,52321,213711
'16NF1',7104,52321,220211
'16NF1',7104,52321,223211
'16NF2',7104,52321,50339
'16NF2',7104,52321,52339
'16NF2',7104,52321,54239
'16NF2',7104,52321,60239
'16NF2',7104,52321,62239
'16NF2',7104,52321,64239
'16NF2',7104,52321,70139
'16NF2',7104,52321,72139
'16NF2',7104,52321,74139
'16NF2',7104,52321,80039
'16NF2',7104,52321,82039
'16NF2',7104,52321,84039
'16NF2',7104,52321,90039
'16NF2',7104,52321,91939
'16NF2',7104,52321,94039
'16NF2',7104,52321,100039
'16NF2',7104,52321,102039
'16NF2',7104,52321,104139
'16NF2',7104,52321,110139
'16NF2',7104,52321,112239
'16NF2',7104,52321,114539
'16NF2',7104,52321,120739
'16NF2',7104,52321,123039
'16NF2',7104,52321,125339
'16NF2',7104,52321,131539
'16NF2',7104,52321,133911
'16NF2',7104,52321,140211
'16NF2',7104,52321,142511
'16NF2',7104,52321,144911
'16NF2',7104,52321,151311
'16NF2',7104,52321,153711
'16NF2',7104,52321,160111
'16NF2',7104,52321,162511
'16NF2',7104,52321,164911
'16NF2',7104,52321,171311
'16NF2',7104,52321,173711
'16NF2',7104,52321,180111
'16NF2',7104,52321,182511
'16NF2',7104,52321,184911
'16NF2',7104,52321,191311
'16NF2',7104,52321,193611
'16NF2',7104,52321,200011
'16NF2',7104,52321,202411
'16NF2',7104,52321,204811
'16NF2',7104,52321,211211
'16NF2',7104,52321,213711
'16NF2',7104,52321,220211
'16NF2',7104,52321,223211
'16NF3',7104,52321,50339
'16NF3',7104,52321,52339
'16NF3',7104,52321,54239
'16NF3',7104,52321,60239
'16NF3',7104,52321,62239
'16NF3',7104,52321,64239
'16NF3',7104,52321,70139
'16NF3',7104,52321,72139
'16NF3',7104,52321,74139
'16NF3',7104,52321,80039
'16NF3',7104,52321,82039
'16NF3',7104,52321,84039
'16NF3',7104,52321,90039
'16NF3',7104,52321,91939
'16NF3',7104,52321,94039
'16NF3',7104,52321,100039
'16NF3',7104,52321,102039
'16NF3',7104,52321,104139
'16NF3',7104,52321,110139
'16NF3',7104,52321,112239
'16NF3',7104,52321,114539
'16NF3',7104,52321,120739
'16NF3',7104,52321,123039
'16NF3',7104,52321,125339
'16NF3',7104,52321,131539
'16NF3',7104,52321,133911
'16NF3',7104,52321,140211
'16NF3',7104,52321,142511
'16NF3',7104,52321,144911
'16NF3',7104,52321,151311
'16NF3',7104,52321,153711
'16NF3',7104,52321,160111
'16NF3',7104,52321,162511
'16NF3',7104,52321,164911
'16NF3',7104,52321,171311
'16NF3',7104,52321,173711
'16NF3',7104,52321,180111
'16NF3',7104,52321,182511
'16NF3',7104,52321,184911
'16NF3',7104,52321,191311
'16NF3',7104,52321,193611
'16NF3',7104,52321,200011
'16NF3',7104,52321,202411
'16NF3',7104,52321,204811
'16NF3',7104,52321,211211
'16NF3',7104,52321,213711
'16NF3',7104,52321,220211
'16NF3',7104,52321,223211
'16NF4',7104,52321,50339
'16NF4',7104,52321,52339
'16NF4',7104,52321,54239
'16NF4',7104,52321,60239
'16NF4',7104,52321,62239
'16NF4',7104,52321,64239
'16NF4',7104,52321,70139
'16NF4',7104,52321,72139
'16NF4',7104,52321,74139
'16NF4',7104,52321,80039
'16NF4',7104,52321,82039
'16NF4',7104,52321,84039
'16NF4',7104,52321,90039
'16NF4',7104,52321,91939
'16NF4',7104,52321,94039
'16NF4',7104,52321,100039
'16NF4',7104,52321,102039
'16NF4',7104,52321,104139
'16NF4',7104,52321,110139
'16NF4',7104,52321,112239
'16NF4',7104,52321,114539
'16NF4',7104,52321,120739
'16NF4',7104,52321,123039
'16NF4',7104,52321,125339
'16NF4',7104,52321,131539
'16NF4',7104,52321,133911
'16NF4',7104,52321,140211
'16NF4',7104,52321,142511
'16NF4',7104,52321,144911
'16NF4',7104,52321,151311
'16NF4',7104,52321,153711
'16NF4',7104,52321,160111
'16NF4',7104,52321,162511
'16NF4',7104,52321,164911
'16NF4',7104,52321,171311
'16NF4',7104,52321,173711
'16NF4',7104,52321,180111
'16NF4',7104,52321,182511
'16NF4',7104,52321,184911
'16NF4',7104,52321,191311
'16NF4',7104,52321,193611
'16NF4',7104,52321,200011
'16NF4',7104,52321,202411
'16NF4',7104,52321,204811
'16NF4',7104,52321,211211
'16NF4',7104,52321,213711
'16NF4',7104,52321,220211
'16NF4',7104,52321,223211
'16NI',7104,52321,50339
'16NI',7104,52321,52339
'16NI',7104,52321,54239
'16NI',7104,52321,60239
'16NI',7104,52321,62239
'16NI',7104,52321,64239
'16NI',7104,52321,70139
'16NI',7104,52321,72139
'16NI',7104,52321,74139
'16NI',7104,52321,80039
'16NI',7104,52321,82039
'16NI',7104,52321,84039
'16NI',7104,52321,90039
'16NI',7104,52321,91939
'16NI',7104,52321,94039
'16NI',7104,52321,100039
'16NI',7104,52321,102039
'16NI',7104,52321,104139
'16NI',7104,52321,110139
'16NI',7104,52321,112239
'16NI',7104,52321,114539
'16NI',7104,52321,120739
'16NI',7104,52321,123039
'16NI',7104,52321,125339
'16NI',7104,52321,131539
'16NI',7104,52321,133911
'16NI',7104,52321,140211
'16NI',7104,52321,142511
'16NI',7104,52321,144911
'16NI',7104,52321,151311
'16NI',7104,52321,153711
'16NI',7104,52321,160111
'16NI',7104,52321,162511
'16NI',7104,52321,164911
'16NI',7104,52321,171311
'16NI',7104,52321,173711
'16NI',7104,52321,180111
'16NI',7104,52321,182511
'16NI',7104,52321,184911
'16NI',7104,52321,191311
'16NI',7104,52321,193611
'16NI',7104,52321,200011
'16NI',7104,52321,202411
'16NI',7104,52321,204811
'16NI',7104,52321,211211
'16NI',7104,52321,213711
'16NI',7104,52321,220211
'16NI',7104,52321,223211
'16NS',7104,52321,50308
'16NS',7104,52321,52108
'16NS',7104,52321,53939
'16NS',7104,52321,55939
'16NS',7104,52321,61939
'16NS',7104,52321,63939
'16NS',7104,52321,70111
'16NS',7104,52321,72311
'16NS',7104,52321,74539
'16NS',7104,52321,80739
'16NS',7104,52321,82939
'16NS',7104,52321,85139
'16NS',7104,52321,91339
'16NS',7104,52321,93539
'16NS',7104,52321,95739
'16NS',7104,52321,101939
'16NS',7104,52321,103939
'16NS',7104,52321,110211
'16NS',7104,52321,112411
'16NS',7104,52321,114611
'16NS',7104,52321,120811
'16NS',7104,52321,123011
'16NS',7104,52321,125211
'16NS',7104,52321,131411
'16NS',7104,52321,133711
'16NS',7104,52321,135911
'16NS',7104,52321,142211
'16NS',7104,52321,144611
'16NS',7104,52321,150813
'16NS',7104,52321,153213
'16NS',7104,52321,155442
'16NS',7104,52321,161942
'16NS',7104,52321,164342
'16NS',7104,52321,170642
'16NS',7104,52321,173042
'16NS',7104,52321,175211
'16NS',7104,52321,181611
'16NS',7104,52321,183911
'16NS',7104,52321,190111
'16NS',7104,52321,192311
'16NS',7104,52321,194311
'16NS',7104,52321,200339
'16NS',7104,52321,202539
'16NS',7104,52321,204539
'16NS',7104,52321,210639
'16NS',7104,52321,212739
'16NS',7104,52321,214939
'16NS',7104,52321,221108
'16NS',7104,52321,223308
