'16JA',3304,53921,191515
'16JA',3304,53921,193515
'16JA',3304,53921,195615
'16JA',3304,53921,201615
'16JA',3304,53921,203615
'16JA',3304,53921,205715
'16JA',3304,53921,211615
'16JA',3304,53921,213715
'16JA',3304,53921,215815
'16JA',3304,53921,221815
'16JA',3304,53921,224115
'16JA',3304,53921,230415
'16JA',3304,53921,233415
'16JA',3304,53921,240415
'16JA',3304,53921,243415
'16JA',3304,53921,250415
'16JA',3304,53921,253415
'16JA',3304,53921,260315
'16JI',3304,53921,185615
'16JI',3304,53921,191415
'16JI',3304,53921,193215
'16JI',3304,53921,200215
'16JI',3304,53921,203215
'16JI',3304,53921,210215
'16JI',3304,53921,213215
'16JI',3304,53921,220115
'16JI',3304,53921,223015
'16JI',3304,53921,230015
'16JI',3304,53921,233015
'16JI',3304,53921,235915
'16JI',3304,53921,242815
'16JI',3304,53921,250015
'16JI',3304,53921,253315
'16JS',3304,53921,191554
'16JS',3304,53921,193454
'16JS',3304,53921,195354
'16JS',3304,53921,201454
'16JS',3304,53921,203354
'16JS',3304,53921,205354
'16JS',3304,53921,211354
'16JS',3304,53921,213154
'16JS',3304,53921,214954
'16JS',3304,53921,220854
'16JS',3304,53921,223054
'16JS',3304,53921,225954
'16JS',3304,53921,232954
'16JS',3304,53921,235754
'16JS',3304,53921,242654
'16JS',3304,53921,245854
'16JS',3304,53921,253054
