'16SA',3704,52060,61152
'16SA',3704,52060,63652
'16SA',3704,52060,70152
'16SA',3704,52060,72700
'16SA',3704,52060,75200
'16SA',3704,52060,81700
'16SA',3704,52060,84300
'16SA',3704,52060,91000
'16SA',3704,52060,93709
'16SA',3704,52060,100609
'16SA',3704,52060,103509
'16SA',3704,52060,110509
'16SA',3704,52060,113509
'16SA',3704,52060,120509
'16SA',3704,52060,123509
'16SA',3704,52060,130609
'16SA',3704,52060,133609
'16SA',3704,52060,140609
'16SA',3704,52060,143609
'16SA',3704,52060,150609
'16SA',3704,52060,153609
'16SA',3704,52060,160609
'16SA',3704,52060,163609
'16SA',3704,52060,170509
'16SA',3704,52060,173509
'16SA',3704,52060,180409
'16SA',3704,52060,183409
'16SA',3704,52060,190409
'16SA',3704,52060,193409
'16SA',3704,52060,200352
'16SA',3704,52060,203252
'16SA',3704,52060,210152
'16SA',3704,52060,212952
'16SA',3704,52060,215652
'16SA',3704,52060,222252
'16SA',3704,52060,224752
'16SA',3704,52060,231352
'16SA',3704,52060,233952
'16SA',3704,52060,240552
'16SA',3704,52060,243152
'16SA',3704,52060,250252
'16SA',3704,52060,253452
'16SA',3704,52060,260552
'16SF1',3704,52060,61252
'16SF1',3704,52060,63752
'16SF1',3704,52060,70252
'16SF1',3704,52060,72752
'16SF1',3704,52060,75300
'16SF1',3704,52060,81800
'16SF1',3704,52060,84300
'16SF1',3704,52060,90800
'16SF1',3704,52060,93700
'16SF1',3704,52060,100400
'16SF1',3704,52060,103100
'16SF1',3704,52060,105800
'16SF1',3704,52060,112500
'16SF1',3704,52060,115300
'16SF1',3704,52060,122000
'16SF1',3704,52060,124900
'16SF1',3704,52060,131700
'16SF1',3704,52060,134500
'16SF1',3704,52060,141200
'16SF1',3704,52060,144000
'16SF1',3704,52060,150900
'16SF1',3704,52060,153700
'16SF1',3704,52060,160500
'16SF1',3704,52060,163300
'16SF1',3704,52060,170100
'16SF1',3704,52060,172900
'16SF1',3704,52060,175700
'16SF1',3704,52060,182500
'16SF1',3704,52060,185200
'16SF1',3704,52060,192000
'16SF1',3704,52060,194700
'16SF1',3704,52060,201400
'16SF1',3704,52060,204100
'16SF1',3704,52060,210800
'16SF1',3704,52060,213500
'16SF1',3704,52060,220100
'16SF1',3704,52060,222700
'16SF1',3704,52060,225152
'16SF1',3704,52060,231752
'16SF1',3704,52060,234352
'16SF1',3704,52060,240852
'16SF1',3704,52060,243252
'16SF1',3704,52060,245543
'16SF1',3704,52060,251943
'16SF1',3704,52060,254343
'16SF2',3704,52060,61252
'16SF2',3704,52060,63752
'16SF2',3704,52060,70252
'16SF2',3704,52060,72752
'16SF2',3704,52060,75300
'16SF2',3704,52060,81800
'16SF2',3704,52060,84300
'16SF2',3704,52060,90800
'16SF2',3704,52060,93700
'16SF2',3704,52060,100400
'16SF2',3704,52060,103100
'16SF2',3704,52060,105800
'16SF2',3704,52060,112500
'16SF2',3704,52060,115300
'16SF2',3704,52060,122000
'16SF2',3704,52060,124900
'16SF2',3704,52060,131700
'16SF2',3704,52060,134500
'16SF2',3704,52060,141200
'16SF2',3704,52060,144000
'16SF2',3704,52060,150900
'16SF2',3704,52060,153700
'16SF2',3704,52060,160500
'16SF2',3704,52060,163300
'16SF2',3704,52060,170100
'16SF2',3704,52060,172900
'16SF2',3704,52060,175700
'16SF2',3704,52060,182500
'16SF2',3704,52060,185200
'16SF2',3704,52060,192000
'16SF2',3704,52060,194700
'16SF2',3704,52060,201400
'16SF2',3704,52060,204100
'16SF2',3704,52060,210800
'16SF2',3704,52060,213500
'16SF2',3704,52060,220100
'16SF2',3704,52060,222700
'16SF2',3704,52060,225152
'16SF2',3704,52060,231752
'16SF2',3704,52060,234352
'16SF2',3704,52060,240852
'16SF2',3704,52060,243252
'16SF2',3704,52060,245543
'16SF2',3704,52060,251943
'16SF2',3704,52060,254343
'16SI',3704,52060,61252
'16SI',3704,52060,63752
'16SI',3704,52060,70252
'16SI',3704,52060,72752
'16SI',3704,52060,75300
'16SI',3704,52060,81800
'16SI',3704,52060,84300
'16SI',3704,52060,90800
'16SI',3704,52060,93700
'16SI',3704,52060,100400
'16SI',3704,52060,103100
'16SI',3704,52060,105800
'16SI',3704,52060,112500
'16SI',3704,52060,115300
'16SI',3704,52060,122000
'16SI',3704,52060,124900
'16SI',3704,52060,131700
'16SI',3704,52060,134500
'16SI',3704,52060,141200
'16SI',3704,52060,144000
'16SI',3704,52060,150900
'16SI',3704,52060,153700
'16SI',3704,52060,160500
'16SI',3704,52060,163300
'16SI',3704,52060,170100
'16SI',3704,52060,172900
'16SI',3704,52060,175700
'16SI',3704,52060,182500
'16SI',3704,52060,185200
'16SI',3704,52060,192000
'16SI',3704,52060,194700
'16SI',3704,52060,201400
'16SI',3704,52060,204100
'16SI',3704,52060,210800
'16SI',3704,52060,213500
'16SI',3704,52060,220100
'16SI',3704,52060,222700
'16SI',3704,52060,225152
'16SI',3704,52060,231752
'16SI',3704,52060,234352
'16SI',3704,52060,240852
'16SI',3704,52060,243252
'16SI',3704,52060,245543
'16SI',3704,52060,251943
'16SI',3704,52060,254343
'16SS',3704,52060,61500
'16SS',3704,52060,64409
'16SS',3704,52060,71818
'16SS',3704,52060,75018
'16SS',3704,52060,82218
'16SS',3704,52060,84800
'16SS',3704,52060,91300
'16SS',3704,52060,93800
'16SS',3704,52060,100300
'16SS',3704,52060,102800
'16SS',3704,52060,105200
'16SS',3704,52060,111700
'16SS',3704,52060,114200
'16SS',3704,52060,120700
'16SS',3704,52060,123200
'16SS',3704,52060,125600
'16SS',3704,52060,132000
'16SS',3704,52060,134500
'16SS',3704,52060,141000
'16SS',3704,52060,143518
'16SS',3704,52060,150018
'16SS',3704,52060,152518
'16SS',3704,52060,155318
'16SS',3704,52060,161818
'16SS',3704,52060,164518
'16SS',3704,52060,171218
'16SS',3704,52060,174218
'16SS',3704,52060,181318
'16SS',3704,52060,184200
'16SS',3704,52060,191300
'16SS',3704,52060,194100
'16SS',3704,52060,200900
'16SS',3704,52060,203600
'16SS',3704,52060,210600
'16SS',3704,52060,213600
'16SS',3704,52060,220600
'16SS',3704,52060,223600
'16SS',3704,52060,230443
'16SS',3704,52060,233343
'16SS',3704,52060,240443
'16SS',3704,52060,243543
'16SS',3704,52060,250443
'16SS',3704,52060,253543
