'15NA',4302,51521,52906
'15NA',4302,51521,60506
'15NA',4302,51521,63706
'15NA',4302,51521,71106
'15NA',4302,51521,74506
'15NA',4302,51521,81906
'15NA',4302,51521,85306
'15NA',4302,51521,92706
'15NA',4302,51521,100306
'15NA',4302,51521,103806
'15NA',4302,51521,111306
'15NA',4302,51521,114106
'15NA',4302,51521,120806
'15NA',4302,51521,123706
'15NA',4302,51521,130606
'15NA',4302,51521,133406
'15NA',4302,51521,140206
'15NA',4302,51521,143106
'15NA',4302,51521,150006
'15NA',4302,51521,152906
'15NA',4302,51521,155806
'15NA',4302,51521,162706
'15NA',4302,51521,165606
'15NA',4302,51521,172406
'15NA',4302,51521,175206
'15NA',4302,51521,182106
'15NA',4302,51521,185006
'15NA',4302,51521,191906
'15NA',4302,51521,194806
'15NA',4302,51521,201706
'15NA',4302,51521,204606
'15NA',4302,51521,211506
'15NA',4302,51521,214406
'15NA',4302,51521,221906
'15NA',4302,51521,230906
'15NA',4302,51521,240906
'15NA',4302,51521,250906
'15NF1',4302,51521,60306
'15NF1',4302,51521,63706
'15NF1',4302,51521,71106
'15NF1',4302,51521,74506
'15NF1',4302,51521,82106
'15NF1',4302,51521,85406
'15NF1',4302,51521,92906
'15NF1',4302,51521,100306
'15NF1',4302,51521,103606
'15NF1',4302,51521,111006
'15NF1',4302,51521,114306
'15NF1',4302,51521,121106
'15NF1',4302,51521,123806
'15NF1',4302,51521,130506
'15NF1',4302,51521,133506
'15NF1',4302,51521,140406
'15NF1',4302,51521,143306
'15NF1',4302,51521,150206
'15NF1',4302,51521,153106
'15NF1',4302,51521,160006
'15NF1',4302,51521,162906
'15NF1',4302,51521,165806
'15NF1',4302,51521,172706
'15NF1',4302,51521,175606
'15NF1',4302,51521,182406
'15NF1',4302,51521,185306
'15NF1',4302,51521,192206
'15NF1',4302,51521,195106
'15NF1',4302,51521,202006
'15NF1',4302,51521,204906
'15NF1',4302,51521,211806
'15NF1',4302,51521,214706
'15NF1',4302,51521,221606
'15NF1',4302,51521,230735
'15NF1',4302,51521,235935
'15NF1',4302,51521,245235
'15NF1',4302,51521,254535
'15NF2',4302,51521,52906
'15NF2',4302,51521,60506
'15NF2',4302,51521,63706
'15NF2',4302,51521,71106
'15NF2',4302,51521,74506
'15NF2',4302,51521,81906
'15NF2',4302,51521,85306
'15NF2',4302,51521,92706
'15NF2',4302,51521,100306
'15NF2',4302,51521,103806
'15NF2',4302,51521,111306
'15NF2',4302,51521,114106
'15NF2',4302,51521,120806
'15NF2',4302,51521,123706
'15NF2',4302,51521,130606
'15NF2',4302,51521,133406
'15NF2',4302,51521,140206
'15NF2',4302,51521,143106
'15NF2',4302,51521,150006
'15NF2',4302,51521,152906
'15NF2',4302,51521,155806
'15NF2',4302,51521,162706
'15NF2',4302,51521,165606
'15NF2',4302,51521,172406
'15NF2',4302,51521,175206
'15NF2',4302,51521,182106
'15NF2',4302,51521,185006
'15NF2',4302,51521,191906
'15NF2',4302,51521,194806
'15NF2',4302,51521,201706
'15NF2',4302,51521,204606
'15NF2',4302,51521,211506
'15NF2',4302,51521,214406
'15NF2',4302,51521,221906
'15NF2',4302,51521,230906
'15NF2',4302,51521,240906
'15NF2',4302,51521,250906
'15NF3',4302,51521,60306
'15NF3',4302,51521,63706
'15NF3',4302,51521,71106
'15NF3',4302,51521,74506
'15NF3',4302,51521,82106
'15NF3',4302,51521,85406
'15NF3',4302,51521,92906
'15NF3',4302,51521,100306
'15NF3',4302,51521,103606
'15NF3',4302,51521,111006
'15NF3',4302,51521,114306
'15NF3',4302,51521,121106
'15NF3',4302,51521,123806
'15NF3',4302,51521,130506
'15NF3',4302,51521,133506
'15NF3',4302,51521,140406
'15NF3',4302,51521,143306
'15NF3',4302,51521,150206
'15NF3',4302,51521,153106
'15NF3',4302,51521,160006
'15NF3',4302,51521,162906
'15NF3',4302,51521,165806
'15NF3',4302,51521,172706
'15NF3',4302,51521,175606
'15NF3',4302,51521,182406
'15NF3',4302,51521,185306
'15NF3',4302,51521,192206
'15NF3',4302,51521,195106
'15NF3',4302,51521,202006
'15NF3',4302,51521,204906
'15NF3',4302,51521,211806
'15NF3',4302,51521,214706
'15NF3',4302,51521,221606
'15NF3',4302,51521,230735
'15NF3',4302,51521,235935
'15NF3',4302,51521,245235
'15NF3',4302,51521,254535
'15NF4',4302,51521,52906
'15NF4',4302,51521,60506
'15NF4',4302,51521,63706
'15NF4',4302,51521,71106
'15NF4',4302,51521,74506
'15NF4',4302,51521,81906
'15NF4',4302,51521,85306
'15NF4',4302,51521,92706
'15NF4',4302,51521,100306
'15NF4',4302,51521,103806
'15NF4',4302,51521,111306
'15NF4',4302,51521,114106
'15NF4',4302,51521,120806
'15NF4',4302,51521,123706
'15NF4',4302,51521,130606
'15NF4',4302,51521,133406
'15NF4',4302,51521,140206
'15NF4',4302,51521,143106
'15NF4',4302,51521,150006
'15NF4',4302,51521,152906
'15NF4',4302,51521,155806
'15NF4',4302,51521,162706
'15NF4',4302,51521,165606
'15NF4',4302,51521,172406
'15NF4',4302,51521,175206
'15NF4',4302,51521,182106
'15NF4',4302,51521,185006
'15NF4',4302,51521,191906
'15NF4',4302,51521,194806
'15NF4',4302,51521,201706
'15NF4',4302,51521,204606
'15NF4',4302,51521,211506
'15NF4',4302,51521,214406
'15NF4',4302,51521,221906
'15NF4',4302,51521,230906
'15NF4',4302,51521,240906
'15NF4',4302,51521,250906
'15NI',4302,51521,60306
'15NI',4302,51521,63706
'15NI',4302,51521,71106
'15NI',4302,51521,74506
'15NI',4302,51521,82106
'15NI',4302,51521,85406
'15NI',4302,51521,92906
'15NI',4302,51521,100306
'15NI',4302,51521,103606
'15NI',4302,51521,111006
'15NI',4302,51521,114306
'15NI',4302,51521,121106
'15NI',4302,51521,123806
'15NI',4302,51521,130506
'15NI',4302,51521,133506
'15NI',4302,51521,140406
'15NI',4302,51521,143306
'15NI',4302,51521,150206
'15NI',4302,51521,153106
'15NI',4302,51521,160006
'15NI',4302,51521,162906
'15NI',4302,51521,165806
'15NI',4302,51521,172706
'15NI',4302,51521,175606
'15NI',4302,51521,182406
'15NI',4302,51521,185306
'15NI',4302,51521,192206
'15NI',4302,51521,195106
'15NI',4302,51521,202006
'15NI',4302,51521,204906
'15NI',4302,51521,211806
'15NI',4302,51521,214706
'15NI',4302,51521,221606
'15NI',4302,51521,230735
'15NI',4302,51521,235935
'15NI',4302,51521,245235
'15NI',4302,51521,254535
'15NS',4302,51521,45535
'15NS',4302,51521,52235
'15NS',4302,51521,54935
'15NS',4302,51521,61738
'15NS',4302,51521,64438
'15NS',4302,51521,71609
'15NS',4302,51521,74609
'15NS',4302,51521,81738
'15NS',4302,51521,84838
'15NS',4302,51521,91738
'15NS',4302,51521,94838
'15NS',4302,51521,101838
'15NS',4302,51521,104938
'15NS',4302,51521,111838
'15NS',4302,51521,114938
'15NS',4302,51521,121938
'15NS',4302,51521,125238
'15NS',4302,51521,132138
'15NS',4302,51521,135038
'15NS',4302,51521,142138
'15NS',4302,51521,145409
'15NS',4302,51521,152309
'15NS',4302,51521,155509
'15NS',4302,51521,162809
'15NS',4302,51521,170109
'15NS',4302,51521,173509
'15NS',4302,51521,180609
'15NS',4302,51521,183509
'15NS',4302,51521,190338
'15NS',4302,51521,193238
'15NS',4302,51521,195838
'15NS',4302,51521,202538
'15NS',4302,51521,205138
'15NS',4302,51521,211938
'15NS',4302,51521,214838
'15NS',4302,51521,221838
'15NS',4302,51521,230206
'15NS',4302,51521,234406
'15NS',4302,51521,243706
'15NS',4302,51521,253406
'15NA',4902,51521,50800
'15NA',4902,51521,53000
'15NA',4902,51521,55000
'15NA',4902,51521,61000
'15NA',4902,51521,63000
'15NA',4902,51521,65000
'15NA',4902,51521,70500
'15NA',4902,51521,72000
'15NA',4902,51521,73500
'15NA',4902,51521,75000
'15NA',4902,51521,80500
'15NA',4902,51521,82000
'15NA',4902,51521,83600
'15NA',4902,51521,85200
'15NA',4902,51521,90700
'15NA',4902,51521,92200
'15NA',4902,51521,93800
'15NA',4902,51521,95300
'15NA',4902,51521,100800
'15NA',4902,51521,102300
'15NA',4902,51521,103800
'15NA',4902,51521,105300
'15NA',4902,51521,110800
'15NA',4902,51521,112300
'15NA',4902,51521,113700
'15NA',4902,51521,115200
'15NA',4902,51521,120700
'15NA',4902,51521,122200
'15NA',4902,51521,123700
'15NA',4902,51521,125300
'15NA',4902,51521,130800
'15NA',4902,51521,132300
'15NA',4902,51521,133800
'15NA',4902,51521,135300
'15NA',4902,51521,140800
'15NA',4902,51521,142300
'15NA',4902,51521,143800
'15NA',4902,51521,145500
'15NA',4902,51521,151400
'15NA',4902,51521,153400
'15NA',4902,51521,155600
'15NA',4902,51521,161700
'15NA',4902,51521,163800
'15NA',4902,51521,165800
'15NA',4902,51521,171900
'15NA',4902,51521,174100
'15NA',4902,51521,180300
'15NA',4902,51521,182400
'15NA',4902,51521,184700
'15NA',4902,51521,191000
'15NA',4902,51521,193300
'15NA',4902,51521,195600
'15NA',4902,51521,201900
'15NA',4902,51521,204200
'15NA',4902,51521,210600
'15NA',4902,51521,213000
'15NA',4902,51521,215400
'15NA',4902,51521,221800
'15NA',4902,51521,224200
'15NA',4902,51521,230600
'15NA',4902,51521,233600
'15NA',4902,51521,240500
'15NA',4902,51521,243500
'15NA',4902,51521,250400
'15NF1',4902,51521,50800
'15NF1',4902,51521,53700
'15NF1',4902,51521,60500
'15NF1',4902,51521,63300
'15NF1',4902,51521,65500
'15NF1',4902,51521,71500
'15NF1',4902,51521,73500
'15NF1',4902,51521,75300
'15NF1',4902,51521,80900
'15NF1',4902,51521,82700
'15NF1',4902,51521,84400
'15NF1',4902,51521,90000
'15NF1',4902,51521,91500
'15NF1',4902,51521,93000
'15NF1',4902,51521,94500
'15NF1',4902,51521,100000
'15NF1',4902,51521,101500
'15NF1',4902,51521,103000
'15NF1',4902,51521,104600
'15NF1',4902,51521,110500
'15NF1',4902,51521,112500
'15NF1',4902,51521,114600
'15NF1',4902,51521,120600
'15NF1',4902,51521,122700
'15NF1',4902,51521,124800
'15NF1',4902,51521,130700
'15NF1',4902,51521,132600
'15NF1',4902,51521,134600
'15NF1',4902,51521,140600
'15NF1',4902,51521,142600
'15NF1',4902,51521,144600
'15NF1',4902,51521,150600
'15NF1',4902,51521,152600
'15NF1',4902,51521,154600
'15NF1',4902,51521,160600
'15NF1',4902,51521,162600
'15NF1',4902,51521,164600
'15NF1',4902,51521,170700
'15NF1',4902,51521,172700
'15NF1',4902,51521,174700
'15NF1',4902,51521,181000
'15NF1',4902,51521,183900
'15NF1',4902,51521,190900
'15NF1',4902,51521,193900
'15NF1',4902,51521,200900
'15NF1',4902,51521,204000
'15NF1',4902,51521,211100
'15NF1',4902,51521,214100
'15NF1',4902,51521,221100
'15NF1',4902,51521,224000
'15NF1',4902,51521,230900
'15NF1',4902,51521,233900
'15NF1',4902,51521,240400
'15NF1',4902,51521,243000
'15NF2',4902,51521,50800
'15NF2',4902,51521,53000
'15NF2',4902,51521,55000
'15NF2',4902,51521,61000
'15NF2',4902,51521,63000
'15NF2',4902,51521,65000
'15NF2',4902,51521,70500
'15NF2',4902,51521,72000
'15NF2',4902,51521,73500
'15NF2',4902,51521,75000
'15NF2',4902,51521,80500
'15NF2',4902,51521,82000
'15NF2',4902,51521,83600
'15NF2',4902,51521,85200
'15NF2',4902,51521,90700
'15NF2',4902,51521,92200
'15NF2',4902,51521,93800
'15NF2',4902,51521,95300
'15NF2',4902,51521,100800
'15NF2',4902,51521,102300
'15NF2',4902,51521,103800
'15NF2',4902,51521,105300
'15NF2',4902,51521,110800
'15NF2',4902,51521,112300
'15NF2',4902,51521,113700
'15NF2',4902,51521,115200
'15NF2',4902,51521,120700
'15NF2',4902,51521,122200
'15NF2',4902,51521,123700
'15NF2',4902,51521,125300
'15NF2',4902,51521,130800
'15NF2',4902,51521,132300
'15NF2',4902,51521,133800
'15NF2',4902,51521,135300
'15NF2',4902,51521,140800
'15NF2',4902,51521,142300
'15NF2',4902,51521,143800
'15NF2',4902,51521,145500
'15NF2',4902,51521,151400
'15NF2',4902,51521,153400
'15NF2',4902,51521,155600
'15NF2',4902,51521,161700
'15NF2',4902,51521,163800
'15NF2',4902,51521,165800
'15NF2',4902,51521,171900
'15NF2',4902,51521,174100
'15NF2',4902,51521,180300
'15NF2',4902,51521,182400
'15NF2',4902,51521,184700
'15NF2',4902,51521,191000
'15NF2',4902,51521,193300
'15NF2',4902,51521,195600
'15NF2',4902,51521,201900
'15NF2',4902,51521,204200
'15NF2',4902,51521,210600
'15NF2',4902,51521,213000
'15NF2',4902,51521,215400
'15NF2',4902,51521,221800
'15NF2',4902,51521,224200
'15NF2',4902,51521,230600
'15NF2',4902,51521,233600
'15NF2',4902,51521,240500
'15NF2',4902,51521,243500
'15NF2',4902,51521,250400
'15NF3',4902,51521,50800
'15NF3',4902,51521,53700
'15NF3',4902,51521,60500
'15NF3',4902,51521,63300
'15NF3',4902,51521,65500
'15NF3',4902,51521,71500
'15NF3',4902,51521,73500
'15NF3',4902,51521,75300
'15NF3',4902,51521,80900
'15NF3',4902,51521,82700
'15NF3',4902,51521,84400
'15NF3',4902,51521,90000
'15NF3',4902,51521,91500
'15NF3',4902,51521,93000
'15NF3',4902,51521,94500
'15NF3',4902,51521,100000
'15NF3',4902,51521,101500
'15NF3',4902,51521,103000
'15NF3',4902,51521,104600
'15NF3',4902,51521,110500
'15NF3',4902,51521,112500
'15NF3',4902,51521,114600
'15NF3',4902,51521,120600
'15NF3',4902,51521,122700
'15NF3',4902,51521,124800
'15NF3',4902,51521,130700
'15NF3',4902,51521,132600
'15NF3',4902,51521,134600
'15NF3',4902,51521,140600
'15NF3',4902,51521,142600
'15NF3',4902,51521,144600
'15NF3',4902,51521,150600
'15NF3',4902,51521,152600
'15NF3',4902,51521,154600
'15NF3',4902,51521,160600
'15NF3',4902,51521,162600
'15NF3',4902,51521,164600
'15NF3',4902,51521,170700
'15NF3',4902,51521,172700
'15NF3',4902,51521,174700
'15NF3',4902,51521,181000
'15NF3',4902,51521,183900
'15NF3',4902,51521,190900
'15NF3',4902,51521,193900
'15NF3',4902,51521,200900
'15NF3',4902,51521,204000
'15NF3',4902,51521,211100
'15NF3',4902,51521,214100
'15NF3',4902,51521,221100
'15NF3',4902,51521,224000
'15NF3',4902,51521,230900
'15NF3',4902,51521,233900
'15NF3',4902,51521,240400
'15NF3',4902,51521,243000
'15NF4',4902,51521,50800
'15NF4',4902,51521,53000
'15NF4',4902,51521,55000
'15NF4',4902,51521,61000
'15NF4',4902,51521,63000
'15NF4',4902,51521,65000
'15NF4',4902,51521,70500
'15NF4',4902,51521,72000
'15NF4',4902,51521,73500
'15NF4',4902,51521,75000
'15NF4',4902,51521,80500
'15NF4',4902,51521,82000
'15NF4',4902,51521,83600
'15NF4',4902,51521,85200
'15NF4',4902,51521,90700
'15NF4',4902,51521,92200
'15NF4',4902,51521,93800
'15NF4',4902,51521,95300
'15NF4',4902,51521,100800
'15NF4',4902,51521,102300
'15NF4',4902,51521,103800
'15NF4',4902,51521,105300
'15NF4',4902,51521,110800
'15NF4',4902,51521,112300
'15NF4',4902,51521,113700
'15NF4',4902,51521,115200
'15NF4',4902,51521,120700
'15NF4',4902,51521,122200
'15NF4',4902,51521,123700
'15NF4',4902,51521,125300
'15NF4',4902,51521,130800
'15NF4',4902,51521,132300
'15NF4',4902,51521,133800
'15NF4',4902,51521,135300
'15NF4',4902,51521,140800
'15NF4',4902,51521,142300
'15NF4',4902,51521,143800
'15NF4',4902,51521,145500
'15NF4',4902,51521,151400
'15NF4',4902,51521,153400
'15NF4',4902,51521,155600
'15NF4',4902,51521,161700
'15NF4',4902,51521,163800
'15NF4',4902,51521,165800
'15NF4',4902,51521,171900
'15NF4',4902,51521,174100
'15NF4',4902,51521,180300
'15NF4',4902,51521,182400
'15NF4',4902,51521,184700
'15NF4',4902,51521,191000
'15NF4',4902,51521,193300
'15NF4',4902,51521,195600
'15NF4',4902,51521,201900
'15NF4',4902,51521,204200
'15NF4',4902,51521,210600
'15NF4',4902,51521,213000
'15NF4',4902,51521,215400
'15NF4',4902,51521,221800
'15NF4',4902,51521,224200
'15NF4',4902,51521,230600
'15NF4',4902,51521,233600
'15NF4',4902,51521,240500
'15NF4',4902,51521,243500
'15NF4',4902,51521,250400
'15NI',4902,51521,50800
'15NI',4902,51521,53700
'15NI',4902,51521,60500
'15NI',4902,51521,63300
'15NI',4902,51521,65500
'15NI',4902,51521,71500
'15NI',4902,51521,73500
'15NI',4902,51521,75300
'15NI',4902,51521,80900
'15NI',4902,51521,82700
'15NI',4902,51521,84400
'15NI',4902,51521,90000
'15NI',4902,51521,91500
'15NI',4902,51521,93000
'15NI',4902,51521,94500
'15NI',4902,51521,100000
'15NI',4902,51521,101500
'15NI',4902,51521,103000
'15NI',4902,51521,104600
'15NI',4902,51521,110500
'15NI',4902,51521,112500
'15NI',4902,51521,114600
'15NI',4902,51521,120600
'15NI',4902,51521,122700
'15NI',4902,51521,124800
'15NI',4902,51521,130700
'15NI',4902,51521,132600
'15NI',4902,51521,134600
'15NI',4902,51521,140600
'15NI',4902,51521,142600
'15NI',4902,51521,144600
'15NI',4902,51521,150600
'15NI',4902,51521,152600
'15NI',4902,51521,154600
'15NI',4902,51521,160600
'15NI',4902,51521,162600
'15NI',4902,51521,164600
'15NI',4902,51521,170700
'15NI',4902,51521,172700
'15NI',4902,51521,174700
'15NI',4902,51521,181000
'15NI',4902,51521,183900
'15NI',4902,51521,190900
'15NI',4902,51521,193900
'15NI',4902,51521,200900
'15NI',4902,51521,204000
'15NI',4902,51521,211100
'15NI',4902,51521,214100
'15NI',4902,51521,221100
'15NI',4902,51521,224000
'15NI',4902,51521,230900
'15NI',4902,51521,233900
'15NI',4902,51521,240400
'15NI',4902,51521,243000
'15NS',4902,51521,45100
'15NS',4902,51521,50600
'15NS',4902,51521,51100
'15NS',4902,51521,51600
'15NS',4902,51521,52600
'15NS',4902,51521,53700
'15NS',4902,51521,54200
'15NS',4902,51521,54500
'15NS',4902,51521,55700
'15NS',4902,51521,60700
'15NS',4902,51521,61800
'15NS',4902,51521,62800
'15NS',4902,51521,63600
'15NS',4902,51521,64300
'15NS',4902,51521,65100
'15NS',4902,51521,65900
'15NS',4902,51521,70700
'15NS',4902,51521,71500
'15NS',4902,51521,72400
'15NS',4902,51521,72900
'15NS',4902,51521,73400
'15NS',4902,51521,74200
'15NS',4902,51521,74800
'15NS',4902,51521,75500
'15NS',4902,51521,80200
'15NS',4902,51521,81100
'15NS',4902,51521,82000
'15NS',4902,51521,82800
'15NS',4902,51521,83700
'15NS',4902,51521,84600
'15NS',4902,51521,85600
'15NS',4902,51521,90600
'15NS',4902,51521,91600
'15NS',4902,51521,92600
'15NS',4902,51521,93600
'15NS',4902,51521,94600
'15NS',4902,51521,95600
'15NS',4902,51521,100600
'15NS',4902,51521,101600
'15NS',4902,51521,102600
'15NS',4902,51521,103600
'15NS',4902,51521,104600
'15NS',4902,51521,105600
'15NS',4902,51521,110600
'15NS',4902,51521,111600
'15NS',4902,51521,112600
'15NS',4902,51521,113600
'15NS',4902,51521,114600
'15NS',4902,51521,115600
'15NS',4902,51521,120600
'15NS',4902,51521,121600
'15NS',4902,51521,122600
'15NS',4902,51521,123600
'15NS',4902,51521,124600
'15NS',4902,51521,125600
'15NS',4902,51521,130600
'15NS',4902,51521,131600
'15NS',4902,51521,132600
'15NS',4902,51521,133600
'15NS',4902,51521,134600
'15NS',4902,51521,135600
'15NS',4902,51521,140600
'15NS',4902,51521,141600
'15NS',4902,51521,142700
'15NS',4902,51521,144400
'15NS',4902,51521,145900
'15NS',4902,51521,151800
'15NS',4902,51521,154200
'15NS',4902,51521,160400
'15NS',4902,51521,162600
'15NS',4902,51521,164800
'15NS',4902,51521,170800
'15NS',4902,51521,172800
'15NS',4902,51521,174900
'15NS',4902,51521,182100
'15NS',4902,51521,184100
'15NS',4902,51521,190200
'15NS',4902,51521,193100
'15NS',4902,51521,200200
'15NS',4902,51521,203200
'15NS',4902,51521,210200
'15NS',4902,51521,213200
'15NS',4902,51521,220200
'15NS',4902,51521,223200
'15NS',4902,51521,230000
'15NS',4902,51521,233000
'15NS',4902,51521,240100
'15NS',4902,51521,243300
'15NA',38002,51521,260753
'15NA',38002,51521,265253
'15NA',38002,51521,273753
'15NA',38002,51521,282253
'15NF1',38002,51521,255043
'15NF1',38002,51521,263543
'15NF1',38002,51521,272043
'15NF1',38002,51521,280632
'15NF1',38002,51521,283932
'15NF1',38002,51521,284953
'15NF2',38002,51521,260753
'15NF2',38002,51521,265253
'15NF2',38002,51521,273753
'15NF2',38002,51521,282253
'15NF3',38002,51521,255043
'15NF3',38002,51521,263543
'15NF3',38002,51521,272043
'15NF3',38002,51521,280632
'15NF3',38002,51521,283932
'15NF3',38002,51521,284953
'15NF4',38002,51521,260753
'15NF4',38002,51521,265253
'15NF4',38002,51521,273753
'15NF4',38002,51521,282253
'15NI',38002,51521,254928
'15NI',38002,51521,263428
'15NI',38002,51521,271928
'15NI',38002,51521,280453
'15NI',38002,51521,283753
'15NI',38002,51521,284953
'15NS',38002,51521,255043
'15NS',38002,51521,263543
'15NS',38002,51521,272043
'15NS',38002,51521,280632
'15NS',38002,51521,283932
'15NS',38002,51521,285132
'15NS',44802,51521,55900
'15NS',44802,51521,61100
'15NS',44802,51521,62300
'15NS',44802,51521,63500
'15NS',44802,51521,64800
'15NS',44802,51521,65700
'15NS',44802,51521,70400
'15NS',44802,51521,71100
'15NS',44802,51521,71600
'15NS',44802,51521,72200
'15NS',44802,51521,72800
'15NS',44802,51521,73400
'15NS',44802,51521,74300
'15NS',44802,51521,75100
'15NS',44802,51521,75900
'15NS',44802,51521,80800
'15NS',44802,51521,81900
'15NS',44802,51521,82800
'15NS',44802,51521,85100
'15NS',44802,51521,91500
'15NS',44802,51521,94500
