'17MA',3204,55279,50844
'17MA',3204,55279,53744
'17MA',3204,55279,60744
'17MA',3204,55279,63829
'17MA',3204,55279,70829
'17MA',3204,55279,73729
'17MA',3204,55279,80529
'17MA',3204,55279,82229
'17MA',3204,55279,83729
'17MA',3204,55279,85229
'17MA',3204,55279,90729
'17MA',3204,55279,92129
'17MA',3204,55279,93529
'17MA',3204,55279,95029
'17MA',3204,55279,100529
'17MA',3204,55279,102029
'17MA',3204,55279,103429
'17MA',3204,55279,104729
'17MA',3204,55279,110029
'17MA',3204,55279,111429
'17MA',3204,55279,112829
'17MA',3204,55279,114229
'17MA',3204,55279,115629
'17MA',3204,55279,120929
'17MA',3204,55279,122129
'17MA',3204,55279,123329
'17MA',3204,55279,124629
'17MA',3204,55279,125929
'17MA',3204,55279,131229
'17MA',3204,55279,132429
'17MA',3204,55279,133529
'17MA',3204,55279,134629
'17MA',3204,55279,135829
'17MA',3204,55279,141029
'17MA',3204,55279,142229
'17MA',3204,55279,143429
'17MA',3204,55279,144629
'17MA',3204,55279,145929
'17MA',3204,55279,151229
'17MA',3204,55279,152629
'17MA',3204,55279,154129
'17MA',3204,55279,155629
'17MA',3204,55279,161129
'17MA',3204,55279,162629
'17MA',3204,55279,164229
'17MA',3204,55279,165829
'17MA',3204,55279,171429
'17MA',3204,55279,173129
'17MA',3204,55279,174944
'17MA',3204,55279,181244
'17MA',3204,55279,183744
'17MA',3204,55279,190644
'17MA',3204,55279,193644
'17MA',3204,55279,200544
'17MA',3204,55279,203344
'17MA',3204,55279,210044
'17MA',3204,55279,212844
'17MA',3204,55279,215644
'17MA',3204,55279,222544
'17MA',3204,55279,225544
'17MA',3204,55279,232644
'17MA',3204,55279,235559
'17MA',3204,55279,242559
'17MA',3204,55279,245614
'17MA',3204,55279,252614
'17MF1',3204,55279,50844
'17MF1',3204,55279,53744
'17MF1',3204,55279,60744
'17MF1',3204,55279,63829
'17MF1',3204,55279,70829
'17MF1',3204,55279,73729
'17MF1',3204,55279,80529
'17MF1',3204,55279,82229
'17MF1',3204,55279,83729
'17MF1',3204,55279,85229
'17MF1',3204,55279,90729
'17MF1',3204,55279,92129
'17MF1',3204,55279,93529
'17MF1',3204,55279,95029
'17MF1',3204,55279,100529
'17MF1',3204,55279,102029
'17MF1',3204,55279,103429
'17MF1',3204,55279,104729
'17MF1',3204,55279,110029
'17MF1',3204,55279,111429
'17MF1',3204,55279,112829
'17MF1',3204,55279,114229
'17MF1',3204,55279,115629
'17MF1',3204,55279,120929
'17MF1',3204,55279,122129
'17MF1',3204,55279,123329
'17MF1',3204,55279,124629
'17MF1',3204,55279,125929
'17MF1',3204,55279,131229
'17MF1',3204,55279,132429
'17MF1',3204,55279,133529
'17MF1',3204,55279,134629
'17MF1',3204,55279,135829
'17MF1',3204,55279,141029
'17MF1',3204,55279,142229
'17MF1',3204,55279,143429
'17MF1',3204,55279,144629
'17MF1',3204,55279,145929
'17MF1',3204,55279,151229
'17MF1',3204,55279,152629
'17MF1',3204,55279,154129
'17MF1',3204,55279,155629
'17MF1',3204,55279,161129
'17MF1',3204,55279,162629
'17MF1',3204,55279,164229
'17MF1',3204,55279,165829
'17MF1',3204,55279,171429
'17MF1',3204,55279,173129
'17MF1',3204,55279,174944
'17MF1',3204,55279,181244
'17MF1',3204,55279,183744
'17MF1',3204,55279,190644
'17MF1',3204,55279,193644
'17MF1',3204,55279,200544
'17MF1',3204,55279,203344
'17MF1',3204,55279,210044
'17MF1',3204,55279,212844
'17MF1',3204,55279,215644
'17MF1',3204,55279,222544
'17MF1',3204,55279,225544
'17MF1',3204,55279,232644
'17MF1',3204,55279,235559
'17MF1',3204,55279,242559
'17MF1',3204,55279,245614
'17MF2',3204,55279,50844
'17MF2',3204,55279,53744
'17MF2',3204,55279,60744
'17MF2',3204,55279,63829
'17MF2',3204,55279,70829
'17MF2',3204,55279,73729
'17MF2',3204,55279,80529
'17MF2',3204,55279,82229
'17MF2',3204,55279,83729
'17MF2',3204,55279,85229
'17MF2',3204,55279,90729
'17MF2',3204,55279,92129
'17MF2',3204,55279,93529
'17MF2',3204,55279,95029
'17MF2',3204,55279,100529
'17MF2',3204,55279,102029
'17MF2',3204,55279,103429
'17MF2',3204,55279,104729
'17MF2',3204,55279,110029
'17MF2',3204,55279,111429
'17MF2',3204,55279,112829
'17MF2',3204,55279,114229
'17MF2',3204,55279,115629
'17MF2',3204,55279,120929
'17MF2',3204,55279,122129
'17MF2',3204,55279,123329
'17MF2',3204,55279,124629
'17MF2',3204,55279,125929
'17MF2',3204,55279,131229
'17MF2',3204,55279,132429
'17MF2',3204,55279,133529
'17MF2',3204,55279,134629
'17MF2',3204,55279,135829
'17MF2',3204,55279,141029
'17MF2',3204,55279,142229
'17MF2',3204,55279,143429
'17MF2',3204,55279,144629
'17MF2',3204,55279,145929
'17MF2',3204,55279,151229
'17MF2',3204,55279,152629
'17MF2',3204,55279,154129
'17MF2',3204,55279,155629
'17MF2',3204,55279,161129
'17MF2',3204,55279,162629
'17MF2',3204,55279,164229
'17MF2',3204,55279,165829
'17MF2',3204,55279,171429
'17MF2',3204,55279,173129
'17MF2',3204,55279,174944
'17MF2',3204,55279,181244
'17MF2',3204,55279,183744
'17MF2',3204,55279,190644
'17MF2',3204,55279,193644
'17MF2',3204,55279,200544
'17MF2',3204,55279,203344
'17MF2',3204,55279,210044
'17MF2',3204,55279,212844
'17MF2',3204,55279,215644
'17MF2',3204,55279,222544
'17MF2',3204,55279,225544
'17MF2',3204,55279,232644
'17MF2',3204,55279,235559
'17MF2',3204,55279,242559
'17MF2',3204,55279,245614
'17MF3',3204,55279,50844
'17MF3',3204,55279,53744
'17MF3',3204,55279,60744
'17MF3',3204,55279,63829
'17MF3',3204,55279,70829
'17MF3',3204,55279,73729
'17MF3',3204,55279,80529
'17MF3',3204,55279,82229
'17MF3',3204,55279,83729
'17MF3',3204,55279,85229
'17MF3',3204,55279,90729
'17MF3',3204,55279,92129
'17MF3',3204,55279,93529
'17MF3',3204,55279,95029
'17MF3',3204,55279,100529
'17MF3',3204,55279,102029
'17MF3',3204,55279,103429
'17MF3',3204,55279,104729
'17MF3',3204,55279,110029
'17MF3',3204,55279,111429
'17MF3',3204,55279,112829
'17MF3',3204,55279,114229
'17MF3',3204,55279,115629
'17MF3',3204,55279,120929
'17MF3',3204,55279,122129
'17MF3',3204,55279,123329
'17MF3',3204,55279,124629
'17MF3',3204,55279,125929
'17MF3',3204,55279,131229
'17MF3',3204,55279,132429
'17MF3',3204,55279,133529
'17MF3',3204,55279,134629
'17MF3',3204,55279,135829
'17MF3',3204,55279,141029
'17MF3',3204,55279,142229
'17MF3',3204,55279,143429
'17MF3',3204,55279,144629
'17MF3',3204,55279,145929
'17MF3',3204,55279,151229
'17MF3',3204,55279,152629
'17MF3',3204,55279,154129
'17MF3',3204,55279,155629
'17MF3',3204,55279,161129
'17MF3',3204,55279,162629
'17MF3',3204,55279,164229
'17MF3',3204,55279,165829
'17MF3',3204,55279,171429
'17MF3',3204,55279,173129
'17MF3',3204,55279,174944
'17MF3',3204,55279,181244
'17MF3',3204,55279,183744
'17MF3',3204,55279,190644
'17MF3',3204,55279,193644
'17MF3',3204,55279,200544
'17MF3',3204,55279,203344
'17MF3',3204,55279,210044
'17MF3',3204,55279,212844
'17MF3',3204,55279,215644
'17MF3',3204,55279,222544
'17MF3',3204,55279,225544
'17MF3',3204,55279,232644
'17MF3',3204,55279,235559
'17MF3',3204,55279,242559
'17MF3',3204,55279,245614
'17MI',3204,55279,50414
'17MI',3204,55279,53114
'17MI',3204,55279,60159
'17MI',3204,55279,63159
'17MI',3204,55279,70244
'17MI',3204,55279,73244
'17MI',3204,55279,75644
'17MI',3204,55279,81544
'17MI',3204,55279,83344
'17MI',3204,55279,85244
'17MI',3204,55279,91244
'17MI',3204,55279,93329
'17MI',3204,55279,95529
'17MI',3204,55279,101529
'17MI',3204,55279,103429
'17MI',3204,55279,105329
'17MI',3204,55279,111229
'17MI',3204,55279,113129
'17MI',3204,55279,115129
'17MI',3204,55279,121129
'17MI',3204,55279,123129
'17MI',3204,55279,125029
'17MI',3204,55279,130929
'17MI',3204,55279,132929
'17MI',3204,55279,135029
'17MI',3204,55279,141129
'17MI',3204,55279,143229
'17MI',3204,55279,145229
'17MI',3204,55279,150829
'17MI',3204,55279,152329
'17MI',3204,55279,153829
'17MI',3204,55279,155429
'17MI',3204,55279,161529
'17MI',3204,55279,163629
'17MI',3204,55279,165629
'17MI',3204,55279,171629
'17MI',3204,55279,173644
'17MI',3204,55279,180444
'17MI',3204,55279,183144
'17MI',3204,55279,185844
'17MI',3204,55279,192644
'17MI',3204,55279,195644
'17MI',3204,55279,202644
'17MI',3204,55279,205644
'17MI',3204,55279,212644
'17MI',3204,55279,215644
'17MI',3204,55279,222644
'17MI',3204,55279,225544
'17MI',3204,55279,232544
'17MI',3204,55279,235414
'17MI',3204,55279,242514
'17MI',3204,55279,245614
'17MS',3204,55279,50414
'17MS',3204,55279,52514
'17MS',3204,55279,54829
'17MS',3204,55279,60929
'17MS',3204,55279,61929
'17MS',3204,55279,62929
'17MS',3204,55279,64014
'17MS',3204,55279,65014
'17MS',3204,55279,65714
'17MS',3204,55279,70314
'17MS',3204,55279,70814
'17MS',3204,55279,71314
'17MS',3204,55279,71914
'17MS',3204,55279,72614
'17MS',3204,55279,73414
'17MS',3204,55279,74214
'17MS',3204,55279,75114
'17MS',3204,55279,80114
'17MS',3204,55279,81114
'17MS',3204,55279,82014
'17MS',3204,55279,82914
'17MS',3204,55279,83829
'17MS',3204,55279,84829
'17MS',3204,55279,85829
'17MS',3204,55279,90829
'17MS',3204,55279,91829
'17MS',3204,55279,92829
'17MS',3204,55279,93829
'17MS',3204,55279,94829
'17MS',3204,55279,95829
'17MS',3204,55279,100829
'17MS',3204,55279,101829
'17MS',3204,55279,102829
'17MS',3204,55279,103829
'17MS',3204,55279,104829
'17MS',3204,55279,105829
'17MS',3204,55279,110914
'17MS',3204,55279,111914
'17MS',3204,55279,112914
'17MS',3204,55279,113914
'17MS',3204,55279,114914
'17MS',3204,55279,115914
'17MS',3204,55279,120914
'17MS',3204,55279,121914
'17MS',3204,55279,122914
'17MS',3204,55279,123914
'17MS',3204,55279,124914
'17MS',3204,55279,125914
'17MS',3204,55279,130914
'17MS',3204,55279,131914
'17MS',3204,55279,132914
'17MS',3204,55279,133914
'17MS',3204,55279,134914
'17MS',3204,55279,135914
'17MS',3204,55279,140914
'17MS',3204,55279,141814
'17MS',3204,55279,142414
'17MS',3204,55279,143014
'17MS',3204,55279,143959
'17MS',3204,55279,144959
'17MS',3204,55279,145959
'17MS',3204,55279,150959
'17MS',3204,55279,151959
'17MS',3204,55279,153159
'17MS',3204,55279,154359
'17MS',3204,55279,155459
'17MS',3204,55279,160459
'17MS',3204,55279,161359
'17MS',3204,55279,162259
'17MS',3204,55279,163259
'17MS',3204,55279,164259
'17MS',3204,55279,165259
'17MS',3204,55279,170959
'17MS',3204,55279,172959
'17MS',3204,55279,175214
'17MS',3204,55279,181514
'17MS',3204,55279,183914
'17MS',3204,55279,190514
'17MS',3204,55279,193214
'17MS',3204,55279,195914
'17MS',3204,55279,202914
'17MS',3204,55279,205914
'17MS',3204,55279,212744
'17MS',3204,55279,215744
'17MS',3204,55279,222744
'17MS',3204,55279,225744
'17MS',3204,55279,232614
'17MS',3204,55279,235614
'17MS',3204,55279,242614
'17MS',3204,55279,245614
'17MA',3304,55279,45221
'17MA',3304,55279,52121
'17MA',3304,55279,54921
'17MA',3304,55279,61721
'17MA',3304,55279,64521
'17MA',3304,55279,71321
'17MA',3304,55279,73121
'17MA',3304,55279,74721
'17MA',3304,55279,80221
'17MA',3304,55279,81721
'17MA',3304,55279,83305
'17MA',3304,55279,84505
'17MA',3304,55279,85705
'17MA',3304,55279,90905
'17MA',3304,55279,92205
'17MA',3304,55279,93449
'17MA',3304,55279,94649
'17MA',3304,55279,95749
'17MA',3304,55279,100749
'17MA',3304,55279,101549
'17MA',3304,55279,102349
'17MA',3304,55279,103149
'17MA',3304,55279,103949
'17MA',3304,55279,104749
'17MA',3304,55279,105749
'17MA',3304,55279,110649
'17MA',3304,55279,111549
'17MA',3304,55279,112349
'17MA',3304,55279,113149
'17MA',3304,55279,114049
'17MA',3304,55279,114949
'17MA',3304,55279,115649
'17MA',3304,55279,120349
'17MA',3304,55279,121049
'17MA',3304,55279,121849
'17MA',3304,55279,122749
'17MA',3304,55279,123649
'17MA',3304,55279,124549
'17MA',3304,55279,125349
'17MA',3304,55279,130249
'17MA',3304,55279,131049
'17MA',3304,55279,131649
'17MA',3304,55279,132249
'17MA',3304,55279,132849
'17MA',3304,55279,133449
'17MA',3304,55279,134149
'17MA',3304,55279,134949
'17MA',3304,55279,135749
'17MA',3304,55279,140449
'17MA',3304,55279,141149
'17MA',3304,55279,141849
'17MA',3304,55279,142549
'17MA',3304,55279,143449
'17MA',3304,55279,144349
'17MA',3304,55279,145349
'17MA',3304,55279,150249
'17MA',3304,55279,151249
'17MA',3304,55279,152249
'17MA',3304,55279,153249
'17MA',3304,55279,154249
'17MA',3304,55279,155249
'17MA',3304,55279,160249
'17MA',3304,55279,161249
'17MA',3304,55279,162249
'17MA',3304,55279,163249
'17MA',3304,55279,164249
'17MA',3304,55279,165049
'17MA',3304,55279,165749
'17MA',3304,55279,170549
'17MA',3304,55279,171349
'17MA',3304,55279,172249
'17MA',3304,55279,173249
'17MA',3304,55279,174249
'17MA',3304,55279,175249
'17MA',3304,55279,180849
'17MA',3304,55279,182549
'17MA',3304,55279,184505
'17MA',3304,55279,190505
'17MA',3304,55279,192505
'17MA',3304,55279,194505
'17MA',3304,55279,200505
'17MA',3304,55279,203405
'17MA',3304,55279,210405
'17MA',3304,55279,213321
'17MA',3304,55279,220321
'17MA',3304,55279,223321
'17MA',3304,55279,230321
'17MA',3304,55279,233321
'17MA',3304,55279,240321
'17MA',3304,55279,243321
'17MA',3304,55279,250321
'17MA',3304,55279,253221
'17MF1',3304,55279,50321
'17MF1',3304,55279,51721
'17MF1',3304,55279,53205
'17MF1',3304,55279,54649
'17MF1',3304,55279,55949
'17MF1',3304,55279,61149
'17MF1',3304,55279,62349
'17MF1',3304,55279,63433
'17MF1',3304,55279,64433
'17MF1',3304,55279,65433
'17MF1',3304,55279,70433
'17MF1',3304,55279,71433
'17MF1',3304,55279,72433
'17MF1',3304,55279,73433
'17MF1',3304,55279,74433
'17MF1',3304,55279,75433
'17MF1',3304,55279,80433
'17MF1',3304,55279,81433
'17MF1',3304,55279,82433
'17MF1',3304,55279,83433
'17MF1',3304,55279,84433
'17MF1',3304,55279,85433
'17MF1',3304,55279,90433
'17MF1',3304,55279,91433
'17MF1',3304,55279,92433
'17MF1',3304,55279,93433
'17MF1',3304,55279,94433
'17MF1',3304,55279,95433
'17MF1',3304,55279,100433
'17MF1',3304,55279,101433
'17MF1',3304,55279,102433
'17MF1',3304,55279,103433
'17MF1',3304,55279,104433
'17MF1',3304,55279,105433
'17MF1',3304,55279,110433
'17MF1',3304,55279,111433
'17MF1',3304,55279,112433
'17MF1',3304,55279,113433
'17MF1',3304,55279,114433
'17MF1',3304,55279,115433
'17MF1',3304,55279,120433
'17MF1',3304,55279,121433
'17MF1',3304,55279,122433
'17MF1',3304,55279,123433
'17MF1',3304,55279,124433
'17MF1',3304,55279,125433
'17MF1',3304,55279,130433
'17MF1',3304,55279,131433
'17MF1',3304,55279,132433
'17MF1',3304,55279,133433
'17MF1',3304,55279,134433
'17MF1',3304,55279,135433
'17MF1',3304,55279,140433
'17MF1',3304,55279,141433
'17MF1',3304,55279,142433
'17MF1',3304,55279,143433
'17MF1',3304,55279,144517
'17MF1',3304,55279,145601
'17MF1',3304,55279,150601
'17MF1',3304,55279,151601
'17MF1',3304,55279,152601
'17MF1',3304,55279,153501
'17MF1',3304,55279,154601
'17MF1',3304,55279,155601
'17MF1',3304,55279,160501
'17MF1',3304,55279,161601
'17MF1',3304,55279,162601
'17MF1',3304,55279,163601
'17MF1',3304,55279,164601
'17MF1',3304,55279,165601
'17MF1',3304,55279,170601
'17MF1',3304,55279,171601
'17MF1',3304,55279,173101
'17MF1',3304,55279,174801
'17MF1',3304,55279,180349
'17MF1',3304,55279,182005
'17MF1',3304,55279,183905
'17MF1',3304,55279,185905
'17MF1',3304,55279,192005
'17MF1',3304,55279,194105
'17MF1',3304,55279,200205
'17MF1',3304,55279,202105
'17MF1',3304,55279,203905
'17MF1',3304,55279,205805
'17MF1',3304,55279,211721
'17MF1',3304,55279,213921
'17MF1',3304,55279,220437
'17MF1',3304,55279,223437
'17MF1',3304,55279,230437
'17MF1',3304,55279,233352
'17MF1',3304,55279,240252
'17MF1',3304,55279,243252
'17MF1',3304,55279,250521
'17MF2',3304,55279,50321
'17MF2',3304,55279,51721
'17MF2',3304,55279,53205
'17MF2',3304,55279,54649
'17MF2',3304,55279,55949
'17MF2',3304,55279,61149
'17MF2',3304,55279,62349
'17MF2',3304,55279,63433
'17MF2',3304,55279,64433
'17MF2',3304,55279,65433
'17MF2',3304,55279,70433
'17MF2',3304,55279,71433
'17MF2',3304,55279,72433
'17MF2',3304,55279,73433
'17MF2',3304,55279,74433
'17MF2',3304,55279,75433
'17MF2',3304,55279,80433
'17MF2',3304,55279,81433
'17MF2',3304,55279,82433
'17MF2',3304,55279,83433
'17MF2',3304,55279,84433
'17MF2',3304,55279,85433
'17MF2',3304,55279,90433
'17MF2',3304,55279,91433
'17MF2',3304,55279,92433
'17MF2',3304,55279,93433
'17MF2',3304,55279,94433
'17MF2',3304,55279,95433
'17MF2',3304,55279,100433
'17MF2',3304,55279,101433
'17MF2',3304,55279,102433
'17MF2',3304,55279,103433
'17MF2',3304,55279,104433
'17MF2',3304,55279,105433
'17MF2',3304,55279,110433
'17MF2',3304,55279,111433
'17MF2',3304,55279,112433
'17MF2',3304,55279,113433
'17MF2',3304,55279,114433
'17MF2',3304,55279,115433
'17MF2',3304,55279,120433
'17MF2',3304,55279,121433
'17MF2',3304,55279,122433
'17MF2',3304,55279,123433
'17MF2',3304,55279,124433
'17MF2',3304,55279,125433
'17MF2',3304,55279,130433
'17MF2',3304,55279,131433
'17MF2',3304,55279,132433
'17MF2',3304,55279,133433
'17MF2',3304,55279,134433
'17MF2',3304,55279,135433
'17MF2',3304,55279,140433
'17MF2',3304,55279,141433
'17MF2',3304,55279,142433
'17MF2',3304,55279,143433
'17MF2',3304,55279,144517
'17MF2',3304,55279,145601
'17MF2',3304,55279,150601
'17MF2',3304,55279,151601
'17MF2',3304,55279,152601
'17MF2',3304,55279,153501
'17MF2',3304,55279,154601
'17MF2',3304,55279,155601
'17MF2',3304,55279,160501
'17MF2',3304,55279,161601
'17MF2',3304,55279,162601
'17MF2',3304,55279,163601
'17MF2',3304,55279,164601
'17MF2',3304,55279,165601
'17MF2',3304,55279,170601
'17MF2',3304,55279,171601
'17MF2',3304,55279,173101
'17MF2',3304,55279,174801
'17MF2',3304,55279,180349
'17MF2',3304,55279,182005
'17MF2',3304,55279,183905
'17MF2',3304,55279,185905
'17MF2',3304,55279,192005
'17MF2',3304,55279,194105
'17MF2',3304,55279,200205
'17MF2',3304,55279,202105
'17MF2',3304,55279,203905
'17MF2',3304,55279,205805
'17MF2',3304,55279,211721
'17MF2',3304,55279,213921
'17MF2',3304,55279,220437
'17MF2',3304,55279,223437
'17MF2',3304,55279,230437
'17MF2',3304,55279,233352
'17MF2',3304,55279,240252
'17MF2',3304,55279,243252
'17MF2',3304,55279,250521
'17MF3',3304,55279,45721
'17MF3',3304,55279,52721
'17MF3',3304,55279,55721
'17MF3',3304,55279,62721
'17MF3',3304,55279,65721
'17MF3',3304,55279,72721
'17MF3',3304,55279,74821
'17MF3',3304,55279,80821
'17MF3',3304,55279,82821
'17MF3',3304,55279,84405
'17MF3',3304,55279,85805
'17MF3',3304,55279,91105
'17MF3',3304,55279,92405
'17MF3',3304,55279,93605
'17MF3',3304,55279,94949
'17MF3',3304,55279,100449
'17MF3',3304,55279,101949
'17MF3',3304,55279,103449
'17MF3',3304,55279,104649
'17MF3',3304,55279,105849
'17MF3',3304,55279,111049
'17MF3',3304,55279,112249
'17MF3',3304,55279,113549
'17MF3',3304,55279,114749
'17MF3',3304,55279,115849
'17MF3',3304,55279,121149
'17MF3',3304,55279,122449
'17MF3',3304,55279,123749
'17MF3',3304,55279,124949
'17MF3',3304,55279,125949
'17MF3',3304,55279,130949
'17MF3',3304,55279,131949
'17MF3',3304,55279,132949
'17MF3',3304,55279,134049
'17MF3',3304,55279,135049
'17MF3',3304,55279,140149
'17MF3',3304,55279,141149
'17MF3',3304,55279,142049
'17MF3',3304,55279,142949
'17MF3',3304,55279,143949
'17MF3',3304,55279,144949
'17MF3',3304,55279,145949
'17MF3',3304,55279,151049
'17MF3',3304,55279,152049
'17MF3',3304,55279,153249
'17MF3',3304,55279,154449
'17MF3',3304,55279,155649
'17MF3',3304,55279,160749
'17MF3',3304,55279,161949
'17MF3',3304,55279,163449
'17MF3',3304,55279,164949
'17MF3',3304,55279,170549
'17MF3',3304,55279,172049
'17MF3',3304,55279,173549
'17MF3',3304,55279,174949
'17MF3',3304,55279,180049
'17MF3',3304,55279,182005
'17MF3',3304,55279,184005
'17MF3',3304,55279,190305
'17MF3',3304,55279,193305
'17MF3',3304,55279,200305
'17MF3',3304,55279,203305
'17MF3',3304,55279,210305
'17MF3',3304,55279,213221
'17MF3',3304,55279,220221
'17MF3',3304,55279,223221
'17MF3',3304,55279,230221
'17MF3',3304,55279,233221
'17MF3',3304,55279,240321
'17MF3',3304,55279,243221
'17MF3',3304,55279,250521
'17MI',3304,55279,45721
'17MI',3304,55279,52721
'17MI',3304,55279,55721
'17MI',3304,55279,62721
'17MI',3304,55279,65721
'17MI',3304,55279,72721
'17MI',3304,55279,74821
'17MI',3304,55279,80821
'17MI',3304,55279,82821
'17MI',3304,55279,84405
'17MI',3304,55279,85805
'17MI',3304,55279,91105
'17MI',3304,55279,92405
'17MI',3304,55279,93605
'17MI',3304,55279,94949
'17MI',3304,55279,100449
'17MI',3304,55279,101949
'17MI',3304,55279,103449
'17MI',3304,55279,104649
'17MI',3304,55279,105849
'17MI',3304,55279,111049
'17MI',3304,55279,112249
'17MI',3304,55279,113549
'17MI',3304,55279,114749
'17MI',3304,55279,115849
'17MI',3304,55279,121149
'17MI',3304,55279,122449
'17MI',3304,55279,123749
'17MI',3304,55279,124949
'17MI',3304,55279,125949
'17MI',3304,55279,130949
'17MI',3304,55279,131949
'17MI',3304,55279,132949
'17MI',3304,55279,134049
'17MI',3304,55279,135049
'17MI',3304,55279,140149
'17MI',3304,55279,141149
'17MI',3304,55279,142049
'17MI',3304,55279,142949
'17MI',3304,55279,143949
'17MI',3304,55279,144949
'17MI',3304,55279,145949
'17MI',3304,55279,151049
'17MI',3304,55279,152049
'17MI',3304,55279,153249
'17MI',3304,55279,154449
'17MI',3304,55279,155649
'17MI',3304,55279,160749
'17MI',3304,55279,161949
'17MI',3304,55279,163449
'17MI',3304,55279,164949
'17MI',3304,55279,170549
'17MI',3304,55279,172049
'17MI',3304,55279,173549
'17MI',3304,55279,174949
'17MI',3304,55279,180049
'17MI',3304,55279,182005
'17MI',3304,55279,184005
'17MI',3304,55279,190305
'17MI',3304,55279,193305
'17MI',3304,55279,200305
'17MI',3304,55279,203305
'17MI',3304,55279,210305
'17MI',3304,55279,213221
'17MI',3304,55279,220221
'17MI',3304,55279,223221
'17MI',3304,55279,230221
'17MI',3304,55279,233221
'17MI',3304,55279,240321
'17MI',3304,55279,243221
'17MI',3304,55279,250521
'17MS',3304,55279,50321
'17MS',3304,55279,51721
'17MS',3304,55279,53205
'17MS',3304,55279,54649
'17MS',3304,55279,55949
'17MS',3304,55279,61149
'17MS',3304,55279,62349
'17MS',3304,55279,63433
'17MS',3304,55279,64433
'17MS',3304,55279,65433
'17MS',3304,55279,70433
'17MS',3304,55279,71433
'17MS',3304,55279,72433
'17MS',3304,55279,73433
'17MS',3304,55279,74433
'17MS',3304,55279,75433
'17MS',3304,55279,80433
'17MS',3304,55279,81433
'17MS',3304,55279,82433
'17MS',3304,55279,83433
'17MS',3304,55279,84433
'17MS',3304,55279,85433
'17MS',3304,55279,90433
'17MS',3304,55279,91433
'17MS',3304,55279,92433
'17MS',3304,55279,93433
'17MS',3304,55279,94433
'17MS',3304,55279,95433
'17MS',3304,55279,100433
'17MS',3304,55279,101433
'17MS',3304,55279,102433
'17MS',3304,55279,103433
'17MS',3304,55279,104433
'17MS',3304,55279,105433
'17MS',3304,55279,110433
'17MS',3304,55279,111433
'17MS',3304,55279,112433
'17MS',3304,55279,113433
'17MS',3304,55279,114433
'17MS',3304,55279,115433
'17MS',3304,55279,120433
'17MS',3304,55279,121433
'17MS',3304,55279,122433
'17MS',3304,55279,123433
'17MS',3304,55279,124433
'17MS',3304,55279,125433
'17MS',3304,55279,130433
'17MS',3304,55279,131433
'17MS',3304,55279,132433
'17MS',3304,55279,133433
'17MS',3304,55279,134433
'17MS',3304,55279,135433
'17MS',3304,55279,140433
'17MS',3304,55279,141433
'17MS',3304,55279,142433
'17MS',3304,55279,143517
'17MS',3304,55279,144601
'17MS',3304,55279,145601
'17MS',3304,55279,150601
'17MS',3304,55279,151601
'17MS',3304,55279,152601
'17MS',3304,55279,153501
'17MS',3304,55279,154601
'17MS',3304,55279,155601
'17MS',3304,55279,160501
'17MS',3304,55279,161601
'17MS',3304,55279,162601
'17MS',3304,55279,163601
'17MS',3304,55279,164601
'17MS',3304,55279,165601
'17MS',3304,55279,170601
'17MS',3304,55279,171601
'17MS',3304,55279,173101
'17MS',3304,55279,174801
'17MS',3304,55279,180349
'17MS',3304,55279,182005
'17MS',3304,55279,183905
'17MS',3304,55279,185905
'17MS',3304,55279,192005
'17MS',3304,55279,194105
'17MS',3304,55279,200205
'17MS',3304,55279,202105
'17MS',3304,55279,203905
'17MS',3304,55279,205805
'17MS',3304,55279,211721
'17MS',3304,55279,213921
'17MS',3304,55279,220437
'17MS',3304,55279,223437
'17MS',3304,55279,230437
'17MS',3304,55279,233352
'17MS',3304,55279,240252
'17MS',3304,55279,243252
'17MS',3304,55279,250352
'17MA',4302,55279,53800
'17MA',4302,55279,61400
'17MA',4302,55279,64700
'17MA',4302,55279,72243
'17MA',4302,55279,75543
'17MA',4302,55279,82943
'17MA',4302,55279,90343
'17MA',4302,55279,93743
'17MA',4302,55279,101526
'17MA',4302,55279,105026
'17MA',4302,55279,112526
'17MA',4302,55279,115418
'17MA',4302,55279,122118
'17MA',4302,55279,125018
'17MA',4302,55279,131918
'17MA',4302,55279,134718
'17MA',4302,55279,141518
'17MA',4302,55279,144418
'17MA',4302,55279,151318
'17MA',4302,55279,154218
'17MA',4302,55279,161118
'17MA',4302,55279,164018
'17MA',4302,55279,170918
'17MA',4302,55279,173718
'17MA',4302,55279,180335
'17MA',4302,55279,183235
'17MA',4302,55279,190135
'17MA',4302,55279,192943
'17MA',4302,55279,195843
'17MA',4302,55279,202743
'17MA',4302,55279,205643
'17MA',4302,55279,212543
'17MA',4302,55279,215443
'17MA',4302,55279,223043
'17MA',4302,55279,231943
'17MA',4302,55279,241943
'17MA',4302,55279,251943
'17MF1',4302,55279,50543
'17MF1',4302,55279,53243
'17MF1',4302,55279,60026
'17MF1',4302,55279,62626
'17MF1',4302,55279,65818
'17MF1',4302,55279,72918
'17MF1',4302,55279,80018
'17MF1',4302,55279,83218
'17MF1',4302,55279,90126
'17MF1',4302,55279,93026
'17MF1',4302,55279,100126
'17MF1',4302,55279,103126
'17MF1',4302,55279,110318
'17MF1',4302,55279,113409
'17MF1',4302,55279,120509
'17MF1',4302,55279,123509
'17MF1',4302,55279,130809
'17MF1',4302,55279,133809
'17MF1',4302,55279,140609
'17MF1',4302,55279,143709
'17MF1',4302,55279,151001
'17MF1',4302,55279,153901
'17MF1',4302,55279,160801
'17MF1',4302,55279,163901
'17MF1',4302,55279,171109
'17MF1',4302,55279,175109
'17MF1',4302,55279,181935
'17MF1',4302,55279,184435
'17MF1',4302,55279,191535
'17MF1',4302,55279,194335
'17MF1',4302,55279,200843
'17MF1',4302,55279,203643
'17MF1',4302,55279,210343
'17MF1',4302,55279,213043
'17MF1',4302,55279,220043
'17MF1',4302,55279,222943
'17MF1',4302,55279,231152
'17MF1',4302,55279,235352
'17MF1',4302,55279,244652
'17MF1',4302,55279,254352
'17MF2',4302,55279,50543
'17MF2',4302,55279,53243
'17MF2',4302,55279,60026
'17MF2',4302,55279,62626
'17MF2',4302,55279,65818
'17MF2',4302,55279,72918
'17MF2',4302,55279,80018
'17MF2',4302,55279,83218
'17MF2',4302,55279,90126
'17MF2',4302,55279,93026
'17MF2',4302,55279,100126
'17MF2',4302,55279,103126
'17MF2',4302,55279,110318
'17MF2',4302,55279,113409
'17MF2',4302,55279,120509
'17MF2',4302,55279,123509
'17MF2',4302,55279,130809
'17MF2',4302,55279,133809
'17MF2',4302,55279,140609
'17MF2',4302,55279,143709
'17MF2',4302,55279,151001
'17MF2',4302,55279,153901
'17MF2',4302,55279,160801
'17MF2',4302,55279,163901
'17MF2',4302,55279,171109
'17MF2',4302,55279,175109
'17MF2',4302,55279,181935
'17MF2',4302,55279,184435
'17MF2',4302,55279,191535
'17MF2',4302,55279,194335
'17MF2',4302,55279,200843
'17MF2',4302,55279,203643
'17MF2',4302,55279,210343
'17MF2',4302,55279,213043
'17MF2',4302,55279,220043
'17MF2',4302,55279,222943
'17MF2',4302,55279,231152
'17MF2',4302,55279,235352
'17MF2',4302,55279,244652
'17MF2',4302,55279,254352
'17MF3',4302,55279,61343
'17MF3',4302,55279,64643
'17MF3',4302,55279,72043
'17MF3',4302,55279,75443
'17MF3',4302,55279,83043
'17MF3',4302,55279,90443
'17MF3',4302,55279,93843
'17MF3',4302,55279,101243
'17MF3',4302,55279,104643
'17MF3',4302,55279,112135
'17MF3',4302,55279,115435
'17MF3',4302,55279,122235
'17MF3',4302,55279,125026
'17MF3',4302,55279,131726
'17MF3',4302,55279,134726
'17MF3',4302,55279,141626
'17MF3',4302,55279,144526
'17MF3',4302,55279,151426
'17MF3',4302,55279,154326
'17MF3',4302,55279,161226
'17MF3',4302,55279,164126
'17MF3',4302,55279,171026
'17MF3',4302,55279,173743
'17MF3',4302,55279,180543
'17MF3',4302,55279,183443
'17MF3',4302,55279,190343
'17MF3',4302,55279,193243
'17MF3',4302,55279,200052
'17MF3',4302,55279,203052
'17MF3',4302,55279,205852
'17MF3',4302,55279,212752
'17MF3',4302,55279,215652
'17MF3',4302,55279,222552
'17MF3',4302,55279,231652
'17MF3',4302,55279,240852
'17MF3',4302,55279,250152
'17MF3',4302,55279,255452
'17MI',4302,55279,61343
'17MI',4302,55279,64643
'17MI',4302,55279,72043
'17MI',4302,55279,75443
'17MI',4302,55279,83043
'17MI',4302,55279,90443
'17MI',4302,55279,93843
'17MI',4302,55279,101243
'17MI',4302,55279,104643
'17MI',4302,55279,112135
'17MI',4302,55279,115435
'17MI',4302,55279,122235
'17MI',4302,55279,125026
'17MI',4302,55279,131726
'17MI',4302,55279,134726
'17MI',4302,55279,141626
'17MI',4302,55279,144526
'17MI',4302,55279,151426
'17MI',4302,55279,154326
'17MI',4302,55279,161226
'17MI',4302,55279,164126
'17MI',4302,55279,171026
'17MI',4302,55279,173743
'17MI',4302,55279,180543
'17MI',4302,55279,183443
'17MI',4302,55279,190343
'17MI',4302,55279,193243
'17MI',4302,55279,200052
'17MI',4302,55279,203052
'17MI',4302,55279,205852
'17MI',4302,55279,212752
'17MI',4302,55279,215652
'17MI',4302,55279,222552
'17MI',4302,55279,231652
'17MI',4302,55279,240852
'17MI',4302,55279,250152
'17MI',4302,55279,255452
'17MS',4302,55279,50543
'17MS',4302,55279,53243
'17MS',4302,55279,60026
'17MS',4302,55279,62626
'17MS',4302,55279,65818
'17MS',4302,55279,72918
'17MS',4302,55279,80018
'17MS',4302,55279,83218
'17MS',4302,55279,90126
'17MS',4302,55279,93026
'17MS',4302,55279,100126
'17MS',4302,55279,103126
'17MS',4302,55279,110318
'17MS',4302,55279,113409
'17MS',4302,55279,120509
'17MS',4302,55279,123509
'17MS',4302,55279,130809
'17MS',4302,55279,133809
'17MS',4302,55279,140609
'17MS',4302,55279,143709
'17MS',4302,55279,151001
'17MS',4302,55279,153901
'17MS',4302,55279,160801
'17MS',4302,55279,163901
'17MS',4302,55279,171109
'17MS',4302,55279,175109
'17MS',4302,55279,181935
'17MS',4302,55279,184435
'17MS',4302,55279,191535
'17MS',4302,55279,194335
'17MS',4302,55279,200843
'17MS',4302,55279,203643
'17MS',4302,55279,210343
'17MS',4302,55279,213043
'17MS',4302,55279,220043
'17MS',4302,55279,222943
'17MS',4302,55279,231152
'17MS',4302,55279,235352
'17MS',4302,55279,244652
'17MS',4302,55279,254352
'17MA',35302,55279,252302
'17MA',35302,55279,260802
'17MA',35302,55279,265302
'17MA',35302,55279,273802
'17MA',35302,55279,282302
'17MF1',35302,55279,252302
'17MF1',35302,55279,260802
'17MF1',35302,55279,265302
'17MF1',35302,55279,273802
'17MF1',35302,55279,282302
'17MF2',35302,55279,252302
'17MF2',35302,55279,260802
'17MF2',35302,55279,265302
'17MF2',35302,55279,273802
'17MF2',35302,55279,282302
'17MF3',35302,55279,252302
'17MF3',35302,55279,260802
'17MF3',35302,55279,265302
'17MF3',35302,55279,273802
'17MF3',35302,55279,282302
'17MI',35302,55279,252302
'17MI',35302,55279,260802
'17MI',35302,55279,265302
'17MI',35302,55279,273802
'17MI',35302,55279,282302
'17MS',35302,55279,252057
'17MS',35302,55279,260557
'17MS',35302,55279,265057
'17MS',35302,55279,273557
'17MS',35302,55279,282057
'17MS',43204,55279,60549
'17MS',43204,55279,62349
'17MS',43204,55279,64149
'17MS',43204,55279,70025
'17MS',43204,55279,70625
'17MS',43204,55279,71325
'17MS',43204,55279,71825
'17MS',43204,55279,72425
'17MS',43204,55279,73025
'17MS',43204,55279,73825
'17MS',43204,55279,74525
'17MS',43204,55279,75025
'17MS',43204,55279,75525
'17MS',43204,55279,80025
'17MS',43204,55279,82549
'17MS',43204,55279,85049
'17MS',43204,55279,91749
'17MS',43204,55279,94849
'17MS',43204,55279,101949
'17MS',43204,55279,105049
'17MS',43204,55279,112249
'17MS',43204,55279,115449
'17MS',43204,55279,122549
'17MS',43204,55279,125649
'17MS',43204,55279,132849
'17MS',43204,55279,135949
'17MS',43204,55279,142949
'17MS',43204,55279,145849
'17MS',43204,55279,152849
