'17MA',1502,52433,92000
'17MA',1502,52433,95000
'17MA',1502,52433,102000
'17MA',1502,52433,105000
'17MA',1502,52433,112100
'17MA',1502,52433,115100
'17MA',1502,52433,122100
'17MA',1502,52433,125200
'17MA',1502,52433,131900
'17MA',1502,52433,135200
'17MA',1502,52433,142500
'17MA',1502,52433,145600
'17MA',1502,52433,152400
'17MA',1502,52433,155600
'17MA',1502,52433,162800
'17MA',1502,52433,165800
'17MA',1502,52433,172800
'17MA',1502,52433,180000
'17MA',1502,52433,182900
'17MA',1502,52433,185900
'17MA',1502,52433,192900
'17MA',1502,52433,195800
'17MA',1502,52433,202600
'17MA',1502,52433,205400
'17MA',1502,52433,212300
'17MA',1502,52433,215000
'17MA',1502,52433,222000
'17MA',1502,52433,225000
'17MA',1502,52433,232000
'17MA',1502,52433,235000
'17MA',1502,52433,242000
'17MA',1502,52433,245000
'17MF1',1502,52433,92000
'17MF1',1502,52433,95000
'17MF1',1502,52433,102000
'17MF1',1502,52433,105000
'17MF1',1502,52433,112100
'17MF1',1502,52433,115100
'17MF1',1502,52433,122100
'17MF1',1502,52433,125200
'17MF1',1502,52433,131900
'17MF1',1502,52433,135200
'17MF1',1502,52433,142500
'17MF1',1502,52433,145600
'17MF1',1502,52433,152400
'17MF1',1502,52433,155600
'17MF1',1502,52433,162800
'17MF1',1502,52433,165800
'17MF1',1502,52433,172800
'17MF1',1502,52433,180000
'17MF1',1502,52433,182900
'17MF1',1502,52433,185900
'17MF1',1502,52433,192900
'17MF1',1502,52433,195800
'17MF1',1502,52433,202600
'17MF1',1502,52433,205400
'17MF1',1502,52433,212300
'17MF1',1502,52433,215000
'17MF1',1502,52433,222000
'17MF1',1502,52433,225000
'17MF1',1502,52433,232000
'17MF1',1502,52433,234800
'17MF1',1502,52433,242000
'17MF1',1502,52433,244100
'17MF2',1502,52433,92000
'17MF2',1502,52433,95000
'17MF2',1502,52433,102000
'17MF2',1502,52433,105000
'17MF2',1502,52433,112100
'17MF2',1502,52433,115100
'17MF2',1502,52433,122100
'17MF2',1502,52433,125200
'17MF2',1502,52433,131900
'17MF2',1502,52433,135200
'17MF2',1502,52433,142500
'17MF2',1502,52433,145600
'17MF2',1502,52433,152400
'17MF2',1502,52433,155600
'17MF2',1502,52433,162800
'17MF2',1502,52433,165800
'17MF2',1502,52433,172800
'17MF2',1502,52433,180000
'17MF2',1502,52433,182900
'17MF2',1502,52433,185900
'17MF2',1502,52433,192900
'17MF2',1502,52433,195800
'17MF2',1502,52433,202600
'17MF2',1502,52433,205400
'17MF2',1502,52433,212300
'17MF2',1502,52433,215000
'17MF2',1502,52433,222000
'17MF2',1502,52433,225000
'17MF2',1502,52433,232000
'17MF2',1502,52433,234800
'17MF2',1502,52433,242000
'17MF2',1502,52433,244100
'17MF3',1502,52433,92000
'17MF3',1502,52433,95000
'17MF3',1502,52433,102000
'17MF3',1502,52433,105000
'17MF3',1502,52433,112100
'17MF3',1502,52433,115100
'17MF3',1502,52433,122100
'17MF3',1502,52433,125200
'17MF3',1502,52433,131900
'17MF3',1502,52433,135200
'17MF3',1502,52433,142500
'17MF3',1502,52433,145600
'17MF3',1502,52433,152400
'17MF3',1502,52433,155600
'17MF3',1502,52433,162800
'17MF3',1502,52433,165800
'17MF3',1502,52433,172800
'17MF3',1502,52433,180000
'17MF3',1502,52433,182900
'17MF3',1502,52433,185900
'17MF3',1502,52433,192900
'17MF3',1502,52433,195800
'17MF3',1502,52433,202600
'17MF3',1502,52433,205400
'17MF3',1502,52433,212300
'17MF3',1502,52433,215000
'17MF3',1502,52433,222000
'17MF3',1502,52433,225000
'17MF3',1502,52433,232000
'17MF3',1502,52433,234800
'17MF3',1502,52433,242000
'17MF3',1502,52433,244100
'17MI',1502,52433,90900
'17MI',1502,52433,93900
'17MI',1502,52433,100900
'17MI',1502,52433,104100
'17MI',1502,52433,111100
'17MI',1502,52433,114100
'17MI',1502,52433,121100
'17MI',1502,52433,124100
'17MI',1502,52433,131200
'17MI',1502,52433,134200
'17MI',1502,52433,141200
'17MI',1502,52433,144200
'17MI',1502,52433,151200
'17MI',1502,52433,154200
'17MI',1502,52433,161200
'17MI',1502,52433,164200
'17MI',1502,52433,171200
'17MI',1502,52433,174100
'17MI',1502,52433,181100
'17MI',1502,52433,184100
'17MI',1502,52433,191100
'17MI',1502,52433,194100
'17MI',1502,52433,201100
'17MI',1502,52433,204100
'17MI',1502,52433,211100
'17MI',1502,52433,214100
'17MI',1502,52433,221100
'17MI',1502,52433,224100
'17MI',1502,52433,231100
'17MI',1502,52433,234100
'17MI',1502,52433,241100
'17MI',1502,52433,244100
'17MS',1502,52433,91200
'17MS',1502,52433,93800
'17MS',1502,52433,100500
'17MS',1502,52433,103200
'17MS',1502,52433,105900
'17MS',1502,52433,112700
'17MS',1502,52433,115800
'17MS',1502,52433,122800
'17MS',1502,52433,125900
'17MS',1502,52433,133000
'17MS',1502,52433,140100
'17MS',1502,52433,143400
'17MS',1502,52433,150700
'17MS',1502,52433,154000
'17MS',1502,52433,161200
'17MS',1502,52433,164400
'17MS',1502,52433,171600
'17MS',1502,52433,174800
'17MS',1502,52433,181900
'17MS',1502,52433,184800
'17MS',1502,52433,191700
'17MS',1502,52433,194500
'17MS',1502,52433,201300
'17MS',1502,52433,204100
'17MS',1502,52433,211000
'17MS',1502,52433,213900
'17MS',1502,52433,220900
'17MS',1502,52433,223900
'17MS',1502,52433,230900
'17MS',1502,52433,233800
'17MS',1502,52433,240800
'17MS',1502,52433,243800
'17MA',12502,52433,54700
'17MA',12502,52433,62300
'17MA',12502,52433,70200
'17MA',12502,52433,73800
'17MA',12502,52433,81600
'17MA',12502,52433,84600
'17MA',12502,52433,91700
'17MA',12502,52433,95000
'17MA',12502,52433,102200
'17MA',12502,52433,105300
'17MA',12502,52433,112300
'17MA',12502,52433,115400
'17MA',12502,52433,121500
'17MA',12502,52433,123500
'17MA',12502,52433,125500
'17MA',12502,52433,131700
'17MA',12502,52433,133700
'17MA',12502,52433,135300
'17MA',12502,52433,140700
'17MA',12502,52433,142200
'17MA',12502,52433,143700
'17MA',12502,52433,145300
'17MA',12502,52433,151300
'17MA',12502,52433,153400
'17MA',12502,52433,155400
'17MA',12502,52433,161400
'17MA',12502,52433,163300
'17MA',12502,52433,165300
'17MA',12502,52433,171200
'17MA',12502,52433,173100
'17MA',12502,52433,174700
'17MA',12502,52433,180000
'17MA',12502,52433,181700
'17MA',12502,52433,183800
'17MA',12502,52433,185900
'17MA',12502,52433,192800
'17MA',12502,52433,195200
'17MA',12502,52433,201900
'17MA',12502,52433,205700
'17MA',12502,52433,213500
'17MA',12502,52433,221300
'17MA',12502,52433,225200
'17MA',12502,52433,233000
'17MA',12502,52433,240300
'17MA',12502,52433,244000
'17MA',12502,52433,251600
'17MA',12502,52433,255200
'17MF1',12502,52433,54700
'17MF1',12502,52433,62300
'17MF1',12502,52433,70200
'17MF1',12502,52433,73800
'17MF1',12502,52433,81600
'17MF1',12502,52433,84600
'17MF1',12502,52433,91700
'17MF1',12502,52433,95000
'17MF1',12502,52433,102200
'17MF1',12502,52433,105300
'17MF1',12502,52433,112300
'17MF1',12502,52433,115400
'17MF1',12502,52433,121500
'17MF1',12502,52433,123500
'17MF1',12502,52433,125500
'17MF1',12502,52433,131700
'17MF1',12502,52433,133700
'17MF1',12502,52433,135300
'17MF1',12502,52433,140700
'17MF1',12502,52433,142200
'17MF1',12502,52433,143700
'17MF1',12502,52433,145300
'17MF1',12502,52433,151300
'17MF1',12502,52433,153400
'17MF1',12502,52433,155400
'17MF1',12502,52433,161400
'17MF1',12502,52433,163300
'17MF1',12502,52433,165300
'17MF1',12502,52433,171200
'17MF1',12502,52433,173100
'17MF1',12502,52433,174700
'17MF1',12502,52433,180000
'17MF1',12502,52433,181700
'17MF1',12502,52433,183800
'17MF1',12502,52433,185900
'17MF1',12502,52433,192800
'17MF1',12502,52433,195200
'17MF1',12502,52433,201900
'17MF1',12502,52433,205700
'17MF1',12502,52433,213500
'17MF1',12502,52433,221300
'17MF1',12502,52433,225200
'17MF1',12502,52433,233000
'17MF1',12502,52433,240300
'17MF1',12502,52433,244000
'17MF1',12502,52433,252600
'17MF2',12502,52433,54700
'17MF2',12502,52433,62300
'17MF2',12502,52433,70200
'17MF2',12502,52433,73800
'17MF2',12502,52433,81600
'17MF2',12502,52433,84600
'17MF2',12502,52433,91700
'17MF2',12502,52433,95000
'17MF2',12502,52433,102200
'17MF2',12502,52433,105300
'17MF2',12502,52433,112300
'17MF2',12502,52433,115400
'17MF2',12502,52433,121500
'17MF2',12502,52433,123500
'17MF2',12502,52433,125500
'17MF2',12502,52433,131700
'17MF2',12502,52433,133700
'17MF2',12502,52433,135300
'17MF2',12502,52433,140700
'17MF2',12502,52433,142200
'17MF2',12502,52433,143700
'17MF2',12502,52433,145300
'17MF2',12502,52433,151300
'17MF2',12502,52433,153400
'17MF2',12502,52433,155400
'17MF2',12502,52433,161400
'17MF2',12502,52433,163300
'17MF2',12502,52433,165300
'17MF2',12502,52433,171200
'17MF2',12502,52433,173100
'17MF2',12502,52433,174700
'17MF2',12502,52433,180000
'17MF2',12502,52433,181700
'17MF2',12502,52433,183800
'17MF2',12502,52433,185900
'17MF2',12502,52433,192800
'17MF2',12502,52433,195200
'17MF2',12502,52433,201900
'17MF2',12502,52433,205700
'17MF2',12502,52433,213500
'17MF2',12502,52433,221300
'17MF2',12502,52433,225200
'17MF2',12502,52433,233000
'17MF2',12502,52433,240300
'17MF2',12502,52433,244000
'17MF2',12502,52433,252600
'17MF3',12502,52433,54700
'17MF3',12502,52433,62300
'17MF3',12502,52433,70200
'17MF3',12502,52433,73800
'17MF3',12502,52433,81600
'17MF3',12502,52433,84600
'17MF3',12502,52433,91700
'17MF3',12502,52433,95000
'17MF3',12502,52433,102200
'17MF3',12502,52433,105300
'17MF3',12502,52433,112300
'17MF3',12502,52433,115400
'17MF3',12502,52433,121500
'17MF3',12502,52433,123500
'17MF3',12502,52433,125500
'17MF3',12502,52433,131700
'17MF3',12502,52433,133700
'17MF3',12502,52433,135300
'17MF3',12502,52433,140700
'17MF3',12502,52433,142200
'17MF3',12502,52433,143700
'17MF3',12502,52433,145300
'17MF3',12502,52433,151300
'17MF3',12502,52433,153400
'17MF3',12502,52433,155400
'17MF3',12502,52433,161400
'17MF3',12502,52433,163300
'17MF3',12502,52433,165300
'17MF3',12502,52433,171200
'17MF3',12502,52433,173100
'17MF3',12502,52433,174700
'17MF3',12502,52433,180000
'17MF3',12502,52433,181700
'17MF3',12502,52433,183800
'17MF3',12502,52433,185900
'17MF3',12502,52433,192800
'17MF3',12502,52433,195200
'17MF3',12502,52433,201900
'17MF3',12502,52433,205700
'17MF3',12502,52433,213500
'17MF3',12502,52433,221300
'17MF3',12502,52433,225200
'17MF3',12502,52433,233000
'17MF3',12502,52433,240300
'17MF3',12502,52433,244000
'17MF3',12502,52433,252600
'17MI',12502,52433,54600
'17MI',12502,52433,61900
'17MI',12502,52433,65400
'17MI',12502,52433,72900
'17MI',12502,52433,80300
'17MI',12502,52433,82900
'17MI',12502,52433,85800
'17MI',12502,52433,92600
'17MI',12502,52433,95000
'17MI',12502,52433,101500
'17MI',12502,52433,104200
'17MI',12502,52433,111200
'17MI',12502,52433,114000
'17MI',12502,52433,121100
'17MI',12502,52433,123200
'17MI',12502,52433,125300
'17MI',12502,52433,131500
'17MI',12502,52433,133700
'17MI',12502,52433,140000
'17MI',12502,52433,142100
'17MI',12502,52433,143800
'17MI',12502,52433,145500
'17MI',12502,52433,151300
'17MI',12502,52433,153400
'17MI',12502,52433,155500
'17MI',12502,52433,161800
'17MI',12502,52433,164200
'17MI',12502,52433,170600
'17MI',12502,52433,173500
'17MI',12502,52433,180400
'17MI',12502,52433,183300
'17MI',12502,52433,190200
'17MI',12502,52433,193200
'17MI',12502,52433,200000
'17MI',12502,52433,202900
'17MI',12502,52433,210700
'17MI',12502,52433,214500
'17MI',12502,52433,222300
'17MI',12502,52433,230000
'17MI',12502,52433,233800
'17MI',12502,52433,241200
'17MI',12502,52433,244900
'17MI',12502,52433,252600
'17MS',12502,52433,55500
'17MS',12502,52433,62800
'17MS',12502,52433,65700
'17MS',12502,52433,71500
'17MS',12502,52433,73000
'17MS',12502,52433,74200
'17MS',12502,52433,75300
'17MS',12502,52433,80200
'17MS',12502,52433,81000
'17MS',12502,52433,82200
'17MS',12502,52433,82800
'17MS',12502,52433,83800
'17MS',12502,52433,84700
'17MS',12502,52433,85600
'17MS',12502,52433,90700
'17MS',12502,52433,91500
'17MS',12502,52433,92600
'17MS',12502,52433,94500
'17MS',12502,52433,100400
'17MS',12502,52433,102300
'17MS',12502,52433,104100
'17MS',12502,52433,110000
'17MS',12502,52433,112200
'17MS',12502,52433,114300
'17MS',12502,52433,120400
'17MS',12502,52433,122400
'17MS',12502,52433,124500
'17MS',12502,52433,130400
'17MS',12502,52433,132400
'17MS',12502,52433,134600
'17MS',12502,52433,140600
'17MS',12502,52433,142200
'17MS',12502,52433,143800
'17MS',12502,52433,145400
'17MS',12502,52433,151100
'17MS',12502,52433,152900
'17MS',12502,52433,154800
'17MS',12502,52433,160700
'17MS',12502,52433,162900
'17MS',12502,52433,170200
'17MS',12502,52433,173500
'17MS',12502,52433,180800
'17MS',12502,52433,184100
'17MS',12502,52433,191400
'17MS',12502,52433,194700
'17MS',12502,52433,201200
'17MS',12502,52433,204200
'17MS',12502,52433,211300
'17MS',12502,52433,214600
'17MS',12502,52433,221900
'17MS',12502,52433,225600
'17MS',12502,52433,233600
'17MS',12502,52433,241500
'17MS',12502,52433,244900
'17MS',12502,52433,252800
