'16MA',19102,52170,50647
'16MA',19102,52170,53647
'16MA',19102,52170,60647
'16MA',19102,52170,63747
'16MA',19102,52170,70947
'16MA',19102,52170,74147
'16MA',19102,52170,81347
'16MA',19102,52170,84447
'16MA',19102,52170,91447
'16MA',19102,52170,94518
'16MA',19102,52170,101618
'16MA',19102,52170,104718
'16MA',19102,52170,111718
'16MA',19102,52170,114518
'16MA',19102,52170,121118
'16MA',19102,52170,123618
'16MA',19102,52170,125618
'16MA',19102,52170,131518
'16MA',19102,52170,133418
'16MA',19102,52170,135318
'16MA',19102,52170,141118
'16MA',19102,52170,142918
'16MA',19102,52170,144518
'16MA',19102,52170,150118
'16MA',19102,52170,151818
'16MA',19102,52170,153418
'16MA',19102,52170,154818
'16MA',19102,52170,160218
'16MA',19102,52170,161718
'16MA',19102,52170,163218
'16MA',19102,52170,164718
'16MA',19102,52170,170218
'16MA',19102,52170,171618
'16MA',19102,52170,172818
'16MA',19102,52170,174003
'16MA',19102,52170,175303
'16MA',19102,52170,180603
'16MA',19102,52170,182103
'16MA',19102,52170,183603
'16MA',19102,52170,185403
'16MA',19102,52170,191503
'16MA',19102,52170,193603
'16MA',19102,52170,195903
'16MA',19102,52170,202303
'16MA',19102,52170,204703
'16MA',19102,52170,211103
'16MA',19102,52170,213603
'16MA',19102,52170,220103
'16MA',19102,52170,223003
'16MA',19102,52170,225903
'16MA',19102,52170,232803
'16MA',19102,52170,235547
'16MA',19102,52170,242347
'16MA',19102,52170,245147
'16MA',19102,52170,251947
'16MA',19102,52170,254747
'16MF1',19102,52170,50647
'16MF1',19102,52170,53647
'16MF1',19102,52170,60647
'16MF1',19102,52170,63747
'16MF1',19102,52170,70947
'16MF1',19102,52170,74147
'16MF1',19102,52170,81347
'16MF1',19102,52170,84447
'16MF1',19102,52170,91447
'16MF1',19102,52170,94518
'16MF1',19102,52170,101618
'16MF1',19102,52170,104718
'16MF1',19102,52170,111718
'16MF1',19102,52170,114518
'16MF1',19102,52170,121118
'16MF1',19102,52170,123618
'16MF1',19102,52170,125618
'16MF1',19102,52170,131518
'16MF1',19102,52170,133418
'16MF1',19102,52170,135318
'16MF1',19102,52170,141118
'16MF1',19102,52170,142918
'16MF1',19102,52170,144518
'16MF1',19102,52170,150118
'16MF1',19102,52170,151818
'16MF1',19102,52170,153418
'16MF1',19102,52170,154818
'16MF1',19102,52170,160218
'16MF1',19102,52170,161718
'16MF1',19102,52170,163218
'16MF1',19102,52170,164718
'16MF1',19102,52170,170218
'16MF1',19102,52170,171618
'16MF1',19102,52170,172818
'16MF1',19102,52170,174003
'16MF1',19102,52170,175303
'16MF1',19102,52170,180603
'16MF1',19102,52170,182103
'16MF1',19102,52170,183603
'16MF1',19102,52170,185403
'16MF1',19102,52170,191503
'16MF1',19102,52170,193603
'16MF1',19102,52170,195903
'16MF1',19102,52170,202303
'16MF1',19102,52170,204703
'16MF1',19102,52170,211103
'16MF1',19102,52170,213603
'16MF1',19102,52170,220103
'16MF1',19102,52170,223003
'16MF1',19102,52170,225903
'16MF1',19102,52170,232803
'16MF1',19102,52170,235547
'16MF1',19102,52170,242347
'16MF1',19102,52170,245147
'16MF1',19102,52170,252147
'16MF2',19102,52170,50647
'16MF2',19102,52170,53647
'16MF2',19102,52170,60647
'16MF2',19102,52170,63747
'16MF2',19102,52170,70947
'16MF2',19102,52170,74147
'16MF2',19102,52170,81347
'16MF2',19102,52170,84447
'16MF2',19102,52170,91447
'16MF2',19102,52170,94518
'16MF2',19102,52170,101618
'16MF2',19102,52170,104718
'16MF2',19102,52170,111718
'16MF2',19102,52170,114518
'16MF2',19102,52170,121118
'16MF2',19102,52170,123618
'16MF2',19102,52170,125618
'16MF2',19102,52170,131518
'16MF2',19102,52170,133418
'16MF2',19102,52170,135318
'16MF2',19102,52170,141118
'16MF2',19102,52170,142918
'16MF2',19102,52170,144518
'16MF2',19102,52170,150118
'16MF2',19102,52170,151818
'16MF2',19102,52170,153418
'16MF2',19102,52170,154818
'16MF2',19102,52170,160218
'16MF2',19102,52170,161718
'16MF2',19102,52170,163218
'16MF2',19102,52170,164718
'16MF2',19102,52170,170218
'16MF2',19102,52170,171618
'16MF2',19102,52170,172818
'16MF2',19102,52170,174003
'16MF2',19102,52170,175303
'16MF2',19102,52170,180603
'16MF2',19102,52170,182103
'16MF2',19102,52170,183603
'16MF2',19102,52170,185403
'16MF2',19102,52170,191503
'16MF2',19102,52170,193603
'16MF2',19102,52170,195903
'16MF2',19102,52170,202303
'16MF2',19102,52170,204703
'16MF2',19102,52170,211103
'16MF2',19102,52170,213603
'16MF2',19102,52170,220103
'16MF2',19102,52170,223003
'16MF2',19102,52170,225903
'16MF2',19102,52170,232803
'16MF2',19102,52170,235547
'16MF2',19102,52170,242347
'16MF2',19102,52170,245147
'16MF2',19102,52170,252147
'16MF3',19102,52170,53847
'16MF3',19102,52170,60947
'16MF3',19102,52170,63947
'16MF3',19102,52170,70947
'16MF3',19102,52170,73847
'16MF3',19102,52170,80947
'16MF3',19102,52170,84047
'16MF3',19102,52170,91147
'16MF3',19102,52170,94403
'16MF3',19102,52170,101403
'16MF3',19102,52170,104403
'16MF3',19102,52170,111303
'16MF3',19102,52170,114203
'16MF3',19102,52170,121003
'16MF3',19102,52170,123603
'16MF3',19102,52170,130203
'16MF3',19102,52170,132203
'16MF3',19102,52170,134003
'16MF3',19102,52170,135703
'16MF3',19102,52170,141403
'16MF3',19102,52170,143203
'16MF3',19102,52170,145303
'16MF3',19102,52170,151403
'16MF3',19102,52170,153503
'16MF3',19102,52170,155503
'16MF3',19102,52170,161403
'16MF3',19102,52170,163103
'16MF3',19102,52170,164803
'16MF3',19102,52170,170603
'16MF3',19102,52170,172403
'16MF3',19102,52170,174203
'16MF3',19102,52170,175903
'16MF3',19102,52170,181503
'16MF3',19102,52170,183103
'16MF3',19102,52170,184803
'16MF3',19102,52170,190603
'16MF3',19102,52170,192703
'16MF3',19102,52170,194903
'16MF3',19102,52170,201103
'16MF3',19102,52170,203303
'16MF3',19102,52170,205603
'16MF3',19102,52170,211803
'16MF3',19102,52170,214003
'16MF3',19102,52170,220203
'16MF3',19102,52170,222603
'16MF3',19102,52170,225547
'16MF3',19102,52170,232447
'16MF3',19102,52170,235347
'16MF3',19102,52170,242247
'16MF3',19102,52170,245147
'16MF3',19102,52170,252147
'16MI',19102,52170,53847
'16MI',19102,52170,60947
'16MI',19102,52170,63947
'16MI',19102,52170,70947
'16MI',19102,52170,73847
'16MI',19102,52170,80947
'16MI',19102,52170,84047
'16MI',19102,52170,91147
'16MI',19102,52170,94403
'16MI',19102,52170,101403
'16MI',19102,52170,104403
'16MI',19102,52170,111303
'16MI',19102,52170,114203
'16MI',19102,52170,121003
'16MI',19102,52170,123603
'16MI',19102,52170,130203
'16MI',19102,52170,132203
'16MI',19102,52170,134003
'16MI',19102,52170,135703
'16MI',19102,52170,141403
'16MI',19102,52170,143203
'16MI',19102,52170,145303
'16MI',19102,52170,151403
'16MI',19102,52170,153503
'16MI',19102,52170,155503
'16MI',19102,52170,161403
'16MI',19102,52170,163103
'16MI',19102,52170,164803
'16MI',19102,52170,170603
'16MI',19102,52170,172403
'16MI',19102,52170,174203
'16MI',19102,52170,175903
'16MI',19102,52170,181503
'16MI',19102,52170,183103
'16MI',19102,52170,184803
'16MI',19102,52170,190603
'16MI',19102,52170,192703
'16MI',19102,52170,194903
'16MI',19102,52170,201103
'16MI',19102,52170,203303
'16MI',19102,52170,205603
'16MI',19102,52170,211803
'16MI',19102,52170,214003
'16MI',19102,52170,220203
'16MI',19102,52170,222603
'16MI',19102,52170,225547
'16MI',19102,52170,232447
'16MI',19102,52170,235347
'16MI',19102,52170,242247
'16MI',19102,52170,245147
'16MI',19102,52170,252147
'16MS',19102,52170,50647
'16MS',19102,52170,52347
'16MS',19102,52170,54647
'16MS',19102,52170,61703
'16MS',19102,52170,64703
'16MS',19102,52170,71703
'16MS',19102,52170,74703
'16MS',19102,52170,81803
'16MS',19102,52170,84703
'16MS',19102,52170,91503
'16MS',19102,52170,94303
'16MS',19102,52170,101203
'16MS',19102,52170,104103
'16MS',19102,52170,111103
'16MS',19102,52170,114003
'16MS',19102,52170,120918
'16MS',19102,52170,123918
'16MS',19102,52170,130918
'16MS',19102,52170,133918
'16MS',19102,52170,140933
'16MS',19102,52170,144033
'16MS',19102,52170,151133
'16MS',19102,52170,154233
'16MS',19102,52170,161233
'16MS',19102,52170,164233
'16MS',19102,52170,171333
'16MS',19102,52170,174333
'16MS',19102,52170,181318
'16MS',19102,52170,184203
'16MS',19102,52170,191003
'16MS',19102,52170,193303
'16MS',19102,52170,195403
'16MS',19102,52170,201503
'16MS',19102,52170,203503
'16MS',19102,52170,205403
'16MS',19102,52170,211403
'16MS',19102,52170,213303
'16MS',19102,52170,215303
'16MS',19102,52170,221303
'16MS',19102,52170,223203
'16MS',19102,52170,225103
'16MS',19102,52170,231403
'16MS',19102,52170,234503
'16MS',19102,52170,241647
'16MS',19102,52170,244847
'16MS',19102,52170,252047
