'18MA',16401,55931,54000
'18MA',16401,55931,61700
'18MA',16401,55931,65400
'18MA',16401,55931,73100
'18MA',16401,55931,80500
'18MA',16401,55931,83500
'18MA',16401,55931,90500
'18MA',16401,55931,93600
'18MA',16401,55931,100600
'18MA',16401,55931,103600
'18MA',16401,55931,110500
'18MA',16401,55931,113400
'18MA',16401,55931,120300
'18MA',16401,55931,123200
'18MA',16401,55931,130000
'18MA',16401,55931,132800
'18MA',16401,55931,135500
'18MA',16401,55931,142100
'18MA',16401,55931,144700
'18MA',16401,55931,151500
'18MA',16401,55931,154400
'18MA',16401,55931,161400
'18MA',16401,55931,164500
'18MA',16401,55931,171600
'18MA',16401,55931,174800
'18MA',16401,55931,181900
'18MA',16401,55931,184900
'18MA',16401,55931,191900
'18MA',16401,55931,194900
'18MA',16401,55931,201900
'18MA',16401,55931,204900
'18MA',16401,55931,211900
'18MA',16401,55931,214900
'18MA',16401,55931,221900
'18MA',16401,55931,225000
'18MA',16401,55931,232100
'18MA',16401,55931,235300
'18MA',16401,55931,242600
'18MA',16401,55931,245900
'18MA',16401,55931,252900
'18MF1',16401,55931,54000
'18MF1',16401,55931,60000
'18MF1',16401,55931,62000
'18MF1',16401,55931,64000
'18MF1',16401,55931,70000
'18MF1',16401,55931,72000
'18MF1',16401,55931,74000
'18MF1',16401,55931,80000
'18MF1',16401,55931,82000
'18MF1',16401,55931,84000
'18MF1',16401,55931,90000
'18MF1',16401,55931,92100
'18MF1',16401,55931,94100
'18MF1',16401,55931,100100
'18MF1',16401,55931,102100
'18MF1',16401,55931,104100
'18MF1',16401,55931,110100
'18MF1',16401,55931,112100
'18MF1',16401,55931,114100
'18MF1',16401,55931,120100
'18MF1',16401,55931,122100
'18MF1',16401,55931,124100
'18MF1',16401,55931,130100
'18MF1',16401,55931,132200
'18MF1',16401,55931,134400
'18MF1',16401,55931,140400
'18MF1',16401,55931,142400
'18MF1',16401,55931,144500
'18MF1',16401,55931,150700
'18MF1',16401,55931,152700
'18MF1',16401,55931,154600
'18MF1',16401,55931,160700
'18MF1',16401,55931,162900
'18MF1',16401,55931,165000
'18MF1',16401,55931,171000
'18MF1',16401,55931,173000
'18MF1',16401,55931,175100
'18MF1',16401,55931,181100
'18MF1',16401,55931,183100
'18MF1',16401,55931,185100
'18MF1',16401,55931,191200
'18MF1',16401,55931,193200
'18MF1',16401,55931,195200
'18MF1',16401,55931,201200
'18MF1',16401,55931,203200
'18MF1',16401,55931,205200
'18MF1',16401,55931,211200
'18MF1',16401,55931,213200
'18MF1',16401,55931,215200
'18MF1',16401,55931,222000
'18MF1',16401,55931,225000
'18MF1',16401,55931,232100
'18MF1',16401,55931,235300
'18MF1',16401,55931,242600
'18MF1',16401,55931,245500
'18MF2',16401,55931,54000
'18MF2',16401,55931,60000
'18MF2',16401,55931,62000
'18MF2',16401,55931,64000
'18MF2',16401,55931,70000
'18MF2',16401,55931,72000
'18MF2',16401,55931,74000
'18MF2',16401,55931,80000
'18MF2',16401,55931,82000
'18MF2',16401,55931,84000
'18MF2',16401,55931,90000
'18MF2',16401,55931,92100
'18MF2',16401,55931,94100
'18MF2',16401,55931,100100
'18MF2',16401,55931,102100
'18MF2',16401,55931,104100
'18MF2',16401,55931,110100
'18MF2',16401,55931,112100
'18MF2',16401,55931,114100
'18MF2',16401,55931,120100
'18MF2',16401,55931,122100
'18MF2',16401,55931,124100
'18MF2',16401,55931,130100
'18MF2',16401,55931,132200
'18MF2',16401,55931,134400
'18MF2',16401,55931,140400
'18MF2',16401,55931,142400
'18MF2',16401,55931,144500
'18MF2',16401,55931,150700
'18MF2',16401,55931,152700
'18MF2',16401,55931,154600
'18MF2',16401,55931,160700
'18MF2',16401,55931,162900
'18MF2',16401,55931,165000
'18MF2',16401,55931,171000
'18MF2',16401,55931,173000
'18MF2',16401,55931,175100
'18MF2',16401,55931,181100
'18MF2',16401,55931,183100
'18MF2',16401,55931,185100
'18MF2',16401,55931,191200
'18MF2',16401,55931,193200
'18MF2',16401,55931,195200
'18MF2',16401,55931,201200
'18MF2',16401,55931,203200
'18MF2',16401,55931,205200
'18MF2',16401,55931,211200
'18MF2',16401,55931,213200
'18MF2',16401,55931,215200
'18MF2',16401,55931,222000
'18MF2',16401,55931,225000
'18MF2',16401,55931,232100
'18MF2',16401,55931,235300
'18MF2',16401,55931,242600
'18MF2',16401,55931,245500
'18MF3',16401,55931,54000
'18MF3',16401,55931,60000
'18MF3',16401,55931,62000
'18MF3',16401,55931,64000
'18MF3',16401,55931,70000
'18MF3',16401,55931,72000
'18MF3',16401,55931,74000
'18MF3',16401,55931,80000
'18MF3',16401,55931,82000
'18MF3',16401,55931,84000
'18MF3',16401,55931,90000
'18MF3',16401,55931,92100
'18MF3',16401,55931,94100
'18MF3',16401,55931,100100
'18MF3',16401,55931,102100
'18MF3',16401,55931,104100
'18MF3',16401,55931,110100
'18MF3',16401,55931,112100
'18MF3',16401,55931,114100
'18MF3',16401,55931,120100
'18MF3',16401,55931,122100
'18MF3',16401,55931,124100
'18MF3',16401,55931,130100
'18MF3',16401,55931,132200
'18MF3',16401,55931,134400
'18MF3',16401,55931,140400
'18MF3',16401,55931,142400
'18MF3',16401,55931,144500
'18MF3',16401,55931,150700
'18MF3',16401,55931,152700
'18MF3',16401,55931,154600
'18MF3',16401,55931,160700
'18MF3',16401,55931,162900
'18MF3',16401,55931,165000
'18MF3',16401,55931,171000
'18MF3',16401,55931,173000
'18MF3',16401,55931,175100
'18MF3',16401,55931,181100
'18MF3',16401,55931,183100
'18MF3',16401,55931,185100
'18MF3',16401,55931,191200
'18MF3',16401,55931,193200
'18MF3',16401,55931,195200
'18MF3',16401,55931,201200
'18MF3',16401,55931,203200
'18MF3',16401,55931,205200
'18MF3',16401,55931,211200
'18MF3',16401,55931,213200
'18MF3',16401,55931,215200
'18MF3',16401,55931,222000
'18MF3',16401,55931,225000
'18MF3',16401,55931,232100
'18MF3',16401,55931,235300
'18MF3',16401,55931,242600
'18MF3',16401,55931,245500
'18MI',16401,55931,54000
'18MI',16401,55931,61700
'18MI',16401,55931,65400
'18MI',16401,55931,73100
'18MI',16401,55931,80800
'18MI',16401,55931,84500
'18MI',16401,55931,92300
'18MI',16401,55931,100000
'18MI',16401,55931,103100
'18MI',16401,55931,110100
'18MI',16401,55931,113100
'18MI',16401,55931,120000
'18MI',16401,55931,122900
'18MI',16401,55931,125800
'18MI',16401,55931,132700
'18MI',16401,55931,135700
'18MI',16401,55931,142600
'18MI',16401,55931,145500
'18MI',16401,55931,152500
'18MI',16401,55931,155400
'18MI',16401,55931,162300
'18MI',16401,55931,165200
'18MI',16401,55931,172100
'18MI',16401,55931,174900
'18MI',16401,55931,181700
'18MI',16401,55931,184600
'18MI',16401,55931,191500
'18MI',16401,55931,194300
'18MI',16401,55931,201100
'18MI',16401,55931,204000
'18MI',16401,55931,211000
'18MI',16401,55931,214000
'18MI',16401,55931,221000
'18MI',16401,55931,224100
'18MI',16401,55931,231300
'18MI',16401,55931,234500
'18MI',16401,55931,242000
'18MI',16401,55931,245500
'18MS',16401,55931,53400
'18MS',16401,55931,55200
'18MS',16401,55931,61100
'18MS',16401,55931,62500
'18MS',16401,55931,63100
'18MS',16401,55931,63700
'18MS',16401,55931,64200
'18MS',16401,55931,64700
'18MS',16401,55931,65200
'18MS',16401,55931,70900
'18MS',16401,55931,71800
'18MS',16401,55931,72600
'18MS',16401,55931,73400
'18MS',16401,55931,74200
'18MS',16401,55931,75000
'18MS',16401,55931,75800
'18MS',16401,55931,80600
'18MS',16401,55931,81500
'18MS',16401,55931,82400
'18MS',16401,55931,83700
'18MS',16401,55931,85000
'18MS',16401,55931,91000
'18MS',16401,55931,93000
'18MS',16401,55931,94900
'18MS',16401,55931,100900
'18MS',16401,55931,102500
'18MS',16401,55931,104100
'18MS',16401,55931,105700
'18MS',16401,55931,111300
'18MS',16401,55931,112900
'18MS',16401,55931,115100
'18MS',16401,55931,121300
'18MS',16401,55931,123400
'18MS',16401,55931,125500
'18MS',16401,55931,131500
'18MS',16401,55931,133200
'18MS',16401,55931,134900
'18MS',16401,55931,140700
'18MS',16401,55931,142500
'18MS',16401,55931,144300
'18MS',16401,55931,150200
'18MS',16401,55931,153100
'18MS',16401,55931,155900
'18MS',16401,55931,162900
'18MS',16401,55931,165600
'18MS',16401,55931,172300
'18MS',16401,55931,175000
'18MS',16401,55931,181800
'18MS',16401,55931,184800
'18MS',16401,55931,192000
'18MS',16401,55931,195100
'18MS',16401,55931,202200
'18MS',16401,55931,205200
'18MS',16401,55931,212200
'18MS',16401,55931,215500
'18MS',16401,55931,222800
'18MS',16401,55931,230400
'18MS',16401,55931,234100
'18MS',16401,55931,241700
'18MS',16401,55931,245800
