'16UA',1403,52728,82029
'16UA',1403,52728,91029
'16UA',1403,52728,100029
'16UA',1403,52728,105029
'16UA',1403,52728,113944
'16UA',1403,52728,123044
'16UA',1403,52728,132144
'16UA',1403,52728,141244
'16UA',1403,52728,150359
'16UA',1403,52728,155559
'16UA',1403,52728,164759
'16UA',1403,52728,173959
'16UA',1403,52728,183159
'16UA',1403,52728,192359
'16UF1',1403,52728,91044
'16UF1',1403,52728,100044
'16UF1',1403,52728,105144
'16UF1',1403,52728,114344
'16UF1',1403,52728,123544
'16UF1',1403,52728,132659
'16UF1',1403,52728,141814
'16UF1',1403,52728,150914
'16UF1',1403,52728,160014
'16UF1',1403,52728,165159
'16UF1',1403,52728,174259
'16UF1',1403,52728,183359
'16UF1',1403,52728,192359
'16UF2',1403,52728,91044
'16UF2',1403,52728,100044
'16UF2',1403,52728,105144
'16UF2',1403,52728,114344
'16UF2',1403,52728,123544
'16UF2',1403,52728,132659
'16UF2',1403,52728,141814
'16UF2',1403,52728,150914
'16UF2',1403,52728,160014
'16UF2',1403,52728,165159
'16UF2',1403,52728,174259
'16UF2',1403,52728,183359
'16UF2',1403,52728,192359
'16UI',1403,52728,91044
'16UI',1403,52728,100044
'16UI',1403,52728,105144
'16UI',1403,52728,114344
'16UI',1403,52728,123544
'16UI',1403,52728,132659
'16UI',1403,52728,141814
'16UI',1403,52728,150914
'16UI',1403,52728,160014
'16UI',1403,52728,165159
'16UI',1403,52728,174259
'16UI',1403,52728,183359
'16UI',1403,52728,192359
'16US',1403,52728,63744
'16US',1403,52728,70359
'16US',1403,52728,73059
'16US',1403,52728,75829
'16US',1403,52728,82714
'16US',1403,52728,85459
'16US',1403,52728,92359
'16US',1403,52728,94959
'16US',1403,52728,101559
'16US',1403,52728,104159
'16US',1403,52728,110759
'16US',1403,52728,113359
'16US',1403,52728,115959
'16US',1403,52728,122659
'16US',1403,52728,125259
'16US',1403,52728,131959
'16US',1403,52728,134559
'16US',1403,52728,141259
'16US',1403,52728,143859
'16US',1403,52728,150459
'16US',1403,52728,153059
'16US',1403,52728,155659
'16US',1403,52728,162414
'16US',1403,52728,164914
'16US',1403,52728,171514
'16US',1403,52728,174114
'16US',1403,52728,180714
'16US',1403,52728,183059
'16US',1403,52728,185659
'16US',1403,52728,192259
