'14MA',36903,50476,255700
'14MA',36903,50476,262700
'14MA',36903,50476,264400
'14MA',36903,50476,265600
'14MA',36903,50476,270800
'14MA',36903,50476,271900
'14MA',36903,50476,273000
'14MA',36903,50476,274200
'14MA',36903,50476,275700
'14MA',36903,50476,281200
'14MA',36903,50476,282700
'14MA',36903,50476,285700
'14MA',36903,50480,255700
'14MA',36903,50480,262700
'14MA',36903,50480,264400
'14MA',36903,50480,265600
'14MA',36903,50480,270800
'14MA',36903,50480,271900
'14MA',36903,50480,273000
'14MA',36903,50480,274200
'14MA',36903,50480,275700
'14MA',36903,50480,281200
'14MA',36903,50480,282700
'14MA',36903,50480,285700
'14MA',36903,50500,255500
'14MA',36903,50500,262500
'14MA',36903,50500,264200
'14MA',36903,50500,265400
'14MA',36903,50500,270600
'14MA',36903,50500,271700
'14MA',36903,50500,272800
'14MA',36903,50500,274000
'14MA',36903,50500,275500
'14MA',36903,50500,281000
'14MA',36903,50500,282500
'14MA',36903,50500,285500
'14MA',36903,50531,255500
'14MA',36903,50531,262500
'14MA',36903,50531,264200
'14MA',36903,50531,265400
'14MA',36903,50531,270600
'14MA',36903,50531,271700
'14MA',36903,50531,272800
'14MA',36903,50531,274000
'14MA',36903,50531,275500
'14MA',36903,50531,281000
'14MA',36903,50531,282500
'14MA',36903,50531,285500
'14MA',36903,50581,255300
'14MA',36903,50581,262300
'14MA',36903,50581,264000
'14MA',36903,50581,265200
'14MA',36903,50581,270400
'14MA',36903,50581,271500
'14MA',36903,50581,272600
'14MA',36903,50581,273800
'14MA',36903,50581,275300
'14MA',36903,50581,280800
'14MA',36903,50581,282300
'14MA',36903,50581,285300
'14MA',36903,50608,255200
'14MA',36903,50608,262200
'14MA',36903,50608,263900
'14MA',36903,50608,265100
'14MA',36903,50608,270300
'14MA',36903,50608,271400
'14MA',36903,50608,272500
'14MA',36903,50608,273700
'14MA',36903,50608,275200
'14MA',36903,50608,280700
'14MA',36903,50608,282200
'14MA',36903,50608,285200
'14MA',36903,50789,254900
'14MA',36903,50789,261900
'14MA',36903,50789,263600
'14MA',36903,50789,264800
'14MA',36903,50789,270000
'14MA',36903,50789,271100
'14MA',36903,50789,272200
'14MA',36903,50789,273400
'14MA',36903,50789,274900
'14MA',36903,50789,280400
'14MA',36903,50789,281900
'14MA',36903,50789,284900
'14MA',36903,50863,254800
'14MA',36903,50863,261800
'14MA',36903,50863,263500
'14MA',36903,50863,264700
'14MA',36903,50863,265900
'14MA',36903,50863,271000
'14MA',36903,50863,272100
'14MA',36903,50863,273300
'14MA',36903,50863,274800
'14MA',36903,50863,280300
'14MA',36903,50863,281800
'14MA',36903,50863,284800
'14MA',36903,50903,254700
'14MA',36903,50903,261700
'14MA',36903,50903,263400
'14MA',36903,50903,264600
'14MA',36903,50903,265800
'14MA',36903,50903,270900
'14MA',36903,50903,272000
'14MA',36903,50903,273200
'14MA',36903,50903,274700
'14MA',36903,50903,280200
'14MA',36903,50903,281700
'14MA',36903,50903,284700
'14MA',36903,50940,254700
'14MA',36903,50940,261700
'14MA',36903,50940,263400
'14MA',36903,50940,264600
'14MA',36903,50940,265800
'14MA',36903,50940,270900
'14MA',36903,50940,272000
'14MA',36903,50940,273200
'14MA',36903,50940,274700
'14MA',36903,50940,280200
'14MA',36903,50940,281700
'14MA',36903,50940,284700
'14MA',36903,51045,254500
'14MA',36903,51045,261500
'14MA',36903,51045,263200
'14MA',36903,51045,264400
'14MA',36903,51045,265600
'14MA',36903,51045,270700
'14MA',36903,51045,271800
'14MA',36903,51045,273000
'14MA',36903,51045,274500
'14MA',36903,51045,280000
'14MA',36903,51045,281500
'14MA',36903,51045,284500
'14MA',36903,51101,254500
'14MA',36903,51101,261500
'14MA',36903,51101,263200
'14MA',36903,51101,264400
'14MA',36903,51101,265600
'14MA',36903,51101,270700
'14MA',36903,51101,271800
'14MA',36903,51101,273000
'14MA',36903,51101,274500
'14MA',36903,51101,280000
'14MA',36903,51101,281500
'14MA',36903,51101,284500
'14MA',36903,51155,254400
'14MA',36903,51155,261400
'14MA',36903,51155,263100
'14MA',36903,51155,264300
'14MA',36903,51155,265500
'14MA',36903,51155,270600
'14MA',36903,51155,271700
'14MA',36903,51155,272900
'14MA',36903,51155,274400
'14MA',36903,51155,275900
'14MA',36903,51155,281400
'14MA',36903,51155,284400
'14MA',36903,51186,254400
'14MA',36903,51186,261400
'14MA',36903,51186,263100
'14MA',36903,51186,264300
'14MA',36903,51186,265500
'14MA',36903,51186,270600
'14MA',36903,51186,271700
'14MA',36903,51186,272900
'14MA',36903,51186,274400
'14MA',36903,51186,275900
'14MA',36903,51186,281400
'14MA',36903,51186,284400
'14MA',36903,51251,254300
'14MA',36903,51251,261300
'14MA',36903,51251,263000
'14MA',36903,51251,264200
'14MA',36903,51251,265400
'14MA',36903,51251,270500
'14MA',36903,51251,271600
'14MA',36903,51251,272800
'14MA',36903,51251,274300
'14MA',36903,51251,275800
'14MA',36903,51251,281300
'14MA',36903,51251,284300
'14MA',36903,51321,254200
'14MA',36903,51321,261200
'14MA',36903,51321,262900
'14MA',36903,51321,264100
'14MA',36903,51321,265300
'14MA',36903,51321,270400
'14MA',36903,51321,271500
'14MA',36903,51321,272700
'14MA',36903,51321,274200
'14MA',36903,51321,275700
'14MA',36903,51321,281200
'14MA',36903,51321,284200
'14MA',36903,51426,254100
'14MA',36903,51426,261100
'14MA',36903,51426,262800
'14MA',36903,51426,264000
'14MA',36903,51426,265200
'14MA',36903,51426,270300
'14MA',36903,51426,271400
'14MA',36903,51426,272600
'14MA',36903,51426,274100
'14MA',36903,51426,275600
'14MA',36903,51426,281100
'14MA',36903,51426,284100
'14MA',36903,51486,254100
'14MA',36903,51486,261100
'14MA',36903,51486,262800
'14MA',36903,51486,264000
'14MA',36903,51486,265200
'14MA',36903,51486,270300
'14MA',36903,51486,271400
'14MA',36903,51486,272600
'14MA',36903,51486,274100
'14MA',36903,51486,275600
'14MA',36903,51486,281100
'14MA',36903,51486,284100
'14MA',36903,51545,254000
'14MA',36903,51545,261000
'14MA',36903,51545,262700
'14MA',36903,51545,263900
'14MA',36903,51545,265100
'14MA',36903,51545,270200
'14MA',36903,51545,271300
'14MA',36903,51545,272500
'14MA',36903,51545,274000
'14MA',36903,51545,275500
'14MA',36903,51545,281000
'14MA',36903,51545,284000
'14MA',36903,51626,253900
'14MA',36903,51626,260900
'14MA',36903,51626,262600
'14MA',36903,51626,263800
'14MA',36903,51626,265000
'14MA',36903,51626,270100
'14MA',36903,51626,271200
'14MA',36903,51626,272400
'14MA',36903,51626,273900
'14MA',36903,51626,275400
'14MA',36903,51626,280900
'14MA',36903,51626,283900
'14MA',36903,51664,253900
'14MA',36903,51664,260900
'14MA',36903,51664,262600
'14MA',36903,51664,263800
'14MA',36903,51664,265000
'14MA',36903,51664,270100
'14MA',36903,51664,271200
'14MA',36903,51664,272400
'14MA',36903,51664,273900
'14MA',36903,51664,275400
'14MA',36903,51664,280900
'14MA',36903,51664,283900
'14MA',36903,51732,253800
'14MA',36903,51732,260800
'14MA',36903,51732,262500
'14MA',36903,51732,263700
'14MA',36903,51732,264900
'14MA',36903,51732,270000
'14MA',36903,51732,271100
'14MA',36903,51732,272300
'14MA',36903,51732,273800
'14MA',36903,51732,275300
'14MA',36903,51732,280800
'14MA',36903,51732,283800
'14MA',36903,51840,253700
'14MA',36903,51840,260700
'14MA',36903,51840,262400
'14MA',36903,51840,263600
'14MA',36903,51840,264800
'14MA',36903,51840,265900
'14MA',36903,51840,271000
'14MA',36903,51840,272200
'14MA',36903,51840,273700
'14MA',36903,51840,275200
'14MA',36903,51840,280700
'14MA',36903,51840,283700
'14MA',36903,51984,253600
'14MA',36903,51984,260600
'14MA',36903,51984,262300
'14MA',36903,51984,263500
'14MA',36903,51984,264700
'14MA',36903,51984,265800
'14MA',36903,51984,270900
'14MA',36903,51984,272100
'14MA',36903,51984,273600
'14MA',36903,51984,275100
'14MA',36903,51984,280600
'14MA',36903,51984,283600
'14MA',36903,52044,253500
'14MA',36903,52044,260500
'14MA',36903,52044,262200
'14MA',36903,52044,263400
'14MA',36903,52044,264600
'14MA',36903,52044,265700
'14MA',36903,52044,270800
'14MA',36903,52044,272000
'14MA',36903,52044,273500
'14MA',36903,52044,275000
'14MA',36903,52044,280500
'14MA',36903,52044,283500
'14MA',36903,52113,253500
'14MA',36903,52113,260500
'14MA',36903,52113,262200
'14MA',36903,52113,263400
'14MA',36903,52113,264600
'14MA',36903,52113,265700
'14MA',36903,52113,270800
'14MA',36903,52113,272000
'14MA',36903,52113,273500
'14MA',36903,52113,275000
'14MA',36903,52113,280500
'14MA',36903,52113,283500
'14MA',36903,52150,252900
'14MA',36903,52150,255900
'14MA',36903,52150,261600
'14MA',36903,52150,262800
'14MA',36903,52150,264000
'14MA',36903,52150,265100
'14MA',36903,52150,270200
'14MA',36903,52150,271400
'14MA',36903,52150,272900
'14MA',36903,52150,274400
'14MA',36903,52150,275900
'14MA',36903,52150,282900
'14MA',36903,52201,253400
'14MA',36903,52201,260400
'14MA',36903,52201,262100
'14MA',36903,52201,263300
'14MA',36903,52201,264500
'14MA',36903,52201,265600
'14MA',36903,52201,270700
'14MA',36903,52201,271900
'14MA',36903,52201,273400
'14MA',36903,52201,274900
'14MA',36903,52201,280400
'14MA',36903,52201,283400
'14MA',36903,52227,253000
'14MA',36903,52227,260000
'14MA',36903,52227,261700
'14MA',36903,52227,262900
'14MA',36903,52227,264100
'14MA',36903,52227,265200
'14MA',36903,52227,270300
'14MA',36903,52227,271500
'14MA',36903,52227,273000
'14MA',36903,52227,274500
'14MA',36903,52227,280000
'14MA',36903,52227,283000
'14MA',36903,52286,253100
'14MA',36903,52286,260100
'14MA',36903,52286,261800
'14MA',36903,52286,263000
'14MA',36903,52286,264200
'14MA',36903,52286,265300
'14MA',36903,52286,270400
'14MA',36903,52286,271600
'14MA',36903,52286,273100
'14MA',36903,52286,274600
'14MA',36903,52286,280100
'14MA',36903,52286,283100
'14MA',36903,52330,253300
'14MA',36903,52330,260300
'14MA',36903,52330,262000
'14MA',36903,52330,263200
'14MA',36903,52330,264400
'14MA',36903,52330,265500
'14MA',36903,52330,270600
'14MA',36903,52330,271800
'14MA',36903,52330,273300
'14MA',36903,52330,274800
'14MA',36903,52330,280300
'14MA',36903,52330,283300
'14MA',36903,53761,253600
'14MA',36903,53761,260600
'14MA',36903,53761,262300
'14MA',36903,53761,263500
'14MA',36903,53761,264700
'14MA',36903,53761,265800
'14MA',36903,53761,270900
'14MA',36903,53761,272100
'14MA',36903,53761,273600
'14MA',36903,53761,275100
'14MA',36903,53761,280600
'14MA',36903,53761,283600
'14MA',36903,53837,254100
'14MA',36903,53837,261100
'14MA',36903,53837,262800
'14MA',36903,53837,264000
'14MA',36903,53837,265200
'14MA',36903,53837,270300
'14MA',36903,53837,271400
'14MA',36903,53837,272600
'14MA',36903,53837,274100
'14MA',36903,53837,275600
'14MA',36903,53837,281100
'14MA',36903,53837,284100
'14MA',36903,53864,254600
'14MA',36903,53864,261600
'14MA',36903,53864,263300
'14MA',36903,53864,264500
'14MA',36903,53864,265700
'14MA',36903,53864,270800
'14MA',36903,53864,271900
'14MA',36903,53864,273100
'14MA',36903,53864,274600
'14MA',36903,53864,280100
'14MA',36903,53864,281600
'14MA',36903,53864,284600
'14MA',36903,53892,255400
'14MA',36903,53892,262400
'14MA',36903,53892,264100
'14MA',36903,53892,265300
'14MA',36903,53892,270500
'14MA',36903,53892,271600
'14MA',36903,53892,272700
'14MA',36903,53892,273900
'14MA',36903,53892,275400
'14MA',36903,53892,280900
'14MA',36903,53892,282400
'14MA',36903,53892,285400
'14MA',36903,54067,255000
'14MA',36903,54067,262000
'14MA',36903,54067,263700
'14MA',36903,54067,264900
'14MA',36903,54067,270100
'14MA',36903,54067,271200
'14MA',36903,54067,272300
'14MA',36903,54067,273500
'14MA',36903,54067,275000
'14MA',36903,54067,280500
'14MA',36903,54067,282000
'14MA',36903,54067,285000
'14MA',36903,54195,255800
'14MA',36903,54195,262800
'14MA',36903,54195,264500
'14MA',36903,54195,265700
'14MA',36903,54195,270900
'14MA',36903,54195,272000
'14MA',36903,54195,273100
'14MA',36903,54195,274300
'14MA',36903,54195,275800
'14MA',36903,54195,281300
'14MA',36903,54195,282800
'14MA',36903,54195,285800
'14MA',36903,54295,252800
'14MA',36903,54295,255800
'14MA',36903,54295,261500
'14MA',36903,54295,262700
'14MA',36903,54295,263900
'14MA',36903,54295,265000
'14MA',36903,54295,270100
'14MA',36903,54295,271300
'14MA',36903,54295,272800
'14MA',36903,54295,274300
'14MA',36903,54295,275800
'14MA',36903,54295,282800
'14MA',36903,56104,255100
'14MA',36903,56104,262100
'14MA',36903,56104,263800
'14MA',36903,56104,265000
'14MA',36903,56104,270200
'14MA',36903,56104,271300
'14MA',36903,56104,272400
'14MA',36903,56104,273600
'14MA',36903,56104,275100
'14MA',36903,56104,280600
'14MA',36903,56104,282100
'14MA',36903,56104,285100
'14MA',36904,50583,253100
'14MA',36904,50583,260200
'14MA',36904,50583,263200
'14MA',36904,50583,270200
'14MA',36904,50583,273200
'14MA',36904,50583,280200
'14MA',36904,50583,284600
'14MA',36904,50609,253200
'14MA',36904,50609,260300
'14MA',36904,50609,263300
'14MA',36904,50609,270300
'14MA',36904,50609,273300
'14MA',36904,50609,280300
'14MA',36904,50609,284700
'14MA',36904,50810,253500
'14MA',36904,50810,260600
'14MA',36904,50810,263600
'14MA',36904,50810,270600
'14MA',36904,50810,273600
'14MA',36904,50810,280600
'14MA',36904,50810,285000
'14MA',36904,50865,253600
'14MA',36904,50865,260700
'14MA',36904,50865,263700
'14MA',36904,50865,270700
'14MA',36904,50865,273700
'14MA',36904,50865,280700
'14MA',36904,50865,285100
'14MA',36904,50904,253600
'14MA',36904,50904,260700
'14MA',36904,50904,263700
'14MA',36904,50904,270700
'14MA',36904,50904,273700
'14MA',36904,50904,280700
'14MA',36904,50904,285100
'14MA',36904,50942,253700
'14MA',36904,50942,260800
'14MA',36904,50942,263800
'14MA',36904,50942,270800
'14MA',36904,50942,273800
'14MA',36904,50942,280800
'14MA',36904,50942,285200
'14MA',36904,51047,253800
'14MA',36904,51047,260900
'14MA',36904,51047,263900
'14MA',36904,51047,270900
'14MA',36904,51047,273900
'14MA',36904,51047,280900
'14MA',36904,51047,285300
'14MA',36904,51102,253900
'14MA',36904,51102,261000
'14MA',36904,51102,264000
'14MA',36904,51102,271000
'14MA',36904,51102,274000
'14MA',36904,51102,281000
'14MA',36904,51102,285400
'14MA',36904,51156,253900
'14MA',36904,51156,261000
'14MA',36904,51156,264000
'14MA',36904,51156,271000
'14MA',36904,51156,274000
'14MA',36904,51156,281000
'14MA',36904,51156,285400
'14MA',36904,51187,253900
'14MA',36904,51187,261000
'14MA',36904,51187,264000
'14MA',36904,51187,271000
'14MA',36904,51187,274000
'14MA',36904,51187,281000
'14MA',36904,51187,285400
'14MA',36904,51253,254000
'14MA',36904,51253,261100
'14MA',36904,51253,264100
'14MA',36904,51253,271100
'14MA',36904,51253,274100
'14MA',36904,51253,281100
'14MA',36904,51253,285500
'14MA',36904,51391,254100
'14MA',36904,51391,261200
'14MA',36904,51391,264200
'14MA',36904,51391,271200
'14MA',36904,51391,274200
'14MA',36904,51391,281200
'14MA',36904,51391,285600
'14MA',36904,51427,254200
'14MA',36904,51427,261300
'14MA',36904,51427,264300
'14MA',36904,51427,271300
'14MA',36904,51427,274300
'14MA',36904,51427,281300
'14MA',36904,51427,285700
'14MA',36904,51487,254200
'14MA',36904,51487,261300
'14MA',36904,51487,264300
'14MA',36904,51487,271300
'14MA',36904,51487,274300
'14MA',36904,51487,281300
'14MA',36904,51487,285700
'14MA',36904,51546,254300
'14MA',36904,51546,261400
'14MA',36904,51546,264400
'14MA',36904,51546,271400
'14MA',36904,51546,274400
'14MA',36904,51546,281400
'14MA',36904,51546,285800
'14MA',36904,51627,254400
'14MA',36904,51627,261500
'14MA',36904,51627,264500
'14MA',36904,51627,271500
'14MA',36904,51627,274500
'14MA',36904,51627,281500
'14MA',36904,51627,285900
'14MA',36904,51653,254400
'14MA',36904,51653,261500
'14MA',36904,51653,264500
'14MA',36904,51653,271500
'14MA',36904,51653,274500
'14MA',36904,51653,281500
'14MA',36904,51653,285900
'14MA',36904,51715,254500
'14MA',36904,51715,261600
'14MA',36904,51715,264600
'14MA',36904,51715,271600
'14MA',36904,51715,274600
'14MA',36904,51715,281600
'14MA',36904,51715,290000
'14MA',36904,51841,254600
'14MA',36904,51841,261700
'14MA',36904,51841,264700
'14MA',36904,51841,271700
'14MA',36904,51841,274700
'14MA',36904,51841,281700
'14MA',36904,51841,290100
'14MA',36904,51923,254600
'14MA',36904,51923,261700
'14MA',36904,51923,264700
'14MA',36904,51923,271700
'14MA',36904,51923,274700
'14MA',36904,51923,281700
'14MA',36904,51923,290100
'14MA',36904,51985,254700
'14MA',36904,51985,261800
'14MA',36904,51985,264800
'14MA',36904,51985,271800
'14MA',36904,51985,274800
'14MA',36904,51985,281800
'14MA',36904,51985,290200
'14MA',36904,52045,254700
'14MA',36904,52045,261800
'14MA',36904,52045,264800
'14MA',36904,52045,271800
'14MA',36904,52045,274800
'14MA',36904,52045,281800
'14MA',36904,52045,290200
'14MA',36904,52078,255300
'14MA',36904,52078,262400
'14MA',36904,52078,265400
'14MA',36904,52078,272400
'14MA',36904,52078,275400
'14MA',36904,52078,282400
'14MA',36904,52078,290800
'14MA',36904,52096,254800
'14MA',36904,52096,261900
'14MA',36904,52096,264900
'14MA',36904,52096,271900
'14MA',36904,52096,274900
'14MA',36904,52096,281900
'14MA',36904,52096,290300
'14MA',36904,52147,254800
'14MA',36904,52147,261900
'14MA',36904,52147,264900
'14MA',36904,52147,271900
'14MA',36904,52147,274900
'14MA',36904,52147,281900
'14MA',36904,52147,290300
'14MA',36904,52149,255200
'14MA',36904,52149,262300
'14MA',36904,52149,265300
'14MA',36904,52149,272300
'14MA',36904,52149,275300
'14MA',36904,52149,282300
'14MA',36904,52149,290700
'14MA',36904,52196,254900
'14MA',36904,52196,262000
'14MA',36904,52196,265000
'14MA',36904,52196,272000
'14MA',36904,52196,275000
'14MA',36904,52196,282000
'14MA',36904,52196,290400
'14MA',36904,52198,255200
'14MA',36904,52198,262300
'14MA',36904,52198,265300
'14MA',36904,52198,272300
'14MA',36904,52198,275300
'14MA',36904,52198,282300
'14MA',36904,52198,290700
'14MA',36904,52285,255000
'14MA',36904,52285,262100
'14MA',36904,52285,265100
'14MA',36904,52285,272100
'14MA',36904,52285,275100
'14MA',36904,52285,282100
'14MA',36904,52285,290500
'14MA',36904,53776,253000
'14MA',36904,53776,260100
'14MA',36904,53776,263100
'14MA',36904,53776,270100
'14MA',36904,53776,273100
'14MA',36904,53776,280100
'14MA',36904,53776,284500
'14MA',36904,53865,253700
'14MA',36904,53865,260800
'14MA',36904,53865,263800
'14MA',36904,53865,270800
'14MA',36904,53865,273800
'14MA',36904,53865,280800
'14MA',36904,53865,285200
'14MA',36904,54068,253300
'14MA',36904,54068,260400
'14MA',36904,54068,263400
'14MA',36904,54068,270400
'14MA',36904,54068,273400
'14MA',36904,54068,280400
'14MA',36904,54068,284800
'14MA',36904,54195,253000
'14MA',36904,54195,260100
'14MA',36904,54195,263100
'14MA',36904,54195,270100
'14MA',36904,54195,273100
'14MA',36904,54195,280100
'14MA',36904,54195,284500
'14MA',36904,54295,255400
'14MA',36904,54295,262500
'14MA',36904,54295,265500
'14MA',36904,54295,272500
'14MA',36904,54295,275500
'14MA',36904,54295,282500
'14MA',36904,54295,290900
'14MA',36904,54318,253300
'14MA',36904,54318,260400
'14MA',36904,54318,263400
'14MA',36904,54318,270400
'14MA',36904,54318,273400
'14MA',36904,54318,280400
'14MA',36904,54318,284800
