'18MA',4504,53022,54000
'18MA',4504,53022,60900
'18MA',4504,53022,63600
'18MA',4504,53022,70600
'18MA',4504,53022,73600
'18MA',4504,53022,80800
'18MA',4504,53022,83900
'18MA',4504,53022,91100
'18MA',4504,53022,94300
'18MA',4504,53022,101600
'18MA',4504,53022,104200
'18MA',4504,53022,110700
'18MA',4504,53022,113100
'18MA',4504,53022,115400
'18MA',4504,53022,121200
'18MA',4504,53022,123400
'18MA',4504,53022,125400
'18MA',4504,53022,131000
'18MA',4504,53022,133400
'18MA',4504,53022,135400
'18MA',4504,53022,140800
'18MA',4504,53022,143400
'18MA',4504,53022,145300
'18MA',4504,53022,151400
'18MA',4504,53022,153300
'18MA',4504,53022,155300
'18MA',4504,53022,161400
'18MA',4504,53022,163300
'18MA',4504,53022,170100
'18MA',4504,53022,172900
'18MA',4504,53022,180100
'18MA',4504,53022,183400
'18MA',4504,53022,185700
'18MA',4504,53022,192200
'18MA',4504,53022,194400
'18MA',4504,53022,200700
'18MA',4504,53022,203700
'18MA',4504,53022,210700
'18MA',4504,53022,213700
'18MA',4504,53022,220700
'18MA',4504,53022,223800
'18MA',4504,53022,230900
'18MA',4504,53022,233700
'18MA',4504,53022,240500
'18MA',4504,53022,243500
'18MA',4504,53022,250500
'18MA',4504,53022,253800
'18MF1',4504,53022,54100
'18MF1',4504,53022,60800
'18MF1',4504,53022,63600
'18MF1',4504,53022,70700
'18MF1',4504,53022,73800
'18MF1',4504,53022,80800
'18MF1',4504,53022,83800
'18MF1',4504,53022,91000
'18MF1',4504,53022,94200
'18MF1',4504,53022,101200
'18MF1',4504,53022,103600
'18MF1',4504,53022,105900
'18MF1',4504,53022,112200
'18MF1',4504,53022,114900
'18MF1',4504,53022,121700
'18MF1',4504,53022,124400
'18MF1',4504,53022,131000
'18MF1',4504,53022,133600
'18MF1',4504,53022,140200
'18MF1',4504,53022,142300
'18MF1',4504,53022,144700
'18MF1',4504,53022,150800
'18MF1',4504,53022,152900
'18MF1',4504,53022,155000
'18MF1',4504,53022,161100
'18MF1',4504,53022,163300
'18MF1',4504,53022,165200
'18MF1',4504,53022,172300
'18MF1',4504,53022,175500
'18MF1',4504,53022,182700
'18MF1',4504,53022,190000
'18MF1',4504,53022,193300
'18MF1',4504,53022,200500
'18MF1',4504,53022,203700
'18MF1',4504,53022,211000
'18MF1',4504,53022,214200
'18MF1',4504,53022,221400
'18MF1',4504,53022,224400
'18MF1',4504,53022,231500
'18MF1',4504,53022,234800
'18MF1',4504,53022,242100
'18MF1',4504,53022,245300
'18MF2',4504,53022,54100
'18MF2',4504,53022,60800
'18MF2',4504,53022,63600
'18MF2',4504,53022,70700
'18MF2',4504,53022,73800
'18MF2',4504,53022,80800
'18MF2',4504,53022,83800
'18MF2',4504,53022,91000
'18MF2',4504,53022,94200
'18MF2',4504,53022,101200
'18MF2',4504,53022,103600
'18MF2',4504,53022,105900
'18MF2',4504,53022,112200
'18MF2',4504,53022,114900
'18MF2',4504,53022,121700
'18MF2',4504,53022,124400
'18MF2',4504,53022,131000
'18MF2',4504,53022,133600
'18MF2',4504,53022,140200
'18MF2',4504,53022,142300
'18MF2',4504,53022,144700
'18MF2',4504,53022,150800
'18MF2',4504,53022,152900
'18MF2',4504,53022,155000
'18MF2',4504,53022,161100
'18MF2',4504,53022,163300
'18MF2',4504,53022,165200
'18MF2',4504,53022,172300
'18MF2',4504,53022,175500
'18MF2',4504,53022,182700
'18MF2',4504,53022,190000
'18MF2',4504,53022,193300
'18MF2',4504,53022,200500
'18MF2',4504,53022,203700
'18MF2',4504,53022,211000
'18MF2',4504,53022,214200
'18MF2',4504,53022,221400
'18MF2',4504,53022,224400
'18MF2',4504,53022,231500
'18MF2',4504,53022,234800
'18MF2',4504,53022,242100
'18MF2',4504,53022,245300
'18MF3',4504,53022,54100
'18MF3',4504,53022,60800
'18MF3',4504,53022,63600
'18MF3',4504,53022,70700
'18MF3',4504,53022,73800
'18MF3',4504,53022,80800
'18MF3',4504,53022,83800
'18MF3',4504,53022,91100
'18MF3',4504,53022,94300
'18MF3',4504,53022,101200
'18MF3',4504,53022,103600
'18MF3',4504,53022,110000
'18MF3',4504,53022,112300
'18MF3',4504,53022,114900
'18MF3',4504,53022,121700
'18MF3',4504,53022,124400
'18MF3',4504,53022,131000
'18MF3',4504,53022,133600
'18MF3',4504,53022,140200
'18MF3',4504,53022,142300
'18MF3',4504,53022,144700
'18MF3',4504,53022,150800
'18MF3',4504,53022,152900
'18MF3',4504,53022,155000
'18MF3',4504,53022,161100
'18MF3',4504,53022,163300
'18MF3',4504,53022,165200
'18MF3',4504,53022,172300
'18MF3',4504,53022,175500
'18MF3',4504,53022,182700
'18MF3',4504,53022,190000
'18MF3',4504,53022,193300
'18MF3',4504,53022,200500
'18MF3',4504,53022,203700
'18MF3',4504,53022,211000
'18MF3',4504,53022,214200
'18MF3',4504,53022,221400
'18MF3',4504,53022,224400
'18MF3',4504,53022,231500
'18MF3',4504,53022,234800
'18MF3',4504,53022,242100
'18MF3',4504,53022,245300
'18MI',4504,53022,54100
'18MI',4504,53022,60800
'18MI',4504,53022,63600
'18MI',4504,53022,70700
'18MI',4504,53022,73800
'18MI',4504,53022,80800
'18MI',4504,53022,83800
'18MI',4504,53022,91100
'18MI',4504,53022,94300
'18MI',4504,53022,101200
'18MI',4504,53022,103600
'18MI',4504,53022,105800
'18MI',4504,53022,112300
'18MI',4504,53022,115000
'18MI',4504,53022,121700
'18MI',4504,53022,124400
'18MI',4504,53022,131000
'18MI',4504,53022,133600
'18MI',4504,53022,140200
'18MI',4504,53022,142300
'18MI',4504,53022,144700
'18MI',4504,53022,150800
'18MI',4504,53022,152800
'18MI',4504,53022,155000
'18MI',4504,53022,161100
'18MI',4504,53022,163300
'18MI',4504,53022,165200
'18MI',4504,53022,172300
'18MI',4504,53022,175500
'18MI',4504,53022,182700
'18MI',4504,53022,190000
'18MI',4504,53022,193300
'18MI',4504,53022,200500
'18MI',4504,53022,203700
'18MI',4504,53022,211000
'18MI',4504,53022,214200
'18MI',4504,53022,221300
'18MI',4504,53022,224300
'18MI',4504,53022,231500
'18MI',4504,53022,234800
'18MI',4504,53022,242100
'18MI',4504,53022,245300
'18MS',4504,53022,52500
'18MS',4504,53022,55100
'18MS',4504,53022,61800
'18MS',4504,53022,65100
'18MS',4504,53022,70100
'18MS',4504,53022,71300
'18MS',4504,53022,72500
'18MS',4504,53022,73500
'18MS',4504,53022,74700
'18MS',4504,53022,80000
'18MS',4504,53022,81000
'18MS',4504,53022,82000
'18MS',4504,53022,83000
'18MS',4504,53022,84000
'18MS',4504,53022,85000
'18MS',4504,53022,90000
'18MS',4504,53022,90600
'18MS',4504,53022,91400
'18MS',4504,53022,92400
'18MS',4504,53022,93300
'18MS',4504,53022,94200
'18MS',4504,53022,95200
'18MS',4504,53022,100200
'18MS',4504,53022,101200
'18MS',4504,53022,102200
'18MS',4504,53022,103200
'18MS',4504,53022,104200
'18MS',4504,53022,105200
'18MS',4504,53022,110200
'18MS',4504,53022,111200
'18MS',4504,53022,112200
'18MS',4504,53022,113200
'18MS',4504,53022,114200
'18MS',4504,53022,115200
'18MS',4504,53022,120200
'18MS',4504,53022,121200
'18MS',4504,53022,122200
'18MS',4504,53022,123200
'18MS',4504,53022,124200
'18MS',4504,53022,125200
'18MS',4504,53022,130200
'18MS',4504,53022,131200
'18MS',4504,53022,132200
'18MS',4504,53022,133200
'18MS',4504,53022,134200
'18MS',4504,53022,135200
'18MS',4504,53022,140200
'18MS',4504,53022,141200
'18MS',4504,53022,142200
'18MS',4504,53022,143200
'18MS',4504,53022,144700
'18MS',4504,53022,151500
'18MS',4504,53022,153500
'18MS',4504,53022,155600
'18MS',4504,53022,161600
'18MS',4504,53022,163600
'18MS',4504,53022,165600
'18MS',4504,53022,172100
'18MS',4504,53022,174600
'18MS',4504,53022,181400
'18MS',4504,53022,184000
'18MS',4504,53022,190900
'18MS',4504,53022,193800
'18MS',4504,53022,200600
'18MS',4504,53022,203900
'18MS',4504,53022,210800
'18MS',4504,53022,213700
'18MS',4504,53022,221000
'18MS',4504,53022,224100
'18MS',4504,53022,230800
'18MS',4504,53022,233800
'18MS',4504,53022,240800
'18MS',4504,53022,243800
'18MS',4504,53022,250600
'18MA',35904,53022,260300
'18MA',35904,53022,264000
'18MA',35904,53022,271200
'18MA',35904,53022,274500
'18MA',35904,53022,281900
'18MA',35904,53022,285400
'18MF1',35904,53022,252500
'18MF1',35904,53022,260000
'18MF1',35904,53022,263500
'18MF1',35904,53022,271000
'18MF1',35904,53022,274800
'18MF1',35904,53022,282000
'18MF1',35904,53022,285500
'18MF2',35904,53022,252500
'18MF2',35904,53022,260000
'18MF2',35904,53022,263500
'18MF2',35904,53022,271000
'18MF2',35904,53022,274800
'18MF2',35904,53022,282000
'18MF2',35904,53022,285500
'18MF3',35904,53022,252500
'18MF3',35904,53022,260000
'18MF3',35904,53022,263500
'18MF3',35904,53022,271000
'18MF3',35904,53022,274800
'18MF3',35904,53022,282000
'18MF3',35904,53022,285500
'18MI',35904,53022,252500
'18MI',35904,53022,260000
'18MI',35904,53022,263500
'18MI',35904,53022,271000
'18MI',35904,53022,274800
'18MI',35904,53022,282000
'18MI',35904,53022,285500
'18MS',35904,53022,252800
'18MS',35904,53022,260300
'18MS',35904,53022,263800
'18MS',35904,53022,271500
'18MS',35904,53022,275100
'18MS',35904,53022,282400
'18MS',35904,53022,285700
