'16NA',14601,50372,54703
'16NA',14601,50372,61703
'16NA',14601,50372,64703
'16NA',14601,50372,71703
'16NA',14601,50372,74703
'16NA',14601,50372,81703
'16NA',14601,50372,84703
'16NA',14601,50372,91703
'16NA',14601,50372,94703
'16NA',14601,50372,101703
'16NA',14601,50372,104703
'16NA',14601,50372,111803
'16NA',14601,50372,114903
'16NA',14601,50372,122003
'16NA',14601,50372,125103
'16NA',14601,50372,132203
'16NA',14601,50372,135303
'16NA',14601,50372,142403
'16NA',14601,50372,145403
'16NA',14601,50372,152503
'16NA',14601,50372,155503
'16NA',14601,50372,162603
'16NA',14601,50372,165603
'16NA',14601,50372,172703
'16NA',14601,50372,175603
'16NA',14601,50372,182503
'16NA',14601,50372,185322
'16NA',14601,50372,192222
'16NA',14601,50372,195022
'16NA',14601,50372,201822
'16NA',14601,50372,204622
'16NA',14601,50372,211622
'16NA',14601,50372,214622
'16NA',14601,50372,221622
'16NA',14601,50372,224622
'16NA',14601,50372,231622
'16NA',14601,50372,234622
'16NA',14601,50372,241622
'16NA',14601,50372,244622
'16NA',14601,50372,251622
'16NA',14601,50372,254622
'16NF1',14601,50372,54703
'16NF1',14601,50372,61703
'16NF1',14601,50372,64703
'16NF1',14601,50372,71703
'16NF1',14601,50372,74703
'16NF1',14601,50372,81703
'16NF1',14601,50372,84703
'16NF1',14601,50372,91703
'16NF1',14601,50372,94703
'16NF1',14601,50372,101703
'16NF1',14601,50372,104703
'16NF1',14601,50372,111803
'16NF1',14601,50372,114903
'16NF1',14601,50372,122003
'16NF1',14601,50372,125103
'16NF1',14601,50372,132203
'16NF1',14601,50372,135303
'16NF1',14601,50372,142403
'16NF1',14601,50372,145403
'16NF1',14601,50372,152503
'16NF1',14601,50372,155503
'16NF1',14601,50372,162603
'16NF1',14601,50372,165603
'16NF1',14601,50372,172703
'16NF1',14601,50372,175603
'16NF1',14601,50372,182503
'16NF1',14601,50372,185322
'16NF1',14601,50372,192222
'16NF1',14601,50372,195022
'16NF1',14601,50372,201822
'16NF1',14601,50372,204622
'16NF1',14601,50372,211622
'16NF1',14601,50372,214622
'16NF1',14601,50372,221622
'16NF1',14601,50372,224622
'16NF1',14601,50372,231622
'16NF1',14601,50372,234622
'16NF1',14601,50372,241622
'16NF1',14601,50372,244622
'16NF1',14601,50372,251622
'16NF1',14601,50372,254622
'16NF2',14601,50372,54703
'16NF2',14601,50372,61703
'16NF2',14601,50372,64703
'16NF2',14601,50372,71703
'16NF2',14601,50372,74703
'16NF2',14601,50372,81703
'16NF2',14601,50372,84703
'16NF2',14601,50372,91703
'16NF2',14601,50372,94703
'16NF2',14601,50372,101703
'16NF2',14601,50372,104703
'16NF2',14601,50372,111803
'16NF2',14601,50372,114903
'16NF2',14601,50372,122003
'16NF2',14601,50372,125103
'16NF2',14601,50372,132203
'16NF2',14601,50372,135303
'16NF2',14601,50372,142403
'16NF2',14601,50372,145403
'16NF2',14601,50372,152503
'16NF2',14601,50372,155503
'16NF2',14601,50372,162603
'16NF2',14601,50372,165603
'16NF2',14601,50372,172703
'16NF2',14601,50372,175603
'16NF2',14601,50372,182503
'16NF2',14601,50372,185322
'16NF2',14601,50372,192222
'16NF2',14601,50372,195022
'16NF2',14601,50372,201822
'16NF2',14601,50372,204622
'16NF2',14601,50372,211622
'16NF2',14601,50372,214622
'16NF2',14601,50372,221622
'16NF2',14601,50372,224622
'16NF2',14601,50372,231622
'16NF2',14601,50372,234622
'16NF2',14601,50372,241622
'16NF2',14601,50372,244622
'16NF2',14601,50372,251622
'16NF2',14601,50372,254622
'16NF3',14601,50372,54703
'16NF3',14601,50372,61703
'16NF3',14601,50372,64703
'16NF3',14601,50372,71703
'16NF3',14601,50372,74703
'16NF3',14601,50372,81703
'16NF3',14601,50372,84703
'16NF3',14601,50372,91703
'16NF3',14601,50372,94703
'16NF3',14601,50372,101703
'16NF3',14601,50372,104703
'16NF3',14601,50372,111803
'16NF3',14601,50372,114903
'16NF3',14601,50372,122003
'16NF3',14601,50372,125103
'16NF3',14601,50372,132203
'16NF3',14601,50372,135303
'16NF3',14601,50372,142403
'16NF3',14601,50372,145403
'16NF3',14601,50372,152503
'16NF3',14601,50372,155503
'16NF3',14601,50372,162603
'16NF3',14601,50372,165603
'16NF3',14601,50372,172703
'16NF3',14601,50372,175603
'16NF3',14601,50372,182503
'16NF3',14601,50372,185322
'16NF3',14601,50372,192222
'16NF3',14601,50372,195022
'16NF3',14601,50372,201822
'16NF3',14601,50372,204622
'16NF3',14601,50372,211622
'16NF3',14601,50372,214622
'16NF3',14601,50372,221622
'16NF3',14601,50372,224622
'16NF3',14601,50372,231622
'16NF3',14601,50372,234622
'16NF3',14601,50372,241622
'16NF3',14601,50372,244622
'16NF3',14601,50372,251622
'16NF3',14601,50372,254622
'16NF4',14601,50372,54703
'16NF4',14601,50372,61703
'16NF4',14601,50372,64703
'16NF4',14601,50372,71703
'16NF4',14601,50372,74703
'16NF4',14601,50372,81703
'16NF4',14601,50372,84703
'16NF4',14601,50372,91703
'16NF4',14601,50372,94703
'16NF4',14601,50372,101703
'16NF4',14601,50372,104703
'16NF4',14601,50372,111803
'16NF4',14601,50372,114903
'16NF4',14601,50372,122003
'16NF4',14601,50372,125103
'16NF4',14601,50372,132203
'16NF4',14601,50372,135303
'16NF4',14601,50372,142403
'16NF4',14601,50372,145403
'16NF4',14601,50372,152503
'16NF4',14601,50372,155503
'16NF4',14601,50372,162603
'16NF4',14601,50372,165603
'16NF4',14601,50372,172703
'16NF4',14601,50372,175603
'16NF4',14601,50372,182503
'16NF4',14601,50372,185322
'16NF4',14601,50372,192222
'16NF4',14601,50372,195022
'16NF4',14601,50372,201822
'16NF4',14601,50372,204622
'16NF4',14601,50372,211622
'16NF4',14601,50372,214622
'16NF4',14601,50372,221622
'16NF4',14601,50372,224622
'16NF4',14601,50372,231622
'16NF4',14601,50372,234622
'16NF4',14601,50372,241622
'16NF4',14601,50372,244622
'16NF4',14601,50372,251622
'16NF4',14601,50372,254622
'16NI',14601,50372,64622
'16NI',14601,50372,71622
'16NI',14601,50372,74622
'16NI',14601,50372,81622
'16NI',14601,50372,84703
'16NI',14601,50372,91703
'16NI',14601,50372,94703
'16NI',14601,50372,101703
'16NI',14601,50372,104703
'16NI',14601,50372,111703
'16NI',14601,50372,114703
'16NI',14601,50372,121703
'16NI',14601,50372,124703
'16NI',14601,50372,131703
'16NI',14601,50372,134703
'16NI',14601,50372,141803
'16NI',14601,50372,144803
'16NI',14601,50372,151803
'16NI',14601,50372,154703
'16NI',14601,50372,161703
'16NI',14601,50372,164703
'16NI',14601,50372,171703
'16NI',14601,50372,174703
'16NI',14601,50372,181703
'16NI',14601,50372,184703
'16NI',14601,50372,191703
'16NI',14601,50372,194703
'16NI',14601,50372,201703
'16NI',14601,50372,204622
'16NI',14601,50372,211622
'16NI',14601,50372,214622
'16NI',14601,50372,221622
'16NI',14601,50372,224622
'16NI',14601,50372,231622
'16NI',14601,50372,234622
'16NI',14601,50372,241622
'16NI',14601,50372,244622
'16NI',14601,50372,251622
'16NS',14601,50372,54703
'16NS',14601,50372,61903
'16NS',14601,50372,64903
'16NS',14601,50372,71145
'16NS',14601,50372,73045
'16NS',14601,50372,74803
'16NS',14601,50372,80603
'16NS',14601,50372,82603
'16NS',14601,50372,85203
'16NS',14601,50372,92003
'16NS',14601,50372,95203
'16NS',14601,50372,102403
'16NS',14601,50372,105503
'16NS',14601,50372,112703
'16NS',14601,50372,115803
'16NS',14601,50372,123003
'16NS',14601,50372,130203
'16NS',14601,50372,133303
'16NS',14601,50372,140303
'16NS',14601,50372,143303
'16NS',14601,50372,150403
'16NS',14601,50372,153345
'16NS',14601,50372,155545
'16NS',14601,50372,161645
'16NS',14601,50372,163845
'16NS',14601,50372,170145
'16NS',14601,50372,173445
'16NS',14601,50372,180703
'16NS',14601,50372,183903
'16NS',14601,50372,191003
'16NS',14601,50372,194003
'16NS',14601,50372,201003
'16NS',14601,50372,204003
'16NS',14601,50372,211003
'16NS',14601,50372,214003
'16NS',14601,50372,221003
'16NS',14601,50372,224003
'16NS',14601,50372,230922
'16NS',14601,50372,233922
'16NS',14601,50372,240922
'16NS',14601,50372,243922
'16NS',14601,50372,250722
