'16MF1',18802,54858,150629
'16MF1',18802,54858,154529
'16MF1',18802,54858,162259
'16MF1',18802,54858,170229
'16MF1',18802,54858,173929
'16MF1',18802,54858,181429
'16MF1',18802,54858,185129
'16MF2',18802,54858,150629
'16MF2',18802,54858,154529
'16MF2',18802,54858,162259
'16MF2',18802,54858,170229
'16MF2',18802,54858,173929
'16MF2',18802,54858,181429
'16MF2',18802,54858,185129
'16MS',18802,54858,150629
'16MS',18802,54858,154529
'16MS',18802,54858,162259
'16MS',18802,54858,170229
'16MS',18802,54858,173929
'16MS',18802,54858,181429
'16MS',18802,54858,185129
