'17JA',1601,55725,60749
'17JA',1601,55725,63749
'17JA',1601,55725,70749
'17JA',1601,55725,73749
'17JA',1601,55725,80749
'17JA',1601,55725,83816
'17JA',1601,55725,90816
'17JA',1601,55725,93816
'17JA',1601,55725,100816
'17JA',1601,55725,103816
'17JA',1601,55725,110816
'17JA',1601,55725,113716
'17JA',1601,55725,120816
'17JA',1601,55725,123916
'17JA',1601,55725,131016
'17JA',1601,55725,134116
'17JA',1601,55725,141316
'17JA',1601,55725,144516
'17JA',1601,55725,151716
'17JA',1601,55725,154716
'17JA',1601,55725,161816
'17JA',1601,55725,164816
'17JA',1601,55725,171916
'17JA',1601,55725,175016
'17JA',1601,55725,182116
'17JA',1601,55725,185116
'17JA',1601,55725,192016
'17JA',1601,55725,194916
'17JA',1601,55725,201816
'17JA',1601,55725,204716
'17JA',1601,55725,211616
'17JA',1601,55725,214316
'17JI',1601,55725,60749
'17JI',1601,55725,63749
'17JI',1601,55725,70749
'17JI',1601,55725,73749
'17JI',1601,55725,80749
'17JI',1601,55725,83749
'17JI',1601,55725,90749
'17JI',1601,55725,93749
'17JI',1601,55725,100749
'17JI',1601,55725,103749
'17JI',1601,55725,110749
'17JI',1601,55725,113749
'17JI',1601,55725,120749
'17JI',1601,55725,123749
'17JI',1601,55725,130749
'17JI',1601,55725,133749
'17JI',1601,55725,140749
'17JI',1601,55725,143749
'17JI',1601,55725,150716
'17JI',1601,55725,153716
'17JI',1601,55725,160916
'17JI',1601,55725,164016
'17JI',1601,55725,171116
'17JI',1601,55725,174216
'17JI',1601,55725,181116
'17JI',1601,55725,184049
'17JI',1601,55725,190949
'17JI',1601,55725,193849
'17JI',1601,55725,200749
'17JI',1601,55725,203749
'17JI',1601,55725,210749
'17JI',1601,55725,213749
'17JS',1601,55725,60221
'17JS',1601,55725,63321
'17JS',1601,55725,70343
'17JS',1601,55725,72843
'17JS',1601,55725,75443
'17JS',1601,55725,82243
'17JS',1601,55725,85343
'17JS',1601,55725,93116
'17JS',1601,55725,100649
'17JS',1601,55725,104149
'17JS',1601,55725,111749
'17JS',1601,55725,115249
'17JS',1601,55725,122749
'17JS',1601,55725,130249
'17JS',1601,55725,133849
'17JS',1601,55725,141349
'17JS',1601,55725,145016
'17JS',1601,55725,153443
'17JS',1601,55725,160643
'17JS',1601,55725,163943
'17JS',1601,55725,171343
'17JS',1601,55725,174716
'17JS',1601,55725,182116
'17JS',1601,55725,185516
'17JS',1601,55725,192716
'17JS',1601,55725,200016
'17JS',1601,55725,203249
'17JS',1601,55725,210549
'17JS',1601,55725,213749
'17JA',11704,55725,73321
'17JA',11704,55725,81721
'17JA',11704,55725,90121
'17JA',11704,55725,94521
'17JA',11704,55725,102921
'17JA',11704,55725,111512
'17JA',11704,55725,120012
'17JA',11704,55725,124512
'17JA',11704,55725,133012
'17JA',11704,55725,141512
'17JA',11704,55725,150012
'17JA',11704,55725,154512
'17JA',11704,55725,163012
'17JA',11704,55725,171712
'17JA',11704,55725,175831
'17JA',11704,55725,184231
'17JA',11704,55725,192731
'17JI',11704,55725,92821
'17JI',11704,55725,101221
'17JI',11704,55725,105621
'17JI',11704,55725,114121
'17JI',11704,55725,122621
'17JI',11704,55725,131212
'17JI',11704,55725,135712
'17JI',11704,55725,144212
'17JI',11704,55725,152712
'17JI',11704,55725,161312
'17JI',11704,55725,165721
'17JI',11704,55725,174221
'17JI',11704,55725,182521
'17JI',11704,55725,190821
'17JI',11704,55725,194921
'17JS',11704,55725,61931
'17JS',11704,55725,70602
'17JS',11704,55725,74902
'17JS',11704,55725,80812
'17JS',11704,55725,83012
'17JS',11704,55725,83812
'17JS',11704,55725,85812
'17JS',11704,55725,92812
'17JS',11704,55725,95712
'17JS',11704,55725,102321
'17JS',11704,55725,110821
'17JS',11704,55725,115321
'17JS',11704,55725,123821
'17JS',11704,55725,132221
'17JS',11704,55725,140821
'17JS',11704,55725,145421
'17JS',11704,55725,152721
'17JS',11704,55725,155721
'17JS',11704,55725,162812
'17JS',11704,55725,165521
'17JS',11704,55725,172521
'17JS',11704,55725,175521
'17JS',11704,55725,182321
'17JS',11704,55725,191221
'17JA',36801,55725,252636
'17JA',36801,55725,261136
'17JA',36801,55725,265636
'17JA',36801,55725,274136
'17JA',36801,55725,282636
'17JI',36801,55725,252715
'17JI',36801,55725,261215
'17JI',36801,55725,265715
'17JI',36801,55725,274215
'17JI',36801,55725,282715
'17JS',36801,55725,252436
'17JS',36801,55725,261336
'17JS',36801,55725,270236
'17JS',36801,55725,275036
'17JS',36801,55725,283636
