'16SA',20601,58011,64622
'16SA',20601,58011,71622
'16SA',20601,58011,74622
'16SA',20601,58011,81622
'16SA',20601,58011,84722
'16SA',20601,58011,91722
'16SA',20601,58011,94722
'16SA',20601,58011,101722
'16SA',20601,58011,104722
'16SA',20601,58011,111722
'16SA',20601,58011,114722
'16SA',20601,58011,121722
'16SA',20601,58011,124922
'16SA',20601,58011,131922
'16SA',20601,58011,134922
'16SA',20601,58011,141922
'16SA',20601,58011,144922
'16SA',20601,58011,151922
'16SA',20601,58011,154922
'16SA',20601,58011,161922
'16SA',20601,58011,164922
'16SA',20601,58011,171922
'16SA',20601,58011,174922
'16SA',20601,58011,181922
'16SA',20601,58011,184922
'16SA',20601,58011,191922
'16SA',20601,58011,194722
'16SA',20601,58011,201722
'16SA',20601,58011,204722
'16SA',20601,58011,211722
'16SA',20601,58011,214722
'16SA',20601,58011,221722
'16SA',20601,58011,231722
'16SA',20601,58011,241722
'16SF1',20601,58011,71804
'16SF1',20601,58011,74804
'16SF1',20601,58011,81804
'16SF1',20601,58011,84804
'16SF1',20601,58011,91804
'16SF1',20601,58011,94804
'16SF1',20601,58011,101804
'16SF1',20601,58011,104804
'16SF1',20601,58011,111804
'16SF1',20601,58011,114804
'16SF1',20601,58011,121804
'16SF1',20601,58011,124804
'16SF1',20601,58011,131804
'16SF1',20601,58011,134804
'16SF1',20601,58011,141804
'16SF1',20601,58011,144804
'16SF1',20601,58011,151847
'16SF1',20601,58011,154947
'16SF1',20601,58011,161947
'16SF1',20601,58011,164947
'16SF1',20601,58011,171947
'16SF1',20601,58011,174847
'16SF1',20601,58011,181904
'16SF1',20601,58011,184822
'16SF1',20601,58011,191822
'16SF1',20601,58011,194822
'16SF1',20601,58011,201822
'16SF1',20601,58011,204822
'16SF1',20601,58011,211739
'16SF1',20601,58011,214639
'16SF1',20601,58011,221639
'16SF1',20601,58011,231639
'16SF1',20601,58011,241639
'16SF2',20601,58011,71804
'16SF2',20601,58011,74804
'16SF2',20601,58011,81804
'16SF2',20601,58011,84804
'16SF2',20601,58011,91804
'16SF2',20601,58011,94804
'16SF2',20601,58011,101804
'16SF2',20601,58011,104804
'16SF2',20601,58011,111804
'16SF2',20601,58011,114804
'16SF2',20601,58011,121804
'16SF2',20601,58011,124804
'16SF2',20601,58011,131804
'16SF2',20601,58011,134804
'16SF2',20601,58011,141804
'16SF2',20601,58011,144804
'16SF2',20601,58011,151847
'16SF2',20601,58011,154947
'16SF2',20601,58011,161947
'16SF2',20601,58011,164947
'16SF2',20601,58011,171947
'16SF2',20601,58011,174847
'16SF2',20601,58011,181904
'16SF2',20601,58011,184822
'16SF2',20601,58011,191822
'16SF2',20601,58011,194822
'16SF2',20601,58011,201822
'16SF2',20601,58011,204822
'16SF2',20601,58011,211739
'16SF2',20601,58011,214639
'16SF2',20601,58011,221639
'16SF2',20601,58011,231639
'16SF2',20601,58011,241639
'16SI',20601,58011,71804
'16SI',20601,58011,74804
'16SI',20601,58011,81804
'16SI',20601,58011,84804
'16SI',20601,58011,91804
'16SI',20601,58011,94804
'16SI',20601,58011,101804
'16SI',20601,58011,104804
'16SI',20601,58011,111804
'16SI',20601,58011,114804
'16SI',20601,58011,121804
'16SI',20601,58011,124804
'16SI',20601,58011,131804
'16SI',20601,58011,134804
'16SI',20601,58011,141804
'16SI',20601,58011,144804
'16SI',20601,58011,151847
'16SI',20601,58011,154947
'16SI',20601,58011,161947
'16SI',20601,58011,164947
'16SI',20601,58011,171947
'16SI',20601,58011,174847
'16SI',20601,58011,181904
'16SI',20601,58011,184822
'16SI',20601,58011,191822
'16SI',20601,58011,194822
'16SI',20601,58011,201822
'16SI',20601,58011,204822
'16SI',20601,58011,211739
'16SI',20601,58011,214639
'16SI',20601,58011,221639
'16SI',20601,58011,231639
'16SI',20601,58011,241639
'16SS',20601,58011,55522
'16SS',20601,58011,63622
'16SS',20601,58011,70122
'16SS',20601,58011,72004
'16SS',20601,58011,73747
'16SS',20601,58011,74847
'16SS',20601,58011,80647
'16SS',20601,58011,82204
'16SS',20601,58011,91504
'16SS',20601,58011,95004
'16SS',20601,58011,102104
'16SS',20601,58011,105104
'16SS',20601,58011,112204
'16SS',20601,58011,115204
'16SS',20601,58011,122304
'16SS',20601,58011,125347
'16SS',20601,58011,132447
'16SS',20601,58011,135547
'16SS',20601,58011,142647
'16SS',20601,58011,145747
'16SS',20601,58011,152847
'16SS',20601,58011,155947
'16SS',20601,58011,163347
'16SS',20601,58011,170847
'16SS',20601,58011,174247
'16SS',20601,58011,181747
'16SS',20601,58011,185147
'16SS',20601,58011,192104
'16SS',20601,58011,194922
'16SS',20601,58011,201922
'16SS',20601,58011,204922
'16SS',20601,58011,211922
'16SS',20601,58011,214922
'16SS',20601,58011,221822
'16SS',20601,58011,231822
'16SS',20601,58011,241822
