'17MA',1602,56132,60706
'17MA',1602,56132,63706
'17MA',1602,56132,70706
'17MA',1602,56132,73706
'17MA',1602,56132,80706
'17MA',1602,56132,83706
'17MA',1602,56132,90706
'17MA',1602,56132,93706
'17MA',1602,56132,100706
'17MA',1602,56132,103706
'17MA',1602,56132,110706
'17MA',1602,56132,113706
'17MA',1602,56132,120806
'17MA',1602,56132,123959
'17MA',1602,56132,131059
'17MA',1602,56132,134252
'17MA',1602,56132,141452
'17MA',1602,56132,144652
'17MA',1602,56132,151752
'17MA',1602,56132,154952
'17MA',1602,56132,161952
'17MA',1602,56132,165052
'17MA',1602,56132,172052
'17MA',1602,56132,175152
'17MA',1602,56132,182252
'17MA',1602,56132,185206
'17MA',1602,56132,192106
'17MA',1602,56132,195006
'17MA',1602,56132,201906
'17MA',1602,56132,204806
'17MA',1602,56132,211706
'17MA',1602,56132,214606
'17MF1',1602,56132,60706
'17MF1',1602,56132,63706
'17MF1',1602,56132,70706
'17MF1',1602,56132,73706
'17MF1',1602,56132,80706
'17MF1',1602,56132,83706
'17MF1',1602,56132,90706
'17MF1',1602,56132,93706
'17MF1',1602,56132,100706
'17MF1',1602,56132,103706
'17MF1',1602,56132,110706
'17MF1',1602,56132,113706
'17MF1',1602,56132,120806
'17MF1',1602,56132,123959
'17MF1',1602,56132,131059
'17MF1',1602,56132,134252
'17MF1',1602,56132,141452
'17MF1',1602,56132,144652
'17MF1',1602,56132,151752
'17MF1',1602,56132,154952
'17MF1',1602,56132,161952
'17MF1',1602,56132,165052
'17MF1',1602,56132,172052
'17MF1',1602,56132,175152
'17MF1',1602,56132,182252
'17MF1',1602,56132,185206
'17MF1',1602,56132,192106
'17MF1',1602,56132,195006
'17MF1',1602,56132,201906
'17MF1',1602,56132,204806
'17MF1',1602,56132,211706
'17MF1',1602,56132,214606
'17MF2',1602,56132,60706
'17MF2',1602,56132,63706
'17MF2',1602,56132,70706
'17MF2',1602,56132,73706
'17MF2',1602,56132,80706
'17MF2',1602,56132,83706
'17MF2',1602,56132,90706
'17MF2',1602,56132,93706
'17MF2',1602,56132,100706
'17MF2',1602,56132,103706
'17MF2',1602,56132,110706
'17MF2',1602,56132,113706
'17MF2',1602,56132,120806
'17MF2',1602,56132,123959
'17MF2',1602,56132,131059
'17MF2',1602,56132,134252
'17MF2',1602,56132,141452
'17MF2',1602,56132,144652
'17MF2',1602,56132,151752
'17MF2',1602,56132,154952
'17MF2',1602,56132,161952
'17MF2',1602,56132,165052
'17MF2',1602,56132,172052
'17MF2',1602,56132,175152
'17MF2',1602,56132,182252
'17MF2',1602,56132,185206
'17MF2',1602,56132,192106
'17MF2',1602,56132,195006
'17MF2',1602,56132,201906
'17MF2',1602,56132,204806
'17MF2',1602,56132,211706
'17MF2',1602,56132,214606
'17MF3',1602,56132,60706
'17MF3',1602,56132,63706
'17MF3',1602,56132,70706
'17MF3',1602,56132,73706
'17MF3',1602,56132,80706
'17MF3',1602,56132,83706
'17MF3',1602,56132,90706
'17MF3',1602,56132,93706
'17MF3',1602,56132,100706
'17MF3',1602,56132,103706
'17MF3',1602,56132,110706
'17MF3',1602,56132,113706
'17MF3',1602,56132,120806
'17MF3',1602,56132,123959
'17MF3',1602,56132,131059
'17MF3',1602,56132,134252
'17MF3',1602,56132,141452
'17MF3',1602,56132,144652
'17MF3',1602,56132,151752
'17MF3',1602,56132,154952
'17MF3',1602,56132,161952
'17MF3',1602,56132,165052
'17MF3',1602,56132,172052
'17MF3',1602,56132,175152
'17MF3',1602,56132,182252
'17MF3',1602,56132,185206
'17MF3',1602,56132,192106
'17MF3',1602,56132,195006
'17MF3',1602,56132,201906
'17MF3',1602,56132,204806
'17MF3',1602,56132,211706
'17MF3',1602,56132,214606
'17MI',1602,56132,60706
'17MI',1602,56132,63706
'17MI',1602,56132,70706
'17MI',1602,56132,73706
'17MI',1602,56132,80706
'17MI',1602,56132,83759
'17MI',1602,56132,90759
'17MI',1602,56132,93706
'17MI',1602,56132,100706
'17MI',1602,56132,103706
'17MI',1602,56132,110706
'17MI',1602,56132,113706
'17MI',1602,56132,120759
'17MI',1602,56132,123759
'17MI',1602,56132,130759
'17MI',1602,56132,133759
'17MI',1602,56132,140759
'17MI',1602,56132,143759
'17MI',1602,56132,150759
'17MI',1602,56132,153859
'17MI',1602,56132,160959
'17MI',1602,56132,164059
'17MI',1602,56132,171159
'17MI',1602,56132,174259
'17MI',1602,56132,181259
'17MI',1602,56132,184159
'17MI',1602,56132,191059
'17MI',1602,56132,193906
'17MI',1602,56132,200806
'17MI',1602,56132,203706
'17MI',1602,56132,210706
'17MI',1602,56132,213706
'17MS',1602,56132,60352
'17MS',1602,56132,64445
'17MS',1602,56132,71539
'17MS',1602,56132,73339
'17MS',1602,56132,74539
'17MS',1602,56132,81232
'17MS',1602,56132,83932
'17MS',1602,56132,90332
'17MS',1602,56132,93639
'17MS',1602,56132,100945
'17MS',1602,56132,104445
'17MS',1602,56132,111945
'17MS',1602,56132,115445
'17MS',1602,56132,122945
'17MS',1602,56132,130445
'17MS',1602,56132,134045
'17MS',1602,56132,141645
'17MS',1602,56132,145332
'17MS',1602,56132,152225
'17MS',1602,56132,155725
'17MS',1602,56132,163225
'17MS',1602,56132,170725
'17MS',1602,56132,174425
'17MS',1602,56132,182032
'17MS',1602,56132,185452
'17MS',1602,56132,192852
'17MS',1602,56132,200059
'17MS',1602,56132,203359
'17MS',1602,56132,210559
'17MS',1602,56132,213759
