'16JA',11201,56902,50821
'16JA',11201,56902,53821
'16JA',11201,56902,60821
'16JA',11201,56902,63821
'16JA',11201,56902,70821
'16JA',11201,56902,73821
'16JA',11201,56902,80821
'16JA',11201,56902,83821
'16JA',11201,56902,90821
'16JA',11201,56902,93921
'16JA',11201,56902,100921
'16JA',11201,56902,103321
'16JA',11201,56902,105521
'16JA',11201,56902,111721
'16JA',11201,56902,113921
'16JA',11201,56902,115921
'16JA',11201,56902,122121
'16JA',11201,56902,124421
'16JA',11201,56902,130521
'16JA',11201,56902,132721
'16JA',11201,56902,135021
'16JA',11201,56902,141121
'16JA',11201,56902,143321
'16JA',11201,56902,145621
'16JA',11201,56902,151821
'16JA',11201,56902,154021
'16JA',11201,56902,160321
'16JA',11201,56902,162521
'16JA',11201,56902,164721
'16JA',11201,56902,171021
'16JA',11201,56902,173221
'16JA',11201,56902,175421
'16JA',11201,56902,181721
'16JA',11201,56902,183917
'16JA',11201,56902,190017
'16JA',11201,56902,192117
'16JA',11201,56902,194217
'16JA',11201,56902,200917
'16JA',11201,56902,203917
'16JA',11201,56902,211017
'16JA',11201,56902,214017
'16JA',11201,56902,221117
'16JA',11201,56902,224117
'16JA',11201,56902,231217
'16JA',11201,56902,234117
'16JA',11201,56902,241217
'16JA',11201,56902,244217
'16JA',11201,56902,251217
'16JA',11201,56902,254117
'16JI',11201,56902,50917
'16JI',11201,56902,53817
'16JI',11201,56902,60617
'16JI',11201,56902,63417
'16JI',11201,56902,70217
'16JI',11201,56902,73117
'16JI',11201,56902,80017
'16JI',11201,56902,82817
'16JI',11201,56902,85717
'16JI',11201,56902,92717
'16JI',11201,56902,95721
'16JI',11201,56902,101721
'16JI',11201,56902,103821
'16JI',11201,56902,105921
'16JI',11201,56902,111921
'16JI',11201,56902,113821
'16JI',11201,56902,115721
'16JI',11201,56902,121721
'16JI',11201,56902,123721
'16JI',11201,56902,130421
'16JI',11201,56902,133121
'16JI',11201,56902,135621
'16JI',11201,56902,141821
'16JI',11201,56902,144021
'16JI',11201,56902,151121
'16JI',11201,56902,154221
'16JI',11201,56902,161321
'16JI',11201,56902,164521
'16JI',11201,56902,171621
'16JI',11201,56902,174821
'16JI',11201,56902,181921
'16JI',11201,56902,185121
'16JI',11201,56902,192221
'16JI',11201,56902,195321
'16JI',11201,56902,202421
'16JI',11201,56902,205417
'16JI',11201,56902,212417
'16JI',11201,56902,215317
'16JI',11201,56902,222117
'16JI',11201,56902,225017
'16JI',11201,56902,231817
'16JI',11201,56902,234717
'16JI',11201,56902,241517
'16JI',11201,56902,244317
'16JI',11201,56902,250917
'16JS',11201,56902,50917
'16JS',11201,56902,53017
'16JS',11201,56902,55017
'16JS',11201,56902,61021
'16JS',11201,56902,62321
'16JS',11201,56902,63621
'16JS',11201,56902,64421
'16JS',11201,56902,65121
'16JS',11201,56902,70121
'16JS',11201,56902,71021
'16JS',11201,56902,71821
'16JS',11201,56902,72721
'16JS',11201,56902,73421
'16JS',11201,56902,74121
'16JS',11201,56902,75121
'16JS',11201,56902,80221
'16JS',11201,56902,80921
'16JS',11201,56902,82121
'16JS',11201,56902,83521
'16JS',11201,56902,85221
'16JS',11201,56902,90921
'16JS',11201,56902,92617
'16JS',11201,56902,94517
'16JS',11201,56902,100417
'16JS',11201,56902,102517
'16JS',11201,56902,104517
'16JS',11201,56902,110217
'16JS',11201,56902,111817
'16JS',11201,56902,113617
'16JS',11201,56902,115417
'16JS',11201,56902,121217
'16JS',11201,56902,123017
'16JS',11201,56902,124917
'16JS',11201,56902,130917
'16JS',11201,56902,132717
'16JS',11201,56902,134317
'16JS',11201,56902,140021
'16JS',11201,56902,141921
'16JS',11201,56902,143821
'16JS',11201,56902,145721
'16JS',11201,56902,151725
'16JS',11201,56902,153725
'16JS',11201,56902,155825
'16JS',11201,56902,162025
'16JS',11201,56902,164325
'16JS',11201,56902,171225
'16JS',11201,56902,174225
'16JS',11201,56902,181125
'16JS',11201,56902,184017
'16JS',11201,56902,191017
'16JS',11201,56902,194017
'16JS',11201,56902,201017
'16JS',11201,56902,204017
'16JS',11201,56902,211017
'16JS',11201,56902,214017
'16JS',11201,56902,221017
'16JS',11201,56902,224117
'16JS',11201,56902,231217
'16JS',11201,56902,234017
'16JS',11201,56902,240817
'16JS',11201,56902,243817
'16JS',11201,56902,250917
'16JA',12304,56902,60223
'16JA',12304,56902,63223
'16JA',12304,56902,70223
'16JA',12304,56902,73223
'16JA',12304,56902,80223
'16JA',12304,56902,83223
'16JA',12304,56902,90223
'16JA',12304,56902,93523
'16JA',12304,56902,100823
'16JA',12304,56902,104023
'16JA',12304,56902,111223
'16JA',12304,56902,114523
'16JA',12304,56902,120923
'16JA',12304,56902,123223
'16JA',12304,56902,125523
'16JA',12304,56902,131823
'16JA',12304,56902,134023
'16JA',12304,56902,140323
'16JA',12304,56902,142623
'16JA',12304,56902,144823
'16JA',12304,56902,151123
'16JA',12304,56902,153423
'16JA',12304,56902,155623
'16JA',12304,56902,161923
'16JA',12304,56902,164223
'16JA',12304,56902,170423
'16JA',12304,56902,172723
'16JA',12304,56902,174823
'16JA',12304,56902,181023
'16JA',12304,56902,183223
'16JA',12304,56902,185423
'16JA',12304,56902,191523
'16JA',12304,56902,193823
'16JA',12304,56902,200222
'16JA',12304,56902,203022
'16JA',12304,56902,210022
'16JA',12304,56902,213122
'16JA',12304,56902,220222
'16JA',12304,56902,223322
'16JA',12304,56902,230422
'16JA',12304,56902,233422
'16JA',12304,56902,240422
'16JA',12304,56902,243522
'16JI',12304,56902,60120
'16JI',12304,56902,62920
'16JI',12304,56902,65720
'16JI',12304,56902,72520
'16JI',12304,56902,75320
'16JI',12304,56902,82120
'16JI',12304,56902,84920
'16JI',12304,56902,91720
'16JI',12304,56902,94723
'16JI',12304,56902,101923
'16JI',12304,56902,105123
'16JI',12304,56902,112323
'16JI',12304,56902,115523
'16JI',12304,56902,122723
'16JI',12304,56902,125923
'16JI',12304,56902,133123
'16JI',12304,56902,140323
'16JI',12304,56902,143523
'16JI',12304,56902,150723
'16JI',12304,56902,153923
'16JI',12304,56902,161123
'16JI',12304,56902,164323
'16JI',12304,56902,171523
'16JI',12304,56902,174723
'16JI',12304,56902,181823
'16JI',12304,56902,184923
'16JI',12304,56902,192023
'16JI',12304,56902,195123
'16JI',12304,56902,202223
'16JI',12304,56902,205323
'16JI',12304,56902,212420
'16JI',12304,56902,215220
'16JI',12304,56902,222120
'16JI',12304,56902,224920
'16JI',12304,56902,231820
'16JI',12304,56902,234620
'16JI',12304,56902,241520
'16JI',12304,56902,244320
'16JS',12304,56902,54418
'16JS',12304,56902,61018
'16JS',12304,56902,63322
'16JS',12304,56902,65622
'16JS',12304,56902,72825
'16JS',12304,56902,75925
'16JS',12304,56902,82525
'16JS',12304,56902,85022
'16JS',12304,56902,91422
'16JS',12304,56902,93822
'16JS',12304,56902,100222
'16JS',12304,56902,102722
'16JS',12304,56902,105122
'16JS',12304,56902,111422
'16JS',12304,56902,113722
'16JS',12304,56902,120122
'16JS',12304,56902,122423
'16JS',12304,56902,124823
'16JS',12304,56902,131223
'16JS',12304,56902,133723
'16JS',12304,56902,140223
'16JS',12304,56902,142825
'16JS',12304,56902,145425
'16JS',12304,56902,152025
'16JS',12304,56902,155025
'16JS',12304,56902,161725
'16JS',12304,56902,164625
'16JS',12304,56902,171425
'16JS',12304,56902,173923
'16JS',12304,56902,180023
'16JS',12304,56902,182323
'16JS',12304,56902,184623
'16JS',12304,56902,191123
'16JS',12304,56902,193723
'16JS',12304,56902,200223
'16JS',12304,56902,203423
'16JS',12304,56902,210722
'16JS',12304,56902,213922
'16JS',12304,56902,221122
'16JS',12304,56902,224322
'16JS',12304,56902,231522
'16JS',12304,56902,234722
'16JS',12304,56902,241720
'16JS',12304,56902,244720
