'17SA',8601,53587,63306
'17SA',8601,53587,70806
'17SA',8601,53587,74209
'17SA',8601,53587,81509
'17SA',8601,53587,84709
'17SA',8601,53587,91909
'17SA',8601,53587,95209
'17SA',8601,53587,102509
'17SA',8601,53587,105809
'17SA',8601,53587,113109
'17SA',8601,53587,120609
'17SA',8601,53587,123909
'17SA',8601,53587,131309
'17SA',8601,53587,134709
'17SA',8601,53587,142109
'17SA',8601,53587,145509
'17SA',8601,53587,152809
'17SA',8601,53587,160109
'17SA',8601,53587,163409
'17SA',8601,53587,170809
'17SA',8601,53587,174109
'17SA',8601,53587,181209
'17SA',8601,53587,184509
'17SA',8601,53587,191909
'17SA',8601,53587,195009
'17SA',8601,53587,202109
'17SA',8601,53587,205409
'17SA',8601,53587,212709
'17SA',8601,53587,215909
'17SA',8601,53587,222809
'17SA',8601,53587,225809
'17SA',8601,53587,232909
'17SA',8601,53587,240009
'17SA',8601,53587,243109
'17SA',8601,53587,250009
'17SA',8601,53587,253109
'17SA',8601,53587,260409
'17SA',8601,53587,263309
'17SF1',8601,53587,63406
'17SF1',8601,53587,70606
'17SF1',8601,53587,73806
'17SF1',8601,53587,80906
'17SF1',8601,53587,84009
'17SF1',8601,53587,91409
'17SF1',8601,53587,94609
'17SF1',8601,53587,101611
'17SF1',8601,53587,104911
'17SF1',8601,53587,112211
'17SF1',8601,53587,115411
'17SF1',8601,53587,122211
'17SF1',8601,53587,125611
'17SF1',8601,53587,133011
'17SF1',8601,53587,140411
'17SF1',8601,53587,143511
'17SF1',8601,53587,150811
'17SF1',8601,53587,154111
'17SF1',8601,53587,161511
'17SF1',8601,53587,164711
'17SF1',8601,53587,172011
'17SF1',8601,53587,175111
'17SF1',8601,53587,182511
'17SF1',8601,53587,185609
'17SF1',8601,53587,192909
'17SF1',8601,53587,200109
'17SF1',8601,53587,203309
'17SF1',8601,53587,210109
'17SF1',8601,53587,213309
'17SF1',8601,53587,220409
'17SF1',8601,53587,223609
'17SF1',8601,53587,230509
'17SF1',8601,53587,233409
'17SF1',8601,53587,240209
'17SF1',8601,53587,243409
'17SF1',8601,53587,250309
'17SF1',8601,53587,253309
'17SF1',8601,53587,255909
'17SF1',8601,53587,262409
'17SF2',8601,53587,63406
'17SF2',8601,53587,70606
'17SF2',8601,53587,73806
'17SF2',8601,53587,80906
'17SF2',8601,53587,84009
'17SF2',8601,53587,91409
'17SF2',8601,53587,94609
'17SF2',8601,53587,101611
'17SF2',8601,53587,104911
'17SF2',8601,53587,112211
'17SF2',8601,53587,115411
'17SF2',8601,53587,122211
'17SF2',8601,53587,125611
'17SF2',8601,53587,133011
'17SF2',8601,53587,140411
'17SF2',8601,53587,143511
'17SF2',8601,53587,150811
'17SF2',8601,53587,154111
'17SF2',8601,53587,161511
'17SF2',8601,53587,164711
'17SF2',8601,53587,172011
'17SF2',8601,53587,175111
'17SF2',8601,53587,182511
'17SF2',8601,53587,185609
'17SF2',8601,53587,192909
'17SF2',8601,53587,200109
'17SF2',8601,53587,203309
'17SF2',8601,53587,210109
'17SF2',8601,53587,213309
'17SF2',8601,53587,220409
'17SF2',8601,53587,223609
'17SF2',8601,53587,230509
'17SF2',8601,53587,233409
'17SF2',8601,53587,240209
'17SF2',8601,53587,243409
'17SF2',8601,53587,250309
'17SF2',8601,53587,253309
'17SF2',8601,53587,255909
'17SF2',8601,53587,262409
'17SI',8601,53587,63406
'17SI',8601,53587,70606
'17SI',8601,53587,73806
'17SI',8601,53587,80906
'17SI',8601,53587,84009
'17SI',8601,53587,91409
'17SI',8601,53587,94609
'17SI',8601,53587,101611
'17SI',8601,53587,104911
'17SI',8601,53587,112211
'17SI',8601,53587,115411
'17SI',8601,53587,122211
'17SI',8601,53587,125611
'17SI',8601,53587,133011
'17SI',8601,53587,140411
'17SI',8601,53587,143511
'17SI',8601,53587,150811
'17SI',8601,53587,154111
'17SI',8601,53587,161511
'17SI',8601,53587,164711
'17SI',8601,53587,172011
'17SI',8601,53587,175111
'17SI',8601,53587,182511
'17SI',8601,53587,185609
'17SI',8601,53587,192909
'17SI',8601,53587,200109
'17SI',8601,53587,203309
'17SI',8601,53587,210109
'17SI',8601,53587,213309
'17SI',8601,53587,220409
'17SI',8601,53587,223609
'17SI',8601,53587,230509
'17SI',8601,53587,233409
'17SI',8601,53587,240209
'17SI',8601,53587,243409
'17SI',8601,53587,250309
'17SI',8601,53587,253309
'17SI',8601,53587,255909
'17SI',8601,53587,262409
'17SS',8601,53587,62613
'17SS',8601,53587,70113
'17SS',8601,53587,73515
'17SS',8601,53587,80615
'17SS',8601,53587,83413
'17SS',8601,53587,90313
'17SS',8601,53587,93313
'17SS',8601,53587,100013
'17SS',8601,53587,103013
'17SS',8601,53587,105913
'17SS',8601,53587,112913
'17SS',8601,53587,115913
'17SS',8601,53587,122913
'17SS',8601,53587,125913
'17SS',8601,53587,132913
'17SS',8601,53587,135915
'17SS',8601,53587,143013
'17SS',8601,53587,150215
'17SS',8601,53587,153315
'17SS',8601,53587,160415
'17SS',8601,53587,163515
'17SS',8601,53587,170513
'17SS',8601,53587,173513
'17SS',8601,53587,180313
'17SS',8601,53587,183513
'17SS',8601,53587,190011
'17SS',8601,53587,192811
'17SS',8601,53587,195811
'17SS',8601,53587,202811
'17SS',8601,53587,205611
'17SS',8601,53587,212611
'17SS',8601,53587,215611
'17SS',8601,53587,222611
'17SS',8601,53587,225611
'17SS',8601,53587,232409
'17SS',8601,53587,235309
'17SS',8601,53587,242509
'17SS',8601,53587,245509
'17SS',8601,53587,252509
'17SS',8601,53587,255609
'17SS',8601,53587,262509
