'18UA',4504,61723,51149
'18UA',4504,61723,54049
'18UA',4504,61723,60749
'18UA',4504,61723,63749
'18UA',4504,61723,70749
'18UA',4504,61723,73805
'18UA',4504,61723,80905
'18UA',4504,61723,84005
'18UA',4504,61723,91105
'18UA',4504,61723,94205
'18UA',4504,61723,101005
'18UA',4504,61723,103905
'18UA',4504,61723,110805
'18UA',4504,61723,113705
'18UA',4504,61723,120005
'18UA',4504,61723,121905
'18UA',4504,61723,123505
'18UA',4504,61723,130405
'18UA',4504,61723,133305
'18UA',4504,61723,140105
'18UA',4504,61723,143105
'18UA',4504,61723,145805
'18UA',4504,61723,152405
'18UA',4504,61723,155205
'18UA',4504,61723,161605
'18UA',4504,61723,164149
'18UA',4504,61723,170849
'18UA',4504,61723,173649
'18UA',4504,61723,180449
'18UA',4504,61723,182449
'18UA',4504,61723,185049
'18UA',4504,61723,191449
'18UA',4504,61723,193549
'18UA',4504,61723,195849
'18UA',4504,61723,202249
'18UA',4504,61723,204149
'18UA',4504,61723,210549
'18UA',4504,61723,213649
'18UA',4504,61723,220749
'18UA',4504,61723,223949
'18UA',4504,61723,230749
'18UA',4504,61723,233749
'18UA',4504,61723,240749
'18UA',4504,61723,243749
'18UA',4504,61723,251049
'18UF1',4504,61723,51149
'18UF1',4504,61723,54049
'18UF1',4504,61723,60749
'18UF1',4504,61723,63749
'18UF1',4504,61723,70749
'18UF1',4504,61723,73805
'18UF1',4504,61723,80905
'18UF1',4504,61723,84005
'18UF1',4504,61723,91105
'18UF1',4504,61723,94205
'18UF1',4504,61723,101005
'18UF1',4504,61723,103905
'18UF1',4504,61723,110805
'18UF1',4504,61723,113705
'18UF1',4504,61723,120005
'18UF1',4504,61723,121905
'18UF1',4504,61723,123505
'18UF1',4504,61723,130405
'18UF1',4504,61723,133305
'18UF1',4504,61723,140105
'18UF1',4504,61723,143105
'18UF1',4504,61723,145805
'18UF1',4504,61723,152405
'18UF1',4504,61723,155205
'18UF1',4504,61723,161605
'18UF1',4504,61723,164149
'18UF1',4504,61723,170849
'18UF1',4504,61723,173649
'18UF1',4504,61723,180449
'18UF1',4504,61723,182449
'18UF1',4504,61723,185049
'18UF1',4504,61723,191449
'18UF1',4504,61723,193549
'18UF1',4504,61723,195849
'18UF1',4504,61723,202249
'18UF1',4504,61723,204149
'18UF1',4504,61723,210549
'18UF1',4504,61723,213649
'18UF1',4504,61723,220749
'18UF1',4504,61723,223949
'18UF1',4504,61723,230749
'18UF1',4504,61723,233549
'18UF1',4504,61723,240249
'18UF1',4504,61723,242549
'18UF2',4504,61723,51149
'18UF2',4504,61723,54049
'18UF2',4504,61723,60749
'18UF2',4504,61723,63749
'18UF2',4504,61723,70749
'18UF2',4504,61723,73805
'18UF2',4504,61723,80905
'18UF2',4504,61723,84005
'18UF2',4504,61723,91105
'18UF2',4504,61723,94205
'18UF2',4504,61723,101005
'18UF2',4504,61723,103905
'18UF2',4504,61723,110805
'18UF2',4504,61723,113705
'18UF2',4504,61723,120005
'18UF2',4504,61723,121905
'18UF2',4504,61723,123505
'18UF2',4504,61723,130405
'18UF2',4504,61723,133305
'18UF2',4504,61723,140105
'18UF2',4504,61723,143105
'18UF2',4504,61723,145805
'18UF2',4504,61723,152405
'18UF2',4504,61723,155205
'18UF2',4504,61723,161605
'18UF2',4504,61723,164149
'18UF2',4504,61723,170849
'18UF2',4504,61723,173649
'18UF2',4504,61723,180449
'18UF2',4504,61723,182449
'18UF2',4504,61723,185049
'18UF2',4504,61723,191449
'18UF2',4504,61723,193549
'18UF2',4504,61723,195849
'18UF2',4504,61723,202249
'18UF2',4504,61723,204149
'18UF2',4504,61723,210549
'18UF2',4504,61723,213649
'18UF2',4504,61723,220749
'18UF2',4504,61723,223949
'18UF2',4504,61723,230749
'18UF2',4504,61723,233549
'18UF2',4504,61723,240249
'18UF2',4504,61723,242549
'18UI',4504,61723,51349
'18UI',4504,61723,54049
'18UI',4504,61723,60849
'18UI',4504,61723,63949
'18UI',4504,61723,71049
'18UI',4504,61723,74049
'18UI',4504,61723,81049
'18UI',4504,61723,84049
'18UI',4504,61723,91149
'18UI',4504,61723,93949
'18UI',4504,61723,100349
'18UI',4504,61723,102349
'18UI',4504,61723,104949
'18UI',4504,61723,111349
'18UI',4504,61723,113749
'18UI',4504,61723,120049
'18UI',4504,61723,121749
'18UI',4504,61723,123849
'18UI',4504,61723,130449
'18UI',4504,61723,133349
'18UI',4504,61723,140249
'18UI',4504,61723,142449
'18UI',4504,61723,145049
'18UI',4504,61723,151449
'18UI',4504,61723,153749
'18UI',4504,61723,155449
'18UI',4504,61723,162149
'18UI',4504,61723,165149
'18UI',4504,61723,172349
'18UI',4504,61723,175549
'18UI',4504,61723,182849
'18UI',4504,61723,190149
'18UI',4504,61723,193449
'18UI',4504,61723,200649
'18UI',4504,61723,203949
'18UI',4504,61723,211149
'18UI',4504,61723,214349
'18UI',4504,61723,221649
'18UI',4504,61723,224749
'18UI',4504,61723,232049
'18UI',4504,61723,235349
'18UI',4504,61723,242549
'18US',4504,61723,45649
'18US',4504,61723,52249
'18US',4504,61723,54949
'18US',4504,61723,61749
'18US',4504,61723,62749
'18US',4504,61723,63749
'18US',4504,61723,64849
'18US',4504,61723,65849
'18US',4504,61723,70849
'18US',4504,61723,71949
'18US',4504,61723,72949
'18US',4504,61723,73949
'18US',4504,61723,74949
'18US',4504,61723,75949
'18US',4504,61723,80949
'18US',4504,61723,81949
'18US',4504,61723,82949
'18US',4504,61723,83849
'18US',4504,61723,84849
'18US',4504,61723,85849
'18US',4504,61723,90749
'18US',4504,61723,91749
'18US',4504,61723,92749
'18US',4504,61723,93749
'18US',4504,61723,94749
'18US',4504,61723,95749
'18US',4504,61723,100749
'18US',4504,61723,101749
'18US',4504,61723,102749
'18US',4504,61723,103749
'18US',4504,61723,104749
'18US',4504,61723,105749
'18US',4504,61723,110749
'18US',4504,61723,111749
'18US',4504,61723,112749
'18US',4504,61723,113749
'18US',4504,61723,114749
'18US',4504,61723,115749
'18US',4504,61723,120749
'18US',4504,61723,121749
'18US',4504,61723,122749
'18US',4504,61723,123749
'18US',4504,61723,124749
'18US',4504,61723,125749
'18US',4504,61723,130749
'18US',4504,61723,131749
'18US',4504,61723,132749
'18US',4504,61723,133749
'18US',4504,61723,134749
'18US',4504,61723,135749
'18US',4504,61723,141249
'18US',4504,61723,143505
'18US',4504,61723,145505
'18US',4504,61723,151605
'18US',4504,61723,153505
'18US',4504,61723,155505
'18US',4504,61723,161505
'18US',4504,61723,163605
'18US',4504,61723,170505
'18US',4504,61723,173405
'18US',4504,61723,180405
'18US',4504,61723,183549
'18US',4504,61723,190349
'18US',4504,61723,193649
'18US',4504,61723,200849
'18US',4504,61723,203649
'18US',4504,61723,210649
'18US',4504,61723,213749
'18US',4504,61723,221049
'18US',4504,61723,224049
'18US',4504,61723,231049
'18US',4504,61723,234049
'18US',4504,61723,240949
'18US',4504,61723,243849
'18UA',35904,61723,253914
'18UA',35904,61723,261614
'18UA',35904,61723,264932
'18UA',35904,61723,272332
'18UA',35904,61723,275832
'18UA',35904,61723,283332
'18UF1',35904,61723,250414
'18UF1',35904,61723,253914
'18UF1',35904,61723,261614
'18UF1',35904,61723,264932
'18UF1',35904,61723,272332
'18UF1',35904,61723,280032
'18UF1',35904,61723,283332
'18UF2',35904,61723,250414
'18UF2',35904,61723,253914
'18UF2',35904,61723,261614
'18UF2',35904,61723,264932
'18UF2',35904,61723,272332
'18UF2',35904,61723,280032
'18UF2',35904,61723,283332
'18UI',35904,61723,250414
'18UI',35904,61723,253914
'18UI',35904,61723,261414
'18UI',35904,61723,264914
'18UI',35904,61723,272414
'18UI',35904,61723,275914
'18UI',35904,61723,283414
'18US',35904,61723,250332
'18US',35904,61723,253832
'18US',35904,61723,261332
'18US',35904,61723,264932
'18US',35904,61723,272532
'18US',35904,61723,280032
'18US',35904,61723,283332
