'16UA',10502,50991,54702
'16UA',10502,50991,61702
'16UA',10502,50991,64702
'16UA',10502,50991,71702
'16UA',10502,50991,74702
'16UA',10502,50991,81702
'16UA',10502,50991,84718
'16UA',10502,50991,91618
'16UA',10502,50991,94233
'16UA',10502,50991,100733
'16UA',10502,50991,103133
'16UA',10502,50991,105033
'16UA',10502,50991,110733
'16UA',10502,50991,112133
'16UA',10502,50991,113333
'16UA',10502,50991,114433
'16UA',10502,50991,115333
'16UA',10502,50991,120333
'16UA',10502,50991,121433
'16UA',10502,50991,122433
'16UA',10502,50991,123433
'16UA',10502,50991,124433
'16UA',10502,50991,125333
'16UA',10502,50991,130333
'16UA',10502,50991,131333
'16UA',10502,50991,132433
'16UA',10502,50991,133433
'16UA',10502,50991,134333
'16UA',10502,50991,135333
'16UA',10502,50991,140233
'16UA',10502,50991,141133
'16UA',10502,50991,142133
'16UA',10502,50991,143033
'16UA',10502,50991,143933
'16UA',10502,50991,144833
'16UA',10502,50991,145633
'16UA',10502,50991,150333
'16UA',10502,50991,150933
'16UA',10502,50991,151633
'16UA',10502,50991,152333
'16UA',10502,50991,153033
'16UA',10502,50991,153733
'16UA',10502,50991,154533
'16UA',10502,50991,155333
'16UA',10502,50991,160033
'16UA',10502,50991,160633
'16UA',10502,50991,161233
'16UA',10502,50991,161833
'16UA',10502,50991,162433
'16UA',10502,50991,163033
'16UA',10502,50991,163733
'16UA',10502,50991,164333
'16UA',10502,50991,164833
'16UA',10502,50991,165433
'16UA',10502,50991,170033
'16UA',10502,50991,170633
'16UA',10502,50991,171233
'16UA',10502,50991,171733
'16UA',10502,50991,172233
'16UA',10502,50991,172733
'16UA',10502,50991,173233
'16UA',10502,50991,173833
'16UA',10502,50991,174333
'16UA',10502,50991,174833
'16UA',10502,50991,175433
'16UA',10502,50991,175933
'16UA',10502,50991,180533
'16UA',10502,50991,181233
'16UA',10502,50991,181833
'16UA',10502,50991,182433
'16UA',10502,50991,183033
'16UA',10502,50991,183633
'16UA',10502,50991,184233
'16UA',10502,50991,184833
'16UA',10502,50991,185433
'16UA',10502,50991,190033
'16UA',10502,50991,190733
'16UA',10502,50991,191433
'16UA',10502,50991,192033
'16UA',10502,50991,192733
'16UA',10502,50991,193433
'16UA',10502,50991,194033
'16UA',10502,50991,194733
'16UA',10502,50991,195533
'16UA',10502,50991,200333
'16UA',10502,50991,201033
'16UA',10502,50991,201833
'16UA',10502,50991,202633
'16UA',10502,50991,203433
'16UA',10502,50991,204233
'16UA',10502,50991,205033
'16UA',10502,50991,205733
'16UA',10502,50991,210533
'16UA',10502,50991,211433
'16UA',10502,50991,212433
'16UA',10502,50991,213333
'16UA',10502,50991,214133
'16UA',10502,50991,214833
'16UA',10502,50991,215433
'16UA',10502,50991,220033
'16UA',10502,50991,220533
'16UA',10502,50991,221133
'16UA',10502,50991,221733
'16UA',10502,50991,222433
'16UA',10502,50991,223233
'16UA',10502,50991,224033
'16UA',10502,50991,224733
'16UA',10502,50991,225333
'16UA',10502,50991,225933
'16UA',10502,50991,230633
'16UA',10502,50991,231433
'16UA',10502,50991,232133
'16UA',10502,50991,232933
'16UA',10502,50991,233733
'16UA',10502,50991,234533
'16UA',10502,50991,235333
'16UA',10502,50991,240233
'16UA',10502,50991,240933
'16UA',10502,50991,241633
'16UA',10502,50991,242333
'16UA',10502,50991,243133
'16UA',10502,50991,243933
'16UA',10502,50991,244933
'16UA',10502,50991,245902
'16UA',10502,50991,250902
'16UA',10502,50991,253002
'16UA',10502,50991,260002
'16UF1',10502,50991,54702
'16UF1',10502,50991,61702
'16UF1',10502,50991,64702
'16UF1',10502,50991,71702
'16UF1',10502,50991,74702
'16UF1',10502,50991,81702
'16UF1',10502,50991,84718
'16UF1',10502,50991,91618
'16UF1',10502,50991,94233
'16UF1',10502,50991,100733
'16UF1',10502,50991,103133
'16UF1',10502,50991,105033
'16UF1',10502,50991,110733
'16UF1',10502,50991,112133
'16UF1',10502,50991,113333
'16UF1',10502,50991,114433
'16UF1',10502,50991,115333
'16UF1',10502,50991,120333
'16UF1',10502,50991,121433
'16UF1',10502,50991,122433
'16UF1',10502,50991,123433
'16UF1',10502,50991,124433
'16UF1',10502,50991,125333
'16UF1',10502,50991,130333
'16UF1',10502,50991,131333
'16UF1',10502,50991,132433
'16UF1',10502,50991,133433
'16UF1',10502,50991,134333
'16UF1',10502,50991,135333
'16UF1',10502,50991,140233
'16UF1',10502,50991,141133
'16UF1',10502,50991,142133
'16UF1',10502,50991,143033
'16UF1',10502,50991,143933
'16UF1',10502,50991,144833
'16UF1',10502,50991,145633
'16UF1',10502,50991,150333
'16UF1',10502,50991,150933
'16UF1',10502,50991,151633
'16UF1',10502,50991,152333
'16UF1',10502,50991,153033
'16UF1',10502,50991,153733
'16UF1',10502,50991,154533
'16UF1',10502,50991,155333
'16UF1',10502,50991,160033
'16UF1',10502,50991,160633
'16UF1',10502,50991,161233
'16UF1',10502,50991,161833
'16UF1',10502,50991,162433
'16UF1',10502,50991,163033
'16UF1',10502,50991,163733
'16UF1',10502,50991,164333
'16UF1',10502,50991,164833
'16UF1',10502,50991,165433
'16UF1',10502,50991,170033
'16UF1',10502,50991,170633
'16UF1',10502,50991,171233
'16UF1',10502,50991,171733
'16UF1',10502,50991,172233
'16UF1',10502,50991,172733
'16UF1',10502,50991,173233
'16UF1',10502,50991,173833
'16UF1',10502,50991,174333
'16UF1',10502,50991,174833
'16UF1',10502,50991,175433
'16UF1',10502,50991,175933
'16UF1',10502,50991,180533
'16UF1',10502,50991,181233
'16UF1',10502,50991,181833
'16UF1',10502,50991,182433
'16UF1',10502,50991,183033
'16UF1',10502,50991,183633
'16UF1',10502,50991,184233
'16UF1',10502,50991,184833
'16UF1',10502,50991,185433
'16UF1',10502,50991,190033
'16UF1',10502,50991,190733
'16UF1',10502,50991,191433
'16UF1',10502,50991,192033
'16UF1',10502,50991,192733
'16UF1',10502,50991,193433
'16UF1',10502,50991,194033
'16UF1',10502,50991,194733
'16UF1',10502,50991,195533
'16UF1',10502,50991,200333
'16UF1',10502,50991,201033
'16UF1',10502,50991,201833
'16UF1',10502,50991,202633
'16UF1',10502,50991,203433
'16UF1',10502,50991,204233
'16UF1',10502,50991,205033
'16UF1',10502,50991,205733
'16UF1',10502,50991,210533
'16UF1',10502,50991,211433
'16UF1',10502,50991,212433
'16UF1',10502,50991,213333
'16UF1',10502,50991,214133
'16UF1',10502,50991,214833
'16UF1',10502,50991,215433
'16UF1',10502,50991,220033
'16UF1',10502,50991,220533
'16UF1',10502,50991,221133
'16UF1',10502,50991,221733
'16UF1',10502,50991,222433
'16UF1',10502,50991,223233
'16UF1',10502,50991,224033
'16UF1',10502,50991,224733
'16UF1',10502,50991,225333
'16UF1',10502,50991,225933
'16UF1',10502,50991,230633
'16UF1',10502,50991,231433
'16UF1',10502,50991,232133
'16UF1',10502,50991,232933
'16UF1',10502,50991,233733
'16UF1',10502,50991,234533
'16UF1',10502,50991,235333
'16UF1',10502,50991,240233
'16UF1',10502,50991,240933
'16UF1',10502,50991,241633
'16UF1',10502,50991,242333
'16UF1',10502,50991,243133
'16UF1',10502,50991,243933
'16UF1',10502,50991,244933
'16UF1',10502,50991,245902
'16UF1',10502,50991,250902
'16UF1',10502,50991,252902
'16UF2',10502,50991,54702
'16UF2',10502,50991,61702
'16UF2',10502,50991,64702
'16UF2',10502,50991,71702
'16UF2',10502,50991,74702
'16UF2',10502,50991,81702
'16UF2',10502,50991,84718
'16UF2',10502,50991,91618
'16UF2',10502,50991,94233
'16UF2',10502,50991,100733
'16UF2',10502,50991,103133
'16UF2',10502,50991,105033
'16UF2',10502,50991,110733
'16UF2',10502,50991,112133
'16UF2',10502,50991,113333
'16UF2',10502,50991,114433
'16UF2',10502,50991,115333
'16UF2',10502,50991,120333
'16UF2',10502,50991,121433
'16UF2',10502,50991,122433
'16UF2',10502,50991,123433
'16UF2',10502,50991,124433
'16UF2',10502,50991,125333
'16UF2',10502,50991,130333
'16UF2',10502,50991,131333
'16UF2',10502,50991,132433
'16UF2',10502,50991,133433
'16UF2',10502,50991,134333
'16UF2',10502,50991,135333
'16UF2',10502,50991,140233
'16UF2',10502,50991,141133
'16UF2',10502,50991,142133
'16UF2',10502,50991,143033
'16UF2',10502,50991,143933
'16UF2',10502,50991,144833
'16UF2',10502,50991,145633
'16UF2',10502,50991,150333
'16UF2',10502,50991,150933
'16UF2',10502,50991,151633
'16UF2',10502,50991,152333
'16UF2',10502,50991,153033
'16UF2',10502,50991,153733
'16UF2',10502,50991,154533
'16UF2',10502,50991,155333
'16UF2',10502,50991,160033
'16UF2',10502,50991,160633
'16UF2',10502,50991,161233
'16UF2',10502,50991,161833
'16UF2',10502,50991,162433
'16UF2',10502,50991,163033
'16UF2',10502,50991,163733
'16UF2',10502,50991,164333
'16UF2',10502,50991,164833
'16UF2',10502,50991,165433
'16UF2',10502,50991,170033
'16UF2',10502,50991,170633
'16UF2',10502,50991,171233
'16UF2',10502,50991,171733
'16UF2',10502,50991,172233
'16UF2',10502,50991,172733
'16UF2',10502,50991,173233
'16UF2',10502,50991,173833
'16UF2',10502,50991,174333
'16UF2',10502,50991,174833
'16UF2',10502,50991,175433
'16UF2',10502,50991,175933
'16UF2',10502,50991,180533
'16UF2',10502,50991,181233
'16UF2',10502,50991,181833
'16UF2',10502,50991,182433
'16UF2',10502,50991,183033
'16UF2',10502,50991,183633
'16UF2',10502,50991,184233
'16UF2',10502,50991,184833
'16UF2',10502,50991,185433
'16UF2',10502,50991,190033
'16UF2',10502,50991,190733
'16UF2',10502,50991,191433
'16UF2',10502,50991,192033
'16UF2',10502,50991,192733
'16UF2',10502,50991,193433
'16UF2',10502,50991,194033
'16UF2',10502,50991,194733
'16UF2',10502,50991,195533
'16UF2',10502,50991,200333
'16UF2',10502,50991,201033
'16UF2',10502,50991,201833
'16UF2',10502,50991,202633
'16UF2',10502,50991,203433
'16UF2',10502,50991,204233
'16UF2',10502,50991,205033
'16UF2',10502,50991,205733
'16UF2',10502,50991,210533
'16UF2',10502,50991,211433
'16UF2',10502,50991,212433
'16UF2',10502,50991,213333
'16UF2',10502,50991,214133
'16UF2',10502,50991,214833
'16UF2',10502,50991,215433
'16UF2',10502,50991,220033
'16UF2',10502,50991,220533
'16UF2',10502,50991,221133
'16UF2',10502,50991,221733
'16UF2',10502,50991,222433
'16UF2',10502,50991,223233
'16UF2',10502,50991,224033
'16UF2',10502,50991,224733
'16UF2',10502,50991,225333
'16UF2',10502,50991,225933
'16UF2',10502,50991,230633
'16UF2',10502,50991,231433
'16UF2',10502,50991,232133
'16UF2',10502,50991,232933
'16UF2',10502,50991,233733
'16UF2',10502,50991,234533
'16UF2',10502,50991,235333
'16UF2',10502,50991,240233
'16UF2',10502,50991,240933
'16UF2',10502,50991,241633
'16UF2',10502,50991,242333
'16UF2',10502,50991,243133
'16UF2',10502,50991,243933
'16UF2',10502,50991,244933
'16UF2',10502,50991,245902
'16UF2',10502,50991,250902
'16UF2',10502,50991,252902
'16UI',10502,50991,54818
'16UI',10502,50991,61618
'16UI',10502,50991,64418
'16UI',10502,50991,71318
'16UI',10502,50991,74318
'16UI',10502,50991,81418
'16UI',10502,50991,83918
'16UI',10502,50991,90418
'16UI',10502,50991,92918
'16UI',10502,50991,95518
'16UI',10502,50991,102018
'16UI',10502,50991,104718
'16UI',10502,50991,110718
'16UI',10502,50991,112718
'16UI',10502,50991,114218
'16UI',10502,50991,115718
'16UI',10502,50991,121318
'16UI',10502,50991,122818
'16UI',10502,50991,124218
'16UI',10502,50991,125218
'16UI',10502,50991,130118
'16UI',10502,50991,131018
'16UI',10502,50991,131918
'16UI',10502,50991,132818
'16UI',10502,50991,133818
'16UI',10502,50991,134718
'16UI',10502,50991,135718
'16UI',10502,50991,140718
'16UI',10502,50991,141618
'16UI',10502,50991,142618
'16UI',10502,50991,143318
'16UI',10502,50991,144018
'16UI',10502,50991,144618
'16UI',10502,50991,145318
'16UI',10502,50991,150018
'16UI',10502,50991,150618
'16UI',10502,50991,151218
'16UI',10502,50991,151918
'16UI',10502,50991,152718
'16UI',10502,50991,153418
'16UI',10502,50991,154218
'16UI',10502,50991,154918
'16UI',10502,50991,155718
'16UI',10502,50991,160418
'16UI',10502,50991,161118
'16UI',10502,50991,161818
'16UI',10502,50991,162418
'16UI',10502,50991,163118
'16UI',10502,50991,163818
'16UI',10502,50991,164418
'16UI',10502,50991,164918
'16UI',10502,50991,165518
'16UI',10502,50991,170118
'16UI',10502,50991,170818
'16UI',10502,50991,171518
'16UI',10502,50991,172118
'16UI',10502,50991,172718
'16UI',10502,50991,173318
'16UI',10502,50991,173918
'16UI',10502,50991,174518
'16UI',10502,50991,175118
'16UI',10502,50991,175618
'16UI',10502,50991,180118
'16UI',10502,50991,180718
'16UI',10502,50991,181218
'16UI',10502,50991,181818
'16UI',10502,50991,182518
'16UI',10502,50991,183118
'16UI',10502,50991,183818
'16UI',10502,50991,184318
'16UI',10502,50991,184918
'16UI',10502,50991,185518
'16UI',10502,50991,190118
'16UI',10502,50991,190718
'16UI',10502,50991,191418
'16UI',10502,50991,192118
'16UI',10502,50991,192818
'16UI',10502,50991,193518
'16UI',10502,50991,194018
'16UI',10502,50991,194718
'16UI',10502,50991,195418
'16UI',10502,50991,200218
'16UI',10502,50991,201218
'16UI',10502,50991,202218
'16UI',10502,50991,203218
'16UI',10502,50991,204118
'16UI',10502,50991,205118
'16UI',10502,50991,210118
'16UI',10502,50991,211018
'16UI',10502,50991,212018
'16UI',10502,50991,212918
'16UI',10502,50991,213918
'16UI',10502,50991,214818
'16UI',10502,50991,215818
'16UI',10502,50991,220718
'16UI',10502,50991,221418
'16UI',10502,50991,222118
'16UI',10502,50991,222918
'16UI',10502,50991,223718
'16UI',10502,50991,224418
'16UI',10502,50991,225118
'16UI',10502,50991,225918
'16UI',10502,50991,230718
'16UI',10502,50991,231718
'16UI',10502,50991,232718
'16UI',10502,50991,233718
'16UI',10502,50991,234518
'16UI',10502,50991,235318
'16UI',10502,50991,240218
'16UI',10502,50991,241118
'16UI',10502,50991,242118
'16UI',10502,50991,243018
'16UI',10502,50991,244002
'16UI',10502,50991,245902
'16UI',10502,50991,252902
'16US',10502,50991,54602
'16US',10502,50991,61702
'16US',10502,50991,62702
'16US',10502,50991,63502
'16US',10502,50991,64402
'16US',10502,50991,65402
'16US',10502,50991,70533
'16US',10502,50991,71633
'16US',10502,50991,72633
'16US',10502,50991,73633
'16US',10502,50991,74649
'16US',10502,50991,75749
'16US',10502,50991,80749
'16US',10502,50991,81749
'16US',10502,50991,82749
'16US',10502,50991,83749
'16US',10502,50991,84749
'16US',10502,50991,85749
'16US',10502,50991,90749
'16US',10502,50991,91749
'16US',10502,50991,92749
'16US',10502,50991,93749
'16US',10502,50991,94749
'16US',10502,50991,95749
'16US',10502,50991,100749
'16US',10502,50991,101749
'16US',10502,50991,102749
'16US',10502,50991,103749
'16US',10502,50991,104749
'16US',10502,50991,105749
'16US',10502,50991,110749
'16US',10502,50991,111749
'16US',10502,50991,112749
'16US',10502,50991,113649
'16US',10502,50991,114449
'16US',10502,50991,115249
'16US',10502,50991,120049
'16US',10502,50991,120849
'16US',10502,50991,121549
'16US',10502,50991,122349
'16US',10502,50991,123149
'16US',10502,50991,123749
'16US',10502,50991,124349
'16US',10502,50991,124949
'16US',10502,50991,125549
'16US',10502,50991,130049
'16US',10502,50991,130549
'16US',10502,50991,131149
'16US',10502,50991,131749
'16US',10502,50991,132349
'16US',10502,50991,132949
'16US',10502,50991,133549
'16US',10502,50991,134149
'16US',10502,50991,134749
'16US',10502,50991,135449
'16US',10502,50991,140049
'16US',10502,50991,140649
'16US',10502,50991,141149
'16US',10502,50991,141649
'16US',10502,50991,142249
'16US',10502,50991,142849
'16US',10502,50991,143449
'16US',10502,50991,144149
'16US',10502,50991,144849
'16US',10502,50991,145549
'16US',10502,50991,150249
'16US',10502,50991,151049
'16US',10502,50991,151849
'16US',10502,50991,152649
'16US',10502,50991,153449
'16US',10502,50991,154249
'16US',10502,50991,155049
'16US',10502,50991,155749
'16US',10502,50991,160249
'16US',10502,50991,160749
'16US',10502,50991,161249
'16US',10502,50991,161849
'16US',10502,50991,162349
'16US',10502,50991,162849
'16US',10502,50991,163349
'16US',10502,50991,163849
'16US',10502,50991,164349
'16US',10502,50991,164749
'16US',10502,50991,165049
'16US',10502,50991,165349
'16US',10502,50991,165749
'16US',10502,50991,170149
'16US',10502,50991,170549
'16US',10502,50991,170949
'16US',10502,50991,171349
'16US',10502,50991,171749
'16US',10502,50991,172249
'16US',10502,50991,172649
'16US',10502,50991,173049
'16US',10502,50991,173549
'16US',10502,50991,174049
'16US',10502,50991,174449
'16US',10502,50991,174849
'16US',10502,50991,175249
'16US',10502,50991,175649
'16US',10502,50991,180049
'16US',10502,50991,180449
'16US',10502,50991,180849
'16US',10502,50991,181349
'16US',10502,50991,181849
'16US',10502,50991,182349
'16US',10502,50991,182849
'16US',10502,50991,183349
'16US',10502,50991,183933
'16US',10502,50991,184333
'16US',10502,50991,184833
'16US',10502,50991,185233
'16US',10502,50991,185733
'16US',10502,50991,190218
'16US',10502,50991,190818
'16US',10502,50991,191218
'16US',10502,50991,191718
'16US',10502,50991,192218
'16US',10502,50991,192618
'16US',10502,50991,193118
'16US',10502,50991,193618
'16US',10502,50991,194118
'16US',10502,50991,194618
'16US',10502,50991,195118
'16US',10502,50991,195618
'16US',10502,50991,200218
'16US',10502,50991,200818
'16US',10502,50991,201318
'16US',10502,50991,201918
'16US',10502,50991,202618
'16US',10502,50991,203318
'16US',10502,50991,204118
'16US',10502,50991,204918
'16US',10502,50991,205618
'16US',10502,50991,210318
'16US',10502,50991,211118
'16US',10502,50991,211818
'16US',10502,50991,212418
'16US',10502,50991,212918
'16US',10502,50991,213418
'16US',10502,50991,214018
'16US',10502,50991,214618
'16US',10502,50991,215118
'16US',10502,50991,215718
'16US',10502,50991,220318
'16US',10502,50991,220918
'16US',10502,50991,221618
'16US',10502,50991,222318
'16US',10502,50991,222918
'16US',10502,50991,223618
'16US',10502,50991,224418
'16US',10502,50991,225218
'16US',10502,50991,230018
'16US',10502,50991,230918
'16US',10502,50991,231918
'16US',10502,50991,232918
'16US',10502,50991,233918
'16US',10502,50991,234918
'16US',10502,50991,235902
'16US',10502,50991,240846
'16US',10502,50991,242646
'16US',10502,50991,244546
'16US',10502,50991,250746
'16US',10502,50991,252946
'16UA',35602,50991,254648
'16UA',35602,50991,260648
'16UA',35602,50991,262648
'16UA',35602,50991,264648
'16UA',35602,50991,265848
'16UA',35602,50991,271048
'16UA',35602,50991,272248
'16UA',35602,50991,273448
'16UA',35602,50991,274348
'16UA',35602,50991,275548
'16UA',35602,50991,280748
'16UA',35602,50991,281948
'16UA',35602,50991,283148
'16UA',35602,50991,284448
'16UF1',35602,50991,254348
'16UF1',35602,50991,260448
'16UF1',35602,50991,262548
'16UF1',35602,50991,264548
'16UF1',35602,50991,265748
'16UF1',35602,50991,270948
'16UF1',35602,50991,272148
'16UF1',35602,50991,273348
'16UF1',35602,50991,274548
'16UF1',35602,50991,275748
'16UF1',35602,50991,280948
'16UF1',35602,50991,282148
'16UF1',35602,50991,284348
'16UF2',35602,50991,254348
'16UF2',35602,50991,260448
'16UF2',35602,50991,262548
'16UF2',35602,50991,264548
'16UF2',35602,50991,265748
'16UF2',35602,50991,270948
'16UF2',35602,50991,272148
'16UF2',35602,50991,273348
'16UF2',35602,50991,274548
'16UF2',35602,50991,275748
'16UF2',35602,50991,280948
'16UF2',35602,50991,282148
'16UF2',35602,50991,284348
'16UI',35602,50991,254300
'16UI',35602,50991,263000
'16UI',35602,50991,271636
'16UI',35602,50991,280136
'16UI',35602,50991,284536
'16US',35602,50991,254348
'16US',35602,50991,260448
'16US',35602,50991,262548
'16US',35602,50991,264548
'16US',35602,50991,265748
'16US',35602,50991,270948
'16US',35602,50991,272148
'16US',35602,50991,273348
'16US',35602,50991,274548
'16US',35602,50991,275748
'16US',35602,50991,280948
'16US',35602,50991,282148
'16US',35602,50991,284348
