'17NA',37601,61133,245708
'17NA',37601,61133,254208
'17NA',37601,61133,262808
'17NA',37601,61133,271308
'17NA',37601,61133,275808
'17NF1',37601,61133,245801
'17NF1',37601,61133,254301
'17NF1',37601,61133,262801
'17NF1',37601,61133,271301
'17NF1',37601,61133,275701
'17NF2',37601,61133,245708
'17NF2',37601,61133,254208
'17NF2',37601,61133,262808
'17NF2',37601,61133,271308
'17NF2',37601,61133,275808
'17NF3',37601,61133,245801
'17NF3',37601,61133,254301
'17NF3',37601,61133,262801
'17NF3',37601,61133,271301
'17NF3',37601,61133,275701
'17NF4',37601,61133,245708
'17NF4',37601,61133,254208
'17NF4',37601,61133,262808
'17NF4',37601,61133,271308
'17NF4',37601,61133,275808
'17NI',37601,61133,245801
'17NI',37601,61133,254301
'17NI',37601,61133,262801
'17NI',37601,61133,271301
'17NI',37601,61133,275701
'17NS',37601,61133,245708
'17NS',37601,61133,254108
'17NS',37601,61133,262601
'17NS',37601,61133,271101
'17NS',37601,61133,275601
