'17MA',14101,54990,45923
'17MA',14101,54990,52923
'17MA',14101,54990,55923
'17MA',14101,54990,62946
'17MA',14101,54990,65910
'17MA',14101,54990,72410
'17MA',14101,54990,74910
'17MA',14101,54990,80410
'17MA',14101,54990,81410
'17MA',14101,54990,82410
'17MA',14101,54990,83622
'17MA',14101,54990,84622
'17MA',14101,54990,85522
'17MA',14101,54990,90522
'17MA',14101,54990,91522
'17MA',14101,54990,92522
'17MA',14101,54990,93146
'17MA',14101,54990,93746
'17MA',14101,54990,94446
'17MA',14101,54990,94946
'17MA',14101,54990,95646
'17MA',14101,54990,100246
'17MA',14101,54990,100846
'17MA',14101,54990,101346
'17MA',14101,54990,101946
'17MA',14101,54990,102646
'17MA',14101,54990,103246
'17MA',14101,54990,103846
'17MA',14101,54990,104546
'17MA',14101,54990,105146
'17MA',14101,54990,105746
'17MA',14101,54990,110246
'17MA',14101,54990,110746
'17MA',14101,54990,111246
'17MA',14101,54990,111746
'17MA',14101,54990,112246
'17MA',14101,54990,112746
'17MA',14101,54990,113246
'17MA',14101,54990,113746
'17MA',14101,54990,114346
'17MA',14101,54990,114746
'17MA',14101,54990,115246
'17MA',14101,54990,115746
'17MA',14101,54990,120146
'17MA',14101,54990,120646
'17MA',14101,54990,121146
'17MA',14101,54990,121546
'17MA',14101,54990,121946
'17MA',14101,54990,122346
'17MA',14101,54990,122746
'17MA',14101,54990,123246
'17MA',14101,54990,123809
'17MA',14101,54990,124333
'17MA',14101,54990,124933
'17MA',14101,54990,125433
'17MA',14101,54990,125933
'17MA',14101,54990,130233
'17MA',14101,54990,130633
'17MA',14101,54990,131033
'17MA',14101,54990,131433
'17MA',14101,54990,131733
'17MA',14101,54990,132133
'17MA',14101,54990,132533
'17MA',14101,54990,132833
'17MA',14101,54990,133233
'17MA',14101,54990,133533
'17MA',14101,54990,133833
'17MA',14101,54990,134233
'17MA',14101,54990,134633
'17MA',14101,54990,134933
'17MA',14101,54990,135333
'17MA',14101,54990,135633
'17MA',14101,54990,140033
'17MA',14101,54990,140433
'17MA',14101,54990,140833
'17MA',14101,54990,141233
'17MA',14101,54990,141633
'17MA',14101,54990,142033
'17MA',14101,54990,142433
'17MA',14101,54990,142833
'17MA',14101,54990,143233
'17MA',14101,54990,143633
'17MA',14101,54990,144033
'17MA',14101,54990,144333
'17MA',14101,54990,144733
'17MA',14101,54990,145133
'17MA',14101,54990,145533
'17MA',14101,54990,145933
'17MA',14101,54990,150333
'17MA',14101,54990,150733
'17MA',14101,54990,151133
'17MA',14101,54990,151533
'17MA',14101,54990,151933
'17MA',14101,54990,152333
'17MA',14101,54990,152633
'17MA',14101,54990,153009
'17MA',14101,54990,153509
'17MA',14101,54990,153909
'17MA',14101,54990,154309
'17MA',14101,54990,154609
'17MA',14101,54990,155009
'17MA',14101,54990,155509
'17MA',14101,54990,160009
'17MA',14101,54990,160409
'17MA',14101,54990,160809
'17MA',14101,54990,161209
'17MA',14101,54990,161609
'17MA',14101,54990,162009
'17MA',14101,54990,162409
'17MA',14101,54990,162909
'17MA',14101,54990,163422
'17MA',14101,54990,163822
'17MA',14101,54990,164322
'17MA',14101,54990,164822
'17MA',14101,54990,165322
'17MA',14101,54990,165822
'17MA',14101,54990,170222
'17MA',14101,54990,170622
'17MA',14101,54990,171122
'17MA',14101,54990,171722
'17MA',14101,54990,172122
'17MA',14101,54990,172622
'17MA',14101,54990,172958
'17MA',14101,54990,173458
'17MA',14101,54990,173958
'17MA',14101,54990,174358
'17MA',14101,54990,174858
'17MA',14101,54990,175358
'17MA',14101,54990,175858
'17MA',14101,54990,180358
'17MA',14101,54990,180958
'17MA',14101,54990,181458
'17MA',14101,54990,182058
'17MA',14101,54990,182658
'17MA',14101,54990,183234
'17MA',14101,54990,183834
'17MA',14101,54990,184434
'17MA',14101,54990,185034
'17MA',14101,54990,185834
'17MA',14101,54990,190834
'17MA',14101,54990,191834
'17MA',14101,54990,192734
'17MA',14101,54990,193534
'17MA',14101,54990,194234
'17MA',14101,54990,195034
'17MA',14101,54990,195734
'17MA',14101,54990,200534
'17MA',14101,54990,201534
'17MA',14101,54990,202534
'17MA',14101,54990,203534
'17MA',14101,54990,204534
'17MA',14101,54990,205534
'17MA',14101,54990,210534
'17MA',14101,54990,211634
'17MA',14101,54990,212834
'17MA',14101,54990,214034
'17MA',14101,54990,215534
'17MA',14101,54990,221034
'17MA',14101,54990,222534
'17MA',14101,54990,223810
'17MA',14101,54990,225310
'17MA',14101,54990,230810
'17MA',14101,54990,232310
'17MA',14101,54990,234310
'17MA',14101,54990,240310
'17MA',14101,54990,242310
'17MA',14101,54990,244910
'17MA',14101,54990,251910
'17MF1',14101,54990,50123
'17MF1',14101,54990,52223
'17MF1',14101,54990,53923
'17MF1',14101,54990,55146
'17MF1',14101,54990,60446
'17MF1',14101,54990,61646
'17MF1',14101,54990,62646
'17MF1',14101,54990,63634
'17MF1',14101,54990,64734
'17MF1',14101,54990,65434
'17MF1',14101,54990,70134
'17MF1',14101,54990,71034
'17MF1',14101,54990,71934
'17MF1',14101,54990,72734
'17MF1',14101,54990,73434
'17MF1',14101,54990,74234
'17MF1',14101,54990,75134
'17MF1',14101,54990,80034
'17MF1',14101,54990,80934
'17MF1',14101,54990,81834
'17MF1',14101,54990,82734
'17MF1',14101,54990,83634
'17MF1',14101,54990,84534
'17MF1',14101,54990,85434
'17MF1',14101,54990,90234
'17MF1',14101,54990,91134
'17MF1',14101,54990,92034
'17MF1',14101,54990,92834
'17MF1',14101,54990,93634
'17MF1',14101,54990,94434
'17MF1',14101,54990,95134
'17MF1',14101,54990,95934
'17MF1',14101,54990,100734
'17MF1',14101,54990,101434
'17MF1',14101,54990,102234
'17MF1',14101,54990,102934
'17MF1',14101,54990,103634
'17MF1',14101,54990,104234
'17MF1',14101,54990,104834
'17MF1',14101,54990,105434
'17MF1',14101,54990,105934
'17MF1',14101,54990,110734
'17MF1',14101,54990,111334
'17MF1',14101,54990,111834
'17MF1',14101,54990,112534
'17MF1',14101,54990,113134
'17MF1',14101,54990,113734
'17MF1',14101,54990,114334
'17MF1',14101,54990,114934
'17MF1',14101,54990,115434
'17MF1',14101,54990,120134
'17MF1',14101,54990,120734
'17MF1',14101,54990,121134
'17MF1',14101,54990,121634
'17MF1',14101,54990,122134
'17MF1',14101,54990,122634
'17MF1',14101,54990,123034
'17MF1',14101,54990,123534
'17MF1',14101,54990,123934
'17MF1',14101,54990,124334
'17MF1',14101,54990,124734
'17MF1',14101,54990,125134
'17MF1',14101,54990,125534
'17MF1',14101,54990,125934
'17MF1',14101,54990,130434
'17MF1',14101,54990,130934
'17MF1',14101,54990,131434
'17MF1',14101,54990,131934
'17MF1',14101,54990,132434
'17MF1',14101,54990,132934
'17MF1',14101,54990,133434
'17MF1',14101,54990,133934
'17MF1',14101,54990,134434
'17MF1',14101,54990,134934
'17MF1',14101,54990,135434
'17MF1',14101,54990,135934
'17MF1',14101,54990,140522
'17MF1',14101,54990,141022
'17MF1',14101,54990,141522
'17MF1',14101,54990,142022
'17MF1',14101,54990,142522
'17MF1',14101,54990,143022
'17MF1',14101,54990,143522
'17MF1',14101,54990,144022
'17MF1',14101,54990,144522
'17MF1',14101,54990,145022
'17MF1',14101,54990,145522
'17MF1',14101,54990,150022
'17MF1',14101,54990,150522
'17MF1',14101,54990,151022
'17MF1',14101,54990,151522
'17MF1',14101,54990,152022
'17MF1',14101,54990,152622
'17MF1',14101,54990,153122
'17MF1',14101,54990,153722
'17MF1',14101,54990,154222
'17MF1',14101,54990,154722
'17MF1',14101,54990,155222
'17MF1',14101,54990,155722
'17MF1',14101,54990,160222
'17MF1',14101,54990,160722
'17MF1',14101,54990,161222
'17MF1',14101,54990,161722
'17MF1',14101,54990,162222
'17MF1',14101,54990,162622
'17MF1',14101,54990,163122
'17MF1',14101,54990,163622
'17MF1',14101,54990,164122
'17MF1',14101,54990,164622
'17MF1',14101,54990,165122
'17MF1',14101,54990,165622
'17MF1',14101,54990,170122
'17MF1',14101,54990,170558
'17MF1',14101,54990,170934
'17MF1',14101,54990,171434
'17MF1',14101,54990,171934
'17MF1',14101,54990,172434
'17MF1',14101,54990,172934
'17MF1',14101,54990,173434
'17MF1',14101,54990,173934
'17MF1',14101,54990,174434
'17MF1',14101,54990,174934
'17MF1',14101,54990,175434
'17MF1',14101,54990,175934
'17MF1',14101,54990,180434
'17MF1',14101,54990,180934
'17MF1',14101,54990,181434
'17MF1',14101,54990,181934
'17MF1',14101,54990,182534
'17MF1',14101,54990,183134
'17MF1',14101,54990,183634
'17MF1',14101,54990,184234
'17MF1',14101,54990,184810
'17MF1',14101,54990,185310
'17MF1',14101,54990,185910
'17MF1',14101,54990,190510
'17MF1',14101,54990,191110
'17MF1',14101,54990,191710
'17MF1',14101,54990,192310
'17MF1',14101,54990,192910
'17MF1',14101,54990,193510
'17MF1',14101,54990,194110
'17MF1',14101,54990,194710
'17MF1',14101,54990,195410
'17MF1',14101,54990,200110
'17MF1',14101,54990,200810
'17MF1',14101,54990,201610
'17MF1',14101,54990,202410
'17MF1',14101,54990,203210
'17MF1',14101,54990,204010
'17MF1',14101,54990,204910
'17MF1',14101,54990,205810
'17MF1',14101,54990,210610
'17MF1',14101,54990,211146
'17MF1',14101,54990,211823
'17MF1',14101,54990,212723
'17MF1',14101,54990,213523
'17MF1',14101,54990,214423
'17MF1',14101,54990,215823
'17MF1',14101,54990,220423
'17MF1',14101,54990,221023
'17MF1',14101,54990,221723
'17MF1',14101,54990,222523
'17MF1',14101,54990,223423
'17MF1',14101,54990,224323
'17MF1',14101,54990,225323
'17MF1',14101,54990,230823
'17MF1',14101,54990,233023
'17MF1',14101,54990,235623
'17MF1',14101,54990,242423
'17MF1',14101,54990,244923
'17MF2',14101,54990,50123
'17MF2',14101,54990,52223
'17MF2',14101,54990,53923
'17MF2',14101,54990,55146
'17MF2',14101,54990,60446
'17MF2',14101,54990,61646
'17MF2',14101,54990,62646
'17MF2',14101,54990,63634
'17MF2',14101,54990,64734
'17MF2',14101,54990,65434
'17MF2',14101,54990,70134
'17MF2',14101,54990,71034
'17MF2',14101,54990,71934
'17MF2',14101,54990,72734
'17MF2',14101,54990,73434
'17MF2',14101,54990,74234
'17MF2',14101,54990,75134
'17MF2',14101,54990,80034
'17MF2',14101,54990,80934
'17MF2',14101,54990,81834
'17MF2',14101,54990,82734
'17MF2',14101,54990,83634
'17MF2',14101,54990,84534
'17MF2',14101,54990,85434
'17MF2',14101,54990,90234
'17MF2',14101,54990,91134
'17MF2',14101,54990,92034
'17MF2',14101,54990,92834
'17MF2',14101,54990,93634
'17MF2',14101,54990,94434
'17MF2',14101,54990,95134
'17MF2',14101,54990,95934
'17MF2',14101,54990,100734
'17MF2',14101,54990,101434
'17MF2',14101,54990,102234
'17MF2',14101,54990,102934
'17MF2',14101,54990,103634
'17MF2',14101,54990,104234
'17MF2',14101,54990,104834
'17MF2',14101,54990,105434
'17MF2',14101,54990,105934
'17MF2',14101,54990,110734
'17MF2',14101,54990,111334
'17MF2',14101,54990,111834
'17MF2',14101,54990,112534
'17MF2',14101,54990,113134
'17MF2',14101,54990,113734
'17MF2',14101,54990,114334
'17MF2',14101,54990,114934
'17MF2',14101,54990,115434
'17MF2',14101,54990,120134
'17MF2',14101,54990,120734
'17MF2',14101,54990,121134
'17MF2',14101,54990,121634
'17MF2',14101,54990,122134
'17MF2',14101,54990,122634
'17MF2',14101,54990,123034
'17MF2',14101,54990,123534
'17MF2',14101,54990,123934
'17MF2',14101,54990,124334
'17MF2',14101,54990,124734
'17MF2',14101,54990,125134
'17MF2',14101,54990,125534
'17MF2',14101,54990,125934
'17MF2',14101,54990,130534
'17MF2',14101,54990,130934
'17MF2',14101,54990,131434
'17MF2',14101,54990,131934
'17MF2',14101,54990,132434
'17MF2',14101,54990,132934
'17MF2',14101,54990,133434
'17MF2',14101,54990,133934
'17MF2',14101,54990,134434
'17MF2',14101,54990,134934
'17MF2',14101,54990,135434
'17MF2',14101,54990,135934
'17MF2',14101,54990,140522
'17MF2',14101,54990,141022
'17MF2',14101,54990,141522
'17MF2',14101,54990,142022
'17MF2',14101,54990,142522
'17MF2',14101,54990,143022
'17MF2',14101,54990,143522
'17MF2',14101,54990,144022
'17MF2',14101,54990,144522
'17MF2',14101,54990,145022
'17MF2',14101,54990,145522
'17MF2',14101,54990,150022
'17MF2',14101,54990,150522
'17MF2',14101,54990,151022
'17MF2',14101,54990,151522
'17MF2',14101,54990,152022
'17MF2',14101,54990,152622
'17MF2',14101,54990,153122
'17MF2',14101,54990,153722
'17MF2',14101,54990,154222
'17MF2',14101,54990,154722
'17MF2',14101,54990,155222
'17MF2',14101,54990,155722
'17MF2',14101,54990,160222
'17MF2',14101,54990,160722
'17MF2',14101,54990,161222
'17MF2',14101,54990,161722
'17MF2',14101,54990,162222
'17MF2',14101,54990,162622
'17MF2',14101,54990,163122
'17MF2',14101,54990,163622
'17MF2',14101,54990,164122
'17MF2',14101,54990,164622
'17MF2',14101,54990,165122
'17MF2',14101,54990,165622
'17MF2',14101,54990,170122
'17MF2',14101,54990,170558
'17MF2',14101,54990,170934
'17MF2',14101,54990,171434
'17MF2',14101,54990,171934
'17MF2',14101,54990,172434
'17MF2',14101,54990,172934
'17MF2',14101,54990,173434
'17MF2',14101,54990,173934
'17MF2',14101,54990,174434
'17MF2',14101,54990,174934
'17MF2',14101,54990,175434
'17MF2',14101,54990,175934
'17MF2',14101,54990,180434
'17MF2',14101,54990,180934
'17MF2',14101,54990,181434
'17MF2',14101,54990,181934
'17MF2',14101,54990,182534
'17MF2',14101,54990,183134
'17MF2',14101,54990,183634
'17MF2',14101,54990,184234
'17MF2',14101,54990,184810
'17MF2',14101,54990,185310
'17MF2',14101,54990,185910
'17MF2',14101,54990,190510
'17MF2',14101,54990,191110
'17MF2',14101,54990,191710
'17MF2',14101,54990,192310
'17MF2',14101,54990,192910
'17MF2',14101,54990,193510
'17MF2',14101,54990,194110
'17MF2',14101,54990,194710
'17MF2',14101,54990,195410
'17MF2',14101,54990,200110
'17MF2',14101,54990,200810
'17MF2',14101,54990,201610
'17MF2',14101,54990,202410
'17MF2',14101,54990,203210
'17MF2',14101,54990,204010
'17MF2',14101,54990,204910
'17MF2',14101,54990,205810
'17MF2',14101,54990,210610
'17MF2',14101,54990,211146
'17MF2',14101,54990,211823
'17MF2',14101,54990,212723
'17MF2',14101,54990,213523
'17MF2',14101,54990,214423
'17MF2',14101,54990,215823
'17MF2',14101,54990,220423
'17MF2',14101,54990,221023
'17MF2',14101,54990,221723
'17MF2',14101,54990,222523
'17MF2',14101,54990,223423
'17MF2',14101,54990,224323
'17MF2',14101,54990,225323
'17MF2',14101,54990,230823
'17MF2',14101,54990,233023
'17MF2',14101,54990,235623
'17MF2',14101,54990,242423
'17MF2',14101,54990,244923
'17MF3',14101,54990,45923
'17MF3',14101,54990,53523
'17MF3',14101,54990,61023
'17MF3',14101,54990,64810
'17MF3',14101,54990,71610
'17MF3',14101,54990,74110
'17MF3',14101,54990,80210
'17MF3',14101,54990,82310
'17MF3',14101,54990,84410
'17MF3',14101,54990,85910
'17MF3',14101,54990,90910
'17MF3',14101,54990,91810
'17MF3',14101,54990,92746
'17MF3',14101,54990,94022
'17MF3',14101,54990,95122
'17MF3',14101,54990,100122
'17MF3',14101,54990,100922
'17MF3',14101,54990,101622
'17MF3',14101,54990,102422
'17MF3',14101,54990,103122
'17MF3',14101,54990,103922
'17MF3',14101,54990,104622
'17MF3',14101,54990,105322
'17MF3',14101,54990,110122
'17MF3',14101,54990,110822
'17MF3',14101,54990,111422
'17MF3',14101,54990,111922
'17MF3',14101,54990,112522
'17MF3',14101,54990,113146
'17MF3',14101,54990,113746
'17MF3',14101,54990,114446
'17MF3',14101,54990,114946
'17MF3',14101,54990,115546
'17MF3',14101,54990,120146
'17MF3',14101,54990,120746
'17MF3',14101,54990,121246
'17MF3',14101,54990,121646
'17MF3',14101,54990,122146
'17MF3',14101,54990,122646
'17MF3',14101,54990,123146
'17MF3',14101,54990,123746
'17MF3',14101,54990,124346
'17MF3',14101,54990,124946
'17MF3',14101,54990,125446
'17MF3',14101,54990,125946
'17MF3',14101,54990,130546
'17MF3',14101,54990,131146
'17MF3',14101,54990,131646
'17MF3',14101,54990,132046
'17MF3',14101,54990,132646
'17MF3',14101,54990,133146
'17MF3',14101,54990,133446
'17MF3',14101,54990,133846
'17MF3',14101,54990,134146
'17MF3',14101,54990,134546
'17MF3',14101,54990,134846
'17MF3',14101,54990,135246
'17MF3',14101,54990,135746
'17MF3',14101,54990,140246
'17MF3',14101,54990,140746
'17MF3',14101,54990,141246
'17MF3',14101,54990,141746
'17MF3',14101,54990,142246
'17MF3',14101,54990,142746
'17MF3',14101,54990,143246
'17MF3',14101,54990,143746
'17MF3',14101,54990,144246
'17MF3',14101,54990,144646
'17MF3',14101,54990,145146
'17MF3',14101,54990,145646
'17MF3',14101,54990,150146
'17MF3',14101,54990,150646
'17MF3',14101,54990,151046
'17MF3',14101,54990,151646
'17MF3',14101,54990,152246
'17MF3',14101,54990,152746
'17MF3',14101,54990,153246
'17MF3',14101,54990,153746
'17MF3',14101,54990,154346
'17MF3',14101,54990,154946
'17MF3',14101,54990,155446
'17MF3',14101,54990,160046
'17MF3',14101,54990,160646
'17MF3',14101,54990,161146
'17MF3',14101,54990,161646
'17MF3',14101,54990,162146
'17MF3',14101,54990,162646
'17MF3',14101,54990,163346
'17MF3',14101,54990,163946
'17MF3',14101,54990,164646
'17MF3',14101,54990,165346
'17MF3',14101,54990,170146
'17MF3',14101,54990,170646
'17MF3',14101,54990,171146
'17MF3',14101,54990,171646
'17MF3',14101,54990,172146
'17MF3',14101,54990,172746
'17MF3',14101,54990,173258
'17MF3',14101,54990,173858
'17MF3',14101,54990,174658
'17MF3',14101,54990,175358
'17MF3',14101,54990,180058
'17MF3',14101,54990,180558
'17MF3',14101,54990,181058
'17MF3',14101,54990,181558
'17MF3',14101,54990,182058
'17MF3',14101,54990,182558
'17MF3',14101,54990,183158
'17MF3',14101,54990,183858
'17MF3',14101,54990,184558
'17MF3',14101,54990,185258
'17MF3',14101,54990,190058
'17MF3',14101,54990,191058
'17MF3',14101,54990,192058
'17MF3',14101,54990,193058
'17MF3',14101,54990,194010
'17MF3',14101,54990,195010
'17MF3',14101,54990,195910
'17MF3',14101,54990,201010
'17MF3',14101,54990,202010
'17MF3',14101,54990,203010
'17MF3',14101,54990,204510
'17MF3',14101,54990,210010
'17MF3',14101,54990,212010
'17MF3',14101,54990,213946
'17MF3',14101,54990,215846
'17MF3',14101,54990,222346
'17MF3',14101,54990,224923
'17MF3',14101,54990,231923
'17MF3',14101,54990,234923
'17MF3',14101,54990,241923
'17MF3',14101,54990,244923
'17MI',14101,54990,45923
'17MI',14101,54990,53523
'17MI',14101,54990,61023
'17MI',14101,54990,64810
'17MI',14101,54990,71610
'17MI',14101,54990,74110
'17MI',14101,54990,80210
'17MI',14101,54990,82310
'17MI',14101,54990,84410
'17MI',14101,54990,85910
'17MI',14101,54990,90910
'17MI',14101,54990,91810
'17MI',14101,54990,92746
'17MI',14101,54990,94022
'17MI',14101,54990,95122
'17MI',14101,54990,100122
'17MI',14101,54990,100922
'17MI',14101,54990,101622
'17MI',14101,54990,102422
'17MI',14101,54990,103122
'17MI',14101,54990,103922
'17MI',14101,54990,104622
'17MI',14101,54990,105322
'17MI',14101,54990,110122
'17MI',14101,54990,110822
'17MI',14101,54990,111422
'17MI',14101,54990,111922
'17MI',14101,54990,112522
'17MI',14101,54990,113146
'17MI',14101,54990,113746
'17MI',14101,54990,114446
'17MI',14101,54990,114946
'17MI',14101,54990,115546
'17MI',14101,54990,120146
'17MI',14101,54990,120746
'17MI',14101,54990,121246
'17MI',14101,54990,121646
'17MI',14101,54990,122146
'17MI',14101,54990,122646
'17MI',14101,54990,123146
'17MI',14101,54990,123746
'17MI',14101,54990,124346
'17MI',14101,54990,124946
'17MI',14101,54990,125446
'17MI',14101,54990,125946
'17MI',14101,54990,130546
'17MI',14101,54990,131146
'17MI',14101,54990,131646
'17MI',14101,54990,132046
'17MI',14101,54990,132646
'17MI',14101,54990,133146
'17MI',14101,54990,133446
'17MI',14101,54990,133846
'17MI',14101,54990,134146
'17MI',14101,54990,134546
'17MI',14101,54990,134846
'17MI',14101,54990,135246
'17MI',14101,54990,135746
'17MI',14101,54990,140246
'17MI',14101,54990,140746
'17MI',14101,54990,141246
'17MI',14101,54990,141746
'17MI',14101,54990,142246
'17MI',14101,54990,142746
'17MI',14101,54990,143246
'17MI',14101,54990,143746
'17MI',14101,54990,144246
'17MI',14101,54990,144646
'17MI',14101,54990,145146
'17MI',14101,54990,145646
'17MI',14101,54990,150146
'17MI',14101,54990,150646
'17MI',14101,54990,151046
'17MI',14101,54990,151646
'17MI',14101,54990,152246
'17MI',14101,54990,152746
'17MI',14101,54990,153246
'17MI',14101,54990,153746
'17MI',14101,54990,154346
'17MI',14101,54990,154946
'17MI',14101,54990,155446
'17MI',14101,54990,160046
'17MI',14101,54990,160646
'17MI',14101,54990,161146
'17MI',14101,54990,161646
'17MI',14101,54990,162146
'17MI',14101,54990,162646
'17MI',14101,54990,163346
'17MI',14101,54990,163946
'17MI',14101,54990,164646
'17MI',14101,54990,165346
'17MI',14101,54990,170146
'17MI',14101,54990,170646
'17MI',14101,54990,171146
'17MI',14101,54990,171646
'17MI',14101,54990,172146
'17MI',14101,54990,172746
'17MI',14101,54990,173258
'17MI',14101,54990,173858
'17MI',14101,54990,174658
'17MI',14101,54990,175358
'17MI',14101,54990,180058
'17MI',14101,54990,180558
'17MI',14101,54990,181058
'17MI',14101,54990,181558
'17MI',14101,54990,182058
'17MI',14101,54990,182558
'17MI',14101,54990,183158
'17MI',14101,54990,183858
'17MI',14101,54990,184558
'17MI',14101,54990,185258
'17MI',14101,54990,190058
'17MI',14101,54990,191058
'17MI',14101,54990,192058
'17MI',14101,54990,193058
'17MI',14101,54990,194010
'17MI',14101,54990,195010
'17MI',14101,54990,195910
'17MI',14101,54990,201010
'17MI',14101,54990,202010
'17MI',14101,54990,203010
'17MI',14101,54990,204510
'17MI',14101,54990,210010
'17MI',14101,54990,212010
'17MI',14101,54990,213946
'17MI',14101,54990,215846
'17MI',14101,54990,222346
'17MI',14101,54990,224923
'17MI',14101,54990,231923
'17MI',14101,54990,234923
'17MI',14101,54990,241923
'17MI',14101,54990,244923
'17MS',14101,54990,50123
'17MS',14101,54990,52223
'17MS',14101,54990,53923
'17MS',14101,54990,55146
'17MS',14101,54990,60446
'17MS',14101,54990,61646
'17MS',14101,54990,62646
'17MS',14101,54990,63634
'17MS',14101,54990,64734
'17MS',14101,54990,65434
'17MS',14101,54990,70134
'17MS',14101,54990,71034
'17MS',14101,54990,71934
'17MS',14101,54990,72734
'17MS',14101,54990,73434
'17MS',14101,54990,74234
'17MS',14101,54990,75134
'17MS',14101,54990,80034
'17MS',14101,54990,80934
'17MS',14101,54990,81834
'17MS',14101,54990,82734
'17MS',14101,54990,83634
'17MS',14101,54990,84534
'17MS',14101,54990,85434
'17MS',14101,54990,90234
'17MS',14101,54990,91134
'17MS',14101,54990,92034
'17MS',14101,54990,92834
'17MS',14101,54990,93634
'17MS',14101,54990,94434
'17MS',14101,54990,95134
'17MS',14101,54990,95934
'17MS',14101,54990,100734
'17MS',14101,54990,101434
'17MS',14101,54990,102234
'17MS',14101,54990,102934
'17MS',14101,54990,103634
'17MS',14101,54990,104234
'17MS',14101,54990,104834
'17MS',14101,54990,105434
'17MS',14101,54990,105934
'17MS',14101,54990,110734
'17MS',14101,54990,111334
'17MS',14101,54990,111834
'17MS',14101,54990,112534
'17MS',14101,54990,113134
'17MS',14101,54990,113734
'17MS',14101,54990,114334
'17MS',14101,54990,114934
'17MS',14101,54990,115434
'17MS',14101,54990,120134
'17MS',14101,54990,120734
'17MS',14101,54990,121134
'17MS',14101,54990,121634
'17MS',14101,54990,122134
'17MS',14101,54990,122634
'17MS',14101,54990,123034
'17MS',14101,54990,123534
'17MS',14101,54990,123934
'17MS',14101,54990,124334
'17MS',14101,54990,124734
'17MS',14101,54990,125134
'17MS',14101,54990,125534
'17MS',14101,54990,125934
'17MS',14101,54990,130434
'17MS',14101,54990,130934
'17MS',14101,54990,131434
'17MS',14101,54990,131934
'17MS',14101,54990,132434
'17MS',14101,54990,132934
'17MS',14101,54990,133434
'17MS',14101,54990,133834
'17MS',14101,54990,134234
'17MS',14101,54990,134734
'17MS',14101,54990,135134
'17MS',14101,54990,135534
'17MS',14101,54990,140034
'17MS',14101,54990,140522
'17MS',14101,54990,141022
'17MS',14101,54990,141522
'17MS',14101,54990,142022
'17MS',14101,54990,142422
'17MS',14101,54990,142822
'17MS',14101,54990,143222
'17MS',14101,54990,143622
'17MS',14101,54990,144022
'17MS',14101,54990,144322
'17MS',14101,54990,144722
'17MS',14101,54990,145122
'17MS',14101,54990,145522
'17MS',14101,54990,150022
'17MS',14101,54990,150522
'17MS',14101,54990,151022
'17MS',14101,54990,151522
'17MS',14101,54990,152322
'17MS',14101,54990,152922
'17MS',14101,54990,153622
'17MS',14101,54990,154222
'17MS',14101,54990,154722
'17MS',14101,54990,155222
'17MS',14101,54990,155722
'17MS',14101,54990,160122
'17MS',14101,54990,160522
'17MS',14101,54990,160922
'17MS',14101,54990,161322
'17MS',14101,54990,161722
'17MS',14101,54990,162022
'17MS',14101,54990,162422
'17MS',14101,54990,162822
'17MS',14101,54990,163222
'17MS',14101,54990,163622
'17MS',14101,54990,163922
'17MS',14101,54990,164322
'17MS',14101,54990,164622
'17MS',14101,54990,165022
'17MS',14101,54990,165522
'17MS',14101,54990,165922
'17MS',14101,54990,170258
'17MS',14101,54990,170658
'17MS',14101,54990,170934
'17MS',14101,54990,171334
'17MS',14101,54990,171734
'17MS',14101,54990,172134
'17MS',14101,54990,172534
'17MS',14101,54990,172934
'17MS',14101,54990,173334
'17MS',14101,54990,173734
'17MS',14101,54990,174134
'17MS',14101,54990,174534
'17MS',14101,54990,174934
'17MS',14101,54990,175334
'17MS',14101,54990,175734
'17MS',14101,54990,180134
'17MS',14101,54990,180534
'17MS',14101,54990,180934
'17MS',14101,54990,181334
'17MS',14101,54990,181734
'17MS',14101,54990,182134
'17MS',14101,54990,182534
'17MS',14101,54990,183034
'17MS',14101,54990,183534
'17MS',14101,54990,184034
'17MS',14101,54990,184610
'17MS',14101,54990,185110
'17MS',14101,54990,185710
'17MS',14101,54990,190310
'17MS',14101,54990,190910
'17MS',14101,54990,191510
'17MS',14101,54990,192110
'17MS',14101,54990,192810
'17MS',14101,54990,193310
'17MS',14101,54990,193910
'17MS',14101,54990,194510
'17MS',14101,54990,195110
'17MS',14101,54990,195710
'17MS',14101,54990,200310
'17MS',14101,54990,201110
'17MS',14101,54990,201910
'17MS',14101,54990,202710
'17MS',14101,54990,203510
'17MS',14101,54990,204210
'17MS',14101,54990,205110
'17MS',14101,54990,205910
'17MS',14101,54990,210610
'17MS',14101,54990,211146
'17MS',14101,54990,211823
'17MS',14101,54990,212723
'17MS',14101,54990,213523
'17MS',14101,54990,214423
'17MS',14101,54990,215823
'17MS',14101,54990,220423
'17MS',14101,54990,221023
'17MS',14101,54990,221723
'17MS',14101,54990,222523
'17MS',14101,54990,223423
'17MS',14101,54990,224323
'17MS',14101,54990,225323
'17MS',14101,54990,230823
'17MS',14101,54990,233023
'17MS',14101,54990,235623
'17MS',14101,54990,242423
'17MS',14101,54990,245023
'17MA',37201,54990,255124
'17MA',37201,54990,263624
'17MA',37201,54990,272124
'17MA',37201,54990,280624
'17MA',37201,54990,285124
'17MF1',37201,54990,255324
'17MF1',37201,54990,264024
'17MF1',37201,54990,272524
'17MF1',37201,54990,281124
'17MF1',37201,54990,285624
'17MF2',37201,54990,255324
'17MF2',37201,54990,264024
'17MF2',37201,54990,272524
'17MF2',37201,54990,281124
'17MF2',37201,54990,285624
'17MF3',37201,54990,255324
'17MF3',37201,54990,264024
'17MF3',37201,54990,272524
'17MF3',37201,54990,281124
'17MF3',37201,54990,285624
'17MI',37201,54990,255324
'17MI',37201,54990,264024
'17MI',37201,54990,272524
'17MI',37201,54990,281124
'17MI',37201,54990,285624
'17MS',37201,54990,255324
'17MS',37201,54990,263624
'17MS',37201,54990,272524
'17MS',37201,54990,281024
'17MS',37201,54990,285324
