'16SS',20903,57782,62131
'16SS',20903,57782,65431
'16SS',20903,57782,72231
'16SS',20903,57782,75131
'16SS',20903,57782,81531
'16SS',20903,57782,84331
'16SS',20903,57782,91331
'16SS',20903,57782,94431
'16SS',20903,57782,101731
'16SS',20903,57782,105031
'16SS',20903,57782,112131
'16SS',20903,57782,115431
'16SS',20903,57782,122731
'16SS',20903,57782,125931
'16SS',20903,57782,133231
'16SS',20903,57782,140631
'16SS',20903,57782,143931
'16SS',20903,57782,150331
'16SS',20903,57782,152745
'16SS',20903,57782,154945
'16SS',20903,57782,162145
'16SS',20903,57782,165245
'16SS',20903,57782,172445
'16SS',20903,57782,175008
'16SS',20903,57782,182008
'16SS',20903,57782,185054
'16SS',20903,57782,192254
'16SS',20903,57782,195554
'16SS',20903,57782,202554
'16SS',20903,57782,205754
'16SS',20903,57782,212954
'16SS',20903,57782,220054
'16SS',20903,57782,223254
'16SS',20903,57782,230354
'16SS',20903,57782,233254
'16SS',20903,57782,240154
'16SA',35602,57782,263917
'16SA',35602,57782,265917
'16SA',35602,57782,271917
'16SA',35602,57782,273917
'16SA',35602,57782,275117
'16SA',35602,57782,280317
'16SA',35602,57782,281517
'16SA',35602,57782,282717
'16SA',35602,57782,283542
'16SA',35602,57782,284742
'16SA',35602,57782,285942
'16SA',35602,57782,291142
'16SA',35602,57782,292342
'16SA',35602,57782,293642
'16SF1',35602,57782,263642
'16SF1',35602,57782,271842
'16SF1',35602,57782,280242
'16SF1',35602,57782,282642
'16SF1',35602,57782,285042
'16SF1',35602,57782,291442
'16SF1',35602,57782,293642
'16SF2',35602,57782,263642
'16SF2',35602,57782,271842
'16SF2',35602,57782,280242
'16SF2',35602,57782,282642
'16SF2',35602,57782,285042
'16SF2',35602,57782,291442
'16SF2',35602,57782,293642
'16SI',35602,57782,263208
'16SI',35602,57782,272208
'16SI',35602,57782,280708
'16SI',35602,57782,285208
'16SI',35602,57782,293608
'16SS',35602,57782,263642
'16SS',35602,57782,265742
'16SS',35602,57782,271842
'16SS',35602,57782,273842
'16SS',35602,57782,275042
'16SS',35602,57782,280242
'16SS',35602,57782,281442
'16SS',35602,57782,282642
'16SS',35602,57782,283842
'16SS',35602,57782,285042
'16SS',35602,57782,290242
'16SS',35602,57782,291442
'16SS',35602,57782,293642
