'17UA',1003,52380,54700
'17UA',1003,52380,61400
'17UA',1003,52380,64100
'17UA',1003,52380,70900
'17UA',1003,52380,73700
'17UA',1003,52380,80500
'17UA',1003,52380,83400
'17UA',1003,52380,90300
'17UA',1003,52380,93200
'17UA',1003,52380,100100
'17UA',1003,52380,103000
'17UA',1003,52380,105900
'17UA',1003,52380,112800
'17UA',1003,52380,115700
'17UA',1003,52380,122600
'17UA',1003,52380,125600
'17UA',1003,52380,132500
'17UA',1003,52380,135400
'17UA',1003,52380,142300
'17UA',1003,52380,145200
'17UA',1003,52380,152100
'17UA',1003,52380,155000
'17UA',1003,52380,161900
'17UA',1003,52380,164800
'17UA',1003,52380,171700
'17UA',1003,52380,174600
'17UA',1003,52380,181500
'17UA',1003,52380,184300
'17UA',1003,52380,191100
'17UA',1003,52380,193800
'17UA',1003,52380,200500
'17UA',1003,52380,203200
'17UA',1003,52380,205900
'17UA',1003,52380,212600
'17UA',1003,52380,215300
'17UA',1003,52380,222000
'17UA',1003,52380,224700
'17UA',1003,52380,231500
'17UA',1003,52380,234300
'17UA',1003,52380,241100
'17UA',1003,52380,243900
'17UA',1003,52380,250900
'17UA',1003,52380,254200
'17UF1',1003,52380,54700
'17UF1',1003,52380,61400
'17UF1',1003,52380,64100
'17UF1',1003,52380,70900
'17UF1',1003,52380,73700
'17UF1',1003,52380,80500
'17UF1',1003,52380,83400
'17UF1',1003,52380,90300
'17UF1',1003,52380,93200
'17UF1',1003,52380,100100
'17UF1',1003,52380,103000
'17UF1',1003,52380,105900
'17UF1',1003,52380,112800
'17UF1',1003,52380,115700
'17UF1',1003,52380,122600
'17UF1',1003,52380,125600
'17UF1',1003,52380,132500
'17UF1',1003,52380,135400
'17UF1',1003,52380,142300
'17UF1',1003,52380,145200
'17UF1',1003,52380,152100
'17UF1',1003,52380,155000
'17UF1',1003,52380,161900
'17UF1',1003,52380,164800
'17UF1',1003,52380,171700
'17UF1',1003,52380,174600
'17UF1',1003,52380,181500
'17UF1',1003,52380,184300
'17UF1',1003,52380,191100
'17UF1',1003,52380,193800
'17UF1',1003,52380,200500
'17UF1',1003,52380,203200
'17UF1',1003,52380,205900
'17UF1',1003,52380,212600
'17UF1',1003,52380,215300
'17UF1',1003,52380,222000
'17UF1',1003,52380,224700
'17UF1',1003,52380,231500
'17UF1',1003,52380,234300
'17UF1',1003,52380,241100
'17UF1',1003,52380,243900
'17UF1',1003,52380,250900
'17UF1',1003,52380,254200
'17UF2',1003,52380,54700
'17UF2',1003,52380,61400
'17UF2',1003,52380,64100
'17UF2',1003,52380,70900
'17UF2',1003,52380,73700
'17UF2',1003,52380,80500
'17UF2',1003,52380,83400
'17UF2',1003,52380,90300
'17UF2',1003,52380,93200
'17UF2',1003,52380,100100
'17UF2',1003,52380,103000
'17UF2',1003,52380,105900
'17UF2',1003,52380,112800
'17UF2',1003,52380,115700
'17UF2',1003,52380,122600
'17UF2',1003,52380,125600
'17UF2',1003,52380,132500
'17UF2',1003,52380,135400
'17UF2',1003,52380,142300
'17UF2',1003,52380,145200
'17UF2',1003,52380,152100
'17UF2',1003,52380,155000
'17UF2',1003,52380,161900
'17UF2',1003,52380,164800
'17UF2',1003,52380,171700
'17UF2',1003,52380,174600
'17UF2',1003,52380,181500
'17UF2',1003,52380,184300
'17UF2',1003,52380,191100
'17UF2',1003,52380,193800
'17UF2',1003,52380,200500
'17UF2',1003,52380,203200
'17UF2',1003,52380,205900
'17UF2',1003,52380,212600
'17UF2',1003,52380,215300
'17UF2',1003,52380,222000
'17UF2',1003,52380,224700
'17UF2',1003,52380,231500
'17UF2',1003,52380,234300
'17UF2',1003,52380,241100
'17UF2',1003,52380,243900
'17UF2',1003,52380,250900
'17UF2',1003,52380,254200
'17UI',1003,52380,54600
'17UI',1003,52380,61600
'17UI',1003,52380,64500
'17UI',1003,52380,71500
'17UI',1003,52380,74500
'17UI',1003,52380,81500
'17UI',1003,52380,84600
'17UI',1003,52380,91600
'17UI',1003,52380,94600
'17UI',1003,52380,101600
'17UI',1003,52380,104600
'17UI',1003,52380,111600
'17UI',1003,52380,114600
'17UI',1003,52380,121600
'17UI',1003,52380,124600
'17UI',1003,52380,131600
'17UI',1003,52380,134600
'17UI',1003,52380,141600
'17UI',1003,52380,144600
'17UI',1003,52380,151600
'17UI',1003,52380,154600
'17UI',1003,52380,161600
'17UI',1003,52380,164600
'17UI',1003,52380,171600
'17UI',1003,52380,174600
'17UI',1003,52380,181600
'17UI',1003,52380,184400
'17UI',1003,52380,191200
'17UI',1003,52380,194000
'17UI',1003,52380,200800
'17UI',1003,52380,203500
'17UI',1003,52380,210300
'17UI',1003,52380,213100
'17UI',1003,52380,215900
'17UI',1003,52380,222700
'17UI',1003,52380,225400
'17UI',1003,52380,232200
'17UI',1003,52380,235000
'17UI',1003,52380,241800
'17UI',1003,52380,244600
'17UI',1003,52380,251400
'17US',1003,52380,54600
'17US',1003,52380,61600
'17US',1003,52380,64600
'17US',1003,52380,71900
'17US',1003,52380,75100
'17US',1003,52380,82200
'17US',1003,52380,85200
'17US',1003,52380,92200
'17US',1003,52380,95100
'17US',1003,52380,101900
'17US',1003,52380,104900
'17US',1003,52380,111600
'17US',1003,52380,114400
'17US',1003,52380,121100
'17US',1003,52380,124000
'17US',1003,52380,131000
'17US',1003,52380,134000
'17US',1003,52380,141000
'17US',1003,52380,144400
'17US',1003,52380,151700
'17US',1003,52380,155000
'17US',1003,52380,162200
'17US',1003,52380,164800
'17US',1003,52380,170800
'17US',1003,52380,172800
'17US',1003,52380,175100
'17US',1003,52380,181400
'17US',1003,52380,183900
'17US',1003,52380,190300
'17US',1003,52380,192400
'17US',1003,52380,195300
'17US',1003,52380,202200
'17US',1003,52380,205100
'17US',1003,52380,212000
'17US',1003,52380,215000
'17US',1003,52380,222000
'17US',1003,52380,224900
'17US',1003,52380,232000
'17US',1003,52380,235100
'17US',1003,52380,242200
'17US',1003,52380,244800
'17US',1003,52380,251400
