'16UA',17004,55508,55556
'16UA',17004,55508,63656
'16UA',17004,55508,71856
'16UA',17004,55508,80056
'16UA',17004,55508,82056
'16UA',17004,55508,84256
'16UA',17004,55508,90556
'16UA',17004,55508,92756
'16UA',17004,55508,95056
'16UA',17004,55508,101356
'16UA',17004,55508,103756
'16UA',17004,55508,110256
'16UA',17004,55508,112856
'16UA',17004,55508,115556
'16UA',17004,55508,122056
'16UA',17004,55508,124556
'16UA',17004,55508,131156
'16UA',17004,55508,133656
'16UA',17004,55508,140156
'16UA',17004,55508,142656
'16UA',17004,55508,145056
'16UA',17004,55508,151456
'16UA',17004,55508,153856
'16UA',17004,55508,160156
'16UA',17004,55508,161956
'16UA',17004,55508,163556
'16UA',17004,55508,165156
'16UA',17004,55508,170756
'16UA',17004,55508,172356
'16UA',17004,55508,173956
'16UA',17004,55508,175556
'16UA',17004,55508,181156
'16UA',17004,55508,182756
'16UA',17004,55508,184656
'16UA',17004,55508,190656
'16UA',17004,55508,192656
'16UA',17004,55508,194856
'16UA',17004,55508,201056
'16UA',17004,55508,203356
'16UA',17004,55508,205556
'16UA',17004,55508,211856
'16UA',17004,55508,214156
'16UA',17004,55508,220456
'16UA',17004,55508,222756
'16UA',17004,55508,224907
'16UA',17004,55508,231207
'16UA',17004,55508,233707
'16UA',17004,55508,241707
'16UA',17004,55508,245707
'16UA',17004,55508,254107
'16UF1',17004,55508,61556
'16UF1',17004,55508,65656
'16UF1',17004,55508,73856
'16UF1',17004,55508,80856
'16UF1',17004,55508,83846
'16UF1',17004,55508,91035
'16UF1',17004,55508,94035
'16UF1',17004,55508,101035
'16UF1',17004,55508,104035
'16UF1',17004,55508,111035
'16UF1',17004,55508,114035
'16UF1',17004,55508,120635
'16UF1',17004,55508,123135
'16UF1',17004,55508,125935
'16UF1',17004,55508,132535
'16UF1',17004,55508,135035
'16UF1',17004,55508,141535
'16UF1',17004,55508,144035
'16UF1',17004,55508,150535
'16UF1',17004,55508,153035
'16UF1',17004,55508,155535
'16UF1',17004,55508,161235
'16UF1',17004,55508,162835
'16UF1',17004,55508,164356
'16UF1',17004,55508,170056
'16UF1',17004,55508,171656
'16UF1',17004,55508,173156
'16UF1',17004,55508,174856
'16UF1',17004,55508,180356
'16UF1',17004,55508,181856
'16UF1',17004,55508,184056
'16UF1',17004,55508,190556
'16UF1',17004,55508,193056
'16UF1',17004,55508,200056
'16UF1',17004,55508,203056
'16UF1',17004,55508,210056
'16UF1',17004,55508,213056
'16UF1',17004,55508,215956
'16UF1',17004,55508,222956
'16UF1',17004,55508,225856
'16UF1',17004,55508,232756
'16UF1',17004,55508,240056
'16UF1',17004,55508,243756
'16UF1',17004,55508,251556
'16UF2',17004,55508,61556
'16UF2',17004,55508,65656
'16UF2',17004,55508,73856
'16UF2',17004,55508,80856
'16UF2',17004,55508,83846
'16UF2',17004,55508,91035
'16UF2',17004,55508,94035
'16UF2',17004,55508,101035
'16UF2',17004,55508,104035
'16UF2',17004,55508,111035
'16UF2',17004,55508,114035
'16UF2',17004,55508,120635
'16UF2',17004,55508,123135
'16UF2',17004,55508,125935
'16UF2',17004,55508,132535
'16UF2',17004,55508,135035
'16UF2',17004,55508,141535
'16UF2',17004,55508,144035
'16UF2',17004,55508,150535
'16UF2',17004,55508,153035
'16UF2',17004,55508,155535
'16UF2',17004,55508,161235
'16UF2',17004,55508,162835
'16UF2',17004,55508,164356
'16UF2',17004,55508,170056
'16UF2',17004,55508,171656
'16UF2',17004,55508,173156
'16UF2',17004,55508,174856
'16UF2',17004,55508,180356
'16UF2',17004,55508,181856
'16UF2',17004,55508,184056
'16UF2',17004,55508,190556
'16UF2',17004,55508,193056
'16UF2',17004,55508,200056
'16UF2',17004,55508,203056
'16UF2',17004,55508,210056
'16UF2',17004,55508,213056
'16UF2',17004,55508,215956
'16UF2',17004,55508,222956
'16UF2',17004,55508,225856
'16UF2',17004,55508,232756
'16UF2',17004,55508,240056
'16UF2',17004,55508,243756
'16UF2',17004,55508,251556
'16UI',17004,55508,61556
'16UI',17004,55508,65656
'16UI',17004,55508,73856
'16UI',17004,55508,80856
'16UI',17004,55508,83846
'16UI',17004,55508,91035
'16UI',17004,55508,94035
'16UI',17004,55508,101035
'16UI',17004,55508,104035
'16UI',17004,55508,111035
'16UI',17004,55508,114035
'16UI',17004,55508,120635
'16UI',17004,55508,123135
'16UI',17004,55508,125935
'16UI',17004,55508,132535
'16UI',17004,55508,135035
'16UI',17004,55508,141535
'16UI',17004,55508,144035
'16UI',17004,55508,150535
'16UI',17004,55508,153035
'16UI',17004,55508,155535
'16UI',17004,55508,161235
'16UI',17004,55508,162835
'16UI',17004,55508,164356
'16UI',17004,55508,170056
'16UI',17004,55508,171656
'16UI',17004,55508,173156
'16UI',17004,55508,174856
'16UI',17004,55508,180356
'16UI',17004,55508,181856
'16UI',17004,55508,184056
'16UI',17004,55508,190556
'16UI',17004,55508,193056
'16UI',17004,55508,200056
'16UI',17004,55508,203056
'16UI',17004,55508,210056
'16UI',17004,55508,213056
'16UI',17004,55508,215956
'16UI',17004,55508,222956
'16UI',17004,55508,225856
'16UI',17004,55508,232756
'16UI',17004,55508,240056
'16UI',17004,55508,243756
'16UI',17004,55508,251556
'16US',17004,55508,54146
'16US',17004,55508,60535
'16US',17004,55508,62935
'16US',17004,55508,65635
'16US',17004,55508,72514
'16US',17004,55508,73414
'16US',17004,55508,74114
'16US',17004,55508,74814
'16US',17004,55508,75614
'16US',17004,55508,81214
'16US',17004,55508,82635
'16US',17004,55508,85235
'16US',17004,55508,91746
'16US',17004,55508,94146
'16US',17004,55508,101046
'16US',17004,55508,102446
'16US',17004,55508,104146
'16US',17004,55508,111246
'16US',17004,55508,114346
'16US',17004,55508,121446
'16US',17004,55508,124446
'16US',17004,55508,131446
'16US',17004,55508,134535
'16US',17004,55508,141535
'16US',17004,55508,144235
'16US',17004,55508,150935
'16US',17004,55508,153735
'16US',17004,55508,160725
'16US',17004,55508,163525
'16US',17004,55508,170325
'16US',17004,55508,173325
'16US',17004,55508,180246
'16US',17004,55508,182846
'16US',17004,55508,185546
'16US',17004,55508,192346
'16US',17004,55508,195007
'16US',17004,55508,202007
'16US',17004,55508,205007
'16US',17004,55508,211807
'16US',17004,55508,214607
'16US',17004,55508,221407
'16US',17004,55508,224107
'16US',17004,55508,230807
'16US',17004,55508,233407
'16US',17004,55508,240107
'16US',17004,55508,244107
'16US',17004,55508,251907
