'16MA',4901,52519,62152
'16MA',4901,52519,65352
'16MA',4901,52519,72452
'16MA',4901,52519,75452
'16MA',4901,52519,82552
'16MA',4901,52519,85652
'16MA',4901,52519,92752
'16MA',4901,52519,95852
'16MA',4901,52519,102552
'16MA',4901,52519,105252
'16MA',4901,52519,111952
'16MA',4901,52519,114752
'16MA',4901,52519,121552
'16MA',4901,52519,123752
'16MA',4901,52519,125952
'16MA',4901,52519,131852
'16MA',4901,52519,133852
'16MA',4901,52519,135852
'16MA',4901,52519,141752
'16MA',4901,52519,143652
'16MA',4901,52519,145652
'16MA',4901,52519,151552
'16MA',4901,52519,153052
'16MA',4901,52519,154552
'16MA',4901,52519,160052
'16MA',4901,52519,161552
'16MA',4901,52519,162852
'16MA',4901,52519,164152
'16MA',4901,52519,165452
'16MA',4901,52519,170752
'16MA',4901,52519,172052
'16MA',4901,52519,173052
'16MA',4901,52519,174052
'16MA',4901,52519,175052
'16MA',4901,52519,180052
'16MA',4901,52519,180952
'16MA',4901,52519,181852
'16MA',4901,52519,182852
'16MA',4901,52519,183752
'16MA',4901,52519,184752
'16MA',4901,52519,185852
'16MA',4901,52519,190952
'16MA',4901,52519,192552
'16MA',4901,52519,194252
'16MA',4901,52519,195952
'16MA',4901,52519,201852
'16MA',4901,52519,203852
'16MA',4901,52519,205852
'16MA',4901,52519,211952
'16MA',4901,52519,214052
'16MA',4901,52519,220152
'16MA',4901,52519,222252
'16MA',4901,52519,224352
'16MA',4901,52519,230452
'16MA',4901,52519,232552
'16MA',4901,52519,234652
'16MA',4901,52519,240652
'16MA',4901,52519,242752
'16MA',4901,52519,244852
'16MA',4901,52519,250952
'16MA',4901,52519,253152
'16MA',4901,52519,255352
'16MA',4901,52519,261652
'16MF1',4901,52519,61231
'16MF1',4901,52519,63852
'16MF1',4901,52519,70614
'16MF1',4901,52519,73714
'16MF1',4901,52519,80214
'16MF1',4901,52519,82614
'16MF1',4901,52519,84714
'16MF1',4901,52519,90614
'16MF1',4901,52519,92714
'16MF1',4901,52519,95314
'16MF1',4901,52519,102114
'16MF1',4901,52519,105014
'16MF1',4901,52519,111714
'16MF1',4901,52519,113714
'16MF1',4901,52519,115714
'16MF1',4901,52519,121714
'16MF1',4901,52519,123714
'16MF1',4901,52519,125714
'16MF1',4901,52519,131714
'16MF1',4901,52519,133714
'16MF1',4901,52519,135714
'16MF1',4901,52519,141214
'16MF1',4901,52519,142714
'16MF1',4901,52519,144214
'16MF1',4901,52519,145414
'16MF1',4901,52519,150514
'16MF1',4901,52519,151714
'16MF1',4901,52519,152814
'16MF1',4901,52519,153914
'16MF1',4901,52519,154814
'16MF1',4901,52519,155614
'16MF1',4901,52519,160414
'16MF1',4901,52519,161214
'16MF1',4901,52519,161914
'16MF1',4901,52519,162714
'16MF1',4901,52519,163514
'16MF1',4901,52519,164214
'16MF1',4901,52519,164914
'16MF1',4901,52519,165614
'16MF1',4901,52519,170314
'16MF1',4901,52519,171014
'16MF1',4901,52519,171714
'16MF1',4901,52519,172414
'16MF1',4901,52519,173014
'16MF1',4901,52519,173614
'16MF1',4901,52519,174214
'16MF1',4901,52519,174914
'16MF1',4901,52519,175714
'16MF1',4901,52519,180414
'16MF1',4901,52519,181514
'16MF1',4901,52519,182414
'16MF1',4901,52519,183714
'16MF1',4901,52519,184714
'16MF1',4901,52519,185914
'16MF1',4901,52519,191114
'16MF1',4901,52519,192414
'16MF1',4901,52519,193414
'16MF1',4901,52519,194514
'16MF1',4901,52519,195714
'16MF1',4901,52519,200914
'16MF1',4901,52519,202114
'16MF1',4901,52519,203314
'16MF1',4901,52519,204514
'16MF1',4901,52519,205714
'16MF1',4901,52519,210914
'16MF1',4901,52519,212114
'16MF1',4901,52519,213314
'16MF1',4901,52519,214514
'16MF1',4901,52519,215736
'16MF1',4901,52519,221014
'16MF1',4901,52519,222252
'16MF1',4901,52519,223652
'16MF1',4901,52519,225152
'16MF1',4901,52519,230652
'16MF1',4901,52519,232152
'16MF1',4901,52519,233652
'16MF1',4901,52519,235752
'16MF1',4901,52519,241952
'16MF1',4901,52519,244052
'16MF1',4901,52519,250152
'16MF1',4901,52519,253152
'16MF1',4901,52519,260152
'16MF2',4901,52519,61231
'16MF2',4901,52519,63852
'16MF2',4901,52519,70614
'16MF2',4901,52519,73714
'16MF2',4901,52519,80214
'16MF2',4901,52519,82614
'16MF2',4901,52519,84714
'16MF2',4901,52519,90614
'16MF2',4901,52519,92714
'16MF2',4901,52519,95314
'16MF2',4901,52519,102114
'16MF2',4901,52519,105014
'16MF2',4901,52519,111714
'16MF2',4901,52519,113714
'16MF2',4901,52519,115714
'16MF2',4901,52519,121714
'16MF2',4901,52519,123714
'16MF2',4901,52519,125714
'16MF2',4901,52519,131714
'16MF2',4901,52519,133714
'16MF2',4901,52519,135714
'16MF2',4901,52519,141214
'16MF2',4901,52519,142714
'16MF2',4901,52519,144214
'16MF2',4901,52519,145414
'16MF2',4901,52519,150514
'16MF2',4901,52519,151714
'16MF2',4901,52519,152814
'16MF2',4901,52519,153914
'16MF2',4901,52519,154814
'16MF2',4901,52519,155614
'16MF2',4901,52519,160414
'16MF2',4901,52519,161214
'16MF2',4901,52519,161914
'16MF2',4901,52519,162714
'16MF2',4901,52519,163514
'16MF2',4901,52519,164214
'16MF2',4901,52519,164914
'16MF2',4901,52519,165614
'16MF2',4901,52519,170314
'16MF2',4901,52519,171014
'16MF2',4901,52519,171714
'16MF2',4901,52519,172414
'16MF2',4901,52519,173014
'16MF2',4901,52519,173614
'16MF2',4901,52519,174214
'16MF2',4901,52519,174914
'16MF2',4901,52519,175714
'16MF2',4901,52519,180414
'16MF2',4901,52519,181514
'16MF2',4901,52519,182414
'16MF2',4901,52519,183714
'16MF2',4901,52519,184714
'16MF2',4901,52519,185914
'16MF2',4901,52519,191114
'16MF2',4901,52519,192414
'16MF2',4901,52519,193414
'16MF2',4901,52519,194514
'16MF2',4901,52519,195714
'16MF2',4901,52519,200914
'16MF2',4901,52519,202114
'16MF2',4901,52519,203314
'16MF2',4901,52519,204514
'16MF2',4901,52519,205714
'16MF2',4901,52519,210914
'16MF2',4901,52519,212114
'16MF2',4901,52519,213314
'16MF2',4901,52519,214514
'16MF2',4901,52519,215736
'16MF2',4901,52519,221014
'16MF2',4901,52519,222252
'16MF2',4901,52519,223652
'16MF2',4901,52519,225152
'16MF2',4901,52519,230652
'16MF2',4901,52519,232152
'16MF2',4901,52519,233652
'16MF2',4901,52519,235752
'16MF2',4901,52519,241952
'16MF2',4901,52519,244052
'16MF2',4901,52519,250152
'16MF2',4901,52519,253152
'16MF2',4901,52519,260152
'16MF3',4901,52519,62231
'16MF3',4901,52519,65231
'16MF3',4901,52519,72131
'16MF3',4901,52519,75031
'16MF3',4901,52519,81931
'16MF3',4901,52519,84831
'16MF3',4901,52519,91731
'16MF3',4901,52519,94631
'16MF3',4901,52519,101752
'16MF3',4901,52519,104852
'16MF3',4901,52519,111952
'16MF3',4901,52519,115152
'16MF3',4901,52519,122152
'16MF3',4901,52519,124852
'16MF3',4901,52519,131552
'16MF3',4901,52519,134152
'16MF3',4901,52519,140152
'16MF3',4901,52519,142152
'16MF3',4901,52519,144152
'16MF3',4901,52519,150152
'16MF3',4901,52519,152152
'16MF3',4901,52519,154052
'16MF3',4901,52519,160052
'16MF3',4901,52519,161552
'16MF3',4901,52519,162752
'16MF3',4901,52519,164052
'16MF3',4901,52519,165152
'16MF3',4901,52519,170352
'16MF3',4901,52519,171652
'16MF3',4901,52519,173052
'16MF3',4901,52519,174452
'16MF3',4901,52519,180052
'16MF3',4901,52519,181552
'16MF3',4901,52519,183052
'16MF3',4901,52519,184552
'16MF3',4901,52519,185752
'16MF3',4901,52519,191452
'16MF3',4901,52519,193452
'16MF3',4901,52519,195552
'16MF3',4901,52519,201552
'16MF3',4901,52519,203552
'16MF3',4901,52519,205552
'16MF3',4901,52519,211552
'16MF3',4901,52519,213552
'16MF3',4901,52519,215552
'16MF3',4901,52519,221552
'16MF3',4901,52519,223552
'16MF3',4901,52519,225552
'16MF3',4901,52519,231452
'16MF3',4901,52519,233331
'16MF3',4901,52519,235631
'16MF3',4901,52519,242231
'16MF3',4901,52519,245131
'16MF3',4901,52519,252031
'16MF3',4901,52519,254931
'16MI',4901,52519,62231
'16MI',4901,52519,65231
'16MI',4901,52519,72131
'16MI',4901,52519,75031
'16MI',4901,52519,81931
'16MI',4901,52519,84831
'16MI',4901,52519,91731
'16MI',4901,52519,94631
'16MI',4901,52519,101752
'16MI',4901,52519,104852
'16MI',4901,52519,111952
'16MI',4901,52519,115152
'16MI',4901,52519,122152
'16MI',4901,52519,124852
'16MI',4901,52519,131552
'16MI',4901,52519,134152
'16MI',4901,52519,140152
'16MI',4901,52519,142152
'16MI',4901,52519,144152
'16MI',4901,52519,150152
'16MI',4901,52519,152152
'16MI',4901,52519,154052
'16MI',4901,52519,160052
'16MI',4901,52519,161552
'16MI',4901,52519,162752
'16MI',4901,52519,164052
'16MI',4901,52519,165152
'16MI',4901,52519,170352
'16MI',4901,52519,171652
'16MI',4901,52519,173052
'16MI',4901,52519,174452
'16MI',4901,52519,180052
'16MI',4901,52519,181552
'16MI',4901,52519,183052
'16MI',4901,52519,184552
'16MI',4901,52519,185752
'16MI',4901,52519,191452
'16MI',4901,52519,193452
'16MI',4901,52519,195552
'16MI',4901,52519,201552
'16MI',4901,52519,203552
'16MI',4901,52519,205552
'16MI',4901,52519,211552
'16MI',4901,52519,213552
'16MI',4901,52519,215552
'16MI',4901,52519,221552
'16MI',4901,52519,223552
'16MI',4901,52519,225552
'16MI',4901,52519,231452
'16MI',4901,52519,233331
'16MI',4901,52519,235631
'16MI',4901,52519,242231
'16MI',4901,52519,245131
'16MI',4901,52519,252031
'16MI',4901,52519,254931
'16MS',4901,52519,61231
'16MS',4901,52519,63852
'16MS',4901,52519,70614
'16MS',4901,52519,73714
'16MS',4901,52519,80214
'16MS',4901,52519,82614
'16MS',4901,52519,84714
'16MS',4901,52519,90614
'16MS',4901,52519,92714
'16MS',4901,52519,95314
'16MS',4901,52519,102114
'16MS',4901,52519,105014
'16MS',4901,52519,111714
'16MS',4901,52519,113714
'16MS',4901,52519,115714
'16MS',4901,52519,121714
'16MS',4901,52519,123714
'16MS',4901,52519,125714
'16MS',4901,52519,131714
'16MS',4901,52519,133714
'16MS',4901,52519,135714
'16MS',4901,52519,140914
'16MS',4901,52519,142014
'16MS',4901,52519,143214
'16MS',4901,52519,144314
'16MS',4901,52519,145414
'16MS',4901,52519,150514
'16MS',4901,52519,151714
'16MS',4901,52519,152814
'16MS',4901,52519,153914
'16MS',4901,52519,154814
'16MS',4901,52519,155614
'16MS',4901,52519,160414
'16MS',4901,52519,161214
'16MS',4901,52519,161914
'16MS',4901,52519,162714
'16MS',4901,52519,163514
'16MS',4901,52519,164214
'16MS',4901,52519,164914
'16MS',4901,52519,165614
'16MS',4901,52519,170314
'16MS',4901,52519,171014
'16MS',4901,52519,171714
'16MS',4901,52519,172414
'16MS',4901,52519,173014
'16MS',4901,52519,173614
'16MS',4901,52519,174214
'16MS',4901,52519,174914
'16MS',4901,52519,175714
'16MS',4901,52519,180414
'16MS',4901,52519,181014
'16MS',4901,52519,181514
'16MS',4901,52519,182114
'16MS',4901,52519,182714
'16MS',4901,52519,183414
'16MS',4901,52519,184114
'16MS',4901,52519,184814
'16MS',4901,52519,185814
'16MS',4901,52519,190714
'16MS',4901,52519,191714
'16MS',4901,52519,192714
'16MS',4901,52519,193514
'16MS',4901,52519,194514
'16MS',4901,52519,195514
'16MS',4901,52519,200514
'16MS',4901,52519,201514
'16MS',4901,52519,202414
'16MS',4901,52519,203414
'16MS',4901,52519,204414
'16MS',4901,52519,205414
'16MS',4901,52519,210414
'16MS',4901,52519,211414
'16MS',4901,52519,212414
'16MS',4901,52519,213414
'16MS',4901,52519,214414
'16MS',4901,52519,215414
'16MS',4901,52519,220414
'16MS',4901,52519,221514
'16MS',4901,52519,222552
'16MS',4901,52519,223952
'16MS',4901,52519,225452
'16MS',4901,52519,230952
'16MS',4901,52519,232452
'16MS',4901,52519,233952
'16MS',4901,52519,235452
'16MS',4901,52519,240952
'16MS',4901,52519,242452
'16MS',4901,52519,244152
'16MS',4901,52519,250152
'16MS',4901,52519,253152
'16MS',4901,52519,260152
'16MF1',44903,52519,94026
'16MF1',44903,52519,101026
'16MF1',44903,52519,104026
'16MF1',44903,52519,111026
'16MF1',44903,52519,114026
'16MF1',44903,52519,121026
'16MF1',44903,52519,124026
'16MF1',44903,52519,131026
'16MF1',44903,52519,134026
'16MF1',44903,52519,141026
'16MF1',44903,52519,144026
'16MF1',44903,52519,151026
'16MF1',44903,52519,154026
'16MF1',44903,52519,161126
'16MF1',44903,52519,162726
'16MF1',44903,52519,164226
'16MF1',44903,52519,165726
'16MF1',44903,52519,171026
'16MF1',44903,52519,172526
'16MF1',44903,52519,174026
'16MF1',44903,52519,175426
'16MF1',44903,52519,180826
'16MF1',44903,52519,182326
'16MF1',44903,52519,183626
'16MF1',44903,52519,185526
'16MF1',44903,52519,191526
'16MF1',44903,52519,193526
'16MF1',44903,52519,195526
'16MF1',44903,52519,201826
'16MF1',44903,52519,204326
'16MF1',44903,52519,211326
'16MF1',44903,52519,214326
'16MF1',44903,52519,221326
'16MF1',44903,52519,224326
'16MF2',44903,52519,94026
'16MF2',44903,52519,101026
'16MF2',44903,52519,104026
'16MF2',44903,52519,111026
'16MF2',44903,52519,114026
'16MF2',44903,52519,121026
'16MF2',44903,52519,124026
'16MF2',44903,52519,131026
'16MF2',44903,52519,134026
'16MF2',44903,52519,141026
'16MF2',44903,52519,144026
'16MF2',44903,52519,151026
'16MF2',44903,52519,154026
'16MF2',44903,52519,161126
'16MF2',44903,52519,162726
'16MF2',44903,52519,164226
'16MF2',44903,52519,165726
'16MF2',44903,52519,171026
'16MF2',44903,52519,172526
'16MF2',44903,52519,174026
'16MF2',44903,52519,175426
'16MF2',44903,52519,180826
'16MF2',44903,52519,182326
'16MF2',44903,52519,183626
'16MF2',44903,52519,185526
'16MF2',44903,52519,191526
'16MF2',44903,52519,193526
'16MF2',44903,52519,195526
'16MF2',44903,52519,201826
'16MF2',44903,52519,204326
'16MF2',44903,52519,211326
'16MF2',44903,52519,214326
'16MF2',44903,52519,221326
'16MF2',44903,52519,224326
'16MS',44903,52519,93526
'16MS',44903,52519,100526
'16MS',44903,52519,103526
'16MS',44903,52519,110526
'16MS',44903,52519,113526
'16MS',44903,52519,120526
'16MS',44903,52519,123426
'16MS',44903,52519,130326
'16MS',44903,52519,133226
'16MS',44903,52519,135526
'16MS',44903,52519,141826
'16MS',44903,52519,143926
'16MS',44903,52519,150026
'16MS',44903,52519,152126
'16MS',44903,52519,154226
'16MS',44903,52519,155926
'16MS',44903,52519,161526
'16MS',44903,52519,162826
'16MS',44903,52519,163826
'16MS',44903,52519,164726
'16MS',44903,52519,165626
'16MS',44903,52519,170126
'16MS',44903,52519,170826
'16MS',44903,52519,171426
'16MS',44903,52519,172226
'16MS',44903,52519,172826
'16MS',44903,52519,173426
'16MS',44903,52519,174026
'16MS',44903,52519,174626
'16MS',44903,52519,175126
'16MS',44903,52519,175726
'16MS',44903,52519,180326
'16MS',44903,52519,181026
'16MS',44903,52519,181626
'16MS',44903,52519,182326
'16MS',44903,52519,183026
'16MS',44903,52519,184126
'16MS',44903,52519,185526
'16MS',44903,52519,190926
'16MS',44903,52519,192426
'16MS',44903,52519,194426
'16MS',44903,52519,201326
'16MS',44903,52519,204326
'16MS',44903,52519,211326
'16MS',44903,52519,214326
'16MS',44903,52519,221326
'16MS',44903,52519,224326
