'17NA',11001,57081,53004
'17NA',11001,57081,55704
'17NA',11001,57081,62604
'17NA',11001,57081,65604
'17NA',11001,57081,72804
'17NA',11001,57081,75913
'17NA',11001,57081,83013
'17NA',11001,57081,90013
'17NA',11001,57081,93031
'17NA',11001,57081,100231
'17NA',11001,57081,103231
'17NA',11001,57081,110131
'17NA',11001,57081,112631
'17NA',11001,57081,115031
'17NA',11001,57081,121531
'17NA',11001,57081,124031
'17NA',11001,57081,130631
'17NA',11001,57081,132931
'17NA',11001,57081,135131
'17NA',11001,57081,142031
'17NA',11001,57081,145031
'17NA',11001,57081,152031
'17NA',11001,57081,155031
'17NA',11001,57081,162131
'17NA',11001,57081,165531
'17NA',11001,57081,172131
'17NA',11001,57081,174631
'17NA',11001,57081,181231
'17NA',11001,57081,183931
'17NA',11001,57081,190931
'17NA',11001,57081,194031
'17NA',11001,57081,201031
'17NA',11001,57081,204131
'17NA',11001,57081,211031
'17NA',11001,57081,214031
'17NA',11001,57081,220922
'17NA',11001,57081,223922
'17NA',11001,57081,230722
'17NA',11001,57081,233513
'17NA',11001,57081,240113
'17NA',11001,57081,242713
'17NA',11001,57081,245413
'17NA',11001,57081,252113
'17NA',11001,57081,254513
'17NF1',11001,57081,60313
'17NF1',11001,57081,63013
'17NF1',11001,57081,65913
'17NF1',11001,57081,72813
'17NF1',11001,57081,75813
'17NF1',11001,57081,82813
'17NF1',11001,57081,85822
'17NF1',11001,57081,93122
'17NF1',11001,57081,100222
'17NF1',11001,57081,103322
'17NF1',11001,57081,110422
'17NF1',11001,57081,113522
'17NF1',11001,57081,120722
'17NF1',11001,57081,123922
'17NF1',11001,57081,131022
'17NF1',11001,57081,134122
'17NF1',11001,57081,141222
'17NF1',11001,57081,144322
'17NF1',11001,57081,151322
'17NF1',11001,57081,154422
'17NF1',11001,57081,161522
'17NF1',11001,57081,164622
'17NF1',11001,57081,171622
'17NF1',11001,57081,174822
'17NF1',11001,57081,182013
'17NF1',11001,57081,185213
'17NF1',11001,57081,192013
'17NF1',11001,57081,195113
'17NF1',11001,57081,201913
'17NF1',11001,57081,204713
'17NF1',11001,57081,211513
'17NF1',11001,57081,214313
'17NF1',11001,57081,221013
'17NF1',11001,57081,223713
'17NF1',11001,57081,230313
'17NF1',11001,57081,233213
'17NF1',11001,57081,240013
'17NF1',11001,57081,242413
'17NF1',11001,57081,244813
'17NF1',11001,57081,251613
'17NF2',11001,57081,60313
'17NF2',11001,57081,63013
'17NF2',11001,57081,65913
'17NF2',11001,57081,72813
'17NF2',11001,57081,75813
'17NF2',11001,57081,82813
'17NF2',11001,57081,85822
'17NF2',11001,57081,93122
'17NF2',11001,57081,100222
'17NF2',11001,57081,103322
'17NF2',11001,57081,110422
'17NF2',11001,57081,113522
'17NF2',11001,57081,120722
'17NF2',11001,57081,123922
'17NF2',11001,57081,131022
'17NF2',11001,57081,134122
'17NF2',11001,57081,141222
'17NF2',11001,57081,144322
'17NF2',11001,57081,151322
'17NF2',11001,57081,154422
'17NF2',11001,57081,161522
'17NF2',11001,57081,164622
'17NF2',11001,57081,171622
'17NF2',11001,57081,174822
'17NF2',11001,57081,182013
'17NF2',11001,57081,185213
'17NF2',11001,57081,192013
'17NF2',11001,57081,195113
'17NF2',11001,57081,201913
'17NF2',11001,57081,204713
'17NF2',11001,57081,211513
'17NF2',11001,57081,214313
'17NF2',11001,57081,221013
'17NF2',11001,57081,223713
'17NF2',11001,57081,230313
'17NF2',11001,57081,233213
'17NF2',11001,57081,240013
'17NF2',11001,57081,242413
'17NF2',11001,57081,244813
'17NF2',11001,57081,251613
'17NF3',11001,57081,60313
'17NF3',11001,57081,63013
'17NF3',11001,57081,65913
'17NF3',11001,57081,72813
'17NF3',11001,57081,75813
'17NF3',11001,57081,82813
'17NF3',11001,57081,85822
'17NF3',11001,57081,93122
'17NF3',11001,57081,100222
'17NF3',11001,57081,103322
'17NF3',11001,57081,110422
'17NF3',11001,57081,113522
'17NF3',11001,57081,120722
'17NF3',11001,57081,123922
'17NF3',11001,57081,131022
'17NF3',11001,57081,134122
'17NF3',11001,57081,141222
'17NF3',11001,57081,144322
'17NF3',11001,57081,151322
'17NF3',11001,57081,154422
'17NF3',11001,57081,161522
'17NF3',11001,57081,164622
'17NF3',11001,57081,171622
'17NF3',11001,57081,174822
'17NF3',11001,57081,182013
'17NF3',11001,57081,185213
'17NF3',11001,57081,192013
'17NF3',11001,57081,195113
'17NF3',11001,57081,201913
'17NF3',11001,57081,204713
'17NF3',11001,57081,211513
'17NF3',11001,57081,214313
'17NF3',11001,57081,221013
'17NF3',11001,57081,223713
'17NF3',11001,57081,230313
'17NF3',11001,57081,233213
'17NF3',11001,57081,240013
'17NF3',11001,57081,242413
'17NF3',11001,57081,244813
'17NF3',11001,57081,251613
'17NF4',11001,57081,60313
'17NF4',11001,57081,63013
'17NF4',11001,57081,65913
'17NF4',11001,57081,72813
'17NF4',11001,57081,75813
'17NF4',11001,57081,82813
'17NF4',11001,57081,85822
'17NF4',11001,57081,93122
'17NF4',11001,57081,100222
'17NF4',11001,57081,103322
'17NF4',11001,57081,110422
'17NF4',11001,57081,113522
'17NF4',11001,57081,120722
'17NF4',11001,57081,123922
'17NF4',11001,57081,131022
'17NF4',11001,57081,134122
'17NF4',11001,57081,141222
'17NF4',11001,57081,144322
'17NF4',11001,57081,151322
'17NF4',11001,57081,154422
'17NF4',11001,57081,161522
'17NF4',11001,57081,164622
'17NF4',11001,57081,171622
'17NF4',11001,57081,174822
'17NF4',11001,57081,182013
'17NF4',11001,57081,185213
'17NF4',11001,57081,192013
'17NF4',11001,57081,195113
'17NF4',11001,57081,201913
'17NF4',11001,57081,204713
'17NF4',11001,57081,211513
'17NF4',11001,57081,214313
'17NF4',11001,57081,221013
'17NF4',11001,57081,223713
'17NF4',11001,57081,230313
'17NF4',11001,57081,233213
'17NF4',11001,57081,240013
'17NF4',11001,57081,242413
'17NF4',11001,57081,244813
'17NF4',11001,57081,251613
'17NI',11001,57081,60313
'17NI',11001,57081,63013
'17NI',11001,57081,65913
'17NI',11001,57081,72813
'17NI',11001,57081,75813
'17NI',11001,57081,82813
'17NI',11001,57081,85822
'17NI',11001,57081,93122
'17NI',11001,57081,100222
'17NI',11001,57081,103322
'17NI',11001,57081,110422
'17NI',11001,57081,113522
'17NI',11001,57081,120722
'17NI',11001,57081,123922
'17NI',11001,57081,131022
'17NI',11001,57081,134122
'17NI',11001,57081,141222
'17NI',11001,57081,144322
'17NI',11001,57081,151322
'17NI',11001,57081,154422
'17NI',11001,57081,161522
'17NI',11001,57081,164622
'17NI',11001,57081,171622
'17NI',11001,57081,174822
'17NI',11001,57081,182013
'17NI',11001,57081,185213
'17NI',11001,57081,192013
'17NI',11001,57081,195113
'17NI',11001,57081,201913
'17NI',11001,57081,204713
'17NI',11001,57081,211513
'17NI',11001,57081,214313
'17NI',11001,57081,221013
'17NI',11001,57081,223713
'17NI',11001,57081,230313
'17NI',11001,57081,233213
'17NI',11001,57081,240013
'17NI',11001,57081,242413
'17NI',11001,57081,244813
'17NI',11001,57081,251613
'17NS',11001,57081,50713
'17NS',11001,57081,54213
'17NS',11001,57081,60722
'17NS',11001,57081,62822
'17NS',11001,57081,64622
'17NS',11001,57081,70322
'17NS',11001,57081,71522
'17NS',11001,57081,72722
'17NS',11001,57081,74122
'17NS',11001,57081,75422
'17NS',11001,57081,80622
'17NS',11001,57081,81222
'17NS',11001,57081,82222
'17NS',11001,57081,83322
'17NS',11001,57081,84222
'17NS',11001,57081,90622
'17NS',11001,57081,93522
'17NS',11001,57081,100422
'17NS',11001,57081,103322
'17NS',11001,57081,110122
'17NS',11001,57081,113022
'17NS',11001,57081,115722
'17NS',11001,57081,122422
'17NS',11001,57081,124222
'17NS',11001,57081,130022
'17NS',11001,57081,132122
'17NS',11001,57081,135122
'17NS',11001,57081,142122
'17NS',11001,57081,145022
'17NS',11001,57081,152222
'17NS',11001,57081,155040
'17NS',11001,57081,162140
'17NS',11001,57081,165022
'17NS',11001,57081,171922
'17NS',11001,57081,174813
'17NS',11001,57081,181713
'17NS',11001,57081,184513
'17NS',11001,57081,191713
'17NS',11001,57081,194713
'17NS',11001,57081,201613
'17NS',11001,57081,204613
'17NS',11001,57081,211713
'17NS',11001,57081,214713
'17NS',11001,57081,221913
'17NS',11001,57081,224913
'17NS',11001,57081,231813
'17NS',11001,57081,234813
'17NS',11001,57081,241913
'17NS',11001,57081,244713
'17NS',11001,57081,251613
