'17SA',20802,57891,64431
'17SA',20802,57891,71131
'17SA',20802,57891,73931
'17SA',20802,57891,81031
'17SA',20802,57891,83731
'17SA',20802,57891,90738
'17SA',20802,57891,93738
'17SA',20802,57891,100738
'17SA',20802,57891,103738
'17SA',20802,57891,111038
'17SA',20802,57891,114138
'17SA',20802,57891,121138
'17SA',20802,57891,123638
'17SA',20802,57891,130138
'17SA',20802,57891,132638
'17SA',20802,57891,135138
'17SA',20802,57891,141638
'17SA',20802,57891,144238
'17SA',20802,57891,150838
'17SA',20802,57891,153738
'17SA',20802,57891,160738
'17SA',20802,57891,163738
'17SA',20802,57891,170738
'17SA',20802,57891,173638
'17SA',20802,57891,180238
'17SA',20802,57891,182838
'17SA',20802,57891,185438
'17SA',20802,57891,192038
'17SA',20802,57891,194738
'17SA',20802,57891,201231
'17SA',20802,57891,204131
'17SA',20802,57891,211131
'17SA',20802,57891,214031
'17SA',20802,57891,220931
'17SA',20802,57891,223731
'17SA',20802,57891,230431
'17SA',20802,57891,233331
'17SA',20802,57891,240131
'17SA',20802,57891,243031
'17SF1',20802,57891,81238
'17SF1',20802,57891,84238
'17SF1',20802,57891,91344
'17SF1',20802,57891,94544
'17SF1',20802,57891,101544
'17SF1',20802,57891,104444
'17SF1',20802,57891,111444
'17SF1',20802,57891,114444
'17SF1',20802,57891,121744
'17SF1',20802,57891,124844
'17SF1',20802,57891,132044
'17SF1',20802,57891,135344
'17SF1',20802,57891,142444
'17SF1',20802,57891,145644
'17SF1',20802,57891,152944
'17SF1',20802,57891,160038
'17SF1',20802,57891,163138
'17SF1',20802,57891,170338
'17SF1',20802,57891,173438
'17SF1',20802,57891,180338
'17SF1',20802,57891,182838
'17SF1',20802,57891,185338
'17SF1',20802,57891,191838
'17SF1',20802,57891,194738
'17SF1',20802,57891,201625
'17SF1',20802,57891,204625
'17SF1',20802,57891,211625
'17SF1',20802,57891,214625
'17SF1',20802,57891,221625
'17SF1',20802,57891,224625
'17SF1',20802,57891,231625
'17SF1',20802,57891,234425
'17SF1',20802,57891,241025
'17SF1',20802,57891,243925
'17SF2',20802,57891,81238
'17SF2',20802,57891,84238
'17SF2',20802,57891,91344
'17SF2',20802,57891,94544
'17SF2',20802,57891,101544
'17SF2',20802,57891,104444
'17SF2',20802,57891,111444
'17SF2',20802,57891,114444
'17SF2',20802,57891,121744
'17SF2',20802,57891,124844
'17SF2',20802,57891,132044
'17SF2',20802,57891,135344
'17SF2',20802,57891,142444
'17SF2',20802,57891,145644
'17SF2',20802,57891,152944
'17SF2',20802,57891,160038
'17SF2',20802,57891,163138
'17SF2',20802,57891,170338
'17SF2',20802,57891,173438
'17SF2',20802,57891,180338
'17SF2',20802,57891,182838
'17SF2',20802,57891,185338
'17SF2',20802,57891,191838
'17SF2',20802,57891,194738
'17SF2',20802,57891,201625
'17SF2',20802,57891,204625
'17SF2',20802,57891,211625
'17SF2',20802,57891,214625
'17SF2',20802,57891,221625
'17SF2',20802,57891,224625
'17SF2',20802,57891,231625
'17SF2',20802,57891,234425
'17SF2',20802,57891,241025
'17SF2',20802,57891,243925
'17SI',20802,57891,81238
'17SI',20802,57891,84238
'17SI',20802,57891,91344
'17SI',20802,57891,94544
'17SI',20802,57891,101544
'17SI',20802,57891,104444
'17SI',20802,57891,111444
'17SI',20802,57891,114444
'17SI',20802,57891,121744
'17SI',20802,57891,124844
'17SI',20802,57891,132044
'17SI',20802,57891,135344
'17SI',20802,57891,142444
'17SI',20802,57891,145644
'17SI',20802,57891,152944
'17SI',20802,57891,160038
'17SI',20802,57891,163138
'17SI',20802,57891,170338
'17SI',20802,57891,173438
'17SI',20802,57891,180338
'17SI',20802,57891,182838
'17SI',20802,57891,185338
'17SI',20802,57891,191838
'17SI',20802,57891,194738
'17SI',20802,57891,201625
'17SI',20802,57891,204625
'17SI',20802,57891,211625
'17SI',20802,57891,214625
'17SI',20802,57891,221625
'17SI',20802,57891,224625
'17SI',20802,57891,231625
'17SI',20802,57891,234425
'17SI',20802,57891,241025
'17SI',20802,57891,243925
'17SS',20802,57891,65038
'17SS',20802,57891,72438
'17SS',20802,57891,75138
'17SS',20802,57891,81738
'17SS',20802,57891,84238
'17SS',20802,57891,90938
'17SS',20802,57891,93638
'17SS',20802,57891,100338
'17SS',20802,57891,102938
'17SS',20802,57891,105738
'17SS',20802,57891,112538
'17SS',20802,57891,115438
'17SS',20802,57891,122438
'17SS',20802,57891,125438
'17SS',20802,57891,132338
'17SS',20802,57891,135238
'17SS',20802,57891,142038
'17SS',20802,57891,144638
'17SS',20802,57891,151344
'17SS',20802,57891,153844
'17SS',20802,57891,161044
'17SS',20802,57891,163544
'17SS',20802,57891,165644
'17SS',20802,57891,171544
'17SS',20802,57891,174144
'17SS',20802,57891,180331
'17SS',20802,57891,181931
'17SS',20802,57891,183831
'17SS',20802,57891,185731
'17SS',20802,57891,192731
'17SS',20802,57891,194731
'17SS',20802,57891,201331
'17SS',20802,57891,204331
'17SS',20802,57891,211331
'17SS',20802,57891,214331
'17SS',20802,57891,221431
'17SS',20802,57891,224425
'17SS',20802,57891,231625
'17SS',20802,57891,234625
'17SS',20802,57891,242725
