'15NA',12804,55795,60132
'15NA',12804,55795,63632
'15NA',12804,55795,71232
'15NA',12804,55795,75048
'15NA',12804,55795,82848
'15NA',12804,55795,90248
'15NA',12804,55795,94048
'15NA',12804,55795,100748
'15NA',12804,55795,101748
'15NA',12804,55795,105503
'15NA',12804,55795,112203
'15NA',12804,55795,114803
'15NA',12804,55795,121303
'15NA',12804,55795,123803
'15NA',12804,55795,130603
'15NA',12804,55795,133503
'15NA',12804,55795,140103
'15NA',12804,55795,142703
'15NA',12804,55795,145303
'15NA',12804,55795,151803
'15NA',12804,55795,154403
'15NA',12804,55795,161003
'15NA',12804,55795,163603
'15NA',12804,55795,170503
'15NA',12804,55795,173148
'15NA',12804,55795,180548
'15NA',12804,55795,184248
'15NA',12804,55795,191748
'15NA',12804,55795,195048
'15NA',12804,55795,200248
'15NA',12804,55795,202848
'15NA',12804,55795,210248
'15NA',12804,55795,213548
'15NA',12804,55795,220848
'15NA',12804,55795,223848
'15NA',12804,55795,230648
'15NA',12804,55795,233148
'15NF1',12804,55795,60148
'15NF1',12804,55795,63948
'15NF1',12804,55795,71348
'15NF1',12804,55795,74548
'15NF1',12804,55795,81748
'15NF1',12804,55795,85348
'15NF1',12804,55795,93148
'15NF1',12804,55795,100948
'15NF1',12804,55795,103748
'15NF1',12804,55795,110248
'15NF1',12804,55795,113148
'15NF1',12804,55795,120448
'15NF1',12804,55795,124048
'15NF1',12804,55795,131448
'15NF1',12804,55795,134148
'15NF1',12804,55795,140548
'15NF1',12804,55795,143248
'15NF1',12804,55795,145848
'15NF1',12804,55795,153648
'15NF1',12804,55795,160848
'15NF1',12804,55795,163848
'15NF1',12804,55795,170848
'15NF1',12804,55795,173848
'15NF1',12804,55795,181148
'15NF1',12804,55795,183948
'15NF1',12804,55795,190948
'15NF1',12804,55795,193948
'15NF1',12804,55795,200748
'15NF1',12804,55795,203648
'15NF1',12804,55795,210648
'15NF1',12804,55795,213648
'15NF1',12804,55795,220648
'15NF1',12804,55795,223632
'15NF1',12804,55795,230432
'15NF1',12804,55795,233132
'15NF2',12804,55795,60132
'15NF2',12804,55795,63632
'15NF2',12804,55795,71232
'15NF2',12804,55795,75048
'15NF2',12804,55795,82848
'15NF2',12804,55795,90248
'15NF2',12804,55795,94048
'15NF2',12804,55795,100748
'15NF2',12804,55795,101748
'15NF2',12804,55795,105503
'15NF2',12804,55795,112203
'15NF2',12804,55795,114803
'15NF2',12804,55795,121303
'15NF2',12804,55795,123803
'15NF2',12804,55795,130603
'15NF2',12804,55795,133503
'15NF2',12804,55795,140103
'15NF2',12804,55795,142703
'15NF2',12804,55795,145303
'15NF2',12804,55795,151803
'15NF2',12804,55795,154403
'15NF2',12804,55795,161003
'15NF2',12804,55795,163603
'15NF2',12804,55795,170503
'15NF2',12804,55795,173148
'15NF2',12804,55795,180548
'15NF2',12804,55795,184248
'15NF2',12804,55795,191748
'15NF2',12804,55795,195048
'15NF2',12804,55795,200248
'15NF2',12804,55795,202848
'15NF2',12804,55795,210248
'15NF2',12804,55795,213548
'15NF2',12804,55795,220848
'15NF2',12804,55795,223848
'15NF2',12804,55795,230648
'15NF2',12804,55795,233148
'15NF3',12804,55795,60148
'15NF3',12804,55795,63948
'15NF3',12804,55795,71348
'15NF3',12804,55795,74548
'15NF3',12804,55795,81748
'15NF3',12804,55795,85348
'15NF3',12804,55795,93148
'15NF3',12804,55795,100948
'15NF3',12804,55795,103748
'15NF3',12804,55795,110248
'15NF3',12804,55795,113148
'15NF3',12804,55795,120448
'15NF3',12804,55795,124048
'15NF3',12804,55795,131448
'15NF3',12804,55795,134148
'15NF3',12804,55795,140548
'15NF3',12804,55795,143248
'15NF3',12804,55795,145848
'15NF3',12804,55795,153648
'15NF3',12804,55795,160848
'15NF3',12804,55795,163848
'15NF3',12804,55795,170848
'15NF3',12804,55795,173848
'15NF3',12804,55795,181148
'15NF3',12804,55795,183948
'15NF3',12804,55795,190948
'15NF3',12804,55795,193948
'15NF3',12804,55795,200748
'15NF3',12804,55795,203648
'15NF3',12804,55795,210648
'15NF3',12804,55795,213648
'15NF3',12804,55795,220648
'15NF3',12804,55795,223632
'15NF3',12804,55795,230432
'15NF3',12804,55795,233132
'15NF4',12804,55795,60132
'15NF4',12804,55795,63632
'15NF4',12804,55795,71232
'15NF4',12804,55795,75048
'15NF4',12804,55795,82848
'15NF4',12804,55795,90248
'15NF4',12804,55795,94048
'15NF4',12804,55795,100748
'15NF4',12804,55795,101748
'15NF4',12804,55795,105503
'15NF4',12804,55795,112203
'15NF4',12804,55795,114803
'15NF4',12804,55795,121303
'15NF4',12804,55795,123803
'15NF4',12804,55795,130603
'15NF4',12804,55795,133503
'15NF4',12804,55795,140103
'15NF4',12804,55795,142703
'15NF4',12804,55795,145303
'15NF4',12804,55795,151803
'15NF4',12804,55795,154403
'15NF4',12804,55795,161003
'15NF4',12804,55795,163603
'15NF4',12804,55795,170503
'15NF4',12804,55795,173148
'15NF4',12804,55795,180548
'15NF4',12804,55795,184248
'15NF4',12804,55795,191748
'15NF4',12804,55795,195048
'15NF4',12804,55795,200248
'15NF4',12804,55795,202848
'15NF4',12804,55795,210248
'15NF4',12804,55795,213548
'15NF4',12804,55795,220848
'15NF4',12804,55795,223848
'15NF4',12804,55795,230648
'15NF4',12804,55795,233148
'15NI',12804,55795,60148
'15NI',12804,55795,63948
'15NI',12804,55795,71348
'15NI',12804,55795,74548
'15NI',12804,55795,81748
'15NI',12804,55795,85348
'15NI',12804,55795,93148
'15NI',12804,55795,100948
'15NI',12804,55795,103748
'15NI',12804,55795,110248
'15NI',12804,55795,113148
'15NI',12804,55795,120448
'15NI',12804,55795,124048
'15NI',12804,55795,131448
'15NI',12804,55795,134148
'15NI',12804,55795,140548
'15NI',12804,55795,143248
'15NI',12804,55795,145848
'15NI',12804,55795,153648
'15NI',12804,55795,160848
'15NI',12804,55795,163848
'15NI',12804,55795,170848
'15NI',12804,55795,173848
'15NI',12804,55795,181148
'15NI',12804,55795,183948
'15NI',12804,55795,190948
'15NI',12804,55795,193948
'15NI',12804,55795,200748
'15NI',12804,55795,203648
'15NI',12804,55795,210648
'15NI',12804,55795,213648
'15NI',12804,55795,220648
'15NI',12804,55795,223632
'15NI',12804,55795,230432
'15NI',12804,55795,233132
'15NS',12804,55795,53103
'15NS',12804,55795,55403
'15NS',12804,55795,61703
'15NS',12804,55795,64419
'15NS',12804,55795,71534
'15NS',12804,55795,74634
'15NS',12804,55795,82334
'15NS',12804,55795,85419
'15NS',12804,55795,92219
'15NS',12804,55795,95119
'15NS',12804,55795,102019
'15NS',12804,55795,105019
'15NS',12804,55795,112019
'15NS',12804,55795,115019
'15NS',12804,55795,122019
'15NS',12804,55795,125019
'15NS',12804,55795,131919
'15NS',12804,55795,134919
'15NS',12804,55795,141819
'15NS',12804,55795,144719
'15NS',12804,55795,152119
'15NS',12804,55795,155319
'15NS',12804,55795,162519
'15NS',12804,55795,165534
'15NS',12804,55795,172834
'15NS',12804,55795,180403
'15NS',12804,55795,183303
'15NS',12804,55795,190203
'15NS',12804,55795,193103
'15NS',12804,55795,200148
'15NS',12804,55795,203148
'15NS',12804,55795,210148
'15NS',12804,55795,213148
'15NS',12804,55795,220148
'15NS',12804,55795,223748
'15NS',12804,55795,230748
'15NS',12804,55795,233248
