'17UA',18501,52949,55834
'17UA',18501,52949,62834
'17UA',18501,52949,65934
'17UA',18501,52949,73234
'17UA',18501,52949,80622
'17UA',18501,52949,83922
'17UA',18501,52949,91122
'17UA',18501,52949,94210
'17UA',18501,52949,101110
'17UA',18501,52949,103910
'17UA',18501,52949,110810
'17UA',18501,52949,113710
'17UA',18501,52949,120610
'17UA',18501,52949,123410
'17UA',18501,52949,130310
'17UA',18501,52949,133258
'17UA',18501,52949,140158
'17UA',18501,52949,143158
'17UA',18501,52949,150158
'17UA',18501,52949,153058
'17UA',18501,52949,155910
'17UA',18501,52949,162810
'17UA',18501,52949,165610
'17UA',18501,52949,172510
'17UA',18501,52949,175310
'17UA',18501,52949,182110
'17UA',18501,52949,184822
'17UA',18501,52949,191822
'17UA',18501,52949,194822
'17UA',18501,52949,201634
'17UA',18501,52949,204534
'17UA',18501,52949,211534
'17UA',18501,52949,214534
'17UA',18501,52949,221534
'17UA',18501,52949,224534
'17UA',18501,52949,231534
'17UA',18501,52949,234534
'17UA',18501,52949,241534
'17UA',18501,52949,244534
'17UA',18501,52949,251534
'17UF1',18501,52949,55834
'17UF1',18501,52949,62834
'17UF1',18501,52949,65934
'17UF1',18501,52949,73234
'17UF1',18501,52949,80622
'17UF1',18501,52949,83922
'17UF1',18501,52949,91122
'17UF1',18501,52949,94210
'17UF1',18501,52949,101110
'17UF1',18501,52949,103910
'17UF1',18501,52949,110810
'17UF1',18501,52949,113710
'17UF1',18501,52949,120610
'17UF1',18501,52949,123410
'17UF1',18501,52949,130310
'17UF1',18501,52949,133258
'17UF1',18501,52949,140158
'17UF1',18501,52949,143158
'17UF1',18501,52949,150158
'17UF1',18501,52949,153058
'17UF1',18501,52949,155910
'17UF1',18501,52949,162810
'17UF1',18501,52949,165610
'17UF1',18501,52949,172510
'17UF1',18501,52949,175310
'17UF1',18501,52949,182110
'17UF1',18501,52949,184822
'17UF1',18501,52949,191822
'17UF1',18501,52949,194822
'17UF1',18501,52949,201634
'17UF1',18501,52949,204534
'17UF1',18501,52949,211534
'17UF1',18501,52949,214534
'17UF1',18501,52949,221534
'17UF1',18501,52949,224534
'17UF1',18501,52949,231534
'17UF1',18501,52949,234534
'17UF1',18501,52949,241534
'17UF1',18501,52949,244534
'17UF1',18501,52949,251534
'17UF2',18501,52949,55834
'17UF2',18501,52949,62834
'17UF2',18501,52949,65934
'17UF2',18501,52949,73234
'17UF2',18501,52949,80622
'17UF2',18501,52949,83922
'17UF2',18501,52949,91122
'17UF2',18501,52949,94210
'17UF2',18501,52949,101110
'17UF2',18501,52949,103910
'17UF2',18501,52949,110810
'17UF2',18501,52949,113710
'17UF2',18501,52949,120610
'17UF2',18501,52949,123410
'17UF2',18501,52949,130310
'17UF2',18501,52949,133258
'17UF2',18501,52949,140158
'17UF2',18501,52949,143158
'17UF2',18501,52949,150158
'17UF2',18501,52949,153058
'17UF2',18501,52949,155910
'17UF2',18501,52949,162810
'17UF2',18501,52949,165610
'17UF2',18501,52949,172510
'17UF2',18501,52949,175310
'17UF2',18501,52949,182110
'17UF2',18501,52949,184822
'17UF2',18501,52949,191822
'17UF2',18501,52949,194822
'17UF2',18501,52949,201634
'17UF2',18501,52949,204534
'17UF2',18501,52949,211534
'17UF2',18501,52949,214534
'17UF2',18501,52949,221534
'17UF2',18501,52949,224534
'17UF2',18501,52949,231534
'17UF2',18501,52949,234534
'17UF2',18501,52949,241534
'17UF2',18501,52949,244534
'17UF2',18501,52949,251534
'17UI',18501,52949,55447
'17UI',18501,52949,62547
'17UI',18501,52949,65734
'17UI',18501,52949,72934
'17UI',18501,52949,80034
'17UI',18501,52949,83234
'17UI',18501,52949,90522
'17UI',18501,52949,93858
'17UI',18501,52949,101058
'17UI',18501,52949,104258
'17UI',18501,52949,111258
'17UI',18501,52949,114258
'17UI',18501,52949,121258
'17UI',18501,52949,124258
'17UI',18501,52949,131258
'17UI',18501,52949,134258
'17UI',18501,52949,141358
'17UI',18501,52949,144458
'17UI',18501,52949,151558
'17UI',18501,52949,154658
'17UI',18501,52949,161758
'17UI',18501,52949,164810
'17UI',18501,52949,171910
'17UI',18501,52949,174910
'17UI',18501,52949,181910
'17UI',18501,52949,184822
'17UI',18501,52949,191822
'17UI',18501,52949,194722
'17UI',18501,52949,201622
'17UI',18501,52949,204622
'17UI',18501,52949,211622
'17UI',18501,52949,214622
'17UI',18501,52949,221622
'17UI',18501,52949,224622
'17UI',18501,52949,231622
'17UI',18501,52949,234622
'17UI',18501,52949,241622
'17UI',18501,52949,244622
'17UI',18501,52949,251622
'17US',18501,52949,60810
'17US',18501,52949,63710
'17US',18501,52949,70758
'17US',18501,52949,73946
'17US',18501,52949,81046
'17US',18501,52949,83858
'17US',18501,52949,90858
'17US',18501,52949,93846
'17US',18501,52949,100846
'17US',18501,52949,103846
'17US',18501,52949,110846
'17US',18501,52949,113846
'17US',18501,52949,120846
'17US',18501,52949,123846
'17US',18501,52949,130946
'17US',18501,52949,134146
'17US',18501,52949,141446
'17US',18501,52949,144746
'17US',18501,52949,152133
'17US',18501,52949,155433
'17US',18501,52949,162733
'17US',18501,52949,170033
'17US',18501,52949,172933
'17US',18501,52949,175733
'17US',18501,52949,182533
'17US',18501,52949,185158
'17US',18501,52949,192058
'17US',18501,52949,194958
'17US',18501,52949,201810
'17US',18501,52949,204710
'17US',18501,52949,211610
'17US',18501,52949,214510
'17US',18501,52949,221310
'17US',18501,52949,224022
'17US',18501,52949,230822
'17US',18501,52949,233534
'17US',18501,52949,240734
'17US',18501,52949,244134
'17US',18501,52949,251534
'17UA',36401,52949,260049
'17UA',36401,52949,264749
'17UA',36401,52949,272049
'17UA',36401,52949,273049
'17UA',36401,52949,281549
'17UA',36401,52949,285949
'17UF1',36401,52949,260049
'17UF1',36401,52949,264749
'17UF1',36401,52949,272049
'17UF1',36401,52949,273049
'17UF1',36401,52949,281549
'17UF1',36401,52949,285949
'17UF2',36401,52949,260049
'17UF2',36401,52949,264749
'17UF2',36401,52949,272049
'17UF2',36401,52949,273049
'17UF2',36401,52949,281549
'17UF2',36401,52949,285949
'17UI',36401,52949,255949
'17UI',36401,52949,264549
'17UI',36401,52949,272049
'17UI',36401,52949,273049
'17UI',36401,52949,281449
'17UI',36401,52949,285949
'17US',36401,52949,255949
'17US',36401,52949,264449
'17US',36401,52949,272949
'17US',36401,52949,281449
'17US',36401,52949,285949
