'15NA',1801,52360,50800
'15NA',1801,52360,52900
'15NA',1801,52360,60000
'15NA',1801,52360,63000
'15NA',1801,52360,70000
'15NA',1801,52360,73500
'15NA',1801,52360,80600
'15NA',1801,52360,83300
'15NA',1801,52360,85600
'15NA',1801,52360,91600
'15NA',1801,52360,93600
'15NA',1801,52360,95500
'15NA',1801,52360,101200
'15NA',1801,52360,102900
'15NA',1801,52360,104400
'15NA',1801,52360,110100
'15NA',1801,52360,111600
'15NA',1801,52360,113100
'15NA',1801,52360,114700
'15NA',1801,52360,120100
'15NA',1801,52360,121200
'15NA',1801,52360,122300
'15NA',1801,52360,123100
'15NA',1801,52360,123900
'15NA',1801,52360,124700
'15NA',1801,52360,125700
'15NA',1801,52360,130700
'15NA',1801,52360,131600
'15NA',1801,52360,132600
'15NA',1801,52360,133400
'15NA',1801,52360,134100
'15NA',1801,52360,134900
'15NA',1801,52360,135700
'15NA',1801,52360,140600
'15NA',1801,52360,141600
'15NA',1801,52360,142600
'15NA',1801,52360,143600
'15NA',1801,52360,144600
'15NA',1801,52360,145600
'15NA',1801,52360,150400
'15NA',1801,52360,151100
'15NA',1801,52360,151900
'15NA',1801,52360,152600
'15NA',1801,52360,153300
'15NA',1801,52360,154000
'15NA',1801,52360,154700
'15NA',1801,52360,155300
'15NA',1801,52360,155900
'15NA',1801,52360,160500
'15NA',1801,52360,160900
'15NA',1801,52360,161500
'15NA',1801,52360,162200
'15NA',1801,52360,162900
'15NA',1801,52360,163600
'15NA',1801,52360,164200
'15NA',1801,52360,164800
'15NA',1801,52360,165400
'15NA',1801,52360,170000
'15NA',1801,52360,170500
'15NA',1801,52360,171100
'15NA',1801,52360,171600
'15NA',1801,52360,172200
'15NA',1801,52360,172900
'15NA',1801,52360,173400
'15NA',1801,52360,173800
'15NA',1801,52360,174300
'15NA',1801,52360,174800
'15NA',1801,52360,175300
'15NA',1801,52360,180000
'15NA',1801,52360,180700
'15NA',1801,52360,181300
'15NA',1801,52360,182200
'15NA',1801,52360,183100
'15NA',1801,52360,183900
'15NA',1801,52360,184600
'15NA',1801,52360,185400
'15NA',1801,52360,190100
'15NA',1801,52360,190800
'15NA',1801,52360,191600
'15NA',1801,52360,192400
'15NA',1801,52360,193100
'15NA',1801,52360,194200
'15NA',1801,52360,195500
'15NA',1801,52360,200900
'15NA',1801,52360,202300
'15NA',1801,52360,203700
'15NA',1801,52360,205100
'15NA',1801,52360,210400
'15NA',1801,52360,211700
'15NA',1801,52360,213200
'15NA',1801,52360,214600
'15NA',1801,52360,220100
'15NA',1801,52360,221500
'15NA',1801,52360,223100
'15NA',1801,52360,224700
'15NA',1801,52360,230300
'15NA',1801,52360,231800
'15NA',1801,52360,233100
'15NA',1801,52360,234300
'15NA',1801,52360,235300
'15NA',1801,52360,240600
'15NA',1801,52360,243100
'15NA',1801,52360,245800
'15NA',1801,52360,252600
'15NA',1801,52360,255600
'15NF1',1801,52360,63500
'15NF1',1801,52360,70700
'15NF1',1801,52360,73700
'15NF1',1801,52360,80700
'15NF1',1801,52360,84100
'15NF1',1801,52360,91100
'15NF1',1801,52360,94300
'15NF1',1801,52360,101300
'15NF1',1801,52360,103300
'15NF1',1801,52360,105300
'15NF1',1801,52360,111300
'15NF1',1801,52360,112800
'15NF1',1801,52360,114300
'15NF1',1801,52360,115800
'15NF1',1801,52360,121400
'15NF1',1801,52360,122900
'15NF1',1801,52360,124400
'15NF1',1801,52360,125400
'15NF1',1801,52360,130400
'15NF1',1801,52360,131400
'15NF1',1801,52360,132400
'15NF1',1801,52360,133500
'15NF1',1801,52360,134600
'15NF1',1801,52360,135700
'15NF1',1801,52360,140800
'15NF1',1801,52360,141800
'15NF1',1801,52360,142700
'15NF1',1801,52360,143600
'15NF1',1801,52360,144400
'15NF1',1801,52360,145100
'15NF1',1801,52360,145900
'15NF1',1801,52360,150900
'15NF1',1801,52360,151900
'15NF1',1801,52360,152800
'15NF1',1801,52360,153600
'15NF1',1801,52360,154400
'15NF1',1801,52360,155200
'15NF1',1801,52360,160100
'15NF1',1801,52360,161000
'15NF1',1801,52360,162000
'15NF1',1801,52360,163000
'15NF1',1801,52360,164000
'15NF1',1801,52360,164500
'15NF1',1801,52360,165000
'15NF1',1801,52360,165600
'15NF1',1801,52360,170200
'15NF1',1801,52360,170800
'15NF1',1801,52360,171300
'15NF1',1801,52360,171900
'15NF1',1801,52360,172500
'15NF1',1801,52360,173200
'15NF1',1801,52360,173800
'15NF1',1801,52360,174500
'15NF1',1801,52360,175100
'15NF1',1801,52360,175800
'15NF1',1801,52360,180500
'15NF1',1801,52360,181100
'15NF1',1801,52360,181800
'15NF1',1801,52360,182800
'15NF1',1801,52360,183800
'15NF1',1801,52360,184900
'15NF1',1801,52360,185900
'15NF1',1801,52360,191000
'15NF1',1801,52360,191900
'15NF1',1801,52360,192900
'15NF1',1801,52360,193900
'15NF1',1801,52360,195800
'15NF1',1801,52360,201700
'15NF1',1801,52360,203600
'15NF1',1801,52360,210500
'15NF1',1801,52360,213500
'15NF1',1801,52360,220200
'15NF1',1801,52360,223200
'15NF1',1801,52360,230300
'15NF1',1801,52360,233200
'15NF1',1801,52360,240300
'15NF1',1801,52360,243200
'15NF1',1801,52360,250200
'15NF1',1801,52360,252800
'15NF2',1801,52360,50800
'15NF2',1801,52360,52900
'15NF2',1801,52360,60000
'15NF2',1801,52360,63000
'15NF2',1801,52360,70000
'15NF2',1801,52360,73500
'15NF2',1801,52360,80600
'15NF2',1801,52360,83300
'15NF2',1801,52360,85600
'15NF2',1801,52360,91600
'15NF2',1801,52360,93600
'15NF2',1801,52360,95500
'15NF2',1801,52360,101200
'15NF2',1801,52360,102900
'15NF2',1801,52360,104400
'15NF2',1801,52360,110100
'15NF2',1801,52360,111600
'15NF2',1801,52360,113100
'15NF2',1801,52360,114700
'15NF2',1801,52360,120100
'15NF2',1801,52360,121200
'15NF2',1801,52360,122300
'15NF2',1801,52360,123100
'15NF2',1801,52360,123900
'15NF2',1801,52360,124700
'15NF2',1801,52360,125700
'15NF2',1801,52360,130700
'15NF2',1801,52360,131600
'15NF2',1801,52360,132600
'15NF2',1801,52360,133400
'15NF2',1801,52360,134100
'15NF2',1801,52360,134900
'15NF2',1801,52360,135700
'15NF2',1801,52360,140600
'15NF2',1801,52360,141600
'15NF2',1801,52360,142600
'15NF2',1801,52360,143600
'15NF2',1801,52360,144600
'15NF2',1801,52360,145600
'15NF2',1801,52360,150400
'15NF2',1801,52360,151100
'15NF2',1801,52360,151900
'15NF2',1801,52360,152600
'15NF2',1801,52360,153300
'15NF2',1801,52360,154000
'15NF2',1801,52360,154700
'15NF2',1801,52360,155300
'15NF2',1801,52360,155900
'15NF2',1801,52360,160500
'15NF2',1801,52360,160900
'15NF2',1801,52360,161500
'15NF2',1801,52360,162200
'15NF2',1801,52360,162900
'15NF2',1801,52360,163600
'15NF2',1801,52360,164200
'15NF2',1801,52360,164800
'15NF2',1801,52360,165400
'15NF2',1801,52360,170000
'15NF2',1801,52360,170500
'15NF2',1801,52360,171100
'15NF2',1801,52360,171600
'15NF2',1801,52360,172200
'15NF2',1801,52360,172900
'15NF2',1801,52360,173400
'15NF2',1801,52360,173800
'15NF2',1801,52360,174300
'15NF2',1801,52360,174800
'15NF2',1801,52360,175300
'15NF2',1801,52360,180000
'15NF2',1801,52360,180700
'15NF2',1801,52360,181300
'15NF2',1801,52360,182200
'15NF2',1801,52360,183100
'15NF2',1801,52360,183900
'15NF2',1801,52360,184600
'15NF2',1801,52360,185400
'15NF2',1801,52360,190100
'15NF2',1801,52360,190800
'15NF2',1801,52360,191600
'15NF2',1801,52360,192400
'15NF2',1801,52360,193100
'15NF2',1801,52360,194200
'15NF2',1801,52360,195500
'15NF2',1801,52360,200900
'15NF2',1801,52360,202300
'15NF2',1801,52360,203700
'15NF2',1801,52360,205100
'15NF2',1801,52360,210400
'15NF2',1801,52360,211700
'15NF2',1801,52360,213200
'15NF2',1801,52360,214600
'15NF2',1801,52360,220100
'15NF2',1801,52360,221500
'15NF2',1801,52360,223100
'15NF2',1801,52360,224700
'15NF2',1801,52360,230300
'15NF2',1801,52360,231800
'15NF2',1801,52360,233100
'15NF2',1801,52360,234300
'15NF2',1801,52360,235300
'15NF2',1801,52360,240600
'15NF2',1801,52360,243100
'15NF2',1801,52360,245800
'15NF2',1801,52360,252600
'15NF2',1801,52360,255600
'15NF3',1801,52360,63500
'15NF3',1801,52360,70700
'15NF3',1801,52360,73700
'15NF3',1801,52360,80700
'15NF3',1801,52360,84100
'15NF3',1801,52360,91100
'15NF3',1801,52360,94300
'15NF3',1801,52360,101300
'15NF3',1801,52360,103300
'15NF3',1801,52360,105300
'15NF3',1801,52360,111300
'15NF3',1801,52360,112800
'15NF3',1801,52360,114300
'15NF3',1801,52360,115800
'15NF3',1801,52360,121400
'15NF3',1801,52360,122900
'15NF3',1801,52360,124400
'15NF3',1801,52360,125400
'15NF3',1801,52360,130400
'15NF3',1801,52360,131400
'15NF3',1801,52360,132400
'15NF3',1801,52360,133500
'15NF3',1801,52360,134600
'15NF3',1801,52360,135700
'15NF3',1801,52360,140800
'15NF3',1801,52360,141800
'15NF3',1801,52360,142700
'15NF3',1801,52360,143600
'15NF3',1801,52360,144400
'15NF3',1801,52360,145100
'15NF3',1801,52360,145900
'15NF3',1801,52360,150900
'15NF3',1801,52360,151900
'15NF3',1801,52360,152800
'15NF3',1801,52360,153600
'15NF3',1801,52360,154400
'15NF3',1801,52360,155200
'15NF3',1801,52360,160100
'15NF3',1801,52360,161000
'15NF3',1801,52360,162000
'15NF3',1801,52360,163000
'15NF3',1801,52360,164000
'15NF3',1801,52360,164500
'15NF3',1801,52360,165000
'15NF3',1801,52360,165600
'15NF3',1801,52360,170200
'15NF3',1801,52360,170800
'15NF3',1801,52360,171300
'15NF3',1801,52360,171900
'15NF3',1801,52360,172500
'15NF3',1801,52360,173200
'15NF3',1801,52360,173800
'15NF3',1801,52360,174500
'15NF3',1801,52360,175100
'15NF3',1801,52360,175800
'15NF3',1801,52360,180500
'15NF3',1801,52360,181100
'15NF3',1801,52360,181800
'15NF3',1801,52360,182800
'15NF3',1801,52360,183800
'15NF3',1801,52360,184900
'15NF3',1801,52360,185900
'15NF3',1801,52360,191000
'15NF3',1801,52360,191900
'15NF3',1801,52360,192900
'15NF3',1801,52360,193900
'15NF3',1801,52360,195800
'15NF3',1801,52360,201700
'15NF3',1801,52360,203600
'15NF3',1801,52360,210500
'15NF3',1801,52360,213500
'15NF3',1801,52360,220200
'15NF3',1801,52360,223200
'15NF3',1801,52360,230300
'15NF3',1801,52360,233200
'15NF3',1801,52360,240300
'15NF3',1801,52360,243200
'15NF3',1801,52360,250200
'15NF3',1801,52360,252800
'15NF4',1801,52360,50800
'15NF4',1801,52360,52900
'15NF4',1801,52360,60000
'15NF4',1801,52360,63000
'15NF4',1801,52360,70000
'15NF4',1801,52360,73500
'15NF4',1801,52360,80600
'15NF4',1801,52360,83300
'15NF4',1801,52360,85600
'15NF4',1801,52360,91600
'15NF4',1801,52360,93600
'15NF4',1801,52360,95500
'15NF4',1801,52360,101200
'15NF4',1801,52360,102900
'15NF4',1801,52360,104400
'15NF4',1801,52360,110100
'15NF4',1801,52360,111600
'15NF4',1801,52360,113100
'15NF4',1801,52360,114700
'15NF4',1801,52360,120100
'15NF4',1801,52360,121200
'15NF4',1801,52360,122300
'15NF4',1801,52360,123100
'15NF4',1801,52360,123900
'15NF4',1801,52360,124700
'15NF4',1801,52360,125700
'15NF4',1801,52360,130700
'15NF4',1801,52360,131600
'15NF4',1801,52360,132600
'15NF4',1801,52360,133400
'15NF4',1801,52360,134100
'15NF4',1801,52360,134900
'15NF4',1801,52360,135700
'15NF4',1801,52360,140600
'15NF4',1801,52360,141600
'15NF4',1801,52360,142600
'15NF4',1801,52360,143600
'15NF4',1801,52360,144600
'15NF4',1801,52360,145600
'15NF4',1801,52360,150400
'15NF4',1801,52360,151100
'15NF4',1801,52360,151900
'15NF4',1801,52360,152600
'15NF4',1801,52360,153300
'15NF4',1801,52360,154000
'15NF4',1801,52360,154700
'15NF4',1801,52360,155300
'15NF4',1801,52360,155900
'15NF4',1801,52360,160500
'15NF4',1801,52360,160900
'15NF4',1801,52360,161500
'15NF4',1801,52360,162200
'15NF4',1801,52360,162900
'15NF4',1801,52360,163600
'15NF4',1801,52360,164200
'15NF4',1801,52360,164800
'15NF4',1801,52360,165400
'15NF4',1801,52360,170000
'15NF4',1801,52360,170500
'15NF4',1801,52360,171100
'15NF4',1801,52360,171600
'15NF4',1801,52360,172200
'15NF4',1801,52360,172900
'15NF4',1801,52360,173400
'15NF4',1801,52360,173800
'15NF4',1801,52360,174300
'15NF4',1801,52360,174800
'15NF4',1801,52360,175300
'15NF4',1801,52360,180000
'15NF4',1801,52360,180700
'15NF4',1801,52360,181300
'15NF4',1801,52360,182200
'15NF4',1801,52360,183100
'15NF4',1801,52360,183900
'15NF4',1801,52360,184600
'15NF4',1801,52360,185400
'15NF4',1801,52360,190100
'15NF4',1801,52360,190800
'15NF4',1801,52360,191600
'15NF4',1801,52360,192400
'15NF4',1801,52360,193100
'15NF4',1801,52360,194200
'15NF4',1801,52360,195500
'15NF4',1801,52360,200900
'15NF4',1801,52360,202300
'15NF4',1801,52360,203700
'15NF4',1801,52360,205100
'15NF4',1801,52360,210400
'15NF4',1801,52360,211700
'15NF4',1801,52360,213200
'15NF4',1801,52360,214600
'15NF4',1801,52360,220100
'15NF4',1801,52360,221500
'15NF4',1801,52360,223100
'15NF4',1801,52360,224700
'15NF4',1801,52360,230300
'15NF4',1801,52360,231800
'15NF4',1801,52360,233100
'15NF4',1801,52360,234300
'15NF4',1801,52360,235300
'15NF4',1801,52360,240600
'15NF4',1801,52360,243100
'15NF4',1801,52360,245800
'15NF4',1801,52360,252600
'15NF4',1801,52360,255600
'15NI',1801,52360,63500
'15NI',1801,52360,70700
'15NI',1801,52360,73700
'15NI',1801,52360,80700
'15NI',1801,52360,84100
'15NI',1801,52360,91100
'15NI',1801,52360,94300
'15NI',1801,52360,101300
'15NI',1801,52360,103300
'15NI',1801,52360,105300
'15NI',1801,52360,111300
'15NI',1801,52360,112800
'15NI',1801,52360,114300
'15NI',1801,52360,115800
'15NI',1801,52360,121400
'15NI',1801,52360,122900
'15NI',1801,52360,124400
'15NI',1801,52360,125400
'15NI',1801,52360,130400
'15NI',1801,52360,131400
'15NI',1801,52360,132400
'15NI',1801,52360,133500
'15NI',1801,52360,134600
'15NI',1801,52360,135700
'15NI',1801,52360,140800
'15NI',1801,52360,141800
'15NI',1801,52360,142700
'15NI',1801,52360,143600
'15NI',1801,52360,144400
'15NI',1801,52360,145100
'15NI',1801,52360,145900
'15NI',1801,52360,150900
'15NI',1801,52360,151900
'15NI',1801,52360,152800
'15NI',1801,52360,153600
'15NI',1801,52360,154400
'15NI',1801,52360,155200
'15NI',1801,52360,160100
'15NI',1801,52360,161000
'15NI',1801,52360,162000
'15NI',1801,52360,163000
'15NI',1801,52360,164000
'15NI',1801,52360,164500
'15NI',1801,52360,165000
'15NI',1801,52360,165600
'15NI',1801,52360,170200
'15NI',1801,52360,170800
'15NI',1801,52360,171300
'15NI',1801,52360,171900
'15NI',1801,52360,172500
'15NI',1801,52360,173200
'15NI',1801,52360,173800
'15NI',1801,52360,174500
'15NI',1801,52360,175100
'15NI',1801,52360,175800
'15NI',1801,52360,180500
'15NI',1801,52360,181100
'15NI',1801,52360,181800
'15NI',1801,52360,182800
'15NI',1801,52360,183800
'15NI',1801,52360,184900
'15NI',1801,52360,185900
'15NI',1801,52360,191000
'15NI',1801,52360,191900
'15NI',1801,52360,192900
'15NI',1801,52360,193900
'15NI',1801,52360,195800
'15NI',1801,52360,201700
'15NI',1801,52360,203600
'15NI',1801,52360,210500
'15NI',1801,52360,213500
'15NI',1801,52360,220200
'15NI',1801,52360,223200
'15NI',1801,52360,230300
'15NI',1801,52360,233200
'15NI',1801,52360,240300
'15NI',1801,52360,243200
'15NI',1801,52360,250200
'15NI',1801,52360,252800
'15NS',1801,52360,51200
'15NS',1801,52360,54400
'15NS',1801,52360,61700
'15NS',1801,52360,62700
'15NS',1801,52360,63700
'15NS',1801,52360,64700
'15NS',1801,52360,70000
'15NS',1801,52360,70900
'15NS',1801,52360,71800
'15NS',1801,52360,72700
'15NS',1801,52360,73600
'15NS',1801,52360,74500
'15NS',1801,52360,74900
'15NS',1801,52360,75300
'15NS',1801,52360,75700
'15NS',1801,52360,80000
'15NS',1801,52360,80400
'15NS',1801,52360,80800
'15NS',1801,52360,81400
'15NS',1801,52360,82400
'15NS',1801,52360,83300
'15NS',1801,52360,84300
'15NS',1801,52360,85200
'15NS',1801,52360,90100
'15NS',1801,52360,91000
'15NS',1801,52360,92000
'15NS',1801,52360,93000
'15NS',1801,52360,94000
'15NS',1801,52360,95000
'15NS',1801,52360,100000
'15NS',1801,52360,101000
'15NS',1801,52360,102000
'15NS',1801,52360,103000
'15NS',1801,52360,104000
'15NS',1801,52360,105000
'15NS',1801,52360,110000
'15NS',1801,52360,111000
'15NS',1801,52360,112000
'15NS',1801,52360,113000
'15NS',1801,52360,114000
'15NS',1801,52360,114800
'15NS',1801,52360,115500
'15NS',1801,52360,120300
'15NS',1801,52360,121100
'15NS',1801,52360,121900
'15NS',1801,52360,122800
'15NS',1801,52360,123700
'15NS',1801,52360,124500
'15NS',1801,52360,125200
'15NS',1801,52360,125900
'15NS',1801,52360,130600
'15NS',1801,52360,131400
'15NS',1801,52360,132200
'15NS',1801,52360,132900
'15NS',1801,52360,133600
'15NS',1801,52360,134300
'15NS',1801,52360,134900
'15NS',1801,52360,135600
'15NS',1801,52360,140300
'15NS',1801,52360,141000
'15NS',1801,52360,141800
'15NS',1801,52360,142500
'15NS',1801,52360,143200
'15NS',1801,52360,143800
'15NS',1801,52360,144500
'15NS',1801,52360,145100
'15NS',1801,52360,145700
'15NS',1801,52360,150300
'15NS',1801,52360,150900
'15NS',1801,52360,151700
'15NS',1801,52360,152300
'15NS',1801,52360,152900
'15NS',1801,52360,153500
'15NS',1801,52360,154100
'15NS',1801,52360,154700
'15NS',1801,52360,155300
'15NS',1801,52360,155900
'15NS',1801,52360,160500
'15NS',1801,52360,161100
'15NS',1801,52360,161700
'15NS',1801,52360,162300
'15NS',1801,52360,162800
'15NS',1801,52360,163500
'15NS',1801,52360,164000
'15NS',1801,52360,164500
'15NS',1801,52360,165000
'15NS',1801,52360,165500
'15NS',1801,52360,165900
'15NS',1801,52360,170200
'15NS',1801,52360,170700
'15NS',1801,52360,171200
'15NS',1801,52360,171700
'15NS',1801,52360,172000
'15NS',1801,52360,172300
'15NS',1801,52360,172700
'15NS',1801,52360,173200
'15NS',1801,52360,173700
'15NS',1801,52360,174200
'15NS',1801,52360,174700
'15NS',1801,52360,175200
'15NS',1801,52360,175700
'15NS',1801,52360,180200
'15NS',1801,52360,180700
'15NS',1801,52360,181200
'15NS',1801,52360,181700
'15NS',1801,52360,182200
'15NS',1801,52360,182800
'15NS',1801,52360,183100
'15NS',1801,52360,183700
'15NS',1801,52360,184300
'15NS',1801,52360,184900
'15NS',1801,52360,185500
'15NS',1801,52360,190100
'15NS',1801,52360,190600
'15NS',1801,52360,191100
'15NS',1801,52360,191500
'15NS',1801,52360,192300
'15NS',1801,52360,193000
'15NS',1801,52360,193800
'15NS',1801,52360,194600
'15NS',1801,52360,195500
'15NS',1801,52360,200300
'15NS',1801,52360,201100
'15NS',1801,52360,201800
'15NS',1801,52360,202500
'15NS',1801,52360,203200
'15NS',1801,52360,203900
'15NS',1801,52360,204500
'15NS',1801,52360,205100
'15NS',1801,52360,205700
'15NS',1801,52360,210300
'15NS',1801,52360,210900
'15NS',1801,52360,211500
'15NS',1801,52360,212100
'15NS',1801,52360,212700
'15NS',1801,52360,213300
'15NS',1801,52360,214000
'15NS',1801,52360,214500
'15NS',1801,52360,215200
'15NS',1801,52360,220000
'15NS',1801,52360,220800
'15NS',1801,52360,221500
'15NS',1801,52360,222200
'15NS',1801,52360,223100
'15NS',1801,52360,224100
'15NS',1801,52360,225000
'15NS',1801,52360,230000
'15NS',1801,52360,231000
'15NS',1801,52360,232000
'15NS',1801,52360,233000
'15NS',1801,52360,234000
'15NS',1801,52360,240200
'15NS',1801,52360,242400
'15NS',1801,52360,245000
'15NS',1801,52360,251400
'15NS',1801,52360,253600
