'15NA',13103,52784,53223
'15NA',13103,52784,60223
'15NA',13103,52784,63223
'15NA',13103,52784,70223
'15NA',13103,52784,73223
'15NA',13103,52784,80223
'15NA',13103,52784,83223
'15NA',13103,52784,90223
'15NA',13103,52784,93223
'15NA',13103,52784,100223
'15NA',13103,52784,103323
'15NA',13103,52784,110423
'15NA',13103,52784,113450
'15NA',13103,52784,120550
'15NA',13103,52784,123650
'15NA',13103,52784,130750
'15NA',13103,52784,133850
'15NA',13103,52784,140950
'15NA',13103,52784,144050
'15NA',13103,52784,151150
'15NA',13103,52784,154250
'15NA',13103,52784,161350
'15NA',13103,52784,164450
'15NA',13103,52784,171450
'15NA',13103,52784,174450
'15NA',13103,52784,181450
'15NA',13103,52784,184450
'15NA',13103,52784,191450
'15NA',13103,52784,194650
'15NA',13103,52784,201850
'15NA',13103,52784,205050
'15NA',13103,52784,212150
'15NA',13103,52784,215250
'15NA',13103,52784,222350
'15NA',13103,52784,225450
'15NA',13103,52784,232450
'15NA',13103,52784,235450
'15NA',13103,52784,242450
'15NA',13103,52784,245423
'15NA',13103,52784,252223
'15NA',13103,52784,255023
'15NF1',13103,52784,53223
'15NF1',13103,52784,60223
'15NF1',13103,52784,63223
'15NF1',13103,52784,70223
'15NF1',13103,52784,73223
'15NF1',13103,52784,80323
'15NF1',13103,52784,83323
'15NF1',13103,52784,90323
'15NF1',13103,52784,93323
'15NF1',13103,52784,100323
'15NF1',13103,52784,103323
'15NF1',13103,52784,110323
'15NF1',13103,52784,113323
'15NF1',13103,52784,120323
'15NF1',13103,52784,123450
'15NF1',13103,52784,130450
'15NF1',13103,52784,133450
'15NF1',13103,52784,140450
'15NF1',13103,52784,143450
'15NF1',13103,52784,150450
'15NF1',13103,52784,153450
'15NF1',13103,52784,160450
'15NF1',13103,52784,163450
'15NF1',13103,52784,170450
'15NF1',13103,52784,173450
'15NF1',13103,52784,180450
'15NF1',13103,52784,183450
'15NF1',13103,52784,190450
'15NF1',13103,52784,193623
'15NF1',13103,52784,200723
'15NF1',13103,52784,203823
'15NF1',13103,52784,210823
'15NF1',13103,52784,213823
'15NF1',13103,52784,220823
'15NF1',13103,52784,223823
'15NF1',13103,52784,230723
'15NF1',13103,52784,233623
'15NF1',13103,52784,240423
'15NF1',13103,52784,243223
'15NF1',13103,52784,250023
'15NF1',13103,52784,252823
'15NF2',13103,52784,53223
'15NF2',13103,52784,60223
'15NF2',13103,52784,63223
'15NF2',13103,52784,70223
'15NF2',13103,52784,73223
'15NF2',13103,52784,80223
'15NF2',13103,52784,83223
'15NF2',13103,52784,90223
'15NF2',13103,52784,93223
'15NF2',13103,52784,100223
'15NF2',13103,52784,103323
'15NF2',13103,52784,110423
'15NF2',13103,52784,113450
'15NF2',13103,52784,120550
'15NF2',13103,52784,123650
'15NF2',13103,52784,130750
'15NF2',13103,52784,133850
'15NF2',13103,52784,140950
'15NF2',13103,52784,144050
'15NF2',13103,52784,151150
'15NF2',13103,52784,154250
'15NF2',13103,52784,161350
'15NF2',13103,52784,164450
'15NF2',13103,52784,171450
'15NF2',13103,52784,174450
'15NF2',13103,52784,181450
'15NF2',13103,52784,184450
'15NF2',13103,52784,191450
'15NF2',13103,52784,194650
'15NF2',13103,52784,201850
'15NF2',13103,52784,205050
'15NF2',13103,52784,212150
'15NF2',13103,52784,215250
'15NF2',13103,52784,222350
'15NF2',13103,52784,225450
'15NF2',13103,52784,232450
'15NF2',13103,52784,235450
'15NF2',13103,52784,242450
'15NF2',13103,52784,245423
'15NF2',13103,52784,252223
'15NF2',13103,52784,255023
'15NF3',13103,52784,53223
'15NF3',13103,52784,60223
'15NF3',13103,52784,63223
'15NF3',13103,52784,70223
'15NF3',13103,52784,73223
'15NF3',13103,52784,80323
'15NF3',13103,52784,83323
'15NF3',13103,52784,90323
'15NF3',13103,52784,93323
'15NF3',13103,52784,100323
'15NF3',13103,52784,103323
'15NF3',13103,52784,110323
'15NF3',13103,52784,113323
'15NF3',13103,52784,120323
'15NF3',13103,52784,123450
'15NF3',13103,52784,130450
'15NF3',13103,52784,133450
'15NF3',13103,52784,140450
'15NF3',13103,52784,143450
'15NF3',13103,52784,150450
'15NF3',13103,52784,153450
'15NF3',13103,52784,160450
'15NF3',13103,52784,163450
'15NF3',13103,52784,170450
'15NF3',13103,52784,173450
'15NF3',13103,52784,180450
'15NF3',13103,52784,183450
'15NF3',13103,52784,190450
'15NF3',13103,52784,193623
'15NF3',13103,52784,200723
'15NF3',13103,52784,203823
'15NF3',13103,52784,210823
'15NF3',13103,52784,213823
'15NF3',13103,52784,220823
'15NF3',13103,52784,223823
'15NF3',13103,52784,230723
'15NF3',13103,52784,233623
'15NF3',13103,52784,240423
'15NF3',13103,52784,243223
'15NF3',13103,52784,250023
'15NF3',13103,52784,252823
'15NF4',13103,52784,53223
'15NF4',13103,52784,60223
'15NF4',13103,52784,63223
'15NF4',13103,52784,70223
'15NF4',13103,52784,73223
'15NF4',13103,52784,80223
'15NF4',13103,52784,83223
'15NF4',13103,52784,90223
'15NF4',13103,52784,93223
'15NF4',13103,52784,100223
'15NF4',13103,52784,103323
'15NF4',13103,52784,110423
'15NF4',13103,52784,113450
'15NF4',13103,52784,120550
'15NF4',13103,52784,123650
'15NF4',13103,52784,130750
'15NF4',13103,52784,133850
'15NF4',13103,52784,140950
'15NF4',13103,52784,144050
'15NF4',13103,52784,151150
'15NF4',13103,52784,154250
'15NF4',13103,52784,161350
'15NF4',13103,52784,164450
'15NF4',13103,52784,171450
'15NF4',13103,52784,174450
'15NF4',13103,52784,181450
'15NF4',13103,52784,184450
'15NF4',13103,52784,191450
'15NF4',13103,52784,194650
'15NF4',13103,52784,201850
'15NF4',13103,52784,205050
'15NF4',13103,52784,212150
'15NF4',13103,52784,215250
'15NF4',13103,52784,222350
'15NF4',13103,52784,225450
'15NF4',13103,52784,232450
'15NF4',13103,52784,235450
'15NF4',13103,52784,242450
'15NF4',13103,52784,245423
'15NF4',13103,52784,252223
'15NF4',13103,52784,255023
'15NI',13103,52784,53223
'15NI',13103,52784,60223
'15NI',13103,52784,63223
'15NI',13103,52784,70223
'15NI',13103,52784,73223
'15NI',13103,52784,80323
'15NI',13103,52784,83323
'15NI',13103,52784,90323
'15NI',13103,52784,93323
'15NI',13103,52784,100323
'15NI',13103,52784,103323
'15NI',13103,52784,110323
'15NI',13103,52784,113323
'15NI',13103,52784,120323
'15NI',13103,52784,123450
'15NI',13103,52784,130450
'15NI',13103,52784,133450
'15NI',13103,52784,140450
'15NI',13103,52784,143450
'15NI',13103,52784,150450
'15NI',13103,52784,153450
'15NI',13103,52784,160450
'15NI',13103,52784,163450
'15NI',13103,52784,170450
'15NI',13103,52784,173450
'15NI',13103,52784,180450
'15NI',13103,52784,183450
'15NI',13103,52784,190450
'15NI',13103,52784,193623
'15NI',13103,52784,200723
'15NI',13103,52784,203823
'15NI',13103,52784,210823
'15NI',13103,52784,213823
'15NI',13103,52784,220823
'15NI',13103,52784,223823
'15NI',13103,52784,230723
'15NI',13103,52784,233623
'15NI',13103,52784,240423
'15NI',13103,52784,243223
'15NI',13103,52784,250023
'15NI',13103,52784,252823
'15NS',13103,52784,53350
'15NS',13103,52784,60550
'15NS',13103,52784,63650
'15NS',13103,52784,70746
'15NS',13103,52784,73313
'15NS',13103,52784,74213
'15NS',13103,52784,75213
'15NS',13103,52784,80213
'15NS',13103,52784,81213
'15NS',13103,52784,82213
'15NS',13103,52784,83613
'15NS',13103,52784,85613
'15NS',13103,52784,91613
'15NS',13103,52784,93613
'15NS',13103,52784,95613
'15NS',13103,52784,101613
'15NS',13103,52784,103613
'15NS',13103,52784,105613
'15NS',13103,52784,111613
'15NS',13103,52784,113613
'15NS',13103,52784,115613
'15NS',13103,52784,121613
'15NS',13103,52784,123613
'15NS',13103,52784,125713
'15NS',13103,52784,131713
'15NS',13103,52784,133813
'15NS',13103,52784,135813
'15NS',13103,52784,141913
'15NS',13103,52784,143913
'15NS',13103,52784,150013
'15NS',13103,52784,152113
'15NS',13103,52784,154213
'15NS',13103,52784,160213
'15NS',13103,52784,162213
'15NS',13103,52784,164313
'15NS',13103,52784,170346
'15NS',13103,52784,172546
'15NS',13103,52784,174746
'15NS',13103,52784,181146
'15NS',13103,52784,184346
'15NS',13103,52784,191746
'15NS',13103,52784,195018
'15NS',13103,52784,202018
'15NS',13103,52784,205018
'15NS',13103,52784,212218
'15NS',13103,52784,215418
'15NS',13103,52784,222518
'15NS',13103,52784,225518
'15NS',13103,52784,232518
'15NS',13103,52784,235450
'15NS',13103,52784,242350
'15NS',13103,52784,245250
'15NS',13103,52784,252150
