'16UA',12904,51161,63026
'16UA',12904,51161,70526
'16UA',12904,51161,73626
'16UA',12904,51161,80735
'16UA',12904,51161,83735
'16UA',12904,51161,90735
'16UA',12904,51161,93735
'16UA',12904,51161,100735
'16UA',12904,51161,103835
'16UA',12904,51161,110835
'16UA',12904,51161,113835
'16UA',12904,51161,120835
'16UA',12904,51161,123935
'16UA',12904,51161,125935
'16UA',12904,51161,131935
'16UA',12904,51161,133935
'16UA',12904,51161,135935
'16UA',12904,51161,142035
'16UA',12904,51161,144135
'16UA',12904,51161,151335
'16UA',12904,51161,154535
'16UA',12904,51161,161735
'16UA',12904,51161,164735
'16UA',12904,51161,171735
'16UA',12904,51161,174135
'16UA',12904,51161,180635
'16UA',12904,51161,183135
'16UA',12904,51161,185435
'16UA',12904,51161,191735
'16UA',12904,51161,194135
'16UA',12904,51161,200335
'16UA',12904,51161,202235
'16UA',12904,51161,205035
'16UA',12904,51161,211835
'16UA',12904,51161,214735
'16UA',12904,51161,222635
'16UA',12904,51161,230735
'16UA',12904,51161,234735
'16UA',12904,51161,242726
'16UA',12904,51161,250726
'16UA',12904,51161,254826
'16UF1',12904,51161,62026
'16UF1',12904,51161,70035
'16UF1',12904,51161,74035
'16UF1',12904,51161,82135
'16UF1',12904,51161,90135
'16UF1',12904,51161,93335
'16UF1',12904,51161,100435
'16UF1',12904,51161,103535
'16UF1',12904,51161,105035
'16UF1',12904,51161,110535
'16UF1',12904,51161,112035
'16UF1',12904,51161,113935
'16UF1',12904,51161,115835
'16UF1',12904,51161,121735
'16UF1',12904,51161,124335
'16UF1',12904,51161,131035
'16UF1',12904,51161,133635
'16UF1',12904,51161,140235
'16UF1',12904,51161,142835
'16UF1',12904,51161,145135
'16UF1',12904,51161,151335
'16UF1',12904,51161,153635
'16UF1',12904,51161,155935
'16UF1',12904,51161,162235
'16UF1',12904,51161,164435
'16UF1',12904,51161,170535
'16UF1',12904,51161,172935
'16UF1',12904,51161,175235
'16UF1',12904,51161,181435
'16UF1',12904,51161,183735
'16UF1',12904,51161,185935
'16UF1',12904,51161,191835
'16UF1',12904,51161,194535
'16UF1',12904,51161,202635
'16UF1',12904,51161,210835
'16UF1',12904,51161,214835
'16UF1',12904,51161,222635
'16UF1',12904,51161,230535
'16UF1',12904,51161,234535
'16UF1',12904,51161,242626
'16UF1',12904,51161,250726
'16UF2',12904,51161,62026
'16UF2',12904,51161,70035
'16UF2',12904,51161,74035
'16UF2',12904,51161,82135
'16UF2',12904,51161,90135
'16UF2',12904,51161,93335
'16UF2',12904,51161,100435
'16UF2',12904,51161,103535
'16UF2',12904,51161,105035
'16UF2',12904,51161,110535
'16UF2',12904,51161,112035
'16UF2',12904,51161,113935
'16UF2',12904,51161,115835
'16UF2',12904,51161,121735
'16UF2',12904,51161,124335
'16UF2',12904,51161,131035
'16UF2',12904,51161,133635
'16UF2',12904,51161,140235
'16UF2',12904,51161,142835
'16UF2',12904,51161,145135
'16UF2',12904,51161,151335
'16UF2',12904,51161,153635
'16UF2',12904,51161,155935
'16UF2',12904,51161,162235
'16UF2',12904,51161,164435
'16UF2',12904,51161,170535
'16UF2',12904,51161,172935
'16UF2',12904,51161,175235
'16UF2',12904,51161,181435
'16UF2',12904,51161,183735
'16UF2',12904,51161,185935
'16UF2',12904,51161,191835
'16UF2',12904,51161,194535
'16UF2',12904,51161,202635
'16UF2',12904,51161,210835
'16UF2',12904,51161,214835
'16UF2',12904,51161,222635
'16UF2',12904,51161,230535
'16UF2',12904,51161,234535
'16UF2',12904,51161,242626
'16UF2',12904,51161,250726
'16UI',12904,51161,62026
'16UI',12904,51161,70035
'16UI',12904,51161,74135
'16UI',12904,51161,82135
'16UI',12904,51161,90135
'16UI',12904,51161,93335
'16UI',12904,51161,100435
'16UI',12904,51161,103535
'16UI',12904,51161,105035
'16UI',12904,51161,110535
'16UI',12904,51161,112035
'16UI',12904,51161,113935
'16UI',12904,51161,115835
'16UI',12904,51161,121735
'16UI',12904,51161,124335
'16UI',12904,51161,131035
'16UI',12904,51161,133535
'16UI',12904,51161,140135
'16UI',12904,51161,142835
'16UI',12904,51161,145135
'16UI',12904,51161,151335
'16UI',12904,51161,153635
'16UI',12904,51161,155935
'16UI',12904,51161,162235
'16UI',12904,51161,164435
'16UI',12904,51161,170635
'16UI',12904,51161,172935
'16UI',12904,51161,175235
'16UI',12904,51161,181435
'16UI',12904,51161,183735
'16UI',12904,51161,185935
'16UI',12904,51161,191835
'16UI',12904,51161,194535
'16UI',12904,51161,202635
'16UI',12904,51161,210835
'16UI',12904,51161,214835
'16UI',12904,51161,222735
'16UI',12904,51161,230535
'16UI',12904,51161,234535
'16UI',12904,51161,242626
'16UI',12904,51161,250726
'16US',12904,51161,61435
'16US',12904,51161,63644
'16US',12904,51161,65644
'16US',12904,51161,71344
'16US',12904,51161,73444
'16US',12904,51161,74544
'16US',12904,51161,75644
'16US',12904,51161,80644
'16US',12904,51161,81644
'16US',12904,51161,82544
'16US',12904,51161,83544
'16US',12904,51161,84544
'16US',12904,51161,90344
'16US',12904,51161,92244
'16US',12904,51161,94144
'16US',12904,51161,95744
'16US',12904,51161,101944
'16US',12904,51161,104144
'16US',12904,51161,110344
'16US',12904,51161,112644
'16US',12904,51161,114044
'16US',12904,51161,115644
'16US',12904,51161,121944
'16US',12904,51161,124244
'16US',12904,51161,125944
'16US',12904,51161,131844
'16US',12904,51161,133644
'16US',12904,51161,135444
'16US',12904,51161,141244
'16US',12904,51161,143644
'16US',12904,51161,150144
'16US',12904,51161,152753
'16US',12904,51161,154753
'16US',12904,51161,160753
'16US',12904,51161,162953
'16US',12904,51161,165053
'16US',12904,51161,170853
'16US',12904,51161,172653
'16US',12904,51161,175353
'16US',12904,51161,181953
'16US',12904,51161,184353
'16US',12904,51161,191053
'16US',12904,51161,193853
'16US',12904,51161,200944
'16US',12904,51161,203944
'16US',12904,51161,210944
'16US',12904,51161,213935
'16US',12904,51161,220935
'16US',12904,51161,223935
'16US',12904,51161,230935
'16US',12904,51161,234535
'16US',12904,51161,242735
'16US',12904,51161,251135
