'15NA',20302,57434,61923
'15NA',20302,57434,65006
'15NA',20302,57434,72006
'15NA',20302,57434,75006
'15NA',20302,57434,82006
'15NA',20302,57434,84906
'15NA',20302,57434,92006
'15NA',20302,57434,95006
'15NA',20302,57434,101806
'15NA',20302,57434,105006
'15NA',20302,57434,112006
'15NA',20302,57434,114850
'15NA',20302,57434,122050
'15NA',20302,57434,125050
'15NA',20302,57434,131950
'15NA',20302,57434,135150
'15NA',20302,57434,142150
'15NA',20302,57434,145150
'15NA',20302,57434,152350
'15NA',20302,57434,155350
'15NA',20302,57434,162350
'15NA',20302,57434,165450
'15NA',20302,57434,172450
'15NA',20302,57434,175450
'15NA',20302,57434,182550
'15NA',20302,57434,185450
'15NA',20302,57434,192350
'15NA',20302,57434,195306
'15NA',20302,57434,202306
'15NA',20302,57434,205206
'15NA',20302,57434,212106
'15NA',20302,57434,215006
'15NA',20302,57434,222006
'15NA',20302,57434,225006
'15NA',20302,57434,232006
'15NA',20302,57434,234923
'15NF1',20302,57434,72006
'15NF1',20302,57434,75006
'15NF1',20302,57434,82006
'15NF1',20302,57434,85006
'15NF1',20302,57434,92006
'15NF1',20302,57434,95006
'15NF1',20302,57434,102006
'15NF1',20302,57434,105006
'15NF1',20302,57434,112006
'15NF1',20302,57434,115050
'15NF1',20302,57434,122050
'15NF1',20302,57434,125050
'15NF1',20302,57434,132050
'15NF1',20302,57434,135050
'15NF1',20302,57434,142050
'15NF1',20302,57434,145050
'15NF1',20302,57434,152050
'15NF1',20302,57434,155050
'15NF1',20302,57434,162050
'15NF1',20302,57434,165050
'15NF1',20302,57434,172050
'15NF1',20302,57434,175050
'15NF1',20302,57434,182050
'15NF1',20302,57434,185006
'15NF1',20302,57434,192006
'15NF1',20302,57434,195006
'15NF1',20302,57434,202006
'15NF1',20302,57434,205006
'15NF1',20302,57434,212006
'15NF1',20302,57434,215006
'15NF1',20302,57434,222006
'15NF1',20302,57434,225006
'15NF1',20302,57434,232006
'15NF1',20302,57434,235006
'15NF2',20302,57434,61923
'15NF2',20302,57434,65006
'15NF2',20302,57434,72006
'15NF2',20302,57434,75006
'15NF2',20302,57434,82006
'15NF2',20302,57434,84906
'15NF2',20302,57434,92006
'15NF2',20302,57434,95006
'15NF2',20302,57434,101806
'15NF2',20302,57434,105006
'15NF2',20302,57434,112006
'15NF2',20302,57434,114850
'15NF2',20302,57434,122050
'15NF2',20302,57434,125050
'15NF2',20302,57434,131950
'15NF2',20302,57434,135150
'15NF2',20302,57434,142150
'15NF2',20302,57434,145150
'15NF2',20302,57434,152350
'15NF2',20302,57434,155350
'15NF2',20302,57434,162350
'15NF2',20302,57434,165450
'15NF2',20302,57434,172450
'15NF2',20302,57434,175450
'15NF2',20302,57434,182550
'15NF2',20302,57434,185450
'15NF2',20302,57434,192350
'15NF2',20302,57434,195306
'15NF2',20302,57434,202306
'15NF2',20302,57434,205206
'15NF2',20302,57434,212106
'15NF2',20302,57434,215006
'15NF2',20302,57434,222006
'15NF2',20302,57434,225006
'15NF2',20302,57434,232006
'15NF2',20302,57434,234923
'15NF3',20302,57434,72006
'15NF3',20302,57434,75006
'15NF3',20302,57434,82006
'15NF3',20302,57434,85006
'15NF3',20302,57434,92006
'15NF3',20302,57434,95006
'15NF3',20302,57434,102006
'15NF3',20302,57434,105006
'15NF3',20302,57434,112006
'15NF3',20302,57434,115050
'15NF3',20302,57434,122050
'15NF3',20302,57434,125050
'15NF3',20302,57434,132050
'15NF3',20302,57434,135050
'15NF3',20302,57434,142050
'15NF3',20302,57434,145050
'15NF3',20302,57434,152050
'15NF3',20302,57434,155050
'15NF3',20302,57434,162050
'15NF3',20302,57434,165050
'15NF3',20302,57434,172050
'15NF3',20302,57434,175050
'15NF3',20302,57434,182050
'15NF3',20302,57434,185006
'15NF3',20302,57434,192006
'15NF3',20302,57434,195006
'15NF3',20302,57434,202006
'15NF3',20302,57434,205006
'15NF3',20302,57434,212006
'15NF3',20302,57434,215006
'15NF3',20302,57434,222006
'15NF3',20302,57434,225006
'15NF3',20302,57434,232006
'15NF3',20302,57434,235006
'15NF4',20302,57434,61923
'15NF4',20302,57434,65006
'15NF4',20302,57434,72006
'15NF4',20302,57434,75006
'15NF4',20302,57434,82006
'15NF4',20302,57434,84906
'15NF4',20302,57434,92006
'15NF4',20302,57434,95006
'15NF4',20302,57434,101806
'15NF4',20302,57434,105006
'15NF4',20302,57434,112006
'15NF4',20302,57434,114850
'15NF4',20302,57434,122050
'15NF4',20302,57434,125050
'15NF4',20302,57434,131950
'15NF4',20302,57434,135150
'15NF4',20302,57434,142150
'15NF4',20302,57434,145150
'15NF4',20302,57434,152350
'15NF4',20302,57434,155350
'15NF4',20302,57434,162350
'15NF4',20302,57434,165450
'15NF4',20302,57434,172450
'15NF4',20302,57434,175450
'15NF4',20302,57434,182550
'15NF4',20302,57434,185450
'15NF4',20302,57434,192350
'15NF4',20302,57434,195306
'15NF4',20302,57434,202306
'15NF4',20302,57434,205206
'15NF4',20302,57434,212106
'15NF4',20302,57434,215006
'15NF4',20302,57434,222006
'15NF4',20302,57434,225006
'15NF4',20302,57434,232006
'15NF4',20302,57434,234923
'15NI',20302,57434,72006
'15NI',20302,57434,75006
'15NI',20302,57434,82006
'15NI',20302,57434,85006
'15NI',20302,57434,92006
'15NI',20302,57434,95006
'15NI',20302,57434,102006
'15NI',20302,57434,105006
'15NI',20302,57434,112006
'15NI',20302,57434,115050
'15NI',20302,57434,122050
'15NI',20302,57434,125050
'15NI',20302,57434,132050
'15NI',20302,57434,135050
'15NI',20302,57434,142050
'15NI',20302,57434,145050
'15NI',20302,57434,152050
'15NI',20302,57434,155050
'15NI',20302,57434,162050
'15NI',20302,57434,165050
'15NI',20302,57434,172050
'15NI',20302,57434,175050
'15NI',20302,57434,182050
'15NI',20302,57434,185006
'15NI',20302,57434,192006
'15NI',20302,57434,195006
'15NI',20302,57434,202006
'15NI',20302,57434,205006
'15NI',20302,57434,212006
'15NI',20302,57434,215006
'15NI',20302,57434,222006
'15NI',20302,57434,225006
'15NI',20302,57434,232006
'15NI',20302,57434,235006
'15NS',20302,57434,60506
'15NS',20302,57434,63750
'15NS',20302,57434,71050
'15NS',20302,57434,74034
'15NS',20302,57434,80834
'15NS',20302,57434,83634
'15NS',20302,57434,90350
'15NS',20302,57434,92550
'15NS',20302,57434,94750
'15NS',20302,57434,101750
'15NS',20302,57434,104650
'15NS',20302,57434,111650
'15NS',20302,57434,114650
'15NS',20302,57434,121650
'15NS',20302,57434,124650
'15NS',20302,57434,131650
'15NS',20302,57434,134350
'15NS',20302,57434,141050
'15NS',20302,57434,143750
'15NS',20302,57434,150534
'15NS',20302,57434,153234
'15NS',20302,57434,160034
'15NS',20302,57434,163534
'15NS',20302,57434,165634
'15NS',20302,57434,171934
'15NS',20302,57434,173834
'15NS',20302,57434,180034
'15NS',20302,57434,181750
'15NS',20302,57434,184750
'15NS',20302,57434,191850
'15NS',20302,57434,194950
'15NS',20302,57434,202050
'15NS',20302,57434,205050
'15NS',20302,57434,212050
'15NS',20302,57434,215050
'15NS',20302,57434,222050
'15NS',20302,57434,225006
'15NS',20302,57434,232006
'15NS',20302,57434,235006
