'18JA',20001,58447,65100
'18JA',20001,58447,71600
'18JA',20001,58447,74100
'18JA',20001,58447,80700
'18JA',20001,58447,83400
'18JA',20001,58447,90200
'18JA',20001,58447,93000
'18JA',20001,58447,95900
'18JA',20001,58447,102700
'18JA',20001,58447,105500
'18JA',20001,58447,112300
'18JA',20001,58447,115100
'18JA',20001,58447,121900
'18JA',20001,58447,124700
'18JA',20001,58447,131400
'18JA',20001,58447,134100
'18JA',20001,58447,140800
'18JA',20001,58447,143500
'18JA',20001,58447,150300
'18JA',20001,58447,153100
'18JA',20001,58447,155800
'18JA',20001,58447,162500
'18JA',20001,58447,165200
'18JA',20001,58447,172000
'18JA',20001,58447,174800
'18JA',20001,58447,181500
'18JA',20001,58447,184200
'18JA',20001,58447,190900
'18JA',20001,58447,193600
'18JI',20001,58447,75100
'18JI',20001,58447,82100
'18JI',20001,58447,85100
'18JI',20001,58447,92100
'18JI',20001,58447,95100
'18JI',20001,58447,102100
'18JI',20001,58447,105100
'18JI',20001,58447,112200
'18JI',20001,58447,115200
'18JI',20001,58447,122200
'18JI',20001,58447,125200
'18JI',20001,58447,132200
'18JI',20001,58447,135200
'18JI',20001,58447,142200
'18JI',20001,58447,145100
'18JI',20001,58447,152100
'18JI',20001,58447,155100
'18JI',20001,58447,162100
'18JI',20001,58447,165100
'18JI',20001,58447,172100
'18JI',20001,58447,175100
'18JI',20001,58447,182100
'18JI',20001,58447,185300
'18JI',20001,58447,192500
'18JS',20001,58447,64700
'18JS',20001,58447,72000
'18JS',20001,58447,74800
'18JS',20001,58447,81700
'18JS',20001,58447,84500
'18JS',20001,58447,91200
'18JS',20001,58447,94100
'18JS',20001,58447,101100
'18JS',20001,58447,104100
'18JS',20001,58447,111100
'18JS',20001,58447,114000
'18JS',20001,58447,120600
'18JS',20001,58447,122700
'18JS',20001,58447,124900
'18JS',20001,58447,131100
'18JS',20001,58447,133900
'18JS',20001,58447,140700
'18JS',20001,58447,143500
'18JS',20001,58447,150400
'18JS',20001,58447,153200
'18JS',20001,58447,155600
'18JS',20001,58447,162300
'18JS',20001,58447,165800
'18JS',20001,58447,171700
'18JS',20001,58447,174100
'18JS',20001,58447,180000
'18JS',20001,58447,181600
'18JS',20001,58447,183700
'18JS',20001,58447,190400
'18JS',20001,58447,193100
'18JA',21101,58447,61631
'18JA',21101,58447,64631
'18JA',21101,58447,71131
'18JA',21101,58447,72631
'18JA',21101,58447,74131
'18JA',21101,58447,75631
'18JA',21101,58447,81131
'18JA',21101,58447,82731
'18JA',21101,58447,84331
'18JA',21101,58447,85931
'18JA',21101,58447,91431
'18JA',21101,58447,92931
'18JA',21101,58447,94431
'18JA',21101,58447,95931
'18JA',21101,58447,101131
'18JA',21101,58447,102231
'18JA',21101,58447,103231
'18JA',21101,58447,104231
'18JA',21101,58447,105431
'18JA',21101,58447,110631
'18JA',21101,58447,111631
'18JA',21101,58447,112631
'18JA',21101,58447,113631
'18JA',21101,58447,114631
'18JA',21101,58447,120131
'18JA',21101,58447,121631
'18JA',21101,58447,123131
'18JA',21101,58447,124031
'18JA',21101,58447,124931
'18JA',21101,58447,125831
'18JA',21101,58447,130731
'18JA',21101,58447,131631
'18JA',21101,58447,132631
'18JA',21101,58447,133631
'18JA',21101,58447,134631
'18JA',21101,58447,135831
'18JA',21101,58447,141031
'18JA',21101,58447,142331
'18JA',21101,58447,143631
'18JA',21101,58447,144831
'18JA',21101,58447,145931
'18JA',21101,58447,151031
'18JA',21101,58447,152031
'18JA',21101,58447,153031
'18JA',21101,58447,154031
'18JA',21101,58447,155031
'18JA',21101,58447,160031
'18JA',21101,58447,161131
'18JA',21101,58447,162231
'18JA',21101,58447,163231
'18JA',21101,58447,164231
'18JA',21101,58447,165331
'18JA',21101,58447,170431
'18JA',21101,58447,171531
'18JA',21101,58447,172531
'18JA',21101,58447,174031
'18JA',21101,58447,175431
'18JA',21101,58447,180831
'18JA',21101,58447,182231
'18JA',21101,58447,183631
'18JA',21101,58447,185031
'18JA',21101,58447,191031
'18JA',21101,58447,193031
'18JA',21101,58447,195031
'18JA',21101,58447,200931
'18JA',21101,58447,202831
'18JA',21101,58447,204731
'18JA',21101,58447,210631
'18JA',21101,58447,212631
'18JA',21101,58447,214831
'18JA',21101,58447,221031
'18JA',21101,58447,223631
'18JA',21101,58447,230231
'18JA',21101,58447,232931
'18JA',21101,58447,235631
'18JA',21101,58447,242231
'18JA',21101,58447,245131
'18JI',21101,58447,61131
'18JI',21101,58447,64431
'18JI',21101,58447,71431
'18JI',21101,58447,74431
'18JI',21101,58447,81131
'18JI',21101,58447,82731
'18JI',21101,58447,84231
'18JI',21101,58447,85731
'18JI',21101,58447,91231
'18JI',21101,58447,92731
'18JI',21101,58447,94231
'18JI',21101,58447,95731
'18JI',21101,58447,101231
'18JI',21101,58447,102331
'18JI',21101,58447,103431
'18JI',21101,58447,104631
'18JI',21101,58447,105631
'18JI',21101,58447,111131
'18JI',21101,58447,112631
'18JI',21101,58447,114131
'18JI',21101,58447,115631
'18JI',21101,58447,121031
'18JI',21101,58447,122331
'18JI',21101,58447,123531
'18JI',21101,58447,124731
'18JI',21101,58447,130031
'18JI',21101,58447,131631
'18JI',21101,58447,133231
'18JI',21101,58447,134831
'18JI',21101,58447,140431
'18JI',21101,58447,141931
'18JI',21101,58447,143431
'18JI',21101,58447,144931
'18JI',21101,58447,150131
'18JI',21101,58447,151331
'18JI',21101,58447,152731
'18JI',21101,58447,154031
'18JI',21101,58447,155631
'18JI',21101,58447,161131
'18JI',21101,58447,162631
'18JI',21101,58447,164631
'18JI',21101,58447,170731
'18JI',21101,58447,172831
'18JI',21101,58447,175031
'18JI',21101,58447,181031
'18JI',21101,58447,183031
'18JI',21101,58447,185031
'18JI',21101,58447,191031
'18JI',21101,58447,192931
'18JI',21101,58447,194831
'18JI',21101,58447,200831
'18JI',21101,58447,203131
'18JI',21101,58447,210131
'18JI',21101,58447,213131
'18JI',21101,58447,220131
'18JI',21101,58447,223131
'18JI',21101,58447,230231
'18JI',21101,58447,233231
'18JI',21101,58447,240231
'18JI',21101,58447,243331
'18JS',21101,58447,50631
'18JS',21101,58447,52331
'18JS',21101,58447,54031
'18JS',21101,58447,61031
'18JS',21101,58447,64031
'18JS',21101,58447,71001
'18JS',21101,58447,74001
'18JS',21101,58447,81001
'18JS',21101,58447,83901
'18JS',21101,58447,90901
'18JS',21101,58447,93901
'18JS',21101,58447,100901
'18JS',21101,58447,103401
'18JS',21101,58447,105201
'18JS',21101,58447,110901
'18JS',21101,58447,112601
'18JS',21101,58447,114301
'18JS',21101,58447,115901
'18JS',21101,58447,121401
'18JS',21101,58447,122901
'18JS',21101,58447,124401
'18JS',21101,58447,125901
'18JS',21101,58447,131401
'18JS',21101,58447,132901
'18JS',21101,58447,134701
'18JS',21101,58447,140601
'18JS',21101,58447,142501
'18JS',21101,58447,144701
'18JS',21101,58447,151231
'18JS',21101,58447,153731
'18JS',21101,58447,160231
'18JS',21101,58447,162731
'18JS',21101,58447,165231
'18JS',21101,58447,172201
'18JS',21101,58447,175301
'18JS',21101,58447,182401
'18JS',21101,58447,185331
'18JS',21101,58447,192331
'18JS',21101,58447,195331
'18JS',21101,58447,202031
'18JS',21101,58447,204631
'18JS',21101,58447,211231
'18JS',21101,58447,213731
'18JS',21101,58447,220231
'18JS',21101,58447,222731
'18JS',21101,58447,225431
'18JS',21101,58447,232331
'18JS',21101,58447,235131
'18JS',21101,58447,241131
'18JS',21101,58447,243131
'18JS',40501,58447,60057
'18JS',40501,58447,61727
'18JS',40501,58447,63427
'18JS',40501,58447,65827
'18JS',40501,58447,72127
'18JS',40501,58447,74427
'18JS',40501,58447,75927
'18JS',40501,58447,81427
'18JS',40501,58447,83527
'18JS',40501,58447,85857
'18JS',40501,58447,92257
'18JS',40501,58447,94657
'18JS',40501,58447,100557
'18JS',40501,58447,102457
'18JS',40501,58447,104257
'18JS',40501,58447,110057
'18JS',40501,58447,111957
'18JS',40501,58447,113857
'18JS',40501,58447,115657
'18JS',40501,58447,121957
'18JS',40501,58447,124057
'18JS',40501,58447,130257
'18JS',40501,58447,132257
'18JS',40501,58447,133957
'18JS',40501,58447,135657
'18JS',40501,58447,141457
'18JS',40501,58447,143257
'18JS',40501,58447,145057
'18JS',40501,58447,150857
'18JS',40501,58447,152757
'18JS',40501,58447,154657
'18JS',40501,58447,160557
'18JS',40501,58447,162257
'18JS',40501,58447,163857
'18JS',40501,58447,165457
'18JS',40501,58447,171057
'18JS',40501,58447,172757
'18JS',40501,58447,174757
'18JS',40501,58447,180757
'18JS',40501,58447,182757
'18JS',40501,58447,184757
'18JS',40501,58447,190457
'18JS',40501,58447,192157
