'18MA',12502,52611,54200
'18MA',12502,52611,61700
'18MA',12502,52611,65400
'18MA',12502,52611,72800
'18MA',12502,52611,80400
'18MA',12502,52611,83900
'18MA',12502,52611,91500
'18MA',12502,52611,95200
'18MA',12502,52611,101900
'18MA',12502,52611,104600
'18MA',12502,52611,111200
'18MA',12502,52611,113100
'18MA',12502,52611,114600
'18MA',12502,52611,120100
'18MA',12502,52611,121600
'18MA',12502,52611,123100
'18MA',12502,52611,124700
'18MA',12502,52611,130700
'18MA',12502,52611,132600
'18MA',12502,52611,134600
'18MA',12502,52611,140300
'18MA',12502,52611,141900
'18MA',12502,52611,143700
'18MA',12502,52611,145500
'18MA',12502,52611,151200
'18MA',12502,52611,153100
'18MA',12502,52611,154900
'18MA',12502,52611,160800
'18MA',12502,52611,162700
'18MA',12502,52611,164600
'18MA',12502,52611,170400
'18MA',12502,52611,172100
'18MA',12502,52611,173800
'18MA',12502,52611,175200
'18MA',12502,52611,180900
'18MA',12502,52611,182600
'18MA',12502,52611,184900
'18MA',12502,52611,191700
'18MA',12502,52611,194700
'18MA',12502,52611,201600
'18MA',12502,52611,205000
'18MA',12502,52611,212900
'18MA',12502,52611,220800
'18MA',12502,52611,224700
'18MA',12502,52611,232500
'18MA',12502,52611,235900
'18MA',12502,52611,243800
'18MA',12502,52611,251300
'18MA',12502,52611,254700
'18MF1',12502,52611,54200
'18MF1',12502,52611,61700
'18MF1',12502,52611,65400
'18MF1',12502,52611,72800
'18MF1',12502,52611,80400
'18MF1',12502,52611,83900
'18MF1',12502,52611,91500
'18MF1',12502,52611,95200
'18MF1',12502,52611,101900
'18MF1',12502,52611,104600
'18MF1',12502,52611,111200
'18MF1',12502,52611,113100
'18MF1',12502,52611,114600
'18MF1',12502,52611,120100
'18MF1',12502,52611,121600
'18MF1',12502,52611,123100
'18MF1',12502,52611,124700
'18MF1',12502,52611,130700
'18MF1',12502,52611,132600
'18MF1',12502,52611,134600
'18MF1',12502,52611,140300
'18MF1',12502,52611,141900
'18MF1',12502,52611,143700
'18MF1',12502,52611,145500
'18MF1',12502,52611,151200
'18MF1',12502,52611,153100
'18MF1',12502,52611,154900
'18MF1',12502,52611,160800
'18MF1',12502,52611,162700
'18MF1',12502,52611,164600
'18MF1',12502,52611,170400
'18MF1',12502,52611,172100
'18MF1',12502,52611,173800
'18MF1',12502,52611,175200
'18MF1',12502,52611,180900
'18MF1',12502,52611,182600
'18MF1',12502,52611,184900
'18MF1',12502,52611,191700
'18MF1',12502,52611,194700
'18MF1',12502,52611,201600
'18MF1',12502,52611,205000
'18MF1',12502,52611,212900
'18MF1',12502,52611,220800
'18MF1',12502,52611,224700
'18MF1',12502,52611,232700
'18MF1',12502,52611,240300
'18MF1',12502,52611,244300
'18MF1',12502,52611,252100
'18MF2',12502,52611,54200
'18MF2',12502,52611,61700
'18MF2',12502,52611,65400
'18MF2',12502,52611,72800
'18MF2',12502,52611,80400
'18MF2',12502,52611,83900
'18MF2',12502,52611,91500
'18MF2',12502,52611,95200
'18MF2',12502,52611,101900
'18MF2',12502,52611,104600
'18MF2',12502,52611,111200
'18MF2',12502,52611,113100
'18MF2',12502,52611,114600
'18MF2',12502,52611,120100
'18MF2',12502,52611,121600
'18MF2',12502,52611,123100
'18MF2',12502,52611,124700
'18MF2',12502,52611,130700
'18MF2',12502,52611,132600
'18MF2',12502,52611,134600
'18MF2',12502,52611,140300
'18MF2',12502,52611,141900
'18MF2',12502,52611,143700
'18MF2',12502,52611,145500
'18MF2',12502,52611,151200
'18MF2',12502,52611,153100
'18MF2',12502,52611,154900
'18MF2',12502,52611,160800
'18MF2',12502,52611,162700
'18MF2',12502,52611,164600
'18MF2',12502,52611,170400
'18MF2',12502,52611,172100
'18MF2',12502,52611,173800
'18MF2',12502,52611,175200
'18MF2',12502,52611,180900
'18MF2',12502,52611,182600
'18MF2',12502,52611,184900
'18MF2',12502,52611,191700
'18MF2',12502,52611,194700
'18MF2',12502,52611,201600
'18MF2',12502,52611,205000
'18MF2',12502,52611,212900
'18MF2',12502,52611,220800
'18MF2',12502,52611,224700
'18MF2',12502,52611,232700
'18MF2',12502,52611,240300
'18MF2',12502,52611,244300
'18MF2',12502,52611,252100
'18MF3',12502,52611,54200
'18MF3',12502,52611,61700
'18MF3',12502,52611,65400
'18MF3',12502,52611,72800
'18MF3',12502,52611,80400
'18MF3',12502,52611,83900
'18MF3',12502,52611,91500
'18MF3',12502,52611,95200
'18MF3',12502,52611,101900
'18MF3',12502,52611,104600
'18MF3',12502,52611,111200
'18MF3',12502,52611,113100
'18MF3',12502,52611,114600
'18MF3',12502,52611,120100
'18MF3',12502,52611,121600
'18MF3',12502,52611,123100
'18MF3',12502,52611,124700
'18MF3',12502,52611,130700
'18MF3',12502,52611,132600
'18MF3',12502,52611,134600
'18MF3',12502,52611,140300
'18MF3',12502,52611,141900
'18MF3',12502,52611,143700
'18MF3',12502,52611,145500
'18MF3',12502,52611,151200
'18MF3',12502,52611,153100
'18MF3',12502,52611,154900
'18MF3',12502,52611,160800
'18MF3',12502,52611,162700
'18MF3',12502,52611,164600
'18MF3',12502,52611,170400
'18MF3',12502,52611,172100
'18MF3',12502,52611,173800
'18MF3',12502,52611,175200
'18MF3',12502,52611,180900
'18MF3',12502,52611,182600
'18MF3',12502,52611,184900
'18MF3',12502,52611,191700
'18MF3',12502,52611,194700
'18MF3',12502,52611,201600
'18MF3',12502,52611,205000
'18MF3',12502,52611,212900
'18MF3',12502,52611,220800
'18MF3',12502,52611,224700
'18MF3',12502,52611,232700
'18MF3',12502,52611,240300
'18MF3',12502,52611,244300
'18MF3',12502,52611,252100
'18MI',12502,52611,54100
'18MI',12502,52611,61400
'18MI',12502,52611,64900
'18MI',12502,52611,72400
'18MI',12502,52611,75800
'18MI',12502,52611,82400
'18MI',12502,52611,85100
'18MI',12502,52611,91800
'18MI',12502,52611,94200
'18MI',12502,52611,100900
'18MI',12502,52611,103700
'18MI',12502,52611,110600
'18MI',12502,52611,113400
'18MI',12502,52611,120500
'18MI',12502,52611,122600
'18MI',12502,52611,124700
'18MI',12502,52611,131000
'18MI',12502,52611,133300
'18MI',12502,52611,135400
'18MI',12502,52611,141500
'18MI',12502,52611,143200
'18MI',12502,52611,144800
'18MI',12502,52611,150700
'18MI',12502,52611,152700
'18MI',12502,52611,154800
'18MI',12502,52611,161200
'18MI',12502,52611,163600
'18MI',12502,52611,170100
'18MI',12502,52611,173000
'18MI',12502,52611,175900
'18MI',12502,52611,182800
'18MI',12502,52611,185700
'18MI',12502,52611,192700
'18MI',12502,52611,195400
'18MI',12502,52611,202400
'18MI',12502,52611,210200
'18MI',12502,52611,214000
'18MI',12502,52611,221800
'18MI',12502,52611,225600
'18MI',12502,52611,233400
'18MI',12502,52611,240700
'18MI',12502,52611,244400
'18MI',12502,52611,252100
'18MS',12502,52611,55100
'18MS',12502,52611,62300
'18MS',12502,52611,64800
'18MS',12502,52611,70300
'18MS',12502,52611,71600
'18MS',12502,52611,73100
'18MS',12502,52611,75000
'18MS',12502,52611,80000
'18MS',12502,52611,80700
'18MS',12502,52611,81400
'18MS',12502,52611,82100
'18MS',12502,52611,83100
'18MS',12502,52611,84000
'18MS',12502,52611,84800
'18MS',12502,52611,85400
'18MS',12502,52611,90300
'18MS',12502,52611,91500
'18MS',12502,52611,93100
'18MS',12502,52611,95000
'18MS',12502,52611,100800
'18MS',12502,52611,102600
'18MS',12502,52611,104500
'18MS',12502,52611,110200
'18MS',12502,52611,112300
'18MS',12502,52611,114400
'18MS',12502,52611,120600
'18MS',12502,52611,122700
'18MS',12502,52611,124900
'18MS',12502,52611,131100
'18MS',12502,52611,133000
'18MS',12502,52611,135000
'18MS',12502,52611,141000
'18MS',12502,52611,143300
'18MS',12502,52611,145500
'18MS',12502,52611,151700
'18MS',12502,52611,154300
'18MS',12502,52611,161100
'18MS',12502,52611,164200
'18MS',12502,52611,171200
'18MS',12502,52611,174100
'18MS',12502,52611,181100
'18MS',12502,52611,184000
'18MS',12502,52611,190800
'18MS',12502,52611,193700
'18MS',12502,52611,200600
'18MS',12502,52611,203700
'18MS',12502,52611,210500
'18MS',12502,52611,213200
'18MS',12502,52611,220100
'18MS',12502,52611,223600
'18MS',12502,52611,232000
'18MS',12502,52611,240600
'18MS',12502,52611,244900
'18MS',12502,52611,252700
