'16MA',1203,61563,84633
'16MA',1203,61563,90833
'16MA',1203,61563,92933
'16MA',1203,61563,95033
'16MA',1203,61563,101133
'16MA',1203,61563,103233
'16MA',1203,61563,105333
'16MA',1203,61563,111433
'16MA',1203,61563,113533
'16MA',1203,61563,115546
'16MA',1203,61563,121646
'16MA',1203,61563,123646
'16MA',1203,61563,125646
'16MA',1203,61563,131646
'16MA',1203,61563,133646
'16MA',1203,61563,135646
'16MA',1203,61563,141646
'16MA',1203,61563,143646
'16MA',1203,61563,145746
'16MA',1203,61563,151846
'16MA',1203,61563,153946
'16MA',1203,61563,160046
'16MA',1203,61563,162146
'16MA',1203,61563,164246
'16MA',1203,61563,170246
'16MA',1203,61563,172246
'16MA',1203,61563,174346
'16MA',1203,61563,180346
'16MA',1203,61563,182346
'16MA',1203,61563,184246
'16MA',1203,61563,190146
'16MA',1203,61563,192146
'16MA',1203,61563,194046
'16MA',1203,61563,195846
'16MA',1203,61563,201846
'16MA',1203,61563,203946
'16MA',1203,61563,210046
'16MA',1203,61563,212146
'16MA',1203,61563,214246
'16MA',1203,61563,220246
'16MA',1203,61563,222246
'16MA',1203,61563,224246
'16MA',1203,61563,230246
'16MA',1203,61563,231946
'16MF1',1203,61563,84633
'16MF1',1203,61563,90833
'16MF1',1203,61563,92933
'16MF1',1203,61563,95033
'16MF1',1203,61563,101133
'16MF1',1203,61563,103233
'16MF1',1203,61563,105333
'16MF1',1203,61563,111433
'16MF1',1203,61563,113533
'16MF1',1203,61563,115546
'16MF1',1203,61563,121646
'16MF1',1203,61563,123646
'16MF1',1203,61563,125646
'16MF1',1203,61563,131646
'16MF1',1203,61563,133646
'16MF1',1203,61563,135646
'16MF1',1203,61563,141646
'16MF1',1203,61563,143646
'16MF1',1203,61563,145746
'16MF1',1203,61563,151846
'16MF1',1203,61563,153946
'16MF1',1203,61563,160046
'16MF1',1203,61563,162146
'16MF1',1203,61563,164246
'16MF1',1203,61563,170246
'16MF1',1203,61563,172246
'16MF1',1203,61563,174346
'16MF1',1203,61563,180346
'16MF1',1203,61563,182346
'16MF1',1203,61563,184246
'16MF1',1203,61563,190146
'16MF1',1203,61563,192146
'16MF1',1203,61563,194046
'16MF1',1203,61563,195846
'16MF1',1203,61563,201846
'16MF1',1203,61563,203946
'16MF1',1203,61563,210046
'16MF1',1203,61563,212146
'16MF1',1203,61563,214246
'16MF1',1203,61563,220246
'16MF1',1203,61563,222246
'16MF1',1203,61563,224246
'16MF1',1203,61563,230246
'16MF1',1203,61563,231946
'16MF2',1203,61563,84633
'16MF2',1203,61563,90833
'16MF2',1203,61563,92933
'16MF2',1203,61563,95033
'16MF2',1203,61563,101133
'16MF2',1203,61563,103233
'16MF2',1203,61563,105333
'16MF2',1203,61563,111433
'16MF2',1203,61563,113533
'16MF2',1203,61563,115546
'16MF2',1203,61563,121646
'16MF2',1203,61563,123646
'16MF2',1203,61563,125646
'16MF2',1203,61563,131646
'16MF2',1203,61563,133646
'16MF2',1203,61563,135646
'16MF2',1203,61563,141646
'16MF2',1203,61563,143646
'16MF2',1203,61563,145746
'16MF2',1203,61563,151846
'16MF2',1203,61563,153946
'16MF2',1203,61563,160046
'16MF2',1203,61563,162146
'16MF2',1203,61563,164246
'16MF2',1203,61563,170246
'16MF2',1203,61563,172246
'16MF2',1203,61563,174346
'16MF2',1203,61563,180346
'16MF2',1203,61563,182346
'16MF2',1203,61563,184246
'16MF2',1203,61563,190146
'16MF2',1203,61563,192146
'16MF2',1203,61563,194046
'16MF2',1203,61563,195846
'16MF2',1203,61563,201846
'16MF2',1203,61563,203946
'16MF2',1203,61563,210046
'16MF2',1203,61563,212146
'16MF2',1203,61563,214246
'16MF2',1203,61563,220246
'16MF2',1203,61563,222246
'16MF2',1203,61563,224246
'16MF2',1203,61563,230246
'16MF2',1203,61563,231946
'16MF3',1203,61563,84446
'16MF3',1203,61563,90446
'16MF3',1203,61563,92446
'16MF3',1203,61563,94546
'16MF3',1203,61563,100546
'16MF3',1203,61563,102546
'16MF3',1203,61563,104646
'16MF3',1203,61563,110646
'16MF3',1203,61563,112746
'16MF3',1203,61563,114746
'16MF3',1203,61563,120846
'16MF3',1203,61563,122846
'16MF3',1203,61563,124946
'16MF3',1203,61563,130946
'16MF3',1203,61563,133046
'16MF3',1203,61563,135046
'16MF3',1203,61563,141146
'16MF3',1203,61563,143146
'16MF3',1203,61563,145246
'16MF3',1203,61563,151246
'16MF3',1203,61563,153346
'16MF3',1203,61563,155346
'16MF3',1203,61563,161446
'16MF3',1203,61563,163446
'16MF3',1203,61563,165546
'16MF3',1203,61563,171546
'16MF3',1203,61563,173646
'16MF3',1203,61563,175646
'16MF3',1203,61563,181646
'16MF3',1203,61563,183646
'16MF3',1203,61563,185446
'16MF3',1203,61563,191446
'16MF3',1203,61563,193446
'16MF3',1203,61563,195546
'16MF3',1203,61563,201646
'16MF3',1203,61563,203746
'16MF3',1203,61563,205846
'16MF3',1203,61563,211946
'16MF3',1203,61563,214046
'16MF3',1203,61563,220146
'16MF3',1203,61563,222246
'16MF3',1203,61563,224246
'16MF3',1203,61563,230246
'16MF3',1203,61563,231946
'16MI',1203,61563,84446
'16MI',1203,61563,90446
'16MI',1203,61563,92446
'16MI',1203,61563,94546
'16MI',1203,61563,100546
'16MI',1203,61563,102546
'16MI',1203,61563,104646
'16MI',1203,61563,110646
'16MI',1203,61563,112746
'16MI',1203,61563,114746
'16MI',1203,61563,120846
'16MI',1203,61563,122846
'16MI',1203,61563,124946
'16MI',1203,61563,130946
'16MI',1203,61563,133046
'16MI',1203,61563,135046
'16MI',1203,61563,141146
'16MI',1203,61563,143146
'16MI',1203,61563,145246
'16MI',1203,61563,151246
'16MI',1203,61563,153346
'16MI',1203,61563,155346
'16MI',1203,61563,161446
'16MI',1203,61563,163446
'16MI',1203,61563,165546
'16MI',1203,61563,171546
'16MI',1203,61563,173646
'16MI',1203,61563,175646
'16MI',1203,61563,181646
'16MI',1203,61563,183646
'16MI',1203,61563,185446
'16MI',1203,61563,191446
'16MI',1203,61563,193446
'16MI',1203,61563,195546
'16MI',1203,61563,201646
'16MI',1203,61563,203746
'16MI',1203,61563,205846
'16MI',1203,61563,211946
'16MI',1203,61563,214046
'16MI',1203,61563,220146
'16MI',1203,61563,222246
'16MI',1203,61563,224246
'16MI',1203,61563,230246
'16MI',1203,61563,231946
'16MS',1203,61563,62246
'16MS',1203,61563,65246
'16MS',1203,61563,72820
'16MS',1203,61563,74420
'16MS',1203,61563,80520
'16MS',1203,61563,81720
'16MS',1203,61563,82920
'16MS',1203,61563,83533
'16MS',1203,61563,85033
'16MS',1203,61563,91433
'16MS',1203,61563,93833
'16MS',1203,61563,100233
'16MS',1203,61563,102633
'16MS',1203,61563,105033
'16MS',1203,61563,111333
'16MS',1203,61563,113633
'16MS',1203,61563,115933
'16MS',1203,61563,122233
'16MS',1203,61563,124633
'16MS',1203,61563,131033
'16MS',1203,61563,133433
'16MS',1203,61563,135833
'16MS',1203,61563,142233
'16MS',1203,61563,144633
'16MS',1203,61563,151133
'16MS',1203,61563,153733
'16MS',1203,61563,160233
'16MS',1203,61563,162733
'16MS',1203,61563,165620
'16MS',1203,61563,172120
'16MS',1203,61563,174420
'16MS',1203,61563,180920
'16MS',1203,61563,183420
'16MS',1203,61563,185546
'16MS',1203,61563,192046
'16MS',1203,61563,194546
'16MS',1203,61563,200946
'16MS',1203,61563,203246
'16MS',1203,61563,205546
'16MS',1203,61563,211846
'16MS',1203,61563,214146
'16MS',1203,61563,220446
'16MS',1203,61563,222846
'16MS',1203,61563,225346
'16MS',1203,61563,232046
