'18US',46001,55015,155100
'18US',46001,55015,160000
'18US',46001,55015,160900
'18US',46001,55015,161900
'18US',46001,55015,163000
'18US',46001,55015,163900
'18US',46001,55015,164700
'18US',46001,55015,165400
'18US',46001,55015,170000
'18US',46001,55015,170600
'18US',46001,55015,171100
'18US',46001,55015,171600
'18US',46001,55015,172100
'18US',46001,55015,172600
'18US',46001,55015,173100
'18US',46001,55015,173400
'18US',46001,55015,173700
'18US',46001,55015,174000
'18US',46001,55015,174200
'18US',46001,55015,174700
'18US',46001,55015,175100
'18US',46001,55015,175500
'18US',46001,55015,175900
'18US',46001,55015,180300
'18US',46001,55015,180800
'18US',46001,55015,181600
'18US',46001,55015,182300
'18US',46001,55015,183100
'18US',46001,55015,183400
'18US',46001,55015,185000
'18US',46001,55015,191400
'18US',46001,55015,193800
'18US',46001,55015,200400
'18US',46001,55015,202400
