'18MS',5201,50657,62900
'18MS',5201,50657,70000
'18MS',5201,50657,72900
'18MS',5201,50657,75900
'18MS',5201,50657,82900
'18MS',5201,50657,85900
'18MS',5201,50657,152400
'18MS',5201,50657,155100
'18MS',5201,50657,162100
'18MS',5201,50657,165200
'18MS',5201,50657,172200
'18MS',5201,50657,175200
'18MA',10001,50657,52150
'18MA',10001,50657,55550
'18MA',10001,50657,62450
'18MA',10001,50657,65250
'18MA',10001,50657,72227
'18MA',10001,50657,75127
'18MA',10001,50657,82127
'18MA',10001,50657,85227
'18MA',10001,50657,92327
'18MA',10001,50657,95427
'18MA',10001,50657,102327
'18MA',10001,50657,105227
'18MA',10001,50657,112404
'18MA',10001,50657,115304
'18MA',10001,50657,122204
'18MA',10001,50657,125104
'18MA',10001,50657,132204
'18MA',10001,50657,135404
'18MA',10001,50657,142504
'18MA',10001,50657,145604
'18MA',10001,50657,152404
'18MA',10001,50657,154404
'18MA',10001,50657,160204
'18MA',10001,50657,162004
'18MA',10001,50657,163704
'18MA',10001,50657,165404
'18MA',10001,50657,171004
'18MA',10001,50657,172304
'18MA',10001,50657,173304
'18MA',10001,50657,174204
'18MA',10001,50657,175104
'18MA',10001,50657,180204
'18MA',10001,50657,181704
'18MA',10001,50657,183404
'18MA',10001,50657,185827
'18MA',10001,50657,192750
'18MA',10001,50657,195850
'18MA',10001,50657,202950
'18MA',10001,50657,210050
'18MA',10001,50657,213150
'18MA',10001,50657,220150
'18MA',10001,50657,223150
'18MA',10001,50657,225750
'18MA',10001,50657,232750
'18MA',10001,50657,235750
'18MA',10001,50657,242650
'18MA',10001,50657,245650
'18MA',10001,50657,252750
'18MF1',10001,50657,52150
'18MF1',10001,50657,55550
'18MF1',10001,50657,62450
'18MF1',10001,50657,65250
'18MF1',10001,50657,72227
'18MF1',10001,50657,75127
'18MF1',10001,50657,82127
'18MF1',10001,50657,85227
'18MF1',10001,50657,92327
'18MF1',10001,50657,95427
'18MF1',10001,50657,102327
'18MF1',10001,50657,105227
'18MF1',10001,50657,112404
'18MF1',10001,50657,115304
'18MF1',10001,50657,122204
'18MF1',10001,50657,125104
'18MF1',10001,50657,132204
'18MF1',10001,50657,135404
'18MF1',10001,50657,142504
'18MF1',10001,50657,145604
'18MF1',10001,50657,152404
'18MF1',10001,50657,154404
'18MF1',10001,50657,160204
'18MF1',10001,50657,162004
'18MF1',10001,50657,163704
'18MF1',10001,50657,165404
'18MF1',10001,50657,171004
'18MF1',10001,50657,172304
'18MF1',10001,50657,173304
'18MF1',10001,50657,174204
'18MF1',10001,50657,175104
'18MF1',10001,50657,180204
'18MF1',10001,50657,181704
'18MF1',10001,50657,183404
'18MF1',10001,50657,185827
'18MF1',10001,50657,192750
'18MF1',10001,50657,195850
'18MF1',10001,50657,202950
'18MF1',10001,50657,210050
'18MF1',10001,50657,213150
'18MF1',10001,50657,220150
'18MF1',10001,50657,223150
'18MF1',10001,50657,225750
'18MF1',10001,50657,232750
'18MF1',10001,50657,235750
'18MF1',10001,50657,242650
'18MF1',10001,50657,245650
'18MF1',10001,50657,252750
'18MF2',10001,50657,52150
'18MF2',10001,50657,55550
'18MF2',10001,50657,62450
'18MF2',10001,50657,65250
'18MF2',10001,50657,72227
'18MF2',10001,50657,75127
'18MF2',10001,50657,82127
'18MF2',10001,50657,85227
'18MF2',10001,50657,92327
'18MF2',10001,50657,95427
'18MF2',10001,50657,102327
'18MF2',10001,50657,105227
'18MF2',10001,50657,112404
'18MF2',10001,50657,115304
'18MF2',10001,50657,122204
'18MF2',10001,50657,125104
'18MF2',10001,50657,132204
'18MF2',10001,50657,135404
'18MF2',10001,50657,142504
'18MF2',10001,50657,145604
'18MF2',10001,50657,152404
'18MF2',10001,50657,154404
'18MF2',10001,50657,160204
'18MF2',10001,50657,162004
'18MF2',10001,50657,163704
'18MF2',10001,50657,165404
'18MF2',10001,50657,171004
'18MF2',10001,50657,172304
'18MF2',10001,50657,173304
'18MF2',10001,50657,174204
'18MF2',10001,50657,175104
'18MF2',10001,50657,180204
'18MF2',10001,50657,181704
'18MF2',10001,50657,183404
'18MF2',10001,50657,185827
'18MF2',10001,50657,192750
'18MF2',10001,50657,195850
'18MF2',10001,50657,202950
'18MF2',10001,50657,210050
'18MF2',10001,50657,213150
'18MF2',10001,50657,220150
'18MF2',10001,50657,223150
'18MF2',10001,50657,225750
'18MF2',10001,50657,232750
'18MF2',10001,50657,235750
'18MF2',10001,50657,242650
'18MF2',10001,50657,245650
'18MF2',10001,50657,252750
'18MF3',10001,50657,52150
'18MF3',10001,50657,55550
'18MF3',10001,50657,62450
'18MF3',10001,50657,65250
'18MF3',10001,50657,72227
'18MF3',10001,50657,75127
'18MF3',10001,50657,82127
'18MF3',10001,50657,85227
'18MF3',10001,50657,92327
'18MF3',10001,50657,95427
'18MF3',10001,50657,102327
'18MF3',10001,50657,105227
'18MF3',10001,50657,112404
'18MF3',10001,50657,115304
'18MF3',10001,50657,122204
'18MF3',10001,50657,125104
'18MF3',10001,50657,132204
'18MF3',10001,50657,135404
'18MF3',10001,50657,142504
'18MF3',10001,50657,145604
'18MF3',10001,50657,152404
'18MF3',10001,50657,154404
'18MF3',10001,50657,160204
'18MF3',10001,50657,162004
'18MF3',10001,50657,163704
'18MF3',10001,50657,165404
'18MF3',10001,50657,171004
'18MF3',10001,50657,172304
'18MF3',10001,50657,173304
'18MF3',10001,50657,174204
'18MF3',10001,50657,175104
'18MF3',10001,50657,180204
'18MF3',10001,50657,181704
'18MF3',10001,50657,183404
'18MF3',10001,50657,185827
'18MF3',10001,50657,192750
'18MF3',10001,50657,195850
'18MF3',10001,50657,202950
'18MF3',10001,50657,210050
'18MF3',10001,50657,213150
'18MF3',10001,50657,220150
'18MF3',10001,50657,223150
'18MF3',10001,50657,225750
'18MF3',10001,50657,232750
'18MF3',10001,50657,235750
'18MF3',10001,50657,242650
'18MF3',10001,50657,245650
'18MF3',10001,50657,252750
'18MI',10001,50657,63150
'18MI',10001,50657,71350
'18MI',10001,50657,74350
'18MI',10001,50657,81350
'18MI',10001,50657,84250
'18MI',10001,50657,91250
'18MI',10001,50657,94250
'18MI',10001,50657,101250
'18MI',10001,50657,104150
'18MI',10001,50657,111050
'18MI',10001,50657,114050
'18MI',10001,50657,121304
'18MI',10001,50657,124304
'18MI',10001,50657,131304
'18MI',10001,50657,134304
'18MI',10001,50657,141404
'18MI',10001,50657,144404
'18MI',10001,50657,150604
'18MI',10001,50657,152604
'18MI',10001,50657,154504
'18MI',10001,50657,160104
'18MI',10001,50657,161604
'18MI',10001,50657,163104
'18MI',10001,50657,164604
'18MI',10001,50657,170104
'18MI',10001,50657,171504
'18MI',10001,50657,173104
'18MI',10001,50657,174704
'18MI',10001,50657,180404
'18MI',10001,50657,182004
'18MI',10001,50657,183627
'18MI',10001,50657,190227
'18MI',10001,50657,192827
'18MI',10001,50657,200127
'18MI',10001,50657,203327
'18MI',10001,50657,210227
'18MI',10001,50657,213327
'18MI',10001,50657,220427
'18MI',10001,50657,223427
'18MI',10001,50657,230227
'18MI',10001,50657,233227
'18MI',10001,50657,240227
'18MI',10001,50657,243227
'18MI',10001,50657,250127
'18MI',10001,50657,252927
'18MS',10001,50657,52404
'18MS',10001,50657,55504
'18MS',10001,50657,62904
'18MS',10001,50657,70141
'18MS',10001,50657,73341
'18MS',10001,50657,80141
'18MS',10001,50657,82941
'18MS',10001,50657,85604
'18MS',10001,50657,92604
'18MS',10001,50657,95804
'18MS',10001,50657,102904
'18MS',10001,50657,110004
'18MS',10001,50657,113104
'18MS',10001,50657,120204
'18MS',10001,50657,123304
'18MS',10001,50657,130404
'18MS',10001,50657,133404
'18MS',10001,50657,140104
'18MS',10001,50657,142504
'18MS',10001,50657,144604
'18MS',10001,50657,150241
'18MS',10001,50657,152041
'18MS',10001,50657,153541
'18MS',10001,50657,155241
'18MS',10001,50657,160918
'18MS',10001,50657,162518
'18MS',10001,50657,164218
'18MS',10001,50657,165818
'18MS',10001,50657,171518
'18MS',10001,50657,173718
'18MS',10001,50657,180618
'18MS',10001,50657,183641
'18MS',10001,50657,190341
'18MS',10001,50657,192841
'18MS',10001,50657,200041
'18MS',10001,50657,203241
'18MS',10001,50657,210441
'18MS',10001,50657,213641
'18MS',10001,50657,220804
'18MS',10001,50657,223704
'18MS',10001,50657,230504
'18MS',10001,50657,232404
'18MS',10001,50657,233104
'18MS',10001,50657,235904
'18MS',10001,50657,243004
'18MS',10001,50657,245727
'18MS',10001,50657,252927
'18MS',13504,50657,64822
'18MS',13504,50657,73609
'18MS',13504,50657,80009
'18MS',13504,50657,81809
'18MS',13504,50657,83709
'18MS',13504,50657,90509
'18MS',13504,50657,95709
