'15SA',5802,56626,53401
'15SA',5802,56626,60401
'15SA',5802,56626,63401
'15SA',5802,56626,70401
'15SA',5802,56626,73401
'15SA',5802,56626,80401
'15SA',5802,56626,83501
'15SA',5802,56626,90701
'15SA',5802,56626,93918
'15SA',5802,56626,101118
'15SA',5802,56626,104218
'15SA',5802,56626,111418
'15SA',5802,56626,114518
'15SA',5802,56626,121318
'15SA',5802,56626,123827
'15SA',5802,56626,130127
'15SA',5802,56626,132527
'15SA',5802,56626,134927
'15SA',5802,56626,141327
'15SA',5802,56626,143727
'15SA',5802,56626,150227
'15SA',5802,56626,152727
'15SA',5802,56626,155227
'15SA',5802,56626,161727
'15SA',5802,56626,164427
'15SA',5802,56626,171227
'15SA',5802,56626,174027
'15SA',5802,56626,180718
'15SA',5802,56626,183618
'15SA',5802,56626,190518
'15SA',5802,56626,193518
'15SA',5802,56626,200518
'15SA',5802,56626,203309
'15SA',5802,56626,210309
'15SA',5802,56626,213509
'15SA',5802,56626,220609
'15SA',5802,56626,223709
'15SA',5802,56626,230709
'15SA',5802,56626,233809
'15SA',5802,56626,240609
'15SA',5802,56626,243701
'15SA',5802,56626,251201
'15SA',5802,56626,254852
'15SF1',5802,56626,53352
'15SF1',5802,56626,60352
'15SF1',5802,56626,63352
'15SF1',5802,56626,70452
'15SF1',5802,56626,73552
'15SF1',5802,56626,80652
'15SF1',5802,56626,83752
'15SF1',5802,56626,90852
'15SF1',5802,56626,94109
'15SF1',5802,56626,101309
'15SF1',5802,56626,104609
'15SF1',5802,56626,111909
'15SF1',5802,56626,115309
'15SF1',5802,56626,122618
'15SF1',5802,56626,125918
'15SF1',5802,56626,133218
'15SF1',5802,56626,140518
'15SF1',5802,56626,142718
'15SF1',5802,56626,144818
'15SF1',5802,56626,150918
'15SF1',5802,56626,153018
'15SF1',5802,56626,155218
'15SF1',5802,56626,161418
'15SF1',5802,56626,163718
'15SF1',5802,56626,170818
'15SF1',5802,56626,174018
'15SF1',5802,56626,181318
'15SF1',5802,56626,184518
'15SF1',5802,56626,191718
'15SF1',5802,56626,194918
'15SF1',5802,56626,202118
'15SF1',5802,56626,205318
'15SF1',5802,56626,212518
'15SF1',5802,56626,215718
'15SF1',5802,56626,222818
'15SF1',5802,56626,225901
'15SF1',5802,56626,233001
'15SF1',5802,56626,240101
'15SF1',5802,56626,243201
'15SF1',5802,56626,250301
'15SF1',5802,56626,253343
'15SF2',5802,56626,53352
'15SF2',5802,56626,60352
'15SF2',5802,56626,63352
'15SF2',5802,56626,70452
'15SF2',5802,56626,73552
'15SF2',5802,56626,80652
'15SF2',5802,56626,83752
'15SF2',5802,56626,90852
'15SF2',5802,56626,94109
'15SF2',5802,56626,101309
'15SF2',5802,56626,104609
'15SF2',5802,56626,111909
'15SF2',5802,56626,115309
'15SF2',5802,56626,122618
'15SF2',5802,56626,125918
'15SF2',5802,56626,133218
'15SF2',5802,56626,140518
'15SF2',5802,56626,142718
'15SF2',5802,56626,144818
'15SF2',5802,56626,150918
'15SF2',5802,56626,153018
'15SF2',5802,56626,155218
'15SF2',5802,56626,161418
'15SF2',5802,56626,163718
'15SF2',5802,56626,170818
'15SF2',5802,56626,174018
'15SF2',5802,56626,181318
'15SF2',5802,56626,184518
'15SF2',5802,56626,191718
'15SF2',5802,56626,194918
'15SF2',5802,56626,202118
'15SF2',5802,56626,205318
'15SF2',5802,56626,212518
'15SF2',5802,56626,215718
'15SF2',5802,56626,222818
'15SF2',5802,56626,225901
'15SF2',5802,56626,233001
'15SF2',5802,56626,240101
'15SF2',5802,56626,243201
'15SF2',5802,56626,250301
'15SF2',5802,56626,253343
'15SI',5802,56626,53352
'15SI',5802,56626,60352
'15SI',5802,56626,63352
'15SI',5802,56626,70452
'15SI',5802,56626,73552
'15SI',5802,56626,80652
'15SI',5802,56626,83752
'15SI',5802,56626,90852
'15SI',5802,56626,94109
'15SI',5802,56626,101309
'15SI',5802,56626,104609
'15SI',5802,56626,111909
'15SI',5802,56626,115309
'15SI',5802,56626,122618
'15SI',5802,56626,125918
'15SI',5802,56626,133218
'15SI',5802,56626,140518
'15SI',5802,56626,142718
'15SI',5802,56626,144818
'15SI',5802,56626,150918
'15SI',5802,56626,153018
'15SI',5802,56626,155218
'15SI',5802,56626,161418
'15SI',5802,56626,163718
'15SI',5802,56626,170818
'15SI',5802,56626,174018
'15SI',5802,56626,181318
'15SI',5802,56626,184518
'15SI',5802,56626,191718
'15SI',5802,56626,194918
'15SI',5802,56626,202118
'15SI',5802,56626,205318
'15SI',5802,56626,212518
'15SI',5802,56626,215718
'15SI',5802,56626,222818
'15SI',5802,56626,225901
'15SI',5802,56626,233001
'15SI',5802,56626,240101
'15SI',5802,56626,243201
'15SI',5802,56626,250301
'15SI',5802,56626,253343
'15SS',5802,56626,53243
'15SS',5802,56626,60443
'15SS',5802,56626,63752
'15SS',5802,56626,70752
'15SS',5802,56626,73901
'15SS',5802,56626,80901
'15SS',5802,56626,83901
'15SS',5802,56626,90909
'15SS',5802,56626,93909
'15SS',5802,56626,100909
'15SS',5802,56626,103909
'15SS',5802,56626,110709
'15SS',5802,56626,113409
'15SS',5802,56626,120209
'15SS',5802,56626,122709
'15SS',5802,56626,125109
'15SS',5802,56626,131509
'15SS',5802,56626,133909
'15SS',5802,56626,140209
'15SS',5802,56626,142209
'15SS',5802,56626,144209
'15SS',5802,56626,150218
'15SS',5802,56626,152218
'15SS',5802,56626,154118
'15SS',5802,56626,155718
'15SS',5802,56626,160918
'15SS',5802,56626,162118
'15SS',5802,56626,163218
'15SS',5802,56626,164218
'15SS',5802,56626,165218
'15SS',5802,56626,170218
'15SS',5802,56626,171118
'15SS',5802,56626,171918
'15SS',5802,56626,172818
'15SS',5802,56626,173618
'15SS',5802,56626,174418
'15SS',5802,56626,175218
'15SS',5802,56626,180018
'15SS',5802,56626,181118
'15SS',5802,56626,183218
'15SS',5802,56626,185518
'15SS',5802,56626,192218
'15SS',5802,56626,194809
'15SS',5802,56626,201509
'15SS',5802,56626,204309
'15SS',5802,56626,211409
'15SS',5802,56626,214409
'15SS',5802,56626,221409
'15SS',5802,56626,224409
'15SS',5802,56626,231301
'15SS',5802,56626,234252
'15SS',5802,56626,241152
'15SS',5802,56626,243943
'15SS',5802,56626,250643
'15SS',5802,56626,253443
'15SA',6102,56626,61946
'15SA',6102,56626,64946
'15SA',6102,56626,71946
'15SA',6102,56626,74946
'15SA',6102,56626,82046
'15SA',6102,56626,85246
'15SA',6102,56626,92546
'15SA',6102,56626,95746
'15SA',6102,56626,102546
'15SA',6102,56626,104946
'15SA',6102,56626,111246
'15SA',6102,56626,113646
'15SA',6102,56626,120046
'15SA',6102,56626,122413
'15SA',6102,56626,124840
'15SA',6102,56626,131240
'15SA',6102,56626,133740
'15SA',6102,56626,140340
'15SA',6102,56626,142840
'15SA',6102,56626,145240
'15SA',6102,56626,151640
'15SA',6102,56626,153940
'15SA',6102,56626,160240
'15SA',6102,56626,162640
'15SA',6102,56626,164940
'15SA',6102,56626,171240
'15SA',6102,56626,173640
'15SA',6102,56626,175940
'15SA',6102,56626,182140
'15SA',6102,56626,184340
'15SA',6102,56626,190640
'15SA',6102,56626,192840
'15SA',6102,56626,195040
'15SA',6102,56626,201013
'15SA',6102,56626,204013
'15SA',6102,56626,211113
'15SA',6102,56626,214013
'15SF1',6102,56626,61746
'15SF1',6102,56626,64746
'15SF1',6102,56626,71846
'15SF1',6102,56626,74946
'15SF1',6102,56626,82046
'15SF1',6102,56626,85146
'15SF1',6102,56626,92246
'15SF1',6102,56626,95513
'15SF1',6102,56626,102813
'15SF1',6102,56626,110013
'15SF1',6102,56626,112813
'15SF1',6102,56626,115113
'15SF1',6102,56626,121413
'15SF1',6102,56626,123807
'15SF1',6102,56626,130207
'15SF1',6102,56626,132607
'15SF1',6102,56626,134907
'15SF1',6102,56626,141307
'15SF1',6102,56626,143807
'15SF1',6102,56626,150407
'15SF1',6102,56626,153107
'15SF1',6102,56626,160107
'15SF1',6102,56626,163107
'15SF1',6102,56626,170007
'15SF1',6102,56626,172507
'15SF1',6102,56626,174907
'15SF1',6102,56626,181407
'15SF1',6102,56626,183907
'15SF1',6102,56626,190407
'15SF1',6102,56626,192546
'15SF1',6102,56626,195146
'15SF1',6102,56626,201746
'15SF1',6102,56626,204546
'15SF1',6102,56626,211446
'15SF1',6102,56626,214246
'15SF2',6102,56626,61746
'15SF2',6102,56626,64746
'15SF2',6102,56626,71846
'15SF2',6102,56626,74946
'15SF2',6102,56626,82046
'15SF2',6102,56626,85146
'15SF2',6102,56626,92246
'15SF2',6102,56626,95513
'15SF2',6102,56626,102813
'15SF2',6102,56626,110013
'15SF2',6102,56626,112813
'15SF2',6102,56626,115113
'15SF2',6102,56626,121413
'15SF2',6102,56626,123807
'15SF2',6102,56626,130207
'15SF2',6102,56626,132607
'15SF2',6102,56626,134907
'15SF2',6102,56626,141307
'15SF2',6102,56626,143807
'15SF2',6102,56626,150407
'15SF2',6102,56626,153107
'15SF2',6102,56626,160107
'15SF2',6102,56626,163107
'15SF2',6102,56626,170007
'15SF2',6102,56626,172507
'15SF2',6102,56626,174907
'15SF2',6102,56626,181407
'15SF2',6102,56626,183907
'15SF2',6102,56626,190407
'15SF2',6102,56626,192546
'15SF2',6102,56626,195146
'15SF2',6102,56626,201746
'15SF2',6102,56626,204546
'15SF2',6102,56626,211446
'15SF2',6102,56626,214246
'15SI',6102,56626,61746
'15SI',6102,56626,64746
'15SI',6102,56626,71846
'15SI',6102,56626,74946
'15SI',6102,56626,82046
'15SI',6102,56626,85146
'15SI',6102,56626,92246
'15SI',6102,56626,95513
'15SI',6102,56626,102813
'15SI',6102,56626,110013
'15SI',6102,56626,112813
'15SI',6102,56626,115113
'15SI',6102,56626,121413
'15SI',6102,56626,123807
'15SI',6102,56626,130207
'15SI',6102,56626,132607
'15SI',6102,56626,134907
'15SI',6102,56626,141307
'15SI',6102,56626,143807
'15SI',6102,56626,150407
'15SI',6102,56626,153107
'15SI',6102,56626,160107
'15SI',6102,56626,163107
'15SI',6102,56626,170007
'15SI',6102,56626,172507
'15SI',6102,56626,174907
'15SI',6102,56626,181407
'15SI',6102,56626,183907
'15SI',6102,56626,190407
'15SI',6102,56626,192546
'15SI',6102,56626,195146
'15SI',6102,56626,201746
'15SI',6102,56626,204546
'15SI',6102,56626,211446
'15SI',6102,56626,214246
'15SS',6102,56626,62246
'15SS',6102,56626,65446
'15SS',6102,56626,73013
'15SS',6102,56626,80013
'15SS',6102,56626,82813
'15SS',6102,56626,85313
'15SS',6102,56626,91646
'15SS',6102,56626,94146
'15SS',6102,56626,100746
'15SS',6102,56626,103246
'15SS',6102,56626,105746
'15SS',6102,56626,112246
'15SS',6102,56626,114746
'15SS',6102,56626,121246
'15SS',6102,56626,123846
'15SS',6102,56626,130446
'15SS',6102,56626,133046
'15SS',6102,56626,135746
'15SS',6102,56626,142446
'15SS',6102,56626,145146
'15SS',6102,56626,151846
'15SS',6102,56626,154840
'15SS',6102,56626,161640
'15SS',6102,56626,164740
'15SS',6102,56626,170740
'15SS',6102,56626,172640
'15SS',6102,56626,174440
'15SS',6102,56626,180740
'15SS',6102,56626,183313
'15SS',6102,56626,190113
'15SS',6102,56626,192846
'15SS',6102,56626,195846
'15SS',6102,56626,202846
'15SS',6102,56626,205946
'15SS',6102,56626,213146
'15SS',6102,56626,220246
'15SS',6102,56626,223246
'15SS',6102,56626,230446
'15SS',6102,56626,233546
'15SS',6102,56626,240646
'15SS',6102,56626,243646
'15SS',6102,56626,250546
'15SS',6102,56626,252646
