'16NA',5802,56984,54753
'16NA',5802,56984,61753
'16NA',5802,56984,64753
'16NA',5802,56984,71753
'16NA',5802,56984,74753
'16NA',5802,56984,81753
'16NA',5802,56984,84753
'16NA',5802,56984,91853
'16NA',5802,56984,95345
'16NA',5802,56984,102445
'16NA',5802,56984,105545
'16NA',5802,56984,112745
'16NA',5802,56984,115945
'16NA',5802,56984,123045
'16NA',5802,56984,125845
'16NA',5802,56984,132445
'16NA',5802,56984,135645
'16NA',5802,56984,142945
'16NA',5802,56984,145845
'16NA',5802,56984,152445
'16NA',5802,56984,155045
'16NA',5802,56984,161645
'16NA',5802,56984,164145
'16NA',5802,56984,170345
'16NA',5802,56984,172445
'16NA',5802,56984,174345
'16NA',5802,56984,180045
'16NA',5802,56984,182045
'16NA',5802,56984,185045
'16NA',5802,56984,192145
'16NA',5802,56984,195145
'16NA',5802,56984,202045
'16NA',5802,56984,204845
'16NA',5802,56984,211845
'16NA',5802,56984,214845
'16NA',5802,56984,221845
'16NA',5802,56984,224845
'16NA',5802,56984,231845
'16NA',5802,56984,234845
'16NA',5802,56984,241845
'16NA',5802,56984,244953
'16NA',5802,56984,252453
'16NA',5802,56984,260100
'16NF1',5802,56984,54653
'16NF1',5802,56984,61653
'16NF1',5802,56984,64753
'16NF1',5802,56984,71853
'16NF1',5802,56984,74953
'16NF1',5802,56984,82053
'16NF1',5802,56984,85153
'16NF1',5802,56984,92253
'16NF1',5802,56984,95745
'16NF1',5802,56984,102845
'16NF1',5802,56984,105945
'16NF1',5802,56984,113045
'16NF1',5802,56984,120538
'16NF1',5802,56984,123738
'16NF1',5802,56984,130938
'16NF1',5802,56984,134138
'16NF1',5802,56984,141338
'16NF1',5802,56984,144538
'16NF1',5802,56984,151538
'16NF1',5802,56984,153138
'16NF1',5802,56984,154738
'16NF1',5802,56984,160938
'16NF1',5802,56984,163138
'16NF1',5802,56984,165338
'16NF1',5802,56984,171438
'16NF1',5802,56984,173538
'16NF1',5802,56984,175738
'16NF1',5802,56984,182838
'16NF1',5802,56984,185745
'16NF1',5802,56984,192945
'16NF1',5802,56984,200145
'16NF1',5802,56984,203345
'16NF1',5802,56984,210545
'16NF1',5802,56984,213745
'16NF1',5802,56984,220945
'16NF1',5802,56984,224045
'16NF1',5802,56984,231145
'16NF1',5802,56984,234345
'16NF1',5802,56984,241445
'16NF1',5802,56984,244545
'16NF1',5802,56984,251645
'16NF1',5802,56984,254500
'16NF2',5802,56984,54653
'16NF2',5802,56984,61653
'16NF2',5802,56984,64753
'16NF2',5802,56984,71853
'16NF2',5802,56984,74953
'16NF2',5802,56984,82053
'16NF2',5802,56984,85153
'16NF2',5802,56984,92253
'16NF2',5802,56984,95745
'16NF2',5802,56984,102845
'16NF2',5802,56984,105945
'16NF2',5802,56984,113045
'16NF2',5802,56984,120538
'16NF2',5802,56984,123738
'16NF2',5802,56984,130938
'16NF2',5802,56984,134138
'16NF2',5802,56984,141338
'16NF2',5802,56984,144538
'16NF2',5802,56984,151538
'16NF2',5802,56984,153138
'16NF2',5802,56984,154738
'16NF2',5802,56984,160938
'16NF2',5802,56984,163138
'16NF2',5802,56984,165338
'16NF2',5802,56984,171438
'16NF2',5802,56984,173538
'16NF2',5802,56984,175738
'16NF2',5802,56984,182838
'16NF2',5802,56984,185745
'16NF2',5802,56984,192945
'16NF2',5802,56984,200145
'16NF2',5802,56984,203345
'16NF2',5802,56984,210545
'16NF2',5802,56984,213745
'16NF2',5802,56984,220945
'16NF2',5802,56984,224045
'16NF2',5802,56984,231145
'16NF2',5802,56984,234345
'16NF2',5802,56984,241445
'16NF2',5802,56984,244545
'16NF2',5802,56984,251645
'16NF2',5802,56984,254500
'16NF3',5802,56984,54653
'16NF3',5802,56984,61653
'16NF3',5802,56984,64753
'16NF3',5802,56984,71853
'16NF3',5802,56984,74953
'16NF3',5802,56984,82053
'16NF3',5802,56984,85153
'16NF3',5802,56984,92253
'16NF3',5802,56984,95745
'16NF3',5802,56984,102845
'16NF3',5802,56984,105945
'16NF3',5802,56984,113045
'16NF3',5802,56984,120538
'16NF3',5802,56984,123738
'16NF3',5802,56984,130938
'16NF3',5802,56984,134138
'16NF3',5802,56984,141338
'16NF3',5802,56984,144538
'16NF3',5802,56984,151538
'16NF3',5802,56984,153138
'16NF3',5802,56984,154738
'16NF3',5802,56984,160938
'16NF3',5802,56984,163138
'16NF3',5802,56984,165338
'16NF3',5802,56984,171438
'16NF3',5802,56984,173538
'16NF3',5802,56984,175738
'16NF3',5802,56984,182838
'16NF3',5802,56984,185745
'16NF3',5802,56984,192945
'16NF3',5802,56984,200145
'16NF3',5802,56984,203345
'16NF3',5802,56984,210545
'16NF3',5802,56984,213745
'16NF3',5802,56984,220945
'16NF3',5802,56984,224045
'16NF3',5802,56984,231145
'16NF3',5802,56984,234345
'16NF3',5802,56984,241445
'16NF3',5802,56984,244545
'16NF3',5802,56984,251645
'16NF3',5802,56984,254500
'16NF4',5802,56984,54653
'16NF4',5802,56984,61653
'16NF4',5802,56984,64753
'16NF4',5802,56984,71853
'16NF4',5802,56984,74953
'16NF4',5802,56984,82053
'16NF4',5802,56984,85153
'16NF4',5802,56984,92253
'16NF4',5802,56984,95745
'16NF4',5802,56984,102845
'16NF4',5802,56984,105945
'16NF4',5802,56984,113045
'16NF4',5802,56984,120538
'16NF4',5802,56984,123738
'16NF4',5802,56984,130938
'16NF4',5802,56984,134138
'16NF4',5802,56984,141338
'16NF4',5802,56984,144538
'16NF4',5802,56984,151538
'16NF4',5802,56984,153138
'16NF4',5802,56984,154738
'16NF4',5802,56984,160938
'16NF4',5802,56984,163138
'16NF4',5802,56984,165338
'16NF4',5802,56984,171438
'16NF4',5802,56984,173538
'16NF4',5802,56984,175738
'16NF4',5802,56984,182838
'16NF4',5802,56984,185745
'16NF4',5802,56984,192945
'16NF4',5802,56984,200145
'16NF4',5802,56984,203345
'16NF4',5802,56984,210545
'16NF4',5802,56984,213745
'16NF4',5802,56984,220945
'16NF4',5802,56984,224045
'16NF4',5802,56984,231145
'16NF4',5802,56984,234345
'16NF4',5802,56984,241445
'16NF4',5802,56984,244545
'16NF4',5802,56984,251645
'16NF4',5802,56984,254500
'16NI',5802,56984,54653
'16NI',5802,56984,61653
'16NI',5802,56984,64753
'16NI',5802,56984,71853
'16NI',5802,56984,74953
'16NI',5802,56984,82053
'16NI',5802,56984,85153
'16NI',5802,56984,92253
'16NI',5802,56984,95745
'16NI',5802,56984,102845
'16NI',5802,56984,105945
'16NI',5802,56984,113045
'16NI',5802,56984,120538
'16NI',5802,56984,123738
'16NI',5802,56984,130938
'16NI',5802,56984,134138
'16NI',5802,56984,141338
'16NI',5802,56984,144538
'16NI',5802,56984,151538
'16NI',5802,56984,153138
'16NI',5802,56984,154738
'16NI',5802,56984,160938
'16NI',5802,56984,163138
'16NI',5802,56984,165338
'16NI',5802,56984,171438
'16NI',5802,56984,173538
'16NI',5802,56984,175738
'16NI',5802,56984,182838
'16NI',5802,56984,185745
'16NI',5802,56984,192945
'16NI',5802,56984,200145
'16NI',5802,56984,203345
'16NI',5802,56984,210545
'16NI',5802,56984,213745
'16NI',5802,56984,220945
'16NI',5802,56984,224045
'16NI',5802,56984,231145
'16NI',5802,56984,234345
'16NI',5802,56984,241445
'16NI',5802,56984,244545
'16NI',5802,56984,251645
'16NI',5802,56984,254500
'16NS',5802,56984,54245
'16NS',5802,56984,61745
'16NS',5802,56984,64538
'16NS',5802,56984,71538
'16NS',5802,56984,74730
'16NS',5802,56984,81730
'16NS',5802,56984,84630
'16NS',5802,56984,91530
'16NS',5802,56984,94530
'16NS',5802,56984,101430
'16NS',5802,56984,104330
'16NS',5802,56984,111423
'16NS',5802,56984,114423
'16NS',5802,56984,121323
'16NS',5802,56984,124323
'16NS',5802,56984,131123
'16NS',5802,56984,133123
'16NS',5802,56984,135123
'16NS',5802,56984,141023
'16NS',5802,56984,142923
'16NS',5802,56984,144923
'16NS',5802,56984,151023
'16NS',5802,56984,153123
'16NS',5802,56984,154923
'16NS',5802,56984,160423
'16NS',5802,56984,161623
'16NS',5802,56984,162623
'16NS',5802,56984,163623
'16NS',5802,56984,164523
'16NS',5802,56984,165323
'16NS',5802,56984,170123
'16NS',5802,56984,170823
'16NS',5802,56984,171523
'16NS',5802,56984,172223
'16NS',5802,56984,172923
'16NS',5802,56984,173623
'16NS',5802,56984,174323
'16NS',5802,56984,175023
'16NS',5802,56984,175923
'16NS',5802,56984,180923
'16NS',5802,56984,182123
'16NS',5802,56984,183623
'16NS',5802,56984,190323
'16NS',5802,56984,193123
'16NS',5802,56984,195823
'16NS',5802,56984,202523
'16NS',5802,56984,205223
'16NS',5802,56984,212123
'16NS',5802,56984,215123
'16NS',5802,56984,222023
'16NS',5802,56984,224723
'16NS',5802,56984,231623
'16NS',5802,56984,234130
'16NS',5802,56984,240930
'16NS',5802,56984,243338
'16NS',5802,56984,245838
'16NS',5802,56984,252038
'16NS',5802,56984,254838
'16NA',11002,56984,55554
'16NA',11002,56984,62854
'16NA',11002,56984,65954
'16NA',11002,56984,73054
'16NA',11002,56984,80054
'16NA',11002,56984,82954
'16NA',11002,56984,85854
'16NA',11002,56984,92754
'16NA',11002,56984,95817
'16NA',11002,56984,102817
'16NA',11002,56984,105917
'16NA',11002,56984,113117
'16NA',11002,56984,120217
'16NA',11002,56984,123417
'16NA',11002,56984,130640
'16NA',11002,56984,133840
'16NA',11002,56984,140540
'16NA',11002,56984,143140
'16NA',11002,56984,145740
'16NA',11002,56984,151840
'16NA',11002,56984,153940
'16NA',11002,56984,160440
'16NA',11002,56984,162940
'16NA',11002,56984,165440
'16NA',11002,56984,171340
'16NA',11002,56984,173240
'16NA',11002,56984,175240
'16NA',11002,56984,181340
'16NA',11002,56984,183417
'16NA',11002,56984,185317
'16NA',11002,56984,191517
'16NA',11002,56984,193817
'16NA',11002,56984,200817
'16NA',11002,56984,203817
'16NA',11002,56984,210917
'16NA',11002,56984,213917
'16NA',11002,56984,220817
'16NA',11002,56984,223654
'16NA',11002,56984,230554
'16NA',11002,56984,233354
'16NA',11002,56984,240054
'16NA',11002,56984,242754
'16NA',11002,56984,245354
'16NA',11002,56984,252054
'16NA',11002,56984,254754
'16NA',11002,56984,261154
'16NF1',11002,56984,62931
'16NF1',11002,56984,65931
'16NF1',11002,56984,73031
'16NF1',11002,56984,80131
'16NF1',11002,56984,83231
'16NF1',11002,56984,90431
'16NF1',11002,56984,93517
'16NF1',11002,56984,100517
'16NF1',11002,56984,103417
'16NF1',11002,56984,110317
'16NF1',11002,56984,113517
'16NF1',11002,56984,120517
'16NF1',11002,56984,123517
'16NF1',11002,56984,130617
'16NF1',11002,56984,133817
'16NF1',11002,56984,141017
'16NF1',11002,56984,144217
'16NF1',11002,56984,151317
'16NF1',11002,56984,154517
'16NF1',11002,56984,161717
'16NF1',11002,56984,164817
'16NF1',11002,56984,170617
'16NF1',11002,56984,172417
'16NF1',11002,56984,174117
'16NF1',11002,56984,180017
'16NF1',11002,56984,182117
'16NF1',11002,56984,185017
'16NF1',11002,56984,191917
'16NF1',11002,56984,194617
'16NF1',11002,56984,201517
'16NF1',11002,56984,204317
'16NF1',11002,56984,211217
'16NF1',11002,56984,213854
'16NF1',11002,56984,220754
'16NF1',11002,56984,223654
'16NF1',11002,56984,230954
'16NF1',11002,56984,234254
'16NF1',11002,56984,241654
'16NF1',11002,56984,244954
'16NF1',11002,56984,251754
'16NF1',11002,56984,254254
'16NF2',11002,56984,62931
'16NF2',11002,56984,65931
'16NF2',11002,56984,73031
'16NF2',11002,56984,80131
'16NF2',11002,56984,83231
'16NF2',11002,56984,90431
'16NF2',11002,56984,93517
'16NF2',11002,56984,100517
'16NF2',11002,56984,103417
'16NF2',11002,56984,110317
'16NF2',11002,56984,113517
'16NF2',11002,56984,120517
'16NF2',11002,56984,123517
'16NF2',11002,56984,130617
'16NF2',11002,56984,133817
'16NF2',11002,56984,141017
'16NF2',11002,56984,144217
'16NF2',11002,56984,151317
'16NF2',11002,56984,154517
'16NF2',11002,56984,161717
'16NF2',11002,56984,164817
'16NF2',11002,56984,170617
'16NF2',11002,56984,172417
'16NF2',11002,56984,174117
'16NF2',11002,56984,180017
'16NF2',11002,56984,182117
'16NF2',11002,56984,185017
'16NF2',11002,56984,191917
'16NF2',11002,56984,194617
'16NF2',11002,56984,201517
'16NF2',11002,56984,204317
'16NF2',11002,56984,211217
'16NF2',11002,56984,213854
'16NF2',11002,56984,220754
'16NF2',11002,56984,223654
'16NF2',11002,56984,230954
'16NF2',11002,56984,234254
'16NF2',11002,56984,241654
'16NF2',11002,56984,244954
'16NF2',11002,56984,251754
'16NF2',11002,56984,254254
'16NF3',11002,56984,62931
'16NF3',11002,56984,65931
'16NF3',11002,56984,73031
'16NF3',11002,56984,80131
'16NF3',11002,56984,83231
'16NF3',11002,56984,90431
'16NF3',11002,56984,93517
'16NF3',11002,56984,100517
'16NF3',11002,56984,103417
'16NF3',11002,56984,110317
'16NF3',11002,56984,113517
'16NF3',11002,56984,120517
'16NF3',11002,56984,123517
'16NF3',11002,56984,130617
'16NF3',11002,56984,133817
'16NF3',11002,56984,141017
'16NF3',11002,56984,144217
'16NF3',11002,56984,151317
'16NF3',11002,56984,154517
'16NF3',11002,56984,161717
'16NF3',11002,56984,164817
'16NF3',11002,56984,170617
'16NF3',11002,56984,172417
'16NF3',11002,56984,174117
'16NF3',11002,56984,180017
'16NF3',11002,56984,182117
'16NF3',11002,56984,185017
'16NF3',11002,56984,191917
'16NF3',11002,56984,194617
'16NF3',11002,56984,201517
'16NF3',11002,56984,204317
'16NF3',11002,56984,211217
'16NF3',11002,56984,213854
'16NF3',11002,56984,220754
'16NF3',11002,56984,223654
'16NF3',11002,56984,230954
'16NF3',11002,56984,234254
'16NF3',11002,56984,241654
'16NF3',11002,56984,244954
'16NF3',11002,56984,251754
'16NF3',11002,56984,254254
'16NF4',11002,56984,62931
'16NF4',11002,56984,65931
'16NF4',11002,56984,73031
'16NF4',11002,56984,80131
'16NF4',11002,56984,83231
'16NF4',11002,56984,90431
'16NF4',11002,56984,93517
'16NF4',11002,56984,100517
'16NF4',11002,56984,103417
'16NF4',11002,56984,110317
'16NF4',11002,56984,113517
'16NF4',11002,56984,120517
'16NF4',11002,56984,123517
'16NF4',11002,56984,130617
'16NF4',11002,56984,133817
'16NF4',11002,56984,141017
'16NF4',11002,56984,144217
'16NF4',11002,56984,151317
'16NF4',11002,56984,154517
'16NF4',11002,56984,161717
'16NF4',11002,56984,164817
'16NF4',11002,56984,170617
'16NF4',11002,56984,172417
'16NF4',11002,56984,174117
'16NF4',11002,56984,180017
'16NF4',11002,56984,182117
'16NF4',11002,56984,185017
'16NF4',11002,56984,191917
'16NF4',11002,56984,194617
'16NF4',11002,56984,201517
'16NF4',11002,56984,204317
'16NF4',11002,56984,211217
'16NF4',11002,56984,213854
'16NF4',11002,56984,220754
'16NF4',11002,56984,223654
'16NF4',11002,56984,230954
'16NF4',11002,56984,234254
'16NF4',11002,56984,241654
'16NF4',11002,56984,244954
'16NF4',11002,56984,251754
'16NF4',11002,56984,254254
'16NI',11002,56984,62931
'16NI',11002,56984,65931
'16NI',11002,56984,73031
'16NI',11002,56984,80131
'16NI',11002,56984,83231
'16NI',11002,56984,90431
'16NI',11002,56984,93517
'16NI',11002,56984,100517
'16NI',11002,56984,103417
'16NI',11002,56984,110317
'16NI',11002,56984,113517
'16NI',11002,56984,120517
'16NI',11002,56984,123517
'16NI',11002,56984,130617
'16NI',11002,56984,133817
'16NI',11002,56984,141017
'16NI',11002,56984,144217
'16NI',11002,56984,151317
'16NI',11002,56984,154517
'16NI',11002,56984,161717
'16NI',11002,56984,164817
'16NI',11002,56984,170617
'16NI',11002,56984,172417
'16NI',11002,56984,174117
'16NI',11002,56984,180017
'16NI',11002,56984,182117
'16NI',11002,56984,185017
'16NI',11002,56984,191917
'16NI',11002,56984,194617
'16NI',11002,56984,201517
'16NI',11002,56984,204317
'16NI',11002,56984,211217
'16NI',11002,56984,213854
'16NI',11002,56984,220754
'16NI',11002,56984,223654
'16NI',11002,56984,230954
'16NI',11002,56984,234254
'16NI',11002,56984,241654
'16NI',11002,56984,244954
'16NI',11002,56984,251754
'16NI',11002,56984,254254
'16NS',11002,56984,53854
'16NS',11002,56984,61054
'16NS',11002,56984,64417
'16NS',11002,56984,71417
'16NS',11002,56984,74417
'16NS',11002,56984,81517
'16NS',11002,56984,84654
'16NS',11002,56984,91654
'16NS',11002,56984,94554
'16NS',11002,56984,101254
'16NS',11002,56984,104054
'16NS',11002,56984,110854
'16NS',11002,56984,113654
'16NS',11002,56984,120654
'16NS',11002,56984,123654
'16NS',11002,56984,130554
'16NS',11002,56984,133254
'16NS',11002,56984,135954
'16NS',11002,56984,142454
'16NS',11002,56984,144954
'16NS',11002,56984,151217
'16NS',11002,56984,153117
'16NS',11002,56984,154817
'16NS',11002,56984,160517
'16NS',11002,56984,162317
'16NS',11002,56984,164017
'16NS',11002,56984,165617
'16NS',11002,56984,171017
'16NS',11002,56984,172417
'16NS',11002,56984,173817
'16NS',11002,56984,175217
'16NS',11002,56984,180617
'16NS',11002,56984,182017
'16NS',11002,56984,183417
'16NS',11002,56984,185417
'16NS',11002,56984,191517
'16NS',11002,56984,193717
'16NS',11002,56984,195917
'16NS',11002,56984,202117
'16NS',11002,56984,204817
'16NS',11002,56984,211817
'16NS',11002,56984,214817
'16NS',11002,56984,221717
'16NS',11002,56984,224717
'16NS',11002,56984,231817
'16NS',11002,56984,234917
'16NS',11002,56984,242017
'16NS',11002,56984,244954
'16NS',11002,56984,251854
'16NS',11002,56984,254354
