'16MA',12903,51160,63914
'16MA',12903,51160,72114
'16MA',12903,51160,80114
'16MA',12903,51160,83414
'16MA',12903,51160,90414
'16MA',12903,51160,93414
'16MA',12903,51160,100414
'16MA',12903,51160,103414
'16MA',12903,51160,110414
'16MA',12903,51160,113459
'16MA',12903,51160,120459
'16MA',12903,51160,123459
'16MA',12903,51160,130659
'16MA',12903,51160,133759
'16MA',12903,51160,140859
'16MA',12903,51160,143959
'16MA',12903,51160,151159
'16MA',12903,51160,154259
'16MA',12903,51160,161359
'16MA',12903,51160,164459
'16MA',12903,51160,170959
'16MA',12903,51160,173359
'16MA',12903,51160,175659
'16MA',12903,51160,181959
'16MA',12903,51160,184259
'16MA',12903,51160,190459
'16MA',12903,51160,192759
'16MA',12903,51160,195159
'16MA',12903,51160,201859
'16MA',12903,51160,204659
'16MA',12903,51160,211459
'16MA',12903,51160,214259
'16MA',12903,51160,221059
'16MA',12903,51160,223959
'16MA',12903,51160,231859
'16MA',12903,51160,235959
'16MA',12903,51160,243859
'16MA',12903,51160,252159
'16MF1',12903,51160,63914
'16MF1',12903,51160,72114
'16MF1',12903,51160,80114
'16MF1',12903,51160,83414
'16MF1',12903,51160,90414
'16MF1',12903,51160,93414
'16MF1',12903,51160,100414
'16MF1',12903,51160,103414
'16MF1',12903,51160,110414
'16MF1',12903,51160,113459
'16MF1',12903,51160,120459
'16MF1',12903,51160,123459
'16MF1',12903,51160,130659
'16MF1',12903,51160,133759
'16MF1',12903,51160,140859
'16MF1',12903,51160,143959
'16MF1',12903,51160,151159
'16MF1',12903,51160,154259
'16MF1',12903,51160,161359
'16MF1',12903,51160,164459
'16MF1',12903,51160,170959
'16MF1',12903,51160,173359
'16MF1',12903,51160,175659
'16MF1',12903,51160,181959
'16MF1',12903,51160,184259
'16MF1',12903,51160,190459
'16MF1',12903,51160,192759
'16MF1',12903,51160,195159
'16MF1',12903,51160,201859
'16MF1',12903,51160,204659
'16MF1',12903,51160,211459
'16MF1',12903,51160,214259
'16MF1',12903,51160,221059
'16MF1',12903,51160,223959
'16MF1',12903,51160,231859
'16MF1',12903,51160,235959
'16MF1',12903,51160,243859
'16MF1',12903,51160,252159
'16MF2',12903,51160,63914
'16MF2',12903,51160,72114
'16MF2',12903,51160,80114
'16MF2',12903,51160,83414
'16MF2',12903,51160,90414
'16MF2',12903,51160,93414
'16MF2',12903,51160,100414
'16MF2',12903,51160,103414
'16MF2',12903,51160,110414
'16MF2',12903,51160,113459
'16MF2',12903,51160,120459
'16MF2',12903,51160,123459
'16MF2',12903,51160,130659
'16MF2',12903,51160,133759
'16MF2',12903,51160,140859
'16MF2',12903,51160,143959
'16MF2',12903,51160,151159
'16MF2',12903,51160,154259
'16MF2',12903,51160,161359
'16MF2',12903,51160,164459
'16MF2',12903,51160,170959
'16MF2',12903,51160,173359
'16MF2',12903,51160,175659
'16MF2',12903,51160,181959
'16MF2',12903,51160,184259
'16MF2',12903,51160,190459
'16MF2',12903,51160,192759
'16MF2',12903,51160,195159
'16MF2',12903,51160,201859
'16MF2',12903,51160,204659
'16MF2',12903,51160,211459
'16MF2',12903,51160,214259
'16MF2',12903,51160,221059
'16MF2',12903,51160,223959
'16MF2',12903,51160,231859
'16MF2',12903,51160,235959
'16MF2',12903,51160,243859
'16MF2',12903,51160,252159
'16MF3',12903,51160,63914
'16MF3',12903,51160,72114
'16MF3',12903,51160,80114
'16MF3',12903,51160,83414
'16MF3',12903,51160,90414
'16MF3',12903,51160,93414
'16MF3',12903,51160,100414
'16MF3',12903,51160,103414
'16MF3',12903,51160,110414
'16MF3',12903,51160,113459
'16MF3',12903,51160,120459
'16MF3',12903,51160,123459
'16MF3',12903,51160,130659
'16MF3',12903,51160,133759
'16MF3',12903,51160,140859
'16MF3',12903,51160,143959
'16MF3',12903,51160,151159
'16MF3',12903,51160,154259
'16MF3',12903,51160,161359
'16MF3',12903,51160,164459
'16MF3',12903,51160,170959
'16MF3',12903,51160,173359
'16MF3',12903,51160,175659
'16MF3',12903,51160,181959
'16MF3',12903,51160,184259
'16MF3',12903,51160,190459
'16MF3',12903,51160,192759
'16MF3',12903,51160,195159
'16MF3',12903,51160,201859
'16MF3',12903,51160,204659
'16MF3',12903,51160,211459
'16MF3',12903,51160,214259
'16MF3',12903,51160,221059
'16MF3',12903,51160,223959
'16MF3',12903,51160,231859
'16MF3',12903,51160,235959
'16MF3',12903,51160,243859
'16MF3',12903,51160,252159
'16MI',12903,51160,63259
'16MI',12903,51160,71259
'16MI',12903,51160,75259
'16MI',12903,51160,83259
'16MI',12903,51160,91459
'16MI',12903,51160,95459
'16MI',12903,51160,102659
'16MI',12903,51160,105759
'16MI',12903,51160,112959
'16MI',12903,51160,120159
'16MI',12903,51160,123544
'16MI',12903,51160,130144
'16MI',12903,51160,132644
'16MI',12903,51160,135244
'16MI',12903,51160,141744
'16MI',12903,51160,143944
'16MI',12903,51160,150244
'16MI',12903,51160,152544
'16MI',12903,51160,154844
'16MI',12903,51160,161044
'16MI',12903,51160,163344
'16MI',12903,51160,165644
'16MI',12903,51160,171944
'16MI',12903,51160,174144
'16MI',12903,51160,180444
'16MI',12903,51160,182644
'16MI',12903,51160,184744
'16MI',12903,51160,190844
'16MI',12903,51160,193044
'16MI',12903,51160,195344
'16MI',12903,51160,201544
'16MI',12903,51160,203844
'16MI',12903,51160,211944
'16MI',12903,51160,220044
'16MI',12903,51160,223859
'16MI',12903,51160,231859
'16MI',12903,51160,235759
'16MI',12903,51160,243759
'16MI',12903,51160,252059
'16MS',12903,51160,62614
'16MS',12903,51160,65614
'16MS',12903,51160,73259
'16MS',12903,51160,80359
'16MS',12903,51160,83059
'16MS',12903,51160,85114
'16MS',12903,51160,91414
'16MS',12903,51160,94414
'16MS',12903,51160,101414
'16MS',12903,51160,104459
'16MS',12903,51160,111459
'16MS',12903,51160,114459
'16MS',12903,51160,121459
'16MS',12903,51160,124459
'16MS',12903,51160,131459
'16MS',12903,51160,134159
'16MS',12903,51160,140959
'16MS',12903,51160,142859
'16MS',12903,51160,144659
'16MS',12903,51160,150459
'16MS',12903,51160,151959
'16MS',12903,51160,152959
'16MS',12903,51160,153959
'16MS',12903,51160,154859
'16MS',12903,51160,155659
'16MS',12903,51160,160359
'16MS',12903,51160,161159
'16MS',12903,51160,161959
'16MS',12903,51160,163359
'16MS',12903,51160,164859
'16MS',12903,51160,170359
'16MS',12903,51160,171859
'16MS',12903,51160,173459
'16MS',12903,51160,175059
'16MS',12903,51160,180659
'16MS',12903,51160,182259
'16MS',12903,51160,183659
'16MS',12903,51160,185259
'16MS',12903,51160,191359
'16MS',12903,51160,193059
'16MS',12903,51160,195359
'16MS',12903,51160,202114
'16MS',12903,51160,205314
'16MS',12903,51160,212514
'16MS',12903,51160,215814
'16MS',12903,51160,222714
'16MS',12903,51160,225614
'16MS',12903,51160,232814
'16MS',12903,51160,235514
'16MS',12903,51160,242414
'16MS',12903,51160,245414
'16MS',12903,51160,252314
