'16UA',6604,51347,53836
'16UA',6604,51347,60836
'16UA',6604,51347,63959
'16UA',6604,51347,70959
'16UA',6604,51347,73959
'16UA',6604,51347,81059
'16UA',6604,51347,84059
'16UA',6604,51347,91059
'16UA',6604,51347,94059
'16UA',6604,51347,101059
'16UA',6604,51347,104059
'16UA',6604,51347,111059
'16UA',6604,51347,114059
'16UA',6604,51347,121059
'16UA',6604,51347,124059
'16UA',6604,51347,131159
'16UA',6604,51347,134159
'16UA',6604,51347,141159
'16UA',6604,51347,144159
'16UA',6604,51347,151159
'16UA',6604,51347,154059
'16UA',6604,51347,161059
'16UA',6604,51347,164059
'16UA',6604,51347,171059
'16UA',6604,51347,174059
'16UA',6604,51347,181059
'16UA',6604,51347,184059
'16UA',6604,51347,191059
'16UA',6604,51347,194059
'16UA',6604,51347,201059
'16UA',6604,51347,204059
'16UA',6604,51347,211059
'16UA',6604,51347,214059
'16UA',6604,51347,221059
'16UA',6604,51347,224059
'16UA',6604,51347,231059
'16UA',6604,51347,234059
'16UA',6604,51347,240959
'16UA',6604,51347,243959
'16UA',6604,51347,250959
'16UF1',6604,51347,60814
'16UF1',6604,51347,63814
'16UF1',6604,51347,70814
'16UF1',6604,51347,73914
'16UF1',6604,51347,80914
'16UF1',6604,51347,83914
'16UF1',6604,51347,91036
'16UF1',6604,51347,94036
'16UF1',6604,51347,101036
'16UF1',6604,51347,104059
'16UF1',6604,51347,111059
'16UF1',6604,51347,114059
'16UF1',6604,51347,121059
'16UF1',6604,51347,124059
'16UF1',6604,51347,131059
'16UF1',6604,51347,134059
'16UF1',6604,51347,141059
'16UF1',6604,51347,144059
'16UF1',6604,51347,151059
'16UF1',6604,51347,154059
'16UF1',6604,51347,161059
'16UF1',6604,51347,164059
'16UF1',6604,51347,171059
'16UF1',6604,51347,174059
'16UF1',6604,51347,181059
'16UF1',6604,51347,184059
'16UF1',6604,51347,191059
'16UF1',6604,51347,194059
'16UF1',6604,51347,201059
'16UF1',6604,51347,204059
'16UF1',6604,51347,211059
'16UF1',6604,51347,214059
'16UF1',6604,51347,220959
'16UF1',6604,51347,223959
'16UF1',6604,51347,230959
'16UF1',6604,51347,233959
'16UF1',6604,51347,240859
'16UF1',6604,51347,243859
'16UF2',6604,51347,60814
'16UF2',6604,51347,63814
'16UF2',6604,51347,70814
'16UF2',6604,51347,73914
'16UF2',6604,51347,80914
'16UF2',6604,51347,83914
'16UF2',6604,51347,91036
'16UF2',6604,51347,94036
'16UF2',6604,51347,101036
'16UF2',6604,51347,104059
'16UF2',6604,51347,111059
'16UF2',6604,51347,114059
'16UF2',6604,51347,121059
'16UF2',6604,51347,124059
'16UF2',6604,51347,131059
'16UF2',6604,51347,134059
'16UF2',6604,51347,141059
'16UF2',6604,51347,144059
'16UF2',6604,51347,151059
'16UF2',6604,51347,154059
'16UF2',6604,51347,161059
'16UF2',6604,51347,164059
'16UF2',6604,51347,171059
'16UF2',6604,51347,174059
'16UF2',6604,51347,181059
'16UF2',6604,51347,184059
'16UF2',6604,51347,191059
'16UF2',6604,51347,194059
'16UF2',6604,51347,201059
'16UF2',6604,51347,204059
'16UF2',6604,51347,211059
'16UF2',6604,51347,214059
'16UF2',6604,51347,220959
'16UF2',6604,51347,223959
'16UF2',6604,51347,230959
'16UF2',6604,51347,233959
'16UF2',6604,51347,240859
'16UF2',6604,51347,243859
'16UI',6604,51347,60814
'16UI',6604,51347,63814
'16UI',6604,51347,70814
'16UI',6604,51347,73914
'16UI',6604,51347,80914
'16UI',6604,51347,83914
'16UI',6604,51347,91036
'16UI',6604,51347,94036
'16UI',6604,51347,101036
'16UI',6604,51347,104059
'16UI',6604,51347,111059
'16UI',6604,51347,114059
'16UI',6604,51347,121059
'16UI',6604,51347,124059
'16UI',6604,51347,131059
'16UI',6604,51347,134059
'16UI',6604,51347,141059
'16UI',6604,51347,144059
'16UI',6604,51347,151059
'16UI',6604,51347,154059
'16UI',6604,51347,161059
'16UI',6604,51347,164059
'16UI',6604,51347,171059
'16UI',6604,51347,174059
'16UI',6604,51347,181059
'16UI',6604,51347,184059
'16UI',6604,51347,191059
'16UI',6604,51347,194059
'16UI',6604,51347,201059
'16UI',6604,51347,204059
'16UI',6604,51347,211059
'16UI',6604,51347,214059
'16UI',6604,51347,220959
'16UI',6604,51347,223959
'16UI',6604,51347,230959
'16UI',6604,51347,233959
'16UI',6604,51347,240859
'16UI',6604,51347,243859
'16US',6604,51347,52136
'16US',6604,51347,55136
'16US',6604,51347,62459
'16US',6604,51347,65359
'16US',6604,51347,72306
'16US',6604,51347,75036
'16US',6604,51347,81536
'16US',6604,51347,84128
'16US',6604,51347,91006
'16US',6604,51347,93906
'16US',6604,51347,100844
'16US',6604,51347,103744
'16US',6604,51347,110744
'16US',6604,51347,113744
'16US',6604,51347,120744
'16US',6604,51347,123744
'16US',6604,51347,130744
'16US',6604,51347,133744
'16US',6604,51347,140806
'16US',6604,51347,143806
'16US',6604,51347,150806
'16US',6604,51347,154006
'16US',6604,51347,161006
'16US',6604,51347,164006
'16US',6604,51347,170906
'16US',6604,51347,173906
'16US',6604,51347,180906
'16US',6604,51347,183906
'16US',6604,51347,190621
'16US',6604,51347,193621
'16US',6604,51347,200621
'16US',6604,51347,203559
'16US',6604,51347,210559
'16US',6604,51347,213559
'16US',6604,51347,220559
'16US',6604,51347,223759
'16US',6604,51347,230759
'16US',6604,51347,233636
'16US',6604,51347,240836
'16US',6604,51347,243936
