'17UA',10703,56590,50547
'17UA',10703,56590,53055
'17UA',10703,56590,55555
'17UA',10703,56590,61855
'17UA',10703,56590,64355
'17UA',10703,56590,70855
'17UA',10703,56590,73403
'17UA',10703,56590,80003
'17UA',10703,56590,82503
'17UA',10703,56590,85203
'17UA',10703,56590,91903
'17UA',10703,56590,94703
'17UA',10703,56590,101403
'17UA',10703,56590,104211
'17UA',10703,56590,111111
'17UA',10703,56590,114011
'17UA',10703,56590,120911
'17UA',10703,56590,123711
'17UA',10703,56590,130611
'17UA',10703,56590,133611
'17UA',10703,56590,140611
'17UA',10703,56590,143511
'17UA',10703,56590,150511
'17UA',10703,56590,153511
'17UA',10703,56590,160411
'17UA',10703,56590,163411
'17UA',10703,56590,170411
'17UA',10703,56590,173411
'17UA',10703,56590,180311
'17UA',10703,56590,183111
'17UA',10703,56590,185811
'17UA',10703,56590,192611
'17UA',10703,56590,195311
'17UA',10703,56590,201911
'17UA',10703,56590,204611
'17UA',10703,56590,211311
'17UA',10703,56590,214011
'17UA',10703,56590,220711
'17UA',10703,56590,223411
'17UA',10703,56590,230111
'17UA',10703,56590,232803
'17UA',10703,56590,235403
'17UA',10703,56590,242203
'17UA',10703,56590,244903
'17UA',10703,56590,251603
'17UF1',10703,56590,50547
'17UF1',10703,56590,53055
'17UF1',10703,56590,55555
'17UF1',10703,56590,61855
'17UF1',10703,56590,64355
'17UF1',10703,56590,70855
'17UF1',10703,56590,73403
'17UF1',10703,56590,80003
'17UF1',10703,56590,82503
'17UF1',10703,56590,85203
'17UF1',10703,56590,91903
'17UF1',10703,56590,94703
'17UF1',10703,56590,101403
'17UF1',10703,56590,104211
'17UF1',10703,56590,111111
'17UF1',10703,56590,114011
'17UF1',10703,56590,120911
'17UF1',10703,56590,123711
'17UF1',10703,56590,130611
'17UF1',10703,56590,133611
'17UF1',10703,56590,140611
'17UF1',10703,56590,143511
'17UF1',10703,56590,150511
'17UF1',10703,56590,153511
'17UF1',10703,56590,160411
'17UF1',10703,56590,163411
'17UF1',10703,56590,170411
'17UF1',10703,56590,173411
'17UF1',10703,56590,180311
'17UF1',10703,56590,183111
'17UF1',10703,56590,185811
'17UF1',10703,56590,192611
'17UF1',10703,56590,195311
'17UF1',10703,56590,201911
'17UF1',10703,56590,204611
'17UF1',10703,56590,211311
'17UF1',10703,56590,214011
'17UF1',10703,56590,220711
'17UF1',10703,56590,223411
'17UF1',10703,56590,230111
'17UF1',10703,56590,232803
'17UF1',10703,56590,235403
'17UF1',10703,56590,242203
'17UF1',10703,56590,244903
'17UF1',10703,56590,251603
'17UF2',10703,56590,50547
'17UF2',10703,56590,53055
'17UF2',10703,56590,55555
'17UF2',10703,56590,61855
'17UF2',10703,56590,64355
'17UF2',10703,56590,70855
'17UF2',10703,56590,73403
'17UF2',10703,56590,80003
'17UF2',10703,56590,82503
'17UF2',10703,56590,85203
'17UF2',10703,56590,91903
'17UF2',10703,56590,94703
'17UF2',10703,56590,101403
'17UF2',10703,56590,104211
'17UF2',10703,56590,111111
'17UF2',10703,56590,114011
'17UF2',10703,56590,120911
'17UF2',10703,56590,123711
'17UF2',10703,56590,130611
'17UF2',10703,56590,133611
'17UF2',10703,56590,140611
'17UF2',10703,56590,143511
'17UF2',10703,56590,150511
'17UF2',10703,56590,153511
'17UF2',10703,56590,160411
'17UF2',10703,56590,163411
'17UF2',10703,56590,170411
'17UF2',10703,56590,173411
'17UF2',10703,56590,180311
'17UF2',10703,56590,183111
'17UF2',10703,56590,185811
'17UF2',10703,56590,192611
'17UF2',10703,56590,195311
'17UF2',10703,56590,201911
'17UF2',10703,56590,204611
'17UF2',10703,56590,211311
'17UF2',10703,56590,214011
'17UF2',10703,56590,220711
'17UF2',10703,56590,223411
'17UF2',10703,56590,230111
'17UF2',10703,56590,232803
'17UF2',10703,56590,235403
'17UF2',10703,56590,242203
'17UF2',10703,56590,244903
'17UF2',10703,56590,251603
'17UI',10703,56590,50611
'17UI',10703,56590,53111
'17UI',10703,56590,55711
'17UI',10703,56590,62111
'17UI',10703,56590,64611
'17UI',10703,56590,71111
'17UI',10703,56590,73611
'17UI',10703,56590,80211
'17UI',10703,56590,82611
'17UI',10703,56590,85411
'17UI',10703,56590,92111
'17UI',10703,56590,94711
'17UI',10703,56590,101411
'17UI',10703,56590,104211
'17UI',10703,56590,111011
'17UI',10703,56590,114011
'17UI',10703,56590,121011
'17UI',10703,56590,123911
'17UI',10703,56590,130811
'17UI',10703,56590,133811
'17UI',10703,56590,140811
'17UI',10703,56590,143711
'17UI',10703,56590,150711
'17UI',10703,56590,153711
'17UI',10703,56590,160611
'17UI',10703,56590,163611
'17UI',10703,56590,170611
'17UI',10703,56590,173611
'17UI',10703,56590,180411
'17UI',10703,56590,183111
'17UI',10703,56590,185811
'17UI',10703,56590,192611
'17UI',10703,56590,195311
'17UI',10703,56590,201911
'17UI',10703,56590,204611
'17UI',10703,56590,211311
'17UI',10703,56590,214011
'17UI',10703,56590,220711
'17UI',10703,56590,223411
'17UI',10703,56590,230111
'17UI',10703,56590,232811
'17UI',10703,56590,235655
'17UI',10703,56590,242255
'17UI',10703,56590,244955
'17US',10703,56590,50655
'17US',10703,56590,54155
'17US',10703,56590,61403
'17US',10703,56590,65019
'17US',10703,56590,70919
'17US',10703,56590,73619
'17US',10703,56590,74819
'17US',10703,56590,80119
'17US',10703,56590,81419
'17US',10703,56590,83419
'17US',10703,56590,84519
'17US',10703,56590,85619
'17US',10703,56590,91111
'17US',10703,56590,94203
'17US',10703,56590,101203
'17US',10703,56590,104203
'17US',10703,56590,111203
'17US',10703,56590,114403
'17US',10703,56590,121503
'17US',10703,56590,124503
'17US',10703,56590,131703
'17US',10703,56590,134803
'17US',10703,56590,141903
'17US',10703,56590,144603
'17US',10703,56590,151903
'17US',10703,56590,154203
'17US',10703,56590,161211
'17US',10703,56590,163511
'17US',10703,56590,165711
'17US',10703,56590,172711
'17US',10703,56590,175811
'17US',10703,56590,182803
'17US',10703,56590,185803
'17US',10703,56590,192703
'17US',10703,56590,195603
'17US',10703,56590,202403
'17US',10703,56590,205203
'17US',10703,56590,212103
'17US',10703,56590,214903
'17US',10703,56590,221703
'17US',10703,56590,224703
'17US',10703,56590,231755
'17US',10703,56590,234655
'17US',10703,56590,241755
'17US',10703,56590,244955
'17UA',35001,56590,254449
'17UA',35001,56590,263549
'17UA',35001,56590,272649
'17UA',35001,56590,281349
'17UA',35001,56590,285949
'17UF1',35001,56590,254449
'17UF1',35001,56590,263549
'17UF1',35001,56590,272649
'17UF1',35001,56590,281349
'17UF1',35001,56590,285949
'17UF2',35001,56590,254449
'17UF2',35001,56590,263549
'17UF2',35001,56590,272649
'17UF2',35001,56590,281349
'17UF2',35001,56590,285949
'17UI',35001,56590,254349
'17UI',35001,56590,262949
'17UI',35001,56590,271553
'17UI',35001,56590,280253
'17UI',35001,56590,284853
'17US',35001,56590,254453
'17US',35001,56590,263053
'17US',35001,56590,271853
'17US',35001,56590,280553
'17US',35001,56590,285153
