'15SA',20104,58076,63505
'15SA',20104,58076,70505
'15SA',20104,58076,73305
'15SA',20104,58076,80418
'15SA',20104,58076,83518
'15SA',20104,58076,90718
'15SA',20104,58076,93818
'15SA',20104,58076,101318
'15SA',20104,58076,104418
'15SA',20104,58076,110618
'15SA',20104,58076,112818
'15SA',20104,58076,115218
'15SA',20104,58076,121718
'15SA',20104,58076,123918
'15SA',20104,58076,130118
'15SA',20104,58076,132318
'15SA',20104,58076,134618
'15SA',20104,58076,141118
'15SA',20104,58076,143618
'15SA',20104,58076,145918
'15SA',20104,58076,152118
'15SA',20104,58076,154318
'15SA',20104,58076,160618
'15SA',20104,58076,163118
'15SA',20104,58076,165618
'15SA',20104,58076,171718
'15SA',20104,58076,173918
'15SA',20104,58076,180118
'15SA',20104,58076,182718
'15SA',20104,58076,190018
'15SA',20104,58076,193218
'15SA',20104,58076,195718
'15SA',20104,58076,202918
'15SA',20104,58076,210018
'15SA',20104,58076,213118
'15SA',20104,58076,220418
'15SA',20104,58076,223618
'15SA',20104,58076,230618
'15SA',20104,58076,233618
'15SA',20104,58076,240618
'15SA',20104,58076,243718
'15SF1',20104,58076,63505
'15SF1',20104,58076,70505
'15SF1',20104,58076,73305
'15SF1',20104,58076,80418
'15SF1',20104,58076,83518
'15SF1',20104,58076,90718
'15SF1',20104,58076,93818
'15SF1',20104,58076,101318
'15SF1',20104,58076,104418
'15SF1',20104,58076,110618
'15SF1',20104,58076,112818
'15SF1',20104,58076,115218
'15SF1',20104,58076,121718
'15SF1',20104,58076,123918
'15SF1',20104,58076,130118
'15SF1',20104,58076,132318
'15SF1',20104,58076,134618
'15SF1',20104,58076,141118
'15SF1',20104,58076,143618
'15SF1',20104,58076,145918
'15SF1',20104,58076,152118
'15SF1',20104,58076,154318
'15SF1',20104,58076,160618
'15SF1',20104,58076,163118
'15SF1',20104,58076,165618
'15SF1',20104,58076,171718
'15SF1',20104,58076,173918
'15SF1',20104,58076,180118
'15SF1',20104,58076,182718
'15SF1',20104,58076,190018
'15SF1',20104,58076,193218
'15SF1',20104,58076,195718
'15SF1',20104,58076,202918
'15SF1',20104,58076,210018
'15SF1',20104,58076,213118
'15SF1',20104,58076,220418
'15SF1',20104,58076,223618
'15SF1',20104,58076,230618
'15SF1',20104,58076,233618
'15SF1',20104,58076,240618
'15SF1',20104,58076,243718
'15SF2',20104,58076,63505
'15SF2',20104,58076,70505
'15SF2',20104,58076,73305
'15SF2',20104,58076,80418
'15SF2',20104,58076,83518
'15SF2',20104,58076,90718
'15SF2',20104,58076,93818
'15SF2',20104,58076,101318
'15SF2',20104,58076,104418
'15SF2',20104,58076,110618
'15SF2',20104,58076,112818
'15SF2',20104,58076,115218
'15SF2',20104,58076,121718
'15SF2',20104,58076,123918
'15SF2',20104,58076,130118
'15SF2',20104,58076,132318
'15SF2',20104,58076,134618
'15SF2',20104,58076,141118
'15SF2',20104,58076,143618
'15SF2',20104,58076,145918
'15SF2',20104,58076,152118
'15SF2',20104,58076,154318
'15SF2',20104,58076,160618
'15SF2',20104,58076,163118
'15SF2',20104,58076,165618
'15SF2',20104,58076,171718
'15SF2',20104,58076,173918
'15SF2',20104,58076,180118
'15SF2',20104,58076,182718
'15SF2',20104,58076,190018
'15SF2',20104,58076,193218
'15SF2',20104,58076,195718
'15SF2',20104,58076,202918
'15SF2',20104,58076,210018
'15SF2',20104,58076,213118
'15SF2',20104,58076,220418
'15SF2',20104,58076,223618
'15SF2',20104,58076,230618
'15SF2',20104,58076,233618
'15SF2',20104,58076,240618
'15SF2',20104,58076,243718
'15SI',20104,58076,72718
'15SI',20104,58076,75918
'15SI',20104,58076,83118
'15SI',20104,58076,90618
'15SI',20104,58076,93918
'15SI',20104,58076,101118
'15SI',20104,58076,104418
'15SI',20104,58076,111618
'15SI',20104,58076,114718
'15SI',20104,58076,122218
'15SI',20104,58076,125518
'15SI',20104,58076,132918
'15SI',20104,58076,140318
'15SI',20104,58076,143818
'15SI',20104,58076,151118
'15SI',20104,58076,154518
'15SI',20104,58076,161818
'15SI',20104,58076,165318
'15SI',20104,58076,172705
'15SI',20104,58076,180005
'15SI',20104,58076,182505
'15SI',20104,58076,185605
'15SI',20104,58076,192705
'15SI',20104,58076,195905
'15SI',20104,58076,203005
'15SI',20104,58076,210105
'15SI',20104,58076,213205
'15SI',20104,58076,220405
'15SI',20104,58076,223505
'15SI',20104,58076,230605
'15SI',20104,58076,233605
'15SI',20104,58076,240305
'15SI',20104,58076,243405
'15SS',20104,58076,63431
'15SS',20104,58076,71056
'15SS',20104,58076,74856
'15SS',20104,58076,83156
'15SS',20104,58076,90918
'15SS',20104,58076,94018
'15SS',20104,58076,101218
'15SS',20104,58076,104418
'15SS',20104,58076,111718
'15SS',20104,58076,115318
'15SS',20104,58076,123018
'15SS',20104,58076,130718
'15SS',20104,58076,134218
'15SS',20104,58076,141718
'15SS',20104,58076,145718
'15SS',20104,58076,153718
'15SS',20104,58076,161718
'15SS',20104,58076,164818
'15SS',20104,58076,173218
'15SS',20104,58076,180418
'15SS',20104,58076,182918
'15SS',20104,58076,191018
'15SS',20104,58076,193918
'15SS',20104,58076,200618
'15SS',20104,58076,203818
'15SS',20104,58076,210918
'15SS',20104,58076,214018
'15SS',20104,58076,221005
'15SS',20104,58076,224205
'15SS',20104,58076,230905
'15SS',20104,58076,233705
'15SS',20104,58076,240305
'15SS',20104,58076,243305
