'17JS',17501,55861,55628
'17JS',17501,55861,63028
'17JS',17501,55861,70443
'17JS',17501,55861,74258
'17JS',17501,55861,81658
'17JS',17501,55861,84928
'17JS',17501,55861,92413
'17JS',17501,55861,95913
'17JS',17501,55861,103313
'17JS',17501,55861,110828
'17JS',17501,55861,114228
'17JS',17501,55861,121728
'17JS',17501,55861,125128
'17JS',17501,55861,132628
'17JS',17501,55861,140228
'17JS',17501,55861,143813
'17JS',17501,55861,151513
'17JS',17501,55861,154413
'17JS',17501,55861,161213
'17JS',17501,55861,163413
'17JS',17501,55861,164813
'17JS',17501,55861,170413
'17JS',17501,55861,171913
'17JS',17501,55861,174043
'17JS',17501,55861,180543
'17JS',17501,55861,183143
