'17JA',21701,58420,60000
'17JA',21701,58420,63000
'17JA',21701,58420,70100
'17JA',21701,58420,73200
'17JA',21701,58420,80300
'17JA',21701,58420,83400
'17JA',21701,58420,90500
'17JA',21701,58420,93700
'17JA',21701,58420,100800
'17JA',21701,58420,103900
'17JA',21701,58420,111100
'17JA',21701,58420,114300
'17JA',21701,58420,121500
'17JA',21701,58420,124700
'17JA',21701,58420,131900
'17JA',21701,58420,135100
'17JA',21701,58420,142300
'17JA',21701,58420,145500
'17JA',21701,58420,152700
'17JA',21701,58420,160000
'17JA',21701,58420,163200
'17JA',21701,58420,170400
'17JA',21701,58420,173600
'17JA',21701,58420,180700
'17JA',21701,58420,183800
'17JA',21701,58420,190800
'17JA',21701,58420,193800
'17JA',21701,58420,200800
'17JA',21701,58420,203900
'17JA',21701,58420,211000
'17JA',21701,58420,214000
'17JA',21701,58420,221100
'17JA',21701,58420,224200
'17JA',21701,58420,233000
'17JA',21702,58420,65600
'17JA',21702,58420,72600
'17JA',21702,58420,75700
'17JA',21702,58420,82800
'17JA',21702,58420,90100
'17JA',21702,58420,93200
'17JA',21702,58420,100400
'17JA',21702,58420,103600
'17JA',21702,58420,110800
'17JA',21702,58420,113900
'17JA',21702,58420,121100
'17JA',21702,58420,124300
'17JA',21702,58420,131600
'17JA',21702,58420,134800
'17JA',21702,58420,142000
'17JA',21702,58420,145200
'17JA',21702,58420,152400
'17JA',21702,58420,155600
'17JA',21702,58420,162800
'17JA',21702,58420,170000
'17JA',21702,58420,173200
'17JA',21702,58420,180400
'17JA',21702,58420,183300
'17JA',21702,58420,190400
'17JA',21702,58420,193500
'17JA',21702,58420,200500
'17JA',21702,58420,203500
'17JA',21702,58420,210500
'17JA',21702,58420,213600
'17JA',21702,58420,220700
'17JA',21702,58420,223700
'17JA',21702,58420,230800
'17JA',21702,58420,233900
'17JA',21702,58420,242700
'17JI',21701,58420,65600
'17JI',21701,58420,72700
'17JI',21701,58420,75800
'17JI',21701,58420,82900
'17JI',21701,58420,90000
'17JI',21701,58420,93100
'17JI',21701,58420,100200
'17JI',21701,58420,103300
'17JI',21701,58420,110400
'17JI',21701,58420,113500
'17JI',21701,58420,120600
'17JI',21701,58420,123800
'17JI',21701,58420,131000
'17JI',21701,58420,134300
'17JI',21701,58420,141500
'17JI',21701,58420,144700
'17JI',21701,58420,151900
'17JI',21701,58420,155100
'17JI',21701,58420,162300
'17JI',21701,58420,165500
'17JI',21701,58420,172700
'17JI',21701,58420,175900
'17JI',21701,58420,183000
'17JI',21701,58420,190100
'17JI',21701,58420,193200
'17JI',21701,58420,200300
'17JI',21701,58420,203400
'17JI',21701,58420,210500
'17JI',21701,58420,213600
'17JI',21701,58420,220600
'17JI',21701,58420,224500
'17JI',21701,58420,233000
'17JI',21702,58420,75100
'17JI',21702,58420,82200
'17JI',21702,58420,85300
'17JI',21702,58420,92400
'17JI',21702,58420,95600
'17JI',21702,58420,102800
'17JI',21702,58420,105900
'17JI',21702,58420,113000
'17JI',21702,58420,120300
'17JI',21702,58420,123500
'17JI',21702,58420,130700
'17JI',21702,58420,133900
'17JI',21702,58420,141100
'17JI',21702,58420,144300
'17JI',21702,58420,151500
'17JI',21702,58420,154700
'17JI',21702,58420,161900
'17JI',21702,58420,165100
'17JI',21702,58420,172300
'17JI',21702,58420,175400
'17JI',21702,58420,182600
'17JI',21702,58420,185700
'17JI',21702,58420,192800
'17JI',21702,58420,195900
'17JI',21702,58420,203000
'17JI',21702,58420,210100
'17JI',21702,58420,213200
'17JI',21702,58420,220300
'17JI',21702,58420,223400
'17JI',21702,58420,230300
'17JI',21702,58420,234000
'17JI',21702,58420,242400
'17JS',21701,58420,55300
'17JS',21701,58420,63300
'17JS',21701,58420,64700
'17JS',21701,58420,70200
'17JS',21701,58420,71700
'17JS',21701,58420,73500
'17JS',21701,58420,75100
'17JS',21701,58420,81500
'17JS',21701,58420,82300
'17JS',21701,58420,84900
'17JS',21701,58420,92100
'17JS',21701,58420,95300
'17JS',21701,58420,102500
'17JS',21701,58420,105700
'17JS',21701,58420,112800
'17JS',21701,58420,120000
'17JS',21701,58420,123200
'17JS',21701,58420,130400
'17JS',21701,58420,133700
'17JS',21701,58420,141000
'17JS',21701,58420,144300
'17JS',21701,58420,151600
'17JS',21701,58420,155000
'17JS',21701,58420,162300
'17JS',21701,58420,165600
'17JS',21701,58420,173000
'17JS',21701,58420,180400
'17JS',21701,58420,183800
'17JS',21701,58420,191100
'17JS',21701,58420,194400
'17JS',21701,58420,201700
'17JS',21701,58420,205000
'17JS',21701,58420,212200
'17JS',21701,58420,215400
'17JS',21701,58420,222700
'17JS',21701,58420,233000
'17JS',21702,58420,70300
'17JS',21702,58420,73800
'17JS',21702,58420,81100
'17JS',21702,58420,84400
'17JS',21702,58420,91700
'17JS',21702,58420,94700
'17JS',21702,58420,101900
'17JS',21702,58420,105100
'17JS',21702,58420,112300
'17JS',21702,58420,115500
'17JS',21702,58420,122900
'17JS',21702,58420,130100
'17JS',21702,58420,133300
'17JS',21702,58420,140500
'17JS',21702,58420,143700
'17JS',21702,58420,151000
'17JS',21702,58420,154500
'17JS',21702,58420,161900
'17JS',21702,58420,164300
'17JS',21702,58420,172400
'17JS',21702,58420,173900
'17JS',21702,58420,175700
'17JS',21702,58420,181700
'17JS',21702,58420,183400
'17JS',21702,58420,185300
'17JS',21702,58420,192400
'17JS',21702,58420,201100
'17JS',21702,58420,204500
'17JS',21702,58420,211600
'17JS',21702,58420,214900
'17JS',21702,58420,222200
'17JS',21702,58420,232300
'17JS',21702,58420,242500
