'18MA',20704,58039,50113
'18MA',20704,58039,53313
'18MA',20704,58039,60513
'18MA',20704,58039,63713
'18MA',20704,58039,70713
'18MA',20704,58039,73713
'18MA',20704,58039,80713
'18MA',20704,58039,83713
'18MA',20704,58039,90713
'18MA',20704,58039,93713
'18MA',20704,58039,100713
'18MA',20704,58039,103713
'18MA',20704,58039,110713
'18MA',20704,58039,113713
'18MA',20704,58039,120713
'18MA',20704,58039,123713
'18MA',20704,58039,130713
'18MA',20704,58039,133713
'18MA',20704,58039,140713
'18MA',20704,58039,143713
'18MA',20704,58039,150713
'18MA',20704,58039,153713
'18MA',20704,58039,160713
'18MA',20704,58039,163713
'18MA',20704,58039,170713
'18MA',20704,58039,173713
'18MA',20704,58039,180713
'18MA',20704,58039,183713
'18MA',20704,58039,190713
'18MA',20704,58039,193713
'18MA',20704,58039,200713
'18MA',20704,58039,203713
'18MA',20704,58039,210713
'18MA',20704,58039,213713
'18MA',20704,58039,220713
'18MA',20704,58039,230713
'18MA',20704,58039,240713
'18MF1',20704,58039,50113
'18MF1',20704,58039,53313
'18MF1',20704,58039,60513
'18MF1',20704,58039,63713
'18MF1',20704,58039,70713
'18MF1',20704,58039,73713
'18MF1',20704,58039,80713
'18MF1',20704,58039,83713
'18MF1',20704,58039,90713
'18MF1',20704,58039,93713
'18MF1',20704,58039,100713
'18MF1',20704,58039,103713
'18MF1',20704,58039,110713
'18MF1',20704,58039,113713
'18MF1',20704,58039,120713
'18MF1',20704,58039,123713
'18MF1',20704,58039,130713
'18MF1',20704,58039,133713
'18MF1',20704,58039,140713
'18MF1',20704,58039,143713
'18MF1',20704,58039,150713
'18MF1',20704,58039,153713
'18MF1',20704,58039,160713
'18MF1',20704,58039,163713
'18MF1',20704,58039,170713
'18MF1',20704,58039,173713
'18MF1',20704,58039,180713
'18MF1',20704,58039,183713
'18MF1',20704,58039,190713
'18MF1',20704,58039,193713
'18MF1',20704,58039,200713
'18MF1',20704,58039,203713
'18MF1',20704,58039,210713
'18MF1',20704,58039,213713
'18MF1',20704,58039,220713
'18MF1',20704,58039,230713
'18MF1',20704,58039,240713
'18MF2',20704,58039,50113
'18MF2',20704,58039,53313
'18MF2',20704,58039,60513
'18MF2',20704,58039,63713
'18MF2',20704,58039,70713
'18MF2',20704,58039,73713
'18MF2',20704,58039,80713
'18MF2',20704,58039,83713
'18MF2',20704,58039,90713
'18MF2',20704,58039,93713
'18MF2',20704,58039,100713
'18MF2',20704,58039,103713
'18MF2',20704,58039,110713
'18MF2',20704,58039,113713
'18MF2',20704,58039,120713
'18MF2',20704,58039,123713
'18MF2',20704,58039,130713
'18MF2',20704,58039,133713
'18MF2',20704,58039,140713
'18MF2',20704,58039,143713
'18MF2',20704,58039,150713
'18MF2',20704,58039,153713
'18MF2',20704,58039,160713
'18MF2',20704,58039,163713
'18MF2',20704,58039,170713
'18MF2',20704,58039,173713
'18MF2',20704,58039,180713
'18MF2',20704,58039,183713
'18MF2',20704,58039,190713
'18MF2',20704,58039,193713
'18MF2',20704,58039,200713
'18MF2',20704,58039,203713
'18MF2',20704,58039,210713
'18MF2',20704,58039,213713
'18MF2',20704,58039,220713
'18MF2',20704,58039,230713
'18MF2',20704,58039,240713
'18MF3',20704,58039,50113
'18MF3',20704,58039,53313
'18MF3',20704,58039,60513
'18MF3',20704,58039,63713
'18MF3',20704,58039,70713
'18MF3',20704,58039,73713
'18MF3',20704,58039,80713
'18MF3',20704,58039,83713
'18MF3',20704,58039,90713
'18MF3',20704,58039,93713
'18MF3',20704,58039,100713
'18MF3',20704,58039,103713
'18MF3',20704,58039,110713
'18MF3',20704,58039,113713
'18MF3',20704,58039,120713
'18MF3',20704,58039,123713
'18MF3',20704,58039,130713
'18MF3',20704,58039,133713
'18MF3',20704,58039,140713
'18MF3',20704,58039,143713
'18MF3',20704,58039,150713
'18MF3',20704,58039,153713
'18MF3',20704,58039,160713
'18MF3',20704,58039,163713
'18MF3',20704,58039,170713
'18MF3',20704,58039,173713
'18MF3',20704,58039,180713
'18MF3',20704,58039,183713
'18MF3',20704,58039,190713
'18MF3',20704,58039,193713
'18MF3',20704,58039,200713
'18MF3',20704,58039,203713
'18MF3',20704,58039,210713
'18MF3',20704,58039,213713
'18MF3',20704,58039,220713
'18MF3',20704,58039,230713
'18MF3',20704,58039,240713
'18MI',20704,58039,63713
'18MI',20704,58039,70713
'18MI',20704,58039,73713
'18MI',20704,58039,80713
'18MI',20704,58039,83713
'18MI',20704,58039,90713
'18MI',20704,58039,93713
'18MI',20704,58039,100713
'18MI',20704,58039,103713
'18MI',20704,58039,110713
'18MI',20704,58039,113713
'18MI',20704,58039,120713
'18MI',20704,58039,123713
'18MI',20704,58039,130713
'18MI',20704,58039,133713
'18MI',20704,58039,140713
'18MI',20704,58039,143713
'18MI',20704,58039,150713
'18MI',20704,58039,153713
'18MI',20704,58039,160713
'18MI',20704,58039,163713
'18MI',20704,58039,170713
'18MI',20704,58039,173713
'18MI',20704,58039,180713
'18MI',20704,58039,183713
'18MI',20704,58039,190713
'18MI',20704,58039,193713
'18MI',20704,58039,200713
'18MI',20704,58039,203713
'18MI',20704,58039,210713
'18MI',20704,58039,213713
'18MI',20704,58039,220713
'18MI',20704,58039,230713
'18MI',20704,58039,240713
'18MS',20704,58039,43113
'18MS',20704,58039,50413
'18MS',20704,58039,53713
'18MS',20704,58039,60713
'18MS',20704,58039,63723
'18MS',20704,58039,70623
'18MS',20704,58039,73523
'18MS',20704,58039,80423
'18MS',20704,58039,83623
'18MS',20704,58039,90623
'18MS',20704,58039,93623
'18MS',20704,58039,100623
'18MS',20704,58039,103623
'18MS',20704,58039,110623
'18MS',20704,58039,113623
'18MS',20704,58039,120623
'18MS',20704,58039,123623
'18MS',20704,58039,130623
'18MS',20704,58039,133623
'18MS',20704,58039,140623
'18MS',20704,58039,143623
'18MS',20704,58039,150623
'18MS',20704,58039,153623
'18MS',20704,58039,160623
'18MS',20704,58039,163623
'18MS',20704,58039,170623
'18MS',20704,58039,173723
'18MS',20704,58039,180723
'18MS',20704,58039,183723
'18MS',20704,58039,190723
'18MS',20704,58039,193713
'18MS',20704,58039,200713
'18MS',20704,58039,203713
'18MS',20704,58039,210713
'18MS',20704,58039,213713
'18MS',20704,58039,220702
'18MS',20704,58039,230702
'18MS',20704,58039,240702
'18MF2',40701,58039,62012
'18MF2',40701,58039,64312
'18MF2',40701,58039,70112
'18MF2',40701,58039,71812
'18MF2',40701,58039,72712
'18MF2',40701,58039,74912
'18MF2',40701,58039,80512
'18MF2',40701,58039,154212
'18MF2',40701,58039,162712
'18MF2',40701,58039,165012
'18MS',40701,58039,62012
'18MS',40701,58039,64312
'18MS',40701,58039,70112
'18MS',40701,58039,71812
'18MS',40701,58039,72712
'18MS',40701,58039,74912
'18MS',40701,58039,80512
'18MS',40701,58039,154212
'18MS',40701,58039,162712
'18MS',40701,58039,165012
