'16SA',9702,52417,43700
'16SA',9702,52417,50800
'16SA',9702,52417,52700
'16SA',9702,52417,55400
'16SA',9702,52417,62400
'16SA',9702,52417,65300
'16SA',9702,52417,72400
'16SA',9702,52417,75700
'16SA',9702,52417,82700
'16SA',9702,52417,85700
'16SA',9702,52417,92700
'16SA',9702,52417,95200
'16SA',9702,52417,101200
'16SA',9702,52417,102700
'16SA',9702,52417,104200
'16SA',9702,52417,105700
'16SA',9702,52417,111200
'16SA',9702,52417,112700
'16SA',9702,52417,113900
'16SA',9702,52417,115100
'16SA',9702,52417,120300
'16SA',9702,52417,121500
'16SA',9702,52417,122500
'16SA',9702,52417,123500
'16SA',9702,52417,124500
'16SA',9702,52417,125500
'16SA',9702,52417,130500
'16SA',9702,52417,131500
'16SA',9702,52417,132300
'16SA',9702,52417,133000
'16SA',9702,52417,133800
'16SA',9702,52417,134500
'16SA',9702,52417,135300
'16SA',9702,52417,140000
'16SA',9702,52417,140800
'16SA',9702,52417,141500
'16SA',9702,52417,142300
'16SA',9702,52417,143000
'16SA',9702,52417,143800
'16SA',9702,52417,144500
'16SA',9702,52417,145300
'16SA',9702,52417,150100
'16SA',9702,52417,151000
'16SA',9702,52417,151800
'16SA',9702,52417,152700
'16SA',9702,52417,153700
'16SA',9702,52417,154700
'16SA',9702,52417,155700
'16SA',9702,52417,160700
'16SA',9702,52417,162200
'16SA',9702,52417,163700
'16SA',9702,52417,165200
'16SA',9702,52417,170700
'16SA',9702,52417,172200
'16SA',9702,52417,173700
'16SA',9702,52417,175200
'16SA',9702,52417,180700
'16SA',9702,52417,182200
'16SA',9702,52417,183700
'16SA',9702,52417,185200
'16SA',9702,52417,191200
'16SA',9702,52417,193200
'16SA',9702,52417,200100
'16SA',9702,52417,203100
'16SA',9702,52417,210100
'16SA',9702,52417,213100
'16SA',9702,52417,220100
'16SA',9702,52417,223100
'16SA',9702,52417,230000
'16SA',9702,52417,232900
'16SA',9702,52417,235900
'16SA',9702,52417,242900
'16SA',9702,52417,245900
'16SA',9702,52417,252900
'16SA',9702,52417,255900
'16SF1',9702,52417,43700
'16SF1',9702,52417,51300
'16SF1',9702,52417,55000
'16SF1',9702,52417,62600
'16SF1',9702,52417,70200
'16SF1',9702,52417,73800
'16SF1',9702,52417,81400
'16SF1',9702,52417,85100
'16SF1',9702,52417,92000
'16SF1',9702,52417,94800
'16SF1',9702,52417,101200
'16SF1',9702,52417,102900
'16SF1',9702,52417,104700
'16SF1',9702,52417,110200
'16SF1',9702,52417,111700
'16SF1',9702,52417,113200
'16SF1',9702,52417,114700
'16SF1',9702,52417,120200
'16SF1',9702,52417,121800
'16SF1',9702,52417,123200
'16SF1',9702,52417,124700
'16SF1',9702,52417,130200
'16SF1',9702,52417,131200
'16SF1',9702,52417,132200
'16SF1',9702,52417,133200
'16SF1',9702,52417,134200
'16SF1',9702,52417,135200
'16SF1',9702,52417,140200
'16SF1',9702,52417,141000
'16SF1',9702,52417,141700
'16SF1',9702,52417,142500
'16SF1',9702,52417,143300
'16SF1',9702,52417,144300
'16SF1',9702,52417,145300
'16SF1',9702,52417,150300
'16SF1',9702,52417,151700
'16SF1',9702,52417,153200
'16SF1',9702,52417,154700
'16SF1',9702,52417,160200
'16SF1',9702,52417,161700
'16SF1',9702,52417,163200
'16SF1',9702,52417,164700
'16SF1',9702,52417,170200
'16SF1',9702,52417,172100
'16SF1',9702,52417,174100
'16SF1',9702,52417,180700
'16SF1',9702,52417,183600
'16SF1',9702,52417,190600
'16SF1',9702,52417,193600
'16SF1',9702,52417,200600
'16SF1',9702,52417,203900
'16SF1',9702,52417,211200
'16SF1',9702,52417,214500
'16SF1',9702,52417,221500
'16SF1',9702,52417,224400
'16SF1',9702,52417,231400
'16SF1',9702,52417,234700
'16SF1',9702,52417,242200
'16SF1',9702,52417,245500
'16SF1',9702,52417,252900
'16SF2',9702,52417,43700
'16SF2',9702,52417,50800
'16SF2',9702,52417,52700
'16SF2',9702,52417,55400
'16SF2',9702,52417,62400
'16SF2',9702,52417,65300
'16SF2',9702,52417,72400
'16SF2',9702,52417,75700
'16SF2',9702,52417,82700
'16SF2',9702,52417,85700
'16SF2',9702,52417,92700
'16SF2',9702,52417,95200
'16SF2',9702,52417,101200
'16SF2',9702,52417,102700
'16SF2',9702,52417,104200
'16SF2',9702,52417,105700
'16SF2',9702,52417,111200
'16SF2',9702,52417,112700
'16SF2',9702,52417,113900
'16SF2',9702,52417,115100
'16SF2',9702,52417,120300
'16SF2',9702,52417,121500
'16SF2',9702,52417,122500
'16SF2',9702,52417,123500
'16SF2',9702,52417,124500
'16SF2',9702,52417,125500
'16SF2',9702,52417,130500
'16SF2',9702,52417,131400
'16SF2',9702,52417,132300
'16SF2',9702,52417,133000
'16SF2',9702,52417,133800
'16SF2',9702,52417,134500
'16SF2',9702,52417,135300
'16SF2',9702,52417,140000
'16SF2',9702,52417,140800
'16SF2',9702,52417,141500
'16SF2',9702,52417,142300
'16SF2',9702,52417,143000
'16SF2',9702,52417,143800
'16SF2',9702,52417,144500
'16SF2',9702,52417,145300
'16SF2',9702,52417,150100
'16SF2',9702,52417,151000
'16SF2',9702,52417,151800
'16SF2',9702,52417,152700
'16SF2',9702,52417,153700
'16SF2',9702,52417,154700
'16SF2',9702,52417,155700
'16SF2',9702,52417,160700
'16SF2',9702,52417,162200
'16SF2',9702,52417,163700
'16SF2',9702,52417,165200
'16SF2',9702,52417,170700
'16SF2',9702,52417,172200
'16SF2',9702,52417,173700
'16SF2',9702,52417,175200
'16SF2',9702,52417,180700
'16SF2',9702,52417,182200
'16SF2',9702,52417,183700
'16SF2',9702,52417,185200
'16SF2',9702,52417,191200
'16SF2',9702,52417,193200
'16SF2',9702,52417,200200
'16SF2',9702,52417,203300
'16SF2',9702,52417,210200
'16SF2',9702,52417,213100
'16SF2',9702,52417,220100
'16SF2',9702,52417,223100
'16SF2',9702,52417,230000
'16SF2',9702,52417,232900
'16SF2',9702,52417,235900
'16SF2',9702,52417,242900
'16SF2',9702,52417,245900
'16SF2',9702,52417,252900
'16SI',9702,52417,43700
'16SI',9702,52417,51300
'16SI',9702,52417,55000
'16SI',9702,52417,62600
'16SI',9702,52417,70200
'16SI',9702,52417,73800
'16SI',9702,52417,81400
'16SI',9702,52417,85100
'16SI',9702,52417,92000
'16SI',9702,52417,94800
'16SI',9702,52417,101200
'16SI',9702,52417,102900
'16SI',9702,52417,104700
'16SI',9702,52417,110200
'16SI',9702,52417,111700
'16SI',9702,52417,113200
'16SI',9702,52417,114700
'16SI',9702,52417,120200
'16SI',9702,52417,121800
'16SI',9702,52417,123200
'16SI',9702,52417,124700
'16SI',9702,52417,130200
'16SI',9702,52417,131200
'16SI',9702,52417,132200
'16SI',9702,52417,133200
'16SI',9702,52417,134200
'16SI',9702,52417,135200
'16SI',9702,52417,140200
'16SI',9702,52417,141000
'16SI',9702,52417,141700
'16SI',9702,52417,142500
'16SI',9702,52417,143300
'16SI',9702,52417,144300
'16SI',9702,52417,145300
'16SI',9702,52417,150300
'16SI',9702,52417,151700
'16SI',9702,52417,153200
'16SI',9702,52417,154700
'16SI',9702,52417,160200
'16SI',9702,52417,161700
'16SI',9702,52417,163200
'16SI',9702,52417,164700
'16SI',9702,52417,170200
'16SI',9702,52417,172100
'16SI',9702,52417,174100
'16SI',9702,52417,180700
'16SI',9702,52417,183600
'16SI',9702,52417,190600
'16SI',9702,52417,193600
'16SI',9702,52417,200600
'16SI',9702,52417,203900
'16SI',9702,52417,211200
'16SI',9702,52417,214500
'16SI',9702,52417,221500
'16SI',9702,52417,224400
'16SI',9702,52417,231400
'16SI',9702,52417,234700
'16SI',9702,52417,242200
'16SI',9702,52417,245500
'16SI',9702,52417,252900
'16SS',9702,52417,44200
'16SS',9702,52417,51300
'16SS',9702,52417,52600
'16SS',9702,52417,55800
'16SS',9702,52417,61600
'16SS',9702,52417,62700
'16SS',9702,52417,63800
'16SS',9702,52417,64800
'16SS',9702,52417,65700
'16SS',9702,52417,70700
'16SS',9702,52417,71700
'16SS',9702,52417,72800
'16SS',9702,52417,73700
'16SS',9702,52417,74500
'16SS',9702,52417,74700
'16SS',9702,52417,75500
'16SS',9702,52417,75700
'16SS',9702,52417,80500
'16SS',9702,52417,80700
'16SS',9702,52417,81500
'16SS',9702,52417,81700
'16SS',9702,52417,82500
'16SS',9702,52417,83100
'16SS',9702,52417,83300
'16SS',9702,52417,84000
'16SS',9702,52417,84700
'16SS',9702,52417,85500
'16SS',9702,52417,90300
'16SS',9702,52417,90900
'16SS',9702,52417,91700
'16SS',9702,52417,92700
'16SS',9702,52417,93700
'16SS',9702,52417,94700
'16SS',9702,52417,95700
'16SS',9702,52417,100700
'16SS',9702,52417,101700
'16SS',9702,52417,102700
'16SS',9702,52417,103700
'16SS',9702,52417,104700
'16SS',9702,52417,105700
'16SS',9702,52417,110700
'16SS',9702,52417,111700
'16SS',9702,52417,112700
'16SS',9702,52417,113700
'16SS',9702,52417,114700
'16SS',9702,52417,115700
'16SS',9702,52417,120700
'16SS',9702,52417,121700
'16SS',9702,52417,122700
'16SS',9702,52417,123700
'16SS',9702,52417,124700
'16SS',9702,52417,125700
'16SS',9702,52417,130700
'16SS',9702,52417,131700
'16SS',9702,52417,132700
'16SS',9702,52417,133800
'16SS',9702,52417,134800
'16SS',9702,52417,135800
'16SS',9702,52417,140800
'16SS',9702,52417,141800
'16SS',9702,52417,142800
'16SS',9702,52417,143800
'16SS',9702,52417,145300
'16SS',9702,52417,151300
'16SS',9702,52417,153400
'16SS',9702,52417,155400
'16SS',9702,52417,161400
'16SS',9702,52417,163400
'16SS',9702,52417,165400
'16SS',9702,52417,171300
'16SS',9702,52417,173400
'16SS',9702,52417,175900
'16SS',9702,52417,182800
'16SS',9702,52417,185800
'16SS',9702,52417,192800
'16SS',9702,52417,195700
'16SS',9702,52417,202600
'16SS',9702,52417,205600
'16SS',9702,52417,212600
'16SS',9702,52417,215600
'16SS',9702,52417,222600
'16SS',9702,52417,225600
'16SS',9702,52417,232600
'16SS',9702,52417,235400
'16SS',9702,52417,242400
'16SS',9702,52417,245400
'16SS',9702,52417,252600
'16SA',36802,52417,255333
'16SA',36802,52417,261333
'16SA',36802,52417,263333
'16SA',36802,52417,270333
'16SA',36802,52417,273333
'16SA',36802,52417,280829
'16SA',36802,52417,285329
'16SF1',36802,52417,255425
'16SF1',36802,52417,263925
'16SF1',36802,52417,272425
'16SF1',36802,52417,280925
'16SF1',36802,52417,285425
'16SF2',36802,52417,255425
'16SF2',36802,52417,263925
'16SF2',36802,52417,272425
'16SF2',36802,52417,280925
'16SF2',36802,52417,285425
'16SI',36802,52417,255425
'16SI',36802,52417,263925
'16SI',36802,52417,272425
'16SI',36802,52417,280925
'16SI',36802,52417,285425
'16SS',36802,52417,255329
'16SS',36802,52417,264125
'16SS',36802,52417,272725
'16SS',36802,52417,281525
'16SS',36802,52417,285825
