'16JA',4504,52682,53628
'16JA',4504,52682,60328
'16JA',4504,52682,63328
'16JA',4504,52682,70328
'16JA',4504,52682,73328
'16JA',4504,52682,80528
'16JA',4504,52682,83728
'16JA',4504,52682,90928
'16JA',4504,52682,94128
'16JA',4504,52682,101127
'16JA',4504,52682,103627
'16JA',4504,52682,110127
'16JA',4504,52682,112727
'16JA',4504,52682,115427
'16JA',4504,52682,121827
'16JA',4504,52682,124227
'16JA',4504,52682,130527
'16JA',4504,52682,132727
'16JA',4504,52682,134827
'16JA',4504,52682,140827
'16JA',4504,52682,142827
'16JA',4504,52682,144827
'16JA',4504,52682,150827
'16JA',4504,52682,152827
'16JA',4504,52682,154827
'16JA',4504,52682,160827
'16JA',4504,52682,162927
'16JA',4504,52682,164927
'16JA',4504,52682,170657
'16JA',4504,52682,172657
'16JA',4504,52682,174657
'16JA',4504,52682,180757
'16JA',4504,52682,182757
'16JA',4504,52682,184557
'16JA',4504,52682,190557
'16JA',4504,52682,192557
'16JA',4504,52682,194557
'16JA',4504,52682,200757
'16JA',4504,52682,203757
'16JA',4504,52682,210757
'16JA',4504,52682,213757
'16JA',4504,52682,220757
'16JA',4504,52682,223757
'16JA',4504,52682,230557
'16JA',4504,52682,233557
'16JA',4504,52682,240357
'16JA',4504,52682,243357
'16JA',4504,52682,250357
'16JA',4504,52682,253357
'16JI',4504,52682,53728
'16JI',4504,52682,60528
'16JI',4504,52682,63328
'16JI',4504,52682,70128
'16JI',4504,52682,73128
'16JI',4504,52682,80128
'16JI',4504,52682,83128
'16JI',4504,52682,90528
'16JI',4504,52682,93828
'16JI',4504,52682,100928
'16JI',4504,52682,103928
'16JI',4504,52682,110628
'16JI',4504,52682,112628
'16JI',4504,52682,114628
'16JI',4504,52682,120628
'16JI',4504,52682,122628
'16JI',4504,52682,124628
'16JI',4504,52682,130628
'16JI',4504,52682,132728
'16JI',4504,52682,134828
'16JI',4504,52682,140828
'16JI',4504,52682,143057
'16JI',4504,52682,145257
'16JI',4504,52682,151357
'16JI',4504,52682,153857
'16JI',4504,52682,160557
'16JI',4504,52682,163357
'16JI',4504,52682,165828
'16JI',4504,52682,172828
'16JI',4504,52682,175828
'16JI',4504,52682,182828
'16JI',4504,52682,190028
'16JI',4504,52682,193228
'16JI',4504,52682,200328
'16JI',4504,52682,203628
'16JI',4504,52682,210828
'16JI',4504,52682,214028
'16JI',4504,52682,221228
'16JI',4504,52682,224128
'16JI',4504,52682,231228
'16JI',4504,52682,234428
'16JI',4504,52682,241628
'16JI',4504,52682,244928
'16JS',4504,52682,52128
'16JS',4504,52682,54928
'16JS',4504,52682,61657
'16JS',4504,52682,64657
'16JS',4504,52682,65657
'16JS',4504,52682,70727
'16JS',4504,52682,71927
'16JS',4504,52682,73027
'16JS',4504,52682,74057
'16JS',4504,52682,75227
'16JS',4504,52682,80356
'16JS',4504,52682,81356
'16JS',4504,52682,82356
'16JS',4504,52682,83356
'16JS',4504,52682,84356
'16JS',4504,52682,85356
'16JS',4504,52682,90257
'16JS',4504,52682,90857
'16JS',4504,52682,91857
'16JS',4504,52682,92827
'16JS',4504,52682,93727
'16JS',4504,52682,94727
'16JS',4504,52682,95727
'16JS',4504,52682,100727
'16JS',4504,52682,101727
'16JS',4504,52682,102727
'16JS',4504,52682,103727
'16JS',4504,52682,104727
'16JS',4504,52682,105727
'16JS',4504,52682,110727
'16JS',4504,52682,111727
'16JS',4504,52682,112727
'16JS',4504,52682,113727
'16JS',4504,52682,114727
'16JS',4504,52682,115727
'16JS',4504,52682,120727
'16JS',4504,52682,121727
'16JS',4504,52682,122727
'16JS',4504,52682,123727
'16JS',4504,52682,124727
'16JS',4504,52682,125727
'16JS',4504,52682,130727
'16JS',4504,52682,131727
'16JS',4504,52682,132727
'16JS',4504,52682,133727
'16JS',4504,52682,134727
'16JS',4504,52682,135727
'16JS',4504,52682,140727
'16JS',4504,52682,141727
'16JS',4504,52682,142727
'16JS',4504,52682,143727
'16JS',4504,52682,145557
'16JS',4504,52682,152057
'16JS',4504,52682,154057
'16JS',4504,52682,160057
'16JS',4504,52682,162057
'16JS',4504,52682,164157
'16JS',4504,52682,170257
'16JS',4504,52682,172357
'16JS',4504,52682,174457
'16JS',4504,52682,181328
'16JS',4504,52682,184128
'16JS',4504,52682,190828
'16JS',4504,52682,193628
'16JS',4504,52682,200628
'16JS',4504,52682,203628
'16JS',4504,52682,210528
'16JS',4504,52682,213528
'16JS',4504,52682,220528
'16JS',4504,52682,223558
'16JS',4504,52682,230158
'16JS',4504,52682,233158
'16JS',4504,52682,240158
'16JS',4504,52682,243158
'16JS',4504,52682,250258
'16JA',35904,52682,255928
'16JA',35904,52682,263428
'16JA',35904,52682,270828
'16JA',35904,52682,274158
'16JA',35904,52682,281558
'16JA',35904,52682,285058
'16JI',35904,52682,252258
'16JI',35904,52682,255758
'16JI',35904,52682,263258
'16JI',35904,52682,270758
'16JI',35904,52682,274428
'16JI',35904,52682,281758
'16JI',35904,52682,285258
'16JS',35904,52682,252228
'16JS',35904,52682,255928
'16JS',35904,52682,263228
'16JS',35904,52682,270858
'16JS',35904,52682,274258
'16JS',35904,52682,282028
'16JS',35904,52682,285028
