'16US',7301,55671,64949
'16US',7301,55671,71849
'16US',7301,55671,74849
'16US',7301,55671,82049
'16US',7301,55671,85249
'16US',7301,55671,161939
'16US',7301,55671,165039
'16US',7301,55671,172139
'16US',7301,55671,175059
'16US',7301,55671,181859
'16US',17501,55671,60400
'16US',17501,55671,63800
'16US',17501,55671,71300
'16US',17501,55671,75200
'16US',17501,55671,82600
'16US',17501,55671,85700
'16US',17501,55671,93100
'16US',17501,55671,100600
'16US',17501,55671,104000
'16US',17501,55671,111600
'16US',17501,55671,115000
'16US',17501,55671,122500
'16US',17501,55671,125900
'16US',17501,55671,133400
'16US',17501,55671,141000
'16US',17501,55671,144500
'16US',17501,55671,152500
'16US',17501,55671,155400
'16US',17501,55671,162000
'16US',17501,55671,163900
'16US',17501,55671,165800
'16US',17501,55671,171400
'16US',17501,55671,172900
'16US',17501,55671,174900
'16US',17501,55671,181400
'16US',17501,55671,184000
'16US',46001,55671,145927
'16US',46001,55671,150827
'16US',46001,55671,151708
'16US',46001,55671,152608
'16US',46001,55671,153508
'16US',46001,55671,154408
'16US',46001,55671,155408
'16US',46001,55671,160308
'16US',46001,55671,160808
'16US',46001,55671,161308
'16US',46001,55671,161908
'16US',46001,55671,162508
'16US',46001,55671,163108
'16US',46001,55671,163708
'16US',46001,55671,164008
'16US',46001,55671,164308
'16US',46001,55671,164608
'16US',46001,55671,164908
'16US',46001,55671,165408
'16US',46001,55671,165827
'16US',46001,55671,170245
'16US',46001,55671,170745
'16US',46001,55671,171245
'16US',46001,55671,172145
'16US',46001,55671,172645
'16US',46001,55671,173145
'16US',46001,55671,174145
'16US',46001,55671,175245
'16US',46001,55671,180345
'16US',46001,55671,181604
'16US',46001,55671,184122
'16US',46001,55671,190441
'16US',46001,55671,193041
'16US',46001,55671,194859
