'17NA',18501,53070,60320
'17NA',18501,53070,63320
'17NA',18501,53070,70520
'17NA',18501,53070,73820
'17NA',18501,53070,81320
'17NA',18501,53070,84620
'17NA',18501,53070,91820
'17NA',18501,53070,95020
'17NA',18501,53070,101920
'17NA',18501,53070,104720
'17NA',18501,53070,111620
'17NA',18501,53070,114520
'17NA',18501,53070,121420
'17NA',18501,53070,124220
'17NA',18501,53070,131120
'17NA',18501,53070,134120
'17NA',18501,53070,141020
'17NA',18501,53070,144020
'17NA',18501,53070,151020
'17NA',18501,53070,153920
'17NA',18501,53070,160720
'17NA',18501,53070,163620
'17NA',18501,53070,170420
'17NA',18501,53070,173320
'17NA',18501,53070,180120
'17NA',18501,53070,182920
'17NA',18501,53070,185420
'17NA',18501,53070,192420
'17NA',18501,53070,195420
'17NA',18501,53070,202220
'17NA',18501,53070,205120
'17NA',18501,53070,212120
'17NA',18501,53070,215120
'17NA',18501,53070,222120
'17NA',18501,53070,225053
'17NA',18501,53070,232053
'17NA',18501,53070,235053
'17NA',18501,53070,242053
'17NA',18501,53070,245053
'17NA',18501,53070,252053
'17NF1',18501,53070,60020
'17NF1',18501,53070,63120
'17NF1',18501,53070,70320
'17NF1',18501,53070,73520
'17NF1',18501,53070,80620
'17NF1',18501,53070,83820
'17NF1',18501,53070,91120
'17NF1',18501,53070,94520
'17NF1',18501,53070,101720
'17NF1',18501,53070,104920
'17NF1',18501,53070,111920
'17NF1',18501,53070,115020
'17NF1',18501,53070,122020
'17NF1',18501,53070,125020
'17NF1',18501,53070,132020
'17NF1',18501,53070,135020
'17NF1',18501,53070,142120
'17NF1',18501,53070,145220
'17NF1',18501,53070,152320
'17NF1',18501,53070,155420
'17NF1',18501,53070,162520
'17NF1',18501,53070,165520
'17NF1',18501,53070,172620
'17NF1',18501,53070,175620
'17NF1',18501,53070,182620
'17NF1',18501,53070,185420
'17NF1',18501,53070,192420
'17NF1',18501,53070,195320
'17NF1',18501,53070,202220
'17NF1',18501,53070,205220
'17NF1',18501,53070,212220
'17NF1',18501,53070,215220
'17NF1',18501,53070,222220
'17NF1',18501,53070,225153
'17NF1',18501,53070,232153
'17NF1',18501,53070,235153
'17NF1',18501,53070,242153
'17NF1',18501,53070,245153
'17NF1',18501,53070,252153
'17NF2',18501,53070,60020
'17NF2',18501,53070,63120
'17NF2',18501,53070,70320
'17NF2',18501,53070,73520
'17NF2',18501,53070,80620
'17NF2',18501,53070,83820
'17NF2',18501,53070,91120
'17NF2',18501,53070,94520
'17NF2',18501,53070,101720
'17NF2',18501,53070,104920
'17NF2',18501,53070,111920
'17NF2',18501,53070,115020
'17NF2',18501,53070,122020
'17NF2',18501,53070,125020
'17NF2',18501,53070,132020
'17NF2',18501,53070,135020
'17NF2',18501,53070,142120
'17NF2',18501,53070,145220
'17NF2',18501,53070,152320
'17NF2',18501,53070,155420
'17NF2',18501,53070,162520
'17NF2',18501,53070,165520
'17NF2',18501,53070,172620
'17NF2',18501,53070,175620
'17NF2',18501,53070,182620
'17NF2',18501,53070,185420
'17NF2',18501,53070,192420
'17NF2',18501,53070,195320
'17NF2',18501,53070,202220
'17NF2',18501,53070,205220
'17NF2',18501,53070,212220
'17NF2',18501,53070,215220
'17NF2',18501,53070,222220
'17NF2',18501,53070,225153
'17NF2',18501,53070,232153
'17NF2',18501,53070,235153
'17NF2',18501,53070,242153
'17NF2',18501,53070,245153
'17NF2',18501,53070,252153
'17NF3',18501,53070,60020
'17NF3',18501,53070,63120
'17NF3',18501,53070,70320
'17NF3',18501,53070,73520
'17NF3',18501,53070,80620
'17NF3',18501,53070,83820
'17NF3',18501,53070,91120
'17NF3',18501,53070,94520
'17NF3',18501,53070,101720
'17NF3',18501,53070,104920
'17NF3',18501,53070,111920
'17NF3',18501,53070,115020
'17NF3',18501,53070,122020
'17NF3',18501,53070,125020
'17NF3',18501,53070,132020
'17NF3',18501,53070,135020
'17NF3',18501,53070,142120
'17NF3',18501,53070,145220
'17NF3',18501,53070,152320
'17NF3',18501,53070,155420
'17NF3',18501,53070,162520
'17NF3',18501,53070,165520
'17NF3',18501,53070,172620
'17NF3',18501,53070,175620
'17NF3',18501,53070,182620
'17NF3',18501,53070,185420
'17NF3',18501,53070,192420
'17NF3',18501,53070,195320
'17NF3',18501,53070,202220
'17NF3',18501,53070,205220
'17NF3',18501,53070,212220
'17NF3',18501,53070,215220
'17NF3',18501,53070,222220
'17NF3',18501,53070,225153
'17NF3',18501,53070,232153
'17NF3',18501,53070,235153
'17NF3',18501,53070,242153
'17NF3',18501,53070,245153
'17NF3',18501,53070,252153
'17NF4',18501,53070,60020
'17NF4',18501,53070,63120
'17NF4',18501,53070,70320
'17NF4',18501,53070,73520
'17NF4',18501,53070,80620
'17NF4',18501,53070,83820
'17NF4',18501,53070,91120
'17NF4',18501,53070,94520
'17NF4',18501,53070,101720
'17NF4',18501,53070,104920
'17NF4',18501,53070,111920
'17NF4',18501,53070,115020
'17NF4',18501,53070,122020
'17NF4',18501,53070,125020
'17NF4',18501,53070,132020
'17NF4',18501,53070,135020
'17NF4',18501,53070,142120
'17NF4',18501,53070,145220
'17NF4',18501,53070,152320
'17NF4',18501,53070,155420
'17NF4',18501,53070,162520
'17NF4',18501,53070,165520
'17NF4',18501,53070,172620
'17NF4',18501,53070,175620
'17NF4',18501,53070,182620
'17NF4',18501,53070,185420
'17NF4',18501,53070,192420
'17NF4',18501,53070,195320
'17NF4',18501,53070,202220
'17NF4',18501,53070,205220
'17NF4',18501,53070,212220
'17NF4',18501,53070,215220
'17NF4',18501,53070,222220
'17NF4',18501,53070,225153
'17NF4',18501,53070,232153
'17NF4',18501,53070,235153
'17NF4',18501,53070,242153
'17NF4',18501,53070,245153
'17NF4',18501,53070,252153
'17NI',18501,53070,60020
'17NI',18501,53070,63120
'17NI',18501,53070,70320
'17NI',18501,53070,73520
'17NI',18501,53070,80620
'17NI',18501,53070,83820
'17NI',18501,53070,91120
'17NI',18501,53070,94520
'17NI',18501,53070,101720
'17NI',18501,53070,104920
'17NI',18501,53070,111920
'17NI',18501,53070,115020
'17NI',18501,53070,122020
'17NI',18501,53070,125020
'17NI',18501,53070,132020
'17NI',18501,53070,135020
'17NI',18501,53070,142120
'17NI',18501,53070,145220
'17NI',18501,53070,152320
'17NI',18501,53070,155420
'17NI',18501,53070,162520
'17NI',18501,53070,165520
'17NI',18501,53070,172620
'17NI',18501,53070,175620
'17NI',18501,53070,182620
'17NI',18501,53070,185420
'17NI',18501,53070,192420
'17NI',18501,53070,195320
'17NI',18501,53070,202220
'17NI',18501,53070,205220
'17NI',18501,53070,212220
'17NI',18501,53070,215220
'17NI',18501,53070,222220
'17NI',18501,53070,225153
'17NI',18501,53070,232153
'17NI',18501,53070,235153
'17NI',18501,53070,242153
'17NI',18501,53070,245153
'17NI',18501,53070,252153
'17NS',18501,53070,61420
'17NS',18501,53070,64220
'17NS',18501,53070,71520
'17NS',18501,53070,74820
'17NS',18501,53070,82020
'17NS',18501,53070,84820
'17NS',18501,53070,91720
'17NS',18501,53070,94646
'17NS',18501,53070,101646
'17NS',18501,53070,104646
'17NS',18501,53070,111646
'17NS',18501,53070,114646
'17NS',18501,53070,121646
'17NS',18501,53070,124646
'17NS',18501,53070,131746
'17NS',18501,53070,134746
'17NS',18501,53070,141746
'17NS',18501,53070,144446
'17NS',18501,53070,150946
'17NS',18501,53070,153446
'17NS',18501,53070,155846
'17NS',18501,53070,162246
'17NS',18501,53070,164746
'17NS',18501,53070,171246
'17NS',18501,53070,173746
'17NS',18501,53070,180120
'17NS',18501,53070,182953
'17NS',18501,53070,185653
'17NS',18501,53070,192653
'17NS',18501,53070,195553
'17NS',18501,53070,202353
'17NS',18501,53070,205253
'17NS',18501,53070,212153
'17NS',18501,53070,215053
'17NS',18501,53070,221853
'17NS',18501,53070,224553
'17NS',18501,53070,231353
'17NS',18501,53070,234053
'17NS',18501,53070,241253
'17NS',18501,53070,244653
'17NS',18501,53070,252053
'17NA',36401,53070,260754
'17NA',36401,53070,265654
'17NA',36401,53070,272754
'17NA',36401,53070,273754
'17NA',36401,53070,282254
'17NA',36401,53070,290654
'17NF1',36401,53070,260654
'17NF1',36401,53070,265254
'17NF1',36401,53070,272754
'17NF1',36401,53070,273754
'17NF1',36401,53070,282154
'17NF1',36401,53070,290654
'17NF2',36401,53070,260654
'17NF2',36401,53070,265254
'17NF2',36401,53070,272754
'17NF2',36401,53070,273754
'17NF2',36401,53070,282154
'17NF2',36401,53070,290654
'17NF3',36401,53070,260654
'17NF3',36401,53070,265254
'17NF3',36401,53070,272754
'17NF3',36401,53070,273754
'17NF3',36401,53070,282154
'17NF3',36401,53070,290654
'17NF4',36401,53070,260654
'17NF4',36401,53070,265254
'17NF4',36401,53070,272754
'17NF4',36401,53070,273754
'17NF4',36401,53070,282154
'17NF4',36401,53070,290654
'17NI',36401,53070,260654
'17NI',36401,53070,265254
'17NI',36401,53070,272754
'17NI',36401,53070,273754
'17NI',36401,53070,282154
'17NI',36401,53070,290654
'17NS',36401,53070,260654
'17NS',36401,53070,265154
'17NS',36401,53070,273654
'17NS',36401,53070,282154
'17NS',36401,53070,290654
