'17NA',5303,50336,53400
'17NA',5303,50336,60900
'17NA',5303,50336,64500
'17NA',5303,50336,72000
'17NA',5303,50336,75700
'17NA',5303,50336,83300
'17NA',5303,50336,90900
'17NA',5303,50336,94600
'17NA',5303,50336,102200
'17NA',5303,50336,105800
'17NA',5303,50336,113400
'17NA',5303,50336,121000
'17NA',5303,50336,124600
'17NA',5303,50336,132200
'17NA',5303,50336,135800
'17NA',5303,50336,143400
'17NA',5303,50336,151000
'17NA',5303,50336,154600
'17NA',5303,50336,162200
'17NA',5303,50336,165800
'17NA',5303,50336,173400
'17NA',5303,50336,181000
'17NA',5303,50336,184600
'17NA',5303,50336,192200
'17NA',5303,50336,195800
'17NA',5303,50336,203400
'17NA',5303,50336,211000
'17NA',5303,50336,214600
'17NA',5303,50336,222100
'17NA',5303,50336,225700
'17NA',5303,50336,233300
'17NA',5303,50336,240800
'17NA',5303,50336,244300
'17NA',5303,50336,251800
'17NA',5303,50336,255200
'17NF1',5303,50336,53400
'17NF1',5303,50336,60900
'17NF1',5303,50336,64500
'17NF1',5303,50336,72000
'17NF1',5303,50336,75700
'17NF1',5303,50336,83300
'17NF1',5303,50336,90900
'17NF1',5303,50336,94600
'17NF1',5303,50336,102200
'17NF1',5303,50336,105800
'17NF1',5303,50336,113400
'17NF1',5303,50336,121000
'17NF1',5303,50336,124600
'17NF1',5303,50336,132200
'17NF1',5303,50336,135800
'17NF1',5303,50336,143400
'17NF1',5303,50336,151000
'17NF1',5303,50336,154600
'17NF1',5303,50336,162200
'17NF1',5303,50336,165800
'17NF1',5303,50336,173400
'17NF1',5303,50336,181000
'17NF1',5303,50336,184600
'17NF1',5303,50336,192200
'17NF1',5303,50336,195800
'17NF1',5303,50336,203400
'17NF1',5303,50336,211000
'17NF1',5303,50336,214600
'17NF1',5303,50336,222100
'17NF1',5303,50336,225700
'17NF1',5303,50336,233300
'17NF1',5303,50336,240800
'17NF1',5303,50336,244300
'17NF1',5303,50336,251800
'17NF1',5303,50336,255200
'17NF2',5303,50336,53400
'17NF2',5303,50336,60900
'17NF2',5303,50336,64500
'17NF2',5303,50336,72000
'17NF2',5303,50336,75700
'17NF2',5303,50336,83300
'17NF2',5303,50336,90900
'17NF2',5303,50336,94600
'17NF2',5303,50336,102200
'17NF2',5303,50336,105800
'17NF2',5303,50336,113400
'17NF2',5303,50336,121000
'17NF2',5303,50336,124600
'17NF2',5303,50336,132200
'17NF2',5303,50336,135800
'17NF2',5303,50336,143400
'17NF2',5303,50336,151000
'17NF2',5303,50336,154600
'17NF2',5303,50336,162200
'17NF2',5303,50336,165800
'17NF2',5303,50336,173400
'17NF2',5303,50336,181000
'17NF2',5303,50336,184600
'17NF2',5303,50336,192200
'17NF2',5303,50336,195800
'17NF2',5303,50336,203400
'17NF2',5303,50336,211000
'17NF2',5303,50336,214600
'17NF2',5303,50336,222100
'17NF2',5303,50336,225700
'17NF2',5303,50336,233300
'17NF2',5303,50336,240800
'17NF2',5303,50336,244300
'17NF2',5303,50336,251800
'17NF2',5303,50336,255200
'17NF3',5303,50336,53400
'17NF3',5303,50336,60900
'17NF3',5303,50336,64500
'17NF3',5303,50336,72000
'17NF3',5303,50336,75700
'17NF3',5303,50336,83300
'17NF3',5303,50336,90900
'17NF3',5303,50336,94600
'17NF3',5303,50336,102200
'17NF3',5303,50336,105800
'17NF3',5303,50336,113400
'17NF3',5303,50336,121000
'17NF3',5303,50336,124600
'17NF3',5303,50336,132200
'17NF3',5303,50336,135800
'17NF3',5303,50336,143400
'17NF3',5303,50336,151000
'17NF3',5303,50336,154600
'17NF3',5303,50336,162200
'17NF3',5303,50336,165800
'17NF3',5303,50336,173400
'17NF3',5303,50336,181000
'17NF3',5303,50336,184600
'17NF3',5303,50336,192200
'17NF3',5303,50336,195800
'17NF3',5303,50336,203400
'17NF3',5303,50336,211000
'17NF3',5303,50336,214600
'17NF3',5303,50336,222100
'17NF3',5303,50336,225700
'17NF3',5303,50336,233300
'17NF3',5303,50336,240800
'17NF3',5303,50336,244300
'17NF3',5303,50336,251800
'17NF3',5303,50336,255200
'17NF4',5303,50336,53400
'17NF4',5303,50336,60900
'17NF4',5303,50336,64500
'17NF4',5303,50336,72000
'17NF4',5303,50336,75700
'17NF4',5303,50336,83300
'17NF4',5303,50336,90900
'17NF4',5303,50336,94600
'17NF4',5303,50336,102200
'17NF4',5303,50336,105800
'17NF4',5303,50336,113400
'17NF4',5303,50336,121000
'17NF4',5303,50336,124600
'17NF4',5303,50336,132200
'17NF4',5303,50336,135800
'17NF4',5303,50336,143400
'17NF4',5303,50336,151000
'17NF4',5303,50336,154600
'17NF4',5303,50336,162200
'17NF4',5303,50336,165800
'17NF4',5303,50336,173400
'17NF4',5303,50336,181000
'17NF4',5303,50336,184600
'17NF4',5303,50336,192200
'17NF4',5303,50336,195800
'17NF4',5303,50336,203400
'17NF4',5303,50336,211000
'17NF4',5303,50336,214600
'17NF4',5303,50336,222100
'17NF4',5303,50336,225700
'17NF4',5303,50336,233300
'17NF4',5303,50336,240800
'17NF4',5303,50336,244300
'17NF4',5303,50336,251800
'17NF4',5303,50336,255200
'17NI',5303,50336,53300
'17NI',5303,50336,60900
'17NI',5303,50336,64500
'17NI',5303,50336,72100
'17NI',5303,50336,75700
'17NI',5303,50336,83300
'17NI',5303,50336,91000
'17NI',5303,50336,94600
'17NI',5303,50336,102200
'17NI',5303,50336,105800
'17NI',5303,50336,113400
'17NI',5303,50336,121000
'17NI',5303,50336,124600
'17NI',5303,50336,132200
'17NI',5303,50336,135800
'17NI',5303,50336,143400
'17NI',5303,50336,151000
'17NI',5303,50336,154600
'17NI',5303,50336,162200
'17NI',5303,50336,165800
'17NI',5303,50336,173400
'17NI',5303,50336,181000
'17NI',5303,50336,184600
'17NI',5303,50336,192200
'17NI',5303,50336,195800
'17NI',5303,50336,203400
'17NI',5303,50336,211000
'17NI',5303,50336,214600
'17NI',5303,50336,222100
'17NI',5303,50336,225700
'17NI',5303,50336,233300
'17NI',5303,50336,240900
'17NI',5303,50336,245100
'17NS',5303,50336,51900
'17NS',5303,50336,53000
'17NS',5303,50336,55500
'17NS',5303,50336,60800
'17NS',5303,50336,63300
'17NS',5303,50336,64500
'17NS',5303,50336,71000
'17NS',5303,50336,72100
'17NS',5303,50336,74800
'17NS',5303,50336,81100
'17NS',5303,50336,83100
'17NS',5303,50336,84900
'17NS',5303,50336,90800
'17NS',5303,50336,92800
'17NS',5303,50336,94900
'17NS',5303,50336,100700
'17NS',5303,50336,102900
'17NS',5303,50336,104900
'17NS',5303,50336,111000
'17NS',5303,50336,113100
'17NS',5303,50336,115200
'17NS',5303,50336,120700
'17NS',5303,50336,123000
'17NS',5303,50336,125100
'17NS',5303,50336,131000
'17NS',5303,50336,132700
'17NS',5303,50336,134900
'17NS',5303,50336,140800
'17NS',5303,50336,142900
'17NS',5303,50336,144900
'17NS',5303,50336,151100
'17NS',5303,50336,153100
'17NS',5303,50336,155100
'17NS',5303,50336,161100
'17NS',5303,50336,163100
'17NS',5303,50336,165000
'17NS',5303,50336,171200
'17NS',5303,50336,173400
'17NS',5303,50336,175500
'17NS',5303,50336,181400
'17NS',5303,50336,183500
'17NS',5303,50336,190900
'17NS',5303,50336,194000
'17NS',5303,50336,201100
'17NS',5303,50336,204200
'17NS',5303,50336,211300
'17NS',5303,50336,214400
'17NS',5303,50336,221400
'17NS',5303,50336,224400
'17NS',5303,50336,231400
'17NS',5303,50336,234500
'17NS',5303,50336,241600
'17NS',5303,50336,245300
'17NA',5503,50336,53957
'17NA',5503,50336,55857
'17NA',5503,50336,63157
'17NA',5503,50336,70557
'17NA',5503,50336,73857
'17NA',5503,50336,81757
'17NA',5503,50336,84557
'17NA',5503,50336,91957
'17NA',5503,50336,94557
'17NA',5503,50336,100157
'17NA',5503,50336,101457
'17NA',5503,50336,104257
'17NA',5503,50336,110757
'17NA',5503,50336,112157
'17NA',5503,50336,113857
'17NA',5503,50336,115357
'17NA',5503,50336,120957
'17NA',5503,50336,122757
'17NA',5503,50336,123857
'17NA',5503,50336,125557
'17NA',5503,50336,130557
'17NA',5503,50336,131557
'17NA',5503,50336,132757
'17NA',5503,50336,133657
'17NA',5503,50336,134757
'17NA',5503,50336,135457
'17NA',5503,50336,140457
'17NA',5503,50336,141157
'17NA',5503,50336,141857
'17NA',5503,50336,142757
'17NA',5503,50336,143557
'17NA',5503,50336,144357
'17NA',5503,50336,145157
'17NA',5503,50336,150057
'17NA',5503,50336,150957
'17NA',5503,50336,151857
'17NA',5503,50336,152657
'17NA',5503,50336,153457
'17NA',5503,50336,154157
'17NA',5503,50336,155157
'17NA',5503,50336,155957
'17NA',5503,50336,160657
'17NA',5503,50336,161357
'17NA',5503,50336,162057
'17NA',5503,50336,162857
'17NA',5503,50336,163657
'17NA',5503,50336,164357
'17NA',5503,50336,165057
'17NA',5503,50336,165557
'17NA',5503,50336,170457
'17NA',5503,50336,170957
'17NA',5503,50336,171457
'17NA',5503,50336,172057
'17NA',5503,50336,172757
'17NA',5503,50336,173357
'17NA',5503,50336,174257
'17NA',5503,50336,175057
'17NA',5503,50336,175757
'17NA',5503,50336,180257
'17NA',5503,50336,180757
'17NA',5503,50336,181657
'17NA',5503,50336,182357
'17NA',5503,50336,183057
'17NA',5503,50336,183757
'17NA',5503,50336,184357
'17NA',5503,50336,185357
'17NA',5503,50336,190157
'17NA',5503,50336,190957
'17NA',5503,50336,191757
'17NA',5503,50336,193057
'17NA',5503,50336,193657
'17NA',5503,50336,194457
'17NA',5503,50336,195257
'17NA',5503,50336,201057
'17NA',5503,50336,202057
'17NA',5503,50336,202857
'17NA',5503,50336,204757
'17NA',5503,50336,210057
'17NA',5503,50336,211957
'17NA',5503,50336,212757
'17NA',5503,50336,213924
'17NA',5503,50336,215951
'17NA',5503,50336,221018
'17NA',5503,50336,223018
'17NA',5503,50336,223818
'17NA',5503,50336,224818
'17NA',5503,50336,230818
'17NA',5503,50336,231818
'17NA',5503,50336,232818
'17NA',5503,50336,234218
'17NA',5503,50336,234918
'17NA',5503,50336,235618
'17NA',5503,50336,240918
'17NA',5503,50336,242218
'17NA',5503,50336,243118
'17NA',5503,50336,243818
'17NA',5503,50336,245418
'17NA',5503,50336,250618
'17NF1',5503,50336,53751
'17NF1',5503,50336,61151
'17NF1',5503,50336,64451
'17NF1',5503,50336,71751
'17NF1',5503,50336,75251
'17NF1',5503,50336,83051
'17NF1',5503,50336,85951
'17NF1',5503,50336,93151
'17NF1',5503,50336,95957
'17NF1',5503,50336,102857
'17NF1',5503,50336,105657
'17NF1',5503,50336,111957
'17NF1',5503,50336,113857
'17NF1',5503,50336,115557
'17NF1',5503,50336,122657
'17NF1',5503,50336,123957
'17NF1',5503,50336,125857
'17NF1',5503,50336,130957
'17NF1',5503,50336,132357
'17NF1',5503,50336,133757
'17NF1',5503,50336,135057
'17NF1',5503,50336,140257
'17NF1',5503,50336,141457
'17NF1',5503,50336,142657
'17NF1',5503,50336,143857
'17NF1',5503,50336,144857
'17NF1',5503,50336,145857
'17NF1',5503,50336,150857
'17NF1',5503,50336,152057
'17NF1',5503,50336,152857
'17NF1',5503,50336,153757
'17NF1',5503,50336,154357
'17NF1',5503,50336,155557
'17NF1',5503,50336,160557
'17NF1',5503,50336,161557
'17NF1',5503,50336,162657
'17NF1',5503,50336,163757
'17NF1',5503,50336,164757
'17NF1',5503,50336,165757
'17NF1',5503,50336,170757
'17NF1',5503,50336,171457
'17NF1',5503,50336,172257
'17NF1',5503,50336,172957
'17NF1',5503,50336,174357
'17NF1',5503,50336,175057
'17NF1',5503,50336,175857
'17NF1',5503,50336,180757
'17NF1',5503,50336,181757
'17NF1',5503,50336,182357
'17NF1',5503,50336,183157
'17NF1',5503,50336,183957
'17NF1',5503,50336,184457
'17NF1',5503,50336,185857
'17NF1',5503,50336,190757
'17NF1',5503,50336,191657
'17NF1',5503,50336,193657
'17NF1',5503,50336,194857
'17NF1',5503,50336,201057
'17NF1',5503,50336,202857
'17NF1',5503,50336,204757
'17NF1',5503,50336,210057
'17NF1',5503,50336,213057
'17NF1',5503,50336,220257
'17NF1',5503,50336,223351
'17NF1',5503,50336,224651
'17NF1',5503,50336,231851
'17NF1',5503,50336,235151
'17NF1',5503,50336,242251
'17NF2',5503,50336,53957
'17NF2',5503,50336,55857
'17NF2',5503,50336,63157
'17NF2',5503,50336,70557
'17NF2',5503,50336,73857
'17NF2',5503,50336,81757
'17NF2',5503,50336,84557
'17NF2',5503,50336,91957
'17NF2',5503,50336,94557
'17NF2',5503,50336,100157
'17NF2',5503,50336,101457
'17NF2',5503,50336,104257
'17NF2',5503,50336,110757
'17NF2',5503,50336,112157
'17NF2',5503,50336,113857
'17NF2',5503,50336,115357
'17NF2',5503,50336,120957
'17NF2',5503,50336,122757
'17NF2',5503,50336,123857
'17NF2',5503,50336,125557
'17NF2',5503,50336,130557
'17NF2',5503,50336,131557
'17NF2',5503,50336,132757
'17NF2',5503,50336,133657
'17NF2',5503,50336,134757
'17NF2',5503,50336,135457
'17NF2',5503,50336,140457
'17NF2',5503,50336,141157
'17NF2',5503,50336,141857
'17NF2',5503,50336,142757
'17NF2',5503,50336,143557
'17NF2',5503,50336,144357
'17NF2',5503,50336,145157
'17NF2',5503,50336,150057
'17NF2',5503,50336,150957
'17NF2',5503,50336,151857
'17NF2',5503,50336,152657
'17NF2',5503,50336,153457
'17NF2',5503,50336,154157
'17NF2',5503,50336,155157
'17NF2',5503,50336,155957
'17NF2',5503,50336,160657
'17NF2',5503,50336,161357
'17NF2',5503,50336,162057
'17NF2',5503,50336,162857
'17NF2',5503,50336,163657
'17NF2',5503,50336,164357
'17NF2',5503,50336,165057
'17NF2',5503,50336,165557
'17NF2',5503,50336,170457
'17NF2',5503,50336,170957
'17NF2',5503,50336,171457
'17NF2',5503,50336,172057
'17NF2',5503,50336,172757
'17NF2',5503,50336,173357
'17NF2',5503,50336,174257
'17NF2',5503,50336,175057
'17NF2',5503,50336,175757
'17NF2',5503,50336,180257
'17NF2',5503,50336,180757
'17NF2',5503,50336,181657
'17NF2',5503,50336,182357
'17NF2',5503,50336,183057
'17NF2',5503,50336,183757
'17NF2',5503,50336,184357
'17NF2',5503,50336,185357
'17NF2',5503,50336,190157
'17NF2',5503,50336,190957
'17NF2',5503,50336,191757
'17NF2',5503,50336,193057
'17NF2',5503,50336,193657
'17NF2',5503,50336,194457
'17NF2',5503,50336,195257
'17NF2',5503,50336,201057
'17NF2',5503,50336,202057
'17NF2',5503,50336,202857
'17NF2',5503,50336,204757
'17NF2',5503,50336,210057
'17NF2',5503,50336,211957
'17NF2',5503,50336,212757
'17NF2',5503,50336,213924
'17NF2',5503,50336,215951
'17NF2',5503,50336,221018
'17NF2',5503,50336,223018
'17NF2',5503,50336,223818
'17NF2',5503,50336,224818
'17NF2',5503,50336,230818
'17NF2',5503,50336,231818
'17NF2',5503,50336,232818
'17NF2',5503,50336,234218
'17NF2',5503,50336,234918
'17NF2',5503,50336,235618
'17NF2',5503,50336,240918
'17NF2',5503,50336,242218
'17NF2',5503,50336,242251
'17NF2',5503,50336,243118
'17NF3',5503,50336,53751
'17NF3',5503,50336,61151
'17NF3',5503,50336,64451
'17NF3',5503,50336,71751
'17NF3',5503,50336,75251
'17NF3',5503,50336,83051
'17NF3',5503,50336,85951
'17NF3',5503,50336,93151
'17NF3',5503,50336,95957
'17NF3',5503,50336,102857
'17NF3',5503,50336,105657
'17NF3',5503,50336,111957
'17NF3',5503,50336,113857
'17NF3',5503,50336,115557
'17NF3',5503,50336,122657
'17NF3',5503,50336,123957
'17NF3',5503,50336,125857
'17NF3',5503,50336,130957
'17NF3',5503,50336,132357
'17NF3',5503,50336,133757
'17NF3',5503,50336,135057
'17NF3',5503,50336,140257
'17NF3',5503,50336,141457
'17NF3',5503,50336,142657
'17NF3',5503,50336,143857
'17NF3',5503,50336,144857
'17NF3',5503,50336,145857
'17NF3',5503,50336,150857
'17NF3',5503,50336,152057
'17NF3',5503,50336,152857
'17NF3',5503,50336,153757
'17NF3',5503,50336,154357
'17NF3',5503,50336,155557
'17NF3',5503,50336,160557
'17NF3',5503,50336,161557
'17NF3',5503,50336,162657
'17NF3',5503,50336,163757
'17NF3',5503,50336,164757
'17NF3',5503,50336,165757
'17NF3',5503,50336,170757
'17NF3',5503,50336,171457
'17NF3',5503,50336,172257
'17NF3',5503,50336,172957
'17NF3',5503,50336,174357
'17NF3',5503,50336,175057
'17NF3',5503,50336,175857
'17NF3',5503,50336,180757
'17NF3',5503,50336,181757
'17NF3',5503,50336,182357
'17NF3',5503,50336,183157
'17NF3',5503,50336,183957
'17NF3',5503,50336,184457
'17NF3',5503,50336,185857
'17NF3',5503,50336,190757
'17NF3',5503,50336,191657
'17NF3',5503,50336,193657
'17NF3',5503,50336,194857
'17NF3',5503,50336,201057
'17NF3',5503,50336,202857
'17NF3',5503,50336,204757
'17NF3',5503,50336,210057
'17NF3',5503,50336,213057
'17NF3',5503,50336,220257
'17NF3',5503,50336,223351
'17NF3',5503,50336,224651
'17NF3',5503,50336,231851
'17NF3',5503,50336,235151
'17NF3',5503,50336,242251
'17NF4',5503,50336,53957
'17NF4',5503,50336,55857
'17NF4',5503,50336,63157
'17NF4',5503,50336,70557
'17NF4',5503,50336,73857
'17NF4',5503,50336,81757
'17NF4',5503,50336,84557
'17NF4',5503,50336,91957
'17NF4',5503,50336,94557
'17NF4',5503,50336,100157
'17NF4',5503,50336,101457
'17NF4',5503,50336,104257
'17NF4',5503,50336,110757
'17NF4',5503,50336,112157
'17NF4',5503,50336,113857
'17NF4',5503,50336,115357
'17NF4',5503,50336,120957
'17NF4',5503,50336,122757
'17NF4',5503,50336,123857
'17NF4',5503,50336,125557
'17NF4',5503,50336,130557
'17NF4',5503,50336,131557
'17NF4',5503,50336,132757
'17NF4',5503,50336,133657
'17NF4',5503,50336,134757
'17NF4',5503,50336,135457
'17NF4',5503,50336,140457
'17NF4',5503,50336,141157
'17NF4',5503,50336,141857
'17NF4',5503,50336,142757
'17NF4',5503,50336,143557
'17NF4',5503,50336,144357
'17NF4',5503,50336,145157
'17NF4',5503,50336,150057
'17NF4',5503,50336,150957
'17NF4',5503,50336,151857
'17NF4',5503,50336,152657
'17NF4',5503,50336,153457
'17NF4',5503,50336,154157
'17NF4',5503,50336,155157
'17NF4',5503,50336,155957
'17NF4',5503,50336,160657
'17NF4',5503,50336,161357
'17NF4',5503,50336,162057
'17NF4',5503,50336,162857
'17NF4',5503,50336,163657
'17NF4',5503,50336,164357
'17NF4',5503,50336,165057
'17NF4',5503,50336,165557
'17NF4',5503,50336,170457
'17NF4',5503,50336,170957
'17NF4',5503,50336,171457
'17NF4',5503,50336,172057
'17NF4',5503,50336,172757
'17NF4',5503,50336,173357
'17NF4',5503,50336,174257
'17NF4',5503,50336,175057
'17NF4',5503,50336,175757
'17NF4',5503,50336,180257
'17NF4',5503,50336,180757
'17NF4',5503,50336,181657
'17NF4',5503,50336,182357
'17NF4',5503,50336,183057
'17NF4',5503,50336,183757
'17NF4',5503,50336,184357
'17NF4',5503,50336,185357
'17NF4',5503,50336,190157
'17NF4',5503,50336,190957
'17NF4',5503,50336,191757
'17NF4',5503,50336,193057
'17NF4',5503,50336,193657
'17NF4',5503,50336,194457
'17NF4',5503,50336,195257
'17NF4',5503,50336,201057
'17NF4',5503,50336,202057
'17NF4',5503,50336,202857
'17NF4',5503,50336,204757
'17NF4',5503,50336,210057
'17NF4',5503,50336,211957
'17NF4',5503,50336,212757
'17NF4',5503,50336,213924
'17NF4',5503,50336,215951
'17NF4',5503,50336,221018
'17NF4',5503,50336,223018
'17NF4',5503,50336,223818
'17NF4',5503,50336,224818
'17NF4',5503,50336,230818
'17NF4',5503,50336,231818
'17NF4',5503,50336,232818
'17NF4',5503,50336,234218
'17NF4',5503,50336,234918
'17NF4',5503,50336,235618
'17NF4',5503,50336,240918
'17NF4',5503,50336,242218
'17NF4',5503,50336,242251
'17NF4',5503,50336,243118
'17NI',5503,50336,53751
'17NI',5503,50336,61151
'17NI',5503,50336,64451
'17NI',5503,50336,71751
'17NI',5503,50336,75251
'17NI',5503,50336,83051
'17NI',5503,50336,85951
'17NI',5503,50336,93151
'17NI',5503,50336,95957
'17NI',5503,50336,102857
'17NI',5503,50336,105657
'17NI',5503,50336,111957
'17NI',5503,50336,113857
'17NI',5503,50336,115557
'17NI',5503,50336,122657
'17NI',5503,50336,123957
'17NI',5503,50336,125857
'17NI',5503,50336,130957
'17NI',5503,50336,132357
'17NI',5503,50336,133757
'17NI',5503,50336,135057
'17NI',5503,50336,140257
'17NI',5503,50336,141457
'17NI',5503,50336,142657
'17NI',5503,50336,143857
'17NI',5503,50336,144857
'17NI',5503,50336,145857
'17NI',5503,50336,150857
'17NI',5503,50336,152057
'17NI',5503,50336,152857
'17NI',5503,50336,153757
'17NI',5503,50336,154357
'17NI',5503,50336,155557
'17NI',5503,50336,160557
'17NI',5503,50336,161557
'17NI',5503,50336,162657
'17NI',5503,50336,163757
'17NI',5503,50336,164757
'17NI',5503,50336,165757
'17NI',5503,50336,170757
'17NI',5503,50336,171457
'17NI',5503,50336,172257
'17NI',5503,50336,172957
'17NI',5503,50336,174357
'17NI',5503,50336,175057
'17NI',5503,50336,175857
'17NI',5503,50336,180757
'17NI',5503,50336,181757
'17NI',5503,50336,182357
'17NI',5503,50336,183157
'17NI',5503,50336,183957
'17NI',5503,50336,184457
'17NI',5503,50336,185857
'17NI',5503,50336,190757
'17NI',5503,50336,191657
'17NI',5503,50336,193657
'17NI',5503,50336,194857
'17NI',5503,50336,201057
'17NI',5503,50336,202857
'17NI',5503,50336,204757
'17NI',5503,50336,210057
'17NI',5503,50336,213057
'17NI',5503,50336,220257
'17NI',5503,50336,223351
'17NI',5503,50336,224651
'17NI',5503,50336,231851
'17NI',5503,50336,235151
'17NI',5503,50336,242251
'17NS',5503,50336,54212
'17NS',5503,50336,62112
'17NS',5503,50336,70224
'17NS',5503,50336,73424
'17NS',5503,50336,75724
'17NS',5503,50336,80524
'17NS',5503,50336,82524
'17NS',5503,50336,84224
'17NS',5503,50336,85324
'17NS',5503,50336,90424
'17NS',5503,50336,91524
'17NS',5503,50336,92424
'17NS',5503,50336,93724
'17NS',5503,50336,94424
'17NS',5503,50336,95818
'17NS',5503,50336,101518
'17NS',5503,50336,102218
'17NS',5503,50336,103618
'17NS',5503,50336,104218
'17NS',5503,50336,105618
'17NS',5503,50336,110318
'17NS',5503,50336,111718
'17NS',5503,50336,112518
'17NS',5503,50336,113818
'17NS',5503,50336,114718
'17NS',5503,50336,115918
'17NS',5503,50336,121518
'17NS',5503,50336,122318
'17NS',5503,50336,123818
'17NS',5503,50336,124518
'17NS',5503,50336,125818
'17NS',5503,50336,130418
'17NS',5503,50336,131718
'17NS',5503,50336,132218
'17NS',5503,50336,133218
'17NS',5503,50336,133718
'17NS',5503,50336,134318
'17NS',5503,50336,135518
'17NS',5503,50336,140218
'17NS',5503,50336,141418
'17NS',5503,50336,142218
'17NS',5503,50336,143418
'17NS',5503,50336,143918
'17NS',5503,50336,144451
'17NS',5503,50336,145524
'17NS',5503,50336,150524
'17NS',5503,50336,151624
'17NS',5503,50336,152624
'17NS',5503,50336,153624
'17NS',5503,50336,154624
'17NS',5503,50336,155624
'17NS',5503,50336,160624
'17NS',5503,50336,161624
'17NS',5503,50336,162624
'17NS',5503,50336,163624
'17NS',5503,50336,164524
'17NS',5503,50336,165524
'17NS',5503,50336,170324
'17NS',5503,50336,171024
'17NS',5503,50336,171724
'17NS',5503,50336,172324
'17NS',5503,50336,172924
'17NS',5503,50336,173924
'17NS',5503,50336,174524
'17NS',5503,50336,174951
'17NS',5503,50336,175851
'17NS',5503,50336,180351
'17NS',5503,50336,180951
'17NS',5503,50336,181751
'17NS',5503,50336,182351
'17NS',5503,50336,182851
'17NS',5503,50336,183851
'17NS',5503,50336,184451
'17NS',5503,50336,185018
'17NS',5503,50336,185718
'17NS',5503,50336,190418
'17NS',5503,50336,191118
'17NS',5503,50336,191518
'17NS',5503,50336,192118
'17NS',5503,50336,192718
'17NS',5503,50336,193418
'17NS',5503,50336,194318
'17NS',5503,50336,194845
'17NS',5503,50336,195445
'17NS',5503,50336,200045
'17NS',5503,50336,200545
'17NS',5503,50336,201345
'17NS',5503,50336,201945
'17NS',5503,50336,202945
'17NS',5503,50336,203945
'17NS',5503,50336,204945
'17NS',5503,50336,205945
'17NS',5503,50336,210945
'17NS',5503,50336,211945
'17NS',5503,50336,212945
'17NS',5503,50336,213845
'17NS',5503,50336,214845
'17NS',5503,50336,215845
'17NS',5503,50336,220845
'17NS',5503,50336,222445
'17NS',5503,50336,223545
'17NS',5503,50336,225545
'17NS',5503,50336,230745
'17NS',5503,50336,232545
'17NS',5503,50336,233745
'17NS',5503,50336,235645
'17NS',5503,50336,242445
'17NA',36303,50336,251255
'17NA',36303,50336,253755
'17NA',36303,50336,255855
'17NA',36303,50336,262155
'17NA',36303,50336,263755
'17NA',36303,50336,265255
'17NA',36303,50336,270555
'17NA',36303,50336,271555
'17NA',36303,50336,272455
'17NA',36303,50336,273355
'17NA',36303,50336,274155
'17NA',36303,50336,275055
'17NA',36303,50336,280055
'17NA',36303,50336,281155
'17NA',36303,50336,283555
'17NA',36303,50336,290055
'17NA',36303,50336,292555
'17NF1',36303,50336,244455
'17NF1',36303,50336,253455
'17NF1',36303,50336,261655
'17NF1',36303,50336,270155
'17NF1',36303,50336,274555
'17NF1',36303,50336,282855
'17NF1',36303,50336,291355
'17NF2',36303,50336,244455
'17NF2',36303,50336,253455
'17NF2',36303,50336,261655
'17NF2',36303,50336,270155
'17NF2',36303,50336,274555
'17NF2',36303,50336,282855
'17NF2',36303,50336,291355
'17NF3',36303,50336,244455
'17NF3',36303,50336,253455
'17NF3',36303,50336,261655
'17NF3',36303,50336,270155
'17NF3',36303,50336,274555
'17NF3',36303,50336,282855
'17NF3',36303,50336,291355
'17NF4',36303,50336,244455
'17NF4',36303,50336,253455
'17NF4',36303,50336,261655
'17NF4',36303,50336,270155
'17NF4',36303,50336,274555
'17NF4',36303,50336,282855
'17NF4',36303,50336,291355
'17NI',36303,50336,244455
'17NI',36303,50336,253455
'17NI',36303,50336,261655
'17NI',36303,50336,270155
'17NI',36303,50336,274555
'17NI',36303,50336,282855
'17NI',36303,50336,291355
'17NS',36303,50336,244414
'17NS',36303,50336,253114
'17NS',36303,50336,261614
'17NS',36303,50336,263114
'17NS',36303,50336,264614
'17NS',36303,50336,270114
'17NS',36303,50336,271614
'17NS',36303,50336,273114
'17NS',36303,50336,274514
'17NS',36303,50336,282914
'17NS',36303,50336,291414
