'16SS',4002,54472,61541
'16SS',4002,54472,65441
'16SS',4002,54472,73541
'16SS',4002,54472,81341
'16SS',4002,54472,85313
'16SS',4002,54472,93113
'16SS',4002,54472,100713
'16SS',4002,54472,104513
'16SS',4002,54472,112413
'16SS',4002,54472,120313
'16SS',4002,54472,124241
'16SS',4002,54472,132141
'16SS',4002,54472,140041
'16SS',4002,54472,143941
'16SS',4002,54472,152041
'16SS',4002,54472,160441
'16SS',4002,54472,165241
'16SS',4002,54472,173616
'16SS',4002,54472,180916
'16SS',4002,54472,184716
'16SS',44904,54472,150801
'16SS',44904,54472,153801
'16SS',44904,54472,160827
'16SS',44904,54472,163827
'16SS',44904,54472,170827
'16SS',44904,54472,173701
'16SS',44904,54472,180701
'16SS',44904,54472,183635
'16SS',44904,54472,190635
