'18UA',19301,54867,54432
'18UA',19301,54867,61532
'18UA',19301,54867,64632
'18UA',19301,54867,71732
'18UA',19301,54867,74832
'18UA',19301,54867,82032
'18UA',19301,54867,85232
'18UA',19301,54867,92402
'18UA',19301,54867,95402
'18UA',19301,54867,102302
'18UA',19301,54867,105202
'18UA',19301,54867,112333
'18UA',19301,54867,115333
'18UA',19301,54867,121533
'18UA',19301,54867,123733
'18UA',19301,54867,125433
'18UA',19301,54867,131133
'18UA',19301,54867,132733
'18UA',19301,54867,134433
'18UA',19301,54867,140433
'18UA',19301,54867,142533
'18UA',19301,54867,144533
'18UA',19301,54867,150533
'18UA',19301,54867,152133
'18UA',19301,54867,153733
'18UA',19301,54867,155233
'18UA',19301,54867,160733
'18UA',19301,54867,162233
'18UA',19301,54867,163733
'18UA',19301,54867,165333
'18UA',19301,54867,170933
'18UA',19301,54867,172533
'18UA',19301,54867,174133
'18UA',19301,54867,175502
'18UA',19301,54867,181002
'18UA',19301,54867,182502
'18UA',19301,54867,184002
'18UA',19301,54867,185702
'18UA',19301,54867,192002
'18UA',19301,54867,195302
'18UA',19301,54867,202502
'18UA',19301,54867,205702
'18UA',19301,54867,212802
'18UA',19301,54867,215802
'18UA',19301,54867,222802
'18UA',19301,54867,225802
'18UA',19301,54867,232732
'18UA',19301,54867,235732
'18UA',19301,54867,242732
'18UA',19301,54867,245432
'18UA',19301,54867,252532
'18UA',19301,54867,255632
'18UA',19301,54867,262032
'18UF1',19301,54867,54432
'18UF1',19301,54867,61532
'18UF1',19301,54867,64632
'18UF1',19301,54867,71732
'18UF1',19301,54867,74832
'18UF1',19301,54867,82032
'18UF1',19301,54867,85232
'18UF1',19301,54867,92402
'18UF1',19301,54867,95402
'18UF1',19301,54867,102302
'18UF1',19301,54867,105202
'18UF1',19301,54867,112333
'18UF1',19301,54867,115333
'18UF1',19301,54867,121533
'18UF1',19301,54867,123733
'18UF1',19301,54867,125433
'18UF1',19301,54867,131133
'18UF1',19301,54867,132733
'18UF1',19301,54867,134433
'18UF1',19301,54867,140433
'18UF1',19301,54867,142533
'18UF1',19301,54867,144533
'18UF1',19301,54867,150533
'18UF1',19301,54867,152133
'18UF1',19301,54867,153733
'18UF1',19301,54867,155233
'18UF1',19301,54867,160733
'18UF1',19301,54867,162233
'18UF1',19301,54867,163733
'18UF1',19301,54867,165333
'18UF1',19301,54867,170933
'18UF1',19301,54867,172533
'18UF1',19301,54867,174133
'18UF1',19301,54867,175502
'18UF1',19301,54867,181002
'18UF1',19301,54867,182502
'18UF1',19301,54867,184002
'18UF1',19301,54867,185702
'18UF1',19301,54867,192002
'18UF1',19301,54867,195302
'18UF1',19301,54867,202502
'18UF1',19301,54867,205702
'18UF1',19301,54867,212802
'18UF1',19301,54867,215802
'18UF1',19301,54867,222802
'18UF1',19301,54867,225802
'18UF1',19301,54867,232732
'18UF1',19301,54867,235732
'18UF1',19301,54867,242732
'18UF1',19301,54867,245832
'18UF1',19301,54867,252932
'18UF2',19301,54867,54432
'18UF2',19301,54867,61532
'18UF2',19301,54867,64632
'18UF2',19301,54867,71732
'18UF2',19301,54867,74832
'18UF2',19301,54867,82032
'18UF2',19301,54867,85232
'18UF2',19301,54867,92402
'18UF2',19301,54867,95402
'18UF2',19301,54867,102302
'18UF2',19301,54867,105202
'18UF2',19301,54867,112333
'18UF2',19301,54867,115333
'18UF2',19301,54867,121533
'18UF2',19301,54867,123733
'18UF2',19301,54867,125433
'18UF2',19301,54867,131133
'18UF2',19301,54867,132733
'18UF2',19301,54867,134433
'18UF2',19301,54867,140433
'18UF2',19301,54867,142533
'18UF2',19301,54867,144533
'18UF2',19301,54867,150533
'18UF2',19301,54867,152133
'18UF2',19301,54867,153733
'18UF2',19301,54867,155233
'18UF2',19301,54867,160733
'18UF2',19301,54867,162233
'18UF2',19301,54867,163733
'18UF2',19301,54867,165333
'18UF2',19301,54867,170933
'18UF2',19301,54867,172533
'18UF2',19301,54867,174133
'18UF2',19301,54867,175502
'18UF2',19301,54867,181002
'18UF2',19301,54867,182502
'18UF2',19301,54867,184002
'18UF2',19301,54867,185702
'18UF2',19301,54867,192002
'18UF2',19301,54867,195302
'18UF2',19301,54867,202502
'18UF2',19301,54867,205702
'18UF2',19301,54867,212802
'18UF2',19301,54867,215802
'18UF2',19301,54867,222802
'18UF2',19301,54867,225802
'18UF2',19301,54867,232732
'18UF2',19301,54867,235732
'18UF2',19301,54867,242732
'18UF2',19301,54867,245832
'18UF2',19301,54867,252932
'18UI',19301,54867,60832
'18UI',19301,54867,63832
'18UI',19301,54867,70932
'18UI',19301,54867,73932
'18UI',19301,54867,80932
'18UI',19301,54867,84032
'18UI',19301,54867,91232
'18UI',19301,54867,94532
'18UI',19301,54867,101732
'18UI',19301,54867,104832
'18UI',19301,54867,111632
'18UI',19301,54867,114532
'18UI',19301,54867,121432
'18UI',19301,54867,124432
'18UI',19301,54867,131432
'18UI',19301,54867,133932
'18UI',19301,54867,135932
'18UI',19301,54867,141932
'18UI',19301,54867,143932
'18UI',19301,54867,150232
'18UI',19301,54867,152532
'18UI',19301,54867,154932
'18UI',19301,54867,161232
'18UI',19301,54867,163432
'18UI',19301,54867,165632
'18UI',19301,54867,171732
'18UI',19301,54867,173932
'18UI',19301,54867,180032
'18UI',19301,54867,181932
'18UI',19301,54867,183932
'18UI',19301,54867,185732
'18UI',19301,54867,192332
'18UI',19301,54867,195532
'18UI',19301,54867,202732
'18UI',19301,54867,205932
'18UI',19301,54867,213232
'18UI',19301,54867,220332
'18UI',19301,54867,223432
'18UI',19301,54867,230432
'18UI',19301,54867,233532
'18UI',19301,54867,240332
'18UI',19301,54867,243232
'18UI',19301,54867,250132
'18UI',19301,54867,252932
'18US',19301,54867,54802
'18US',19301,54867,62202
'18US',19301,54867,65433
'18US',19301,54867,72733
'18US',19301,54867,75633
'18US',19301,54867,82533
'18US',19301,54867,85433
'18US',19301,54867,92333
'18US',19301,54867,95233
'18US',19301,54867,102303
'18US',19301,54867,105203
'18US',19301,54867,112203
'18US',19301,54867,115203
'18US',19301,54867,121703
'18US',19301,54867,124003
'18US',19301,54867,130203
'18US',19301,54867,132503
'18US',19301,54867,134803
'18US',19301,54867,141203
'18US',19301,54867,143503
'18US',19301,54867,144503
'18US',19301,54867,145603
'18US',19301,54867,150703
'18US',19301,54867,151703
'18US',19301,54867,152703
'18US',19301,54867,153803
'18US',19301,54867,154803
'18US',19301,54867,155803
'18US',19301,54867,160903
'18US',19301,54867,161803
'18US',19301,54867,162803
'18US',19301,54867,163803
'18US',19301,54867,164803
'18US',19301,54867,165803
'18US',19301,54867,170803
'18US',19301,54867,171803
'18US',19301,54867,172803
'18US',19301,54867,173803
'18US',19301,54867,174803
'18US',19301,54867,175603
'18US',19301,54867,180503
'18US',19301,54867,181503
'18US',19301,54867,182503
'18US',19301,54867,183333
'18US',19301,54867,184233
'18US',19301,54867,185133
'18US',19301,54867,190133
'18US',19301,54867,191133
'18US',19301,54867,192032
'18US',19301,54867,192932
'18US',19301,54867,193932
'18US',19301,54867,194932
'18US',19301,54867,195932
'18US',19301,54867,200932
'18US',19301,54867,201832
'18US',19301,54867,202832
'18US',19301,54867,203832
'18US',19301,54867,204832
'18US',19301,54867,205832
'18US',19301,54867,210832
'18US',19301,54867,211832
'18US',19301,54867,213732
'18US',19301,54867,215732
'18US',19301,54867,221532
'18US',19301,54867,223432
'18US',19301,54867,230532
'18US',19301,54867,233832
'18US',19301,54867,240932
'18US',19301,54867,244132
'18US',19301,54867,251632
'18US',19301,54867,253632
