'18MF1',4102,51142,55512
'18MF1',4102,51142,62612
'18MF1',4102,51142,65812
'18MF1',4102,51142,73246
'18MF1',4102,51142,80446
'18MF1',4102,51142,83546
'18MF1',4102,51142,90559
'18MF1',4102,51142,93359
'18MF1',4102,51142,100259
'18MF1',4102,51142,103059
'18MF1',4102,51142,105759
'18MF1',4102,51142,112559
'18MF1',4102,51142,115546
'18MF1',4102,51142,122446
'18MF1',4102,51142,125146
'18MF1',4102,51142,131846
'18MF1',4102,51142,134546
'18MF1',4102,51142,141346
'18MF1',4102,51142,144146
'18MF1',4102,51142,151146
'18MF1',4102,51142,154319
'18MF1',4102,51142,161519
'18MF1',4102,51142,164519
'18MF1',4102,51142,171619
'18MF1',4102,51142,174432
'18MF1',4102,51142,181032
'18MF1',4102,51142,184132
'18MF1',4102,51142,190846
'18MF1',4102,51142,193646
'18MF1',4102,51142,200446
'18MF1',4102,51142,203159
'18MF1',4102,51142,205859
'18MF1',4102,51142,212459
'18MF2',4102,51142,55512
'18MF2',4102,51142,62612
'18MF2',4102,51142,65812
'18MF2',4102,51142,73246
'18MF2',4102,51142,80446
'18MF2',4102,51142,83546
'18MF2',4102,51142,90559
'18MF2',4102,51142,93359
'18MF2',4102,51142,100259
'18MF2',4102,51142,103059
'18MF2',4102,51142,105759
'18MF2',4102,51142,112559
'18MF2',4102,51142,115546
'18MF2',4102,51142,122446
'18MF2',4102,51142,125146
'18MF2',4102,51142,131846
'18MF2',4102,51142,134546
'18MF2',4102,51142,141346
'18MF2',4102,51142,144146
'18MF2',4102,51142,151146
'18MF2',4102,51142,154319
'18MF2',4102,51142,161519
'18MF2',4102,51142,164519
'18MF2',4102,51142,171619
'18MF2',4102,51142,174432
'18MF2',4102,51142,181032
'18MF2',4102,51142,184132
'18MF2',4102,51142,190846
'18MF2',4102,51142,193646
'18MF2',4102,51142,200446
'18MF2',4102,51142,203159
'18MF2',4102,51142,205859
'18MF2',4102,51142,212459
'18MS',4102,51142,55512
'18MS',4102,51142,61612
'18MS',4102,51142,63712
'18MS',4102,51142,65812
'18MS',4102,51142,72146
'18MS',4102,51142,74446
'18MS',4102,51142,80146
'18MS',4102,51142,81746
'18MS',4102,51142,83646
'18MS',4102,51142,85946
'18MS',4102,51142,92159
'18MS',4102,51142,94259
'18MS',4102,51142,100659
'18MS',4102,51142,103159
'18MS',4102,51142,105759
'18MS',4102,51142,112559
'18MS',4102,51142,115546
'18MS',4102,51142,122446
'18MS',4102,51142,125146
'18MS',4102,51142,131846
'18MS',4102,51142,134546
'18MS',4102,51142,141246
'18MS',4102,51142,143946
'18MS',4102,51142,150846
'18MS',4102,51142,154019
'18MS',4102,51142,161119
'18MS',4102,51142,163919
'18MS',4102,51142,170019
'18MS',4102,51142,172132
'18MS',4102,51142,174232
'18MS',4102,51142,180132
'18MS',4102,51142,182132
'18MS',4102,51142,184332
'18MS',4102,51142,190246
'18MS',4102,51142,192246
'18MS',4102,51142,194246
'18MS',4102,51142,200446
'18MS',4102,51142,203159
'18MS',4102,51142,205859
'18MS',4102,51142,212459
'18MA',6703,51142,50046
'18MA',6703,51142,52446
'18MA',6703,51142,55301
'18MA',6703,51142,62301
'18MA',6703,51142,65301
'18MA',6703,51142,72301
'18MA',6703,51142,75601
'18MA',6703,51142,82701
'18MA',6703,51142,90017
'18MA',6703,51142,93017
'18MA',6703,51142,95717
'18MA',6703,51142,101317
'18MA',6703,51142,102717
'18MA',6703,51142,104017
'18MA',6703,51142,105317
'18MA',6703,51142,110617
'18MA',6703,51142,111917
'18MA',6703,51142,113317
'18MA',6703,51142,114617
'18MA',6703,51142,115817
'18MA',6703,51142,120717
'18MA',6703,51142,121517
'18MA',6703,51142,122317
'18MA',6703,51142,123117
'18MA',6703,51142,124017
'18MA',6703,51142,124917
'18MA',6703,51142,125817
'18MA',6703,51142,130717
'18MA',6703,51142,131617
'18MA',6703,51142,132417
'18MA',6703,51142,133217
'18MA',6703,51142,134017
'18MA',6703,51142,134817
'18MA',6703,51142,135517
'18MA',6703,51142,140217
'18MA',6703,51142,140917
'18MA',6703,51142,141617
'18MA',6703,51142,142317
'18MA',6703,51142,143017
'18MA',6703,51142,143717
'18MA',6703,51142,144417
'18MA',6703,51142,145117
'18MA',6703,51142,145817
'18MA',6703,51142,150617
'18MA',6703,51142,151317
'18MA',6703,51142,152017
'18MA',6703,51142,152717
'18MA',6703,51142,153417
'18MA',6703,51142,154217
'18MA',6703,51142,154817
'18MA',6703,51142,155417
'18MA',6703,51142,160217
'18MA',6703,51142,160817
'18MA',6703,51142,161317
'18MA',6703,51142,161817
'18MA',6703,51142,162417
'18MA',6703,51142,163017
'18MA',6703,51142,163717
'18MA',6703,51142,164417
'18MA',6703,51142,165217
'18MA',6703,51142,165817
'18MA',6703,51142,170417
'18MA',6703,51142,171017
'18MA',6703,51142,171617
'18MA',6703,51142,172217
'18MA',6703,51142,172717
'18MA',6703,51142,173317
'18MA',6703,51142,173917
'18MA',6703,51142,174517
'18MA',6703,51142,175117
'18MA',6703,51142,175717
'18MA',6703,51142,180417
'18MA',6703,51142,181117
'18MA',6703,51142,181917
'18MA',6703,51142,182717
'18MA',6703,51142,183517
'18MA',6703,51142,184317
'18MA',6703,51142,185017
'18MA',6703,51142,185717
'18MA',6703,51142,190517
'18MA',6703,51142,191517
'18MA',6703,51142,192517
'18MA',6703,51142,193417
'18MA',6703,51142,194417
'18MA',6703,51142,195601
'18MA',6703,51142,200901
'18MA',6703,51142,202501
'18MA',6703,51142,204201
'18MA',6703,51142,205901
'18MA',6703,51142,211601
'18MA',6703,51142,213201
'18MA',6703,51142,214701
'18MA',6703,51142,220101
'18MA',6703,51142,221501
'18MA',6703,51142,223001
'18MA',6703,51142,224501
'18MA',6703,51142,230101
'18MA',6703,51142,232001
'18MA',6703,51142,234001
'18MA',6703,51142,240001
'18MA',6703,51142,242001
'18MA',6703,51142,244646
'18MA',6703,51142,251246
'18MA',6703,51142,254046
'18MA',6703,51142,260646
'18MF1',6703,51142,53401
'18MF1',6703,51142,60301
'18MF1',6703,51142,61801
'18MF1',6703,51142,63317
'18MF1',6703,51142,64517
'18MF1',6703,51142,65517
'18MF1',6703,51142,70417
'18MF1',6703,51142,71517
'18MF1',6703,51142,72617
'18MF1',6703,51142,73617
'18MF1',6703,51142,74317
'18MF1',6703,51142,74917
'18MF1',6703,51142,75517
'18MF1',6703,51142,80217
'18MF1',6703,51142,80917
'18MF1',6703,51142,81617
'18MF1',6703,51142,82317
'18MF1',6703,51142,82917
'18MF1',6703,51142,83917
'18MF1',6703,51142,84917
'18MF1',6703,51142,85917
'18MF1',6703,51142,90701
'18MF1',6703,51142,91601
'18MF1',6703,51142,92601
'18MF1',6703,51142,93601
'18MF1',6703,51142,94601
'18MF1',6703,51142,95601
'18MF1',6703,51142,100501
'18MF1',6703,51142,101501
'18MF1',6703,51142,102501
'18MF1',6703,51142,103501
'18MF1',6703,51142,104501
'18MF1',6703,51142,105501
'18MF1',6703,51142,110501
'18MF1',6703,51142,111501
'18MF1',6703,51142,112501
'18MF1',6703,51142,113501
'18MF1',6703,51142,114501
'18MF1',6703,51142,115501
'18MF1',6703,51142,120501
'18MF1',6703,51142,121501
'18MF1',6703,51142,122501
'18MF1',6703,51142,123501
'18MF1',6703,51142,124501
'18MF1',6703,51142,125401
'18MF1',6703,51142,130401
'18MF1',6703,51142,131401
'18MF1',6703,51142,132401
'18MF1',6703,51142,133401
'18MF1',6703,51142,134401
'18MF1',6703,51142,135401
'18MF1',6703,51142,140401
'18MF1',6703,51142,141401
'18MF1',6703,51142,142401
'18MF1',6703,51142,143401
'18MF1',6703,51142,143801
'18MF1',6703,51142,144201
'18MF1',6703,51142,144701
'18MF1',6703,51142,145201
'18MF1',6703,51142,145701
'18MF1',6703,51142,150301
'18MF1',6703,51142,150801
'18MF1',6703,51142,151301
'18MF1',6703,51142,151701
'18MF1',6703,51142,152201
'18MF1',6703,51142,152701
'18MF1',6703,51142,153317
'18MF1',6703,51142,153817
'18MF1',6703,51142,154417
'18MF1',6703,51142,155017
'18MF1',6703,51142,155517
'18MF1',6703,51142,160017
'18MF1',6703,51142,160517
'18MF1',6703,51142,161017
'18MF1',6703,51142,161517
'18MF1',6703,51142,162017
'18MF1',6703,51142,162517
'18MF1',6703,51142,163017
'18MF1',6703,51142,163517
'18MF1',6703,51142,164017
'18MF1',6703,51142,164517
'18MF1',6703,51142,164917
'18MF1',6703,51142,165417
'18MF1',6703,51142,165917
'18MF1',6703,51142,170417
'18MF1',6703,51142,170917
'18MF1',6703,51142,171417
'18MF1',6703,51142,171917
'18MF1',6703,51142,172417
'18MF1',6703,51142,172917
'18MF1',6703,51142,173417
'18MF1',6703,51142,173917
'18MF1',6703,51142,174417
'18MF1',6703,51142,174917
'18MF1',6703,51142,175417
'18MF1',6703,51142,175901
'18MF1',6703,51142,180417
'18MF1',6703,51142,180917
'18MF1',6703,51142,181417
'18MF1',6703,51142,181917
'18MF1',6703,51142,182301
'18MF1',6703,51142,182801
'18MF1',6703,51142,183601
'18MF1',6703,51142,184601
'18MF1',6703,51142,185601
'18MF1',6703,51142,190601
'18MF1',6703,51142,191601
'18MF1',6703,51142,192601
'18MF1',6703,51142,193601
'18MF1',6703,51142,194601
'18MF1',6703,51142,195601
'18MF1',6703,51142,200601
'18MF1',6703,51142,201601
'18MF1',6703,51142,202501
'18MF1',6703,51142,203401
'18MF1',6703,51142,204301
'18MF1',6703,51142,205201
'18MF1',6703,51142,210101
'18MF1',6703,51142,211101
'18MF1',6703,51142,212101
'18MF1',6703,51142,213101
'18MF1',6703,51142,214101
'18MF1',6703,51142,215101
'18MF1',6703,51142,215801
'18MF1',6703,51142,220501
'18MF1',6703,51142,221101
'18MF1',6703,51142,221801
'18MF1',6703,51142,222601
'18MF1',6703,51142,223601
'18MF1',6703,51142,224301
'18MF1',6703,51142,225401
'18MF1',6703,51142,231001
'18MF1',6703,51142,232701
'18MF1',6703,51142,234401
'18MF1',6703,51142,241001
'18MF1',6703,51142,244001
'18MF1',6703,51142,250801
'18MF1',6703,51142,253501
'18MF2',6703,51142,53401
'18MF2',6703,51142,60301
'18MF2',6703,51142,61801
'18MF2',6703,51142,63317
'18MF2',6703,51142,64517
'18MF2',6703,51142,65517
'18MF2',6703,51142,70417
'18MF2',6703,51142,71517
'18MF2',6703,51142,72617
'18MF2',6703,51142,73617
'18MF2',6703,51142,74317
'18MF2',6703,51142,74917
'18MF2',6703,51142,75517
'18MF2',6703,51142,80217
'18MF2',6703,51142,80917
'18MF2',6703,51142,81617
'18MF2',6703,51142,82317
'18MF2',6703,51142,82917
'18MF2',6703,51142,83917
'18MF2',6703,51142,84917
'18MF2',6703,51142,85917
'18MF2',6703,51142,90701
'18MF2',6703,51142,91601
'18MF2',6703,51142,92601
'18MF2',6703,51142,93601
'18MF2',6703,51142,94601
'18MF2',6703,51142,95601
'18MF2',6703,51142,100501
'18MF2',6703,51142,101501
'18MF2',6703,51142,102501
'18MF2',6703,51142,103501
'18MF2',6703,51142,104501
'18MF2',6703,51142,105501
'18MF2',6703,51142,110501
'18MF2',6703,51142,111501
'18MF2',6703,51142,112501
'18MF2',6703,51142,113501
'18MF2',6703,51142,114501
'18MF2',6703,51142,115501
'18MF2',6703,51142,120501
'18MF2',6703,51142,121501
'18MF2',6703,51142,122501
'18MF2',6703,51142,123501
'18MF2',6703,51142,124501
'18MF2',6703,51142,125401
'18MF2',6703,51142,130401
'18MF2',6703,51142,131401
'18MF2',6703,51142,132401
'18MF2',6703,51142,133401
'18MF2',6703,51142,134401
'18MF2',6703,51142,135401
'18MF2',6703,51142,140401
'18MF2',6703,51142,141401
'18MF2',6703,51142,142401
'18MF2',6703,51142,143401
'18MF2',6703,51142,143801
'18MF2',6703,51142,144201
'18MF2',6703,51142,144701
'18MF2',6703,51142,145201
'18MF2',6703,51142,145701
'18MF2',6703,51142,150301
'18MF2',6703,51142,150801
'18MF2',6703,51142,151301
'18MF2',6703,51142,151701
'18MF2',6703,51142,152201
'18MF2',6703,51142,152701
'18MF2',6703,51142,153317
'18MF2',6703,51142,153817
'18MF2',6703,51142,154417
'18MF2',6703,51142,155017
'18MF2',6703,51142,155517
'18MF2',6703,51142,160017
'18MF2',6703,51142,160517
'18MF2',6703,51142,161017
'18MF2',6703,51142,161517
'18MF2',6703,51142,162017
'18MF2',6703,51142,162517
'18MF2',6703,51142,163017
'18MF2',6703,51142,163517
'18MF2',6703,51142,164017
'18MF2',6703,51142,164517
'18MF2',6703,51142,164917
'18MF2',6703,51142,165417
'18MF2',6703,51142,165917
'18MF2',6703,51142,170417
'18MF2',6703,51142,170917
'18MF2',6703,51142,171417
'18MF2',6703,51142,171917
'18MF2',6703,51142,172417
'18MF2',6703,51142,172917
'18MF2',6703,51142,173417
'18MF2',6703,51142,173917
'18MF2',6703,51142,174417
'18MF2',6703,51142,174917
'18MF2',6703,51142,175417
'18MF2',6703,51142,175901
'18MF2',6703,51142,180417
'18MF2',6703,51142,180917
'18MF2',6703,51142,181417
'18MF2',6703,51142,181917
'18MF2',6703,51142,182301
'18MF2',6703,51142,182801
'18MF2',6703,51142,183601
'18MF2',6703,51142,184601
'18MF2',6703,51142,185601
'18MF2',6703,51142,190601
'18MF2',6703,51142,191601
'18MF2',6703,51142,192601
'18MF2',6703,51142,193601
'18MF2',6703,51142,194601
'18MF2',6703,51142,195601
'18MF2',6703,51142,200601
'18MF2',6703,51142,201601
'18MF2',6703,51142,202501
'18MF2',6703,51142,203401
'18MF2',6703,51142,204301
'18MF2',6703,51142,205201
'18MF2',6703,51142,210101
'18MF2',6703,51142,211101
'18MF2',6703,51142,212101
'18MF2',6703,51142,213101
'18MF2',6703,51142,214101
'18MF2',6703,51142,215101
'18MF2',6703,51142,215801
'18MF2',6703,51142,220501
'18MF2',6703,51142,221101
'18MF2',6703,51142,221801
'18MF2',6703,51142,222601
'18MF2',6703,51142,223601
'18MF2',6703,51142,224301
'18MF2',6703,51142,225401
'18MF2',6703,51142,231001
'18MF2',6703,51142,232701
'18MF2',6703,51142,234401
'18MF2',6703,51142,241001
'18MF2',6703,51142,244001
'18MF2',6703,51142,250801
'18MF2',6703,51142,253501
'18MF3',6703,51142,50101
'18MF3',6703,51142,53001
'18MF3',6703,51142,55901
'18MF3',6703,51142,62701
'18MF3',6703,51142,65801
'18MF3',6703,51142,72801
'18MF3',6703,51142,75801
'18MF3',6703,51142,82901
'18MF3',6703,51142,90201
'18MF3',6703,51142,92901
'18MF3',6703,51142,95701
'18MF3',6703,51142,102301
'18MF3',6703,51142,104801
'18MF3',6703,51142,111301
'18MF3',6703,51142,113301
'18MF3',6703,51142,115301
'18MF3',6703,51142,120801
'18MF3',6703,51142,122301
'18MF3',6703,51142,123701
'18MF3',6703,51142,124801
'18MF3',6703,51142,125901
'18MF3',6703,51142,130901
'18MF3',6703,51142,131901
'18MF3',6703,51142,132901
'18MF3',6703,51142,133901
'18MF3',6703,51142,134901
'18MF3',6703,51142,135901
'18MF3',6703,51142,140901
'18MF3',6703,51142,141901
'18MF3',6703,51142,142901
'18MF3',6703,51142,143901
'18MF3',6703,51142,144901
'18MF3',6703,51142,145801
'18MF3',6703,51142,150701
'18MF3',6703,51142,151501
'18MF3',6703,51142,152401
'18MF3',6703,51142,153401
'18MF3',6703,51142,154401
'18MF3',6703,51142,155101
'18MF3',6703,51142,155801
'18MF3',6703,51142,160501
'18MF3',6703,51142,161401
'18MF3',6703,51142,162401
'18MF3',6703,51142,163201
'18MF3',6703,51142,163901
'18MF3',6703,51142,164701
'18MF3',6703,51142,165501
'18MF3',6703,51142,170201
'18MF3',6703,51142,171001
'18MF3',6703,51142,171701
'18MF3',6703,51142,172601
'18MF3',6703,51142,173501
'18MF3',6703,51142,174301
'18MF3',6703,51142,175001
'18MF3',6703,51142,175701
'18MF3',6703,51142,180501
'18MF3',6703,51142,181401
'18MF3',6703,51142,182301
'18MF3',6703,51142,183301
'18MF3',6703,51142,184301
'18MF3',6703,51142,185301
'18MF3',6703,51142,190701
'18MF3',6703,51142,192301
'18MF3',6703,51142,193801
'18MF3',6703,51142,195201
'18MF3',6703,51142,200701
'18MF3',6703,51142,202201
'18MF3',6703,51142,203701
'18MF3',6703,51142,205201
'18MF3',6703,51142,210801
'18MF3',6703,51142,213101
'18MF3',6703,51142,215401
'18MF3',6703,51142,221601
'18MF3',6703,51142,223901
'18MF3',6703,51142,230301
'18MF3',6703,51142,232601
'18MF3',6703,51142,234601
'18MF3',6703,51142,241101
'18MF3',6703,51142,243901
'18MF3',6703,51142,250601
'18MF3',6703,51142,253401
'18MI',6703,51142,50101
'18MI',6703,51142,53001
'18MI',6703,51142,55901
'18MI',6703,51142,62701
'18MI',6703,51142,65801
'18MI',6703,51142,72801
'18MI',6703,51142,75801
'18MI',6703,51142,82901
'18MI',6703,51142,90201
'18MI',6703,51142,92901
'18MI',6703,51142,95701
'18MI',6703,51142,102301
'18MI',6703,51142,104801
'18MI',6703,51142,111301
'18MI',6703,51142,113401
'18MI',6703,51142,115501
'18MI',6703,51142,121001
'18MI',6703,51142,122501
'18MI',6703,51142,123701
'18MI',6703,51142,124801
'18MI',6703,51142,125901
'18MI',6703,51142,130901
'18MI',6703,51142,131901
'18MI',6703,51142,132901
'18MI',6703,51142,133901
'18MI',6703,51142,134901
'18MI',6703,51142,135901
'18MI',6703,51142,140901
'18MI',6703,51142,141901
'18MI',6703,51142,142901
'18MI',6703,51142,143901
'18MI',6703,51142,144901
'18MI',6703,51142,145801
'18MI',6703,51142,150701
'18MI',6703,51142,151501
'18MI',6703,51142,152401
'18MI',6703,51142,153401
'18MI',6703,51142,154401
'18MI',6703,51142,155101
'18MI',6703,51142,155801
'18MI',6703,51142,160501
'18MI',6703,51142,161401
'18MI',6703,51142,162401
'18MI',6703,51142,163201
'18MI',6703,51142,163901
'18MI',6703,51142,164701
'18MI',6703,51142,165501
'18MI',6703,51142,170201
'18MI',6703,51142,171001
'18MI',6703,51142,171701
'18MI',6703,51142,172601
'18MI',6703,51142,173501
'18MI',6703,51142,174301
'18MI',6703,51142,175001
'18MI',6703,51142,175701
'18MI',6703,51142,180501
'18MI',6703,51142,181401
'18MI',6703,51142,182301
'18MI',6703,51142,183301
'18MI',6703,51142,184201
'18MI',6703,51142,185201
'18MI',6703,51142,190701
'18MI',6703,51142,192301
'18MI',6703,51142,193801
'18MI',6703,51142,195201
'18MI',6703,51142,200701
'18MI',6703,51142,202201
'18MI',6703,51142,203701
'18MI',6703,51142,205201
'18MI',6703,51142,210801
'18MI',6703,51142,213101
'18MI',6703,51142,215301
'18MI',6703,51142,221501
'18MI',6703,51142,223901
'18MI',6703,51142,230301
'18MI',6703,51142,232501
'18MI',6703,51142,234601
'18MI',6703,51142,241101
'18MI',6703,51142,243901
'18MI',6703,51142,250601
'18MI',6703,51142,253401
'18MS',6703,51142,53401
'18MS',6703,51142,60301
'18MS',6703,51142,61801
'18MS',6703,51142,63317
'18MS',6703,51142,64517
'18MS',6703,51142,65517
'18MS',6703,51142,70417
'18MS',6703,51142,71517
'18MS',6703,51142,72617
'18MS',6703,51142,73617
'18MS',6703,51142,74217
'18MS',6703,51142,74817
'18MS',6703,51142,75517
'18MS',6703,51142,80217
'18MS',6703,51142,80817
'18MS',6703,51142,81517
'18MS',6703,51142,82417
'18MS',6703,51142,83117
'18MS',6703,51142,83917
'18MS',6703,51142,84917
'18MS',6703,51142,85917
'18MS',6703,51142,90701
'18MS',6703,51142,91601
'18MS',6703,51142,92601
'18MS',6703,51142,93601
'18MS',6703,51142,94601
'18MS',6703,51142,95601
'18MS',6703,51142,100501
'18MS',6703,51142,101501
'18MS',6703,51142,102501
'18MS',6703,51142,103501
'18MS',6703,51142,104501
'18MS',6703,51142,105501
'18MS',6703,51142,110501
'18MS',6703,51142,111501
'18MS',6703,51142,112501
'18MS',6703,51142,113501
'18MS',6703,51142,114501
'18MS',6703,51142,115501
'18MS',6703,51142,120501
'18MS',6703,51142,121501
'18MS',6703,51142,122501
'18MS',6703,51142,123501
'18MS',6703,51142,124501
'18MS',6703,51142,125401
'18MS',6703,51142,130401
'18MS',6703,51142,131401
'18MS',6703,51142,132401
'18MS',6703,51142,133401
'18MS',6703,51142,134401
'18MS',6703,51142,135401
'18MS',6703,51142,140401
'18MS',6703,51142,141401
'18MS',6703,51142,142401
'18MS',6703,51142,143401
'18MS',6703,51142,144301
'18MS',6703,51142,145301
'18MS',6703,51142,150301
'18MS',6703,51142,151301
'18MS',6703,51142,152301
'18MS',6703,51142,153317
'18MS',6703,51142,154417
'18MS',6703,51142,155517
'18MS',6703,51142,160517
'18MS',6703,51142,161517
'18MS',6703,51142,162517
'18MS',6703,51142,163517
'18MS',6703,51142,164517
'18MS',6703,51142,165417
'18MS',6703,51142,170417
'18MS',6703,51142,171417
'18MS',6703,51142,172417
'18MS',6703,51142,173417
'18MS',6703,51142,174417
'18MS',6703,51142,175417
'18MS',6703,51142,180417
'18MS',6703,51142,181417
'18MS',6703,51142,182301
'18MS',6703,51142,182801
'18MS',6703,51142,183601
'18MS',6703,51142,184601
'18MS',6703,51142,185601
'18MS',6703,51142,190601
'18MS',6703,51142,191601
'18MS',6703,51142,192601
'18MS',6703,51142,193601
'18MS',6703,51142,194601
'18MS',6703,51142,195601
'18MS',6703,51142,200601
'18MS',6703,51142,201501
'18MS',6703,51142,202401
'18MS',6703,51142,203201
'18MS',6703,51142,204101
'18MS',6703,51142,205101
'18MS',6703,51142,210101
'18MS',6703,51142,211101
'18MS',6703,51142,212101
'18MS',6703,51142,213101
'18MS',6703,51142,214101
'18MS',6703,51142,215101
'18MS',6703,51142,215901
'18MS',6703,51142,220601
'18MS',6703,51142,221301
'18MS',6703,51142,222001
'18MS',6703,51142,222801
'18MS',6703,51142,223601
'18MS',6703,51142,224301
'18MS',6703,51142,225401
'18MS',6703,51142,231001
'18MS',6703,51142,232701
'18MS',6703,51142,234401
'18MS',6703,51142,241001
'18MS',6703,51142,244001
'18MS',6703,51142,250801
'18MS',6703,51142,253501
'18MA',35703,51142,265114
'18MA',35703,51142,273614
'18MA',35703,51142,282014
'18MF1',35703,51142,260419
'18MF1',35703,51142,264919
'18MF1',35703,51142,273419
'18MF1',35703,51142,281919
'18MF2',35703,51142,260419
'18MF2',35703,51142,264919
'18MF2',35703,51142,273419
'18MF2',35703,51142,281919
'18MF3',35703,51142,260419
'18MF3',35703,51142,264919
'18MF3',35703,51142,273419
'18MF3',35703,51142,281919
'18MI',35703,51142,260419
'18MI',35703,51142,264919
'18MI',35703,51142,273419
'18MI',35703,51142,281919
'18MS',35703,51142,260351
'18MS',35703,51142,264851
'18MS',35703,51142,273351
'18MS',35703,51142,281851
