'15NA',14102,54995,50220
'15NA',14102,54995,54020
'15NA',14102,54995,61020
'15NA',14102,54995,63720
'15NA',14102,54995,65520
'15NA',14102,54995,71120
'15NA',14102,54995,72120
'15NA',14102,54995,73146
'15NA',14102,54995,74246
'15NA',14102,54995,75346
'15NA',14102,54995,80246
'15NA',14102,54995,81046
'15NA',14102,54995,81746
'15NA',14102,54995,82546
'15NA',14102,54995,83246
'15NA',14102,54995,84046
'15NA',14102,54995,84846
'15NA',14102,54995,85646
'15NA',14102,54995,90446
'15NA',14102,54995,91246
'15NA',14102,54995,92046
'15NA',14102,54995,92759
'15NA',14102,54995,93559
'15NA',14102,54995,94359
'15NA',14102,54995,95159
'15NA',14102,54995,95859
'15NA',14102,54995,100659
'15NA',14102,54995,101359
'15NA',14102,54995,102159
'15NA',14102,54995,102859
'15NA',14102,54995,103559
'15NA',14102,54995,104259
'15NA',14102,54995,104959
'15NA',14102,54995,105559
'15NA',14102,54995,110359
'15NA',14102,54995,111059
'15NA',14102,54995,111659
'15NA',14102,54995,112259
'15NA',14102,54995,112911
'15NA',14102,54995,113411
'15NA',14102,54995,113911
'15NA',14102,54995,114411
'15NA',14102,54995,115011
'15NA',14102,54995,115511
'15NA',14102,54995,120011
'15NA',14102,54995,120511
'15NA',14102,54995,121011
'15NA',14102,54995,121511
'15NA',14102,54995,122011
'15NA',14102,54995,122511
'15NA',14102,54995,123011
'15NA',14102,54995,123511
'15NA',14102,54995,124011
'15NA',14102,54995,124511
'15NA',14102,54995,125011
'15NA',14102,54995,125511
'15NA',14102,54995,130011
'15NA',14102,54995,130511
'15NA',14102,54995,131011
'15NA',14102,54995,131511
'15NA',14102,54995,131911
'15NA',14102,54995,132311
'15NA',14102,54995,132711
'15NA',14102,54995,133111
'15NA',14102,54995,133511
'15NA',14102,54995,133911
'15NA',14102,54995,134311
'15NA',14102,54995,134711
'15NA',14102,54995,135111
'15NA',14102,54995,135511
'15NA',14102,54995,135911
'15NA',14102,54995,140411
'15NA',14102,54995,140811
'15NA',14102,54995,141311
'15NA',14102,54995,141711
'15NA',14102,54995,142211
'15NA',14102,54995,142611
'15NA',14102,54995,143011
'15NA',14102,54995,143411
'15NA',14102,54995,143911
'15NA',14102,54995,144311
'15NA',14102,54995,144711
'15NA',14102,54995,145211
'15NA',14102,54995,145611
'15NA',14102,54995,150011
'15NA',14102,54995,150511
'15NA',14102,54995,151011
'15NA',14102,54995,151411
'15NA',14102,54995,151811
'15NA',14102,54995,152211
'15NA',14102,54995,152611
'15NA',14102,54995,153011
'15NA',14102,54995,153411
'15NA',14102,54995,153811
'15NA',14102,54995,154211
'15NA',14102,54995,154611
'15NA',14102,54995,154911
'15NA',14102,54995,155211
'15NA',14102,54995,155611
'15NA',14102,54995,160011
'15NA',14102,54995,160311
'15NA',14102,54995,160711
'15NA',14102,54995,161111
'15NA',14102,54995,161411
'15NA',14102,54995,161811
'15NA',14102,54995,162211
'15NA',14102,54995,162611
'15NA',14102,54995,163011
'15NA',14102,54995,163311
'15NA',14102,54995,163711
'15NA',14102,54995,164111
'15NA',14102,54995,164511
'15NA',14102,54995,164911
'15NA',14102,54995,165311
'15NA',14102,54995,165711
'15NA',14102,54995,170111
'15NA',14102,54995,170511
'15NA',14102,54995,170911
'15NA',14102,54995,171311
'15NA',14102,54995,171711
'15NA',14102,54995,172011
'15NA',14102,54995,172359
'15NA',14102,54995,172759
'15NA',14102,54995,173046
'15NA',14102,54995,173446
'15NA',14102,54995,173746
'15NA',14102,54995,174246
'15NA',14102,54995,174846
'15NA',14102,54995,175446
'15NA',14102,54995,180046
'15NA',14102,54995,180646
'15NA',14102,54995,181246
'15NA',14102,54995,181946
'15NA',14102,54995,182633
'15NA',14102,54995,183333
'15NA',14102,54995,183933
'15NA',14102,54995,184733
'15NA',14102,54995,185633
'15NA',14102,54995,190533
'15NA',14102,54995,191533
'15NA',14102,54995,192533
'15NA',14102,54995,193733
'15NA',14102,54995,194933
'15NA',14102,54995,200133
'15NA',14102,54995,201333
'15NA',14102,54995,202633
'15NA',14102,54995,204033
'15NA',14102,54995,205533
'15NA',14102,54995,211033
'15NA',14102,54995,212520
'15NA',14102,54995,214407
'15NA',14102,54995,220307
'15NA',14102,54995,222307
'15NA',14102,54995,224807
'15NA',14102,54995,231607
'15NA',14102,54995,234242
'15NA',14102,54995,241042
'15NA',14102,54995,243942
'15NA',14102,54995,250742
'15NA',14102,54995,253742
'15NA',14102,54995,260642
'15NF1',14102,54995,50107
'15NF1',14102,54995,53807
'15NF1',14102,54995,61407
'15NF1',14102,54995,65133
'15NF1',14102,54995,72333
'15NF1',14102,54995,74833
'15NF1',14102,54995,80333
'15NF1',14102,54995,81833
'15NF1',14102,54995,83246
'15NF1',14102,54995,84746
'15NF1',14102,54995,85946
'15NF1',14102,54995,91046
'15NF1',14102,54995,91946
'15NF1',14102,54995,92746
'15NF1',14102,54995,93446
'15NF1',14102,54995,94246
'15NF1',14102,54995,94946
'15NF1',14102,54995,95746
'15NF1',14102,54995,100446
'15NF1',14102,54995,101246
'15NF1',14102,54995,102046
'15NF1',14102,54995,102746
'15NF1',14102,54995,103546
'15NF1',14102,54995,104346
'15NF1',14102,54995,105046
'15NF1',14102,54995,105846
'15NF1',14102,54995,110646
'15NF1',14102,54995,111446
'15NF1',14102,54995,112146
'15NF1',14102,54995,112946
'15NF1',14102,54995,113646
'15NF1',14102,54995,114346
'15NF1',14102,54995,115046
'15NF1',14102,54995,115746
'15NF1',14102,54995,120446
'15NF1',14102,54995,121046
'15NF1',14102,54995,121646
'15NF1',14102,54995,122246
'15NF1',14102,54995,122846
'15NF1',14102,54995,123446
'15NF1',14102,54995,124046
'15NF1',14102,54995,124646
'15NF1',14102,54995,125246
'15NF1',14102,54995,125746
'15NF1',14102,54995,130346
'15NF1',14102,54995,130946
'15NF1',14102,54995,131446
'15NF1',14102,54995,131946
'15NF1',14102,54995,132446
'15NF1',14102,54995,132946
'15NF1',14102,54995,133446
'15NF1',14102,54995,133946
'15NF1',14102,54995,134446
'15NF1',14102,54995,134946
'15NF1',14102,54995,135446
'15NF1',14102,54995,135946
'15NF1',14102,54995,140446
'15NF1',14102,54995,140946
'15NF1',14102,54995,141446
'15NF1',14102,54995,141946
'15NF1',14102,54995,142446
'15NF1',14102,54995,142946
'15NF1',14102,54995,143446
'15NF1',14102,54995,143946
'15NF1',14102,54995,144446
'15NF1',14102,54995,144946
'15NF1',14102,54995,145446
'15NF1',14102,54995,145946
'15NF1',14102,54995,150346
'15NF1',14102,54995,150946
'15NF1',14102,54995,151446
'15NF1',14102,54995,151946
'15NF1',14102,54995,152446
'15NF1',14102,54995,152946
'15NF1',14102,54995,153446
'15NF1',14102,54995,153846
'15NF1',14102,54995,154246
'15NF1',14102,54995,154646
'15NF1',14102,54995,155046
'15NF1',14102,54995,155546
'15NF1',14102,54995,160046
'15NF1',14102,54995,160546
'15NF1',14102,54995,161146
'15NF1',14102,54995,161746
'15NF1',14102,54995,162346
'15NF1',14102,54995,162946
'15NF1',14102,54995,163446
'15NF1',14102,54995,164046
'15NF1',14102,54995,164546
'15NF1',14102,54995,164946
'15NF1',14102,54995,165346
'15NF1',14102,54995,165746
'15NF1',14102,54995,170046
'15NF1',14102,54995,170446
'15NF1',14102,54995,170846
'15NF1',14102,54995,171346
'15NF1',14102,54995,171746
'15NF1',14102,54995,172146
'15NF1',14102,54995,172546
'15NF1',14102,54995,172933
'15NF1',14102,54995,173433
'15NF1',14102,54995,173933
'15NF1',14102,54995,174633
'15NF1',14102,54995,175233
'15NF1',14102,54995,180033
'15NF1',14102,54995,180933
'15NF1',14102,54995,181733
'15NF1',14102,54995,182533
'15NF1',14102,54995,183333
'15NF1',14102,54995,184333
'15NF1',14102,54995,185333
'15NF1',14102,54995,190333
'15NF1',14102,54995,191333
'15NF1',14102,54995,192820
'15NF1',14102,54995,194220
'15NF1',14102,54995,195720
'15NF1',14102,54995,201220
'15NF1',14102,54995,202720
'15NF1',14102,54995,204220
'15NF1',14102,54995,205720
'15NF1',14102,54995,211220
'15NF1',14102,54995,212820
'15NF1',14102,54995,214820
'15NF1',14102,54995,220920
'15NF1',14102,54995,223555
'15NF1',14102,54995,230755
'15NF1',14102,54995,233755
'15NF1',14102,54995,240755
'15NF1',14102,54995,243755
'15NF1',14102,54995,250655
'15NF1',14102,54995,253755
'15NF2',14102,54995,50220
'15NF2',14102,54995,54020
'15NF2',14102,54995,61020
'15NF2',14102,54995,63720
'15NF2',14102,54995,65520
'15NF2',14102,54995,71120
'15NF2',14102,54995,72120
'15NF2',14102,54995,73146
'15NF2',14102,54995,74246
'15NF2',14102,54995,75346
'15NF2',14102,54995,80246
'15NF2',14102,54995,81046
'15NF2',14102,54995,81746
'15NF2',14102,54995,82546
'15NF2',14102,54995,83246
'15NF2',14102,54995,84046
'15NF2',14102,54995,84846
'15NF2',14102,54995,85646
'15NF2',14102,54995,90446
'15NF2',14102,54995,91246
'15NF2',14102,54995,92046
'15NF2',14102,54995,92759
'15NF2',14102,54995,93559
'15NF2',14102,54995,94359
'15NF2',14102,54995,95159
'15NF2',14102,54995,95859
'15NF2',14102,54995,100659
'15NF2',14102,54995,101359
'15NF2',14102,54995,102159
'15NF2',14102,54995,102859
'15NF2',14102,54995,103459
'15NF2',14102,54995,104059
'15NF2',14102,54995,104659
'15NF2',14102,54995,105259
'15NF2',14102,54995,105859
'15NF2',14102,54995,110459
'15NF2',14102,54995,111059
'15NF2',14102,54995,111659
'15NF2',14102,54995,112259
'15NF2',14102,54995,112911
'15NF2',14102,54995,113411
'15NF2',14102,54995,113911
'15NF2',14102,54995,114411
'15NF2',14102,54995,115011
'15NF2',14102,54995,115511
'15NF2',14102,54995,120011
'15NF2',14102,54995,120511
'15NF2',14102,54995,121011
'15NF2',14102,54995,121511
'15NF2',14102,54995,122011
'15NF2',14102,54995,122511
'15NF2',14102,54995,123011
'15NF2',14102,54995,123511
'15NF2',14102,54995,124011
'15NF2',14102,54995,124511
'15NF2',14102,54995,125011
'15NF2',14102,54995,125511
'15NF2',14102,54995,130011
'15NF2',14102,54995,130511
'15NF2',14102,54995,131011
'15NF2',14102,54995,131511
'15NF2',14102,54995,131911
'15NF2',14102,54995,132311
'15NF2',14102,54995,132711
'15NF2',14102,54995,133111
'15NF2',14102,54995,133511
'15NF2',14102,54995,133911
'15NF2',14102,54995,134311
'15NF2',14102,54995,134711
'15NF2',14102,54995,135111
'15NF2',14102,54995,135511
'15NF2',14102,54995,135911
'15NF2',14102,54995,140411
'15NF2',14102,54995,140811
'15NF2',14102,54995,141311
'15NF2',14102,54995,141711
'15NF2',14102,54995,142211
'15NF2',14102,54995,142611
'15NF2',14102,54995,143011
'15NF2',14102,54995,143411
'15NF2',14102,54995,143911
'15NF2',14102,54995,144311
'15NF2',14102,54995,144711
'15NF2',14102,54995,145211
'15NF2',14102,54995,145611
'15NF2',14102,54995,150011
'15NF2',14102,54995,150511
'15NF2',14102,54995,151011
'15NF2',14102,54995,151411
'15NF2',14102,54995,151811
'15NF2',14102,54995,152211
'15NF2',14102,54995,152611
'15NF2',14102,54995,153011
'15NF2',14102,54995,153411
'15NF2',14102,54995,153811
'15NF2',14102,54995,154211
'15NF2',14102,54995,154611
'15NF2',14102,54995,154911
'15NF2',14102,54995,155211
'15NF2',14102,54995,155611
'15NF2',14102,54995,160011
'15NF2',14102,54995,160311
'15NF2',14102,54995,160711
'15NF2',14102,54995,161111
'15NF2',14102,54995,161411
'15NF2',14102,54995,161811
'15NF2',14102,54995,162211
'15NF2',14102,54995,162611
'15NF2',14102,54995,163011
'15NF2',14102,54995,163311
'15NF2',14102,54995,163711
'15NF2',14102,54995,164111
'15NF2',14102,54995,164511
'15NF2',14102,54995,164911
'15NF2',14102,54995,165311
'15NF2',14102,54995,165711
'15NF2',14102,54995,170111
'15NF2',14102,54995,170511
'15NF2',14102,54995,170911
'15NF2',14102,54995,171311
'15NF2',14102,54995,171711
'15NF2',14102,54995,172011
'15NF2',14102,54995,172359
'15NF2',14102,54995,172759
'15NF2',14102,54995,173046
'15NF2',14102,54995,173446
'15NF2',14102,54995,173746
'15NF2',14102,54995,174246
'15NF2',14102,54995,174846
'15NF2',14102,54995,175446
'15NF2',14102,54995,180046
'15NF2',14102,54995,180646
'15NF2',14102,54995,181246
'15NF2',14102,54995,181946
'15NF2',14102,54995,182633
'15NF2',14102,54995,183333
'15NF2',14102,54995,183933
'15NF2',14102,54995,184733
'15NF2',14102,54995,185533
'15NF2',14102,54995,190333
'15NF2',14102,54995,191133
'15NF2',14102,54995,191933
'15NF2',14102,54995,192733
'15NF2',14102,54995,193533
'15NF2',14102,54995,194333
'15NF2',14102,54995,195133
'15NF2',14102,54995,195933
'15NF2',14102,54995,200733
'15NF2',14102,54995,201633
'15NF2',14102,54995,202633
'15NF2',14102,54995,203633
'15NF2',14102,54995,204633
'15NF2',14102,54995,205633
'15NF2',14102,54995,210633
'15NF2',14102,54995,211633
'15NF2',14102,54995,212620
'15NF2',14102,54995,213607
'15NF2',14102,54995,214807
'15NF2',14102,54995,220307
'15NF2',14102,54995,222307
'15NF2',14102,54995,224807
'15NF2',14102,54995,231607
'15NF2',14102,54995,234242
'15NF2',14102,54995,241042
'15NF2',14102,54995,243942
'15NF2',14102,54995,250742
'15NF2',14102,54995,253642
'15NF2',14102,54995,260642
'15NF3',14102,54995,50107
'15NF3',14102,54995,53807
'15NF3',14102,54995,61407
'15NF3',14102,54995,65133
'15NF3',14102,54995,72333
'15NF3',14102,54995,74833
'15NF3',14102,54995,80333
'15NF3',14102,54995,81833
'15NF3',14102,54995,83246
'15NF3',14102,54995,84746
'15NF3',14102,54995,85946
'15NF3',14102,54995,91046
'15NF3',14102,54995,91946
'15NF3',14102,54995,92746
'15NF3',14102,54995,93446
'15NF3',14102,54995,94246
'15NF3',14102,54995,94946
'15NF3',14102,54995,95746
'15NF3',14102,54995,100446
'15NF3',14102,54995,101246
'15NF3',14102,54995,102046
'15NF3',14102,54995,102746
'15NF3',14102,54995,103546
'15NF3',14102,54995,104346
'15NF3',14102,54995,105046
'15NF3',14102,54995,105846
'15NF3',14102,54995,110646
'15NF3',14102,54995,111446
'15NF3',14102,54995,112146
'15NF3',14102,54995,112946
'15NF3',14102,54995,113646
'15NF3',14102,54995,114346
'15NF3',14102,54995,115046
'15NF3',14102,54995,115746
'15NF3',14102,54995,120446
'15NF3',14102,54995,121046
'15NF3',14102,54995,121646
'15NF3',14102,54995,122246
'15NF3',14102,54995,122846
'15NF3',14102,54995,123446
'15NF3',14102,54995,124046
'15NF3',14102,54995,124646
'15NF3',14102,54995,125246
'15NF3',14102,54995,125746
'15NF3',14102,54995,130346
'15NF3',14102,54995,130946
'15NF3',14102,54995,131446
'15NF3',14102,54995,131946
'15NF3',14102,54995,132446
'15NF3',14102,54995,132946
'15NF3',14102,54995,133446
'15NF3',14102,54995,133946
'15NF3',14102,54995,134446
'15NF3',14102,54995,134946
'15NF3',14102,54995,135446
'15NF3',14102,54995,135946
'15NF3',14102,54995,140446
'15NF3',14102,54995,140946
'15NF3',14102,54995,141446
'15NF3',14102,54995,141946
'15NF3',14102,54995,142446
'15NF3',14102,54995,142946
'15NF3',14102,54995,143446
'15NF3',14102,54995,143946
'15NF3',14102,54995,144446
'15NF3',14102,54995,144946
'15NF3',14102,54995,145446
'15NF3',14102,54995,145946
'15NF3',14102,54995,150346
'15NF3',14102,54995,150946
'15NF3',14102,54995,151446
'15NF3',14102,54995,151946
'15NF3',14102,54995,152446
'15NF3',14102,54995,152946
'15NF3',14102,54995,153446
'15NF3',14102,54995,153846
'15NF3',14102,54995,154246
'15NF3',14102,54995,154646
'15NF3',14102,54995,155046
'15NF3',14102,54995,155546
'15NF3',14102,54995,160046
'15NF3',14102,54995,160546
'15NF3',14102,54995,161146
'15NF3',14102,54995,161746
'15NF3',14102,54995,162346
'15NF3',14102,54995,162946
'15NF3',14102,54995,163446
'15NF3',14102,54995,164046
'15NF3',14102,54995,164546
'15NF3',14102,54995,164946
'15NF3',14102,54995,165346
'15NF3',14102,54995,165746
'15NF3',14102,54995,170046
'15NF3',14102,54995,170446
'15NF3',14102,54995,170846
'15NF3',14102,54995,171346
'15NF3',14102,54995,171746
'15NF3',14102,54995,172146
'15NF3',14102,54995,172546
'15NF3',14102,54995,172933
'15NF3',14102,54995,173433
'15NF3',14102,54995,173933
'15NF3',14102,54995,174633
'15NF3',14102,54995,175233
'15NF3',14102,54995,180033
'15NF3',14102,54995,180933
'15NF3',14102,54995,181733
'15NF3',14102,54995,182533
'15NF3',14102,54995,183333
'15NF3',14102,54995,184333
'15NF3',14102,54995,185333
'15NF3',14102,54995,190333
'15NF3',14102,54995,191333
'15NF3',14102,54995,192820
'15NF3',14102,54995,194220
'15NF3',14102,54995,195720
'15NF3',14102,54995,201220
'15NF3',14102,54995,202720
'15NF3',14102,54995,204220
'15NF3',14102,54995,205720
'15NF3',14102,54995,211220
'15NF3',14102,54995,212820
'15NF3',14102,54995,214820
'15NF3',14102,54995,220920
'15NF3',14102,54995,223555
'15NF3',14102,54995,230755
'15NF3',14102,54995,233755
'15NF3',14102,54995,240755
'15NF3',14102,54995,243755
'15NF3',14102,54995,250655
'15NF3',14102,54995,253755
'15NF4',14102,54995,50220
'15NF4',14102,54995,54020
'15NF4',14102,54995,61020
'15NF4',14102,54995,63720
'15NF4',14102,54995,65520
'15NF4',14102,54995,71120
'15NF4',14102,54995,72120
'15NF4',14102,54995,73146
'15NF4',14102,54995,74246
'15NF4',14102,54995,75346
'15NF4',14102,54995,80246
'15NF4',14102,54995,81046
'15NF4',14102,54995,81746
'15NF4',14102,54995,82546
'15NF4',14102,54995,83246
'15NF4',14102,54995,84046
'15NF4',14102,54995,84846
'15NF4',14102,54995,85646
'15NF4',14102,54995,90446
'15NF4',14102,54995,91246
'15NF4',14102,54995,92046
'15NF4',14102,54995,92759
'15NF4',14102,54995,93559
'15NF4',14102,54995,94359
'15NF4',14102,54995,95159
'15NF4',14102,54995,95859
'15NF4',14102,54995,100659
'15NF4',14102,54995,101359
'15NF4',14102,54995,102159
'15NF4',14102,54995,102859
'15NF4',14102,54995,103559
'15NF4',14102,54995,104259
'15NF4',14102,54995,104959
'15NF4',14102,54995,105559
'15NF4',14102,54995,110359
'15NF4',14102,54995,111059
'15NF4',14102,54995,111659
'15NF4',14102,54995,112259
'15NF4',14102,54995,112911
'15NF4',14102,54995,113411
'15NF4',14102,54995,113911
'15NF4',14102,54995,114411
'15NF4',14102,54995,115011
'15NF4',14102,54995,115511
'15NF4',14102,54995,120011
'15NF4',14102,54995,120511
'15NF4',14102,54995,121011
'15NF4',14102,54995,121511
'15NF4',14102,54995,122011
'15NF4',14102,54995,122511
'15NF4',14102,54995,123011
'15NF4',14102,54995,123511
'15NF4',14102,54995,124011
'15NF4',14102,54995,124511
'15NF4',14102,54995,125011
'15NF4',14102,54995,125511
'15NF4',14102,54995,130011
'15NF4',14102,54995,130511
'15NF4',14102,54995,131011
'15NF4',14102,54995,131511
'15NF4',14102,54995,131911
'15NF4',14102,54995,132311
'15NF4',14102,54995,132711
'15NF4',14102,54995,133111
'15NF4',14102,54995,133511
'15NF4',14102,54995,133911
'15NF4',14102,54995,134311
'15NF4',14102,54995,134711
'15NF4',14102,54995,135111
'15NF4',14102,54995,135511
'15NF4',14102,54995,135911
'15NF4',14102,54995,140411
'15NF4',14102,54995,140811
'15NF4',14102,54995,141311
'15NF4',14102,54995,141711
'15NF4',14102,54995,142211
'15NF4',14102,54995,142611
'15NF4',14102,54995,143011
'15NF4',14102,54995,143411
'15NF4',14102,54995,143911
'15NF4',14102,54995,144311
'15NF4',14102,54995,144711
'15NF4',14102,54995,145211
'15NF4',14102,54995,145611
'15NF4',14102,54995,150011
'15NF4',14102,54995,150511
'15NF4',14102,54995,151011
'15NF4',14102,54995,151411
'15NF4',14102,54995,151811
'15NF4',14102,54995,152211
'15NF4',14102,54995,152611
'15NF4',14102,54995,153011
'15NF4',14102,54995,153411
'15NF4',14102,54995,153811
'15NF4',14102,54995,154211
'15NF4',14102,54995,154611
'15NF4',14102,54995,154911
'15NF4',14102,54995,155211
'15NF4',14102,54995,155611
'15NF4',14102,54995,160011
'15NF4',14102,54995,160311
'15NF4',14102,54995,160711
'15NF4',14102,54995,161111
'15NF4',14102,54995,161411
'15NF4',14102,54995,161811
'15NF4',14102,54995,162211
'15NF4',14102,54995,162611
'15NF4',14102,54995,163011
'15NF4',14102,54995,163311
'15NF4',14102,54995,163711
'15NF4',14102,54995,164111
'15NF4',14102,54995,164511
'15NF4',14102,54995,164911
'15NF4',14102,54995,165311
'15NF4',14102,54995,165711
'15NF4',14102,54995,170111
'15NF4',14102,54995,170511
'15NF4',14102,54995,170911
'15NF4',14102,54995,171311
'15NF4',14102,54995,171711
'15NF4',14102,54995,172011
'15NF4',14102,54995,172359
'15NF4',14102,54995,172759
'15NF4',14102,54995,173046
'15NF4',14102,54995,173446
'15NF4',14102,54995,173746
'15NF4',14102,54995,174246
'15NF4',14102,54995,174846
'15NF4',14102,54995,175446
'15NF4',14102,54995,180046
'15NF4',14102,54995,180646
'15NF4',14102,54995,181246
'15NF4',14102,54995,181946
'15NF4',14102,54995,182633
'15NF4',14102,54995,183333
'15NF4',14102,54995,183933
'15NF4',14102,54995,184733
'15NF4',14102,54995,185633
'15NF4',14102,54995,190533
'15NF4',14102,54995,191533
'15NF4',14102,54995,192533
'15NF4',14102,54995,193733
'15NF4',14102,54995,194933
'15NF4',14102,54995,200133
'15NF4',14102,54995,201333
'15NF4',14102,54995,202633
'15NF4',14102,54995,204033
'15NF4',14102,54995,205533
'15NF4',14102,54995,211033
'15NF4',14102,54995,212520
'15NF4',14102,54995,214407
'15NF4',14102,54995,220307
'15NF4',14102,54995,222307
'15NF4',14102,54995,224807
'15NF4',14102,54995,231607
'15NF4',14102,54995,234242
'15NF4',14102,54995,241042
'15NF4',14102,54995,243942
'15NF4',14102,54995,250742
'15NF4',14102,54995,253642
'15NF4',14102,54995,260642
'15NI',14102,54995,50107
'15NI',14102,54995,53807
'15NI',14102,54995,61407
'15NI',14102,54995,65133
'15NI',14102,54995,72333
'15NI',14102,54995,74833
'15NI',14102,54995,80333
'15NI',14102,54995,81833
'15NI',14102,54995,83246
'15NI',14102,54995,84746
'15NI',14102,54995,85946
'15NI',14102,54995,91046
'15NI',14102,54995,91946
'15NI',14102,54995,92746
'15NI',14102,54995,93446
'15NI',14102,54995,94246
'15NI',14102,54995,94946
'15NI',14102,54995,95746
'15NI',14102,54995,100446
'15NI',14102,54995,101246
'15NI',14102,54995,102046
'15NI',14102,54995,102746
'15NI',14102,54995,103546
'15NI',14102,54995,104346
'15NI',14102,54995,105046
'15NI',14102,54995,105846
'15NI',14102,54995,110646
'15NI',14102,54995,111446
'15NI',14102,54995,112146
'15NI',14102,54995,112946
'15NI',14102,54995,113646
'15NI',14102,54995,114346
'15NI',14102,54995,115046
'15NI',14102,54995,115746
'15NI',14102,54995,120446
'15NI',14102,54995,121046
'15NI',14102,54995,121646
'15NI',14102,54995,122246
'15NI',14102,54995,122846
'15NI',14102,54995,123446
'15NI',14102,54995,124046
'15NI',14102,54995,124646
'15NI',14102,54995,125246
'15NI',14102,54995,125746
'15NI',14102,54995,130346
'15NI',14102,54995,130946
'15NI',14102,54995,131446
'15NI',14102,54995,131946
'15NI',14102,54995,132446
'15NI',14102,54995,132946
'15NI',14102,54995,133446
'15NI',14102,54995,133946
'15NI',14102,54995,134446
'15NI',14102,54995,134946
'15NI',14102,54995,135446
'15NI',14102,54995,135946
'15NI',14102,54995,140446
'15NI',14102,54995,140946
'15NI',14102,54995,141446
'15NI',14102,54995,141946
'15NI',14102,54995,142446
'15NI',14102,54995,142946
'15NI',14102,54995,143446
'15NI',14102,54995,143946
'15NI',14102,54995,144446
'15NI',14102,54995,144946
'15NI',14102,54995,145446
'15NI',14102,54995,145946
'15NI',14102,54995,150346
'15NI',14102,54995,150946
'15NI',14102,54995,151446
'15NI',14102,54995,151946
'15NI',14102,54995,152446
'15NI',14102,54995,152946
'15NI',14102,54995,153446
'15NI',14102,54995,153846
'15NI',14102,54995,154246
'15NI',14102,54995,154646
'15NI',14102,54995,155046
'15NI',14102,54995,155546
'15NI',14102,54995,160046
'15NI',14102,54995,160546
'15NI',14102,54995,161146
'15NI',14102,54995,161746
'15NI',14102,54995,162346
'15NI',14102,54995,162946
'15NI',14102,54995,163446
'15NI',14102,54995,164046
'15NI',14102,54995,164546
'15NI',14102,54995,164946
'15NI',14102,54995,165346
'15NI',14102,54995,165746
'15NI',14102,54995,170046
'15NI',14102,54995,170446
'15NI',14102,54995,170846
'15NI',14102,54995,171346
'15NI',14102,54995,171746
'15NI',14102,54995,172146
'15NI',14102,54995,172546
'15NI',14102,54995,172933
'15NI',14102,54995,173433
'15NI',14102,54995,173933
'15NI',14102,54995,174633
'15NI',14102,54995,175233
'15NI',14102,54995,180033
'15NI',14102,54995,180933
'15NI',14102,54995,181733
'15NI',14102,54995,182533
'15NI',14102,54995,183333
'15NI',14102,54995,184333
'15NI',14102,54995,185333
'15NI',14102,54995,190333
'15NI',14102,54995,191333
'15NI',14102,54995,192820
'15NI',14102,54995,194220
'15NI',14102,54995,195720
'15NI',14102,54995,201220
'15NI',14102,54995,202720
'15NI',14102,54995,204220
'15NI',14102,54995,205720
'15NI',14102,54995,211220
'15NI',14102,54995,212820
'15NI',14102,54995,214820
'15NI',14102,54995,220920
'15NI',14102,54995,223555
'15NI',14102,54995,230755
'15NI',14102,54995,233755
'15NI',14102,54995,240755
'15NI',14102,54995,243755
'15NI',14102,54995,250655
'15NI',14102,54995,253755
'15NS',14102,54995,50207
'15NS',14102,54995,51407
'15NS',14102,54995,52607
'15NS',14102,54995,53707
'15NS',14102,54995,54707
'15NS',14102,54995,55720
'15NS',14102,54995,60933
'15NS',14102,54995,61933
'15NS',14102,54995,62946
'15NS',14102,54995,63546
'15NS',14102,54995,64146
'15NS',14102,54995,64846
'15NS',14102,54995,65346
'15NS',14102,54995,65859
'15NS',14102,54995,70559
'15NS',14102,54995,71159
'15NS',14102,54995,71759
'15NS',14102,54995,72259
'15NS',14102,54995,72759
'15NS',14102,54995,73059
'15NS',14102,54995,73359
'15NS',14102,54995,73659
'15NS',14102,54995,73959
'15NS',14102,54995,74546
'15NS',14102,54995,75146
'15NS',14102,54995,75446
'15NS',14102,54995,75946
'15NS',14102,54995,80446
'15NS',14102,54995,81246
'15NS',14102,54995,82246
'15NS',14102,54995,82846
'15NS',14102,54995,83746
'15NS',14102,54995,84546
'15NS',14102,54995,85446
'15NS',14102,54995,90246
'15NS',14102,54995,91146
'15NS',14102,54995,91946
'15NS',14102,54995,92846
'15NS',14102,54995,93646
'15NS',14102,54995,94346
'15NS',14102,54995,95046
'15NS',14102,54995,95759
'15NS',14102,54995,100611
'15NS',14102,54995,101411
'15NS',14102,54995,102211
'15NS',14102,54995,102911
'15NS',14102,54995,103511
'15NS',14102,54995,104111
'15NS',14102,54995,104711
'15NS',14102,54995,105311
'15NS',14102,54995,105911
'15NS',14102,54995,110511
'15NS',14102,54995,111111
'15NS',14102,54995,111711
'15NS',14102,54995,112311
'15NS',14102,54995,112911
'15NS',14102,54995,113411
'15NS',14102,54995,113911
'15NS',14102,54995,114411
'15NS',14102,54995,114911
'15NS',14102,54995,115411
'15NS',14102,54995,115911
'15NS',14102,54995,120411
'15NS',14102,54995,120911
'15NS',14102,54995,121411
'15NS',14102,54995,121911
'15NS',14102,54995,122411
'15NS',14102,54995,122911
'15NS',14102,54995,123411
'15NS',14102,54995,124011
'15NS',14102,54995,124511
'15NS',14102,54995,125111
'15NS',14102,54995,125611
'15NS',14102,54995,130211
'15NS',14102,54995,130811
'15NS',14102,54995,131411
'15NS',14102,54995,131911
'15NS',14102,54995,132411
'15NS',14102,54995,132911
'15NS',14102,54995,133511
'15NS',14102,54995,134111
'15NS',14102,54995,134611
'15NS',14102,54995,135211
'15NS',14102,54995,135724
'15NS',14102,54995,140224
'15NS',14102,54995,140724
'15NS',14102,54995,141224
'15NS',14102,54995,141724
'15NS',14102,54995,142224
'15NS',14102,54995,142724
'15NS',14102,54995,143224
'15NS',14102,54995,143724
'15NS',14102,54995,144224
'15NS',14102,54995,144724
'15NS',14102,54995,145224
'15NS',14102,54995,145824
'15NS',14102,54995,150424
'15NS',14102,54995,151124
'15NS',14102,54995,151724
'15NS',14102,54995,152424
'15NS',14102,54995,153024
'15NS',14102,54995,153624
'15NS',14102,54995,154124
'15NS',14102,54995,154524
'15NS',14102,54995,155124
'15NS',14102,54995,155624
'15NS',14102,54995,160124
'15NS',14102,54995,160624
'15NS',14102,54995,161124
'15NS',14102,54995,161624
'15NS',14102,54995,162124
'15NS',14102,54995,162624
'15NS',14102,54995,163124
'15NS',14102,54995,163624
'15NS',14102,54995,164124
'15NS',14102,54995,164624
'15NS',14102,54995,165111
'15NS',14102,54995,165559
'15NS',14102,54995,170046
'15NS',14102,54995,170446
'15NS',14102,54995,171046
'15NS',14102,54995,171646
'15NS',14102,54995,172246
'15NS',14102,54995,172846
'15NS',14102,54995,173446
'15NS',14102,54995,173946
'15NS',14102,54995,174446
'15NS',14102,54995,174946
'15NS',14102,54995,175446
'15NS',14102,54995,175946
'15NS',14102,54995,180546
'15NS',14102,54995,181146
'15NS',14102,54995,181646
'15NS',14102,54995,182246
'15NS',14102,54995,182946
'15NS',14102,54995,183646
'15NS',14102,54995,184446
'15NS',14102,54995,185246
'15NS',14102,54995,190046
'15NS',14102,54995,190846
'15NS',14102,54995,191746
'15NS',14102,54995,192446
'15NS',14102,54995,193246
'15NS',14102,54995,193946
'15NS',14102,54995,194846
'15NS',14102,54995,195646
'15NS',14102,54995,200446
'15NS',14102,54995,201246
'15NS',14102,54995,201946
'15NS',14102,54995,202846
'15NS',14102,54995,203846
'15NS',14102,54995,204846
'15NS',14102,54995,205846
'15NS',14102,54995,211133
'15NS',14102,54995,212220
'15NS',14102,54995,213420
'15NS',14102,54995,214720
'15NS',14102,54995,220220
'15NS',14102,54995,221720
'15NS',14102,54995,223220
'15NS',14102,54995,224720
'15NS',14102,54995,230220
'15NS',14102,54995,232755
'15NS',14102,54995,235142
'15NS',14102,54995,241742
'15NS',14102,54995,244442
'15NS',14102,54995,251142
'15NS',14102,54995,253842
'15NA',37202,54995,260237
'15NA',37202,54995,264837
'15NA',37202,54995,273337
'15NA',37202,54995,281837
'15NA',37202,54995,290337
'15NF1',37202,54995,260737
'15NF1',37202,54995,265237
'15NF1',37202,54995,273737
'15NF1',37202,54995,282437
'15NF1',37202,54995,291337
'15NF2',37202,54995,260237
'15NF2',37202,54995,264837
'15NF2',37202,54995,273337
'15NF2',37202,54995,281837
'15NF2',37202,54995,290337
'15NF3',37202,54995,260737
'15NF3',37202,54995,265237
'15NF3',37202,54995,273737
'15NF3',37202,54995,282437
'15NF3',37202,54995,291337
'15NF4',37202,54995,260237
'15NF4',37202,54995,264837
'15NF4',37202,54995,273337
'15NF4',37202,54995,281837
'15NF4',37202,54995,290337
'15NI',37202,54995,260737
'15NI',37202,54995,265237
'15NI',37202,54995,273737
'15NI',37202,54995,282437
'15NI',37202,54995,291337
'15NS',37202,54995,260601
'15NS',37202,54995,265101
'15NS',37202,54995,273401
'15NS',37202,54995,282301
'15NS',37202,54995,291201
