'16NA',2201,53229,53244
'16NA',2201,53229,60244
'16NA',2201,53229,63244
'16NA',2201,53229,70244
'16NA',2201,53229,73244
'16NA',2201,53229,80244
'16NA',2201,53229,83244
'16NA',2201,53229,90244
'16NA',2201,53229,93244
'16NA',2201,53229,100244
'16NA',2201,53229,103244
'16NA',2201,53229,110244
'16NA',2201,53229,113244
'16NA',2201,53229,120244
'16NA',2201,53229,123244
'16NA',2201,53229,130244
'16NA',2201,53229,133244
'16NA',2201,53229,140244
'16NA',2201,53229,143244
'16NA',2201,53229,150244
'16NA',2201,53229,153244
'16NA',2201,53229,160244
'16NA',2201,53229,163244
'16NA',2201,53229,170244
'16NA',2201,53229,173244
'16NA',2201,53229,180244
'16NA',2201,53229,183244
'16NA',2201,53229,190244
'16NA',2201,53229,200244
'16NA',2201,53229,210244
'16NA',2201,53229,220244
'16NA',2201,53229,230244
'16NA',2201,53229,240244
'16NA',2201,53229,250244
'16NA',2201,53229,260244
'16NF1',2201,53229,53244
'16NF1',2201,53229,60244
'16NF1',2201,53229,63244
'16NF1',2201,53229,70244
'16NF1',2201,53229,73244
'16NF1',2201,53229,80244
'16NF1',2201,53229,83244
'16NF1',2201,53229,90244
'16NF1',2201,53229,93244
'16NF1',2201,53229,100244
'16NF1',2201,53229,103244
'16NF1',2201,53229,110244
'16NF1',2201,53229,113244
'16NF1',2201,53229,120244
'16NF1',2201,53229,123244
'16NF1',2201,53229,130244
'16NF1',2201,53229,133244
'16NF1',2201,53229,140244
'16NF1',2201,53229,143244
'16NF1',2201,53229,150244
'16NF1',2201,53229,153244
'16NF1',2201,53229,160244
'16NF1',2201,53229,163244
'16NF1',2201,53229,170244
'16NF1',2201,53229,173244
'16NF1',2201,53229,180244
'16NF1',2201,53229,183344
'16NF1',2201,53229,190644
'16NF1',2201,53229,201344
'16NF1',2201,53229,211644
'16NF1',2201,53229,221644
'16NF1',2201,53229,231644
'16NF1',2201,53229,241644
'16NF1',2201,53229,251644
'16NF2',2201,53229,53244
'16NF2',2201,53229,60244
'16NF2',2201,53229,63244
'16NF2',2201,53229,70244
'16NF2',2201,53229,73244
'16NF2',2201,53229,80244
'16NF2',2201,53229,83244
'16NF2',2201,53229,90244
'16NF2',2201,53229,93244
'16NF2',2201,53229,100244
'16NF2',2201,53229,103244
'16NF2',2201,53229,110244
'16NF2',2201,53229,113244
'16NF2',2201,53229,120244
'16NF2',2201,53229,123244
'16NF2',2201,53229,130244
'16NF2',2201,53229,133244
'16NF2',2201,53229,140244
'16NF2',2201,53229,143244
'16NF2',2201,53229,150244
'16NF2',2201,53229,153244
'16NF2',2201,53229,160244
'16NF2',2201,53229,163244
'16NF2',2201,53229,170244
'16NF2',2201,53229,173244
'16NF2',2201,53229,180244
'16NF2',2201,53229,183244
'16NF2',2201,53229,190244
'16NF2',2201,53229,200244
'16NF2',2201,53229,210244
'16NF2',2201,53229,220244
'16NF2',2201,53229,230244
'16NF2',2201,53229,240244
'16NF2',2201,53229,251644
'16NF3',2201,53229,53244
'16NF3',2201,53229,60244
'16NF3',2201,53229,63244
'16NF3',2201,53229,70244
'16NF3',2201,53229,73244
'16NF3',2201,53229,80244
'16NF3',2201,53229,83244
'16NF3',2201,53229,90244
'16NF3',2201,53229,93244
'16NF3',2201,53229,100244
'16NF3',2201,53229,103244
'16NF3',2201,53229,110244
'16NF3',2201,53229,113244
'16NF3',2201,53229,120244
'16NF3',2201,53229,123244
'16NF3',2201,53229,130244
'16NF3',2201,53229,133244
'16NF3',2201,53229,140244
'16NF3',2201,53229,143244
'16NF3',2201,53229,150244
'16NF3',2201,53229,153244
'16NF3',2201,53229,160244
'16NF3',2201,53229,163244
'16NF3',2201,53229,170244
'16NF3',2201,53229,173244
'16NF3',2201,53229,180244
'16NF3',2201,53229,183344
'16NF3',2201,53229,190644
'16NF3',2201,53229,201344
'16NF3',2201,53229,211644
'16NF3',2201,53229,221644
'16NF3',2201,53229,231644
'16NF3',2201,53229,241644
'16NF3',2201,53229,251644
'16NF4',2201,53229,53244
'16NF4',2201,53229,60244
'16NF4',2201,53229,63244
'16NF4',2201,53229,70244
'16NF4',2201,53229,73244
'16NF4',2201,53229,80244
'16NF4',2201,53229,83244
'16NF4',2201,53229,90244
'16NF4',2201,53229,93244
'16NF4',2201,53229,100244
'16NF4',2201,53229,103244
'16NF4',2201,53229,110244
'16NF4',2201,53229,113244
'16NF4',2201,53229,120244
'16NF4',2201,53229,123244
'16NF4',2201,53229,130244
'16NF4',2201,53229,133244
'16NF4',2201,53229,140244
'16NF4',2201,53229,143244
'16NF4',2201,53229,150244
'16NF4',2201,53229,153244
'16NF4',2201,53229,160244
'16NF4',2201,53229,163244
'16NF4',2201,53229,170244
'16NF4',2201,53229,173244
'16NF4',2201,53229,180244
'16NF4',2201,53229,183244
'16NF4',2201,53229,190244
'16NF4',2201,53229,200244
'16NF4',2201,53229,210244
'16NF4',2201,53229,220244
'16NF4',2201,53229,230244
'16NF4',2201,53229,240244
'16NF4',2201,53229,251644
'16NI',2201,53229,53244
'16NI',2201,53229,60244
'16NI',2201,53229,63244
'16NI',2201,53229,70244
'16NI',2201,53229,73244
'16NI',2201,53229,80244
'16NI',2201,53229,83244
'16NI',2201,53229,90244
'16NI',2201,53229,93244
'16NI',2201,53229,100244
'16NI',2201,53229,103244
'16NI',2201,53229,110244
'16NI',2201,53229,113244
'16NI',2201,53229,120244
'16NI',2201,53229,123244
'16NI',2201,53229,130244
'16NI',2201,53229,133244
'16NI',2201,53229,140244
'16NI',2201,53229,143244
'16NI',2201,53229,150244
'16NI',2201,53229,153244
'16NI',2201,53229,160244
'16NI',2201,53229,163244
'16NI',2201,53229,170244
'16NI',2201,53229,173244
'16NI',2201,53229,180244
'16NI',2201,53229,183344
'16NI',2201,53229,190644
'16NI',2201,53229,201344
'16NI',2201,53229,211644
'16NI',2201,53229,221644
'16NI',2201,53229,231644
'16NI',2201,53229,241644
'16NI',2201,53229,251644
'16NS',2201,53229,53308
'16NS',2201,53229,60855
'16NS',2201,53229,64355
'16NS',2201,53229,71655
'16NS',2201,53229,75055
'16NS',2201,53229,82355
'16NS',2201,53229,85555
'16NS',2201,53229,92755
'16NS',2201,53229,95931
'16NS',2201,53229,103031
'16NS',2201,53229,110131
'16NS',2201,53229,113231
'16NS',2201,53229,120331
'16NS',2201,53229,123431
'16NS',2201,53229,130531
'16NS',2201,53229,133731
'16NS',2201,53229,140931
'16NS',2201,53229,144131
'16NS',2201,53229,151331
'16NS',2201,53229,154531
'16NS',2201,53229,161731
'16NS',2201,53229,165031
'16NS',2201,53229,172331
'16NS',2201,53229,175531
'16NS',2201,53229,182608
'16NS',2201,53229,185408
'16NS',2201,53229,192208
'16NS',2201,53229,195208
'16NS',2201,53229,202208
'16NS',2201,53229,210508
'16NS',2201,53229,220208
'16NS',2201,53229,225908
'16NS',2201,53229,235608
'16NS',2201,53229,244708
'16NS',2201,53229,253808
