'17UA',20401,57728,55801
'17UA',20401,57728,63801
'17UA',20401,57728,71101
'17UA',20401,57728,74301
'17UA',20401,57728,81401
'17UA',20401,57728,84401
'17UA',20401,57728,91501
'17UA',20401,57728,94601
'17UA',20401,57728,101801
'17UA',20401,57728,105101
'17UA',20401,57728,112201
'17UA',20401,57728,115538
'17UA',20401,57728,122838
'17UA',20401,57728,130038
'17UA',20401,57728,133338
'17UA',20401,57728,140738
'17UA',20401,57728,144038
'17UA',20401,57728,151138
'17UA',20401,57728,154238
'17UA',20401,57728,161338
'17UA',20401,57728,164538
'17UA',20401,57728,171738
'17UA',20401,57728,175038
'17UA',20401,57728,182238
'17UA',20401,57728,185338
'17UA',20401,57728,192438
'17UA',20401,57728,195538
'17UA',20401,57728,202538
'17UA',20401,57728,205538
'17UA',20401,57728,212501
'17UA',20401,57728,215601
'17UA',20401,57728,222701
'17UA',20401,57728,225801
'17UA',20401,57728,232801
'17UA',20401,57728,235701
'17UA',20401,57728,242601
'17UF1',20401,57728,55801
'17UF1',20401,57728,63801
'17UF1',20401,57728,71101
'17UF1',20401,57728,74301
'17UF1',20401,57728,81401
'17UF1',20401,57728,84401
'17UF1',20401,57728,91501
'17UF1',20401,57728,94601
'17UF1',20401,57728,101801
'17UF1',20401,57728,105101
'17UF1',20401,57728,112201
'17UF1',20401,57728,115538
'17UF1',20401,57728,122838
'17UF1',20401,57728,130038
'17UF1',20401,57728,133338
'17UF1',20401,57728,140738
'17UF1',20401,57728,144038
'17UF1',20401,57728,151138
'17UF1',20401,57728,154238
'17UF1',20401,57728,161338
'17UF1',20401,57728,164538
'17UF1',20401,57728,171738
'17UF1',20401,57728,175038
'17UF1',20401,57728,182238
'17UF1',20401,57728,185338
'17UF1',20401,57728,192438
'17UF1',20401,57728,195538
'17UF1',20401,57728,202538
'17UF1',20401,57728,205538
'17UF1',20401,57728,212501
'17UF1',20401,57728,215601
'17UF1',20401,57728,222701
'17UF1',20401,57728,225801
'17UF1',20401,57728,232801
'17UF1',20401,57728,235701
'17UF1',20401,57728,242601
'17UF2',20401,57728,55801
'17UF2',20401,57728,63801
'17UF2',20401,57728,71101
'17UF2',20401,57728,74301
'17UF2',20401,57728,81401
'17UF2',20401,57728,84401
'17UF2',20401,57728,91501
'17UF2',20401,57728,94601
'17UF2',20401,57728,101801
'17UF2',20401,57728,105101
'17UF2',20401,57728,112201
'17UF2',20401,57728,115538
'17UF2',20401,57728,122838
'17UF2',20401,57728,130038
'17UF2',20401,57728,133338
'17UF2',20401,57728,140738
'17UF2',20401,57728,144038
'17UF2',20401,57728,151138
'17UF2',20401,57728,154238
'17UF2',20401,57728,161338
'17UF2',20401,57728,164538
'17UF2',20401,57728,171738
'17UF2',20401,57728,175038
'17UF2',20401,57728,182238
'17UF2',20401,57728,185338
'17UF2',20401,57728,192438
'17UF2',20401,57728,195538
'17UF2',20401,57728,202538
'17UF2',20401,57728,205538
'17UF2',20401,57728,212501
'17UF2',20401,57728,215601
'17UF2',20401,57728,222701
'17UF2',20401,57728,225801
'17UF2',20401,57728,232801
'17UF2',20401,57728,235701
'17UF2',20401,57728,242601
'17UI',20401,57728,71138
'17UI',20401,57728,73938
'17UI',20401,57728,80938
'17UI',20401,57728,84138
'17UI',20401,57728,90938
'17UI',20401,57728,93938
'17UI',20401,57728,101138
'17UI',20401,57728,103938
'17UI',20401,57728,110938
'17UI',20401,57728,114138
'17UI',20401,57728,121238
'17UI',20401,57728,124238
'17UI',20401,57728,131238
'17UI',20401,57728,134538
'17UI',20401,57728,141838
'17UI',20401,57728,144838
'17UI',20401,57728,152138
'17UI',20401,57728,155438
'17UI',20401,57728,162438
'17UI',20401,57728,165738
'17UI',20401,57728,173138
'17UI',20401,57728,180238
'17UI',20401,57728,183638
'17UI',20401,57728,190938
'17UI',20401,57728,194001
'17UI',20401,57728,201201
'17UI',20401,57728,204501
'17UI',20401,57728,211501
'17UI',20401,57728,214501
'17UI',20401,57728,221801
'17UI',20401,57728,224801
'17UI',20401,57728,231801
'17UI',20401,57728,235001
'17UI',20401,57728,242201
'17US',20401,57728,60601
'17US',20401,57728,62801
'17US',20401,57728,65901
'17US',20401,57728,73101
'17US',20401,57728,80501
'17US',20401,57728,83101
'17US',20401,57728,90701
'17US',20401,57728,94101
'17US',20401,57728,101401
'17US',20401,57728,104601
'17US',20401,57728,111801
'17US',20401,57728,115101
'17US',20401,57728,122401
'17US',20401,57728,125901
'17US',20401,57728,133301
'17US',20401,57728,140701
'17US',20401,57728,144201
'17US',20401,57728,151738
'17US',20401,57728,155338
'17US',20401,57728,161538
'17US',20401,57728,164538
'17US',20401,57728,171438
'17US',20401,57728,173938
'17US',20401,57728,180738
'17US',20401,57728,183538
'17US',20401,57728,185938
'17US',20401,57728,192101
'17US',20401,57728,194601
'17US',20401,57728,201601
'17US',20401,57728,204601
'17US',20401,57728,211701
'17US',20401,57728,214701
'17US',20401,57728,221701
'17US',20401,57728,224701
'17US',20401,57728,231625
'17US',20401,57728,234625
'17US',20401,57728,242125
