'17JA',3601,60708,53826
'17JA',3601,60708,62226
'17JA',3601,60708,70626
'17JA',3601,60708,75122
'17JA',3601,60708,83422
'17JA',3601,60708,91722
'17JA',3601,60708,95922
'17JA',3601,60708,104122
'17JA',3601,60708,112322
'17JA',3601,60708,120522
'17JA',3601,60708,124722
'17JA',3601,60708,132922
'17JA',3601,60708,141122
'17JA',3601,60708,145322
'17JA',3601,60708,153522
'17JA',3601,60708,161722
'17JA',3601,60708,165922
'17JA',3601,60708,174122
'17JA',3601,60708,182322
'17JA',3601,60708,190522
'17JA',3601,60708,194722
'17JA',3601,60708,202922
'17JA',3601,60708,211122
'17JA',3601,60708,215322
'17JA',3601,60708,223422
'17JA',3601,60708,231622
'17JA',3601,60708,235922
'17JA',3601,60708,244222
'17JI',3601,60708,53526
'17JI',3601,60708,62026
'17JI',3601,60708,70526
'17JI',3601,60708,74926
'17JI',3601,60708,83226
'17JI',3601,60708,91622
'17JI',3601,60708,95822
'17JI',3601,60708,104022
'17JI',3601,60708,112222
'17JI',3601,60708,120522
'17JI',3601,60708,124722
'17JI',3601,60708,132922
'17JI',3601,60708,141122
'17JI',3601,60708,145322
'17JI',3601,60708,153522
'17JI',3601,60708,161722
'17JI',3601,60708,165922
'17JI',3601,60708,174122
'17JI',3601,60708,182322
'17JI',3601,60708,190426
'17JI',3601,60708,194626
'17JI',3601,60708,202826
'17JI',3601,60708,211026
'17JI',3601,60708,215226
'17JI',3601,60708,223426
'17JI',3601,60708,231626
'17JI',3601,60708,235826
'17JI',3601,60708,244126
'17JS',3601,60708,53418
'17JS',3601,60708,60814
'17JS',3601,60708,64114
'17JS',3601,60708,71010
'17JS',3601,60708,73010
'17JS',3601,60708,75201
'17JS',3601,60708,81201
'17JS',3601,60708,82910
'17JS',3601,60708,85210
'17JS',3601,60708,91510
'17JS',3601,60708,94510
'17JS',3601,60708,101510
'17JS',3601,60708,104510
'17JS',3601,60708,111510
'17JS',3601,60708,114510
'17JS',3601,60708,121510
'17JS',3601,60708,124605
'17JS',3601,60708,131605
'17JS',3601,60708,134605
'17JS',3601,60708,141805
'17JS',3601,60708,144905
'17JS',3601,60708,151905
'17JS',3601,60708,154805
'17JS',3601,60708,161905
'17JS',3601,60708,164905
'17JS',3601,60708,171805
'17JS',3601,60708,174710
'17JS',3601,60708,181714
'17JS',3601,60708,184714
'17JS',3601,60708,191614
'17JS',3601,60708,194614
'17JS',3601,60708,201614
'17JS',3601,60708,204518
'17JS',3601,60708,211518
'17JS',3601,60708,214518
'17JS',3601,60708,222918
'17JS',3601,60708,231418
'17JS',3601,60708,235918
'17JS',3601,60708,244222
'17JA',3703,60708,54315
'17JA',3703,60708,60815
'17JA',3703,60708,63315
'17JA',3703,60708,65815
'17JA',3703,60708,72315
'17JA',3703,60708,74915
'17JA',3703,60708,81415
'17JA',3703,60708,83915
'17JA',3703,60708,90715
'17JA',3703,60708,93250
'17JA',3703,60708,100125
'17JA',3703,60708,102725
'17JA',3703,60708,105725
'17JA',3703,60708,112725
'17JA',3703,60708,115925
'17JA',3703,60708,123125
'17JA',3703,60708,130125
'17JA',3703,60708,133125
'17JA',3703,60708,140125
'17JA',3703,60708,143125
'17JA',3703,60708,150125
'17JA',3703,60708,153125
'17JA',3703,60708,160125
'17JA',3703,60708,163225
'17JA',3703,60708,170325
'17JA',3703,60708,173325
'17JA',3703,60708,180125
'17JA',3703,60708,183025
'17JA',3703,60708,190025
'17JA',3703,60708,193025
'17JA',3703,60708,195650
'17JA',3703,60708,202550
'17JA',3703,60708,205450
'17JA',3703,60708,212150
'17JA',3703,60708,214850
'17JA',3703,60708,221550
'17JA',3703,60708,224250
'17JA',3703,60708,230950
'17JA',3703,60708,233650
'17JA',3703,60708,240115
'17JA',3703,60708,242815
'17JA',3703,60708,245215
'17JA',3703,60708,251615
'17JA',3703,60708,253815
'17JI',3703,60708,54240
'17JI',3703,60708,60640
'17JI',3703,60708,63040
'17JI',3703,60708,65440
'17JI',3703,60708,71840
'17JI',3703,60708,74540
'17JI',3703,60708,81040
'17JI',3703,60708,83540
'17JI',3703,60708,90115
'17JI',3703,60708,92915
'17JI',3703,60708,95615
'17JI',3703,60708,102415
'17JI',3703,60708,105215
'17JI',3703,60708,111915
'17JI',3703,60708,114925
'17JI',3703,60708,121925
'17JI',3703,60708,124725
'17JI',3703,60708,131525
'17JI',3703,60708,134225
'17JI',3703,60708,141025
'17JI',3703,60708,143925
'17JI',3703,60708,150725
'17JI',3703,60708,153525
'17JI',3703,60708,160325
'17JI',3703,60708,163125
'17JI',3703,60708,165925
'17JI',3703,60708,172725
'17JI',3703,60708,175525
'17JI',3703,60708,182325
'17JI',3703,60708,184915
'17JI',3703,60708,191615
'17JI',3703,60708,194415
'17JI',3703,60708,201015
'17JI',3703,60708,203815
'17JI',3703,60708,210615
'17JI',3703,60708,213415
'17JI',3703,60708,220015
'17JI',3703,60708,222415
'17JI',3703,60708,224815
'17JI',3703,60708,231115
'17JI',3703,60708,233415
'17JI',3703,60708,235915
'17JI',3703,60708,242415
'17JI',3703,60708,244915
'17JI',3703,60708,251415
'17JS',3703,60708,54050
'17JS',3703,60708,61250
'17JS',3703,60708,64725
'17JS',3703,60708,71701
'17JS',3703,60708,74836
'17JS',3703,60708,81536
'17JS',3703,60708,84136
'17JS',3703,60708,90536
'17JS',3703,60708,92425
'17JS',3703,60708,94925
'17JS',3703,60708,101425
'17JS',3703,60708,103925
'17JS',3703,60708,110425
'17JS',3703,60708,112925
'17JS',3703,60708,115601
'17JS',3703,60708,122101
'17JS',3703,60708,124601
'17JS',3703,60708,131101
'17JS',3703,60708,133601
'17JS',3703,60708,140101
'17JS',3703,60708,142801
'17JS',3703,60708,145301
'17JS',3703,60708,152001
'17JS',3703,60708,154501
'17JS',3703,60708,161101
'17JS',3703,60708,163701
'17JS',3703,60708,170201
'17JS',3703,60708,172701
'17JS',3703,60708,175201
'17JS',3703,60708,181425
'17JS',3703,60708,184225
'17JS',3703,60708,191225
'17JS',3703,60708,193850
'17JS',3703,60708,200850
'17JS',3703,60708,203850
'17JS',3703,60708,210850
'17JS',3703,60708,213850
'17JS',3703,60708,220850
'17JS',3703,60708,223815
'17JS',3703,60708,230415
'17JS',3703,60708,233615
'17JS',3703,60708,240540
'17JS',3703,60708,243940
'17JS',3703,60708,251440
