'18JA',8004,51348,52508
'18JA',8004,51348,55508
'18JA',8004,51348,62508
'18JA',8004,51348,65708
'18JA',8004,51348,72808
'18JA',8004,51348,75908
'18JA',8004,51348,82908
'18JA',8004,51348,85108
'18JA',8004,51348,90808
'18JA',8004,51348,92308
'18JA',8004,51348,93808
'18JA',8004,51348,95455
'18JA',8004,51348,100755
'18JA',8004,51348,101955
'18JA',8004,51348,103055
'18JA',8004,51348,104055
'18JA',8004,51348,105042
'18JA',8004,51348,110042
'18JA',8004,51348,111142
'18JA',8004,51348,112242
'18JA',8004,51348,113342
'18JA',8004,51348,114442
'18JA',8004,51348,115342
'18JA',8004,51348,120142
'18JA',8004,51348,120942
'18JA',8004,51348,122042
'18JA',8004,51348,123042
'18JA',8004,51348,123942
'18JA',8004,51348,124842
'18JA',8004,51348,125742
'18JA',8004,51348,130542
'18JA',8004,51348,131342
'18JA',8004,51348,132142
'18JA',8004,51348,132942
'18JA',8004,51348,133742
'18JA',8004,51348,134642
'18JA',8004,51348,135642
'18JA',8004,51348,140642
'18JA',8004,51348,141542
'18JA',8004,51348,142242
'18JA',8004,51348,142942
'18JA',8004,51348,143542
'18JA',8004,51348,144242
'18JA',8004,51348,144942
'18JA',8004,51348,145742
'18JA',8004,51348,150642
'18JA',8004,51348,151542
'18JA',8004,51348,152542
'18JA',8004,51348,153542
'18JA',8004,51348,154542
'18JA',8004,51348,155642
'18JA',8004,51348,160742
'18JA',8004,51348,161742
'18JA',8004,51348,162642
'18JA',8004,51348,163542
'18JA',8004,51348,164442
'18JA',8004,51348,165442
'18JA',8004,51348,170542
'18JA',8004,51348,171742
'18JA',8004,51348,172842
'18JA',8004,51348,173942
'18JA',8004,51348,174942
'18JA',8004,51348,180042
'18JA',8004,51348,181442
'18JA',8004,51348,182842
'18JA',8004,51348,184155
'18JA',8004,51348,185455
'18JA',8004,51348,190855
'18JA',8004,51348,192255
'18JA',8004,51348,193655
'18JA',8004,51348,195655
'18JA',8004,51348,202255
'18JA',8004,51348,205255
'18JA',8004,51348,212255
'18JA',8004,51348,215155
'18JA',8004,51348,222055
'18JA',8004,51348,224855
'18JA',8004,51348,231855
'18JA',8004,51348,234855
'18JA',8004,51348,241955
'18JA',8004,51348,244855
'18JA',8004,51348,251955
'18JI',8004,51348,52655
'18JI',8004,51348,55955
'18JI',8004,51348,63155
'18JI',8004,51348,70455
'18JI',8004,51348,73755
'18JI',8004,51348,81055
'18JI',8004,51348,83655
'18JI',8004,51348,85755
'18JI',8004,51348,91655
'18JI',8004,51348,93555
'18JI',8004,51348,95455
'18JI',8004,51348,101055
'18JI',8004,51348,102655
'18JI',8004,51348,104255
'18JI',8004,51348,105855
'18JI',8004,51348,111355
'18JI',8004,51348,112755
'18JI',8004,51348,114055
'18JI',8004,51348,115242
'18JI',8004,51348,120142
'18JI',8004,51348,120942
'18JI',8004,51348,121842
'18JI',8004,51348,122742
'18JI',8004,51348,123742
'18JI',8004,51348,124642
'18JI',8004,51348,125642
'18JI',8004,51348,130742
'18JI',8004,51348,131742
'18JI',8004,51348,132642
'18JI',8004,51348,133442
'18JI',8004,51348,134242
'18JI',8004,51348,135142
'18JI',8004,51348,140042
'18JI',8004,51348,140942
'18JI',8004,51348,141942
'18JI',8004,51348,142942
'18JI',8004,51348,143842
'18JI',8004,51348,144842
'18JI',8004,51348,145842
'18JI',8004,51348,150942
'18JI',8004,51348,151942
'18JI',8004,51348,152842
'18JI',8004,51348,153742
'18JI',8004,51348,154655
'18JI',8004,51348,155755
'18JI',8004,51348,160755
'18JI',8004,51348,161755
'18JI',8004,51348,162855
'18JI',8004,51348,163855
'18JI',8004,51348,164855
'18JI',8004,51348,165855
'18JI',8004,51348,171355
'18JI',8004,51348,172855
'18JI',8004,51348,174355
'18JI',8004,51348,175755
'18JI',8004,51348,181255
'18JI',8004,51348,182755
'18JI',8004,51348,184155
'18JI',8004,51348,190055
'18JI',8004,51348,192055
'18JI',8004,51348,194255
'18JI',8004,51348,200655
'18JI',8004,51348,203155
'18JI',8004,51348,205855
'18JI',8004,51348,212755
'18JI',8004,51348,215655
'18JI',8004,51348,222755
'18JI',8004,51348,225908
'18JI',8004,51348,233108
'18JI',8004,51348,240208
'18JI',8004,51348,243408
'18JI',8004,51348,250108
'18JS',8004,51348,52608
'18JS',8004,51348,55655
'18JS',8004,51348,61655
'18JS',8004,51348,62655
'18JS',8004,51348,63655
'18JS',8004,51348,64655
'18JS',8004,51348,65855
'18JS',8004,51348,70755
'18JS',8004,51348,71355
'18JS',8004,51348,71929
'18JS',8004,51348,72429
'18JS',8004,51348,72929
'18JS',8004,51348,73629
'18JS',8004,51348,74329
'18JS',8004,51348,74929
'18JS',8004,51348,75529
'18JS',8004,51348,80129
'18JS',8004,51348,80629
'18JS',8004,51348,81129
'18JS',8004,51348,81529
'18JS',8004,51348,81929
'18JS',8004,51348,82429
'18JS',8004,51348,82929
'18JS',8004,51348,83529
'18JS',8004,51348,84129
'18JS',8004,51348,84629
'18JS',8004,51348,85229
'18JS',8004,51348,85929
'18JS',8004,51348,90629
'18JS',8004,51348,91429
'18JS',8004,51348,92229
'18JS',8004,51348,93029
'18JS',8004,51348,93829
'18JS',8004,51348,94629
'18JS',8004,51348,95429
'18JS',8004,51348,100142
'18JS',8004,51348,100942
'18JS',8004,51348,101942
'18JS',8004,51348,102842
'18JS',8004,51348,103542
'18JS',8004,51348,104242
'18JS',8004,51348,105042
'18JS',8004,51348,105942
'18JS',8004,51348,110942
'18JS',8004,51348,111929
'18JS',8004,51348,112829
'18JS',8004,51348,113729
'18JS',8004,51348,114629
'18JS',8004,51348,115529
'18JS',8004,51348,120329
'18JS',8004,51348,121129
'18JS',8004,51348,121929
'18JS',8004,51348,122829
'18JS',8004,51348,123829
'18JS',8004,51348,124829
'18JS',8004,51348,125829
'18JS',8004,51348,130829
'18JS',8004,51348,131829
'18JS',8004,51348,132729
'18JS',8004,51348,133629
'18JS',8004,51348,134529
'18JS',8004,51348,135429
'18JS',8004,51348,140329
'18JS',8004,51348,141329
'18JS',8004,51348,142329
'18JS',8004,51348,143329
'18JS',8004,51348,144329
'18JS',8004,51348,145329
'18JS',8004,51348,150329
'18JS',8004,51348,151329
'18JS',8004,51348,152329
'18JS',8004,51348,153329
'18JS',8004,51348,154329
'18JS',8004,51348,155329
'18JS',8004,51348,160329
'18JS',8004,51348,161129
'18JS',8004,51348,161929
'18JS',8004,51348,162929
'18JS',8004,51348,163929
'18JS',8004,51348,164929
'18JS',8004,51348,170029
'18JS',8004,51348,171029
'18JS',8004,51348,172029
'18JS',8004,51348,173029
'18JS',8004,51348,174029
'18JS',8004,51348,175029
'18JS',8004,51348,175929
'18JS',8004,51348,180929
'18JS',8004,51348,181929
'18JS',8004,51348,182929
'18JS',8004,51348,183755
'18JS',8004,51348,184755
'18JS',8004,51348,185755
'18JS',8004,51348,190755
'18JS',8004,51348,191755
'18JS',8004,51348,192755
'18JS',8004,51348,193755
'18JS',8004,51348,194655
'18JS',8004,51348,195655
'18JS',8004,51348,200655
'18JS',8004,51348,201655
'18JS',8004,51348,202655
'18JS',8004,51348,203655
'18JS',8004,51348,204655
'18JS',8004,51348,205655
'18JS',8004,51348,210655
'18JS',8004,51348,213655
'18JS',8004,51348,220755
'18JS',8004,51348,223808
'18JS',8004,51348,230808
'18JS',8004,51348,233708
'18JS',8004,51348,240708
'18JS',8004,51348,243808
'18JS',8004,51348,251008
'18JA',36504,51348,254315
'18JA',36504,51348,261815
'18JA',36504,51348,265315
'18JA',36504,51348,272555
'18JA',36504,51348,275855
'18JA',36504,51348,283055
'18JA',36504,51348,290255
'18JI',36504,51348,254036
'18JI',36504,51348,262036
'18JI',36504,51348,270036
'18JI',36504,51348,274236
'18JI',36504,51348,282236
'18JI',36504,51348,290236
'18JS',36504,51348,254157
'18JS',36504,51348,262057
'18JS',36504,51348,270057
'18JS',36504,51348,274057
'18JS',36504,51348,282057
'18JS',36504,51348,290057
'18JS',43502,51348,61755
'18JS',43502,51348,63255
'18JS',43502,51348,65255
'18JS',43502,51348,71629
'18JS',43502,51348,73029
'18JS',43502,51348,74429
'18JS',43502,51348,75329
'18JS',43502,51348,80229
'18JS',43502,51348,81229
'18JS',43502,51348,82029
'18JS',43502,51348,83129
'18JS',43502,51348,84129
'18JS',43502,51348,85229
'18JS',43502,51348,90342
'18JS',43502,51348,91342
'18JS',43502,51348,93342
'18JS',43502,51348,144042
'18JS',43502,51348,145742
'18JS',43502,51348,151142
'18JS',43502,51348,152642
'18JS',43502,51348,154542
'18JS',43502,51348,155942
'18JS',43502,51348,161442
'18JS',43502,51348,162742
'18JS',43502,51348,164242
'18JS',43502,51348,170042
'18JS',43502,51348,171542
'18JS',43502,51348,173642
'18JS',43502,51348,175242
'18JS',43502,51348,181342
'18JS',43502,51348,183555
'18JS',43502,51348,190055
