'17JA',20401,57505,62300
'17JA',20401,57505,70300
'17JA',20401,57505,73600
'17JA',20401,57505,80900
'17JA',20401,57505,84200
'17JA',20401,57505,91300
'17JA',20401,57505,94400
'17JA',20401,57505,101500
'17JA',20401,57505,104600
'17JA',20401,57505,111800
'17JA',20401,57505,115000
'17JA',20401,57505,122200
'17JA',20401,57505,125400
'17JA',20401,57505,132700
'17JA',20401,57505,140000
'17JA',20401,57505,143300
'17JA',20401,57505,150600
'17JA',20401,57505,153900
'17JA',20401,57505,161100
'17JA',20401,57505,164300
'17JA',20401,57505,171600
'17JA',20401,57505,174900
'17JA',20401,57505,182200
'17JA',20401,57505,185300
'17JA',20401,57505,192400
'17JA',20401,57505,195500
'17JA',20401,57505,202600
'17JA',20401,57505,205700
'17JA',20401,57505,212800
'17JA',20401,57505,215500
'17JA',20401,57505,222500
'17JA',20401,57505,225300
'17JA',20401,57505,232100
'17JA',20401,57505,234900
'17JA',20401,57505,241600
'17JA',20401,57505,244100
'17JA',20402,57505,63600
'17JA',20402,57505,71500
'17JA',20402,57505,74600
'17JA',20402,57505,81700
'17JA',20402,57505,84800
'17JA',20402,57505,91800
'17JA',20402,57505,94800
'17JA',20402,57505,101900
'17JA',20402,57505,105100
'17JA',20402,57505,112300
'17JA',20402,57505,115500
'17JA',20402,57505,122600
'17JA',20402,57505,125000
'17JA',20402,57505,131300
'17JA',20402,57505,133700
'17JA',20402,57505,140700
'17JA',20402,57505,143900
'17JA',20402,57505,151200
'17JA',20402,57505,154500
'17JA',20402,57505,161800
'17JA',20402,57505,165100
'17JA',20402,57505,172400
'17JA',20402,57505,175600
'17JA',20402,57505,182800
'17JA',20402,57505,190000
'17JA',20402,57505,193100
'17JA',20402,57505,200200
'17JA',20402,57505,203300
'17JA',20402,57505,210300
'17JA',20402,57505,213200
'17JA',20402,57505,220000
'17JA',20402,57505,223000
'17JA',20402,57505,230000
'17JA',20402,57505,232500
'17JI',20401,57505,73700
'17JI',20401,57505,80700
'17JI',20401,57505,83700
'17JI',20401,57505,90700
'17JI',20401,57505,93700
'17JI',20401,57505,100700
'17JI',20401,57505,103700
'17JI',20401,57505,110700
'17JI',20401,57505,113700
'17JI',20401,57505,120700
'17JI',20401,57505,123700
'17JI',20401,57505,131100
'17JI',20401,57505,134200
'17JI',20401,57505,141300
'17JI',20401,57505,144400
'17JI',20401,57505,151600
'17JI',20401,57505,154800
'17JI',20401,57505,162000
'17JI',20401,57505,165200
'17JI',20401,57505,172600
'17JI',20401,57505,175900
'17JI',20401,57505,183200
'17JI',20401,57505,190500
'17JI',20401,57505,193800
'17JI',20401,57505,200800
'17JI',20401,57505,203800
'17JI',20401,57505,210800
'17JI',20401,57505,213800
'17JI',20401,57505,220800
'17JI',20401,57505,223600
'17JI',20401,57505,230600
'17JI',20401,57505,233600
'17JI',20401,57505,240600
'17JI',20401,57505,244000
'17JI',20402,57505,74500
'17JI',20402,57505,81500
'17JI',20402,57505,84500
'17JI',20402,57505,91500
'17JI',20402,57505,94500
'17JI',20402,57505,101500
'17JI',20402,57505,104500
'17JI',20402,57505,111500
'17JI',20402,57505,114500
'17JI',20402,57505,121500
'17JI',20402,57505,124600
'17JI',20402,57505,131700
'17JI',20402,57505,134800
'17JI',20402,57505,142000
'17JI',20402,57505,145200
'17JI',20402,57505,152400
'17JI',20402,57505,155700
'17JI',20402,57505,163000
'17JI',20402,57505,170300
'17JI',20402,57505,173600
'17JI',20402,57505,180900
'17JI',20402,57505,184200
'17JI',20402,57505,191400
'17JI',20402,57505,194500
'17JI',20402,57505,201500
'17JI',20402,57505,204500
'17JI',20402,57505,211500
'17JI',20402,57505,214500
'17JI',20402,57505,221500
'17JI',20402,57505,225000
'17JI',20402,57505,232500
'17JS',20401,57505,100600
'17JS',20401,57505,103900
'17JS',20401,57505,111200
'17JS',20401,57505,114500
'17JS',20401,57505,121800
'17JS',20401,57505,125100
'17JS',20401,57505,132700
'17JS',20401,57505,140100
'17JS',20401,57505,143500
'17JS',20401,57505,195100
'17JS',20401,57505,201900
'17JS',20401,57505,204700
'17JS',20401,57505,211600
'17JS',20401,57505,214500
'17JS',20401,57505,221400
'17JS',20401,57505,224300
'17JS',20401,57505,231300
'17JS',20401,57505,234100
'17JS',20401,57505,241100
'17JS',20401,57505,244200
'17JS',20402,57505,90900
'17JS',20402,57505,94200
'17JS',20402,57505,101500
'17JS',20402,57505,104800
'17JS',20402,57505,112100
'17JS',20402,57505,115400
'17JS',20402,57505,122700
'17JS',20402,57505,130000
'17JS',20402,57505,133300
'17JS',20402,57505,140600
'17JS',20402,57505,144200
'17JS',20402,57505,192300
'17JS',20402,57505,195500
'17JS',20402,57505,202500
'17JS',20402,57505,205500
'17JS',20402,57505,212500
'17JS',20402,57505,215500
'17JS',20402,57505,222500
'17JS',20402,57505,225500
'17JS',20402,57505,232500
'17JA',37801,57505,252751
'17JA',37801,57505,261851
'17JA',37801,57505,271051
'17JA',37801,57505,275951
'17JI',37801,57505,252751
'17JI',37801,57505,261851
'17JI',37801,57505,270851
'17JI',37801,57505,275951
'17JS',37801,57505,252735
'17JS',37801,57505,261835
'17JS',37801,57505,270935
'17JS',37801,57505,280035
'17JS',46001,57505,53000
'17JS',46001,57505,60000
'17JS',46001,57505,63000
'17JS',46001,57505,64500
'17JS',46001,57505,70500
'17JS',46001,57505,73100
'17JS',46001,57505,80100
'17JS',46001,57505,83100
'17JS',46001,57505,90200
'17JS',46001,57505,93100
'17JS',46001,57505,143700
'17JS',46001,57505,144600
'17JS',46001,57505,145400
'17JS',46001,57505,150100
'17JS',46001,57505,150900
'17JS',46001,57505,151600
'17JS',46001,57505,152300
'17JS',46001,57505,153000
'17JS',46001,57505,153700
'17JS',46001,57505,154400
'17JS',46001,57505,155000
'17JS',46001,57505,155500
'17JS',46001,57505,160000
'17JS',46001,57505,160500
'17JS',46001,57505,161000
'17JS',46001,57505,161600
'17JS',46001,57505,162000
'17JS',46001,57505,162500
'17JS',46001,57505,163000
'17JS',46001,57505,163500
'17JS',46001,57505,164100
'17JS',46001,57505,164800
'17JS',46001,57505,165500
'17JS',46001,57505,170200
'17JS',46001,57505,170900
'17JS',46001,57505,171600
'17JS',46001,57505,172900
'17JS',46001,57505,174200
'17JS',46001,57505,175900
'17JS',46001,57505,182900
'17JS',46001,57505,190000
'17JS',46001,57505,193100
'17JS',46002,57505,60700
'17JS',46002,57505,60900
'17JS',46002,57505,61200
'17JS',46002,57505,61400
'17JS',46002,57505,61700
'17JS',46002,57505,62200
'17JS',46002,57505,62900
'17JS',46002,57505,63400
'17JS',46002,57505,64000
'17JS',46002,57505,64500
'17JS',46002,57505,64900
'17JS',46002,57505,65400
'17JS',46002,57505,65900
'17JS',46002,57505,71100
'17JS',46002,57505,71400
'17JS',46002,57505,71700
'17JS',46002,57505,72000
'17JS',46002,57505,72300
'17JS',46002,57505,72900
'17JS',46002,57505,73200
'17JS',46002,57505,73500
'17JS',46002,57505,74100
'17JS',46002,57505,74300
'17JS',46002,57505,74600
'17JS',46002,57505,74800
'17JS',46002,57505,75100
'17JS',46002,57505,75700
'17JS',46002,57505,80000
'17JS',46002,57505,80200
'17JS',46002,57505,80500
'17JS',46002,57505,80800
'17JS',46002,57505,81100
'17JS',46002,57505,81300
'17JS',46002,57505,81500
'17JS',46002,57505,81800
'17JS',46002,57505,82000
'17JS',46002,57505,82300
'17JS',46002,57505,82600
'17JS',46002,57505,82900
'17JS',46002,57505,83200
'17JS',46002,57505,83400
'17JS',46002,57505,83700
'17JS',46002,57505,84000
'17JS',46002,57505,84200
'17JS',46002,57505,84700
'17JS',46002,57505,85000
'17JS',46002,57505,85500
'17JS',46002,57505,85800
'17JS',46002,57505,90300
'17JS',46002,57505,91100
'17JS',46002,57505,92000
'17JS',46002,57505,94000
'17JS',46002,57505,95300
'17JS',46002,57505,101300
'17JS',46002,57505,103300
'17JS',46002,57505,160900
'17JS',46002,57505,164000
'17JS',46002,57505,171300
'17JS',46002,57505,174300
'17JS',46002,57505,180800
'17JS',46002,57505,183500
'17JS',46002,57505,190300
'17JS',46002,57505,192900
'17JS',46002,57505,200100
