'16NA',10601,61551,50612
'16NA',10601,61551,53612
'16NA',10601,61551,60512
'16NA',10601,61551,62612
'16NA',10601,61551,64612
'16NA',10601,61551,70712
'16NA',10601,61551,72112
'16NA',10601,61551,73412
'16NA',10601,61551,74512
'16NA',10601,61551,75512
'16NA',10601,61551,80412
'16NA',10601,61551,81312
'16NA',10601,61551,82212
'16NA',10601,61551,83112
'16NA',10601,61551,83912
'16NA',10601,61551,84712
'16NA',10601,61551,85512
'16NA',10601,61551,90312
'16NA',10601,61551,91212
'16NA',10601,61551,92112
'16NA',10601,61551,93112
'16NA',10601,61551,94212
'16NA',10601,61551,95212
'16NA',10601,61551,100212
'16NA',10601,61551,101212
'16NA',10601,61551,102212
'16NA',10601,61551,103012
'16NA',10601,61551,103812
'16NA',10601,61551,104612
'16NA',10601,61551,105412
'16NA',10601,61551,105912
'16NA',10601,61551,110412
'16NA',10601,61551,111012
'16NA',10601,61551,111512
'16NA',10601,61551,112012
'16NA',10601,61551,112712
'16NA',10601,61551,113412
'16NA',10601,61551,114112
'16NA',10601,61551,114912
'16NA',10601,61551,115712
'16NA',10601,61551,120412
'16NA',10601,61551,121112
'16NA',10601,61551,121912
'16NA',10601,61551,122912
'16NA',10601,61551,123712
'16NA',10601,61551,124412
'16NA',10601,61551,125112
'16NA',10601,61551,125912
'16NA',10601,61551,130512
'16NA',10601,61551,131312
'16NA',10601,61551,132112
'16NA',10601,61551,133012
'16NA',10601,61551,133712
'16NA',10601,61551,134312
'16NA',10601,61551,134812
'16NA',10601,61551,135312
'16NA',10601,61551,135812
'16NA',10601,61551,140412
'16NA',10601,61551,141012
'16NA',10601,61551,141712
'16NA',10601,61551,142512
'16NA',10601,61551,143312
'16NA',10601,61551,144112
'16NA',10601,61551,144812
'16NA',10601,61551,145512
'16NA',10601,61551,150412
'16NA',10601,61551,151312
'16NA',10601,61551,152212
'16NA',10601,61551,153112
'16NA',10601,61551,153812
'16NA',10601,61551,154512
'16NA',10601,61551,155212
'16NA',10601,61551,160012
'16NA',10601,61551,160712
'16NA',10601,61551,161312
'16NA',10601,61551,161812
'16NA',10601,61551,162412
'16NA',10601,61551,163212
'16NA',10601,61551,164012
'16NA',10601,61551,164812
'16NA',10601,61551,165712
'16NA',10601,61551,170612
'16NA',10601,61551,171212
'16NA',10601,61551,172112
'16NA',10601,61551,173012
'16NA',10601,61551,174112
'16NA',10601,61551,175312
'16NA',10601,61551,180512
'16NA',10601,61551,181612
'16NA',10601,61551,182712
'16NA',10601,61551,183812
'16NA',10601,61551,185312
'16NA',10601,61551,191312
'16NA',10601,61551,193312
'16NA',10601,61551,195212
'16NA',10601,61551,201212
'16NA',10601,61551,203112
'16NA',10601,61551,205012
'16NA',10601,61551,210912
'16NA',10601,61551,213212
'16NA',10601,61551,215512
'16NA',10601,61551,221812
'16NA',10601,61551,223912
'16NA',10601,61551,230012
'16NA',10601,61551,232512
'16NA',10601,61551,235612
'16NA',10601,61551,242712
'16NA',10601,61551,245712
'16NA',10601,61551,252512
'16NF1',10601,61551,51112
'16NF1',10601,61551,54012
'16NF1',10601,61551,61012
'16NF1',10601,61551,64012
'16NF1',10601,61551,71012
'16NF1',10601,61551,73012
'16NF1',10601,61551,75012
'16NF1',10601,61551,81012
'16NF1',10601,61551,82612
'16NF1',10601,61551,84012
'16NF1',10601,61551,85212
'16NF1',10601,61551,90212
'16NF1',10601,61551,91212
'16NF1',10601,61551,92212
'16NF1',10601,61551,93212
'16NF1',10601,61551,94212
'16NF1',10601,61551,95212
'16NF1',10601,61551,100212
'16NF1',10601,61551,101212
'16NF1',10601,61551,102212
'16NF1',10601,61551,103212
'16NF1',10601,61551,104212
'16NF1',10601,61551,105212
'16NF1',10601,61551,110212
'16NF1',10601,61551,111212
'16NF1',10601,61551,112212
'16NF1',10601,61551,113212
'16NF1',10601,61551,113912
'16NF1',10601,61551,114612
'16NF1',10601,61551,115412
'16NF1',10601,61551,120212
'16NF1',10601,61551,121012
'16NF1',10601,61551,121812
'16NF1',10601,61551,122612
'16NF1',10601,61551,123412
'16NF1',10601,61551,124212
'16NF1',10601,61551,125012
'16NF1',10601,61551,125812
'16NF1',10601,61551,130612
'16NF1',10601,61551,131312
'16NF1',10601,61551,131912
'16NF1',10601,61551,132512
'16NF1',10601,61551,133512
'16NF1',10601,61551,134512
'16NF1',10601,61551,135512
'16NF1',10601,61551,140512
'16NF1',10601,61551,141312
'16NF1',10601,61551,142112
'16NF1',10601,61551,142812
'16NF1',10601,61551,143612
'16NF1',10601,61551,144312
'16NF1',10601,61551,145112
'16NF1',10601,61551,145912
'16NF1',10601,61551,150712
'16NF1',10601,61551,151512
'16NF1',10601,61551,152312
'16NF1',10601,61551,153112
'16NF1',10601,61551,153812
'16NF1',10601,61551,154512
'16NF1',10601,61551,155212
'16NF1',10601,61551,160112
'16NF1',10601,61551,161112
'16NF1',10601,61551,162112
'16NF1',10601,61551,163112
'16NF1',10601,61551,164112
'16NF1',10601,61551,165112
'16NF1',10601,61551,170112
'16NF1',10601,61551,171012
'16NF1',10601,61551,171912
'16NF1',10601,61551,173012
'16NF1',10601,61551,175212
'16NF1',10601,61551,182012
'16NF1',10601,61551,184912
'16NF1',10601,61551,191812
'16NF1',10601,61551,194612
'16NF1',10601,61551,201412
'16NF1',10601,61551,204312
'16NF1',10601,61551,211212
'16NF1',10601,61551,214112
'16NF1',10601,61551,221112
'16NF1',10601,61551,224212
'16NF1',10601,61551,231312
'16NF1',10601,61551,234412
'16NF1',10601,61551,241312
'16NF1',10601,61551,244212
'16NF1',10601,61551,250612
'16NF2',10601,61551,51112
'16NF2',10601,61551,54012
'16NF2',10601,61551,61012
'16NF2',10601,61551,64012
'16NF2',10601,61551,71012
'16NF2',10601,61551,73012
'16NF2',10601,61551,75012
'16NF2',10601,61551,81012
'16NF2',10601,61551,82612
'16NF2',10601,61551,84012
'16NF2',10601,61551,85212
'16NF2',10601,61551,90212
'16NF2',10601,61551,91212
'16NF2',10601,61551,92212
'16NF2',10601,61551,93212
'16NF2',10601,61551,94212
'16NF2',10601,61551,95212
'16NF2',10601,61551,100212
'16NF2',10601,61551,101212
'16NF2',10601,61551,102212
'16NF2',10601,61551,103212
'16NF2',10601,61551,104212
'16NF2',10601,61551,105212
'16NF2',10601,61551,110212
'16NF2',10601,61551,111212
'16NF2',10601,61551,112212
'16NF2',10601,61551,113212
'16NF2',10601,61551,113912
'16NF2',10601,61551,114612
'16NF2',10601,61551,115412
'16NF2',10601,61551,120212
'16NF2',10601,61551,121012
'16NF2',10601,61551,121812
'16NF2',10601,61551,122612
'16NF2',10601,61551,123412
'16NF2',10601,61551,124212
'16NF2',10601,61551,125012
'16NF2',10601,61551,125812
'16NF2',10601,61551,130612
'16NF2',10601,61551,131312
'16NF2',10601,61551,131912
'16NF2',10601,61551,132512
'16NF2',10601,61551,133512
'16NF2',10601,61551,134512
'16NF2',10601,61551,135512
'16NF2',10601,61551,140512
'16NF2',10601,61551,141312
'16NF2',10601,61551,142112
'16NF2',10601,61551,142812
'16NF2',10601,61551,143612
'16NF2',10601,61551,144312
'16NF2',10601,61551,145112
'16NF2',10601,61551,145912
'16NF2',10601,61551,150712
'16NF2',10601,61551,151512
'16NF2',10601,61551,152312
'16NF2',10601,61551,153112
'16NF2',10601,61551,153812
'16NF2',10601,61551,154512
'16NF2',10601,61551,155212
'16NF2',10601,61551,160112
'16NF2',10601,61551,161112
'16NF2',10601,61551,162112
'16NF2',10601,61551,163112
'16NF2',10601,61551,164112
'16NF2',10601,61551,165112
'16NF2',10601,61551,170112
'16NF2',10601,61551,171012
'16NF2',10601,61551,171912
'16NF2',10601,61551,173012
'16NF2',10601,61551,175212
'16NF2',10601,61551,182012
'16NF2',10601,61551,184912
'16NF2',10601,61551,191812
'16NF2',10601,61551,194612
'16NF2',10601,61551,201412
'16NF2',10601,61551,204312
'16NF2',10601,61551,211212
'16NF2',10601,61551,214112
'16NF2',10601,61551,221112
'16NF2',10601,61551,224212
'16NF2',10601,61551,231312
'16NF2',10601,61551,234412
'16NF2',10601,61551,241312
'16NF2',10601,61551,244212
'16NF2',10601,61551,250612
'16NF3',10601,61551,51112
'16NF3',10601,61551,54012
'16NF3',10601,61551,61012
'16NF3',10601,61551,64012
'16NF3',10601,61551,71012
'16NF3',10601,61551,73012
'16NF3',10601,61551,75012
'16NF3',10601,61551,81012
'16NF3',10601,61551,82612
'16NF3',10601,61551,84012
'16NF3',10601,61551,85212
'16NF3',10601,61551,90212
'16NF3',10601,61551,91212
'16NF3',10601,61551,92212
'16NF3',10601,61551,93212
'16NF3',10601,61551,94212
'16NF3',10601,61551,95212
'16NF3',10601,61551,100212
'16NF3',10601,61551,101212
'16NF3',10601,61551,102212
'16NF3',10601,61551,103212
'16NF3',10601,61551,104212
'16NF3',10601,61551,105212
'16NF3',10601,61551,110212
'16NF3',10601,61551,111212
'16NF3',10601,61551,112212
'16NF3',10601,61551,113212
'16NF3',10601,61551,113912
'16NF3',10601,61551,114612
'16NF3',10601,61551,115412
'16NF3',10601,61551,120212
'16NF3',10601,61551,121012
'16NF3',10601,61551,121812
'16NF3',10601,61551,122612
'16NF3',10601,61551,123412
'16NF3',10601,61551,124212
'16NF3',10601,61551,125012
'16NF3',10601,61551,125812
'16NF3',10601,61551,130612
'16NF3',10601,61551,131312
'16NF3',10601,61551,131912
'16NF3',10601,61551,132512
'16NF3',10601,61551,133512
'16NF3',10601,61551,134512
'16NF3',10601,61551,135512
'16NF3',10601,61551,140512
'16NF3',10601,61551,141312
'16NF3',10601,61551,142112
'16NF3',10601,61551,142812
'16NF3',10601,61551,143612
'16NF3',10601,61551,144312
'16NF3',10601,61551,145112
'16NF3',10601,61551,145912
'16NF3',10601,61551,150712
'16NF3',10601,61551,151512
'16NF3',10601,61551,152312
'16NF3',10601,61551,153112
'16NF3',10601,61551,153812
'16NF3',10601,61551,154512
'16NF3',10601,61551,155212
'16NF3',10601,61551,160112
'16NF3',10601,61551,161112
'16NF3',10601,61551,162112
'16NF3',10601,61551,163112
'16NF3',10601,61551,164112
'16NF3',10601,61551,165112
'16NF3',10601,61551,170112
'16NF3',10601,61551,171012
'16NF3',10601,61551,171912
'16NF3',10601,61551,173012
'16NF3',10601,61551,175212
'16NF3',10601,61551,182012
'16NF3',10601,61551,184912
'16NF3',10601,61551,191812
'16NF3',10601,61551,194612
'16NF3',10601,61551,201412
'16NF3',10601,61551,204312
'16NF3',10601,61551,211212
'16NF3',10601,61551,214112
'16NF3',10601,61551,221112
'16NF3',10601,61551,224212
'16NF3',10601,61551,231312
'16NF3',10601,61551,234412
'16NF3',10601,61551,241312
'16NF3',10601,61551,244212
'16NF3',10601,61551,250612
'16NF4',10601,61551,51112
'16NF4',10601,61551,54012
'16NF4',10601,61551,61012
'16NF4',10601,61551,64012
'16NF4',10601,61551,71012
'16NF4',10601,61551,73012
'16NF4',10601,61551,75012
'16NF4',10601,61551,81012
'16NF4',10601,61551,82612
'16NF4',10601,61551,84012
'16NF4',10601,61551,85212
'16NF4',10601,61551,90212
'16NF4',10601,61551,91212
'16NF4',10601,61551,92212
'16NF4',10601,61551,93212
'16NF4',10601,61551,94212
'16NF4',10601,61551,95212
'16NF4',10601,61551,100212
'16NF4',10601,61551,101212
'16NF4',10601,61551,102212
'16NF4',10601,61551,103212
'16NF4',10601,61551,104212
'16NF4',10601,61551,105212
'16NF4',10601,61551,110212
'16NF4',10601,61551,111212
'16NF4',10601,61551,112212
'16NF4',10601,61551,113212
'16NF4',10601,61551,113912
'16NF4',10601,61551,114612
'16NF4',10601,61551,115412
'16NF4',10601,61551,120212
'16NF4',10601,61551,121012
'16NF4',10601,61551,121812
'16NF4',10601,61551,122612
'16NF4',10601,61551,123412
'16NF4',10601,61551,124212
'16NF4',10601,61551,125012
'16NF4',10601,61551,125812
'16NF4',10601,61551,130612
'16NF4',10601,61551,131312
'16NF4',10601,61551,131912
'16NF4',10601,61551,132512
'16NF4',10601,61551,133512
'16NF4',10601,61551,134512
'16NF4',10601,61551,135512
'16NF4',10601,61551,140512
'16NF4',10601,61551,141312
'16NF4',10601,61551,142112
'16NF4',10601,61551,142812
'16NF4',10601,61551,143612
'16NF4',10601,61551,144312
'16NF4',10601,61551,145112
'16NF4',10601,61551,145912
'16NF4',10601,61551,150712
'16NF4',10601,61551,151512
'16NF4',10601,61551,152312
'16NF4',10601,61551,153112
'16NF4',10601,61551,153812
'16NF4',10601,61551,154512
'16NF4',10601,61551,155212
'16NF4',10601,61551,160112
'16NF4',10601,61551,161112
'16NF4',10601,61551,162112
'16NF4',10601,61551,163112
'16NF4',10601,61551,164112
'16NF4',10601,61551,165112
'16NF4',10601,61551,170112
'16NF4',10601,61551,171012
'16NF4',10601,61551,171912
'16NF4',10601,61551,173012
'16NF4',10601,61551,175212
'16NF4',10601,61551,182012
'16NF4',10601,61551,184912
'16NF4',10601,61551,191812
'16NF4',10601,61551,194612
'16NF4',10601,61551,201412
'16NF4',10601,61551,204312
'16NF4',10601,61551,211212
'16NF4',10601,61551,214112
'16NF4',10601,61551,221112
'16NF4',10601,61551,224212
'16NF4',10601,61551,231312
'16NF4',10601,61551,234412
'16NF4',10601,61551,241312
'16NF4',10601,61551,244212
'16NF4',10601,61551,250612
'16NI',10601,61551,51112
'16NI',10601,61551,54012
'16NI',10601,61551,61012
'16NI',10601,61551,64012
'16NI',10601,61551,71012
'16NI',10601,61551,73012
'16NI',10601,61551,75012
'16NI',10601,61551,81012
'16NI',10601,61551,82612
'16NI',10601,61551,84012
'16NI',10601,61551,85212
'16NI',10601,61551,90212
'16NI',10601,61551,91212
'16NI',10601,61551,92212
'16NI',10601,61551,93212
'16NI',10601,61551,94212
'16NI',10601,61551,95212
'16NI',10601,61551,100212
'16NI',10601,61551,101212
'16NI',10601,61551,102212
'16NI',10601,61551,103212
'16NI',10601,61551,104212
'16NI',10601,61551,105212
'16NI',10601,61551,110212
'16NI',10601,61551,111212
'16NI',10601,61551,112212
'16NI',10601,61551,113212
'16NI',10601,61551,113912
'16NI',10601,61551,114612
'16NI',10601,61551,115412
'16NI',10601,61551,120212
'16NI',10601,61551,121012
'16NI',10601,61551,121812
'16NI',10601,61551,122612
'16NI',10601,61551,123412
'16NI',10601,61551,124212
'16NI',10601,61551,125012
'16NI',10601,61551,125812
'16NI',10601,61551,130612
'16NI',10601,61551,131312
'16NI',10601,61551,131912
'16NI',10601,61551,132512
'16NI',10601,61551,133512
'16NI',10601,61551,134512
'16NI',10601,61551,135512
'16NI',10601,61551,140512
'16NI',10601,61551,141312
'16NI',10601,61551,142112
'16NI',10601,61551,142812
'16NI',10601,61551,143612
'16NI',10601,61551,144312
'16NI',10601,61551,145112
'16NI',10601,61551,145912
'16NI',10601,61551,150712
'16NI',10601,61551,151512
'16NI',10601,61551,152312
'16NI',10601,61551,153112
'16NI',10601,61551,153812
'16NI',10601,61551,154512
'16NI',10601,61551,155212
'16NI',10601,61551,160112
'16NI',10601,61551,161112
'16NI',10601,61551,162112
'16NI',10601,61551,163112
'16NI',10601,61551,164112
'16NI',10601,61551,165112
'16NI',10601,61551,170112
'16NI',10601,61551,171012
'16NI',10601,61551,171912
'16NI',10601,61551,173012
'16NI',10601,61551,175212
'16NI',10601,61551,182012
'16NI',10601,61551,184912
'16NI',10601,61551,191812
'16NI',10601,61551,194612
'16NI',10601,61551,201412
'16NI',10601,61551,204312
'16NI',10601,61551,211212
'16NI',10601,61551,214112
'16NI',10601,61551,221112
'16NI',10601,61551,224212
'16NI',10601,61551,231312
'16NI',10601,61551,234412
'16NI',10601,61551,241312
'16NI',10601,61551,244212
'16NI',10601,61551,250612
'16NS',10601,61551,50112
'16NS',10601,61551,50912
'16NS',10601,61551,51812
'16NS',10601,61551,52812
'16NS',10601,61551,53712
'16NS',10601,61551,54612
'16NS',10601,61551,55512
'16NS',10601,61551,90112
'16NS',10601,61551,90912
'16NS',10601,61551,91712
'16NS',10601,61551,92512
'16NS',10601,61551,93312
'16NS',10601,61551,94112
'16NS',10601,61551,94912
'16NS',10601,61551,95712
'16NS',10601,61551,100512
'16NS',10601,61551,101312
'16NS',10601,61551,102012
'16NS',10601,61551,102712
'16NS',10601,61551,103312
'16NS',10601,61551,103912
'16NS',10601,61551,104612
'16NS',10601,61551,105312
'16NS',10601,61551,110012
'16NS',10601,61551,110812
'16NS',10601,61551,111512
'16NS',10601,61551,112212
'16NS',10601,61551,112912
'16NS',10601,61551,113612
'16NS',10601,61551,114212
'16NS',10601,61551,114812
'16NS',10601,61551,115512
'16NS',10601,61551,120212
'16NS',10601,61551,120812
'16NS',10601,61551,121512
'16NS',10601,61551,122212
'16NS',10601,61551,122912
'16NS',10601,61551,123612
'16NS',10601,61551,124312
'16NS',10601,61551,125112
'16NS',10601,61551,125912
'16NS',10601,61551,130712
'16NS',10601,61551,131512
'16NS',10601,61551,132312
'16NS',10601,61551,133112
'16NS',10601,61551,133912
'16NS',10601,61551,134612
'16NS',10601,61551,135412
'16NS',10601,61551,140212
'16NS',10601,61551,141112
'16NS',10601,61551,142012
'16NS',10601,61551,142912
'16NS',10601,61551,143812
'16NS',10601,61551,144712
'16NS',10601,61551,145812
'16NS',10601,61551,151312
'16NS',10601,61551,152912
'16NS',10601,61551,154512
'16NS',10601,61551,160112
'16NS',10601,61551,161012
'16NS',10601,61551,161812
'16NS',10601,61551,162612
'16NS',10601,61551,163412
'16NS',10601,61551,164212
'16NS',10601,61551,165112
'16NS',10601,61551,170112
'16NS',10601,61551,171212
'16NS',10601,61551,172312
'16NS',10601,61551,173412
'16NS',10601,61551,174712
'16NS',10601,61551,180012
'16NS',10601,61551,181612
'16NS',10601,61551,183712
'16NS',10601,61551,190412
'16NS',10601,61551,193112
'16NS',10601,61551,195512
'16NS',10601,61551,201912
'16NS',10601,61551,204412
'16NS',10601,61551,211412
'16NS',10601,61551,214412
'16NS',10601,61551,221412
'16NS',10601,61551,224212
'16NS',10601,61551,231012
'16NS',10601,61551,233912
'16NS',10601,61551,240712
'16NS',10601,61551,243612
'16NS',10601,61551,250712
'16NA',11201,61551,50107
'16NA',11201,61551,53107
'16NA',11201,61551,60207
'16NA',11201,61551,63207
'16NA',11201,61551,70307
'16NA',11201,61551,73307
'16NA',11201,61551,80407
'16NA',11201,61551,83407
'16NA',11201,61551,90407
'16NA',11201,61551,93107
'16NA',11201,61551,100107
'16NA',11201,61551,103107
'16NA',11201,61551,105107
'16NA',11201,61551,111107
'16NA',11201,61551,113107
'16NA',11201,61551,115307
'16NA',11201,61551,121507
'16NA',11201,61551,123907
'16NA',11201,61551,125907
'16NA',11201,61551,132207
'16NA',11201,61551,134507
'16NA',11201,61551,140907
'16NA',11201,61551,143307
'16NA',11201,61551,145607
'16NA',11201,61551,152007
'16NA',11201,61551,154007
'16NA',11201,61551,160007
'16NA',11201,61551,162607
'16NA',11201,61551,165207
'16NA',11201,61551,171107
'16NA',11201,61551,172907
'16NA',11201,61551,174707
'16NA',11201,61551,180607
'16NA',11201,61551,182907
'16NA',11201,61551,185307
'16NA',11201,61551,191707
'16NA',11201,61551,193907
'16NA',11201,61551,200107
'16NA',11201,61551,203107
'16NA',11201,61551,210207
'16NA',11201,61551,213207
'16NA',11201,61551,220107
'16NA',11201,61551,223107
'16NA',11201,61551,230207
'16NA',11201,61551,233207
'16NA',11201,61551,240307
'16NA',11201,61551,243307
'16NA',11201,61551,250307
'16NA',11201,61551,253307
'16NF1',11201,61551,50107
'16NF1',11201,61551,53107
'16NF1',11201,61551,60107
'16NF1',11201,61551,63107
'16NF1',11201,61551,70207
'16NF1',11201,61551,73207
'16NF1',11201,61551,80307
'16NF1',11201,61551,83307
'16NF1',11201,61551,90407
'16NF1',11201,61551,93607
'16NF1',11201,61551,100907
'16NF1',11201,61551,104207
'16NF1',11201,61551,111607
'16NF1',11201,61551,114907
'16NF1',11201,61551,122307
'16NF1',11201,61551,125607
'16NF1',11201,61551,133007
'16NF1',11201,61551,134907
'16NF1',11201,61551,141007
'16NF1',11201,61551,143407
'16NF1',11201,61551,150407
'16NF1',11201,61551,153507
'16NF1',11201,61551,160707
'16NF1',11201,61551,164007
'16NF1',11201,61551,171007
'16NF1',11201,61551,174007
'16NF1',11201,61551,181107
'16NF1',11201,61551,184307
'16NF1',11201,61551,191807
'16NF1',11201,61551,195007
'16NF1',11201,61551,202407
'16NF1',11201,61551,205607
'16NF1',11201,61551,212807
'16NF1',11201,61551,215907
'16NF1',11201,61551,223107
'16NF1',11201,61551,230307
'16NF1',11201,61551,233207
'16NF1',11201,61551,240407
'16NF1',11201,61551,243307
'16NF1',11201,61551,250207
'16NF2',11201,61551,50107
'16NF2',11201,61551,53107
'16NF2',11201,61551,60107
'16NF2',11201,61551,63107
'16NF2',11201,61551,70207
'16NF2',11201,61551,73207
'16NF2',11201,61551,80307
'16NF2',11201,61551,83307
'16NF2',11201,61551,90407
'16NF2',11201,61551,93607
'16NF2',11201,61551,100907
'16NF2',11201,61551,104207
'16NF2',11201,61551,111607
'16NF2',11201,61551,114907
'16NF2',11201,61551,122307
'16NF2',11201,61551,125607
'16NF2',11201,61551,133007
'16NF2',11201,61551,134907
'16NF2',11201,61551,141007
'16NF2',11201,61551,143407
'16NF2',11201,61551,150407
'16NF2',11201,61551,153507
'16NF2',11201,61551,160707
'16NF2',11201,61551,164007
'16NF2',11201,61551,171007
'16NF2',11201,61551,174007
'16NF2',11201,61551,181107
'16NF2',11201,61551,184307
'16NF2',11201,61551,191807
'16NF2',11201,61551,195007
'16NF2',11201,61551,202407
'16NF2',11201,61551,205607
'16NF2',11201,61551,212807
'16NF2',11201,61551,215907
'16NF2',11201,61551,223107
'16NF2',11201,61551,230307
'16NF2',11201,61551,233207
'16NF2',11201,61551,240407
'16NF2',11201,61551,243307
'16NF2',11201,61551,250207
'16NF3',11201,61551,50107
'16NF3',11201,61551,53107
'16NF3',11201,61551,60107
'16NF3',11201,61551,63107
'16NF3',11201,61551,70207
'16NF3',11201,61551,73207
'16NF3',11201,61551,80307
'16NF3',11201,61551,83307
'16NF3',11201,61551,90407
'16NF3',11201,61551,93607
'16NF3',11201,61551,100907
'16NF3',11201,61551,104207
'16NF3',11201,61551,111607
'16NF3',11201,61551,114907
'16NF3',11201,61551,122307
'16NF3',11201,61551,125607
'16NF3',11201,61551,133007
'16NF3',11201,61551,134907
'16NF3',11201,61551,141007
'16NF3',11201,61551,143407
'16NF3',11201,61551,150407
'16NF3',11201,61551,153507
'16NF3',11201,61551,160707
'16NF3',11201,61551,164007
'16NF3',11201,61551,171007
'16NF3',11201,61551,174007
'16NF3',11201,61551,181107
'16NF3',11201,61551,184307
'16NF3',11201,61551,191807
'16NF3',11201,61551,195007
'16NF3',11201,61551,202407
'16NF3',11201,61551,205607
'16NF3',11201,61551,212807
'16NF3',11201,61551,215907
'16NF3',11201,61551,223107
'16NF3',11201,61551,230307
'16NF3',11201,61551,233207
'16NF3',11201,61551,240407
'16NF3',11201,61551,243307
'16NF3',11201,61551,250207
'16NF4',11201,61551,50107
'16NF4',11201,61551,53107
'16NF4',11201,61551,60107
'16NF4',11201,61551,63107
'16NF4',11201,61551,70207
'16NF4',11201,61551,73207
'16NF4',11201,61551,80307
'16NF4',11201,61551,83307
'16NF4',11201,61551,90407
'16NF4',11201,61551,93607
'16NF4',11201,61551,100907
'16NF4',11201,61551,104207
'16NF4',11201,61551,111607
'16NF4',11201,61551,114907
'16NF4',11201,61551,122307
'16NF4',11201,61551,125607
'16NF4',11201,61551,133007
'16NF4',11201,61551,134907
'16NF4',11201,61551,141007
'16NF4',11201,61551,143407
'16NF4',11201,61551,150407
'16NF4',11201,61551,153507
'16NF4',11201,61551,160707
'16NF4',11201,61551,164007
'16NF4',11201,61551,171007
'16NF4',11201,61551,174007
'16NF4',11201,61551,181107
'16NF4',11201,61551,184307
'16NF4',11201,61551,191807
'16NF4',11201,61551,195007
'16NF4',11201,61551,202407
'16NF4',11201,61551,205607
'16NF4',11201,61551,212807
'16NF4',11201,61551,215907
'16NF4',11201,61551,223107
'16NF4',11201,61551,230307
'16NF4',11201,61551,233207
'16NF4',11201,61551,240407
'16NF4',11201,61551,243307
'16NF4',11201,61551,250207
'16NI',11201,61551,50107
'16NI',11201,61551,53107
'16NI',11201,61551,60107
'16NI',11201,61551,63107
'16NI',11201,61551,70207
'16NI',11201,61551,73207
'16NI',11201,61551,80307
'16NI',11201,61551,83307
'16NI',11201,61551,90407
'16NI',11201,61551,93607
'16NI',11201,61551,100907
'16NI',11201,61551,104207
'16NI',11201,61551,111607
'16NI',11201,61551,114907
'16NI',11201,61551,122307
'16NI',11201,61551,125607
'16NI',11201,61551,133007
'16NI',11201,61551,134907
'16NI',11201,61551,141007
'16NI',11201,61551,143407
'16NI',11201,61551,150407
'16NI',11201,61551,153507
'16NI',11201,61551,160707
'16NI',11201,61551,164007
'16NI',11201,61551,171007
'16NI',11201,61551,174007
'16NI',11201,61551,181107
'16NI',11201,61551,184307
'16NI',11201,61551,191807
'16NI',11201,61551,195007
'16NI',11201,61551,202407
'16NI',11201,61551,205607
'16NI',11201,61551,212807
'16NI',11201,61551,215907
'16NI',11201,61551,223107
'16NI',11201,61551,230307
'16NI',11201,61551,233207
'16NI',11201,61551,240407
'16NI',11201,61551,243307
'16NI',11201,61551,250207
'16NS',11201,61551,50107
'16NS',11201,61551,52207
'16NS',11201,61551,54207
'16NS',11201,61551,60207
'16NS',11201,61551,61507
'16NS',11201,61551,62707
'16NS',11201,61551,63707
'16NS',11201,61551,64607
'16NS',11201,61551,65507
'16NS',11201,61551,70607
'16NS',11201,61551,71707
'16NS',11201,61551,72807
'16NS',11201,61551,73607
'16NS',11201,61551,74307
'16NS',11201,61551,75007
'16NS',11201,61551,80007
'16NS',11201,61551,81307
'16NS',11201,61551,83507
'16NS',11201,61551,85907
'16NS',11201,61551,92307
'16NS',11201,61551,94107
'16NS',11201,61551,95907
'16NS',11201,61551,101907
'16NS',11201,61551,103907
'16NS',11201,61551,110007
'16NS',11201,61551,112007
'16NS',11201,61551,114007
'16NS',11201,61551,115907
'16NS',11201,61551,121507
'16NS',11201,61551,123007
'16NS',11201,61551,124507
'16NS',11201,61551,130007
'16NS',11201,61551,132107
'16NS',11201,61551,134207
'16NS',11201,61551,140407
'16NS',11201,61551,142607
'16NS',11201,61551,144707
'16NS',11201,61551,150907
'16NS',11201,61551,153007
'16NS',11201,61551,155107
'16NS',11201,61551,161207
'16NS',11201,61551,163607
'16NS',11201,61551,170407
'16NS',11201,61551,173307
'16NS',11201,61551,180307
'16NS',11201,61551,183307
'16NS',11201,61551,190307
'16NS',11201,61551,193307
'16NS',11201,61551,200307
'16NS',11201,61551,203307
'16NS',11201,61551,210107
'16NS',11201,61551,213207
'16NS',11201,61551,220307
'16NS',11201,61551,223207
'16NS',11201,61551,230407
'16NS',11201,61551,233507
'16NS',11201,61551,240307
'16NS',11201,61551,243207
'16NS',11201,61551,250207
'16NS',40601,61551,60312
'16NS',40601,61551,61112
'16NS',40601,61551,61912
'16NS',40601,61551,62212
'16NS',40601,61551,62712
'16NS',40601,61551,63112
'16NS',40601,61551,63512
'16NS',40601,61551,63912
'16NS',40601,61551,64312
'16NS',40601,61551,64712
'16NS',40601,61551,65112
'16NS',40601,61551,65512
'16NS',40601,61551,65912
'16NS',40601,61551,70212
'16NS',40601,61551,70412
'16NS',40601,61551,70512
'16NS',40601,61551,70812
'16NS',40601,61551,71212
'16NS',40601,61551,71512
'16NS',40601,61551,71912
'16NS',40601,61551,72212
'16NS',40601,61551,72512
'16NS',40601,61551,73012
'16NS',40601,61551,73312
'16NS',40601,61551,73512
'16NS',40601,61551,73912
'16NS',40601,61551,74212
'16NS',40601,61551,74512
'16NS',40601,61551,74712
'16NS',40601,61551,74812
'16NS',40601,61551,75112
'16NS',40601,61551,75612
'16NS',40601,61551,80212
'16NS',40601,61551,80612
'16NS',40601,61551,81012
'16NS',40601,61551,81512
'16NS',40601,61551,82012
'16NS',40601,61551,82512
'16NS',40601,61551,83012
'16NS',40601,61551,83312
'16NS',40601,61551,83612
'16NS',40601,61551,84112
'16NS',40601,61551,84612
'16NS',40601,61551,85312
