'15SA',1004,51223,51443
'15SA',1004,51223,54143
'15SA',1004,51223,60843
'15SA',1004,51223,63543
'15SA',1004,51223,70243
'15SA',1004,51223,73043
'15SA',1004,51223,75843
'15SA',1004,51223,82743
'15SA',1004,51223,85643
'15SA',1004,51223,92543
'15SA',1004,51223,95443
'15SA',1004,51223,102343
'15SA',1004,51223,105243
'15SA',1004,51223,112143
'15SA',1004,51223,115043
'15SA',1004,51223,121943
'15SA',1004,51223,124843
'15SA',1004,51223,131743
'15SA',1004,51223,134643
'15SA',1004,51223,141543
'15SA',1004,51223,144443
'15SA',1004,51223,151343
'15SA',1004,51223,154243
'15SA',1004,51223,161143
'15SA',1004,51223,164043
'15SA',1004,51223,170943
'15SA',1004,51223,173843
'15SA',1004,51223,180743
'15SA',1004,51223,183643
'15SA',1004,51223,190343
'15SA',1004,51223,193043
'15SA',1004,51223,195743
'15SA',1004,51223,202443
'15SA',1004,51223,205143
'15SA',1004,51223,211843
'15SA',1004,51223,214543
'15SA',1004,51223,221243
'15SA',1004,51223,224043
'15SA',1004,51223,230843
'15SA',1004,51223,233815
'15SA',1004,51223,240815
'15SA',1004,51223,243815
'15SA',1004,51223,250815
'15SF1',1004,51223,51415
'15SF1',1004,51223,54215
'15SF1',1004,51223,61015
'15SF1',1004,51223,63843
'15SF1',1004,51223,70743
'15SF1',1004,51223,73643
'15SF1',1004,51223,80643
'15SF1',1004,51223,83643
'15SF1',1004,51223,90643
'15SF1',1004,51223,93643
'15SF1',1004,51223,100643
'15SF1',1004,51223,103643
'15SF1',1004,51223,110643
'15SF1',1004,51223,113643
'15SF1',1004,51223,120643
'15SF1',1004,51223,123643
'15SF1',1004,51223,130643
'15SF1',1004,51223,133643
'15SF1',1004,51223,140643
'15SF1',1004,51223,143643
'15SF1',1004,51223,150643
'15SF1',1004,51223,153643
'15SF1',1004,51223,160643
'15SF1',1004,51223,163643
'15SF1',1004,51223,170643
'15SF1',1004,51223,173643
'15SF1',1004,51223,180643
'15SF1',1004,51223,183643
'15SF1',1004,51223,190543
'15SF1',1004,51223,193343
'15SF1',1004,51223,200043
'15SF1',1004,51223,202843
'15SF1',1004,51223,205543
'15SF1',1004,51223,212343
'15SF1',1004,51223,215043
'15SF1',1004,51223,221843
'15SF1',1004,51223,224643
'15SF1',1004,51223,231443
'15SF1',1004,51223,234343
'15SF1',1004,51223,241343
'15SF1',1004,51223,244343
'15SF2',1004,51223,51415
'15SF2',1004,51223,54215
'15SF2',1004,51223,61015
'15SF2',1004,51223,63843
'15SF2',1004,51223,70743
'15SF2',1004,51223,73643
'15SF2',1004,51223,80643
'15SF2',1004,51223,83643
'15SF2',1004,51223,90643
'15SF2',1004,51223,93643
'15SF2',1004,51223,100643
'15SF2',1004,51223,103643
'15SF2',1004,51223,110643
'15SF2',1004,51223,113643
'15SF2',1004,51223,120643
'15SF2',1004,51223,123643
'15SF2',1004,51223,130643
'15SF2',1004,51223,133643
'15SF2',1004,51223,140643
'15SF2',1004,51223,143643
'15SF2',1004,51223,150643
'15SF2',1004,51223,153643
'15SF2',1004,51223,160643
'15SF2',1004,51223,163643
'15SF2',1004,51223,170643
'15SF2',1004,51223,173643
'15SF2',1004,51223,180643
'15SF2',1004,51223,183643
'15SF2',1004,51223,190543
'15SF2',1004,51223,193343
'15SF2',1004,51223,200043
'15SF2',1004,51223,202843
'15SF2',1004,51223,205543
'15SF2',1004,51223,212343
'15SF2',1004,51223,215043
'15SF2',1004,51223,221843
'15SF2',1004,51223,224643
'15SF2',1004,51223,231443
'15SF2',1004,51223,234343
'15SF2',1004,51223,241343
'15SF2',1004,51223,244343
'15SI',1004,51223,51415
'15SI',1004,51223,54215
'15SI',1004,51223,61015
'15SI',1004,51223,63843
'15SI',1004,51223,70743
'15SI',1004,51223,73643
'15SI',1004,51223,80643
'15SI',1004,51223,83643
'15SI',1004,51223,90643
'15SI',1004,51223,93643
'15SI',1004,51223,100643
'15SI',1004,51223,103643
'15SI',1004,51223,110643
'15SI',1004,51223,113643
'15SI',1004,51223,120643
'15SI',1004,51223,123643
'15SI',1004,51223,130643
'15SI',1004,51223,133643
'15SI',1004,51223,140643
'15SI',1004,51223,143643
'15SI',1004,51223,150643
'15SI',1004,51223,153643
'15SI',1004,51223,160643
'15SI',1004,51223,163643
'15SI',1004,51223,170643
'15SI',1004,51223,173643
'15SI',1004,51223,180643
'15SI',1004,51223,183643
'15SI',1004,51223,190543
'15SI',1004,51223,193343
'15SI',1004,51223,200043
'15SI',1004,51223,202843
'15SI',1004,51223,205543
'15SI',1004,51223,212343
'15SI',1004,51223,215043
'15SI',1004,51223,221843
'15SI',1004,51223,224643
'15SI',1004,51223,231443
'15SI',1004,51223,234343
'15SI',1004,51223,241343
'15SI',1004,51223,244343
'15SS',1004,51223,51243
'15SS',1004,51223,54143
'15SS',1004,51223,60943
'15SS',1004,51223,63843
'15SS',1004,51223,70711
'15SS',1004,51223,72511
'15SS',1004,51223,74311
'15SS',1004,51223,80311
'15SS',1004,51223,82911
'15SS',1004,51223,85711
'15SS',1004,51223,92243
'15SS',1004,51223,94643
'15SS',1004,51223,101043
'15SS',1004,51223,103443
'15SS',1004,51223,105843
'15SS',1004,51223,112243
'15SS',1004,51223,114643
'15SS',1004,51223,121043
'15SS',1004,51223,123443
'15SS',1004,51223,125843
'15SS',1004,51223,132343
'15SS',1004,51223,134843
'15SS',1004,51223,141343
'15SS',1004,51223,143911
'15SS',1004,51223,150411
'15SS',1004,51223,152911
'15SS',1004,51223,155811
'15SS',1004,51223,162611
'15SS',1004,51223,165411
'15SS',1004,51223,172311
'15SS',1004,51223,175411
'15SS',1004,51223,182343
'15SS',1004,51223,185043
'15SS',1004,51223,191743
'15SS',1004,51223,194443
'15SS',1004,51223,201343
'15SS',1004,51223,204343
'15SS',1004,51223,211343
'15SS',1004,51223,214343
'15SS',1004,51223,221343
'15SS',1004,51223,224343
'15SS',1004,51223,231343
'15SS',1004,51223,234343
'15SS',1004,51223,241343
'15SS',1004,51223,244343
'15SA',19201,51223,53433
'15SA',19201,51223,60433
'15SA',19201,51223,63433
'15SA',19201,51223,70433
'15SA',19201,51223,73433
'15SA',19201,51223,80518
'15SA',19201,51223,83518
'15SA',19201,51223,90518
'15SA',19201,51223,93518
'15SA',19201,51223,100518
'15SA',19201,51223,103518
'15SA',19201,51223,110604
'15SA',19201,51223,113604
'15SA',19201,51223,120604
'15SA',19201,51223,123604
'15SA',19201,51223,130604
'15SA',19201,51223,133604
'15SA',19201,51223,140604
'15SA',19201,51223,143604
'15SA',19201,51223,150604
'15SA',19201,51223,153604
'15SA',19201,51223,160604
'15SA',19201,51223,163604
'15SA',19201,51223,170604
'15SA',19201,51223,173604
'15SA',19201,51223,180604
'15SA',19201,51223,183518
'15SA',19201,51223,190518
'15SA',19201,51223,193518
'15SA',19201,51223,200518
'15SA',19201,51223,203518
'15SA',19201,51223,210518
'15SA',19201,51223,213518
'15SA',19201,51223,220433
'15SA',19201,51223,223433
'15SA',19201,51223,230433
'15SA',19201,51223,233433
'15SA',19201,51223,240433
'15SA',19201,51223,243433
'15SA',19201,51223,250433
'15SA',19201,51223,254433
'15SF1',19201,51223,53733
'15SF1',19201,51223,60433
'15SF1',19201,51223,63433
'15SF1',19201,51223,70433
'15SF1',19201,51223,73433
'15SF1',19201,51223,80518
'15SF1',19201,51223,83518
'15SF1',19201,51223,90518
'15SF1',19201,51223,93518
'15SF1',19201,51223,100518
'15SF1',19201,51223,103518
'15SF1',19201,51223,110518
'15SF1',19201,51223,113518
'15SF1',19201,51223,120518
'15SF1',19201,51223,123518
'15SF1',19201,51223,130518
'15SF1',19201,51223,133518
'15SF1',19201,51223,140518
'15SF1',19201,51223,143518
'15SF1',19201,51223,150518
'15SF1',19201,51223,153518
'15SF1',19201,51223,160518
'15SF1',19201,51223,163518
'15SF1',19201,51223,170518
'15SF1',19201,51223,173518
'15SF1',19201,51223,180518
'15SF1',19201,51223,183518
'15SF1',19201,51223,190518
'15SF1',19201,51223,193518
'15SF1',19201,51223,200518
'15SF1',19201,51223,203433
'15SF1',19201,51223,210433
'15SF1',19201,51223,213433
'15SF1',19201,51223,220433
'15SF1',19201,51223,223433
'15SF1',19201,51223,230433
'15SF1',19201,51223,233433
'15SF1',19201,51223,240433
'15SF1',19201,51223,243433
'15SF1',19201,51223,250433
'15SF1',19201,51223,253933
'15SF2',19201,51223,53733
'15SF2',19201,51223,60433
'15SF2',19201,51223,63433
'15SF2',19201,51223,70433
'15SF2',19201,51223,73433
'15SF2',19201,51223,80518
'15SF2',19201,51223,83518
'15SF2',19201,51223,90518
'15SF2',19201,51223,93518
'15SF2',19201,51223,100518
'15SF2',19201,51223,103518
'15SF2',19201,51223,110518
'15SF2',19201,51223,113518
'15SF2',19201,51223,120518
'15SF2',19201,51223,123518
'15SF2',19201,51223,130518
'15SF2',19201,51223,133518
'15SF2',19201,51223,140518
'15SF2',19201,51223,143518
'15SF2',19201,51223,150518
'15SF2',19201,51223,153518
'15SF2',19201,51223,160518
'15SF2',19201,51223,163518
'15SF2',19201,51223,170518
'15SF2',19201,51223,173518
'15SF2',19201,51223,180518
'15SF2',19201,51223,183518
'15SF2',19201,51223,190518
'15SF2',19201,51223,193518
'15SF2',19201,51223,200518
'15SF2',19201,51223,203433
'15SF2',19201,51223,210433
'15SF2',19201,51223,213433
'15SF2',19201,51223,220433
'15SF2',19201,51223,223433
'15SF2',19201,51223,230433
'15SF2',19201,51223,233433
'15SF2',19201,51223,240433
'15SF2',19201,51223,243433
'15SF2',19201,51223,250433
'15SF2',19201,51223,253933
'15SI',19201,51223,53733
'15SI',19201,51223,60433
'15SI',19201,51223,63433
'15SI',19201,51223,70433
'15SI',19201,51223,73433
'15SI',19201,51223,80518
'15SI',19201,51223,83518
'15SI',19201,51223,90518
'15SI',19201,51223,93518
'15SI',19201,51223,100518
'15SI',19201,51223,103518
'15SI',19201,51223,110518
'15SI',19201,51223,113518
'15SI',19201,51223,120518
'15SI',19201,51223,123518
'15SI',19201,51223,130518
'15SI',19201,51223,133518
'15SI',19201,51223,140518
'15SI',19201,51223,143518
'15SI',19201,51223,150518
'15SI',19201,51223,153518
'15SI',19201,51223,160518
'15SI',19201,51223,163518
'15SI',19201,51223,170518
'15SI',19201,51223,173518
'15SI',19201,51223,180518
'15SI',19201,51223,183518
'15SI',19201,51223,190518
'15SI',19201,51223,193518
'15SI',19201,51223,200518
'15SI',19201,51223,203433
'15SI',19201,51223,210433
'15SI',19201,51223,213433
'15SI',19201,51223,220433
'15SI',19201,51223,223433
'15SI',19201,51223,230433
'15SI',19201,51223,233433
'15SI',19201,51223,240433
'15SI',19201,51223,243433
'15SI',19201,51223,250433
'15SI',19201,51223,253933
'15SS',19201,51223,53818
'15SS',19201,51223,55518
'15SS',19201,51223,61318
'15SS',19201,51223,62904
'15SS',19201,51223,64404
'15SS',19201,51223,70104
'15SS',19201,51223,71949
'15SS',19201,51223,73649
'15SS',19201,51223,80649
'15SS',19201,51223,83604
'15SS',19201,51223,90604
'15SS',19201,51223,93604
'15SS',19201,51223,100604
'15SS',19201,51223,103604
'15SS',19201,51223,110604
'15SS',19201,51223,113604
'15SS',19201,51223,120604
'15SS',19201,51223,123604
'15SS',19201,51223,130604
'15SS',19201,51223,133604
'15SS',19201,51223,140649
'15SS',19201,51223,143649
'15SS',19201,51223,150735
'15SS',19201,51223,153735
'15SS',19201,51223,160035
'15SS',19201,51223,162435
'15SS',19201,51223,164635
'15SS',19201,51223,171149
'15SS',19201,51223,174149
'15SS',19201,51223,181104
'15SS',19201,51223,184104
'15SS',19201,51223,191018
'15SS',19201,51223,194018
'15SS',19201,51223,201018
'15SS',19201,51223,204018
'15SS',19201,51223,211018
'15SS',19201,51223,214018
'15SS',19201,51223,221018
'15SS',19201,51223,224018
'15SS',19201,51223,231018
'15SS',19201,51223,234018
'15SS',19201,51223,241018
'15SS',19201,51223,243847
'15SS',19201,51223,250847
'15SS',19201,51223,253847
