'18MA',10502,50854,54828
'18MA',10502,50854,61928
'18MA',10502,50854,65028
'18MA',10502,50854,72028
'18MA',10502,50854,74728
'18MA',10502,50854,81428
'18MA',10502,50854,84205
'18MA',10502,50854,90505
'18MA',10502,50854,92205
'18MA',10502,50854,93642
'18MA',10502,50854,95042
'18MA',10502,50854,100342
'18MA',10502,50854,101542
'18MA',10502,50854,102742
'18MA',10502,50854,103942
'18MA',10502,50854,105042
'18MA',10502,50854,110142
'18MA',10502,50854,111242
'18MA',10502,50854,112342
'18MA',10502,50854,113342
'18MA',10502,50854,114242
'18MA',10502,50854,115242
'18MA',10502,50854,115942
'18MA',10502,50854,120642
'18MA',10502,50854,121442
'18MA',10502,50854,122242
'18MA',10502,50854,122942
'18MA',10502,50854,123642
'18MA',10502,50854,124342
'18MA',10502,50854,125042
'18MA',10502,50854,125742
'18MA',10502,50854,130542
'18MA',10502,50854,131342
'18MA',10502,50854,132042
'18MA',10502,50854,132742
'18MA',10502,50854,133342
'18MA',10502,50854,133842
'18MA',10502,50854,134442
'18MA',10502,50854,135042
'18MA',10502,50854,135742
'18MA',10502,50854,140442
'18MA',10502,50854,141142
'18MA',10502,50854,141942
'18MA',10502,50854,142742
'18MA',10502,50854,143442
'18MA',10502,50854,143942
'18MA',10502,50854,144442
'18MA',10502,50854,144842
'18MA',10502,50854,145342
'18MA',10502,50854,145842
'18MA',10502,50854,150342
'18MA',10502,50854,150842
'18MA',10502,50854,151342
'18MA',10502,50854,151842
'18MA',10502,50854,152342
'18MA',10502,50854,152742
'18MA',10502,50854,153242
'18MA',10502,50854,153742
'18MA',10502,50854,154242
'18MA',10502,50854,154742
'18MA',10502,50854,155342
'18MA',10502,50854,155842
'18MA',10502,50854,160342
'18MA',10502,50854,160742
'18MA',10502,50854,161142
'18MA',10502,50854,161542
'18MA',10502,50854,162042
'18MA',10502,50854,162642
'18MA',10502,50854,163242
'18MA',10502,50854,163842
'18MA',10502,50854,164342
'18MA',10502,50854,164742
'18MA',10502,50854,165142
'18MA',10502,50854,165542
'18MA',10502,50854,165942
'18MA',10502,50854,170342
'18MA',10502,50854,170742
'18MA',10502,50854,171142
'18MA',10502,50854,171642
'18MA',10502,50854,172242
'18MA',10502,50854,172742
'18MA',10502,50854,173142
'18MA',10502,50854,173542
'18MA',10502,50854,173942
'18MA',10502,50854,174342
'18MA',10502,50854,174642
'18MA',10502,50854,175042
'18MA',10502,50854,175542
'18MA',10502,50854,175942
'18MA',10502,50854,180342
'18MA',10502,50854,180742
'18MA',10502,50854,181042
'18MA',10502,50854,181442
'18MA',10502,50854,181842
'18MA',10502,50854,182242
'18MA',10502,50854,182642
'18MA',10502,50854,183042
'18MA',10502,50854,183442
'18MA',10502,50854,183842
'18MA',10502,50854,184342
'18MA',10502,50854,184742
'18MA',10502,50854,185242
'18MA',10502,50854,185642
'18MA',10502,50854,190042
'18MA',10502,50854,190542
'18MA',10502,50854,190942
'18MA',10502,50854,191442
'18MA',10502,50854,191842
'18MA',10502,50854,192242
'18MA',10502,50854,192842
'18MA',10502,50854,193642
'18MA',10502,50854,194342
'18MA',10502,50854,195042
'18MA',10502,50854,195642
'18MA',10502,50854,200242
'18MA',10502,50854,200942
'18MA',10502,50854,201642
'18MA',10502,50854,202242
'18MA',10502,50854,202942
'18MA',10502,50854,203642
'18MA',10502,50854,204342
'18MA',10502,50854,204942
'18MA',10502,50854,205642
'18MA',10502,50854,210442
'18MA',10502,50854,211142
'18MA',10502,50854,211842
'18MA',10502,50854,212642
'18MA',10502,50854,213442
'18MA',10502,50854,214242
'18MA',10502,50854,215042
'18MA',10502,50854,215742
'18MA',10502,50854,220442
'18MA',10502,50854,221242
'18MA',10502,50854,222042
'18MA',10502,50854,222842
'18MA',10502,50854,223542
'18MA',10502,50854,224342
'18MA',10502,50854,225242
'18MA',10502,50854,230042
'18MA',10502,50854,230842
'18MA',10502,50854,231642
'18MA',10502,50854,232442
'18MA',10502,50854,233142
'18MA',10502,50854,233742
'18MA',10502,50854,234342
'18MA',10502,50854,235042
'18MA',10502,50854,235742
'18MA',10502,50854,240542
'18MA',10502,50854,241442
'18MA',10502,50854,242442
'18MA',10502,50854,243442
'18MA',10502,50854,244505
'18MA',10502,50854,245728
'18MA',10502,50854,251028
'18MA',10502,50854,253028
'18MA',10502,50854,260128
'18MF1',10502,50854,54828
'18MF1',10502,50854,61928
'18MF1',10502,50854,65028
'18MF1',10502,50854,72028
'18MF1',10502,50854,74728
'18MF1',10502,50854,81428
'18MF1',10502,50854,84205
'18MF1',10502,50854,90505
'18MF1',10502,50854,92205
'18MF1',10502,50854,93642
'18MF1',10502,50854,95042
'18MF1',10502,50854,100342
'18MF1',10502,50854,101542
'18MF1',10502,50854,102742
'18MF1',10502,50854,103942
'18MF1',10502,50854,105042
'18MF1',10502,50854,110142
'18MF1',10502,50854,111242
'18MF1',10502,50854,112342
'18MF1',10502,50854,113342
'18MF1',10502,50854,114242
'18MF1',10502,50854,115242
'18MF1',10502,50854,115942
'18MF1',10502,50854,120642
'18MF1',10502,50854,121442
'18MF1',10502,50854,122242
'18MF1',10502,50854,122942
'18MF1',10502,50854,123642
'18MF1',10502,50854,124342
'18MF1',10502,50854,125042
'18MF1',10502,50854,125842
'18MF1',10502,50854,130642
'18MF1',10502,50854,131342
'18MF1',10502,50854,132042
'18MF1',10502,50854,132742
'18MF1',10502,50854,133342
'18MF1',10502,50854,133842
'18MF1',10502,50854,134442
'18MF1',10502,50854,135042
'18MF1',10502,50854,135742
'18MF1',10502,50854,140442
'18MF1',10502,50854,141142
'18MF1',10502,50854,141942
'18MF1',10502,50854,142742
'18MF1',10502,50854,143442
'18MF1',10502,50854,143942
'18MF1',10502,50854,144442
'18MF1',10502,50854,144842
'18MF1',10502,50854,145342
'18MF1',10502,50854,145842
'18MF1',10502,50854,150342
'18MF1',10502,50854,150842
'18MF1',10502,50854,151342
'18MF1',10502,50854,151842
'18MF1',10502,50854,152342
'18MF1',10502,50854,152742
'18MF1',10502,50854,153242
'18MF1',10502,50854,153742
'18MF1',10502,50854,154242
'18MF1',10502,50854,154742
'18MF1',10502,50854,155342
'18MF1',10502,50854,155842
'18MF1',10502,50854,160342
'18MF1',10502,50854,160742
'18MF1',10502,50854,161142
'18MF1',10502,50854,161542
'18MF1',10502,50854,162042
'18MF1',10502,50854,162642
'18MF1',10502,50854,163242
'18MF1',10502,50854,163842
'18MF1',10502,50854,164342
'18MF1',10502,50854,164742
'18MF1',10502,50854,165142
'18MF1',10502,50854,165542
'18MF1',10502,50854,165942
'18MF1',10502,50854,170342
'18MF1',10502,50854,170742
'18MF1',10502,50854,171142
'18MF1',10502,50854,171642
'18MF1',10502,50854,172242
'18MF1',10502,50854,172742
'18MF1',10502,50854,173142
'18MF1',10502,50854,173542
'18MF1',10502,50854,173942
'18MF1',10502,50854,174342
'18MF1',10502,50854,174642
'18MF1',10502,50854,175042
'18MF1',10502,50854,175542
'18MF1',10502,50854,175942
'18MF1',10502,50854,180342
'18MF1',10502,50854,180742
'18MF1',10502,50854,181042
'18MF1',10502,50854,181442
'18MF1',10502,50854,181842
'18MF1',10502,50854,182242
'18MF1',10502,50854,182642
'18MF1',10502,50854,183042
'18MF1',10502,50854,183442
'18MF1',10502,50854,183842
'18MF1',10502,50854,184342
'18MF1',10502,50854,184742
'18MF1',10502,50854,185242
'18MF1',10502,50854,185642
'18MF1',10502,50854,190042
'18MF1',10502,50854,190542
'18MF1',10502,50854,190942
'18MF1',10502,50854,191442
'18MF1',10502,50854,191842
'18MF1',10502,50854,192242
'18MF1',10502,50854,192842
'18MF1',10502,50854,193642
'18MF1',10502,50854,194342
'18MF1',10502,50854,195042
'18MF1',10502,50854,195642
'18MF1',10502,50854,200242
'18MF1',10502,50854,200942
'18MF1',10502,50854,201642
'18MF1',10502,50854,202242
'18MF1',10502,50854,202942
'18MF1',10502,50854,203642
'18MF1',10502,50854,204342
'18MF1',10502,50854,204942
'18MF1',10502,50854,205642
'18MF1',10502,50854,210442
'18MF1',10502,50854,211142
'18MF1',10502,50854,211842
'18MF1',10502,50854,212642
'18MF1',10502,50854,213442
'18MF1',10502,50854,214242
'18MF1',10502,50854,215042
'18MF1',10502,50854,215842
'18MF1',10502,50854,220542
'18MF1',10502,50854,221242
'18MF1',10502,50854,222042
'18MF1',10502,50854,222842
'18MF1',10502,50854,223542
'18MF1',10502,50854,224342
'18MF1',10502,50854,225242
'18MF1',10502,50854,230042
'18MF1',10502,50854,230842
'18MF1',10502,50854,231642
'18MF1',10502,50854,232442
'18MF1',10502,50854,233142
'18MF1',10502,50854,233742
'18MF1',10502,50854,234342
'18MF1',10502,50854,235042
'18MF1',10502,50854,235742
'18MF1',10502,50854,240542
'18MF1',10502,50854,241442
'18MF1',10502,50854,242442
'18MF1',10502,50854,243442
'18MF1',10502,50854,244505
'18MF1',10502,50854,245728
'18MF1',10502,50854,251028
'18MF1',10502,50854,253028
'18MF2',10502,50854,54828
'18MF2',10502,50854,61928
'18MF2',10502,50854,65028
'18MF2',10502,50854,72028
'18MF2',10502,50854,74728
'18MF2',10502,50854,81428
'18MF2',10502,50854,84205
'18MF2',10502,50854,90505
'18MF2',10502,50854,92205
'18MF2',10502,50854,93642
'18MF2',10502,50854,95042
'18MF2',10502,50854,100342
'18MF2',10502,50854,101542
'18MF2',10502,50854,102742
'18MF2',10502,50854,103942
'18MF2',10502,50854,105042
'18MF2',10502,50854,110142
'18MF2',10502,50854,111242
'18MF2',10502,50854,112342
'18MF2',10502,50854,113342
'18MF2',10502,50854,114242
'18MF2',10502,50854,115242
'18MF2',10502,50854,115942
'18MF2',10502,50854,120642
'18MF2',10502,50854,121442
'18MF2',10502,50854,122242
'18MF2',10502,50854,122942
'18MF2',10502,50854,123642
'18MF2',10502,50854,124342
'18MF2',10502,50854,125042
'18MF2',10502,50854,125842
'18MF2',10502,50854,130642
'18MF2',10502,50854,131342
'18MF2',10502,50854,132042
'18MF2',10502,50854,132742
'18MF2',10502,50854,133342
'18MF2',10502,50854,133842
'18MF2',10502,50854,134442
'18MF2',10502,50854,135042
'18MF2',10502,50854,135742
'18MF2',10502,50854,140442
'18MF2',10502,50854,141142
'18MF2',10502,50854,141942
'18MF2',10502,50854,142742
'18MF2',10502,50854,143442
'18MF2',10502,50854,143942
'18MF2',10502,50854,144442
'18MF2',10502,50854,144842
'18MF2',10502,50854,145342
'18MF2',10502,50854,145842
'18MF2',10502,50854,150342
'18MF2',10502,50854,150842
'18MF2',10502,50854,151342
'18MF2',10502,50854,151842
'18MF2',10502,50854,152342
'18MF2',10502,50854,152742
'18MF2',10502,50854,153242
'18MF2',10502,50854,153742
'18MF2',10502,50854,154242
'18MF2',10502,50854,154742
'18MF2',10502,50854,155342
'18MF2',10502,50854,155842
'18MF2',10502,50854,160342
'18MF2',10502,50854,160742
'18MF2',10502,50854,161142
'18MF2',10502,50854,161542
'18MF2',10502,50854,162042
'18MF2',10502,50854,162642
'18MF2',10502,50854,163242
'18MF2',10502,50854,163842
'18MF2',10502,50854,164342
'18MF2',10502,50854,164742
'18MF2',10502,50854,165142
'18MF2',10502,50854,165542
'18MF2',10502,50854,165942
'18MF2',10502,50854,170342
'18MF2',10502,50854,170742
'18MF2',10502,50854,171142
'18MF2',10502,50854,171642
'18MF2',10502,50854,172242
'18MF2',10502,50854,172742
'18MF2',10502,50854,173142
'18MF2',10502,50854,173542
'18MF2',10502,50854,173942
'18MF2',10502,50854,174342
'18MF2',10502,50854,174642
'18MF2',10502,50854,175042
'18MF2',10502,50854,175542
'18MF2',10502,50854,175942
'18MF2',10502,50854,180342
'18MF2',10502,50854,180742
'18MF2',10502,50854,181042
'18MF2',10502,50854,181442
'18MF2',10502,50854,181842
'18MF2',10502,50854,182242
'18MF2',10502,50854,182642
'18MF2',10502,50854,183042
'18MF2',10502,50854,183442
'18MF2',10502,50854,183842
'18MF2',10502,50854,184342
'18MF2',10502,50854,184742
'18MF2',10502,50854,185242
'18MF2',10502,50854,185642
'18MF2',10502,50854,190042
'18MF2',10502,50854,190542
'18MF2',10502,50854,190942
'18MF2',10502,50854,191442
'18MF2',10502,50854,191842
'18MF2',10502,50854,192242
'18MF2',10502,50854,192842
'18MF2',10502,50854,193642
'18MF2',10502,50854,194342
'18MF2',10502,50854,195042
'18MF2',10502,50854,195642
'18MF2',10502,50854,200242
'18MF2',10502,50854,200942
'18MF2',10502,50854,201642
'18MF2',10502,50854,202242
'18MF2',10502,50854,202942
'18MF2',10502,50854,203642
'18MF2',10502,50854,204342
'18MF2',10502,50854,204942
'18MF2',10502,50854,205642
'18MF2',10502,50854,210442
'18MF2',10502,50854,211142
'18MF2',10502,50854,211842
'18MF2',10502,50854,212642
'18MF2',10502,50854,213442
'18MF2',10502,50854,214242
'18MF2',10502,50854,215042
'18MF2',10502,50854,215742
'18MF2',10502,50854,220442
'18MF2',10502,50854,221242
'18MF2',10502,50854,222042
'18MF2',10502,50854,222842
'18MF2',10502,50854,223542
'18MF2',10502,50854,224342
'18MF2',10502,50854,225242
'18MF2',10502,50854,230042
'18MF2',10502,50854,230842
'18MF2',10502,50854,231642
'18MF2',10502,50854,232442
'18MF2',10502,50854,233142
'18MF2',10502,50854,233742
'18MF2',10502,50854,234342
'18MF2',10502,50854,235042
'18MF2',10502,50854,235742
'18MF2',10502,50854,240542
'18MF2',10502,50854,241442
'18MF2',10502,50854,242442
'18MF2',10502,50854,243442
'18MF2',10502,50854,244505
'18MF2',10502,50854,245728
'18MF2',10502,50854,251028
'18MF2',10502,50854,253028
'18MF3',10502,50854,54828
'18MF3',10502,50854,61928
'18MF3',10502,50854,65028
'18MF3',10502,50854,72028
'18MF3',10502,50854,74728
'18MF3',10502,50854,81428
'18MF3',10502,50854,84205
'18MF3',10502,50854,90505
'18MF3',10502,50854,92205
'18MF3',10502,50854,93642
'18MF3',10502,50854,95042
'18MF3',10502,50854,100342
'18MF3',10502,50854,101542
'18MF3',10502,50854,102742
'18MF3',10502,50854,103942
'18MF3',10502,50854,105042
'18MF3',10502,50854,110142
'18MF3',10502,50854,111242
'18MF3',10502,50854,112342
'18MF3',10502,50854,113342
'18MF3',10502,50854,114242
'18MF3',10502,50854,115242
'18MF3',10502,50854,115942
'18MF3',10502,50854,120642
'18MF3',10502,50854,121442
'18MF3',10502,50854,122242
'18MF3',10502,50854,122942
'18MF3',10502,50854,123642
'18MF3',10502,50854,124342
'18MF3',10502,50854,125042
'18MF3',10502,50854,125842
'18MF3',10502,50854,130642
'18MF3',10502,50854,131342
'18MF3',10502,50854,132042
'18MF3',10502,50854,132742
'18MF3',10502,50854,133342
'18MF3',10502,50854,133842
'18MF3',10502,50854,134442
'18MF3',10502,50854,135042
'18MF3',10502,50854,135742
'18MF3',10502,50854,140442
'18MF3',10502,50854,141142
'18MF3',10502,50854,141942
'18MF3',10502,50854,142742
'18MF3',10502,50854,143442
'18MF3',10502,50854,143942
'18MF3',10502,50854,144442
'18MF3',10502,50854,144842
'18MF3',10502,50854,145342
'18MF3',10502,50854,145842
'18MF3',10502,50854,150342
'18MF3',10502,50854,150842
'18MF3',10502,50854,151342
'18MF3',10502,50854,151842
'18MF3',10502,50854,152342
'18MF3',10502,50854,152742
'18MF3',10502,50854,153242
'18MF3',10502,50854,153742
'18MF3',10502,50854,154242
'18MF3',10502,50854,154742
'18MF3',10502,50854,155342
'18MF3',10502,50854,155842
'18MF3',10502,50854,160342
'18MF3',10502,50854,160742
'18MF3',10502,50854,161142
'18MF3',10502,50854,161542
'18MF3',10502,50854,162042
'18MF3',10502,50854,162642
'18MF3',10502,50854,163242
'18MF3',10502,50854,163842
'18MF3',10502,50854,164342
'18MF3',10502,50854,164742
'18MF3',10502,50854,165142
'18MF3',10502,50854,165542
'18MF3',10502,50854,165942
'18MF3',10502,50854,170342
'18MF3',10502,50854,170742
'18MF3',10502,50854,171142
'18MF3',10502,50854,171642
'18MF3',10502,50854,172242
'18MF3',10502,50854,172742
'18MF3',10502,50854,173142
'18MF3',10502,50854,173542
'18MF3',10502,50854,173942
'18MF3',10502,50854,174342
'18MF3',10502,50854,174642
'18MF3',10502,50854,175042
'18MF3',10502,50854,175542
'18MF3',10502,50854,175942
'18MF3',10502,50854,180342
'18MF3',10502,50854,180742
'18MF3',10502,50854,181042
'18MF3',10502,50854,181442
'18MF3',10502,50854,181842
'18MF3',10502,50854,182242
'18MF3',10502,50854,182642
'18MF3',10502,50854,183042
'18MF3',10502,50854,183442
'18MF3',10502,50854,183842
'18MF3',10502,50854,184342
'18MF3',10502,50854,184742
'18MF3',10502,50854,185242
'18MF3',10502,50854,185642
'18MF3',10502,50854,190042
'18MF3',10502,50854,190542
'18MF3',10502,50854,190942
'18MF3',10502,50854,191442
'18MF3',10502,50854,191842
'18MF3',10502,50854,192242
'18MF3',10502,50854,192842
'18MF3',10502,50854,193642
'18MF3',10502,50854,194342
'18MF3',10502,50854,195042
'18MF3',10502,50854,195642
'18MF3',10502,50854,200242
'18MF3',10502,50854,200942
'18MF3',10502,50854,201642
'18MF3',10502,50854,202242
'18MF3',10502,50854,202942
'18MF3',10502,50854,203642
'18MF3',10502,50854,204342
'18MF3',10502,50854,204942
'18MF3',10502,50854,205642
'18MF3',10502,50854,210442
'18MF3',10502,50854,211142
'18MF3',10502,50854,211842
'18MF3',10502,50854,212642
'18MF3',10502,50854,213442
'18MF3',10502,50854,214242
'18MF3',10502,50854,215042
'18MF3',10502,50854,215842
'18MF3',10502,50854,220542
'18MF3',10502,50854,221242
'18MF3',10502,50854,222042
'18MF3',10502,50854,222842
'18MF3',10502,50854,223542
'18MF3',10502,50854,224342
'18MF3',10502,50854,225242
'18MF3',10502,50854,230042
'18MF3',10502,50854,230842
'18MF3',10502,50854,231642
'18MF3',10502,50854,232442
'18MF3',10502,50854,233142
'18MF3',10502,50854,233742
'18MF3',10502,50854,234342
'18MF3',10502,50854,235042
'18MF3',10502,50854,235742
'18MF3',10502,50854,240542
'18MF3',10502,50854,241442
'18MF3',10502,50854,242442
'18MF3',10502,50854,243442
'18MF3',10502,50854,244505
'18MF3',10502,50854,245728
'18MF3',10502,50854,251028
'18MF3',10502,50854,253028
'18MI',10502,50854,55005
'18MI',10502,50854,62005
'18MI',10502,50854,65005
'18MI',10502,50854,71905
'18MI',10502,50854,74705
'18MI',10502,50854,81605
'18MI',10502,50854,84305
'18MI',10502,50854,90605
'18MI',10502,50854,92705
'18MI',10502,50854,94705
'18MI',10502,50854,100705
'18MI',10502,50854,102605
'18MI',10502,50854,104405
'18MI',10502,50854,105905
'18MI',10502,50854,111405
'18MI',10502,50854,112905
'18MI',10502,50854,114405
'18MI',10502,50854,115605
'18MI',10502,50854,120705
'18MI',10502,50854,121805
'18MI',10502,50854,122805
'18MI',10502,50854,123605
'18MI',10502,50854,124405
'18MI',10502,50854,125305
'18MI',10502,50854,130205
'18MI',10502,50854,131205
'18MI',10502,50854,132205
'18MI',10502,50854,133105
'18MI',10502,50854,133805
'18MI',10502,50854,134505
'18MI',10502,50854,135105
'18MI',10502,50854,135805
'18MI',10502,50854,140505
'18MI',10502,50854,141005
'18MI',10502,50854,141505
'18MI',10502,50854,142105
'18MI',10502,50854,142805
'18MI',10502,50854,143505
'18MI',10502,50854,144305
'18MI',10502,50854,145005
'18MI',10502,50854,145805
'18MI',10502,50854,150505
'18MI',10502,50854,151205
'18MI',10502,50854,151805
'18MI',10502,50854,152505
'18MI',10502,50854,153205
'18MI',10502,50854,153805
'18MI',10502,50854,154305
'18MI',10502,50854,154805
'18MI',10502,50854,155305
'18MI',10502,50854,155905
'18MI',10502,50854,160605
'18MI',10502,50854,161305
'18MI',10502,50854,161805
'18MI',10502,50854,162205
'18MI',10502,50854,162905
'18MI',10502,50854,163605
'18MI',10502,50854,164305
'18MI',10502,50854,164905
'18MI',10502,50854,165305
'18MI',10502,50854,165905
'18MI',10502,50854,170505
'18MI',10502,50854,171005
'18MI',10502,50854,171505
'18MI',10502,50854,171905
'18MI',10502,50854,172305
'18MI',10502,50854,172705
'18MI',10502,50854,173105
'18MI',10502,50854,173605
'18MI',10502,50854,174005
'18MI',10502,50854,174405
'18MI',10502,50854,174805
'18MI',10502,50854,175305
'18MI',10502,50854,175705
'18MI',10502,50854,180005
'18MI',10502,50854,180305
'18MI',10502,50854,180805
'18MI',10502,50854,181305
'18MI',10502,50854,181805
'18MI',10502,50854,182405
'18MI',10502,50854,183105
'18MI',10502,50854,183705
'18MI',10502,50854,184305
'18MI',10502,50854,184805
'18MI',10502,50854,185405
'18MI',10502,50854,190105
'18MI',10502,50854,190905
'18MI',10502,50854,191805
'18MI',10502,50854,192605
'18MI',10502,50854,193405
'18MI',10502,50854,193905
'18MI',10502,50854,194405
'18MI',10502,50854,195005
'18MI',10502,50854,195705
'18MI',10502,50854,200405
'18MI',10502,50854,201105
'18MI',10502,50854,201805
'18MI',10502,50854,202605
'18MI',10502,50854,203605
'18MI',10502,50854,204605
'18MI',10502,50854,205505
'18MI',10502,50854,210505
'18MI',10502,50854,211505
'18MI',10502,50854,212505
'18MI',10502,50854,213505
'18MI',10502,50854,214505
'18MI',10502,50854,215505
'18MI',10502,50854,220405
'18MI',10502,50854,221405
'18MI',10502,50854,222505
'18MI',10502,50854,223605
'18MI',10502,50854,224705
'18MI',10502,50854,225805
'18MI',10502,50854,230905
'18MI',10502,50854,232005
'18MI',10502,50854,233205
'18MI',10502,50854,234705
'18MI',10502,50854,240205
'18MI',10502,50854,241905
'18MI',10502,50854,243905
'18MI',10502,50854,250328
'18MI',10502,50854,253028
'18MS',10502,50854,54705
'18MS',10502,50854,61705
'18MS',10502,50854,62705
'18MS',10502,50854,63705
'18MS',10502,50854,64742
'18MS',10502,50854,65942
'18MS',10502,50854,70842
'18MS',10502,50854,71742
'18MS',10502,50854,72742
'18MS',10502,50854,73742
'18MS',10502,50854,74642
'18MS',10502,50854,75442
'18MS',10502,50854,80342
'18MS',10502,50854,81042
'18MS',10502,50854,81742
'18MS',10502,50854,82542
'18MS',10502,50854,83242
'18MS',10502,50854,83742
'18MS',10502,50854,84342
'18MS',10502,50854,85042
'18MS',10502,50854,85742
'18MS',10502,50854,90442
'18MS',10502,50854,91242
'18MS',10502,50854,92142
'18MS',10502,50854,93042
'18MS',10502,50854,93842
'18MS',10502,50854,94442
'18MS',10502,50854,95042
'18MS',10502,50854,95542
'18MS',10502,50854,100142
'18MS',10502,50854,100742
'18MS',10502,50854,101342
'18MS',10502,50854,101942
'18MS',10502,50854,102642
'18MS',10502,50854,103542
'18MS',10502,50854,104442
'18MS',10502,50854,105342
'18MS',10502,50854,110142
'18MS',10502,50854,110942
'18MS',10502,50854,111542
'18MS',10502,50854,112042
'18MS',10502,50854,112642
'18MS',10502,50854,113342
'18MS',10502,50854,114042
'18MS',10502,50854,114842
'18MS',10502,50854,115442
'18MS',10502,50854,120142
'18MS',10502,50854,120942
'18MS',10502,50854,121742
'18MS',10502,50854,122342
'18MS',10502,50854,122842
'18MS',10502,50854,123342
'18MS',10502,50854,123842
'18MS',10502,50854,124342
'18MS',10502,50854,124842
'18MS',10502,50854,125342
'18MS',10502,50854,125942
'18MS',10502,50854,130405
'18MS',10502,50854,130805
'18MS',10502,50854,131205
'18MS',10502,50854,131505
'18MS',10502,50854,131905
'18MS',10502,50854,132405
'18MS',10502,50854,132905
'18MS',10502,50854,133405
'18MS',10502,50854,133905
'18MS',10502,50854,134505
'18MS',10502,50854,135005
'18MS',10502,50854,135505
'18MS',10502,50854,140005
'18MS',10502,50854,140505
'18MS',10502,50854,141005
'18MS',10502,50854,141642
'18MS',10502,50854,142142
'18MS',10502,50854,142742
'18MS',10502,50854,143342
'18MS',10502,50854,143842
'18MS',10502,50854,144442
'18MS',10502,50854,145042
'18MS',10502,50854,145642
'18MS',10502,50854,150533
'18MS',10502,50854,151133
'18MS',10502,50854,151733
'18MS',10502,50854,152333
'18MS',10502,50854,152933
'18MS',10502,50854,153533
'18MS',10502,50854,153933
'18MS',10502,50854,154333
'18MS',10502,50854,154833
'18MS',10502,50854,155333
'18MS',10502,50854,155733
'18MS',10502,50854,160033
'18MS',10502,50854,160333
'18MS',10502,50854,160733
'18MS',10502,50854,161133
'18MS',10502,50854,161433
'18MS',10502,50854,161733
'18MS',10502,50854,162033
'18MS',10502,50854,162333
'18MS',10502,50854,162533
'18MS',10502,50854,162733
'18MS',10502,50854,163033
'18MS',10502,50854,163433
'18MS',10502,50854,163833
'18MS',10502,50854,164233
'18MS',10502,50854,164656
'18MS',10502,50854,165056
'18MS',10502,50854,165356
'18MS',10502,50854,165656
'18MS',10502,50854,165856
'18MS',10502,50854,170056
'18MS',10502,50854,170256
'18MS',10502,50854,170556
'18MS',10502,50854,170856
'18MS',10502,50854,171156
'18MS',10502,50854,171556
'18MS',10502,50854,171956
'18MS',10502,50854,172256
'18MS',10502,50854,172556
'18MS',10502,50854,172956
'18MS',10502,50854,173356
'18MS',10502,50854,173656
'18MS',10502,50854,173956
'18MS',10502,50854,174156
'18MS',10502,50854,174456
'18MS',10502,50854,174756
'18MS',10502,50854,175056
'18MS',10502,50854,175456
'18MS',10502,50854,175756
'18MS',10502,50854,180056
'18MS',10502,50854,180356
'18MS',10502,50854,180556
'18MS',10502,50854,180856
'18MS',10502,50854,181056
'18MS',10502,50854,181356
'18MS',10502,50854,181656
'18MS',10502,50854,181956
'18MS',10502,50854,182256
'18MS',10502,50854,182556
'18MS',10502,50854,182856
'18MS',10502,50854,183219
'18MS',10502,50854,183719
'18MS',10502,50854,184119
'18MS',10502,50854,184419
'18MS',10502,50854,184819
'18MS',10502,50854,185219
'18MS',10502,50854,185619
'18MS',10502,50854,190019
'18MS',10502,50854,190419
'18MS',10502,50854,190819
'18MS',10502,50854,191219
'18MS',10502,50854,191619
'18MS',10502,50854,192019
'18MS',10502,50854,192419
'18MS',10502,50854,192819
'18MS',10502,50854,193242
'18MS',10502,50854,193742
'18MS',10502,50854,194142
'18MS',10502,50854,194542
'18MS',10502,50854,195042
'18MS',10502,50854,195442
'18MS',10502,50854,195942
'18MS',10502,50854,200442
'18MS',10502,50854,200942
'18MS',10502,50854,201442
'18MS',10502,50854,202042
'18MS',10502,50854,202642
'18MS',10502,50854,203242
'18MS',10502,50854,203742
'18MS',10502,50854,204242
'18MS',10502,50854,204742
'18MS',10502,50854,205242
'18MS',10502,50854,205742
'18MS',10502,50854,210242
'18MS',10502,50854,210742
'18MS',10502,50854,211242
'18MS',10502,50854,211742
'18MS',10502,50854,212242
'18MS',10502,50854,212642
'18MS',10502,50854,213142
'18MS',10502,50854,213642
'18MS',10502,50854,214242
'18MS',10502,50854,214805
'18MS',10502,50854,215305
'18MS',10502,50854,215705
'18MS',10502,50854,220205
'18MS',10502,50854,220605
'18MS',10502,50854,221105
'18MS',10502,50854,221605
'18MS',10502,50854,222105
'18MS',10502,50854,222705
'18MS',10502,50854,223405
'18MS',10502,50854,224105
'18MS',10502,50854,224805
'18MS',10502,50854,225505
'18MS',10502,50854,230305
'18MS',10502,50854,231105
'18MS',10502,50854,231905
'18MS',10502,50854,232805
'18MS',10502,50854,233805
'18MS',10502,50854,234805
'18MS',10502,50854,235805
'18MS',10502,50854,241105
'18MS',10502,50854,242705
'18MS',10502,50854,244805
'18MS',10502,50854,251005
'18MS',10502,50854,253205
'18MA',35602,50854,254840
'18MA',35602,50854,260840
'18MA',35602,50854,262840
'18MA',35602,50854,264840
'18MA',35602,50854,265840
'18MA',35602,50854,270740
'18MA',35602,50854,271740
'18MA',35602,50854,272640
'18MA',35602,50854,273640
'18MA',35602,50854,274640
'18MA',35602,50854,275840
'18MA',35602,50854,281040
'18MA',35602,50854,282040
'18MA',35602,50854,283240
'18MA',35602,50854,284540
'18MF1',35602,50854,254426
'18MF1',35602,50854,260526
'18MF1',35602,50854,262626
'18MF1',35602,50854,264626
'18MF1',35602,50854,265826
'18MF1',35602,50854,271026
'18MF1',35602,50854,272226
'18MF1',35602,50854,273426
'18MF1',35602,50854,274626
'18MF1',35602,50854,275826
'18MF1',35602,50854,281026
'18MF1',35602,50854,282226
'18MF1',35602,50854,284426
'18MF2',35602,50854,254426
'18MF2',35602,50854,262626
'18MF2',35602,50854,271026
'18MF2',35602,50854,273426
'18MF2',35602,50854,275826
'18MF2',35602,50854,282226
'18MF2',35602,50854,284426
'18MF3',35602,50854,254426
'18MF3',35602,50854,262626
'18MF3',35602,50854,271026
'18MF3',35602,50854,273426
'18MF3',35602,50854,275826
'18MF3',35602,50854,282226
'18MF3',35602,50854,284426
'18MI',35602,50854,254500
'18MI',35602,50854,263100
'18MI',35602,50854,271500
'18MI',35602,50854,280300
'18MI',35602,50854,284700
'18MS',35602,50854,254426
'18MS',35602,50854,260526
'18MS',35602,50854,262626
'18MS',35602,50854,264626
'18MS',35602,50854,265826
'18MS',35602,50854,271026
'18MS',35602,50854,272226
'18MS',35602,50854,273426
'18MS',35602,50854,274626
'18MS',35602,50854,275826
'18MS',35602,50854,281026
'18MS',35602,50854,282226
'18MS',35602,50854,284426
