'16JA',21501,57975,54020
'16JA',21501,57975,61020
'16JA',21501,57975,63920
'16JA',21501,57975,71020
'16JA',21501,57975,74020
'16JA',21501,57975,81020
'16JA',21501,57975,84020
'16JA',21501,57975,91020
'16JA',21501,57975,94120
'16JA',21501,57975,101120
'16JA',21501,57975,104120
'16JA',21501,57975,111420
'16JA',21501,57975,113920
'16JA',21501,57975,120320
'16JA',21501,57975,122720
'16JA',21501,57975,125720
'16JA',21501,57975,132620
'16JA',21501,57975,135720
'16JA',21501,57975,142720
'16JA',21501,57975,145420
'16JA',21501,57975,152020
'16JA',21501,57975,154620
'16JA',21501,57975,161220
'16JA',21501,57975,163820
'16JA',21501,57975,170820
'16JA',21501,57975,173620
'16JA',21501,57975,180620
'16JA',21501,57975,183620
'16JA',21501,57975,190620
'16JA',21501,57975,194000
'16JA',21501,57975,201000
'16JA',21501,57975,204000
'16JA',21501,57975,211000
'16JA',21501,57975,214000
'16JA',21501,57975,221000
'16JA',21501,57975,223800
'16JA',21501,57975,225800
'16JA',21501,57975,231800
'16JA',21501,57975,233900
'16JA',21501,57975,240000
'16JA',21501,57975,243900
'16JI',21501,57975,54010
'16JI',21501,57975,61010
'16JI',21501,57975,64010
'16JI',21501,57975,71010
'16JI',21501,57975,74010
'16JI',21501,57975,81010
'16JI',21501,57975,84010
'16JI',21501,57975,91010
'16JI',21501,57975,94110
'16JI',21501,57975,101110
'16JI',21501,57975,104110
'16JI',21501,57975,111110
'16JI',21501,57975,114110
'16JI',21501,57975,121110
'16JI',21501,57975,124120
'16JI',21501,57975,131120
'16JI',21501,57975,134120
'16JI',21501,57975,141120
'16JI',21501,57975,144120
'16JI',21501,57975,151120
'16JI',21501,57975,154120
'16JI',21501,57975,161120
'16JI',21501,57975,164120
'16JI',21501,57975,171120
'16JI',21501,57975,174120
'16JI',21501,57975,181120
'16JI',21501,57975,184010
'16JI',21501,57975,191010
'16JI',21501,57975,194010
'16JI',21501,57975,201010
'16JI',21501,57975,204010
'16JI',21501,57975,211010
'16JI',21501,57975,214010
'16JI',21501,57975,221010
'16JI',21501,57975,224010
'16JI',21501,57975,231010
'16JI',21501,57975,234010
'16JI',21501,57975,235910
'16JI',21501,57975,244010
'16JS',21501,57975,51010
'16JS',21501,57975,54010
'16JS',21501,57975,61010
'16JS',21501,57975,64110
'16JS',21501,57975,71230
'16JS',21501,57975,74230
'16JS',21501,57975,81220
'16JS',21501,57975,84210
'16JS',21501,57975,91210
'16JS',21501,57975,94210
'16JS',21501,57975,101210
'16JS',21501,57975,104210
'16JS',21501,57975,111210
'16JS',21501,57975,114110
'16JS',21501,57975,121120
'16JS',21501,57975,124220
'16JS',21501,57975,131220
'16JS',21501,57975,134220
'16JS',21501,57975,141220
'16JS',21501,57975,143520
'16JS',21501,57975,145630
'16JS',21501,57975,151430
'16JS',21501,57975,153130
'16JS',21501,57975,154830
'16JS',21501,57975,160730
'16JS',21501,57975,162630
'16JS',21501,57975,164230
'16JS',21501,57975,165730
'16JS',21501,57975,171230
'16JS',21501,57975,173230
'16JS',21501,57975,175620
'16JS',21501,57975,182420
'16JS',21501,57975,185310
'16JS',21501,57975,192110
'16JS',21501,57975,195010
'16JS',21501,57975,202010
'16JS',21501,57975,204910
'16JS',21501,57975,212110
'16JS',21501,57975,215110
'16JS',21501,57975,222110
'16JS',21501,57975,225110
'16JS',21501,57975,232100
'16JS',21501,57975,235600
'16JS',21501,57975,244100
