'18MA',3703,51845,53848
'18MA',3703,51845,60348
'18MA',3703,51845,62848
'18MA',3703,51845,65348
'18MA',3703,51845,71848
'18MA',3703,51845,74348
'18MA',3703,51845,81048
'18MA',3703,51845,83548
'18MA',3703,51845,90348
'18MA',3703,51845,92848
'18MA',3703,51845,95600
'18MA',3703,51845,102300
'18MA',3703,51845,105200
'18MA',3703,51845,112100
'18MA',3703,51845,115200
'18MA',3703,51845,122400
'18MA',3703,51845,125400
'18MA',3703,51845,132500
'18MA',3703,51845,135600
'18MA',3703,51845,142700
'18MA',3703,51845,145700
'18MA',3703,51845,152700
'18MA',3703,51845,155700
'18MA',3703,51845,162700
'18MA',3703,51845,165800
'18MA',3703,51845,172800
'18MA',3703,51845,175600
'18MA',3703,51845,182500
'18MA',3703,51845,185500
'18MA',3703,51845,192500
'18MA',3703,51845,195348
'18MA',3703,51845,202048
'18MA',3703,51845,204948
'18MA',3703,51845,211648
'18MA',3703,51845,214348
'18MA',3703,51845,221148
'18MA',3703,51845,223848
'18MA',3703,51845,230548
'18MA',3703,51845,233148
'18MA',3703,51845,235748
'18MA',3703,51845,241948
'18MA',3703,51845,244248
'18MA',3703,51845,250648
'18MA',3703,51845,253348
'18MF1',3703,51845,53848
'18MF1',3703,51845,60348
'18MF1',3703,51845,62848
'18MF1',3703,51845,65348
'18MF1',3703,51845,71848
'18MF1',3703,51845,74348
'18MF1',3703,51845,81048
'18MF1',3703,51845,83548
'18MF1',3703,51845,90348
'18MF1',3703,51845,92848
'18MF1',3703,51845,95600
'18MF1',3703,51845,102300
'18MF1',3703,51845,105200
'18MF1',3703,51845,112100
'18MF1',3703,51845,115200
'18MF1',3703,51845,122400
'18MF1',3703,51845,125400
'18MF1',3703,51845,132500
'18MF1',3703,51845,135600
'18MF1',3703,51845,142700
'18MF1',3703,51845,145700
'18MF1',3703,51845,152700
'18MF1',3703,51845,155700
'18MF1',3703,51845,162700
'18MF1',3703,51845,165800
'18MF1',3703,51845,172800
'18MF1',3703,51845,175600
'18MF1',3703,51845,182500
'18MF1',3703,51845,185500
'18MF1',3703,51845,192500
'18MF1',3703,51845,195348
'18MF1',3703,51845,202048
'18MF1',3703,51845,204948
'18MF1',3703,51845,211648
'18MF1',3703,51845,214348
'18MF1',3703,51845,221148
'18MF1',3703,51845,223848
'18MF1',3703,51845,230548
'18MF1',3703,51845,233148
'18MF1',3703,51845,235748
'18MF1',3703,51845,241948
'18MF1',3703,51845,244248
'18MF1',3703,51845,250948
'18MF2',3703,51845,53848
'18MF2',3703,51845,60348
'18MF2',3703,51845,62848
'18MF2',3703,51845,65348
'18MF2',3703,51845,71848
'18MF2',3703,51845,74348
'18MF2',3703,51845,81048
'18MF2',3703,51845,83548
'18MF2',3703,51845,90348
'18MF2',3703,51845,92848
'18MF2',3703,51845,95600
'18MF2',3703,51845,102300
'18MF2',3703,51845,105200
'18MF2',3703,51845,112100
'18MF2',3703,51845,115200
'18MF2',3703,51845,122400
'18MF2',3703,51845,125400
'18MF2',3703,51845,132500
'18MF2',3703,51845,135600
'18MF2',3703,51845,142700
'18MF2',3703,51845,145700
'18MF2',3703,51845,152700
'18MF2',3703,51845,155700
'18MF2',3703,51845,162700
'18MF2',3703,51845,165800
'18MF2',3703,51845,172800
'18MF2',3703,51845,175600
'18MF2',3703,51845,182500
'18MF2',3703,51845,185500
'18MF2',3703,51845,192500
'18MF2',3703,51845,195348
'18MF2',3703,51845,202048
'18MF2',3703,51845,204948
'18MF2',3703,51845,211648
'18MF2',3703,51845,214348
'18MF2',3703,51845,221148
'18MF2',3703,51845,223848
'18MF2',3703,51845,230548
'18MF2',3703,51845,233148
'18MF2',3703,51845,235748
'18MF2',3703,51845,241948
'18MF2',3703,51845,244248
'18MF2',3703,51845,250948
'18MF3',3703,51845,53848
'18MF3',3703,51845,60248
'18MF3',3703,51845,62648
'18MF3',3703,51845,65048
'18MF3',3703,51845,71448
'18MF3',3703,51845,74148
'18MF3',3703,51845,80648
'18MF3',3703,51845,83148
'18MF3',3703,51845,85648
'18MF3',3703,51845,92448
'18MF3',3703,51845,95348
'18MF3',3703,51845,102148
'18MF3',3703,51845,104948
'18MF3',3703,51845,111648
'18MF3',3703,51845,114348
'18MF3',3703,51845,121400
'18MF3',3703,51845,124200
'18MF3',3703,51845,131000
'18MF3',3703,51845,133800
'18MF3',3703,51845,140600
'18MF3',3703,51845,143400
'18MF3',3703,51845,150200
'18MF3',3703,51845,153000
'18MF3',3703,51845,155800
'18MF3',3703,51845,162600
'18MF3',3703,51845,165400
'18MF3',3703,51845,172200
'18MF3',3703,51845,174900
'18MF3',3703,51845,181700
'18MF3',3703,51845,184500
'18MF3',3703,51845,191148
'18MF3',3703,51845,194048
'18MF3',3703,51845,200648
'18MF3',3703,51845,203448
'18MF3',3703,51845,210248
'18MF3',3703,51845,212948
'18MF3',3703,51845,215548
'18MF3',3703,51845,221948
'18MF3',3703,51845,224348
'18MF3',3703,51845,230848
'18MF3',3703,51845,232948
'18MF3',3703,51845,235448
'18MF3',3703,51845,241948
'18MF3',3703,51845,244448
'18MF3',3703,51845,250948
'18MI',3703,51845,53848
'18MI',3703,51845,60248
'18MI',3703,51845,62648
'18MI',3703,51845,65048
'18MI',3703,51845,71448
'18MI',3703,51845,74148
'18MI',3703,51845,80648
'18MI',3703,51845,83148
'18MI',3703,51845,85648
'18MI',3703,51845,92448
'18MI',3703,51845,95348
'18MI',3703,51845,102148
'18MI',3703,51845,104948
'18MI',3703,51845,111648
'18MI',3703,51845,114348
'18MI',3703,51845,121400
'18MI',3703,51845,124200
'18MI',3703,51845,131000
'18MI',3703,51845,133800
'18MI',3703,51845,140600
'18MI',3703,51845,143400
'18MI',3703,51845,150200
'18MI',3703,51845,153000
'18MI',3703,51845,155800
'18MI',3703,51845,162600
'18MI',3703,51845,165400
'18MI',3703,51845,172200
'18MI',3703,51845,174900
'18MI',3703,51845,181700
'18MI',3703,51845,184500
'18MI',3703,51845,191148
'18MI',3703,51845,194048
'18MI',3703,51845,200648
'18MI',3703,51845,203448
'18MI',3703,51845,210248
'18MI',3703,51845,212948
'18MI',3703,51845,215548
'18MI',3703,51845,221948
'18MI',3703,51845,224348
'18MI',3703,51845,230848
'18MI',3703,51845,232948
'18MI',3703,51845,235448
'18MI',3703,51845,241948
'18MI',3703,51845,244448
'18MI',3703,51845,250948
'18MS',3703,51845,53500
'18MS',3703,51845,60700
'18MS',3703,51845,64100
'18MS',3703,51845,70613
'18MS',3703,51845,73413
'18MS',3703,51845,80113
'18MS',3703,51845,82713
'18MS',3703,51845,85413
'18MS',3703,51845,91813
'18MS',3703,51845,94513
'18MS',3703,51845,101013
'18MS',3703,51845,103413
'18MS',3703,51845,105713
'18MS',3703,51845,112213
'18MS',3703,51845,114613
'18MS',3703,51845,121113
'18MS',3703,51845,123613
'18MS',3703,51845,130113
'18MS',3703,51845,132613
'18MS',3703,51845,135113
'18MS',3703,51845,141713
'18MS',3703,51845,144213
'18MS',3703,51845,150913
'18MS',3703,51845,153813
'18MS',3703,51845,160913
'18MS',3703,51845,163813
'18MS',3703,51845,170413
'18MS',3703,51845,173013
'18MS',3703,51845,175900
'18MS',3703,51845,182500
'18MS',3703,51845,185400
'18MS',3703,51845,192000
'18MS',3703,51845,194400
'18MS',3703,51845,200600
'18MS',3703,51845,203300
'18MS',3703,51845,210200
'18MS',3703,51845,213000
'18MS',3703,51845,220000
'18MS',3703,51845,223000
'18MS',3703,51845,230000
'18MS',3703,51845,233048
'18MS',3703,51845,240048
'18MS',3703,51845,243448
'18MS',3703,51845,250948
'18MF1',10102,51845,61100
'18MF1',10102,51845,63800
'18MF1',10102,51845,70800
'18MF1',10102,51845,73900
'18MF1',10102,51845,80900
'18MF1',10102,51845,83900
'18MF1',10102,51845,152500
'18MF1',10102,51845,155500
'18MF1',10102,51845,162500
'18MF1',10102,51845,165500
'18MF1',10102,51845,172500
'18MF1',10102,51845,175500
'18MF2',10102,51845,61100
'18MF2',10102,51845,63800
'18MF2',10102,51845,70800
'18MF2',10102,51845,73900
'18MF2',10102,51845,80900
'18MF2',10102,51845,83900
'18MF2',10102,51845,152500
'18MF2',10102,51845,155500
'18MF2',10102,51845,162500
'18MF2',10102,51845,165500
'18MF2',10102,51845,172500
'18MF2',10102,51845,175500
'18MS',10102,51845,61100
'18MS',10102,51845,63800
'18MS',10102,51845,70800
'18MS',10102,51845,73900
'18MS',10102,51845,80900
'18MS',10102,51845,83900
'18MS',10102,51845,152500
'18MS',10102,51845,155500
'18MS',10102,51845,162500
'18MS',10102,51845,165500
'18MS',10102,51845,172500
'18MS',10102,51845,175500
