'16NA',18702,53529,50034
'16NA',18702,53529,53434
'16NA',18702,53529,60834
'16NA',18702,53529,64334
'16NA',18702,53529,70734
'16NA',18702,53529,73034
'16NA',18702,53529,75234
'16NA',18702,53529,81234
'16NA',18702,53529,83434
'16NA',18702,53529,85634
'16NA',18702,53529,91934
'16NA',18702,53529,94019
'16NA',18702,53529,100019
'16NA',18702,53529,102019
'16NA',18702,53529,104019
'16NA',18702,53529,110019
'16NA',18702,53529,112019
'16NA',18702,53529,114019
'16NA',18702,53529,120019
'16NA',18702,53529,122219
'16NA',18702,53529,124019
'16NA',18702,53529,130119
'16NA',18702,53529,132219
'16NA',18702,53529,134119
'16NA',18702,53529,140019
'16NA',18702,53529,141919
'16NA',18702,53529,143819
'16NA',18702,53529,145819
'16NA',18702,53529,152819
'16NA',18702,53529,155819
'16NA',18702,53529,162819
'16NA',18702,53529,165819
'16NA',18702,53529,172819
'16NA',18702,53529,175819
'16NA',18702,53529,182819
'16NA',18702,53529,185619
'16NA',18702,53529,192619
'16NA',18702,53529,195619
'16NA',18702,53529,202619
'16NA',18702,53529,205619
'16NA',18702,53529,212619
'16NA',18702,53529,215619
'16NA',18702,53529,222619
'16NA',18702,53529,225434
'16NA',18702,53529,232434
'16NA',18702,53529,235434
'16NA',18702,53529,242434
'16NA',18702,53529,245334
'16NA',18702,53529,252334
'16NF1',18702,53529,45734
'16NF1',18702,53529,53034
'16NF1',18702,53529,60434
'16NF1',18702,53529,63434
'16NF1',18702,53529,70734
'16NF1',18702,53529,73934
'16NF1',18702,53529,80134
'16NF1',18702,53529,82334
'16NF1',18702,53529,84534
'16NF1',18702,53529,90634
'16NF1',18702,53529,92634
'16NF1',18702,53529,94634
'16NF1',18702,53529,100634
'16NF1',18702,53529,102634
'16NF1',18702,53529,104634
'16NF1',18702,53529,110634
'16NF1',18702,53529,112634
'16NF1',18702,53529,114634
'16NF1',18702,53529,120634
'16NF1',18702,53529,122634
'16NF1',18702,53529,124634
'16NF1',18702,53529,130634
'16NF1',18702,53529,132634
'16NF1',18702,53529,134634
'16NF1',18702,53529,141634
'16NF1',18702,53529,144134
'16NF1',18702,53529,150934
'16NF1',18702,53529,153934
'16NF1',18702,53529,160934
'16NF1',18702,53529,163934
'16NF1',18702,53529,170934
'16NF1',18702,53529,173934
'16NF1',18702,53529,180934
'16NF1',18702,53529,183834
'16NF1',18702,53529,190834
'16NF1',18702,53529,193834
'16NF1',18702,53529,200834
'16NF1',18702,53529,203834
'16NF1',18702,53529,210834
'16NF1',18702,53529,213834
'16NF1',18702,53529,220834
'16NF1',18702,53529,223648
'16NF1',18702,53529,230648
'16NF1',18702,53529,233648
'16NF1',18702,53529,240648
'16NF1',18702,53529,243648
'16NF1',18702,53529,250448
'16NF2',18702,53529,50034
'16NF2',18702,53529,53434
'16NF2',18702,53529,60834
'16NF2',18702,53529,64334
'16NF2',18702,53529,70734
'16NF2',18702,53529,73034
'16NF2',18702,53529,75234
'16NF2',18702,53529,81234
'16NF2',18702,53529,83434
'16NF2',18702,53529,85634
'16NF2',18702,53529,91934
'16NF2',18702,53529,94019
'16NF2',18702,53529,100019
'16NF2',18702,53529,102019
'16NF2',18702,53529,104019
'16NF2',18702,53529,110019
'16NF2',18702,53529,112019
'16NF2',18702,53529,114019
'16NF2',18702,53529,120019
'16NF2',18702,53529,122219
'16NF2',18702,53529,124019
'16NF2',18702,53529,130119
'16NF2',18702,53529,132219
'16NF2',18702,53529,134119
'16NF2',18702,53529,140019
'16NF2',18702,53529,141919
'16NF2',18702,53529,143819
'16NF2',18702,53529,145819
'16NF2',18702,53529,152819
'16NF2',18702,53529,155819
'16NF2',18702,53529,162819
'16NF2',18702,53529,165819
'16NF2',18702,53529,172819
'16NF2',18702,53529,175819
'16NF2',18702,53529,182819
'16NF2',18702,53529,185619
'16NF2',18702,53529,192619
'16NF2',18702,53529,195619
'16NF2',18702,53529,202619
'16NF2',18702,53529,205619
'16NF2',18702,53529,212619
'16NF2',18702,53529,215619
'16NF2',18702,53529,222619
'16NF2',18702,53529,225434
'16NF2',18702,53529,232434
'16NF2',18702,53529,235634
'16NF2',18702,53529,242934
'16NF2',18702,53529,250534
'16NF3',18702,53529,45734
'16NF3',18702,53529,53034
'16NF3',18702,53529,60434
'16NF3',18702,53529,63434
'16NF3',18702,53529,70734
'16NF3',18702,53529,73934
'16NF3',18702,53529,80134
'16NF3',18702,53529,82334
'16NF3',18702,53529,84534
'16NF3',18702,53529,90634
'16NF3',18702,53529,92634
'16NF3',18702,53529,94634
'16NF3',18702,53529,100634
'16NF3',18702,53529,102634
'16NF3',18702,53529,104634
'16NF3',18702,53529,110634
'16NF3',18702,53529,112634
'16NF3',18702,53529,114634
'16NF3',18702,53529,120634
'16NF3',18702,53529,122634
'16NF3',18702,53529,124634
'16NF3',18702,53529,130634
'16NF3',18702,53529,132634
'16NF3',18702,53529,134634
'16NF3',18702,53529,141634
'16NF3',18702,53529,144134
'16NF3',18702,53529,150934
'16NF3',18702,53529,153934
'16NF3',18702,53529,160934
'16NF3',18702,53529,163934
'16NF3',18702,53529,170934
'16NF3',18702,53529,173934
'16NF3',18702,53529,180934
'16NF3',18702,53529,183834
'16NF3',18702,53529,190834
'16NF3',18702,53529,193834
'16NF3',18702,53529,200834
'16NF3',18702,53529,203834
'16NF3',18702,53529,210834
'16NF3',18702,53529,213834
'16NF3',18702,53529,220834
'16NF3',18702,53529,223648
'16NF3',18702,53529,230648
'16NF3',18702,53529,233648
'16NF3',18702,53529,240648
'16NF3',18702,53529,243648
'16NF3',18702,53529,250448
'16NF4',18702,53529,50034
'16NF4',18702,53529,53434
'16NF4',18702,53529,60834
'16NF4',18702,53529,64334
'16NF4',18702,53529,70734
'16NF4',18702,53529,73034
'16NF4',18702,53529,75234
'16NF4',18702,53529,81234
'16NF4',18702,53529,83434
'16NF4',18702,53529,85634
'16NF4',18702,53529,91934
'16NF4',18702,53529,94019
'16NF4',18702,53529,100019
'16NF4',18702,53529,102019
'16NF4',18702,53529,104019
'16NF4',18702,53529,110019
'16NF4',18702,53529,112019
'16NF4',18702,53529,114019
'16NF4',18702,53529,120019
'16NF4',18702,53529,122219
'16NF4',18702,53529,124019
'16NF4',18702,53529,130119
'16NF4',18702,53529,132219
'16NF4',18702,53529,134119
'16NF4',18702,53529,140019
'16NF4',18702,53529,141919
'16NF4',18702,53529,143819
'16NF4',18702,53529,145819
'16NF4',18702,53529,152819
'16NF4',18702,53529,155819
'16NF4',18702,53529,162819
'16NF4',18702,53529,165819
'16NF4',18702,53529,172819
'16NF4',18702,53529,175819
'16NF4',18702,53529,182819
'16NF4',18702,53529,185619
'16NF4',18702,53529,192619
'16NF4',18702,53529,195619
'16NF4',18702,53529,202619
'16NF4',18702,53529,205619
'16NF4',18702,53529,212619
'16NF4',18702,53529,215619
'16NF4',18702,53529,222619
'16NF4',18702,53529,225434
'16NF4',18702,53529,232434
'16NF4',18702,53529,235634
'16NF4',18702,53529,242934
'16NF4',18702,53529,250534
'16NI',18702,53529,45734
'16NI',18702,53529,53034
'16NI',18702,53529,60434
'16NI',18702,53529,63434
'16NI',18702,53529,70734
'16NI',18702,53529,73934
'16NI',18702,53529,80134
'16NI',18702,53529,82334
'16NI',18702,53529,84534
'16NI',18702,53529,90634
'16NI',18702,53529,92634
'16NI',18702,53529,94634
'16NI',18702,53529,100634
'16NI',18702,53529,102634
'16NI',18702,53529,104634
'16NI',18702,53529,110634
'16NI',18702,53529,112634
'16NI',18702,53529,114634
'16NI',18702,53529,120634
'16NI',18702,53529,122634
'16NI',18702,53529,124634
'16NI',18702,53529,130634
'16NI',18702,53529,132634
'16NI',18702,53529,134634
'16NI',18702,53529,141634
'16NI',18702,53529,144134
'16NI',18702,53529,150934
'16NI',18702,53529,153934
'16NI',18702,53529,160934
'16NI',18702,53529,163934
'16NI',18702,53529,170934
'16NI',18702,53529,173934
'16NI',18702,53529,180934
'16NI',18702,53529,183834
'16NI',18702,53529,190834
'16NI',18702,53529,193834
'16NI',18702,53529,200834
'16NI',18702,53529,203834
'16NI',18702,53529,210834
'16NI',18702,53529,213834
'16NI',18702,53529,220834
'16NI',18702,53529,223648
'16NI',18702,53529,230648
'16NI',18702,53529,233648
'16NI',18702,53529,240648
'16NI',18702,53529,243648
'16NI',18702,53529,250448
'16NS',18702,53529,50019
'16NS',18702,53529,51519
'16NS',18702,53529,53105
'16NS',18702,53529,54505
'16NS',18702,53529,55505
'16NS',18702,53529,60505
'16NS',18702,53529,61505
'16NS',18702,53529,62605
'16NS',18702,53529,63405
'16NS',18702,53529,64405
'16NS',18702,53529,65005
'16NS',18702,53529,65305
'16NS',18702,53529,70005
'16NS',18702,53529,70805
'16NS',18702,53529,71105
'16NS',18702,53529,71505
'16NS',18702,53529,71905
'16NS',18702,53529,72205
'16NS',18702,53529,72805
'16NS',18702,53529,73405
'16NS',18702,53529,73705
'16NS',18702,53529,74005
'16NS',18702,53529,74705
'16NS',18702,53529,75405
'16NS',18702,53529,75705
'16NS',18702,53529,80205
'16NS',18702,53529,81005
'16NS',18702,53529,81405
'16NS',18702,53529,81905
'16NS',18702,53529,82819
'16NS',18702,53529,83719
'16NS',18702,53529,84719
'16NS',18702,53529,85719
'16NS',18702,53529,90719
'16NS',18702,53529,91719
'16NS',18702,53529,92719
'16NS',18702,53529,93719
'16NS',18702,53529,94719
'16NS',18702,53529,95719
'16NS',18702,53529,100719
'16NS',18702,53529,101719
'16NS',18702,53529,102719
'16NS',18702,53529,103719
'16NS',18702,53529,104719
'16NS',18702,53529,105719
'16NS',18702,53529,110719
'16NS',18702,53529,111719
'16NS',18702,53529,112719
'16NS',18702,53529,113719
'16NS',18702,53529,114719
'16NS',18702,53529,115719
'16NS',18702,53529,120719
'16NS',18702,53529,121719
'16NS',18702,53529,122719
'16NS',18702,53529,123719
'16NS',18702,53529,124719
'16NS',18702,53529,125719
'16NS',18702,53529,130719
'16NS',18702,53529,131719
'16NS',18702,53529,132719
'16NS',18702,53529,133719
'16NS',18702,53529,134719
'16NS',18702,53529,135719
'16NS',18702,53529,140905
'16NS',18702,53529,143005
'16NS',18702,53529,145205
'16NS',18702,53529,151405
'16NS',18702,53529,153705
'16NS',18702,53529,160405
'16NS',18702,53529,163405
'16NS',18702,53529,170405
'16NS',18702,53529,173405
'16NS',18702,53529,180405
'16NS',18702,53529,183319
'16NS',18702,53529,190119
'16NS',18702,53529,193119
'16NS',18702,53529,200119
'16NS',18702,53529,203119
'16NS',18702,53529,210119
'16NS',18702,53529,213119
'16NS',18702,53529,220119
'16NS',18702,53529,223134
'16NS',18702,53529,230134
'16NS',18702,53529,233134
'16NS',18702,53529,240234
'16NS',18702,53529,243434
'16NS',18702,53529,250434
'16NA',36202,53529,260134
'16NA',36202,53529,264634
'16NA',36202,53529,273134
'16NA',36202,53529,281634
'16NA',36202,53529,290134
'16NF1',36202,53529,260134
'16NF1',36202,53529,264634
'16NF1',36202,53529,273134
'16NF1',36202,53529,281634
'16NF1',36202,53529,290134
'16NF2',36202,53529,260134
'16NF2',36202,53529,264634
'16NF2',36202,53529,273134
'16NF2',36202,53529,281634
'16NF2',36202,53529,290134
'16NF3',36202,53529,260134
'16NF3',36202,53529,264634
'16NF3',36202,53529,273134
'16NF3',36202,53529,281634
'16NF3',36202,53529,290134
'16NF4',36202,53529,260134
'16NF4',36202,53529,264634
'16NF4',36202,53529,273134
'16NF4',36202,53529,281634
'16NF4',36202,53529,290134
'16NI',36202,53529,260134
'16NI',36202,53529,264634
'16NI',36202,53529,273134
'16NI',36202,53529,281634
'16NI',36202,53529,290134
'16NS',36202,53529,260036
'16NS',36202,53529,264536
'16NS',36202,53529,273036
'16NS',36202,53529,281536
'16NS',36202,53529,290036
