'16SA',19502,57142,61730
'16SA',19502,57142,65230
'16SA',19502,57142,72230
'16SA',19502,57142,75230
'16SA',19502,57142,82230
'16SA',19502,57142,85330
'16SA',19502,57142,92530
'16SA',19502,57142,95530
'16SA',19502,57142,102430
'16SA',19502,57142,105330
'16SA',19502,57142,112500
'16SA',19502,57142,115600
'16SA',19502,57142,122900
'16SA',19502,57142,125900
'16SA',19502,57142,132900
'16SA',19502,57142,135900
'16SA',19502,57142,142900
'16SA',19502,57142,145900
'16SA',19502,57142,152900
'16SA',19502,57142,155900
'16SA',19502,57142,162900
'16SA',19502,57142,170000
'16SA',19502,57142,173000
'16SA',19502,57142,180000
'16SA',19502,57142,183000
'16SA',19502,57142,190000
'16SA',19502,57142,192600
'16SA',19502,57142,195500
'16SA',19502,57142,202500
'16SA',19502,57142,205500
'16SA',19502,57142,212500
'16SA',19502,57142,215500
'16SA',19502,57142,222500
'16SA',19502,57142,225430
'16SA',19502,57142,232230
'16SA',19502,57142,235230
'16SA',19502,57142,242230
'16SA',19502,57142,245230
'16SA',19502,57142,252230
'16SA',19502,57142,255230
'16SA',19502,57142,262230
'16SA',19502,57142,265230
'16SF1',19502,57142,61700
'16SF1',19502,57142,65200
'16SF1',19502,57142,72200
'16SF1',19502,57142,75200
'16SF1',19502,57142,82200
'16SF1',19502,57142,85200
'16SF1',19502,57142,92500
'16SF1',19502,57142,95500
'16SF1',19502,57142,102500
'16SF1',19502,57142,105500
'16SF1',19502,57142,112500
'16SF1',19502,57142,115500
'16SF1',19502,57142,122830
'16SF1',19502,57142,125830
'16SF1',19502,57142,132830
'16SF1',19502,57142,135830
'16SF1',19502,57142,143030
'16SF1',19502,57142,150030
'16SF1',19502,57142,153030
'16SF1',19502,57142,160130
'16SF1',19502,57142,163230
'16SF1',19502,57142,170230
'16SF1',19502,57142,173230
'16SF1',19502,57142,180330
'16SF1',19502,57142,183030
'16SF1',19502,57142,190030
'16SF1',19502,57142,192930
'16SF1',19502,57142,195830
'16SF1',19502,57142,202730
'16SF1',19502,57142,205630
'16SF1',19502,57142,212530
'16SF1',19502,57142,215530
'16SF1',19502,57142,222530
'16SF1',19502,57142,225530
'16SF1',19502,57142,232330
'16SF1',19502,57142,235330
'16SF1',19502,57142,242430
'16SF1',19502,57142,245430
'16SF1',19502,57142,252430
'16SF1',19502,57142,255430
'16SF1',19502,57142,262330
'16SF2',19502,57142,61700
'16SF2',19502,57142,65200
'16SF2',19502,57142,72200
'16SF2',19502,57142,75200
'16SF2',19502,57142,82200
'16SF2',19502,57142,85200
'16SF2',19502,57142,92500
'16SF2',19502,57142,95500
'16SF2',19502,57142,102500
'16SF2',19502,57142,105500
'16SF2',19502,57142,112500
'16SF2',19502,57142,115500
'16SF2',19502,57142,122830
'16SF2',19502,57142,125830
'16SF2',19502,57142,132830
'16SF2',19502,57142,135830
'16SF2',19502,57142,143030
'16SF2',19502,57142,150030
'16SF2',19502,57142,153030
'16SF2',19502,57142,160130
'16SF2',19502,57142,163230
'16SF2',19502,57142,170230
'16SF2',19502,57142,173230
'16SF2',19502,57142,180330
'16SF2',19502,57142,183030
'16SF2',19502,57142,190030
'16SF2',19502,57142,192930
'16SF2',19502,57142,195830
'16SF2',19502,57142,202730
'16SF2',19502,57142,205630
'16SF2',19502,57142,212530
'16SF2',19502,57142,215530
'16SF2',19502,57142,222530
'16SF2',19502,57142,225530
'16SF2',19502,57142,232330
'16SF2',19502,57142,235330
'16SF2',19502,57142,242430
'16SF2',19502,57142,245430
'16SF2',19502,57142,252430
'16SF2',19502,57142,255430
'16SF2',19502,57142,262330
'16SI',19502,57142,61700
'16SI',19502,57142,65200
'16SI',19502,57142,72200
'16SI',19502,57142,75200
'16SI',19502,57142,82200
'16SI',19502,57142,85200
'16SI',19502,57142,92500
'16SI',19502,57142,95500
'16SI',19502,57142,102500
'16SI',19502,57142,105500
'16SI',19502,57142,112500
'16SI',19502,57142,115500
'16SI',19502,57142,122830
'16SI',19502,57142,125830
'16SI',19502,57142,132830
'16SI',19502,57142,135830
'16SI',19502,57142,143030
'16SI',19502,57142,150030
'16SI',19502,57142,153030
'16SI',19502,57142,160130
'16SI',19502,57142,163230
'16SI',19502,57142,170230
'16SI',19502,57142,173230
'16SI',19502,57142,180330
'16SI',19502,57142,183030
'16SI',19502,57142,190030
'16SI',19502,57142,192930
'16SI',19502,57142,195830
'16SI',19502,57142,202730
'16SI',19502,57142,205630
'16SI',19502,57142,212530
'16SI',19502,57142,215530
'16SI',19502,57142,222530
'16SI',19502,57142,225530
'16SI',19502,57142,232330
'16SI',19502,57142,235330
'16SI',19502,57142,242430
'16SI',19502,57142,245430
'16SI',19502,57142,252430
'16SI',19502,57142,255430
'16SI',19502,57142,262330
'16SS',19502,57142,55130
'16SS',19502,57142,62030
'16SS',19502,57142,65400
'16SS',19502,57142,71730
'16SS',19502,57142,73830
'16SS',19502,57142,75730
'16SS',19502,57142,81630
'16SS',19502,57142,83730
'16SS',19502,57142,90330
'16SS',19502,57142,92500
'16SS',19502,57142,95400
'16SS',19502,57142,102300
'16SS',19502,57142,105100
'16SS',19502,57142,111900
'16SS',19502,57142,115000
'16SS',19502,57142,121900
'16SS',19502,57142,125300
'16SS',19502,57142,132400
'16SS',19502,57142,135500
'16SS',19502,57142,142700
'16SS',19502,57142,150200
'16SS',19502,57142,153700
'16SS',19502,57142,160700
'16SS',19502,57142,163800
'16SS',19502,57142,170700
'16SS',19502,57142,173700
'16SS',19502,57142,180500
'16SS',19502,57142,183530
'16SS',19502,57142,190530
'16SS',19502,57142,193530
'16SS',19502,57142,200530
'16SS',19502,57142,203430
'16SS',19502,57142,210330
'16SS',19502,57142,213230
'16SS',19502,57142,220130
'16SS',19502,57142,223130
'16SS',19502,57142,230030
'16SS',19502,57142,233030
'16SS',19502,57142,235730
'16SS',19502,57142,242530
'16SS',19502,57142,245330
'16SS',19502,57142,252330
'16SS',19502,57142,255230
'16SS',19502,57142,262130
