'17JA',3003,50908,55433
'17JA',3003,50908,63433
'17JA',3003,50908,71333
'17JA',3003,50908,75433
'17JA',3003,50908,83433
'17JA',3003,50908,91312
'17JA',3003,50908,94812
'17JA',3003,50908,102112
'17JA',3003,50908,105412
'17JA',3003,50908,112812
'17JA',3003,50908,120651
'17JA',3003,50908,123951
'17JA',3003,50908,131551
'17JA',3003,50908,135051
'17JA',3003,50908,142851
'17JA',3003,50908,150351
'17JA',3003,50908,153851
'17JA',3003,50908,161451
'17JA',3003,50908,165051
'17JA',3003,50908,172551
'17JA',3003,50908,175951
'17JA',3003,50908,182851
'17JA',3003,50908,190351
'17JA',3003,50908,193851
'17JA',3003,50908,201051
'17JA',3003,50908,204151
'17JA',3003,50908,211012
'17JA',3003,50908,214312
'17JA',3003,50908,221312
'17JA',3003,50908,224312
'17JA',3003,50908,231312
'17JA',3003,50908,234312
'17JA',3003,50908,241312
'17JA',3003,50908,244312
'17JA',3003,50908,251112
'17JI',3003,50908,55354
'17JI',3003,50908,63354
'17JI',3003,50908,71354
'17JI',3003,50908,75354
'17JI',3003,50908,83354
'17JI',3003,50908,91712
'17JI',3003,50908,95212
'17JI',3003,50908,102551
'17JI',3003,50908,105851
'17JI',3003,50908,113351
'17JI',3003,50908,120751
'17JI',3003,50908,124051
'17JI',3003,50908,131630
'17JI',3003,50908,135230
'17JI',3003,50908,142630
'17JI',3003,50908,150130
'17JI',3003,50908,153530
'17JI',3003,50908,161030
'17JI',3003,50908,164530
'17JI',3003,50908,171851
'17JI',3003,50908,175251
'17JI',3003,50908,182651
'17JI',3003,50908,185912
'17JI',3003,50908,193212
'17JI',3003,50908,200512
'17JI',3003,50908,203812
'17JI',3003,50908,211012
'17JI',3003,50908,214112
'17JI',3003,50908,221112
'17JI',3003,50908,224212
'17JI',3003,50908,230933
'17JI',3003,50908,233933
'17JI',3003,50908,240933
'17JI',3003,50908,243933
'17JS',3003,50908,53912
'17JS',3003,50908,60612
'17JS',3003,50908,63512
'17JS',3003,50908,71451
'17JS',3003,50908,75230
'17JS',3003,50908,82230
'17JS',3003,50908,85230
'17JS',3003,50908,92051
'17JS',3003,50908,94751
'17JS',3003,50908,101551
'17JS',3003,50908,104551
'17JS',3003,50908,111851
'17JS',3003,50908,114851
'17JS',3003,50908,121851
'17JS',3003,50908,124851
'17JS',3003,50908,131930
'17JS',3003,50908,135130
'17JS',3003,50908,142310
'17JS',3003,50908,145510
'17JS',3003,50908,152710
'17JS',3003,50908,155810
'17JS',3003,50908,162910
'17JS',3003,50908,170410
'17JS',3003,50908,174010
'17JS',3003,50908,180610
'17JS',3003,50908,182910
'17JS',3003,50908,185430
'17JS',3003,50908,192230
'17JS',3003,50908,194651
'17JS',3003,50908,201551
'17JS',3003,50908,204451
'17JS',3003,50908,211251
'17JS',3003,50908,213951
'17JS',3003,50908,220751
'17JS',3003,50908,223851
'17JS',3003,50908,230612
'17JS',3003,50908,233712
'17JS',3003,50908,240812
'17JS',3003,50908,243912
