'17JA',8601,53643,64112
'17JA',8601,53643,71712
'17JA',8601,53643,75112
'17JA',8601,53643,82212
'17JA',8601,53643,85412
'17JA',8601,53643,92712
'17JA',8601,53643,100148
'17JA',8601,53643,103348
'17JA',8601,53643,110648
'17JA',8601,53643,113948
'17JA',8601,53643,121548
'17JA',8601,53643,124848
'17JA',8601,53643,132248
'17JA',8601,53643,135648
'17JA',8601,53643,143048
'17JA',8601,53643,150448
'17JA',8601,53643,153748
'17JA',8601,53643,161048
'17JA',8601,53643,164348
'17JA',8601,53643,171748
'17JA',8601,53643,175048
'17JA',8601,53643,182148
'17JA',8601,53643,185448
'17JA',8601,53643,192848
'17JA',8601,53643,195948
'17JA',8601,53643,203048
'17JA',8601,53643,210348
'17JA',8601,53643,213648
'17JA',8601,53643,220748
'17JA',8601,53643,223630
'17JA',8601,53643,230630
'17JA',8601,53643,233830
'17JA',8601,53643,240930
'17JA',8601,53643,244030
'17JA',8601,53643,250930
'17JA',8601,53643,254030
'17JA',8601,53643,261030
'17JA',8601,53643,264230
'17JI',8601,53643,64230
'17JI',8601,53643,71430
'17JI',8601,53643,74530
'17JI',8601,53643,81630
'17JI',8601,53643,85030
'17JI',8601,53643,92430
'17JI',8601,53643,95530
'17JI',8601,53643,102530
'17JI',8601,53643,105930
'17JI',8601,53643,112930
'17JI',8601,53643,120130
'17JI',8601,53643,123130
'17JI',8601,53643,130530
'17JI',8601,53643,133930
'17JI',8601,53643,141330
'17JI',8601,53643,144530
'17JI',8601,53643,151830
'17JI',8601,53643,155130
'17JI',8601,53643,162430
'17JI',8601,53643,165730
'17JI',8601,53643,173030
'17JI',8601,53643,180130
'17JI',8601,53643,183430
'17JI',8601,53643,190530
'17JI',8601,53643,193830
'17JI',8601,53643,201030
'17JI',8601,53643,204230
'17JI',8601,53643,211030
'17JI',8601,53643,214230
'17JI',8601,53643,221330
'17JI',8601,53643,224530
'17JI',8601,53643,231430
'17JI',8601,53643,234330
'17JI',8601,53643,241130
'17JI',8601,53643,244330
'17JI',8601,53643,251230
'17JI',8601,53643,254230
'17JI',8601,53643,260830
'17JI',8601,53643,263330
'17JS',8601,53643,63630
'17JS',8601,53643,71130
'17JS',8601,53643,74648
'17JS',8601,53643,81748
'17JS',8601,53643,84530
'17JS',8601,53643,91330
'17JS',8601,53643,94130
'17JS',8601,53643,101030
'17JS',8601,53643,104030
'17JS',8601,53643,110930
'17JS',8601,53643,113930
'17JS',8601,53643,120930
'17JS',8601,53643,123930
'17JS',8601,53643,130930
'17JS',8601,53643,133930
'17JS',8601,53643,141012
'17JS',8601,53643,144012
'17JS',8601,53643,151212
'17JS',8601,53643,154348
'17JS',8601,53643,161548
'17JS',8601,53643,164648
'17JS',8601,53643,171548
'17JS',8601,53643,174548
'17JS',8601,53643,181348
'17JS',8601,53643,184348
'17JS',8601,53643,190748
'17JS',8601,53643,193748
'17JS',8601,53643,200748
'17JS',8601,53643,203830
'17JS',8601,53643,210530
'17JS',8601,53643,213530
'17JS',8601,53643,220530
'17JS',8601,53643,223530
'17JS',8601,53643,230530
'17JS',8601,53643,233212
'17JS',8601,53643,240212
'17JS',8601,53643,243212
'17JS',8601,53643,250212
'17JS',8601,53643,253212
'17JS',8601,53643,260212
'17JS',8601,53643,263212
'17JS',43001,53643,125700
'17JS',43001,53643,132700
'17JS',43001,53643,135700
'17JS',43001,53643,143100
'17JS',43001,53643,150100
'17JS',43001,53643,154000
'17JS',43001,53643,161200
'17JS',43001,53643,163200
'17JS',43001,53643,165400
'17JS',43001,53643,171600
'17JS',43001,53643,172700
'17JS',43001,53643,173700
'17JS',43001,53643,174700
'17JS',43001,53643,175700
'17JS',43001,53643,180500
'17JS',43001,53643,181500
'17JS',43001,53643,182600
'17JS',43001,53643,183200
'17JS',43001,53643,185100
'17JS',43001,53643,190500
'17JS',43001,53643,192400
'17JS',43001,53643,195400
