'17UA',18502,52941,54040
'17UA',18502,52941,61040
'17UA',18502,52941,64140
'17UA',18502,52941,71340
'17UA',18502,52941,74640
'17UA',18502,52941,81940
'17UA',18502,52941,85040
'17UA',18502,52941,91840
'17UA',18502,52941,94740
'17UA',18502,52941,101640
'17UA',18502,52941,104440
'17UA',18502,52941,111540
'17UA',18502,52941,114340
'17UA',18502,52941,121240
'17UA',18502,52941,124140
'17UA',18502,52941,131040
'17UA',18502,52941,133858
'17UA',18502,52941,140858
'17UA',18502,52941,143858
'17UA',18502,52941,150658
'17UA',18502,52941,153558
'17UA',18502,52941,160558
'17UA',18502,52941,163358
'17UA',18502,52941,170258
'17UA',18502,52941,173058
'17UA',18502,52941,175658
'17UA',18502,52941,182558
'17UA',18502,52941,185558
'17UA',18502,52941,192558
'17UA',18502,52941,195358
'17UA',18502,52941,202358
'17UA',18502,52941,205240
'17UA',18502,52941,212240
'17UA',18502,52941,215240
'17UA',18502,52941,222240
'17UA',18502,52941,225240
'17UA',18502,52941,232404
'17UA',18502,52941,235304
'17UA',18502,52941,242404
'17UA',18502,52941,245504
'17UF1',18502,52941,54040
'17UF1',18502,52941,61040
'17UF1',18502,52941,64140
'17UF1',18502,52941,71340
'17UF1',18502,52941,74640
'17UF1',18502,52941,81940
'17UF1',18502,52941,85040
'17UF1',18502,52941,91840
'17UF1',18502,52941,94740
'17UF1',18502,52941,101640
'17UF1',18502,52941,104440
'17UF1',18502,52941,111540
'17UF1',18502,52941,114340
'17UF1',18502,52941,121240
'17UF1',18502,52941,124140
'17UF1',18502,52941,131040
'17UF1',18502,52941,133858
'17UF1',18502,52941,140858
'17UF1',18502,52941,143858
'17UF1',18502,52941,150658
'17UF1',18502,52941,153558
'17UF1',18502,52941,160558
'17UF1',18502,52941,163358
'17UF1',18502,52941,170258
'17UF1',18502,52941,173058
'17UF1',18502,52941,175658
'17UF1',18502,52941,182558
'17UF1',18502,52941,185558
'17UF1',18502,52941,192558
'17UF1',18502,52941,195358
'17UF1',18502,52941,202358
'17UF1',18502,52941,205240
'17UF1',18502,52941,212240
'17UF1',18502,52941,215240
'17UF1',18502,52941,222240
'17UF1',18502,52941,225240
'17UF1',18502,52941,232404
'17UF1',18502,52941,235304
'17UF1',18502,52941,242404
'17UF1',18502,52941,245504
'17UF2',18502,52941,54040
'17UF2',18502,52941,61040
'17UF2',18502,52941,64140
'17UF2',18502,52941,71340
'17UF2',18502,52941,74640
'17UF2',18502,52941,81940
'17UF2',18502,52941,85040
'17UF2',18502,52941,91840
'17UF2',18502,52941,94740
'17UF2',18502,52941,101640
'17UF2',18502,52941,104440
'17UF2',18502,52941,111540
'17UF2',18502,52941,114340
'17UF2',18502,52941,121240
'17UF2',18502,52941,124140
'17UF2',18502,52941,131040
'17UF2',18502,52941,133858
'17UF2',18502,52941,140858
'17UF2',18502,52941,143858
'17UF2',18502,52941,150658
'17UF2',18502,52941,153558
'17UF2',18502,52941,160558
'17UF2',18502,52941,163358
'17UF2',18502,52941,170258
'17UF2',18502,52941,173058
'17UF2',18502,52941,175658
'17UF2',18502,52941,182558
'17UF2',18502,52941,185558
'17UF2',18502,52941,192558
'17UF2',18502,52941,195358
'17UF2',18502,52941,202358
'17UF2',18502,52941,205240
'17UF2',18502,52941,212240
'17UF2',18502,52941,215240
'17UF2',18502,52941,222240
'17UF2',18502,52941,225240
'17UF2',18502,52941,232404
'17UF2',18502,52941,235304
'17UF2',18502,52941,242404
'17UF2',18502,52941,245504
'17UI',18502,52941,53929
'17UI',18502,52941,60929
'17UI',18502,52941,64129
'17UI',18502,52941,71329
'17UI',18502,52941,74429
'17UI',18502,52941,81529
'17UI',18502,52941,84629
'17UI',18502,52941,91804
'17UI',18502,52941,94822
'17UI',18502,52941,102022
'17UI',18502,52941,104922
'17UI',18502,52941,111822
'17UI',18502,52941,114722
'17UI',18502,52941,121722
'17UI',18502,52941,124722
'17UI',18502,52941,131722
'17UI',18502,52941,134822
'17UI',18502,52941,141922
'17UI',18502,52941,145022
'17UI',18502,52941,152122
'17UI',18502,52941,155222
'17UI',18502,52941,162322
'17UI',18502,52941,165422
'17UI',18502,52941,172522
'17UI',18502,52941,175404
'17UI',18502,52941,182504
'17UI',18502,52941,185304
'17UI',18502,52941,192504
'17UI',18502,52941,195247
'17UI',18502,52941,202147
'17UI',18502,52941,205247
'17UI',18502,52941,212247
'17UI',18502,52941,215047
'17UI',18502,52941,222247
'17UI',18502,52941,225247
'17UI',18502,52941,232147
'17UI',18502,52941,235029
'17UI',18502,52941,242229
'17UI',18502,52941,245329
'17US',18502,52941,53922
'17US',18502,52941,60922
'17US',18502,52941,64140
'17US',18502,52941,71458
'17US',18502,52941,74558
'17US',18502,52941,81458
'17US',18502,52941,84540
'17US',18502,52941,91440
'17US',18502,52941,94340
'17US',18502,52941,101340
'17US',18502,52941,104340
'17US',18502,52941,111240
'17US',18502,52941,114440
'17US',18502,52941,121440
'17US',18502,52941,124440
'17US',18502,52941,131540
'17US',18502,52941,134640
'17US',18502,52941,141958
'17US',18502,52941,145058
'17US',18502,52941,151658
'17US',18502,52941,154258
'17US',18502,52941,161058
'17US',18502,52941,163358
'17US',18502,52941,165958
'17US',18502,52941,172758
'17US',18502,52941,175640
'17US',18502,52941,182640
'17US',18502,52941,185440
'17US',18502,52941,192422
'17US',18502,52941,195422
'17US',18502,52941,202322
'17US',18502,52941,205322
'17US',18502,52941,212222
'17US',18502,52941,215122
'17US',18502,52941,221922
'17US',18502,52941,224822
'17US',18502,52941,231704
'17US',18502,52941,234704
'17US',18502,52941,242204
'17US',18502,52941,245404
'17UA',36402,52941,251940
'17UA',36402,52941,260540
'17UA',36402,52941,265040
'17UA',36402,52941,273540
'17UA',36402,52941,282040
'17UA',36402,52941,285940
'17UF1',36402,52941,251940
'17UF1',36402,52941,260540
'17UF1',36402,52941,265040
'17UF1',36402,52941,273540
'17UF1',36402,52941,282040
'17UF1',36402,52941,285940
'17UF2',36402,52941,251940
'17UF2',36402,52941,260540
'17UF2',36402,52941,265040
'17UF2',36402,52941,273540
'17UF2',36402,52941,282040
'17UF2',36402,52941,285940
'17UI',36402,52941,251940
'17UI',36402,52941,260440
'17UI',36402,52941,264940
'17UI',36402,52941,273440
'17UI',36402,52941,281940
'17US',36402,52941,251840
'17US',36402,52941,260540
'17US',36402,52941,264940
'17US',36402,52941,273540
'17US',36402,52941,281840
