'16JA',12403,56254,60215
'16JA',12403,56254,64015
'16JA',12403,56254,71715
'16JA',12403,56254,75515
'16JA',12403,56254,82715
'16JA',12403,56254,90115
'16JA',12403,56254,91115
'16JA',12403,56254,94415
'16JA',12403,56254,101815
'16JA',12403,56254,105515
'16JA',12403,56254,110815
'16JA',12403,56254,113415
'16JA',12403,56254,120115
'16JA',12403,56254,122615
'16JA',12403,56254,125115
'16JA',12403,56254,131715
'16JA',12403,56254,134715
'16JA',12403,56254,141415
'16JA',12403,56254,144015
'16JA',12403,56254,150615
'16JA',12403,56254,153115
'16JA',12403,56254,155915
'16JA',12403,56254,162315
'16JA',12403,56254,164915
'16JA',12403,56254,171515
'16JA',12403,56254,174215
'16JA',12403,56254,181015
'16JA',12403,56254,183615
'16JA',12403,56254,185615
'16JA',12403,56254,192315
'16JA',12403,56254,195915
'16JA',12403,56254,203715
'16JA',12403,56254,211215
'16JA',12403,56254,214315
'16JA',12403,56254,221515
'16JA',12403,56254,224815
'16JA',12403,56254,231715
'16JA',12403,56254,234415
'16JA',12403,56254,242215
'16JA',12403,56254,245715
'16JA',12403,56254,253215
'16JI',12403,56254,64715
'16JI',12403,56254,71815
'16JI',12403,56254,75615
'16JI',12403,56254,83215
'16JI',12403,56254,90815
'16JI',12403,56254,94415
'16JI',12403,56254,101915
'16JI',12403,56254,105215
'16JI',12403,56254,111615
'16JI',12403,56254,114215
'16JI',12403,56254,121215
'16JI',12403,56254,124415
'16JI',12403,56254,125815
'16JI',12403,56254,132715
'16JI',12403,56254,135415
'16JI',12403,56254,141915
'16JI',12403,56254,144415
'16JI',12403,56254,151115
'16JI',12403,56254,153715
'16JI',12403,56254,155015
'16JI',12403,56254,161815
'16JI',12403,56254,165015
'16JI',12403,56254,172015
'16JI',12403,56254,175015
'16JI',12403,56254,182115
'16JI',12403,56254,184815
'16JI',12403,56254,191715
'16JI',12403,56254,194515
'16JI',12403,56254,201315
'16JI',12403,56254,204115
'16JI',12403,56254,211515
'16JI',12403,56254,214515
'16JI',12403,56254,221515
'16JI',12403,56254,224415
'16JI',12403,56254,231415
'16JI',12403,56254,234215
'16JI',12403,56254,241615
'16JI',12403,56254,245415
'16JI',12403,56254,253215
'16JS',12403,56254,53749
'16JS',12403,56254,60449
'16JS',12403,56254,62949
'16JS',12403,56254,65949
'16JS',12403,56254,72957
'16JS',12403,56254,80057
'16JS',12403,56254,83257
'16JS',12403,56254,90523
'16JS',12403,56254,93223
'16JS',12403,56254,100123
'16JS',12403,56254,103023
'16JS',12403,56254,110023
'16JS',12403,56254,113023
'16JS',12403,56254,120023
'16JS',12403,56254,123023
'16JS',12403,56254,130023
'16JS',12403,56254,133023
'16JS',12403,56254,135923
'16JS',12403,56254,142923
'16JS',12403,56254,145923
'16JS',12403,56254,153223
'16JS',12403,56254,160423
'16JS',12403,56254,163623
'16JS',12403,56254,170823
'16JS',12403,56254,174123
'16JS',12403,56254,181323
'16JS',12403,56254,184123
'16JS',12403,56254,191123
'16JS',12403,56254,194149
'16JS',12403,56254,200849
'16JS',12403,56254,203749
'16JS',12403,56254,210849
'16JS',12403,56254,213949
'16JS',12403,56254,220949
'16JS',12403,56254,224149
'16JS',12403,56254,231449
'16JS',12403,56254,234749
'16JS',12403,56254,241749
'16JS',12403,56254,244849
'16JS',12403,56254,252049
'16JA',13802,56254,61200
'16JA',13802,56254,65800
'16JA',13802,56254,74300
'16JA',13802,56254,82800
'16JA',13802,56254,91300
'16JA',13802,56254,95800
'16JA',13802,56254,104400
'16JA',13802,56254,113000
'16JA',13802,56254,121400
'16JA',13802,56254,130000
'16JA',13802,56254,134600
'16JA',13802,56254,143100
'16JA',13802,56254,151700
'16JA',13802,56254,160200
'16JA',13802,56254,164800
'16JA',13802,56254,173200
'16JA',13802,56254,181800
'16JA',13802,56254,190100
'16JA',13802,56254,194500
'16JI',13802,56254,65400
'16JI',13802,56254,73300
'16JI',13802,56254,81900
'16JI',13802,56254,90200
'16JI',13802,56254,94600
'16JI',13802,56254,103000
'16JI',13802,56254,111400
'16JI',13802,56254,115700
'16JI',13802,56254,124000
'16JI',13802,56254,132300
'16JI',13802,56254,140600
'16JI',13802,56254,145100
'16JI',13802,56254,153500
'16JI',13802,56254,162000
'16JI',13802,56254,170400
'16JI',13802,56254,174800
'16JI',13802,56254,183100
'16JI',13802,56254,191200
'16JI',13802,56254,195200
'16JS',13802,56254,55600
'16JS',13802,56254,62300
'16JS',13802,56254,65900
'16JS',13802,56254,73800
'16JS',13802,56254,81700
'16JS',13802,56254,85400
'16JS',13802,56254,93200
'16JS',13802,56254,100700
'16JS',13802,56254,104200
'16JS',13802,56254,111800
'16JS',13802,56254,115400
'16JS',13802,56254,123100
'16JS',13802,56254,130800
'16JS',13802,56254,134500
'16JS',13802,56254,142500
'16JS',13802,56254,150300
'16JS',13802,56254,154200
'16JS',13802,56254,162000
'16JS',13802,56254,170000
'16JS',13802,56254,173800
'16JS',13802,56254,181700
'16JS',13802,56254,185300
'16JS',13802,56254,192800
'16JS',13802,56254,200100
'16JS',13802,56254,203500
'16JS',13802,56254,210700
'16JS',13802,56254,213900
'16JS',13802,56254,221000
'16JS',13802,56254,224000
'16JS',13802,56254,231100
'16JS',13802,56254,234100
'16JS',13802,56254,241000
'16JS',13802,56254,243800
'16JS',13802,56254,250600
'16JS',13802,56254,253400
