'16SA',6902,55297,44600
'16SA',6902,55297,51600
'16SA',6902,55297,54700
'16SA',6902,55297,61700
'16SA',6902,55297,64600
'16SA',6902,55297,71600
'16SA',6902,55297,74200
'16SA',6902,55297,80200
'16SA',6902,55297,82200
'16SA',6902,55297,84200
'16SA',6902,55297,90200
'16SA',6902,55297,92200
'16SA',6902,55297,94300
'16SA',6902,55297,100400
'16SA',6902,55297,102500
'16SA',6902,55297,104500
'16SA',6902,55297,105900
'16SA',6902,55297,111300
'16SA',6902,55297,112700
'16SA',6902,55297,114100
'16SA',6902,55297,115500
'16SA',6902,55297,120900
'16SA',6902,55297,122200
'16SA',6902,55297,123500
'16SA',6902,55297,124800
'16SA',6902,55297,130000
'16SA',6902,55297,131200
'16SA',6902,55297,132400
'16SA',6902,55297,133600
'16SA',6902,55297,134800
'16SA',6902,55297,140000
'16SA',6902,55297,141200
'16SA',6902,55297,142600
'16SA',6902,55297,144000
'16SA',6902,55297,145500
'16SA',6902,55297,150900
'16SA',6902,55297,152300
'16SA',6902,55297,153700
'16SA',6902,55297,154800
'16SA',6902,55297,155900
'16SA',6902,55297,161100
'16SA',6902,55297,162300
'16SA',6902,55297,163600
'16SA',6902,55297,164800
'16SA',6902,55297,170000
'16SA',6902,55297,171300
'16SA',6902,55297,172600
'16SA',6902,55297,173900
'16SA',6902,55297,175300
'16SA',6902,55297,181100
'16SA',6902,55297,183300
'16SA',6902,55297,185600
'16SA',6902,55297,192200
'16SA',6902,55297,194900
'16SA',6902,55297,202000
'16SA',6902,55297,205100
'16SA',6902,55297,212100
'16SA',6902,55297,215100
'16SA',6902,55297,222200
'16SA',6902,55297,225300
'16SA',6902,55297,232300
'16SA',6902,55297,235200
'16SA',6902,55297,242000
'16SA',6902,55297,244800
'16SA',6902,55297,252100
'16SF1',6902,55297,44600
'16SF1',6902,55297,51600
'16SF1',6902,55297,54700
'16SF1',6902,55297,61700
'16SF1',6902,55297,64600
'16SF1',6902,55297,71600
'16SF1',6902,55297,74200
'16SF1',6902,55297,80200
'16SF1',6902,55297,82200
'16SF1',6902,55297,84200
'16SF1',6902,55297,90200
'16SF1',6902,55297,92200
'16SF1',6902,55297,94300
'16SF1',6902,55297,100400
'16SF1',6902,55297,102500
'16SF1',6902,55297,104500
'16SF1',6902,55297,105900
'16SF1',6902,55297,111300
'16SF1',6902,55297,112700
'16SF1',6902,55297,114100
'16SF1',6902,55297,115500
'16SF1',6902,55297,120900
'16SF1',6902,55297,122200
'16SF1',6902,55297,123500
'16SF1',6902,55297,124800
'16SF1',6902,55297,130000
'16SF1',6902,55297,131200
'16SF1',6902,55297,132400
'16SF1',6902,55297,133600
'16SF1',6902,55297,134800
'16SF1',6902,55297,140000
'16SF1',6902,55297,141200
'16SF1',6902,55297,142600
'16SF1',6902,55297,144000
'16SF1',6902,55297,145500
'16SF1',6902,55297,150900
'16SF1',6902,55297,152300
'16SF1',6902,55297,153700
'16SF1',6902,55297,154800
'16SF1',6902,55297,155900
'16SF1',6902,55297,161100
'16SF1',6902,55297,162300
'16SF1',6902,55297,163600
'16SF1',6902,55297,164800
'16SF1',6902,55297,170000
'16SF1',6902,55297,171300
'16SF1',6902,55297,172600
'16SF1',6902,55297,173900
'16SF1',6902,55297,175300
'16SF1',6902,55297,181100
'16SF1',6902,55297,183300
'16SF1',6902,55297,185600
'16SF1',6902,55297,192200
'16SF1',6902,55297,194900
'16SF1',6902,55297,202000
'16SF1',6902,55297,205100
'16SF1',6902,55297,212100
'16SF1',6902,55297,215100
'16SF1',6902,55297,222200
'16SF1',6902,55297,225300
'16SF1',6902,55297,232300
'16SF1',6902,55297,235200
'16SF1',6902,55297,242000
'16SF1',6902,55297,244800
'16SF1',6902,55297,252100
'16SF2',6902,55297,44600
'16SF2',6902,55297,51600
'16SF2',6902,55297,54700
'16SF2',6902,55297,61700
'16SF2',6902,55297,64600
'16SF2',6902,55297,71600
'16SF2',6902,55297,74200
'16SF2',6902,55297,80200
'16SF2',6902,55297,82200
'16SF2',6902,55297,84200
'16SF2',6902,55297,90200
'16SF2',6902,55297,92200
'16SF2',6902,55297,94300
'16SF2',6902,55297,100400
'16SF2',6902,55297,102500
'16SF2',6902,55297,104500
'16SF2',6902,55297,105900
'16SF2',6902,55297,111300
'16SF2',6902,55297,112700
'16SF2',6902,55297,114100
'16SF2',6902,55297,115500
'16SF2',6902,55297,120900
'16SF2',6902,55297,122200
'16SF2',6902,55297,123500
'16SF2',6902,55297,124800
'16SF2',6902,55297,130000
'16SF2',6902,55297,131200
'16SF2',6902,55297,132400
'16SF2',6902,55297,133600
'16SF2',6902,55297,134800
'16SF2',6902,55297,140000
'16SF2',6902,55297,141200
'16SF2',6902,55297,142600
'16SF2',6902,55297,144000
'16SF2',6902,55297,145500
'16SF2',6902,55297,150900
'16SF2',6902,55297,152300
'16SF2',6902,55297,153700
'16SF2',6902,55297,154800
'16SF2',6902,55297,155900
'16SF2',6902,55297,161100
'16SF2',6902,55297,162300
'16SF2',6902,55297,163600
'16SF2',6902,55297,164800
'16SF2',6902,55297,170000
'16SF2',6902,55297,171300
'16SF2',6902,55297,172600
'16SF2',6902,55297,173900
'16SF2',6902,55297,175300
'16SF2',6902,55297,181100
'16SF2',6902,55297,183300
'16SF2',6902,55297,185600
'16SF2',6902,55297,192200
'16SF2',6902,55297,194900
'16SF2',6902,55297,202000
'16SF2',6902,55297,205100
'16SF2',6902,55297,212100
'16SF2',6902,55297,215100
'16SF2',6902,55297,222200
'16SF2',6902,55297,225300
'16SF2',6902,55297,232300
'16SF2',6902,55297,235200
'16SF2',6902,55297,242000
'16SF2',6902,55297,244800
'16SF2',6902,55297,252100
'16SI',6902,55297,45500
'16SI',6902,55297,52700
'16SI',6902,55297,55800
'16SI',6902,55297,62700
'16SI',6902,55297,65700
'16SI',6902,55297,72600
'16SI',6902,55297,75500
'16SI',6902,55297,82400
'16SI',6902,55297,85300
'16SI',6902,55297,92000
'16SI',6902,55297,94500
'16SI',6902,55297,100600
'16SI',6902,55297,102500
'16SI',6902,55297,104400
'16SI',6902,55297,110400
'16SI',6902,55297,112200
'16SI',6902,55297,114000
'16SI',6902,55297,115800
'16SI',6902,55297,121600
'16SI',6902,55297,123400
'16SI',6902,55297,125100
'16SI',6902,55297,130700
'16SI',6902,55297,132300
'16SI',6902,55297,133800
'16SI',6902,55297,135200
'16SI',6902,55297,140600
'16SI',6902,55297,142100
'16SI',6902,55297,143600
'16SI',6902,55297,145200
'16SI',6902,55297,150800
'16SI',6902,55297,152300
'16SI',6902,55297,153800
'16SI',6902,55297,155400
'16SI',6902,55297,161000
'16SI',6902,55297,162600
'16SI',6902,55297,164200
'16SI',6902,55297,165800
'16SI',6902,55297,171700
'16SI',6902,55297,173600
'16SI',6902,55297,175500
'16SI',6902,55297,181300
'16SI',6902,55297,183800
'16SI',6902,55297,190400
'16SI',6902,55297,193000
'16SI',6902,55297,195600
'16SI',6902,55297,202200
'16SI',6902,55297,204700
'16SI',6902,55297,211800
'16SI',6902,55297,215100
'16SI',6902,55297,222200
'16SI',6902,55297,225100
'16SI',6902,55297,232000
'16SI',6902,55297,234800
'16SI',6902,55297,241800
'16SI',6902,55297,245100
'16SS',6902,55297,44600
'16SS',6902,55297,51300
'16SS',6902,55297,53900
'16SS',6902,55297,55500
'16SS',6902,55297,61100
'16SS',6902,55297,62100
'16SS',6902,55297,63200
'16SS',6902,55297,64200
'16SS',6902,55297,65200
'16SS',6902,55297,70200
'16SS',6902,55297,71200
'16SS',6902,55297,72200
'16SS',6902,55297,73200
'16SS',6902,55297,74200
'16SS',6902,55297,75200
'16SS',6902,55297,80200
'16SS',6902,55297,81200
'16SS',6902,55297,82200
'16SS',6902,55297,83200
'16SS',6902,55297,84200
'16SS',6902,55297,85200
'16SS',6902,55297,90200
'16SS',6902,55297,91200
'16SS',6902,55297,92200
'16SS',6902,55297,93200
'16SS',6902,55297,94200
'16SS',6902,55297,95200
'16SS',6902,55297,100200
'16SS',6902,55297,101200
'16SS',6902,55297,102200
'16SS',6902,55297,103200
'16SS',6902,55297,104200
'16SS',6902,55297,105200
'16SS',6902,55297,110200
'16SS',6902,55297,111200
'16SS',6902,55297,112200
'16SS',6902,55297,113200
'16SS',6902,55297,114200
'16SS',6902,55297,115200
'16SS',6902,55297,120200
'16SS',6902,55297,121200
'16SS',6902,55297,122200
'16SS',6902,55297,123200
'16SS',6902,55297,124200
'16SS',6902,55297,125200
'16SS',6902,55297,130200
'16SS',6902,55297,131200
'16SS',6902,55297,132100
'16SS',6902,55297,133100
'16SS',6902,55297,134100
'16SS',6902,55297,135100
'16SS',6902,55297,140100
'16SS',6902,55297,141100
'16SS',6902,55297,142100
'16SS',6902,55297,143100
'16SS',6902,55297,144100
'16SS',6902,55297,145100
'16SS',6902,55297,150100
'16SS',6902,55297,151100
'16SS',6902,55297,152100
'16SS',6902,55297,153100
'16SS',6902,55297,154100
'16SS',6902,55297,155100
'16SS',6902,55297,160100
'16SS',6902,55297,161100
'16SS',6902,55297,162100
'16SS',6902,55297,163100
'16SS',6902,55297,164100
'16SS',6902,55297,165100
'16SS',6902,55297,170100
'16SS',6902,55297,171100
'16SS',6902,55297,172100
'16SS',6902,55297,173000
'16SS',6902,55297,173900
'16SS',6902,55297,174900
'16SS',6902,55297,175900
'16SS',6902,55297,180900
'16SS',6902,55297,181900
'16SS',6902,55297,182900
'16SS',6902,55297,183700
'16SS',6902,55297,184600
'16SS',6902,55297,185600
'16SS',6902,55297,190600
'16SS',6902,55297,191600
'16SS',6902,55297,192600
'16SS',6902,55297,193600
'16SS',6902,55297,194600
'16SS',6902,55297,195600
'16SS',6902,55297,200600
'16SS',6902,55297,201600
'16SS',6902,55297,202600
'16SS',6902,55297,203600
'16SS',6902,55297,204600
'16SS',6902,55297,205600
'16SS',6902,55297,211700
'16SS',6902,55297,213700
'16SS',6902,55297,215700
'16SS',6902,55297,221700
'16SS',6902,55297,224600
'16SS',6902,55297,231600
'16SS',6902,55297,234600
'16SS',6902,55297,241800
'16SS',6902,55297,245100
'16SS',43904,55297,60533
'16SS',43904,55297,62133
'16SS',43904,55297,63333
'16SS',43904,55297,64243
'16SS',43904,55297,64743
'16SS',43904,55297,65843
'16SS',43904,55297,70843
'16SS',43904,55297,71643
'16SS',43904,55297,72643
'16SS',43904,55297,73643
'16SS',43904,55297,74843
'16SS',43904,55297,80133
'16SS',43904,55297,81533
'16SS',43904,55297,82533
'16SS',43904,55297,84233
