'16UA',21702,58359,63637
'16UA',21702,58359,70637
'16UA',21702,58359,73737
'16UA',21702,58359,80837
'16UA',21702,58359,83937
'16UA',21702,58359,91037
'16UA',21702,58359,94237
'16UA',21702,58359,101437
'16UA',21702,58359,104612
'16UA',21702,58359,111712
'16UA',21702,58359,114912
'16UA',21702,58359,122112
'16UA',21702,58359,125312
'16UA',21702,58359,132512
'16UA',21702,58359,135712
'16UA',21702,58359,142912
'16UA',21702,58359,150112
'16UA',21702,58359,153312
'16UA',21702,58359,160512
'16UA',21702,58359,163712
'16UA',21702,58359,170912
'16UA',21702,58359,174112
'16UA',21702,58359,181202
'16UA',21702,58359,184302
'16UA',21702,58359,191402
'16UA',21702,58359,194402
'16UA',21702,58359,201402
'16UA',21702,58359,204502
'16UA',21702,58359,211502
'16UA',21702,58359,214602
'16UA',21702,58359,221602
'16UA',21702,58359,224702
'16UA',21702,58359,231802
'16UA',21702,58359,240402
'16UF1',21702,58359,73102
'16UF1',21702,58359,80202
'16UF1',21702,58359,83302
'16UF1',21702,58359,90402
'16UF1',21702,58359,93537
'16UF1',21702,58359,100712
'16UF1',21702,58359,103812
'16UF1',21702,58359,110912
'16UF1',21702,58359,114112
'16UF1',21702,58359,121312
'16UF1',21702,58359,124512
'16UF1',21702,58359,131712
'16UF1',21702,58359,134912
'16UF1',21702,58359,142112
'16UF1',21702,58359,145312
'16UF1',21702,58359,152512
'16UF1',21702,58359,155712
'16UF1',21702,58359,162912
'16UF1',21702,58359,170112
'16UF1',21702,58359,173237
'16UF1',21702,58359,180437
'16UF1',21702,58359,183537
'16UF1',21702,58359,190637
'16UF1',21702,58359,193737
'16UF1',21702,58359,200837
'16UF1',21702,58359,203937
'16UF1',21702,58359,211037
'16UF1',21702,58359,214137
'16UF1',21702,58359,221237
'16UF1',21702,58359,224302
'16UF1',21702,58359,232002
'16UF1',21702,58359,240402
'16UF2',21702,58359,73102
'16UF2',21702,58359,80202
'16UF2',21702,58359,83302
'16UF2',21702,58359,90402
'16UF2',21702,58359,93537
'16UF2',21702,58359,100712
'16UF2',21702,58359,103812
'16UF2',21702,58359,110912
'16UF2',21702,58359,114112
'16UF2',21702,58359,121312
'16UF2',21702,58359,124512
'16UF2',21702,58359,131712
'16UF2',21702,58359,134912
'16UF2',21702,58359,142112
'16UF2',21702,58359,145312
'16UF2',21702,58359,152512
'16UF2',21702,58359,155712
'16UF2',21702,58359,162912
'16UF2',21702,58359,170112
'16UF2',21702,58359,173237
'16UF2',21702,58359,180437
'16UF2',21702,58359,183537
'16UF2',21702,58359,190637
'16UF2',21702,58359,193737
'16UF2',21702,58359,200837
'16UF2',21702,58359,203937
'16UF2',21702,58359,211037
'16UF2',21702,58359,214137
'16UF2',21702,58359,221237
'16UF2',21702,58359,224302
'16UF2',21702,58359,232002
'16UF2',21702,58359,240402
'16UI',21702,58359,73102
'16UI',21702,58359,80202
'16UI',21702,58359,83302
'16UI',21702,58359,90402
'16UI',21702,58359,93537
'16UI',21702,58359,100712
'16UI',21702,58359,103812
'16UI',21702,58359,110912
'16UI',21702,58359,114112
'16UI',21702,58359,121312
'16UI',21702,58359,124512
'16UI',21702,58359,131712
'16UI',21702,58359,134912
'16UI',21702,58359,142112
'16UI',21702,58359,145312
'16UI',21702,58359,152512
'16UI',21702,58359,155712
'16UI',21702,58359,162912
'16UI',21702,58359,170112
'16UI',21702,58359,173237
'16UI',21702,58359,180437
'16UI',21702,58359,183537
'16UI',21702,58359,190637
'16UI',21702,58359,193737
'16UI',21702,58359,200837
'16UI',21702,58359,203937
'16UI',21702,58359,211037
'16UI',21702,58359,214137
'16UI',21702,58359,221237
'16UI',21702,58359,224302
'16UI',21702,58359,232002
'16UI',21702,58359,240402
'16US',21702,58359,64137
'16US',21702,58359,71412
'16US',21702,58359,74746
'16US',21702,58359,82146
'16US',21702,58359,85546
'16US',21702,58359,92637
'16US',21702,58359,95837
'16US',21702,58359,103037
'16US',21702,58359,110237
'16US',21702,58359,113337
'16US',21702,58359,120612
'16US',21702,58359,123812
'16US',21702,58359,131112
'16US',21702,58359,134312
'16US',21702,58359,141612
'16US',21702,58359,144912
'16US',21702,58359,152112
'16US',21702,58359,155412
'16US',21702,58359,161812
'16US',21702,58359,170012
'16US',21702,58359,171612
'16US',21702,58359,173412
'16US',21702,58359,175312
'16US',21702,58359,181037
'16US',21702,58359,182937
'16US',21702,58359,190137
'16US',21702,58359,194937
'16US',21702,58359,202237
'16US',21702,58359,205537
'16US',21702,58359,212837
'16US',21702,58359,220137
'16US',21702,58359,230402
'16US',21702,58359,240702
