'17UA',18002,50178,54716
'17UA',18002,50178,61716
'17UA',18002,50178,64716
'17UA',18002,50178,71716
'17UA',18002,50178,74716
'17UA',18002,50178,81753
'17UA',18002,50178,84953
'17UA',18002,50178,91953
'17UA',18002,50178,94953
'17UA',18002,50178,102106
'17UA',18002,50178,105206
'17UA',18002,50178,112306
'17UA',18002,50178,115406
'17UA',18002,50178,122506
'17UA',18002,50178,125606
'17UA',18002,50178,132706
'17UA',18002,50178,135806
'17UA',18002,50178,142906
'17UA',18002,50178,150006
'17UA',18002,50178,153106
'17UA',18002,50178,160306
'17UA',18002,50178,163406
'17UA',18002,50178,170506
'17UA',18002,50178,173606
'17UA',18002,50178,180706
'17UA',18002,50178,183606
'17UA',18002,50178,190506
'17UA',18002,50178,193406
'17UA',18002,50178,200406
'17UA',18002,50178,203230
'17UA',18002,50178,210230
'17UA',18002,50178,213230
'17UA',18002,50178,220230
'17UA',18002,50178,223230
'17UA',18002,50178,230230
'17UA',18002,50178,232816
'17UA',18002,50178,235616
'17UA',18002,50178,242416
'17UA',18002,50178,245216
'17UA',18002,50178,251816
'17UA',18002,50178,254716
'17UA',18002,50178,261616
'17UF1',18002,50178,54716
'17UF1',18002,50178,61716
'17UF1',18002,50178,64716
'17UF1',18002,50178,71716
'17UF1',18002,50178,74716
'17UF1',18002,50178,81753
'17UF1',18002,50178,84953
'17UF1',18002,50178,91953
'17UF1',18002,50178,94953
'17UF1',18002,50178,102106
'17UF1',18002,50178,105206
'17UF1',18002,50178,112306
'17UF1',18002,50178,115406
'17UF1',18002,50178,122506
'17UF1',18002,50178,125606
'17UF1',18002,50178,132706
'17UF1',18002,50178,135806
'17UF1',18002,50178,142906
'17UF1',18002,50178,150006
'17UF1',18002,50178,153106
'17UF1',18002,50178,160306
'17UF1',18002,50178,163406
'17UF1',18002,50178,170506
'17UF1',18002,50178,173606
'17UF1',18002,50178,180706
'17UF1',18002,50178,183606
'17UF1',18002,50178,190506
'17UF1',18002,50178,193406
'17UF1',18002,50178,200406
'17UF1',18002,50178,203230
'17UF1',18002,50178,210230
'17UF1',18002,50178,213230
'17UF1',18002,50178,220230
'17UF1',18002,50178,223230
'17UF1',18002,50178,230230
'17UF1',18002,50178,232816
'17UF1',18002,50178,235616
'17UF1',18002,50178,242416
'17UF1',18002,50178,245216
'17UF1',18002,50178,251816
'17UF1',18002,50178,254716
'17UF1',18002,50178,261616
'17UF2',18002,50178,54716
'17UF2',18002,50178,61716
'17UF2',18002,50178,64716
'17UF2',18002,50178,71716
'17UF2',18002,50178,74716
'17UF2',18002,50178,81753
'17UF2',18002,50178,84953
'17UF2',18002,50178,91953
'17UF2',18002,50178,94953
'17UF2',18002,50178,102106
'17UF2',18002,50178,105206
'17UF2',18002,50178,112306
'17UF2',18002,50178,115406
'17UF2',18002,50178,122506
'17UF2',18002,50178,125606
'17UF2',18002,50178,132706
'17UF2',18002,50178,135806
'17UF2',18002,50178,142906
'17UF2',18002,50178,150006
'17UF2',18002,50178,153106
'17UF2',18002,50178,160306
'17UF2',18002,50178,163406
'17UF2',18002,50178,170506
'17UF2',18002,50178,173606
'17UF2',18002,50178,180706
'17UF2',18002,50178,183606
'17UF2',18002,50178,190506
'17UF2',18002,50178,193406
'17UF2',18002,50178,200406
'17UF2',18002,50178,203230
'17UF2',18002,50178,210230
'17UF2',18002,50178,213230
'17UF2',18002,50178,220230
'17UF2',18002,50178,223230
'17UF2',18002,50178,230230
'17UF2',18002,50178,232816
'17UF2',18002,50178,235616
'17UF2',18002,50178,242416
'17UF2',18002,50178,245216
'17UF2',18002,50178,251816
'17UF2',18002,50178,254716
'17UF2',18002,50178,261616
'17UI',18002,50178,61730
'17UI',18002,50178,64730
'17UI',18002,50178,71806
'17UI',18002,50178,75006
'17UI',18002,50178,82006
'17UI',18002,50178,85006
'17UI',18002,50178,92006
'17UI',18002,50178,95006
'17UI',18002,50178,102006
'17UI',18002,50178,105006
'17UI',18002,50178,112006
'17UI',18002,50178,115006
'17UI',18002,50178,122006
'17UI',18002,50178,125006
'17UI',18002,50178,132006
'17UI',18002,50178,135006
'17UI',18002,50178,142006
'17UI',18002,50178,145006
'17UI',18002,50178,152006
'17UI',18002,50178,155106
'17UI',18002,50178,162106
'17UI',18002,50178,165106
'17UI',18002,50178,172106
'17UI',18002,50178,175106
'17UI',18002,50178,182006
'17UI',18002,50178,185006
'17UI',18002,50178,192006
'17UI',18002,50178,195006
'17UI',18002,50178,202006
'17UI',18002,50178,205006
'17UI',18002,50178,212006
'17UI',18002,50178,215006
'17UI',18002,50178,222006
'17UI',18002,50178,225006
'17UI',18002,50178,232006
'17UI',18002,50178,234906
'17UI',18002,50178,241506
'17UI',18002,50178,244206
'17UI',18002,50178,251006
'17UI',18002,50178,253806
'17US',18002,50178,54816
'17US',18002,50178,60653
'17US',18002,50178,62653
'17US',18002,50178,64553
'17US',18002,50178,70430
'17US',18002,50178,72630
'17US',18002,50178,75643
'17US',18002,50178,82643
'17US',18002,50178,84843
'17US',18002,50178,91043
'17US',18002,50178,92830
'17US',18002,50178,94730
'17US',18002,50178,100730
'17US',18002,50178,102730
'17US',18002,50178,104730
'17US',18002,50178,110730
'17US',18002,50178,112530
'17US',18002,50178,114406
'17US',18002,50178,120106
'17US',18002,50178,121806
'17US',18002,50178,123506
'17US',18002,50178,125506
'17US',18002,50178,131406
'17US',18002,50178,133406
'17US',18002,50178,135406
'17US',18002,50178,141406
'17US',18002,50178,143406
'17US',18002,50178,145406
'17US',18002,50178,151006
'17US',18002,50178,152720
'17US',18002,50178,154420
'17US',18002,50178,155720
'17US',18002,50178,161120
'17US',18002,50178,162720
'17US',18002,50178,164220
'17US',18002,50178,165720
'17US',18002,50178,171120
'17US',18002,50178,172620
'17US',18002,50178,174020
'17US',18002,50178,175343
'17US',18002,50178,180743
'17US',18002,50178,182343
'17US',18002,50178,184043
'17US',18002,50178,185743
'17US',18002,50178,191506
'17US',18002,50178,193506
'17US',18002,50178,195506
'17US',18002,50178,201506
'17US',18002,50178,203430
'17US',18002,50178,205330
'17US',18002,50178,211330
'17US',18002,50178,213330
'17US',18002,50178,215330
'17US',18002,50178,221330
'17US',18002,50178,223330
'17US',18002,50178,225153
'17US',18002,50178,230953
'17US',18002,50178,232853
'17US',18002,50178,234753
'17US',18002,50178,240540
'17US',18002,50178,242340
'17US',18002,50178,244540
'17US',18002,50178,251240
'17US',18002,50178,253240
'17UA',36503,50178,265312
'17UA',36503,50178,272512
'17UA',36503,50178,275812
'17UA',36503,50178,283012
'17UA',36503,50178,290612
'17UA',36503,50178,294312
'17UF1',36503,50178,265312
'17UF1',36503,50178,272512
'17UF1',36503,50178,275812
'17UF1',36503,50178,283012
'17UF1',36503,50178,290612
'17UF1',36503,50178,294312
'17UF2',36503,50178,265312
'17UF2',36503,50178,272512
'17UF2',36503,50178,275812
'17UF2',36503,50178,283012
'17UF2',36503,50178,290612
'17UF2',36503,50178,294312
'17UI',36503,50178,261528
'17UI',36503,50178,265528
'17UI',36503,50178,273528
'17UI',36503,50178,281912
'17UI',36503,50178,285912
'17UI',36503,50178,293912
'17US',36503,50178,262112
'17US',36503,50178,270112
'17US',36503,50178,273912
'17US',36503,50178,281912
'17US',36503,50178,285612
'17US',36503,50178,293612
