'17UA',2201,53922,53645
'17UA',2201,53922,60645
'17UA',2201,53922,63645
'17UA',2201,53922,70645
'17UA',2201,53922,73645
'17UA',2201,53922,80645
'17UA',2201,53922,83645
'17UA',2201,53922,90645
'17UA',2201,53922,93645
'17UA',2201,53922,100745
'17UA',2201,53922,103736
'17UA',2201,53922,110736
'17UA',2201,53922,113736
'17UA',2201,53922,120736
'17UA',2201,53922,123736
'17UA',2201,53922,130736
'17UA',2201,53922,133736
'17UA',2201,53922,140736
'17UA',2201,53922,143754
'17UA',2201,53922,150754
'17UA',2201,53922,153745
'17UA',2201,53922,160745
'17UA',2201,53922,163745
'17UA',2201,53922,170745
'17UA',2201,53922,173745
'17UA',2201,53922,180745
'17UA',2201,53922,183745
'17UA',2201,53922,190745
'17UA',2201,53922,200745
'17UA',2201,53922,210745
'17UA',2201,53922,220745
'17UA',2201,53922,230745
'17UA',2201,53922,240745
'17UA',2201,53922,250745
'17UA',2201,53922,260736
'17UF1',2201,53922,53645
'17UF1',2201,53922,60645
'17UF1',2201,53922,63645
'17UF1',2201,53922,70645
'17UF1',2201,53922,73645
'17UF1',2201,53922,80645
'17UF1',2201,53922,83645
'17UF1',2201,53922,90645
'17UF1',2201,53922,93645
'17UF1',2201,53922,100745
'17UF1',2201,53922,103736
'17UF1',2201,53922,110736
'17UF1',2201,53922,113736
'17UF1',2201,53922,120736
'17UF1',2201,53922,123736
'17UF1',2201,53922,130736
'17UF1',2201,53922,133736
'17UF1',2201,53922,140736
'17UF1',2201,53922,143754
'17UF1',2201,53922,150754
'17UF1',2201,53922,153745
'17UF1',2201,53922,160745
'17UF1',2201,53922,163745
'17UF1',2201,53922,170745
'17UF1',2201,53922,173745
'17UF1',2201,53922,180745
'17UF1',2201,53922,183745
'17UF1',2201,53922,190745
'17UF1',2201,53922,200745
'17UF1',2201,53922,210745
'17UF1',2201,53922,220745
'17UF1',2201,53922,230745
'17UF1',2201,53922,240745
'17UF1',2201,53922,250745
'17UF1',2201,53922,260736
'17UF2',2201,53922,53645
'17UF2',2201,53922,60645
'17UF2',2201,53922,63645
'17UF2',2201,53922,70645
'17UF2',2201,53922,73645
'17UF2',2201,53922,80645
'17UF2',2201,53922,83645
'17UF2',2201,53922,90645
'17UF2',2201,53922,93645
'17UF2',2201,53922,100745
'17UF2',2201,53922,103736
'17UF2',2201,53922,110736
'17UF2',2201,53922,113736
'17UF2',2201,53922,120736
'17UF2',2201,53922,123736
'17UF2',2201,53922,130736
'17UF2',2201,53922,133736
'17UF2',2201,53922,140736
'17UF2',2201,53922,143754
'17UF2',2201,53922,150754
'17UF2',2201,53922,153745
'17UF2',2201,53922,160745
'17UF2',2201,53922,163745
'17UF2',2201,53922,170745
'17UF2',2201,53922,173745
'17UF2',2201,53922,180745
'17UF2',2201,53922,183745
'17UF2',2201,53922,190745
'17UF2',2201,53922,200745
'17UF2',2201,53922,210745
'17UF2',2201,53922,220745
'17UF2',2201,53922,230745
'17UF2',2201,53922,240745
'17UF2',2201,53922,250745
'17UF2',2201,53922,260736
'17UI',2201,53922,53803
'17UI',2201,53922,60803
'17UI',2201,53922,63803
'17UI',2201,53922,70803
'17UI',2201,53922,73803
'17UI',2201,53922,80803
'17UI',2201,53922,83803
'17UI',2201,53922,90803
'17UI',2201,53922,93803
'17UI',2201,53922,100803
'17UI',2201,53922,103803
'17UI',2201,53922,110803
'17UI',2201,53922,113803
'17UI',2201,53922,120803
'17UI',2201,53922,123803
'17UI',2201,53922,130803
'17UI',2201,53922,133803
'17UI',2201,53922,140803
'17UI',2201,53922,143803
'17UI',2201,53922,150803
'17UI',2201,53922,153803
'17UI',2201,53922,160803
'17UI',2201,53922,163803
'17UI',2201,53922,170803
'17UI',2201,53922,173803
'17UI',2201,53922,180803
'17UI',2201,53922,183803
'17UI',2201,53922,192203
'17UI',2201,53922,202203
'17UI',2201,53922,212203
'17UI',2201,53922,222203
'17UI',2201,53922,232203
'17UI',2201,53922,242203
'17UI',2201,53922,252203
'17US',2201,53922,53903
'17US',2201,53922,61603
'17US',2201,53922,65103
'17US',2201,53922,72403
'17US',2201,53922,75803
'17US',2201,53922,83103
'17US',2201,53922,90303
'17US',2201,53922,93503
'17US',2201,53922,100603
'17US',2201,53922,103703
'17US',2201,53922,110803
'17US',2201,53922,113903
'17US',2201,53922,121003
'17US',2201,53922,124103
'17US',2201,53922,131203
'17US',2201,53922,134403
'17US',2201,53922,141603
'17US',2201,53922,144803
'17US',2201,53922,152003
'17US',2201,53922,155203
'17US',2201,53922,162403
'17US',2201,53922,165703
'17US',2201,53922,173003
'17US',2201,53922,180203
'17US',2201,53922,183203
'17US',2201,53922,190003
'17US',2201,53922,192803
'17US',2201,53922,195803
'17US',2201,53922,202803
'17US',2201,53922,211103
'17US',2201,53922,220803
'17US',2201,53922,230503
'17US',2201,53922,240154
'17US',2201,53922,245254
'17US',2201,53922,254454
