'16MA',2602,53379,51239
'16MA',2602,53379,53939
'16MA',2602,53379,60639
'16MA',2602,53379,63239
'16MA',2602,53379,65939
'16MA',2602,53379,72539
'16MA',2602,53379,75239
'16MA',2602,53379,81839
'16MA',2602,53379,84539
'16MA',2602,53379,91039
'16MA',2602,53379,92939
'16MA',2602,53379,94739
'16MA',2602,53379,100539
'16MA',2602,53379,102239
'16MA',2602,53379,104039
'16MA',2602,53379,105839
'16MA',2602,53379,111539
'16MA',2602,53379,113339
'16MA',2602,53379,115139
'16MA',2602,53379,120939
'16MA',2602,53379,122739
'16MA',2602,53379,124639
'16MA',2602,53379,130539
'16MA',2602,53379,132439
'16MA',2602,53379,134339
'16MA',2602,53379,140339
'16MA',2602,53379,142239
'16MA',2602,53379,144239
'16MA',2602,53379,150139
'16MA',2602,53379,152139
'16MA',2602,53379,154139
'16MA',2602,53379,160139
'16MA',2602,53379,162139
'16MA',2602,53379,164039
'16MA',2602,53379,170039
'16MA',2602,53379,171939
'16MA',2602,53379,174039
'16MA',2602,53379,180639
'16MA',2602,53379,183639
'16MA',2602,53379,190539
'16MA',2602,53379,193539
'16MA',2602,53379,200539
'16MA',2602,53379,203539
'16MA',2602,53379,205939
'16MA',2602,53379,212639
'16MA',2602,53379,215239
'16MA',2602,53379,222142
'16MF1',2602,53379,51111
'16MF1',2602,53379,53811
'16MF1',2602,53379,60139
'16MF1',2602,53379,62339
'16MF1',2602,53379,63639
'16MF1',2602,53379,65207
'16MF1',2602,53379,70507
'16MF1',2602,53379,71807
'16MF1',2602,53379,73307
'16MF1',2602,53379,74807
'16MF1',2602,53379,80307
'16MF1',2602,53379,81807
'16MF1',2602,53379,83307
'16MF1',2602,53379,85107
'16MF1',2602,53379,90839
'16MF1',2602,53379,92739
'16MF1',2602,53379,94311
'16MF1',2602,53379,100111
'16MF1',2602,53379,102011
'16MF1',2602,53379,103811
'16MF1',2602,53379,105611
'16MF1',2602,53379,111411
'16MF1',2602,53379,113211
'16MF1',2602,53379,115011
'16MF1',2602,53379,120811
'16MF1',2602,53379,122711
'16MF1',2602,53379,124511
'16MF1',2602,53379,130311
'16MF1',2602,53379,132711
'16MF1',2602,53379,135211
'16MF1',2602,53379,141711
'16MF1',2602,53379,144211
'16MF1',2602,53379,150939
'16MF1',2602,53379,153739
'16MF1',2602,53379,160739
'16MF1',2602,53379,163739
'16MF1',2602,53379,170739
'16MF1',2602,53379,173739
'16MF1',2602,53379,180611
'16MF1',2602,53379,183611
'16MF1',2602,53379,190542
'16MF1',2602,53379,193642
'16MF1',2602,53379,200342
'16MF1',2602,53379,203114
'16MF1',2602,53379,205814
'16MF1',2602,53379,212514
'16MF1',2602,53379,215214
'16MF1',2602,53379,222014
'16MF2',2602,53379,51111
'16MF2',2602,53379,53811
'16MF2',2602,53379,60139
'16MF2',2602,53379,62339
'16MF2',2602,53379,63639
'16MF2',2602,53379,65207
'16MF2',2602,53379,70507
'16MF2',2602,53379,71807
'16MF2',2602,53379,73307
'16MF2',2602,53379,74807
'16MF2',2602,53379,80307
'16MF2',2602,53379,81807
'16MF2',2602,53379,83307
'16MF2',2602,53379,85107
'16MF2',2602,53379,90839
'16MF2',2602,53379,92739
'16MF2',2602,53379,94311
'16MF2',2602,53379,100111
'16MF2',2602,53379,102011
'16MF2',2602,53379,103811
'16MF2',2602,53379,105611
'16MF2',2602,53379,111411
'16MF2',2602,53379,113211
'16MF2',2602,53379,115011
'16MF2',2602,53379,120811
'16MF2',2602,53379,122711
'16MF2',2602,53379,124511
'16MF2',2602,53379,130311
'16MF2',2602,53379,132711
'16MF2',2602,53379,135211
'16MF2',2602,53379,141711
'16MF2',2602,53379,144211
'16MF2',2602,53379,150939
'16MF2',2602,53379,153739
'16MF2',2602,53379,160739
'16MF2',2602,53379,163739
'16MF2',2602,53379,170739
'16MF2',2602,53379,173739
'16MF2',2602,53379,180611
'16MF2',2602,53379,183611
'16MF2',2602,53379,190542
'16MF2',2602,53379,193642
'16MF2',2602,53379,200342
'16MF2',2602,53379,203114
'16MF2',2602,53379,205814
'16MF2',2602,53379,212514
'16MF2',2602,53379,215214
'16MF2',2602,53379,222014
'16MF3',2602,53379,51142
'16MF3',2602,53379,54042
'16MF3',2602,53379,61042
'16MF3',2602,53379,63642
'16MF3',2602,53379,70342
'16MF3',2602,53379,73042
'16MF3',2602,53379,75742
'16MF3',2602,53379,82542
'16MF3',2602,53379,84742
'16MF3',2602,53379,90942
'16MF3',2602,53379,93242
'16MF3',2602,53379,95542
'16MF3',2602,53379,101842
'16MF3',2602,53379,104042
'16MF3',2602,53379,110342
'16MF3',2602,53379,112642
'16MF3',2602,53379,114842
'16MF3',2602,53379,120842
'16MF3',2602,53379,122742
'16MF3',2602,53379,124542
'16MF3',2602,53379,130442
'16MF3',2602,53379,132342
'16MF3',2602,53379,134242
'16MF3',2602,53379,140242
'16MF3',2602,53379,142142
'16MF3',2602,53379,144142
'16MF3',2602,53379,150042
'16MF3',2602,53379,152042
'16MF3',2602,53379,154042
'16MF3',2602,53379,160042
'16MF3',2602,53379,162042
'16MF3',2602,53379,163942
'16MF3',2602,53379,165942
'16MF3',2602,53379,171942
'16MF3',2602,53379,174042
'16MF3',2602,53379,180742
'16MF3',2602,53379,183514
'16MF3',2602,53379,190414
'16MF3',2602,53379,193314
'16MF3',2602,53379,200214
'16MF3',2602,53379,203114
'16MF3',2602,53379,205814
'16MF3',2602,53379,212614
'16MF3',2602,53379,215214
'16MF3',2602,53379,222114
'16MI',2602,53379,51142
'16MI',2602,53379,54042
'16MI',2602,53379,61042
'16MI',2602,53379,63642
'16MI',2602,53379,70342
'16MI',2602,53379,73042
'16MI',2602,53379,75742
'16MI',2602,53379,82542
'16MI',2602,53379,84742
'16MI',2602,53379,90942
'16MI',2602,53379,93242
'16MI',2602,53379,95542
'16MI',2602,53379,101842
'16MI',2602,53379,104042
'16MI',2602,53379,110342
'16MI',2602,53379,112642
'16MI',2602,53379,114842
'16MI',2602,53379,120842
'16MI',2602,53379,122742
'16MI',2602,53379,124542
'16MI',2602,53379,130442
'16MI',2602,53379,132342
'16MI',2602,53379,134242
'16MI',2602,53379,140242
'16MI',2602,53379,142142
'16MI',2602,53379,144142
'16MI',2602,53379,150042
'16MI',2602,53379,152042
'16MI',2602,53379,154042
'16MI',2602,53379,160042
'16MI',2602,53379,162042
'16MI',2602,53379,163942
'16MI',2602,53379,165942
'16MI',2602,53379,171942
'16MI',2602,53379,174042
'16MI',2602,53379,180742
'16MI',2602,53379,183514
'16MI',2602,53379,190414
'16MI',2602,53379,193314
'16MI',2602,53379,200214
'16MI',2602,53379,203114
'16MI',2602,53379,205814
'16MI',2602,53379,212614
'16MI',2602,53379,215214
'16MI',2602,53379,222114
'16MS',2602,53379,51111
'16MS',2602,53379,53811
'16MS',2602,53379,60139
'16MS',2602,53379,62339
'16MS',2602,53379,63639
'16MS',2602,53379,65107
'16MS',2602,53379,70507
'16MS',2602,53379,71807
'16MS',2602,53379,73307
'16MS',2602,53379,74807
'16MS',2602,53379,80307
'16MS',2602,53379,81807
'16MS',2602,53379,83307
'16MS',2602,53379,85107
'16MS',2602,53379,90839
'16MS',2602,53379,92739
'16MS',2602,53379,94311
'16MS',2602,53379,100111
'16MS',2602,53379,102011
'16MS',2602,53379,103811
'16MS',2602,53379,105611
'16MS',2602,53379,111411
'16MS',2602,53379,113211
'16MS',2602,53379,115011
'16MS',2602,53379,120811
'16MS',2602,53379,122711
'16MS',2602,53379,124511
'16MS',2602,53379,130311
'16MS',2602,53379,132711
'16MS',2602,53379,135211
'16MS',2602,53379,141711
'16MS',2602,53379,144211
'16MS',2602,53379,150939
'16MS',2602,53379,153739
'16MS',2602,53379,160739
'16MS',2602,53379,163739
'16MS',2602,53379,170739
'16MS',2602,53379,173739
'16MS',2602,53379,180611
'16MS',2602,53379,183611
'16MS',2602,53379,190542
'16MS',2602,53379,193642
'16MS',2602,53379,200342
'16MS',2602,53379,203114
'16MS',2602,53379,205814
'16MS',2602,53379,212514
'16MS',2602,53379,215214
'16MS',2602,53379,222014
'16MA',18902,53379,50632
'16MA',18902,53379,53505
'16MA',18902,53379,60405
'16MA',18902,53379,63305
'16MA',18902,53379,65805
'16MA',18902,53379,71805
'16MA',18902,53379,73805
'16MA',18902,53379,75805
'16MA',18902,53379,81905
'16MA',18902,53379,83732
'16MA',18902,53379,85832
'16MA',18902,53379,91832
'16MA',18902,53379,93832
'16MA',18902,53379,95832
'16MA',18902,53379,101832
'16MA',18902,53379,103832
'16MA',18902,53379,105832
'16MA',18902,53379,111932
'16MA',18902,53379,113832
'16MA',18902,53379,115932
'16MA',18902,53379,121932
'16MA',18902,53379,124032
'16MA',18902,53379,130005
'16MA',18902,53379,131505
'16MA',18902,53379,133005
'16MA',18902,53379,134405
'16MA',18902,53379,140005
'16MA',18902,53379,141505
'16MA',18902,53379,143005
'16MA',18902,53379,144505
'16MA',18902,53379,151305
'16MA',18902,53379,154205
'16MA',18902,53379,161005
'16MA',18902,53379,163905
'16MA',18902,53379,170905
'16MA',18902,53379,173905
'16MA',18902,53379,181005
'16MA',18902,53379,184005
'16MA',18902,53379,190805
'16MA',18902,53379,193705
'16MA',18902,53379,200605
'16MA',18902,53379,203605
'16MA',18902,53379,210605
'16MA',18902,53379,213705
'16MA',18902,53379,220705
'16MA',18902,53379,223632
'16MA',18902,53379,230532
'16MA',18902,53379,233459
'16MA',18902,53379,240359
'16MA',18902,53379,243359
'16MA',18902,53379,250359
'16MA',18902,53379,253259
'16MF1',18902,53379,50659
'16MF1',18902,53379,52659
'16MF1',18902,53379,54659
'16MF1',18902,53379,55959
'16MF1',18902,53379,61359
'16MF1',18902,53379,62832
'16MF1',18902,53379,64132
'16MF1',18902,53379,65132
'16MF1',18902,53379,70205
'16MF1',18902,53379,71305
'16MF1',18902,53379,72405
'16MF1',18902,53379,73405
'16MF1',18902,53379,74405
'16MF1',18902,53379,75405
'16MF1',18902,53379,80332
'16MF1',18902,53379,81605
'16MF1',18902,53379,82859
'16MF1',18902,53379,84059
'16MF1',18902,53379,85659
'16MF1',18902,53379,91259
'16MF1',18902,53379,92859
'16MF1',18902,53379,94459
'16MF1',18902,53379,100059
'16MF1',18902,53379,101659
'16MF1',18902,53379,103159
'16MF1',18902,53379,104659
'16MF1',18902,53379,110159
'16MF1',18902,53379,111659
'16MF1',18902,53379,113159
'16MF1',18902,53379,114659
'16MF1',18902,53379,120159
'16MF1',18902,53379,121659
'16MF1',18902,53379,123159
'16MF1',18902,53379,124659
'16MF1',18902,53379,130159
'16MF1',18902,53379,131659
'16MF1',18902,53379,133159
'16MF1',18902,53379,134759
'16MF1',18902,53379,140559
'16MF1',18902,53379,142459
'16MF1',18902,53379,144359
'16MF1',18902,53379,150259
'16MF1',18902,53379,153032
'16MF1',18902,53379,155932
'16MF1',18902,53379,162632
'16MF1',18902,53379,165332
'16MF1',18902,53379,172232
'16MF1',18902,53379,174959
'16MF1',18902,53379,181559
'16MF1',18902,53379,184459
'16MF1',18902,53379,190959
'16MF1',18902,53379,193759
'16MF1',18902,53379,200759
'16MF1',18902,53379,203759
'16MF1',18902,53379,210759
'16MF1',18902,53379,213759
'16MF1',18902,53379,220759
'16MF1',18902,53379,223659
'16MF1',18902,53379,230459
'16MF1',18902,53379,233459
'16MF1',18902,53379,240459
'16MF1',18902,53379,243459
'16MF1',18902,53379,250459
'16MF2',18902,53379,50659
'16MF2',18902,53379,52659
'16MF2',18902,53379,54659
'16MF2',18902,53379,55959
'16MF2',18902,53379,61359
'16MF2',18902,53379,62832
'16MF2',18902,53379,64132
'16MF2',18902,53379,65132
'16MF2',18902,53379,70205
'16MF2',18902,53379,71305
'16MF2',18902,53379,72405
'16MF2',18902,53379,73405
'16MF2',18902,53379,74405
'16MF2',18902,53379,75405
'16MF2',18902,53379,80332
'16MF2',18902,53379,81605
'16MF2',18902,53379,82859
'16MF2',18902,53379,84059
'16MF2',18902,53379,85659
'16MF2',18902,53379,91259
'16MF2',18902,53379,92859
'16MF2',18902,53379,94459
'16MF2',18902,53379,100059
'16MF2',18902,53379,101659
'16MF2',18902,53379,103159
'16MF2',18902,53379,104659
'16MF2',18902,53379,110159
'16MF2',18902,53379,111659
'16MF2',18902,53379,113159
'16MF2',18902,53379,114659
'16MF2',18902,53379,120159
'16MF2',18902,53379,121659
'16MF2',18902,53379,123159
'16MF2',18902,53379,124659
'16MF2',18902,53379,130159
'16MF2',18902,53379,131659
'16MF2',18902,53379,133159
'16MF2',18902,53379,134759
'16MF2',18902,53379,140559
'16MF2',18902,53379,142459
'16MF2',18902,53379,144359
'16MF2',18902,53379,150259
'16MF2',18902,53379,153032
'16MF2',18902,53379,155932
'16MF2',18902,53379,162632
'16MF2',18902,53379,165332
'16MF2',18902,53379,172232
'16MF2',18902,53379,174959
'16MF2',18902,53379,181559
'16MF2',18902,53379,184459
'16MF2',18902,53379,190959
'16MF2',18902,53379,193759
'16MF2',18902,53379,200759
'16MF2',18902,53379,203759
'16MF2',18902,53379,210759
'16MF2',18902,53379,213759
'16MF2',18902,53379,220759
'16MF2',18902,53379,223659
'16MF2',18902,53379,230459
'16MF2',18902,53379,233459
'16MF2',18902,53379,240459
'16MF2',18902,53379,243459
'16MF2',18902,53379,250459
'16MF3',18902,53379,50359
'16MF3',18902,53379,53359
'16MF3',18902,53379,60359
'16MF3',18902,53379,63159
'16MF3',18902,53379,65959
'16MF3',18902,53379,72959
'16MF3',18902,53379,75859
'16MF3',18902,53379,82659
'16MF3',18902,53379,85059
'16MF3',18902,53379,91059
'16MF3',18902,53379,93059
'16MF3',18902,53379,95059
'16MF3',18902,53379,101059
'16MF3',18902,53379,103059
'16MF3',18902,53379,105059
'16MF3',18902,53379,111059
'16MF3',18902,53379,113059
'16MF3',18902,53379,115259
'16MF3',18902,53379,121259
'16MF3',18902,53379,123259
'16MF3',18902,53379,125459
'16MF3',18902,53379,131359
'16MF3',18902,53379,133359
'16MF3',18902,53379,135359
'16MF3',18902,53379,141359
'16MF3',18902,53379,143359
'16MF3',18902,53379,145359
'16MF3',18902,53379,151359
'16MF3',18902,53379,153326
'16MF3',18902,53379,155126
'16MF3',18902,53379,161226
'16MF3',18902,53379,163126
'16MF3',18902,53379,165426
'16MF3',18902,53379,171926
'16MF3',18902,53379,174826
'16MF3',18902,53379,181826
'16MF3',18902,53379,184826
'16MF3',18902,53379,191826
'16MF3',18902,53379,194726
'16MF3',18902,53379,201726
'16MF3',18902,53379,204726
'16MF3',18902,53379,211726
'16MF3',18902,53379,214526
'16MF3',18902,53379,221526
'16MF3',18902,53379,224526
'16MF3',18902,53379,231526
'16MF3',18902,53379,234526
'16MF3',18902,53379,241526
'16MF3',18902,53379,244526
'16MF3',18902,53379,250526
'16MI',18902,53379,50359
'16MI',18902,53379,53359
'16MI',18902,53379,60359
'16MI',18902,53379,63159
'16MI',18902,53379,65959
'16MI',18902,53379,72959
'16MI',18902,53379,75859
'16MI',18902,53379,82659
'16MI',18902,53379,85059
'16MI',18902,53379,91059
'16MI',18902,53379,93059
'16MI',18902,53379,95059
'16MI',18902,53379,101059
'16MI',18902,53379,103059
'16MI',18902,53379,105059
'16MI',18902,53379,111059
'16MI',18902,53379,113059
'16MI',18902,53379,115259
'16MI',18902,53379,121259
'16MI',18902,53379,123259
'16MI',18902,53379,125459
'16MI',18902,53379,131359
'16MI',18902,53379,133359
'16MI',18902,53379,135359
'16MI',18902,53379,141359
'16MI',18902,53379,143359
'16MI',18902,53379,145359
'16MI',18902,53379,151359
'16MI',18902,53379,153326
'16MI',18902,53379,155126
'16MI',18902,53379,161226
'16MI',18902,53379,163126
'16MI',18902,53379,165426
'16MI',18902,53379,171926
'16MI',18902,53379,174826
'16MI',18902,53379,181826
'16MI',18902,53379,184826
'16MI',18902,53379,191826
'16MI',18902,53379,194726
'16MI',18902,53379,201726
'16MI',18902,53379,204726
'16MI',18902,53379,211726
'16MI',18902,53379,214526
'16MI',18902,53379,221526
'16MI',18902,53379,224526
'16MI',18902,53379,231526
'16MI',18902,53379,234526
'16MI',18902,53379,241526
'16MI',18902,53379,244526
'16MI',18902,53379,250526
'16MS',18902,53379,50659
'16MS',18902,53379,52659
'16MS',18902,53379,54659
'16MS',18902,53379,55959
'16MS',18902,53379,61159
'16MS',18902,53379,62532
'16MS',18902,53379,63832
'16MS',18902,53379,65032
'16MS',18902,53379,65632
'16MS',18902,53379,70205
'16MS',18902,53379,70905
'16MS',18902,53379,71805
'16MS',18902,53379,72705
'16MS',18902,53379,73105
'16MS',18902,53379,73405
'16MS',18902,53379,74205
'16MS',18902,53379,75005
'16MS',18902,53379,75605
'16MS',18902,53379,80205
'16MS',18902,53379,81605
'16MS',18902,53379,82859
'16MS',18902,53379,84059
'16MS',18902,53379,85759
'16MS',18902,53379,91259
'16MS',18902,53379,92959
'16MS',18902,53379,94559
'16MS',18902,53379,100059
'16MS',18902,53379,101659
'16MS',18902,53379,103159
'16MS',18902,53379,104659
'16MS',18902,53379,110159
'16MS',18902,53379,111659
'16MS',18902,53379,113159
'16MS',18902,53379,114659
'16MS',18902,53379,120159
'16MS',18902,53379,121659
'16MS',18902,53379,123159
'16MS',18902,53379,124659
'16MS',18902,53379,130159
'16MS',18902,53379,131659
'16MS',18902,53379,133159
'16MS',18902,53379,134759
'16MS',18902,53379,140559
'16MS',18902,53379,142459
'16MS',18902,53379,144359
'16MS',18902,53379,150259
'16MS',18902,53379,153032
'16MS',18902,53379,155932
'16MS',18902,53379,162632
'16MS',18902,53379,165332
'16MS',18902,53379,172232
'16MS',18902,53379,174959
'16MS',18902,53379,181559
'16MS',18902,53379,184459
'16MS',18902,53379,190959
'16MS',18902,53379,193759
'16MS',18902,53379,200759
'16MS',18902,53379,203759
'16MS',18902,53379,210759
'16MS',18902,53379,213759
'16MS',18902,53379,220759
'16MS',18902,53379,223659
'16MS',18902,53379,230459
'16MS',18902,53379,233459
'16MS',18902,53379,240459
'16MS',18902,53379,243459
'16MS',18902,53379,250459
