'17SS',11501,50397,150403
'17SS',11501,50397,154048
'17SS',11501,50397,155548
'17SS',11501,50397,160548
'17SS',11501,50397,161548
'17SS',11501,50397,162848
'17SS',11501,50397,164048
'17SS',11501,50397,165348
'17SS',11501,50397,170548
'17SS',11501,50397,171748
'17SS',11501,50397,174703
'17SS',11501,50397,181617
'17SS',11501,50397,184517
'17SS',11502,50397,60652
'17SS',11502,50397,63552
'17SS',11502,50397,65352
'17SS',11502,50397,70852
'17SS',11502,50397,71652
'17SS',11502,50397,72352
'17SS',11502,50397,73052
'17SS',11502,50397,73552
'17SS',11502,50397,74052
'17SS',11502,50397,74752
'17SS',11502,50397,75552
'17SS',11502,50397,80252
'17SS',11502,50397,80952
'17SS',11502,50397,81652
'17SS',11502,50397,82352
'17SS',11502,50397,83152
'17SS',11502,50397,83952
'17SS',11502,50397,84752
'17SS',11502,50397,85552
'17SS',11502,50397,90352
'17SS',11502,50397,91352
'17SS',11502,50397,92352
