'17MA',8501,53240,54936
'17MA',8501,53240,63136
'17MA',8501,53240,71436
'17MA',8501,53240,75736
'17MA',8501,53240,84136
'17MA',8501,53240,92536
'17MA',8501,53240,100936
'17MA',8501,53240,104429
'17MA',8501,53240,111329
'17MA',8501,53240,114829
'17MA',8501,53240,122129
'17MA',8501,53240,125229
'17MA',8501,53240,132529
'17MA',8501,53240,135929
'17MA',8501,53240,143129
'17MA',8501,53240,150329
'17MA',8501,53240,153729
'17MA',8501,53240,161029
'17MA',8501,53240,164329
'17MA',8501,53240,171729
'17MA',8501,53240,174929
'17MA',8501,53240,182329
'17MA',8501,53240,185729
'17MA',8501,53240,192729
'17MA',8501,53240,201529
'17MA',8501,53240,210229
'17MA',8501,53240,215029
'17MA',8501,53240,224029
'17MA',8501,53240,232929
'17MA',8501,53240,241629
'17MA',8501,53240,250429
'17MA',8501,53240,255229
'17MF1',8501,53240,54936
'17MF1',8501,53240,63136
'17MF1',8501,53240,71436
'17MF1',8501,53240,75736
'17MF1',8501,53240,84136
'17MF1',8501,53240,92536
'17MF1',8501,53240,100936
'17MF1',8501,53240,104429
'17MF1',8501,53240,111329
'17MF1',8501,53240,114829
'17MF1',8501,53240,122129
'17MF1',8501,53240,125229
'17MF1',8501,53240,132529
'17MF1',8501,53240,135929
'17MF1',8501,53240,143129
'17MF1',8501,53240,150329
'17MF1',8501,53240,153729
'17MF1',8501,53240,161029
'17MF1',8501,53240,164329
'17MF1',8501,53240,171729
'17MF1',8501,53240,174929
'17MF1',8501,53240,182329
'17MF1',8501,53240,185729
'17MF1',8501,53240,192729
'17MF1',8501,53240,201529
'17MF1',8501,53240,210229
'17MF1',8501,53240,215029
'17MF1',8501,53240,224029
'17MF1',8501,53240,232929
'17MF1',8501,53240,241629
'17MF1',8501,53240,250429
'17MF1',8501,53240,252136
'17MF2',8501,53240,54936
'17MF2',8501,53240,63136
'17MF2',8501,53240,71436
'17MF2',8501,53240,75736
'17MF2',8501,53240,84136
'17MF2',8501,53240,92536
'17MF2',8501,53240,100936
'17MF2',8501,53240,104429
'17MF2',8501,53240,111329
'17MF2',8501,53240,114829
'17MF2',8501,53240,122129
'17MF2',8501,53240,125229
'17MF2',8501,53240,132529
'17MF2',8501,53240,135929
'17MF2',8501,53240,143129
'17MF2',8501,53240,150329
'17MF2',8501,53240,153729
'17MF2',8501,53240,161029
'17MF2',8501,53240,164329
'17MF2',8501,53240,171729
'17MF2',8501,53240,174929
'17MF2',8501,53240,182329
'17MF2',8501,53240,185729
'17MF2',8501,53240,192729
'17MF2',8501,53240,201529
'17MF2',8501,53240,210229
'17MF2',8501,53240,215029
'17MF2',8501,53240,224029
'17MF2',8501,53240,232929
'17MF2',8501,53240,241629
'17MF2',8501,53240,250429
'17MF2',8501,53240,252136
'17MF3',8501,53240,54936
'17MF3',8501,53240,63136
'17MF3',8501,53240,71436
'17MF3',8501,53240,75736
'17MF3',8501,53240,84136
'17MF3',8501,53240,92536
'17MF3',8501,53240,100936
'17MF3',8501,53240,104429
'17MF3',8501,53240,111329
'17MF3',8501,53240,114829
'17MF3',8501,53240,122129
'17MF3',8501,53240,125229
'17MF3',8501,53240,132529
'17MF3',8501,53240,135929
'17MF3',8501,53240,143129
'17MF3',8501,53240,150329
'17MF3',8501,53240,153729
'17MF3',8501,53240,161029
'17MF3',8501,53240,164329
'17MF3',8501,53240,171729
'17MF3',8501,53240,174929
'17MF3',8501,53240,182329
'17MF3',8501,53240,185729
'17MF3',8501,53240,192729
'17MF3',8501,53240,201529
'17MF3',8501,53240,210229
'17MF3',8501,53240,215029
'17MF3',8501,53240,224029
'17MF3',8501,53240,232929
'17MF3',8501,53240,241629
'17MF3',8501,53240,250429
'17MF3',8501,53240,252136
'17MI',8501,53240,54936
'17MI',8501,53240,63336
'17MI',8501,53240,71736
'17MI',8501,53240,80036
'17MI',8501,53240,84336
'17MI',8501,53240,92636
'17MI',8501,53240,101036
'17MI',8501,53240,104529
'17MI',8501,53240,111829
'17MI',8501,53240,115029
'17MI',8501,53240,122229
'17MI',8501,53240,125429
'17MI',8501,53240,132629
'17MI',8501,53240,135829
'17MI',8501,53240,143129
'17MI',8501,53240,150329
'17MI',8501,53240,153529
'17MI',8501,53240,160729
'17MI',8501,53240,164029
'17MI',8501,53240,171329
'17MI',8501,53240,174529
'17MI',8501,53240,181729
'17MI',8501,53240,184929
'17MI',8501,53240,192229
'17MI',8501,53240,200636
'17MI',8501,53240,204936
'17MI',8501,53240,213536
'17MI',8501,53240,222036
'17MI',8501,53240,230536
'17MI',8501,53240,235036
'17MI',8501,53240,243536
'17MI',8501,53240,252136
'17MS',8501,53240,51629
'17MS',8501,53240,54729
'17MS',8501,53240,62029
'17MS',8501,53240,65429
'17MS',8501,53240,71829
'17MS',8501,53240,74329
'17MS',8501,53240,81629
'17MS',8501,53240,84929
'17MS',8501,53240,91929
'17MS',8501,53240,95029
'17MS',8501,53240,101929
'17MS',8501,53240,104829
'17MS',8501,53240,111829
'17MS',8501,53240,114829
'17MS',8501,53240,121729
'17MS',8501,53240,124729
'17MS',8501,53240,131629
'17MS',8501,53240,134629
'17MS',8501,53240,141629
'17MS',8501,53240,144721
'17MS',8501,53240,151913
'17MS',8501,53240,153813
'17MS',8501,53240,155713
'17MS',8501,53240,162013
'17MS',8501,53240,164213
'17MS',8501,53240,170513
'17MS',8501,53240,172413
'17MS',8501,53240,174413
'17MS',8501,53240,180413
'17MS',8501,53240,182329
'17MS',8501,53240,185429
'17MS',8501,53240,192929
'17MS',8501,53240,200329
'17MS',8501,53240,205029
'17MS',8501,53240,213636
'17MS',8501,53240,222336
'17MS',8501,53240,231036
'17MS',8501,53240,235636
'17MS',8501,53240,244136
'17MS',8501,53240,252336
'17MA',36201,53240,263716
'17MA',36201,53240,272216
'17MA',36201,53240,280716
'17MA',36201,53240,285216
'17MF1',36201,53240,255216
'17MF1',36201,53240,263716
'17MF1',36201,53240,272216
'17MF1',36201,53240,280716
'17MF1',36201,53240,285216
'17MF2',36201,53240,255216
'17MF2',36201,53240,263716
'17MF2',36201,53240,272216
'17MF2',36201,53240,280716
'17MF2',36201,53240,285216
'17MF3',36201,53240,255216
'17MF3',36201,53240,263716
'17MF3',36201,53240,272216
'17MF3',36201,53240,280716
'17MF3',36201,53240,285216
'17MI',36201,53240,255216
'17MI',36201,53240,263716
'17MI',36201,53240,272216
'17MI',36201,53240,280716
'17MI',36201,53240,285216
'17MS',36201,53240,255216
'17MS',36201,53240,263716
'17MS',36201,53240,272216
'17MS',36201,53240,280716
'17MS',36201,53240,285216
