'17SA',3303,55306,55408
'17SA',3303,55306,62408
'17SA',3303,55306,65840
'17SA',3303,55306,73240
'17SA',3303,55306,80140
'17SA',3303,55306,82640
'17SA',3303,55306,85040
'17SA',3303,55306,91740
'17SA',3303,55306,94112
'17SA',3303,55306,100212
'17SA',3303,55306,101812
'17SA',3303,55306,103312
'17SA',3303,55306,104812
'17SA',3303,55306,110312
'17SA',3303,55306,111812
'17SA',3303,55306,113312
'17SA',3303,55306,114912
'17SA',3303,55306,120512
'17SA',3303,55306,122012
'17SA',3303,55306,123512
'17SA',3303,55306,125012
'17SA',3303,55306,130012
'17SA',3303,55306,131012
'17SA',3303,55306,132012
'17SA',3303,55306,133012
'17SA',3303,55306,134012
'17SA',3303,55306,135012
'17SA',3303,55306,140012
'17SA',3303,55306,141012
'17SA',3303,55306,142012
'17SA',3303,55306,143012
'17SA',3303,55306,144012
'17SA',3303,55306,145112
'17SA',3303,55306,145812
'17SA',3303,55306,150612
'17SA',3303,55306,151512
'17SA',3303,55306,152312
'17SA',3303,55306,153212
'17SA',3303,55306,154312
'17SA',3303,55306,155312
'17SA',3303,55306,160312
'17SA',3303,55306,161112
'17SA',3303,55306,161812
'17SA',3303,55306,162512
'17SA',3303,55306,163312
'17SA',3303,55306,164112
'17SA',3303,55306,164912
'17SA',3303,55306,165612
'17SA',3303,55306,170312
'17SA',3303,55306,171012
'17SA',3303,55306,171712
'17SA',3303,55306,172412
'17SA',3303,55306,173112
'17SA',3303,55306,173712
'17SA',3303,55306,174412
'17SA',3303,55306,175112
'17SA',3303,55306,180112
'17SA',3303,55306,181112
'17SA',3303,55306,182112
'17SA',3303,55306,183112
'17SA',3303,55306,184112
'17SA',3303,55306,185112
'17SA',3303,55306,190112
'17SA',3303,55306,191112
'17SA',3303,55306,191912
'17SA',3303,55306,193612
'17SA',3303,55306,195012
'17SA',3303,55306,200712
'17SA',3303,55306,202612
'17SA',3303,55306,204412
'17SA',3303,55306,210212
'17SA',3303,55306,212012
'17SA',3303,55306,213812
'17SA',3303,55306,215712
'17SA',3303,55306,221512
'17SA',3303,55306,223312
'17SA',3303,55306,225112
'17SA',3303,55306,231012
'17SA',3303,55306,233440
'17SA',3303,55306,235840
'17SA',3303,55306,242340
'17SA',3303,55306,244840
'17SA',3303,55306,251840
'17SA',3303,55306,254708
'17SA',3303,55306,261608
'17SF1',3303,55306,55840
'17SF1',3303,55306,62840
'17SF1',3303,55306,65840
'17SF1',3303,55306,72840
'17SF1',3303,55306,80040
'17SF1',3303,55306,83340
'17SF1',3303,55306,90440
'17SF1',3303,55306,93640
'17SF1',3303,55306,100512
'17SF1',3303,55306,102612
'17SF1',3303,55306,104512
'17SF1',3303,55306,110712
'17SF1',3303,55306,112212
'17SF1',3303,55306,113712
'17SF1',3303,55306,115312
'17SF1',3303,55306,120812
'17SF1',3303,55306,122212
'17SF1',3303,55306,123612
'17SF1',3303,55306,125012
'17SF1',3303,55306,130412
'17SF1',3303,55306,131712
'17SF1',3303,55306,132712
'17SF1',3303,55306,133712
'17SF1',3303,55306,134712
'17SF1',3303,55306,135712
'17SF1',3303,55306,140712
'17SF1',3303,55306,141712
'17SF1',3303,55306,142712
'17SF1',3303,55306,143712
'17SF1',3303,55306,144712
'17SF1',3303,55306,145712
'17SF1',3303,55306,150712
'17SF1',3303,55306,151812
'17SF1',3303,55306,152612
'17SF1',3303,55306,153612
'17SF1',3303,55306,154612
'17SF1',3303,55306,155612
'17SF1',3303,55306,160612
'17SF1',3303,55306,161712
'17SF1',3303,55306,162612
'17SF1',3303,55306,163612
'17SF1',3303,55306,164712
'17SF1',3303,55306,165612
'17SF1',3303,55306,170612
'17SF1',3303,55306,171612
'17SF1',3303,55306,172612
'17SF1',3303,55306,173612
'17SF1',3303,55306,174412
'17SF1',3303,55306,175012
'17SF1',3303,55306,175912
'17SF1',3303,55306,180912
'17SF1',3303,55306,181912
'17SF1',3303,55306,182912
'17SF1',3303,55306,183912
'17SF1',3303,55306,185412
'17SF1',3303,55306,191012
'17SF1',3303,55306,192512
'17SF1',3303,55306,193612
'17SF1',3303,55306,195412
'17SF1',3303,55306,201412
'17SF1',3303,55306,203412
'17SF1',3303,55306,205412
'17SF1',3303,55306,211512
'17SF1',3303,55306,213412
'17SF1',3303,55306,215412
'17SF1',3303,55306,221912
'17SF1',3303,55306,224712
'17SF1',3303,55306,231412
'17SF1',3303,55306,234012
'17SF1',3303,55306,241012
'17SF1',3303,55306,244012
'17SF1',3303,55306,250812
'17SF1',3303,55306,254012
'17SF1',3303,55306,261212
'17SF2',3303,55306,55840
'17SF2',3303,55306,62840
'17SF2',3303,55306,65840
'17SF2',3303,55306,72840
'17SF2',3303,55306,80040
'17SF2',3303,55306,83340
'17SF2',3303,55306,90440
'17SF2',3303,55306,93640
'17SF2',3303,55306,100512
'17SF2',3303,55306,102612
'17SF2',3303,55306,104512
'17SF2',3303,55306,110712
'17SF2',3303,55306,112212
'17SF2',3303,55306,113712
'17SF2',3303,55306,115312
'17SF2',3303,55306,120812
'17SF2',3303,55306,122212
'17SF2',3303,55306,123612
'17SF2',3303,55306,125012
'17SF2',3303,55306,130412
'17SF2',3303,55306,131712
'17SF2',3303,55306,132712
'17SF2',3303,55306,133712
'17SF2',3303,55306,134712
'17SF2',3303,55306,135712
'17SF2',3303,55306,140712
'17SF2',3303,55306,141712
'17SF2',3303,55306,142712
'17SF2',3303,55306,143712
'17SF2',3303,55306,144712
'17SF2',3303,55306,145712
'17SF2',3303,55306,150712
'17SF2',3303,55306,151812
'17SF2',3303,55306,152612
'17SF2',3303,55306,153612
'17SF2',3303,55306,154612
'17SF2',3303,55306,155612
'17SF2',3303,55306,160612
'17SF2',3303,55306,161712
'17SF2',3303,55306,162612
'17SF2',3303,55306,163612
'17SF2',3303,55306,164712
'17SF2',3303,55306,165612
'17SF2',3303,55306,170612
'17SF2',3303,55306,171612
'17SF2',3303,55306,172612
'17SF2',3303,55306,173612
'17SF2',3303,55306,174412
'17SF2',3303,55306,175012
'17SF2',3303,55306,175912
'17SF2',3303,55306,180912
'17SF2',3303,55306,181912
'17SF2',3303,55306,182912
'17SF2',3303,55306,183912
'17SF2',3303,55306,185412
'17SF2',3303,55306,191012
'17SF2',3303,55306,192512
'17SF2',3303,55306,193612
'17SF2',3303,55306,195412
'17SF2',3303,55306,201412
'17SF2',3303,55306,203412
'17SF2',3303,55306,205412
'17SF2',3303,55306,211512
'17SF2',3303,55306,213412
'17SF2',3303,55306,215412
'17SF2',3303,55306,221912
'17SF2',3303,55306,224712
'17SF2',3303,55306,231412
'17SF2',3303,55306,234012
'17SF2',3303,55306,241012
'17SF2',3303,55306,244012
'17SF2',3303,55306,250812
'17SF2',3303,55306,254012
'17SF2',3303,55306,261212
'17SI',3303,55306,55840
'17SI',3303,55306,62840
'17SI',3303,55306,65840
'17SI',3303,55306,72840
'17SI',3303,55306,80040
'17SI',3303,55306,83340
'17SI',3303,55306,90440
'17SI',3303,55306,93640
'17SI',3303,55306,100512
'17SI',3303,55306,102612
'17SI',3303,55306,104512
'17SI',3303,55306,110712
'17SI',3303,55306,112212
'17SI',3303,55306,113712
'17SI',3303,55306,115312
'17SI',3303,55306,120812
'17SI',3303,55306,122212
'17SI',3303,55306,123612
'17SI',3303,55306,125012
'17SI',3303,55306,130412
'17SI',3303,55306,131712
'17SI',3303,55306,132712
'17SI',3303,55306,133712
'17SI',3303,55306,134712
'17SI',3303,55306,135712
'17SI',3303,55306,140712
'17SI',3303,55306,141712
'17SI',3303,55306,142712
'17SI',3303,55306,143712
'17SI',3303,55306,144712
'17SI',3303,55306,145712
'17SI',3303,55306,150712
'17SI',3303,55306,151812
'17SI',3303,55306,152612
'17SI',3303,55306,153612
'17SI',3303,55306,154612
'17SI',3303,55306,155612
'17SI',3303,55306,160612
'17SI',3303,55306,161712
'17SI',3303,55306,162612
'17SI',3303,55306,163612
'17SI',3303,55306,164712
'17SI',3303,55306,165612
'17SI',3303,55306,170612
'17SI',3303,55306,171612
'17SI',3303,55306,172612
'17SI',3303,55306,173612
'17SI',3303,55306,174412
'17SI',3303,55306,175012
'17SI',3303,55306,175912
'17SI',3303,55306,180912
'17SI',3303,55306,181912
'17SI',3303,55306,182912
'17SI',3303,55306,183912
'17SI',3303,55306,185412
'17SI',3303,55306,191012
'17SI',3303,55306,192512
'17SI',3303,55306,193612
'17SI',3303,55306,195412
'17SI',3303,55306,201412
'17SI',3303,55306,203412
'17SI',3303,55306,205412
'17SI',3303,55306,211512
'17SI',3303,55306,213412
'17SI',3303,55306,215412
'17SI',3303,55306,221912
'17SI',3303,55306,224712
'17SI',3303,55306,231412
'17SI',3303,55306,234012
'17SI',3303,55306,241012
'17SI',3303,55306,244012
'17SI',3303,55306,250812
'17SI',3303,55306,254012
'17SI',3303,55306,261212
'17SS',3303,55306,55012
'17SS',3303,55306,61012
'17SS',3303,55306,63512
'17SS',3303,55306,65512
'17SS',3303,55306,70712
'17SS',3303,55306,71912
'17SS',3303,55306,73312
'17SS',3303,55306,74512
'17SS',3303,55306,75812
'17SS',3303,55306,81212
'17SS',3303,55306,82412
'17SS',3303,55306,83612
'17SS',3303,55306,84812
'17SS',3303,55306,90712
'17SS',3303,55306,92712
'17SS',3303,55306,94744
'17SS',3303,55306,100244
'17SS',3303,55306,101844
'17SS',3303,55306,103244
'17SS',3303,55306,104744
'17SS',3303,55306,110244
'17SS',3303,55306,111744
'17SS',3303,55306,113244
'17SS',3303,55306,114744
'17SS',3303,55306,120344
'17SS',3303,55306,121344
'17SS',3303,55306,122444
'17SS',3303,55306,123444
'17SS',3303,55306,124444
'17SS',3303,55306,125444
'17SS',3303,55306,130444
'17SS',3303,55306,131444
'17SS',3303,55306,132444
'17SS',3303,55306,133444
'17SS',3303,55306,134444
'17SS',3303,55306,135444
'17SS',3303,55306,140444
'17SS',3303,55306,141444
'17SS',3303,55306,142444
'17SS',3303,55306,143144
'17SS',3303,55306,143844
'17SS',3303,55306,144544
'17SS',3303,55306,145344
'17SS',3303,55306,150144
'17SS',3303,55306,150844
'17SS',3303,55306,151644
'17SS',3303,55306,152744
'17SS',3303,55306,153644
'17SS',3303,55306,154744
'17SS',3303,55306,155744
'17SS',3303,55306,160544
'17SS',3303,55306,161244
'17SS',3303,55306,162044
'17SS',3303,55306,162644
'17SS',3303,55306,163244
'17SS',3303,55306,163844
'17SS',3303,55306,164444
'17SS',3303,55306,165044
'17SS',3303,55306,165644
'17SS',3303,55306,170244
'17SS',3303,55306,170744
'17SS',3303,55306,171244
'17SS',3303,55306,171744
'17SS',3303,55306,172244
'17SS',3303,55306,172744
'17SS',3303,55306,173244
'17SS',3303,55306,173644
'17SS',3303,55306,174044
'17SS',3303,55306,174544
'17SS',3303,55306,174844
'17SS',3303,55306,175344
'17SS',3303,55306,175844
'17SS',3303,55306,180344
'17SS',3303,55306,180744
'17SS',3303,55306,181244
'17SS',3303,55306,181744
'17SS',3303,55306,182244
'17SS',3303,55306,182744
'17SS',3303,55306,183344
'17SS',3303,55306,184044
'17SS',3303,55306,184644
'17SS',3303,55306,185344
'17SS',3303,55306,190044
'17SS',3303,55306,190844
'17SS',3303,55306,191644
'17SS',3303,55306,192444
'17SS',3303,55306,193344
'17SS',3303,55306,194044
'17SS',3303,55306,194844
'17SS',3303,55306,195644
'17SS',3303,55306,200344
'17SS',3303,55306,201144
'17SS',3303,55306,201944
'17SS',3303,55306,202744
'17SS',3303,55306,203744
'17SS',3303,55306,204744
'17SS',3303,55306,205744
'17SS',3303,55306,210744
'17SS',3303,55306,211744
'17SS',3303,55306,212744
'17SS',3303,55306,213744
'17SS',3303,55306,214744
'17SS',3303,55306,215644
'17SS',3303,55306,220644
'17SS',3303,55306,221544
'17SS',3303,55306,222544
'17SS',3303,55306,223544
'17SS',3303,55306,225044
'17SS',3303,55306,230544
'17SS',3303,55306,232044
'17SS',3303,55306,234544
'17SS',3303,55306,241744
'17SS',3303,55306,244712
'17SS',3303,55306,251212
'17SS',3303,55306,254112
'17SS',3303,55306,261412
'17SS',4001,55306,60446
'17SS',4001,55306,64446
'17SS',4001,55306,72346
'17SS',4001,55306,80246
'17SS',4001,55306,84046
'17SS',4001,55306,91846
'17SS',4001,55306,95746
'17SS',4001,55306,103646
'17SS',4001,55306,111546
'17SS',4001,55306,115446
'17SS',4001,55306,123446
'17SS',4001,55306,131446
'17SS',4001,55306,135446
'17SS',4001,55306,143512
'17SS',4001,55306,151612
'17SS',4001,55306,155712
'17SS',4001,55306,163812
'17SS',4001,55306,171912
'17SS',4001,55306,175920
'17SS',4001,55306,183220
'17SA',4301,55306,62840
'17SA',4301,55306,70240
'17SA',4301,55306,73640
'17SA',4301,55306,81040
'17SA',4301,55306,84740
'17SA',4301,55306,92140
'17SA',4301,55306,95640
'17SA',4301,55306,103140
'17SA',4301,55306,110740
'17SA',4301,55306,114340
'17SA',4301,55306,121940
'17SA',4301,55306,124940
'17SA',4301,55306,131740
'17SA',4301,55306,134640
'17SA',4301,55306,141540
'17SA',4301,55306,144340
'17SA',4301,55306,151240
'17SA',4301,55306,154140
'17SA',4301,55306,161040
'17SA',4301,55306,163940
'17SA',4301,55306,170840
'17SA',4301,55306,173712
'17SA',4301,55306,180540
'17SA',4301,55306,183440
'17SA',4301,55306,190140
'17SA',4301,55306,193040
'17SA',4301,55306,195940
'17SA',4301,55306,202940
'17SA',4301,55306,205840
'17SA',4301,55306,212640
'17SA',4301,55306,215340
'17SA',4301,55306,222340
'17SA',4301,55306,231740
'17SA',4301,55306,241140
'17SA',4301,55306,250840
'17SA',4301,55306,260740
'17SF1',4301,55306,70208
'17SF1',4301,55306,73608
'17SF1',4301,55306,81008
'17SF1',4301,55306,84408
'17SF1',4301,55306,91808
'17SF1',4301,55306,95540
'17SF1',4301,55306,102940
'17SF1',4301,55306,110340
'17SF1',4301,55306,113740
'17SF1',4301,55306,121240
'17SF1',4301,55306,124640
'17SF1',4301,55306,131640
'17SF1',4301,55306,134540
'17SF1',4301,55306,141340
'17SF1',4301,55306,144140
'17SF1',4301,55306,151040
'17SF1',4301,55306,153940
'17SF1',4301,55306,160840
'17SF1',4301,55306,163740
'17SF1',4301,55306,170740
'17SF1',4301,55306,173740
'17SF1',4301,55306,180540
'17SF1',4301,55306,183308
'17SF1',4301,55306,190108
'17SF1',4301,55306,193008
'17SF1',4301,55306,195908
'17SF1',4301,55306,203008
'17SF1',4301,55306,205908
'17SF1',4301,55306,212708
'17SF1',4301,55306,215440
'17SF1',4301,55306,222640
'17SF1',4301,55306,231540
'17SF1',4301,55306,240740
'17SF1',4301,55306,250040
'17SF1',4301,55306,255340
'17SF2',4301,55306,70208
'17SF2',4301,55306,73608
'17SF2',4301,55306,81008
'17SF2',4301,55306,84408
'17SF2',4301,55306,91808
'17SF2',4301,55306,95540
'17SF2',4301,55306,102940
'17SF2',4301,55306,110340
'17SF2',4301,55306,113740
'17SF2',4301,55306,121240
'17SF2',4301,55306,124640
'17SF2',4301,55306,131640
'17SF2',4301,55306,134540
'17SF2',4301,55306,141340
'17SF2',4301,55306,144140
'17SF2',4301,55306,151040
'17SF2',4301,55306,153940
'17SF2',4301,55306,160840
'17SF2',4301,55306,163740
'17SF2',4301,55306,170740
'17SF2',4301,55306,173740
'17SF2',4301,55306,180540
'17SF2',4301,55306,183308
'17SF2',4301,55306,190108
'17SF2',4301,55306,193008
'17SF2',4301,55306,195908
'17SF2',4301,55306,203008
'17SF2',4301,55306,205908
'17SF2',4301,55306,212708
'17SF2',4301,55306,215440
'17SF2',4301,55306,222640
'17SF2',4301,55306,231540
'17SF2',4301,55306,240740
'17SF2',4301,55306,250040
'17SF2',4301,55306,255340
'17SI',4301,55306,70208
'17SI',4301,55306,73608
'17SI',4301,55306,81008
'17SI',4301,55306,84408
'17SI',4301,55306,91808
'17SI',4301,55306,95540
'17SI',4301,55306,102940
'17SI',4301,55306,110340
'17SI',4301,55306,113740
'17SI',4301,55306,121240
'17SI',4301,55306,124640
'17SI',4301,55306,131640
'17SI',4301,55306,134540
'17SI',4301,55306,141340
'17SI',4301,55306,144140
'17SI',4301,55306,151040
'17SI',4301,55306,153940
'17SI',4301,55306,160840
'17SI',4301,55306,163740
'17SI',4301,55306,170740
'17SI',4301,55306,173740
'17SI',4301,55306,180540
'17SI',4301,55306,183308
'17SI',4301,55306,190108
'17SI',4301,55306,193008
'17SI',4301,55306,195908
'17SI',4301,55306,203008
'17SI',4301,55306,205908
'17SI',4301,55306,212708
'17SI',4301,55306,215440
'17SI',4301,55306,222640
'17SI',4301,55306,231540
'17SI',4301,55306,240740
'17SI',4301,55306,250040
'17SI',4301,55306,255340
'17SS',4301,55306,55912
'17SS',4301,55306,62912
'17SS',4301,55306,65812
'17SS',4301,55306,73012
'17SS',4301,55306,80112
'17SS',4301,55306,83040
'17SS',4301,55306,90040
'17SS',4301,55306,93240
'17SS',4301,55306,100340
'17SS',4301,55306,103212
'17SS',4301,55306,110212
'17SS',4301,55306,113212
'17SS',4301,55306,120412
'17SS',4301,55306,123512
'17SS',4301,55306,130712
'17SS',4301,55306,133712
'17SS',4301,55306,140512
'17SS',4301,55306,143312
'17SS',4301,55306,150312
'17SS',4301,55306,153412
'17SS',4301,55306,160344
'17SS',4301,55306,163744
'17SS',4301,55306,170944
'17SS',4301,55306,174144
'17SS',4301,55306,181344
'17SS',4301,55306,184444
'17SS',4301,55306,191344
'17SS',4301,55306,194012
'17SS',4301,55306,200912
'17SS',4301,55306,203812
'17SS',4301,55306,210812
'17SS',4301,55306,213912
'17SS',4301,55306,222240
'17SS',4301,55306,230440
'17SS',4301,55306,240408
'17SS',4301,55306,245908
'17SS',4301,55306,255508
