'18MF1',46001,51540,61410
'18MF1',46001,51540,64610
'18MF1',46001,51540,72010
'18MF1',46001,51540,73510
'18MF1',46001,51540,75710
'18MF1',46001,51540,82610
'18MF1',46001,51540,85510
'18MF1',46001,51540,92210
'18MF1',46001,51540,95010
'18MF1',46001,51540,101910
'18MF2',46001,51540,61410
'18MF2',46001,51540,64610
'18MF2',46001,51540,72010
'18MF2',46001,51540,73510
'18MF2',46001,51540,75710
'18MF2',46001,51540,82610
'18MF2',46001,51540,85510
'18MF2',46001,51540,92210
'18MF2',46001,51540,95010
'18MF2',46001,51540,101910
'18MS',46001,51540,61410
'18MS',46001,51540,64610
'18MS',46001,51540,72010
'18MS',46001,51540,73510
'18MS',46001,51540,75710
'18MS',46001,51540,82610
'18MS',46001,51540,85510
'18MS',46001,51540,92210
'18MS',46001,51540,95010
'18MS',46001,51540,101910
