'17SA',74702,61334,51200
'17SA',74702,61334,54200
'17SA',74702,61334,60800
'17SA',74702,61334,62300
'17SA',74702,61334,64000
'17SA',74702,61334,65500
'17SA',74702,61334,71400
'17SA',74702,61334,73300
'17SA',74702,61334,75200
'17SA',74702,61334,81200
'17SA',74702,61334,83200
'17SA',74702,61334,85000
'17SA',74702,61334,90800
'17SA',74702,61334,92800
'17SA',74702,61334,94700
'17SA',74702,61334,100600
'17SA',74702,61334,102000
'17SA',74702,61334,103300
'17SA',74702,61334,104600
'17SA',74702,61334,105800
'17SA',74702,61334,110900
'17SA',74702,61334,111900
'17SA',74702,61334,112800
'17SA',74702,61334,113700
'17SA',74702,61334,114600
'17SA',74702,61334,115400
'17SA',74702,61334,120200
'17SA',74702,61334,121000
'17SA',74702,61334,121800
'17SA',74702,61334,122500
'17SA',74702,61334,123200
'17SA',74702,61334,123900
'17SA',74702,61334,124600
'17SA',74702,61334,125400
'17SA',74702,61334,130100
'17SA',74702,61334,130900
'17SA',74702,61334,131700
'17SA',74702,61334,132300
'17SA',74702,61334,132900
'17SA',74702,61334,133500
'17SA',74702,61334,134000
'17SA',74702,61334,134500
'17SA',74702,61334,135000
'17SA',74702,61334,135500
'17SA',74702,61334,140100
'17SA',74702,61334,140800
'17SA',74702,61334,141400
'17SA',74702,61334,142000
'17SA',74702,61334,142600
'17SA',74702,61334,143100
'17SA',74702,61334,143600
'17SA',74702,61334,144200
'17SA',74702,61334,144700
'17SA',74702,61334,145200
'17SA',74702,61334,145800
'17SA',74702,61334,150300
'17SA',74702,61334,150800
'17SA',74702,61334,151300
'17SA',74702,61334,151700
'17SA',74702,61334,152200
'17SA',74702,61334,152700
'17SA',74702,61334,153300
'17SA',74702,61334,154000
'17SA',74702,61334,154700
'17SA',74702,61334,155400
'17SA',74702,61334,160100
'17SA',74702,61334,160800
'17SA',74702,61334,161400
'17SA',74702,61334,161800
'17SA',74702,61334,162200
'17SA',74702,61334,162700
'17SA',74702,61334,163200
'17SA',74702,61334,163800
'17SA',74702,61334,164500
'17SA',74702,61334,165100
'17SA',74702,61334,165800
'17SA',74702,61334,170500
'17SA',74702,61334,171200
'17SA',74702,61334,172000
'17SA',74702,61334,172800
'17SA',74702,61334,173600
'17SA',74702,61334,174400
'17SA',74702,61334,175100
'17SA',74702,61334,175700
'17SA',74702,61334,180300
'17SA',74702,61334,181000
'17SA',74702,61334,181700
'17SA',74702,61334,182300
'17SA',74702,61334,182900
'17SA',74702,61334,183400
'17SA',74702,61334,184100
'17SA',74702,61334,184800
'17SA',74702,61334,185800
'17SA',74702,61334,190900
'17SA',74702,61334,192100
'17SA',74702,61334,193700
'17SA',74702,61334,195700
'17SA',74702,61334,202300
'17SA',74702,61334,204900
'17SA',74702,61334,211600
'17SA',74702,61334,214500
'17SA',74702,61334,221500
'17SA',74702,61334,224400
'17SA',74702,61334,231400
'17SA',74702,61334,234400
'17SA',74702,61334,241300
'17SA',74702,61334,244100
'17SA',74702,61334,252300
'17SA',74702,61334,260800
'17SA',74702,61334,265300
'17SA',74702,61334,273800
'17SA',74702,61334,282300
'17SF1',74702,61334,51200
'17SF1',74702,61334,54200
'17SF1',74702,61334,60800
'17SF1',74702,61334,62300
'17SF1',74702,61334,64000
'17SF1',74702,61334,65500
'17SF1',74702,61334,71400
'17SF1',74702,61334,73300
'17SF1',74702,61334,75200
'17SF1',74702,61334,81200
'17SF1',74702,61334,83200
'17SF1',74702,61334,85000
'17SF1',74702,61334,90800
'17SF1',74702,61334,92800
'17SF1',74702,61334,94700
'17SF1',74702,61334,100600
'17SF1',74702,61334,102000
'17SF1',74702,61334,103300
'17SF1',74702,61334,104600
'17SF1',74702,61334,105800
'17SF1',74702,61334,110900
'17SF1',74702,61334,111900
'17SF1',74702,61334,112800
'17SF1',74702,61334,113700
'17SF1',74702,61334,114600
'17SF1',74702,61334,115400
'17SF1',74702,61334,120200
'17SF1',74702,61334,121000
'17SF1',74702,61334,121800
'17SF1',74702,61334,122500
'17SF1',74702,61334,123200
'17SF1',74702,61334,123900
'17SF1',74702,61334,124600
'17SF1',74702,61334,125400
'17SF1',74702,61334,130100
'17SF1',74702,61334,130900
'17SF1',74702,61334,131700
'17SF1',74702,61334,132300
'17SF1',74702,61334,132900
'17SF1',74702,61334,133500
'17SF1',74702,61334,134000
'17SF1',74702,61334,134500
'17SF1',74702,61334,135000
'17SF1',74702,61334,135500
'17SF1',74702,61334,140100
'17SF1',74702,61334,140800
'17SF1',74702,61334,141400
'17SF1',74702,61334,142000
'17SF1',74702,61334,142600
'17SF1',74702,61334,143100
'17SF1',74702,61334,143600
'17SF1',74702,61334,144200
'17SF1',74702,61334,144700
'17SF1',74702,61334,145200
'17SF1',74702,61334,145800
'17SF1',74702,61334,150300
'17SF1',74702,61334,150800
'17SF1',74702,61334,151300
'17SF1',74702,61334,151700
'17SF1',74702,61334,152200
'17SF1',74702,61334,152700
'17SF1',74702,61334,153300
'17SF1',74702,61334,154000
'17SF1',74702,61334,154700
'17SF1',74702,61334,155400
'17SF1',74702,61334,160100
'17SF1',74702,61334,160800
'17SF1',74702,61334,161400
'17SF1',74702,61334,161800
'17SF1',74702,61334,162200
'17SF1',74702,61334,162700
'17SF1',74702,61334,163200
'17SF1',74702,61334,163800
'17SF1',74702,61334,164500
'17SF1',74702,61334,165100
'17SF1',74702,61334,165800
'17SF1',74702,61334,170500
'17SF1',74702,61334,171200
'17SF1',74702,61334,172000
'17SF1',74702,61334,172800
'17SF1',74702,61334,173600
'17SF1',74702,61334,174400
'17SF1',74702,61334,175100
'17SF1',74702,61334,175700
'17SF1',74702,61334,180300
'17SF1',74702,61334,181000
'17SF1',74702,61334,181700
'17SF1',74702,61334,182300
'17SF1',74702,61334,182900
'17SF1',74702,61334,183400
'17SF1',74702,61334,184100
'17SF1',74702,61334,184800
'17SF1',74702,61334,185800
'17SF1',74702,61334,190900
'17SF1',74702,61334,192100
'17SF1',74702,61334,193700
'17SF1',74702,61334,195700
'17SF1',74702,61334,202300
'17SF1',74702,61334,204900
'17SF1',74702,61334,211600
'17SF1',74702,61334,214500
'17SF1',74702,61334,221500
'17SF1',74702,61334,224400
'17SF1',74702,61334,231400
'17SF1',74702,61334,234400
'17SF1',74702,61334,241300
'17SF1',74702,61334,244100
'17SF1',74702,61334,252300
'17SF1',74702,61334,260800
'17SF1',74702,61334,265300
'17SF1',74702,61334,273800
'17SF1',74702,61334,282300
'17SF2',74702,61334,51200
'17SF2',74702,61334,54200
'17SF2',74702,61334,60800
'17SF2',74702,61334,62300
'17SF2',74702,61334,64000
'17SF2',74702,61334,65500
'17SF2',74702,61334,71400
'17SF2',74702,61334,73300
'17SF2',74702,61334,75200
'17SF2',74702,61334,81200
'17SF2',74702,61334,83200
'17SF2',74702,61334,85000
'17SF2',74702,61334,90800
'17SF2',74702,61334,92800
'17SF2',74702,61334,94700
'17SF2',74702,61334,100600
'17SF2',74702,61334,102000
'17SF2',74702,61334,103300
'17SF2',74702,61334,104600
'17SF2',74702,61334,105800
'17SF2',74702,61334,110900
'17SF2',74702,61334,111900
'17SF2',74702,61334,112800
'17SF2',74702,61334,113700
'17SF2',74702,61334,114600
'17SF2',74702,61334,115400
'17SF2',74702,61334,120200
'17SF2',74702,61334,121000
'17SF2',74702,61334,121800
'17SF2',74702,61334,122500
'17SF2',74702,61334,123200
'17SF2',74702,61334,123900
'17SF2',74702,61334,124600
'17SF2',74702,61334,125400
'17SF2',74702,61334,130100
'17SF2',74702,61334,130900
'17SF2',74702,61334,131700
'17SF2',74702,61334,132300
'17SF2',74702,61334,132900
'17SF2',74702,61334,133500
'17SF2',74702,61334,134000
'17SF2',74702,61334,134500
'17SF2',74702,61334,135000
'17SF2',74702,61334,135500
'17SF2',74702,61334,140100
'17SF2',74702,61334,140800
'17SF2',74702,61334,141400
'17SF2',74702,61334,142000
'17SF2',74702,61334,142600
'17SF2',74702,61334,143100
'17SF2',74702,61334,143600
'17SF2',74702,61334,144200
'17SF2',74702,61334,144700
'17SF2',74702,61334,145200
'17SF2',74702,61334,145800
'17SF2',74702,61334,150300
'17SF2',74702,61334,150800
'17SF2',74702,61334,151300
'17SF2',74702,61334,151700
'17SF2',74702,61334,152200
'17SF2',74702,61334,152700
'17SF2',74702,61334,153300
'17SF2',74702,61334,154000
'17SF2',74702,61334,154700
'17SF2',74702,61334,155400
'17SF2',74702,61334,160100
'17SF2',74702,61334,160800
'17SF2',74702,61334,161400
'17SF2',74702,61334,161800
'17SF2',74702,61334,162200
'17SF2',74702,61334,162700
'17SF2',74702,61334,163200
'17SF2',74702,61334,163800
'17SF2',74702,61334,164500
'17SF2',74702,61334,165100
'17SF2',74702,61334,165800
'17SF2',74702,61334,170500
'17SF2',74702,61334,171200
'17SF2',74702,61334,172000
'17SF2',74702,61334,172800
'17SF2',74702,61334,173600
'17SF2',74702,61334,174400
'17SF2',74702,61334,175100
'17SF2',74702,61334,175700
'17SF2',74702,61334,180300
'17SF2',74702,61334,181000
'17SF2',74702,61334,181700
'17SF2',74702,61334,182300
'17SF2',74702,61334,182900
'17SF2',74702,61334,183400
'17SF2',74702,61334,184100
'17SF2',74702,61334,184800
'17SF2',74702,61334,185800
'17SF2',74702,61334,190900
'17SF2',74702,61334,192100
'17SF2',74702,61334,193700
'17SF2',74702,61334,195700
'17SF2',74702,61334,202300
'17SF2',74702,61334,204900
'17SF2',74702,61334,211600
'17SF2',74702,61334,214500
'17SF2',74702,61334,221500
'17SF2',74702,61334,224400
'17SF2',74702,61334,231400
'17SF2',74702,61334,234400
'17SF2',74702,61334,241300
'17SF2',74702,61334,244100
'17SF2',74702,61334,252300
'17SF2',74702,61334,260800
'17SF2',74702,61334,265300
'17SF2',74702,61334,273800
'17SF2',74702,61334,282300
'17SI',74702,61334,51200
'17SI',74702,61334,54200
'17SI',74702,61334,60800
'17SI',74702,61334,62300
'17SI',74702,61334,64000
'17SI',74702,61334,65500
'17SI',74702,61334,71400
'17SI',74702,61334,73300
'17SI',74702,61334,75200
'17SI',74702,61334,81200
'17SI',74702,61334,83200
'17SI',74702,61334,85000
'17SI',74702,61334,90800
'17SI',74702,61334,92800
'17SI',74702,61334,94700
'17SI',74702,61334,100600
'17SI',74702,61334,102000
'17SI',74702,61334,103300
'17SI',74702,61334,104600
'17SI',74702,61334,105800
'17SI',74702,61334,110900
'17SI',74702,61334,111900
'17SI',74702,61334,112800
'17SI',74702,61334,113700
'17SI',74702,61334,114600
'17SI',74702,61334,115400
'17SI',74702,61334,120200
'17SI',74702,61334,121000
'17SI',74702,61334,121800
'17SI',74702,61334,122500
'17SI',74702,61334,123200
'17SI',74702,61334,123900
'17SI',74702,61334,124600
'17SI',74702,61334,125400
'17SI',74702,61334,130100
'17SI',74702,61334,130900
'17SI',74702,61334,131700
'17SI',74702,61334,132300
'17SI',74702,61334,132900
'17SI',74702,61334,133500
'17SI',74702,61334,134000
'17SI',74702,61334,134500
'17SI',74702,61334,135000
'17SI',74702,61334,135500
'17SI',74702,61334,140100
'17SI',74702,61334,140800
'17SI',74702,61334,141400
'17SI',74702,61334,142000
'17SI',74702,61334,142600
'17SI',74702,61334,143100
'17SI',74702,61334,143600
'17SI',74702,61334,144200
'17SI',74702,61334,144700
'17SI',74702,61334,145200
'17SI',74702,61334,145800
'17SI',74702,61334,150300
'17SI',74702,61334,150800
'17SI',74702,61334,151300
'17SI',74702,61334,151700
'17SI',74702,61334,152200
'17SI',74702,61334,152700
'17SI',74702,61334,153300
'17SI',74702,61334,154000
'17SI',74702,61334,154700
'17SI',74702,61334,155400
'17SI',74702,61334,160100
'17SI',74702,61334,160800
'17SI',74702,61334,161400
'17SI',74702,61334,161800
'17SI',74702,61334,162200
'17SI',74702,61334,162700
'17SI',74702,61334,163200
'17SI',74702,61334,163800
'17SI',74702,61334,164500
'17SI',74702,61334,165100
'17SI',74702,61334,165800
'17SI',74702,61334,170500
'17SI',74702,61334,171200
'17SI',74702,61334,172000
'17SI',74702,61334,172800
'17SI',74702,61334,173600
'17SI',74702,61334,174400
'17SI',74702,61334,175100
'17SI',74702,61334,175700
'17SI',74702,61334,180300
'17SI',74702,61334,181000
'17SI',74702,61334,181700
'17SI',74702,61334,182300
'17SI',74702,61334,182900
'17SI',74702,61334,183400
'17SI',74702,61334,184100
'17SI',74702,61334,184800
'17SI',74702,61334,185800
'17SI',74702,61334,190900
'17SI',74702,61334,192100
'17SI',74702,61334,193700
'17SI',74702,61334,195700
'17SI',74702,61334,202300
'17SI',74702,61334,204900
'17SI',74702,61334,211600
'17SI',74702,61334,214500
'17SI',74702,61334,221500
'17SI',74702,61334,224400
'17SI',74702,61334,231400
'17SI',74702,61334,234400
'17SI',74702,61334,241300
'17SI',74702,61334,244100
'17SI',74702,61334,252300
'17SI',74702,61334,260800
'17SI',74702,61334,265300
'17SI',74702,61334,273800
'17SI',74702,61334,282300
'17SS',74702,61334,51100
'17SS',74702,61334,54100
'17SS',74702,61334,60700
'17SS',74702,61334,63400
'17SS',74702,61334,64500
'17SS',74702,61334,65700
'17SS',74702,61334,70900
'17SS',74702,61334,72500
'17SS',74702,61334,73900
'17SS',74702,61334,75400
'17SS',74702,61334,81300
'17SS',74702,61334,83300
'17SS',74702,61334,85200
'17SS',74702,61334,91200
'17SS',74702,61334,93200
'17SS',74702,61334,95200
'17SS',74702,61334,101200
'17SS',74702,61334,103000
'17SS',74702,61334,104700
'17SS',74702,61334,110000
'17SS',74702,61334,111100
'17SS',74702,61334,112200
'17SS',74702,61334,113200
'17SS',74702,61334,114300
'17SS',74702,61334,115400
'17SS',74702,61334,120500
'17SS',74702,61334,121300
'17SS',74702,61334,122000
'17SS',74702,61334,122900
'17SS',74702,61334,123700
'17SS',74702,61334,124300
'17SS',74702,61334,124900
'17SS',74702,61334,125600
'17SS',74702,61334,130400
'17SS',74702,61334,131200
'17SS',74702,61334,131900
'17SS',74702,61334,132600
'17SS',74702,61334,133300
'17SS',74702,61334,134000
'17SS',74702,61334,134600
'17SS',74702,61334,135100
'17SS',74702,61334,135700
'17SS',74702,61334,140200
'17SS',74702,61334,140900
'17SS',74702,61334,141600
'17SS',74702,61334,142300
'17SS',74702,61334,143000
'17SS',74702,61334,143700
'17SS',74702,61334,144400
'17SS',74702,61334,145100
'17SS',74702,61334,145800
'17SS',74702,61334,150300
'17SS',74702,61334,150800
'17SS',74702,61334,151200
'17SS',74702,61334,151900
'17SS',74702,61334,152700
'17SS',74702,61334,153300
'17SS',74702,61334,153900
'17SS',74702,61334,154400
'17SS',74702,61334,155100
'17SS',74702,61334,155800
'17SS',74702,61334,160500
'17SS',74702,61334,161200
'17SS',74702,61334,161800
'17SS',74702,61334,162300
'17SS',74702,61334,163100
'17SS',74702,61334,163900
'17SS',74702,61334,164500
'17SS',74702,61334,165100
'17SS',74702,61334,165700
'17SS',74702,61334,170300
'17SS',74702,61334,170900
'17SS',74702,61334,171500
'17SS',74702,61334,172100
'17SS',74702,61334,172700
'17SS',74702,61334,173300
'17SS',74702,61334,173900
'17SS',74702,61334,174700
'17SS',74702,61334,175600
'17SS',74702,61334,180400
'17SS',74702,61334,181100
'17SS',74702,61334,181900
'17SS',74702,61334,182800
'17SS',74702,61334,183800
'17SS',74702,61334,184800
'17SS',74702,61334,190300
'17SS',74702,61334,191900
'17SS',74702,61334,193300
'17SS',74702,61334,194800
'17SS',74702,61334,200600
'17SS',74702,61334,203400
'17SS',74702,61334,210300
'17SS',74702,61334,213300
'17SS',74702,61334,220300
'17SS',74702,61334,223200
'17SS',74702,61334,230100
'17SS',74702,61334,233000
'17SS',74702,61334,240000
'17SS',74702,61334,243000
'17SS',74702,61334,250000
'17SS',74702,61334,255000
'17SS',74702,61334,264000
'17SS',74702,61334,274000
'17SS',74702,61334,284000
