'17JA',1704,55706,51233
'17JA',1704,55706,54333
'17JA',1704,55706,61933
'17JA',1704,55706,65633
'17JA',1704,55706,73333
'17JA',1704,55706,81333
'17JA',1704,55706,85433
'17JA',1704,55706,93633
'17JA',1704,55706,101933
'17JA',1704,55706,110349
'17JA',1704,55706,114849
'17JA',1704,55706,123449
'17JA',1704,55706,132049
'17JA',1704,55706,140549
'17JA',1704,55706,145004
'17JA',1704,55706,153204
'17JA',1704,55706,161604
'17JA',1704,55706,165704
'17JA',1704,55706,173749
'17JA',1704,55706,181749
'17JA',1704,55706,185549
'17JA',1704,55706,193449
'17JA',1704,55706,201249
'17JA',1704,55706,204949
'17JA',1704,55706,212749
'17JA',1704,55706,220449
'17JA',1704,55706,224249
'17JA',1704,55706,231949
'17JA',1704,55706,235749
'17JA',1704,55706,243433
'17JA',1704,55706,251633
'17JI',1704,55706,51218
'17JI',1704,55706,54218
'17JI',1704,55706,61718
'17JI',1704,55706,65218
'17JI',1704,55706,72718
'17JI',1704,55706,80418
'17JI',1704,55706,84218
'17JI',1704,55706,92218
'17JI',1704,55706,100218
'17JI',1704,55706,104318
'17JI',1704,55706,112418
'17JI',1704,55706,120733
'17JI',1704,55706,125033
'17JI',1704,55706,133433
'17JI',1704,55706,141833
'17JI',1704,55706,150349
'17JI',1704,55706,154849
'17JI',1704,55706,163249
'17JI',1704,55706,171649
'17JI',1704,55706,180049
'17JI',1704,55706,184449
'17JI',1704,55706,192449
'17JI',1704,55706,200333
'17JI',1704,55706,204133
'17JI',1704,55706,211733
'17JI',1704,55706,215433
'17JI',1704,55706,223033
'17JI',1704,55706,230533
'17JI',1704,55706,233933
'17JI',1704,55706,241333
'17JI',1704,55706,244733
'17JS',1704,55706,51233
'17JS',1704,55706,53933
'17JS',1704,55706,60649
'17JS',1704,55706,63449
'17JS',1704,55706,70704
'17JS',1704,55706,74035
'17JS',1704,55706,81635
'17JS',1704,55706,85235
'17JS',1704,55706,92819
'17JS',1704,55706,100149
'17JS',1704,55706,103549
'17JS',1704,55706,111004
'17JS',1704,55706,114404
'17JS',1704,55706,121704
'17JS',1704,55706,125004
'17JS',1704,55706,132304
'17JS',1704,55706,135619
'17JS',1704,55706,143250
'17JS',1704,55706,150850
'17JS',1704,55706,154450
'17JS',1704,55706,162050
'17JS',1704,55706,165650
'17JS',1704,55706,173150
'17JS',1704,55706,180735
'17JS',1704,55706,184219
'17JS',1704,55706,191633
'17JS',1704,55706,195033
'17JS',1704,55706,202433
'17JS',1704,55706,205833
'17JS',1704,55706,213433
'17JS',1704,55706,221033
'17JS',1704,55706,224933
'17JS',1704,55706,232933
'17JS',1704,55706,240502
'17JS',1704,55706,244002
'17JS',7202,55706,53500
'17JS',7202,55706,55100
'17JS',7202,55706,60500
'17JS',7202,55706,62000
'17JS',7202,55706,62700
'17JS',7202,55706,63500
'17JS',7202,55706,65000
'17JS',7202,55706,70100
'17JS',7202,55706,71200
'17JS',7202,55706,72300
'17JS',7202,55706,72700
'17JS',7202,55706,73100
'17JS',7202,55706,73400
'17JS',7202,55706,73600
'17JS',7202,55706,74800
'17JS',7202,55706,75200
'17JS',7202,55706,80100
'17JS',7202,55706,81200
'17JS',7202,55706,82300
'17JS',7202,55706,83000
'17JS',7202,55706,83400
'17JS',7202,55706,85600
'17JS',7202,55706,91900
'17JS',7202,55706,94500
'17JS',7202,55706,101500
'17JS',7202,55706,104500
'17JS',7202,55706,111500
'17JS',7202,55706,114500
'17JS',7202,55706,121500
'17JS',7202,55706,124500
'17JS',7202,55706,131500
'17JS',7202,55706,134500
'17JS',7202,55706,141500
'17JS',7202,55706,144400
'17JS',7202,55706,151400
'17JS',7202,55706,154400
'17JS',7202,55706,161400
'17JS',7202,55706,164400
'17JS',7202,55706,171400
'17JS',7202,55706,174400
'17JS',7202,55706,181500
'17JS',7202,55706,184600
'17JS',7202,55706,191900
'17JA',37104,55706,254406
'17JA',37104,55706,261406
'17JA',37104,55706,264406
'17JA',37104,55706,271406
'17JA',37104,55706,274406
'17JA',37104,55706,281406
'17JA',37104,55706,284406
'17JI',37104,55706,254420
'17JI',37104,55706,261420
'17JI',37104,55706,264420
'17JI',37104,55706,271420
'17JI',37104,55706,274420
'17JI',37104,55706,281420
'17JI',37104,55706,284420
'17JS',37104,55706,254506
'17JS',37104,55706,261406
'17JS',37104,55706,264406
'17JS',37104,55706,271306
'17JS',37104,55706,274306
'17JS',37104,55706,281306
'17JS',37104,55706,284306
'17JA',37802,55706,264414
'17JA',37802,55706,273214
'17JA',37802,55706,282314
'17JI',37802,55706,264114
'17JI',37802,55706,273214
'17JI',37802,55706,282214
'17JS',37802,55706,264214
'17JS',37802,55706,273314
'17JS',37802,55706,282314
'17JA',38201,55706,264337
'17JA',38201,55706,273137
'17JA',38201,55706,281637
'17JA',38201,55706,290137
'17JI',38201,55706,264737
'17JI',38201,55706,273237
'17JI',38201,55706,281737
'17JI',38201,55706,290237
'17JS',38201,55706,264319
'17JS',38201,55706,272919
'17JS',38201,55706,281637
'17JS',38201,55706,290237
