'16UA',11001,57001,53240
'16UA',11001,57001,60240
'16UA',11001,57001,63240
'16UA',11001,57001,70240
'16UA',11001,57001,73208
'16UA',11001,57001,80108
'16UA',11001,57001,83008
'16UA',11001,57001,85908
'16UA',11001,57001,92908
'16UA',11001,57001,95935
'16UA',11001,57001,103035
'16UA',11001,57001,110035
'16UA',11001,57001,113135
'16UA',11001,57001,120335
'16UA',11001,57001,122735
'16UA',11001,57001,124735
'16UA',11001,57001,130735
'16UA',11001,57001,132835
'16UA',11001,57001,134935
'16UA',11001,57001,141135
'16UA',11001,57001,143235
'16UA',11001,57001,145335
'16UA',11001,57001,151935
'16UA',11001,57001,154935
'16UA',11001,57001,162203
'16UA',11001,57001,165303
'16UA',11001,57001,171935
'16UA',11001,57001,174735
'16UA',11001,57001,181535
'16UA',11001,57001,184335
'16UA',11001,57001,190908
'16UA',11001,57001,193908
'16UA',11001,57001,200940
'16UA',11001,57001,204040
'16UA',11001,57001,211040
'16UA',11001,57001,214040
'16UA',11001,57001,220940
'16UA',11001,57001,224040
'16UA',11001,57001,231040
'16UA',11001,57001,234040
'16UA',11001,57001,240540
'16UA',11001,57001,243240
'16UA',11001,57001,250040
'16UA',11001,57001,252640
'16UA',11001,57001,254840
'16UF1',11001,57001,53240
'16UF1',11001,57001,60240
'16UF1',11001,57001,63240
'16UF1',11001,57001,70240
'16UF1',11001,57001,73208
'16UF1',11001,57001,80108
'16UF1',11001,57001,83008
'16UF1',11001,57001,85908
'16UF1',11001,57001,92908
'16UF1',11001,57001,95935
'16UF1',11001,57001,103035
'16UF1',11001,57001,110035
'16UF1',11001,57001,113135
'16UF1',11001,57001,120335
'16UF1',11001,57001,122735
'16UF1',11001,57001,124735
'16UF1',11001,57001,130735
'16UF1',11001,57001,132835
'16UF1',11001,57001,134935
'16UF1',11001,57001,141135
'16UF1',11001,57001,143235
'16UF1',11001,57001,145335
'16UF1',11001,57001,151935
'16UF1',11001,57001,154935
'16UF1',11001,57001,162203
'16UF1',11001,57001,165303
'16UF1',11001,57001,171935
'16UF1',11001,57001,174735
'16UF1',11001,57001,181535
'16UF1',11001,57001,184335
'16UF1',11001,57001,190908
'16UF1',11001,57001,193908
'16UF1',11001,57001,200940
'16UF1',11001,57001,204040
'16UF1',11001,57001,211040
'16UF1',11001,57001,214040
'16UF1',11001,57001,220940
'16UF1',11001,57001,224040
'16UF1',11001,57001,231040
'16UF1',11001,57001,234040
'16UF1',11001,57001,240540
'16UF1',11001,57001,243240
'16UF1',11001,57001,250040
'16UF1',11001,57001,251840
'16UF2',11001,57001,53240
'16UF2',11001,57001,60240
'16UF2',11001,57001,63240
'16UF2',11001,57001,70240
'16UF2',11001,57001,73208
'16UF2',11001,57001,80108
'16UF2',11001,57001,83008
'16UF2',11001,57001,85908
'16UF2',11001,57001,92908
'16UF2',11001,57001,95935
'16UF2',11001,57001,103035
'16UF2',11001,57001,110035
'16UF2',11001,57001,113135
'16UF2',11001,57001,120335
'16UF2',11001,57001,122735
'16UF2',11001,57001,124735
'16UF2',11001,57001,130735
'16UF2',11001,57001,132835
'16UF2',11001,57001,134935
'16UF2',11001,57001,141135
'16UF2',11001,57001,143235
'16UF2',11001,57001,145335
'16UF2',11001,57001,151935
'16UF2',11001,57001,154935
'16UF2',11001,57001,162203
'16UF2',11001,57001,165303
'16UF2',11001,57001,171935
'16UF2',11001,57001,174735
'16UF2',11001,57001,181535
'16UF2',11001,57001,184335
'16UF2',11001,57001,190908
'16UF2',11001,57001,193908
'16UF2',11001,57001,200940
'16UF2',11001,57001,204040
'16UF2',11001,57001,211040
'16UF2',11001,57001,214040
'16UF2',11001,57001,220940
'16UF2',11001,57001,224040
'16UF2',11001,57001,231040
'16UF2',11001,57001,234040
'16UF2',11001,57001,240540
'16UF2',11001,57001,243240
'16UF2',11001,57001,250040
'16UF2',11001,57001,251840
'16UI',11001,57001,60540
'16UI',11001,57001,63440
'16UI',11001,57001,70140
'16UI',11001,57001,72840
'16UI',11001,57001,75640
'16UI',11001,57001,82640
'16UI',11001,57001,85340
'16UI',11001,57001,92408
'16UI',11001,57001,95508
'16UI',11001,57001,102608
'16UI',11001,57001,105608
'16UI',11001,57001,112708
'16UI',11001,57001,115908
'16UI',11001,57001,123208
'16UI',11001,57001,130208
'16UI',11001,57001,133308
'16UI',11001,57001,140208
'16UI',11001,57001,143108
'16UI',11001,57001,150008
'16UI',11001,57001,152908
'16UI',11001,57001,155808
'16UI',11001,57001,162708
'16UI',11001,57001,165608
'16UI',11001,57001,172408
'16UI',11001,57001,175508
'16UI',11001,57001,182440
'16UI',11001,57001,185340
'16UI',11001,57001,191740
'16UI',11001,57001,194440
'16UI',11001,57001,201240
'16UI',11001,57001,204140
'16UI',11001,57001,211140
'16UI',11001,57001,214140
'16UI',11001,57001,221040
'16UI',11001,57001,223940
'16UI',11001,57001,230840
'16UI',11001,57001,233540
'16UI',11001,57001,240440
'16UI',11001,57001,242840
'16UI',11001,57001,245340
'16UI',11001,57001,251840
'16US',11001,57001,50940
'16US',11001,57001,54640
'16US',11001,57001,61208
'16US',11001,57001,63808
'16US',11001,57001,65908
'16US',11001,57001,72035
'16US',11001,57001,74135
'16US',11001,57001,80235
'16US',11001,57001,81435
'16US',11001,57001,82435
'16US',11001,57001,83535
'16US',11001,57001,84408
'16US',11001,57001,91208
'16US',11001,57001,93808
'16US',11001,57001,100608
'16US',11001,57001,103408
'16US',11001,57001,110208
'16US',11001,57001,112908
'16US',11001,57001,115608
'16US',11001,57001,122308
'16US',11001,57001,125008
'16US',11001,57001,131808
'16US',11001,57001,134708
'16US',11001,57001,141608
'16US',11001,57001,144935
'16US',11001,57001,152135
'16US',11001,57001,155435
'16US',11001,57001,162335
'16US',11001,57001,165308
'16US',11001,57001,172208
'16US',11001,57001,175208
'16US',11001,57001,181840
'16US',11001,57001,184740
'16US',11001,57001,191840
'16US',11001,57001,194840
'16US',11001,57001,201740
'16US',11001,57001,204740
'16US',11001,57001,211612
'16US',11001,57001,214512
'16US',11001,57001,221612
'16US',11001,57001,224712
'16US',11001,57001,231612
'16US',11001,57001,234512
'16US',11001,57001,242212
'16US',11001,57001,244812
'16US',11001,57001,251912
'16UA',11301,57001,52152
'16UA',11301,57001,55352
'16UA',11301,57001,62652
'16UA',11301,57001,65652
'16UA',11301,57001,72652
'16UA',11301,57001,75505
'16UA',11301,57001,81905
'16UA',11301,57001,84405
'16UA',11301,57001,91005
'16UA',11301,57001,93605
'16UA',11301,57001,100105
'16UA',11301,57001,102705
'16UA',11301,57001,105318
'16UA',11301,57001,111918
'16UA',11301,57001,114418
'16UA',11301,57001,120518
'16UA',11301,57001,122418
'16UA',11301,57001,124318
'16UA',11301,57001,130418
'16UA',11301,57001,132418
'16UA',11301,57001,134218
'16UA',11301,57001,135918
'16UA',11301,57001,141718
'16UA',11301,57001,143518
'16UA',11301,57001,145318
'16UA',11301,57001,151518
'16UA',11301,57001,154505
'16UA',11301,57001,161405
'16UA',11301,57001,164405
'16UA',11301,57001,171505
'16UA',11301,57001,174605
'16UA',11301,57001,181605
'16UA',11301,57001,184505
'16UA',11301,57001,191505
'16UA',11301,57001,194505
'16UA',11301,57001,201505
'16UA',11301,57001,204505
'16UA',11301,57001,211405
'16UA',11301,57001,214305
'16UA',11301,57001,221105
'16UA',11301,57001,224105
'16UA',11301,57001,231105
'16UA',11301,57001,233952
'16UA',11301,57001,240952
'16UA',11301,57001,244252
'16UA',11301,57001,251552
'16UA',11301,57001,254352
'16UF1',11301,57001,52152
'16UF1',11301,57001,55352
'16UF1',11301,57001,62652
'16UF1',11301,57001,65652
'16UF1',11301,57001,72652
'16UF1',11301,57001,75505
'16UF1',11301,57001,81905
'16UF1',11301,57001,84405
'16UF1',11301,57001,91005
'16UF1',11301,57001,93605
'16UF1',11301,57001,100105
'16UF1',11301,57001,102705
'16UF1',11301,57001,105318
'16UF1',11301,57001,111918
'16UF1',11301,57001,114418
'16UF1',11301,57001,120518
'16UF1',11301,57001,122418
'16UF1',11301,57001,124318
'16UF1',11301,57001,130418
'16UF1',11301,57001,132418
'16UF1',11301,57001,134218
'16UF1',11301,57001,135918
'16UF1',11301,57001,141718
'16UF1',11301,57001,143518
'16UF1',11301,57001,145318
'16UF1',11301,57001,151518
'16UF1',11301,57001,154505
'16UF1',11301,57001,161405
'16UF1',11301,57001,164405
'16UF1',11301,57001,171505
'16UF1',11301,57001,174605
'16UF1',11301,57001,181605
'16UF1',11301,57001,184505
'16UF1',11301,57001,191505
'16UF1',11301,57001,194505
'16UF1',11301,57001,201505
'16UF1',11301,57001,204505
'16UF1',11301,57001,211405
'16UF1',11301,57001,214305
'16UF1',11301,57001,221105
'16UF1',11301,57001,224105
'16UF1',11301,57001,231105
'16UF1',11301,57001,234252
'16UF1',11301,57001,241552
'16UF1',11301,57001,244852
'16UF1',11301,57001,252405
'16UF2',11301,57001,52152
'16UF2',11301,57001,55352
'16UF2',11301,57001,62652
'16UF2',11301,57001,65652
'16UF2',11301,57001,72652
'16UF2',11301,57001,75505
'16UF2',11301,57001,81905
'16UF2',11301,57001,84405
'16UF2',11301,57001,91005
'16UF2',11301,57001,93605
'16UF2',11301,57001,100105
'16UF2',11301,57001,102705
'16UF2',11301,57001,105318
'16UF2',11301,57001,111918
'16UF2',11301,57001,114418
'16UF2',11301,57001,120518
'16UF2',11301,57001,122418
'16UF2',11301,57001,124318
'16UF2',11301,57001,130418
'16UF2',11301,57001,132418
'16UF2',11301,57001,134218
'16UF2',11301,57001,135918
'16UF2',11301,57001,141718
'16UF2',11301,57001,143518
'16UF2',11301,57001,145318
'16UF2',11301,57001,151518
'16UF2',11301,57001,154505
'16UF2',11301,57001,161405
'16UF2',11301,57001,164405
'16UF2',11301,57001,171505
'16UF2',11301,57001,174605
'16UF2',11301,57001,181605
'16UF2',11301,57001,184505
'16UF2',11301,57001,191505
'16UF2',11301,57001,194505
'16UF2',11301,57001,201505
'16UF2',11301,57001,204505
'16UF2',11301,57001,211405
'16UF2',11301,57001,214305
'16UF2',11301,57001,221105
'16UF2',11301,57001,224105
'16UF2',11301,57001,231105
'16UF2',11301,57001,234252
'16UF2',11301,57001,241552
'16UF2',11301,57001,244852
'16UF2',11301,57001,252405
'16UI',11301,57001,54718
'16UI',11301,57001,61918
'16UI',11301,57001,65218
'16UI',11301,57001,72518
'16UI',11301,57001,75718
'16UI',11301,57001,83118
'16UI',11301,57001,90318
'16UI',11301,57001,93718
'16UI',11301,57001,100818
'16UI',11301,57001,103718
'16UI',11301,57001,110418
'16UI',11301,57001,113118
'16UI',11301,57001,115518
'16UI',11301,57001,121718
'16UI',11301,57001,123905
'16UI',11301,57001,130305
'16UI',11301,57001,132805
'16UI',11301,57001,135505
'16UI',11301,57001,142205
'16UI',11301,57001,144905
'16UI',11301,57001,151505
'16UI',11301,57001,154005
'16UI',11301,57001,160605
'16UI',11301,57001,163505
'16UI',11301,57001,170405
'16UI',11301,57001,173405
'16UI',11301,57001,180205
'16UI',11301,57001,183305
'16UI',11301,57001,190405
'16UI',11301,57001,193505
'16UI',11301,57001,200305
'16UI',11301,57001,203005
'16UI',11301,57001,205605
'16UI',11301,57001,212205
'16UI',11301,57001,214905
'16UI',11301,57001,221905
'16UI',11301,57001,224905
'16UI',11301,57001,231905
'16UI',11301,57001,235005
'16UI',11301,57001,242105
'16UI',11301,57001,245205
'16UI',11301,57001,252405
'16US',11301,57001,50705
'16US',11301,57001,53205
'16US',11301,57001,55305
'16US',11301,57001,60905
'16US',11301,57001,62405
'16US',11301,57001,64305
'16US',11301,57001,65805
'16US',11301,57001,71305
'16US',11301,57001,72805
'16US',11301,57001,74205
'16US',11301,57001,75205
'16US',11301,57001,80205
'16US',11301,57001,81205
'16US',11301,57001,82605
'16US',11301,57001,84105
'16US',11301,57001,85505
'16US',11301,57001,91105
'16US',11301,57001,93105
'16US',11301,57001,95105
'16US',11301,57001,101105
'16US',11301,57001,103205
'16US',11301,57001,105305
'16US',11301,57001,111205
'16US',11301,57001,113105
'16US',11301,57001,115005
'16US',11301,57001,120805
'16US',11301,57001,122305
'16US',11301,57001,123705
'16US',11301,57001,125105
'16US',11301,57001,130605
'16US',11301,57001,132105
'16US',11301,57001,133605
'16US',11301,57001,135005
'16US',11301,57001,140305
'16US',11301,57001,141505
'16US',11301,57001,142705
'16US',11301,57001,143905
'16US',11301,57001,145105
'16US',11301,57001,150705
'16US',11301,57001,152605
'16US',11301,57001,155005
'16US',11301,57001,161505
'16US',11301,57001,164005
'16US',11301,57001,170405
'16US',11301,57001,173305
'16US',11301,57001,180105
'16US',11301,57001,182705
'16US',11301,57001,185405
'16US',11301,57001,192105
'16US',11301,57001,194805
'16US',11301,57001,201705
'16US',11301,57001,204605
'16US',11301,57001,211505
'16US',11301,57001,214452
'16US',11301,57001,221552
'16US',11301,57001,224752
'16US',11301,57001,231852
'16US',11301,57001,234752
'16US',11301,57001,241852
'16US',11301,57001,244852
'16US',11301,57001,251852
