'18JA',2401,52765,64607
'18JA',2401,52765,71607
'18JA',2401,52765,74807
'18JA',2401,52765,82107
'18JA',2401,52765,85307
'18JA',2401,52765,92507
'18JA',2401,52765,95807
'18JA',2401,52765,102807
'18JA',2401,52765,105807
'18JA',2401,52765,112407
'18JA',2401,52765,114107
'18JA',2401,52765,115907
'18JA',2401,52765,121407
'18JA',2401,52765,123007
'18JA',2401,52765,124507
'18JA',2401,52765,125907
'18JA',2401,52765,131207
'18JA',2401,52765,132607
'18JA',2401,52765,133907
'18JA',2401,52765,134907
'18JA',2401,52765,135907
'18JA',2401,52765,140907
'18JA',2401,52765,141807
'18JA',2401,52765,142607
'18JA',2401,52765,143407
'18JA',2401,52765,144107
'18JA',2401,52765,144807
'18JA',2401,52765,150007
'18JA',2401,52765,151107
'18JA',2401,52765,152207
'18JA',2401,52765,153307
'18JA',2401,52765,154407
'18JA',2401,52765,155507
'18JA',2401,52765,160507
'18JA',2401,52765,161407
'18JA',2401,52765,162207
'18JA',2401,52765,163007
'18JA',2401,52765,163707
'18JA',2401,52765,164507
'18JA',2401,52765,165207
'18JA',2401,52765,170007
'18JA',2401,52765,170807
'18JA',2401,52765,171607
'18JA',2401,52765,172307
'18JA',2401,52765,173007
'18JA',2401,52765,173607
'18JA',2401,52765,174207
'18JA',2401,52765,174707
'18JA',2401,52765,175307
'18JA',2401,52765,175907
'18JA',2401,52765,180407
'18JA',2401,52765,180907
'18JA',2401,52765,181707
'18JA',2401,52765,182607
'18JA',2401,52765,183407
'18JA',2401,52765,184307
'18JA',2401,52765,185307
'18JA',2401,52765,190207
'18JA',2401,52765,191007
'18JA',2401,52765,192007
'18JA',2401,52765,193007
'18JA',2401,52765,193807
'18JA',2401,52765,194607
'18JA',2401,52765,195607
'18JA',2401,52765,200807
'18JA',2401,52765,202207
'18JA',2401,52765,203607
'18JA',2401,52765,205007
'18JA',2401,52765,210407
'18JA',2401,52765,211707
'18JA',2401,52765,213007
'18JA',2401,52765,214307
'18JA',2401,52765,215807
'18JA',2401,52765,221407
'18JA',2401,52765,223107
'18JA',2401,52765,224607
'18JA',2401,52765,230107
'18JA',2401,52765,231707
'18JA',2401,52765,233307
'18JA',2401,52765,234707
'18JA',2401,52765,235929
'18JA',2401,52765,241429
'18JA',2401,52765,243629
'18JA',2401,52765,245829
'18JA',2401,52765,252029
'18JA',2401,52765,254329
'18JA',2401,52765,260629
'18JA',2401,52765,263129
'18JI',2401,52765,64407
'18JI',2401,52765,71507
'18JI',2401,52765,74607
'18JI',2401,52765,81707
'18JI',2401,52765,84807
'18JI',2401,52765,92107
'18JI',2401,52765,95344
'18JI',2401,52765,102644
'18JI',2401,52765,105944
'18JI',2401,52765,112244
'18JI',2401,52765,113944
'18JI',2401,52765,115644
'18JI',2401,52765,121144
'18JI',2401,52765,122644
'18JI',2401,52765,124144
'18JI',2401,52765,125744
'18JI',2401,52765,131344
'18JI',2401,52765,132844
'18JI',2401,52765,134344
'18JI',2401,52765,135744
'18JI',2401,52765,141144
'18JI',2401,52765,142544
'18JI',2401,52765,143944
'18JI',2401,52765,145344
'18JI',2401,52765,150844
'18JI',2401,52765,152144
'18JI',2401,52765,153344
'18JI',2401,52765,154544
'18JI',2401,52765,155644
'18JI',2401,52765,160644
'18JI',2401,52765,161644
'18JI',2401,52765,162644
'18JI',2401,52765,163644
'18JI',2401,52765,164544
'18JI',2401,52765,165444
'18JI',2401,52765,170244
'18JI',2401,52765,171044
'18JI',2401,52765,171844
'18JI',2401,52765,172644
'18JI',2401,52765,173344
'18JI',2401,52765,174044
'18JI',2401,52765,174744
'18JI',2401,52765,175444
'18JI',2401,52765,180144
'18JI',2401,52765,180844
'18JI',2401,52765,181544
'18JI',2401,52765,182644
'18JI',2401,52765,183944
'18JI',2401,52765,185444
'18JI',2401,52765,190744
'18JI',2401,52765,192444
'18JI',2401,52765,194044
'18JI',2401,52765,195444
'18JI',2401,52765,200544
'18JI',2401,52765,201544
'18JI',2401,52765,202544
'18JI',2401,52765,203544
'18JI',2401,52765,205244
'18JI',2401,52765,211044
'18JI',2401,52765,213144
'18JI',2401,52765,215244
'18JI',2401,52765,221344
'18JI',2401,52765,223444
'18JI',2401,52765,225544
'18JI',2401,52765,231844
'18JI',2401,52765,234244
'18JI',2401,52765,240744
'18JI',2401,52765,243344
'18JI',2401,52765,245507
'18JI',2401,52765,252007
'18JI',2401,52765,254707
'18JS',2401,52765,55907
'18JS',2401,52765,63607
'18JS',2401,52765,64607
'18JS',2401,52765,65607
'18JS',2401,52765,70644
'18JS',2401,52765,71844
'18JS',2401,52765,72944
'18JS',2401,52765,73944
'18JS',2401,52765,74544
'18JS',2401,52765,74844
'18JS',2401,52765,75044
'18JS',2401,52765,75644
'18JS',2401,52765,80144
'18JS',2401,52765,80444
'18JS',2401,52765,81244
'18JS',2401,52765,81944
'18JS',2401,52765,82644
'18JS',2401,52765,82944
'18JS',2401,52765,83344
'18JS',2401,52765,83944
'18JS',2401,52765,84444
'18JS',2401,52765,84744
'18JS',2401,52765,85644
'18JS',2401,52765,90044
'18JS',2401,52765,90544
'18JS',2401,52765,91244
'18JS',2401,52765,91444
'18JS',2401,52765,91844
'18JS',2401,52765,92344
'18JS',2401,52765,92644
'18JS',2401,52765,93544
'18JS',2401,52765,94544
'18JS',2401,52765,95644
'18JS',2401,52765,100444
'18JS',2401,52765,101444
'18JS',2401,52765,102444
'18JS',2401,52765,103444
'18JS',2401,52765,104444
'18JS',2401,52765,105444
'18JS',2401,52765,110444
'18JS',2401,52765,111444
'18JS',2401,52765,112344
'18JS',2401,52765,113144
'18JS',2401,52765,113944
'18JS',2401,52765,114744
'18JS',2401,52765,115544
'18JS',2401,52765,120344
'18JS',2401,52765,121244
'18JS',2401,52765,122144
'18JS',2401,52765,123044
'18JS',2401,52765,123944
'18JS',2401,52765,124844
'18JS',2401,52765,125644
'18JS',2401,52765,130444
'18JS',2401,52765,131244
'18JS',2401,52765,132044
'18JS',2401,52765,132844
'18JS',2401,52765,133744
'18JS',2401,52765,134544
'18JS',2401,52765,135244
'18JS',2401,52765,140044
'18JS',2401,52765,140844
'18JS',2401,52765,141544
'18JS',2401,52765,142244
'18JS',2401,52765,143144
'18JS',2401,52765,144044
'18JS',2401,52765,144844
'18JS',2401,52765,145944
'18JS',2401,52765,150744
'18JS',2401,52765,151544
'18JS',2401,52765,152244
'18JS',2401,52765,152944
'18JS',2401,52765,153644
'18JS',2401,52765,154544
'18JS',2401,52765,155244
'18JS',2401,52765,155544
'18JS',2401,52765,160444
'18JS',2401,52765,160544
'18JS',2401,52765,161344
'18JS',2401,52765,161544
'18JS',2401,52765,162244
'18JS',2401,52765,162844
'18JS',2401,52765,163144
'18JS',2401,52765,163544
'18JS',2401,52765,163944
'18JS',2401,52765,164644
'18JS',2401,52765,164744
'18JS',2401,52765,165344
'18JS',2401,52765,165844
'18JS',2401,52765,170144
'18JS',2401,52765,170944
'18JS',2401,52765,171144
'18JS',2401,52765,171644
'18JS',2401,52765,171844
'18JS',2401,52765,172444
'18JS',2401,52765,173044
'18JS',2401,52765,173244
'18JS',2401,52765,173844
'18JS',2401,52765,174244
'18JS',2401,52765,174444
'18JS',2401,52765,174944
'18JS',2401,52765,175344
'18JS',2401,52765,175444
'18JS',2401,52765,175844
'18JS',2401,52765,180144
'18JS',2401,52765,180344
'18JS',2401,52765,180844
'18JS',2401,52765,181344
'18JS',2401,52765,181444
'18JS',2401,52765,182044
'18JS',2401,52765,182344
'18JS',2401,52765,182544
'18JS',2401,52765,183144
'18JS',2401,52765,183444
'18JS',2401,52765,183644
'18JS',2401,52765,184144
'18JS',2401,52765,184244
'18JS',2401,52765,184944
'18JS',2401,52765,185344
'18JS',2401,52765,185644
'18JS',2401,52765,190244
'18JS',2401,52765,190344
'18JS',2401,52765,190944
'18JS',2401,52765,191644
'18JS',2401,52765,191744
'18JS',2401,52765,192344
'18JS',2401,52765,193344
'18JS',2401,52765,194144
'18JS',2401,52765,195044
'18JS',2401,52765,200044
'18JS',2401,52765,200944
'18JS',2401,52765,201844
'18JS',2401,52765,202544
'18JS',2401,52765,203344
'18JS',2401,52765,204044
'18JS',2401,52765,204744
'18JS',2401,52765,205444
'18JS',2401,52765,210044
'18JS',2401,52765,210644
'18JS',2401,52765,211144
'18JS',2401,52765,211744
'18JS',2401,52765,212344
'18JS',2401,52765,212944
'18JS',2401,52765,213444
'18JS',2401,52765,214044
'18JS',2401,52765,214644
'18JS',2401,52765,215344
'18JS',2401,52765,220144
'18JS',2401,52765,220944
'18JS',2401,52765,221644
'18JS',2401,52765,222444
'18JS',2401,52765,223144
'18JS',2401,52765,223744
'18JS',2401,52765,224644
'18JS',2401,52765,225644
'18JS',2401,52765,230944
'18JS',2401,52765,232444
'18JS',2401,52765,233944
'18JS',2401,52765,235444
'18JS',2401,52765,241044
'18JS',2401,52765,242407
'18JS',2401,52765,244507
'18JS',2401,52765,250807
'18JS',2401,52765,253107
'18JS',2401,52765,254907
'18JA',35601,52765,265400
'18JA',35601,52765,274100
'18JA',35601,52765,283100
'18JA',35601,52765,292100
'18JA',35601,52765,300500
'18JI',35601,52765,270000
'18JI',35601,52765,273900
'18JI',35601,52765,281700
'18JI',35601,52765,285500
'18JI',35601,52765,293300
'18JI',35601,52765,301100
'18JS',35601,52765,270200
'18JS',35601,52765,273700
'18JS',35601,52765,281100
'18JS',35601,52765,284400
'18JS',35601,52765,293000
'18JS',35601,52765,301600
