'13NF3',7103,52169,54500
'13NF3',7103,52169,61300
'13NF3',7103,52169,64100
'13NF3',7103,52169,70900
'13NF3',7103,52169,73700
'13NF3',7103,52169,80500
'13NF3',7103,52169,83300
'13NF3',7103,52169,90100
'13NF3',7103,52169,93000
'13NF3',7103,52169,95800
'13NF3',7103,52169,102600
'13NF3',7103,52169,105400
'13NF3',7103,52169,112200
'13NF3',7103,52169,115000
'13NF3',7103,52169,121800
'13NF3',7103,52169,124600
'13NF3',7103,52169,131400
'13NF3',7103,52169,134200
'13NF3',7103,52169,141000
'13NF3',7103,52169,143900
'13NF3',7103,52169,150800
'13NF3',7103,52169,153600
'13NF3',7103,52169,160400
'13NF3',7103,52169,163200
'13NF3',7103,52169,170000
'13NF3',7103,52169,172800
'13NF3',7103,52169,175600
'13NF3',7103,52169,182400
'13NF3',7103,52169,185100
'13NF3',7103,52169,191900
'13NF3',7103,52169,194700
'13NF3',7103,52169,201500
'13NF3',7103,52169,204300
'13NF3',7103,52169,211000
'13NF3',7103,52169,213800
'13NF3',7103,52169,220600
'13NF3',7103,52169,223400
'13NF3',7103,52244,54400
'13NF3',7103,52244,61200
'13NF3',7103,52244,64000
'13NF3',7103,52244,70800
'13NF3',7103,52244,73600
'13NF3',7103,52244,80400
'13NF3',7103,52244,83200
'13NF3',7103,52244,90000
'13NF3',7103,52244,92900
'13NF3',7103,52244,95700
'13NF3',7103,52244,102500
'13NF3',7103,52244,105300
'13NF3',7103,52244,112100
'13NF3',7103,52244,114900
'13NF3',7103,52244,121700
'13NF3',7103,52244,124500
'13NF3',7103,52244,131300
'13NF3',7103,52244,134100
'13NF3',7103,52244,140900
'13NF3',7103,52244,143800
'13NF3',7103,52244,150700
'13NF3',7103,52244,153500
'13NF3',7103,52244,160300
'13NF3',7103,52244,163100
'13NF3',7103,52244,165900
'13NF3',7103,52244,172700
'13NF3',7103,52244,175500
'13NF3',7103,52244,182300
'13NF3',7103,52244,185000
'13NF3',7103,52244,191800
'13NF3',7103,52244,194600
'13NF3',7103,52244,201400
'13NF3',7103,52244,204200
'13NF3',7103,52244,210900
'13NF3',7103,52244,213700
'13NF3',7103,52244,220500
'13NF3',7103,52244,223300
'13NF3',7103,52473,54100
'13NF3',7103,52473,60900
'13NF3',7103,52473,63700
'13NF3',7103,52473,70500
'13NF3',7103,52473,73300
'13NF3',7103,52473,80100
'13NF3',7103,52473,82900
'13NF3',7103,52473,85700
'13NF3',7103,52473,92600
'13NF3',7103,52473,95400
'13NF3',7103,52473,102200
'13NF3',7103,52473,105000
'13NF3',7103,52473,111800
'13NF3',7103,52473,114600
'13NF3',7103,52473,121400
'13NF3',7103,52473,124200
'13NF3',7103,52473,131000
'13NF3',7103,52473,133800
'13NF3',7103,52473,140600
'13NF3',7103,52473,143500
'13NF3',7103,52473,150400
'13NF3',7103,52473,153200
'13NF3',7103,52473,160000
'13NF3',7103,52473,162800
'13NF3',7103,52473,165600
'13NF3',7103,52473,172400
'13NF3',7103,52473,175200
'13NF3',7103,52473,182000
'13NF3',7103,52473,184700
'13NF3',7103,52473,191500
'13NF3',7103,52473,194300
'13NF3',7103,52473,201100
'13NF3',7103,52473,203900
'13NF3',7103,52473,210600
'13NF3',7103,52473,213400
'13NF3',7103,52473,220200
'13NF3',7103,52473,223000
'13NF3',7103,52623,53800
'13NF3',7103,52623,60600
'13NF3',7103,52623,63400
'13NF3',7103,52623,70200
'13NF3',7103,52623,73000
'13NF3',7103,52623,75800
'13NF3',7103,52623,82600
'13NF3',7103,52623,85400
'13NF3',7103,52623,92300
'13NF3',7103,52623,95100
'13NF3',7103,52623,101900
'13NF3',7103,52623,104700
'13NF3',7103,52623,111500
'13NF3',7103,52623,114300
'13NF3',7103,52623,121100
'13NF3',7103,52623,123900
'13NF3',7103,52623,130700
'13NF3',7103,52623,133500
'13NF3',7103,52623,140300
'13NF3',7103,52623,143200
'13NF3',7103,52623,150100
'13NF3',7103,52623,152900
'13NF3',7103,52623,155700
'13NF3',7103,52623,162500
'13NF3',7103,52623,165300
'13NF3',7103,52623,172100
'13NF3',7103,52623,174900
'13NF3',7103,52623,181700
'13NF3',7103,52623,184500
'13NF3',7103,52623,191300
'13NF3',7103,52623,194100
'13NF3',7103,52623,200900
'13NF3',7103,52623,203700
'13NF3',7103,52623,210400
'13NF3',7103,52623,213200
'13NF3',7103,52623,220000
'13NF3',7103,52623,222800
'13NF3',7103,52716,53700
'13NF3',7103,52716,60500
'13NF3',7103,52716,63300
'13NF3',7103,52716,70100
'13NF3',7103,52716,72900
'13NF3',7103,52716,75700
'13NF3',7103,52716,82500
'13NF3',7103,52716,85300
'13NF3',7103,52716,92200
'13NF3',7103,52716,95000
'13NF3',7103,52716,101800
'13NF3',7103,52716,104600
'13NF3',7103,52716,111400
'13NF3',7103,52716,114200
'13NF3',7103,52716,121000
'13NF3',7103,52716,123800
'13NF3',7103,52716,130600
'13NF3',7103,52716,133400
'13NF3',7103,52716,140200
'13NF3',7103,52716,143100
'13NF3',7103,52716,150000
'13NF3',7103,52716,152800
'13NF3',7103,52716,155600
'13NF3',7103,52716,162400
'13NF3',7103,52716,165200
'13NF3',7103,52716,172000
'13NF3',7103,52716,174800
'13NF3',7103,52716,181600
'13NF3',7103,52716,184400
'13NF3',7103,52716,191200
'13NF3',7103,52716,194000
'13NF3',7103,52716,200800
'13NF3',7103,52716,203600
'13NF3',7103,52716,210300
'13NF3',7103,52716,213100
'13NF3',7103,52716,215900
'13NF3',7103,52716,222700
'13NF3',7103,52796,53700
'13NF3',7103,52796,60500
'13NF3',7103,52796,63300
'13NF3',7103,52796,70100
'13NF3',7103,52796,72900
'13NF3',7103,52796,75700
'13NF3',7103,52796,82500
'13NF3',7103,52796,85300
'13NF3',7103,52796,92200
'13NF3',7103,52796,95000
'13NF3',7103,52796,101800
'13NF3',7103,52796,104600
'13NF3',7103,52796,111400
'13NF3',7103,52796,114200
'13NF3',7103,52796,121000
'13NF3',7103,52796,123800
'13NF3',7103,52796,130600
'13NF3',7103,52796,133400
'13NF3',7103,52796,140200
'13NF3',7103,52796,143100
'13NF3',7103,52796,150000
'13NF3',7103,52796,152800
'13NF3',7103,52796,155600
'13NF3',7103,52796,162400
'13NF3',7103,52796,165200
'13NF3',7103,52796,172000
'13NF3',7103,52796,174800
'13NF3',7103,52796,181600
'13NF3',7103,52796,184300
'13NF3',7103,52796,191100
'13NF3',7103,52796,193900
'13NF3',7103,52796,200700
'13NF3',7103,52796,203500
'13NF3',7103,52796,210200
'13NF3',7103,52796,213000
'13NF3',7103,52796,215800
'13NF3',7103,52796,222600
'13NF3',7103,52829,53600
'13NF3',7103,52829,60400
'13NF3',7103,52829,63200
'13NF3',7103,52829,70000
'13NF3',7103,52829,72800
'13NF3',7103,52829,75600
'13NF3',7103,52829,82400
'13NF3',7103,52829,85200
'13NF3',7103,52829,92100
'13NF3',7103,52829,94900
'13NF3',7103,52829,101700
'13NF3',7103,52829,104500
'13NF3',7103,52829,111300
'13NF3',7103,52829,114100
'13NF3',7103,52829,120900
'13NF3',7103,52829,123700
'13NF3',7103,52829,130500
'13NF3',7103,52829,133300
'13NF3',7103,52829,140100
'13NF3',7103,52829,143000
'13NF3',7103,52829,145900
'13NF3',7103,52829,152700
'13NF3',7103,52829,155500
'13NF3',7103,52829,162300
'13NF3',7103,52829,165100
'13NF3',7103,52829,171900
'13NF3',7103,52829,174700
'13NF3',7103,52829,181500
'13NF3',7103,52829,184200
'13NF3',7103,52829,191000
'13NF3',7103,52829,193800
'13NF3',7103,52829,200600
'13NF3',7103,52829,203400
'13NF3',7103,52829,210100
'13NF3',7103,52829,212900
'13NF3',7103,52829,215700
'13NF3',7103,52829,222500
'13NF3',7103,52871,52700
'13NF3',7103,52871,55500
'13NF3',7103,52871,62300
'13NF3',7103,52871,65100
'13NF3',7103,52871,71900
'13NF3',7103,52871,74700
'13NF3',7103,52871,81500
'13NF3',7103,52871,84300
'13NF3',7103,52871,91200
'13NF3',7103,52871,94000
'13NF3',7103,52871,100800
'13NF3',7103,52871,103600
'13NF3',7103,52871,110400
'13NF3',7103,52871,113200
'13NF3',7103,52871,120000
'13NF3',7103,52871,122800
'13NF3',7103,52871,125600
'13NF3',7103,52871,132400
'13NF3',7103,52871,135200
'13NF3',7103,52871,142100
'13NF3',7103,52871,145000
'13NF3',7103,52871,151800
'13NF3',7103,52871,154600
'13NF3',7103,52871,161400
'13NF3',7103,52871,164200
'13NF3',7103,52871,171000
'13NF3',7103,52871,173800
'13NF3',7103,52871,180600
'13NF3',7103,52871,183400
'13NF3',7103,52871,190200
'13NF3',7103,52871,193000
'13NF3',7103,52871,195800
'13NF3',7103,52871,202600
'13NF3',7103,52871,205300
'13NF3',7103,52871,212100
'13NF3',7103,52871,214900
'13NF3',7103,52871,221700
'13NF3',7103,52887,52800
'13NF3',7103,52887,55600
'13NF3',7103,52887,62400
'13NF3',7103,52887,65200
'13NF3',7103,52887,72000
'13NF3',7103,52887,74800
'13NF3',7103,52887,81600
'13NF3',7103,52887,84400
'13NF3',7103,52887,91300
'13NF3',7103,52887,94100
'13NF3',7103,52887,100900
'13NF3',7103,52887,103700
'13NF3',7103,52887,110500
'13NF3',7103,52887,113300
'13NF3',7103,52887,120100
'13NF3',7103,52887,122900
'13NF3',7103,52887,125700
'13NF3',7103,52887,132500
'13NF3',7103,52887,135300
'13NF3',7103,52887,142200
'13NF3',7103,52887,145000
'13NF3',7103,52887,151800
'13NF3',7103,52887,154600
'13NF3',7103,52887,161400
'13NF3',7103,52887,164200
'13NF3',7103,52887,171000
'13NF3',7103,52887,173800
'13NF3',7103,52887,180600
'13NF3',7103,52887,183400
'13NF3',7103,52887,190200
'13NF3',7103,52887,193000
'13NF3',7103,52887,195800
'13NF3',7103,52887,202600
'13NF3',7103,52887,205300
'13NF3',7103,52887,212100
'13NF3',7103,52887,214900
'13NF3',7103,52887,221700
'13NF3',7103,52893,52800
'13NF3',7103,52893,55600
'13NF3',7103,52893,62400
'13NF3',7103,52893,65200
'13NF3',7103,52893,72000
'13NF3',7103,52893,74800
'13NF3',7103,52893,81600
'13NF3',7103,52893,84400
'13NF3',7103,52893,91300
'13NF3',7103,52893,94100
'13NF3',7103,52893,100900
'13NF3',7103,52893,103700
'13NF3',7103,52893,110500
'13NF3',7103,52893,113300
'13NF3',7103,52893,120100
'13NF3',7103,52893,122900
'13NF3',7103,52893,125700
'13NF3',7103,52893,132500
'13NF3',7103,52893,135300
'13NF3',7103,52893,142200
'13NF3',7103,52893,145100
'13NF3',7103,52893,151900
'13NF3',7103,52893,154700
'13NF3',7103,52893,161500
'13NF3',7103,52893,164300
'13NF3',7103,52893,171100
'13NF3',7103,52893,173900
'13NF3',7103,52893,180700
'13NF3',7103,52893,183500
'13NF3',7103,52893,190300
'13NF3',7103,52893,193100
'13NF3',7103,52893,195900
'13NF3',7103,52893,202700
'13NF3',7103,52893,205400
'13NF3',7103,52893,212200
'13NF3',7103,52893,215000
'13NF3',7103,52893,221800
'13NF3',7103,52911,53400
'13NF3',7103,52911,60200
'13NF3',7103,52911,63000
'13NF3',7103,52911,65800
'13NF3',7103,52911,72600
'13NF3',7103,52911,75400
'13NF3',7103,52911,82200
'13NF3',7103,52911,85000
'13NF3',7103,52911,91900
'13NF3',7103,52911,94700
'13NF3',7103,52911,101500
'13NF3',7103,52911,104300
'13NF3',7103,52911,111100
'13NF3',7103,52911,113900
'13NF3',7103,52911,120700
'13NF3',7103,52911,123500
'13NF3',7103,52911,130300
'13NF3',7103,52911,133100
'13NF3',7103,52911,135900
'13NF3',7103,52911,142800
'13NF3',7103,52911,145700
'13NF3',7103,52911,152500
'13NF3',7103,52911,155300
'13NF3',7103,52911,162100
'13NF3',7103,52911,164900
'13NF3',7103,52911,171700
'13NF3',7103,52911,174500
'13NF3',7103,52911,181300
'13NF3',7103,52911,184000
'13NF3',7103,52911,190800
'13NF3',7103,52911,193600
'13NF3',7103,52911,200400
'13NF3',7103,52911,203200
'13NF3',7103,52911,205900
'13NF3',7103,52911,212700
'13NF3',7103,52911,215500
'13NF3',7103,52911,222300
'13NF3',7103,53029,53200
'13NF3',7103,53029,60000
'13NF3',7103,53029,62800
'13NF3',7103,53029,65600
'13NF3',7103,53029,72400
'13NF3',7103,53029,75200
'13NF3',7103,53029,82000
'13NF3',7103,53029,84800
'13NF3',7103,53029,91700
'13NF3',7103,53029,94500
'13NF3',7103,53029,101300
'13NF3',7103,53029,104100
'13NF3',7103,53029,110900
'13NF3',7103,53029,113700
'13NF3',7103,53029,120500
'13NF3',7103,53029,123300
'13NF3',7103,53029,130100
'13NF3',7103,53029,132900
'13NF3',7103,53029,135700
'13NF3',7103,53029,142600
'13NF3',7103,53029,145500
'13NF3',7103,53029,152300
'13NF3',7103,53029,155100
'13NF3',7103,53029,161900
'13NF3',7103,53029,164700
'13NF3',7103,53029,171500
'13NF3',7103,53029,174300
'13NF3',7103,53029,181100
'13NF3',7103,53029,183900
'13NF3',7103,53029,190700
'13NF3',7103,53029,193500
'13NF3',7103,53029,200300
'13NF3',7103,53029,203100
'13NF3',7103,53029,205800
'13NF3',7103,53029,212600
'13NF3',7103,53029,215400
'13NF3',7103,53029,222200
'13NF3',7103,53049,53000
'13NF3',7103,53049,55800
'13NF3',7103,53049,62600
'13NF3',7103,53049,65400
'13NF3',7103,53049,72200
'13NF3',7103,53049,75000
'13NF3',7103,53049,81800
'13NF3',7103,53049,84600
'13NF3',7103,53049,91500
'13NF3',7103,53049,94300
'13NF3',7103,53049,101100
'13NF3',7103,53049,103900
'13NF3',7103,53049,110700
'13NF3',7103,53049,113500
'13NF3',7103,53049,120300
'13NF3',7103,53049,123100
'13NF3',7103,53049,125900
'13NF3',7103,53049,132700
'13NF3',7103,53049,135500
'13NF3',7103,53049,142400
'13NF3',7103,53049,145300
'13NF3',7103,53049,152100
'13NF3',7103,53049,154900
'13NF3',7103,53049,161700
'13NF3',7103,53049,164500
'13NF3',7103,53049,171300
'13NF3',7103,53049,174100
'13NF3',7103,53049,180900
'13NF3',7103,53049,183700
'13NF3',7103,53049,190500
'13NF3',7103,53049,193300
'13NF3',7103,53049,200100
'13NF3',7103,53049,202900
'13NF3',7103,53049,205600
'13NF3',7103,53049,212400
'13NF3',7103,53049,215200
'13NF3',7103,53049,222000
'13NF3',7103,53899,53400
'13NF3',7103,53899,60200
'13NF3',7103,53899,63000
'13NF3',7103,53899,65800
'13NF3',7103,53899,72600
'13NF3',7103,53899,75400
'13NF3',7103,53899,82200
'13NF3',7103,53899,85000
'13NF3',7103,53899,91900
'13NF3',7103,53899,94700
'13NF3',7103,53899,101500
'13NF3',7103,53899,104300
'13NF3',7103,53899,111100
'13NF3',7103,53899,113900
'13NF3',7103,53899,120700
'13NF3',7103,53899,123500
'13NF3',7103,53899,130300
'13NF3',7103,53899,133100
'13NF3',7103,53899,135900
'13NF3',7103,53899,142800
'13NF3',7103,53899,145700
'13NF3',7103,53899,152500
'13NF3',7103,53899,155300
'13NF3',7103,53899,162100
'13NF3',7103,53899,164900
'13NF3',7103,53899,171700
'13NF3',7103,53899,174500
'13NF3',7103,53899,181300
'13NF3',7103,53899,184100
'13NF3',7103,53899,190900
'13NF3',7103,53899,193700
'13NF3',7103,53899,200500
'13NF3',7103,53899,203300
'13NF3',7103,53899,210000
'13NF3',7103,53899,212800
'13NF3',7103,53899,215600
'13NF3',7103,53899,222400
'13NF3',7103,53900,52600
'13NF3',7103,53900,55400
'13NF3',7103,53900,62200
'13NF3',7103,53900,65000
'13NF3',7103,53900,71800
'13NF3',7103,53900,74600
'13NF3',7103,53900,81400
'13NF3',7103,53900,84200
'13NF3',7103,53900,91100
'13NF3',7103,53900,93900
'13NF3',7103,53900,100700
'13NF3',7103,53900,103500
'13NF3',7103,53900,110300
'13NF3',7103,53900,113100
'13NF3',7103,53900,115900
'13NF3',7103,53900,122700
'13NF3',7103,53900,125500
'13NF3',7103,53900,132300
'13NF3',7103,53900,135100
'13NF3',7103,53900,142000
'13NF3',7103,53900,144900
'13NF3',7103,53900,151700
'13NF3',7103,53900,154500
'13NF3',7103,53900,161300
'13NF3',7103,53900,164100
'13NF3',7103,53900,170900
'13NF3',7103,53900,173700
'13NF3',7103,53900,180500
'13NF3',7103,53900,183300
'13NF3',7103,53900,190100
'13NF3',7103,53900,192900
'13NF3',7103,53900,195700
'13NF3',7103,53900,202500
'13NF3',7103,53900,205200
'13NF3',7103,53900,212000
'13NF3',7103,53900,214800
'13NF3',7103,53900,221600
'13NF3',7103,54018,54000
'13NF3',7103,54018,60800
'13NF3',7103,54018,63600
'13NF3',7103,54018,70400
'13NF3',7103,54018,73200
'13NF3',7103,54018,80000
'13NF3',7103,54018,82800
'13NF3',7103,54018,85600
'13NF3',7103,54018,92500
'13NF3',7103,54018,95300
'13NF3',7103,54018,102100
'13NF3',7103,54018,104900
'13NF3',7103,54018,111700
'13NF3',7103,54018,114500
'13NF3',7103,54018,121300
'13NF3',7103,54018,124100
'13NF3',7103,54018,130900
'13NF3',7103,54018,133700
'13NF3',7103,54018,140500
'13NF3',7103,54018,143400
'13NF3',7103,54018,150300
'13NF3',7103,54018,153100
'13NF3',7103,54018,155900
'13NF3',7103,54018,162700
'13NF3',7103,54018,165500
'13NF3',7103,54018,172300
'13NF3',7103,54018,175100
'13NF3',7103,54018,181900
'13NF3',7103,54018,184600
'13NF3',7103,54018,191400
'13NF3',7103,54018,194200
'13NF3',7103,54018,201000
'13NF3',7103,54018,203800
'13NF3',7103,54018,210500
'13NF3',7103,54018,213300
'13NF3',7103,54018,220100
'13NF3',7103,54018,222900
'13NF3',7103,54228,53200
'13NF3',7103,54228,60000
'13NF3',7103,54228,62800
'13NF3',7103,54228,65600
'13NF3',7103,54228,72400
'13NF3',7103,54228,75200
'13NF3',7103,54228,82000
'13NF3',7103,54228,84800
'13NF3',7103,54228,91700
'13NF3',7103,54228,94500
'13NF3',7103,54228,101300
'13NF3',7103,54228,104100
'13NF3',7103,54228,110900
'13NF3',7103,54228,113700
'13NF3',7103,54228,120500
'13NF3',7103,54228,123300
'13NF3',7103,54228,130100
'13NF3',7103,54228,132900
'13NF3',7103,54228,135700
'13NF3',7103,54228,142600
'13NF3',7103,54228,145500
'13NF3',7103,54228,152300
'13NF3',7103,54228,155100
'13NF3',7103,54228,161900
'13NF3',7103,54228,164700
'13NF3',7103,54228,171500
'13NF3',7103,54228,174300
'13NF3',7103,54228,181100
'13NF3',7103,54228,183800
'13NF3',7103,54228,190600
'13NF3',7103,54228,193400
'13NF3',7103,54228,200200
'13NF3',7103,54228,203000
'13NF3',7103,54228,205700
'13NF3',7103,54228,212500
'13NF3',7103,54228,215300
'13NF3',7103,54228,222100
'13NF3',7103,54229,52900
'13NF3',7103,54229,55700
'13NF3',7103,54229,62500
'13NF3',7103,54229,65300
'13NF3',7103,54229,72100
'13NF3',7103,54229,74900
'13NF3',7103,54229,81700
'13NF3',7103,54229,84500
'13NF3',7103,54229,91400
'13NF3',7103,54229,94200
'13NF3',7103,54229,101000
'13NF3',7103,54229,103800
'13NF3',7103,54229,110600
'13NF3',7103,54229,113400
'13NF3',7103,54229,120200
'13NF3',7103,54229,123000
'13NF3',7103,54229,125800
'13NF3',7103,54229,132600
'13NF3',7103,54229,135400
'13NF3',7103,54229,142300
'13NF3',7103,54229,145200
'13NF3',7103,54229,152000
'13NF3',7103,54229,154800
'13NF3',7103,54229,161600
'13NF3',7103,54229,164400
'13NF3',7103,54229,171200
'13NF3',7103,54229,174000
'13NF3',7103,54229,180800
'13NF3',7103,54229,183600
'13NF3',7103,54229,190400
'13NF3',7103,54229,193200
'13NF3',7103,54229,200000
'13NF3',7103,54229,202800
'13NF3',7103,54229,205500
'13NF3',7103,54229,212300
'13NF3',7103,54229,215100
'13NF3',7103,54229,221900
'13NF3',7103,54231,53300
'13NF3',7103,54231,60100
'13NF3',7103,54231,62900
'13NF3',7103,54231,65700
'13NF3',7103,54231,72500
'13NF3',7103,54231,75300
'13NF3',7103,54231,82100
'13NF3',7103,54231,84900
'13NF3',7103,54231,91800
'13NF3',7103,54231,94600
'13NF3',7103,54231,101400
'13NF3',7103,54231,104200
'13NF3',7103,54231,111000
'13NF3',7103,54231,113800
'13NF3',7103,54231,120600
'13NF3',7103,54231,123400
'13NF3',7103,54231,130200
'13NF3',7103,54231,133000
'13NF3',7103,54231,135800
'13NF3',7103,54231,142700
'13NF3',7103,54231,145600
'13NF3',7103,54231,152400
'13NF3',7103,54231,155200
'13NF3',7103,54231,162000
'13NF3',7103,54231,164800
'13NF3',7103,54231,171600
'13NF3',7103,54231,174400
'13NF3',7103,54231,181200
'13NF3',7103,54231,184000
'13NF3',7103,54231,190800
'13NF3',7103,54231,193600
'13NF3',7103,54231,200400
'13NF3',7103,54231,203200
'13NF3',7103,54231,205900
'13NF3',7103,54231,212700
'13NF3',7103,54231,215500
'13NF3',7103,54231,222300
'13NF3',7103,54232,53100
'13NF3',7103,54232,55900
'13NF3',7103,54232,62700
'13NF3',7103,54232,65500
'13NF3',7103,54232,72300
'13NF3',7103,54232,75100
'13NF3',7103,54232,81900
'13NF3',7103,54232,84700
'13NF3',7103,54232,91600
'13NF3',7103,54232,94400
'13NF3',7103,54232,101200
'13NF3',7103,54232,104000
'13NF3',7103,54232,110800
'13NF3',7103,54232,113600
'13NF3',7103,54232,120400
'13NF3',7103,54232,123200
'13NF3',7103,54232,130000
'13NF3',7103,54232,132800
'13NF3',7103,54232,135600
'13NF3',7103,54232,142500
'13NF3',7103,54232,145400
'13NF3',7103,54232,152200
'13NF3',7103,54232,155000
'13NF3',7103,54232,161800
'13NF3',7103,54232,164600
'13NF3',7103,54232,171400
'13NF3',7103,54232,174200
'13NF3',7103,54232,181000
'13NF3',7103,54232,183800
'13NF3',7103,54232,190600
'13NF3',7103,54232,193400
'13NF3',7103,54232,200200
'13NF3',7103,54232,203000
'13NF3',7103,54232,205700
'13NF3',7103,54232,212500
'13NF3',7103,54232,215300
'13NF3',7103,54232,222100
'13NF3',7103,54233,52900
'13NF3',7103,54233,55700
'13NF3',7103,54233,62500
'13NF3',7103,54233,65300
'13NF3',7103,54233,72100
'13NF3',7103,54233,74900
'13NF3',7103,54233,81700
'13NF3',7103,54233,84500
'13NF3',7103,54233,91400
'13NF3',7103,54233,94200
'13NF3',7103,54233,101000
'13NF3',7103,54233,103800
'13NF3',7103,54233,110600
'13NF3',7103,54233,113400
'13NF3',7103,54233,120200
'13NF3',7103,54233,123000
'13NF3',7103,54233,125800
'13NF3',7103,54233,132600
'13NF3',7103,54233,135400
'13NF3',7103,54233,142300
'13NF3',7103,54233,145100
'13NF3',7103,54233,151900
'13NF3',7103,54233,154700
'13NF3',7103,54233,161500
'13NF3',7103,54233,164300
'13NF3',7103,54233,171100
'13NF3',7103,54233,173900
'13NF3',7103,54233,180700
'13NF3',7103,54233,183500
'13NF3',7103,54233,190300
'13NF3',7103,54233,193100
'13NF3',7103,54233,195900
'13NF3',7103,54233,202700
'13NF3',7103,54233,205400
'13NF3',7103,54233,212200
'13NF3',7103,54233,215000
'13NF3',7103,54233,221800
'13NF3',7103,56640,52400
'13NF3',7103,56640,55200
'13NF3',7103,56640,62000
'13NF3',7103,56640,64800
'13NF3',7103,56640,71600
'13NF3',7103,56640,74400
'13NF3',7103,56640,81200
'13NF3',7103,56640,84000
'13NF3',7103,56640,90900
'13NF3',7103,56640,93700
'13NF3',7103,56640,100500
'13NF3',7103,56640,103300
'13NF3',7103,56640,110100
'13NF3',7103,56640,112900
'13NF3',7103,56640,115700
'13NF3',7103,56640,122500
'13NF3',7103,56640,125300
'13NF3',7103,56640,132100
'13NF3',7103,56640,134900
'13NF3',7103,56640,141800
'13NF3',7103,56640,144700
'13NF3',7103,56640,151500
'13NF3',7103,56640,154300
'13NF3',7103,56640,161100
'13NF3',7103,56640,163900
'13NF3',7103,56640,170700
'13NF3',7103,56640,173500
'13NF3',7103,56640,180300
'13NF3',7103,56640,183100
'13NF3',7103,56640,185900
'13NF3',7103,56640,192700
'13NF3',7103,56640,195500
'13NF3',7103,56640,202300
'13NF3',7103,56640,205000
'13NF3',7103,56640,211800
'13NF3',7103,56640,214600
'13NF3',7103,56640,221400
'13NF3',7103,56717,52400
'13NF3',7103,56717,55200
'13NF3',7103,56717,62000
'13NF3',7103,56717,64800
'13NF3',7103,56717,71600
'13NF3',7103,56717,74400
'13NF3',7103,56717,81200
'13NF3',7103,56717,84000
'13NF3',7103,56717,90900
'13NF3',7103,56717,93700
'13NF3',7103,56717,100500
'13NF3',7103,56717,103300
'13NF3',7103,56717,110100
'13NF3',7103,56717,112900
'13NF3',7103,56717,115700
'13NF3',7103,56717,122500
'13NF3',7103,56717,125300
'13NF3',7103,56717,132100
'13NF3',7103,56717,134900
'13NF3',7103,56717,141800
'13NF3',7103,56717,144600
'13NF3',7103,56717,151400
'13NF3',7103,56717,154200
'13NF3',7103,56717,161000
'13NF3',7103,56717,163800
'13NF3',7103,56717,170600
'13NF3',7103,56717,173400
'13NF3',7103,56717,180200
'13NF3',7103,56717,183000
'13NF3',7103,56717,185800
'13NF3',7103,56717,192600
'13NF3',7103,56717,195400
'13NF3',7103,56717,202200
'13NF3',7103,56717,204900
'13NF3',7103,56717,211700
'13NF3',7103,56717,214500
'13NF3',7103,56717,221300
'13NF3',7103,56718,52500
'13NF3',7103,56718,55300
'13NF3',7103,56718,62100
'13NF3',7103,56718,64900
'13NF3',7103,56718,71700
'13NF3',7103,56718,74500
'13NF3',7103,56718,81300
'13NF3',7103,56718,84100
'13NF3',7103,56718,91000
'13NF3',7103,56718,93800
'13NF3',7103,56718,100600
'13NF3',7103,56718,103400
'13NF3',7103,56718,110200
'13NF3',7103,56718,113000
'13NF3',7103,56718,115800
'13NF3',7103,56718,122600
'13NF3',7103,56718,125400
'13NF3',7103,56718,132200
'13NF3',7103,56718,135000
'13NF3',7103,56718,141900
'13NF3',7103,56718,144700
'13NF3',7103,56718,151500
'13NF3',7103,56718,154300
'13NF3',7103,56718,161100
'13NF3',7103,56718,163900
'13NF3',7103,56718,170700
'13NF3',7103,56718,173500
'13NF3',7103,56718,180300
'13NF3',7103,56718,183100
'13NF3',7103,56718,185900
'13NF3',7103,56718,192700
'13NF3',7103,56718,195500
'13NF3',7103,56718,202300
'13NF3',7103,56718,205000
'13NF3',7103,56718,211800
'13NF3',7103,56718,214600
'13NF3',7103,56718,221400
'13NF3',7103,56719,52500
'13NF3',7103,56719,55300
'13NF3',7103,56719,62100
'13NF3',7103,56719,64900
'13NF3',7103,56719,71700
'13NF3',7103,56719,74500
'13NF3',7103,56719,81300
'13NF3',7103,56719,84100
'13NF3',7103,56719,91000
'13NF3',7103,56719,93800
'13NF3',7103,56719,100600
'13NF3',7103,56719,103400
'13NF3',7103,56719,110200
'13NF3',7103,56719,113000
'13NF3',7103,56719,115800
'13NF3',7103,56719,122600
'13NF3',7103,56719,125400
'13NF3',7103,56719,132200
'13NF3',7103,56719,135000
'13NF3',7103,56719,141900
'13NF3',7103,56719,144800
'13NF3',7103,56719,151600
'13NF3',7103,56719,154400
'13NF3',7103,56719,161200
'13NF3',7103,56719,164000
'13NF3',7103,56719,170800
'13NF3',7103,56719,173600
'13NF3',7103,56719,180400
'13NF3',7103,56719,183200
'13NF3',7103,56719,190000
'13NF3',7103,56719,192800
'13NF3',7103,56719,195600
'13NF3',7103,56719,202400
'13NF3',7103,56719,205100
'13NF3',7103,56719,211900
'13NF3',7103,56719,214700
'13NF3',7103,56719,221500
'13NF3',7103,60540,52600
'13NF3',7103,60540,55400
'13NF3',7103,60540,62200
'13NF3',7103,60540,65000
'13NF3',7103,60540,71800
'13NF3',7103,60540,74600
'13NF3',7103,60540,81400
'13NF3',7103,60540,84200
'13NF3',7103,60540,91100
'13NF3',7103,60540,93900
'13NF3',7103,60540,100700
'13NF3',7103,60540,103500
'13NF3',7103,60540,110300
'13NF3',7103,60540,113100
'13NF3',7103,60540,115900
'13NF3',7103,60540,122700
'13NF3',7103,60540,125500
'13NF3',7103,60540,132300
'13NF3',7103,60540,135100
'13NF3',7103,60540,142000
'13NF3',7103,60540,144800
'13NF3',7103,60540,151600
'13NF3',7103,60540,154400
'13NF3',7103,60540,161200
'13NF3',7103,60540,164000
'13NF3',7103,60540,170800
'13NF3',7103,60540,173600
'13NF3',7103,60540,180400
'13NF3',7103,60540,183200
'13NF3',7103,60540,190000
'13NF3',7103,60540,192800
'13NF3',7103,60540,195600
'13NF3',7103,60540,202400
'13NF3',7103,60540,205100
'13NF3',7103,60540,211900
'13NF3',7103,60540,214700
'13NF3',7103,60540,221500
'13NF3',7103,61207,52300
'13NF3',7103,61207,55100
'13NF3',7103,61207,61900
'13NF3',7103,61207,64700
'13NF3',7103,61207,71500
'13NF3',7103,61207,74300
'13NF3',7103,61207,81100
'13NF3',7103,61207,83900
'13NF3',7103,61207,90800
'13NF3',7103,61207,93600
'13NF3',7103,61207,100400
'13NF3',7103,61207,103200
'13NF3',7103,61207,110000
'13NF3',7103,61207,112800
'13NF3',7103,61207,115600
'13NF3',7103,61207,122400
'13NF3',7103,61207,125200
'13NF3',7103,61207,132000
'13NF3',7103,61207,134800
'13NF3',7103,61207,141700
'13NF3',7103,61207,144500
'13NF3',7103,61207,151300
'13NF3',7103,61207,154100
'13NF3',7103,61207,160900
'13NF3',7103,61207,163700
'13NF3',7103,61207,170500
'13NF3',7103,61207,173300
'13NF3',7103,61207,180100
'13NF3',7103,61207,182900
'13NF3',7103,61207,185700
'13NF3',7103,61207,192500
'13NF3',7103,61207,195300
'13NF3',7103,61207,202100
'13NF3',7103,61207,204800
'13NF3',7103,61207,211600
'13NF3',7103,61207,214400
'13NF3',7103,61207,221200
'13NF3',7103,61209,54200
'13NF3',7103,61209,61000
'13NF3',7103,61209,63800
'13NF3',7103,61209,70600
'13NF3',7103,61209,73400
'13NF3',7103,61209,80200
'13NF3',7103,61209,83000
'13NF3',7103,61209,85800
'13NF3',7103,61209,92700
'13NF3',7103,61209,95500
'13NF3',7103,61209,102300
'13NF3',7103,61209,105100
'13NF3',7103,61209,111900
'13NF3',7103,61209,114700
'13NF3',7103,61209,121500
'13NF3',7103,61209,124300
'13NF3',7103,61209,131100
'13NF3',7103,61209,133900
'13NF3',7103,61209,140700
'13NF3',7103,61209,143600
'13NF3',7103,61209,150500
'13NF3',7103,61209,153300
'13NF3',7103,61209,160100
'13NF3',7103,61209,162900
'13NF3',7103,61209,165700
'13NF3',7103,61209,172500
'13NF3',7103,61209,175300
'13NF3',7103,61209,182100
'13NF3',7103,61209,184800
'13NF3',7103,61209,191600
'13NF3',7103,61209,194400
'13NF3',7103,61209,201200
'13NF3',7103,61209,204000
'13NF3',7103,61209,210700
'13NF3',7103,61209,213500
'13NF3',7103,61209,220300
'13NF3',7103,61209,223100
'13NF3',7103,61210,54300
'13NF3',7103,61210,61100
'13NF3',7103,61210,63900
'13NF3',7103,61210,70700
'13NF3',7103,61210,73500
'13NF3',7103,61210,80300
'13NF3',7103,61210,83100
'13NF3',7103,61210,85900
'13NF3',7103,61210,92800
'13NF3',7103,61210,95600
'13NF3',7103,61210,102400
'13NF3',7103,61210,105200
'13NF3',7103,61210,112000
'13NF3',7103,61210,114800
'13NF3',7103,61210,121600
'13NF3',7103,61210,124400
'13NF3',7103,61210,131200
'13NF3',7103,61210,134000
'13NF3',7103,61210,140800
'13NF3',7103,61210,143700
'13NF3',7103,61210,150600
'13NF3',7103,61210,153400
'13NF3',7103,61210,160200
'13NF3',7103,61210,163000
'13NF3',7103,61210,165800
'13NF3',7103,61210,172600
'13NF3',7103,61210,175400
'13NF3',7103,61210,182200
'13NF3',7103,61210,184900
'13NF3',7103,61210,191700
'13NF3',7103,61210,194500
'13NF3',7103,61210,201300
'13NF3',7103,61210,204100
'13NF3',7103,61210,210800
'13NF3',7103,61210,213600
'13NF3',7103,61210,220400
'13NF3',7103,61210,223200
'13NF3',7103,61339,54900
'13NF3',7103,61339,61700
'13NF3',7103,61339,64500
'13NF3',7103,61339,71300
'13NF3',7103,61339,74100
'13NF3',7103,61339,80900
'13NF3',7103,61339,83700
'13NF3',7103,61339,90500
'13NF3',7103,61339,93400
'13NF3',7103,61339,100200
'13NF3',7103,61339,103000
'13NF3',7103,61339,105800
'13NF3',7103,61339,112600
'13NF3',7103,61339,115400
'13NF3',7103,61339,122200
'13NF3',7103,61339,125000
'13NF3',7103,61339,131800
'13NF3',7103,61339,134600
'13NF3',7103,61339,141400
'13NF3',7103,61339,144300
'13NF3',7103,61339,151200
'13NF3',7103,61339,154000
'13NF3',7103,61339,160800
'13NF3',7103,61339,163600
'13NF3',7103,61339,170400
'13NF3',7103,61339,173200
'13NF3',7103,61339,180000
'13NF3',7103,61339,182800
'13NF3',7103,61339,185500
'13NF3',7103,61339,192300
'13NF3',7103,61339,195100
'13NF3',7103,61339,201900
'13NF3',7103,61339,204700
'13NF3',7103,61339,211400
'13NF3',7103,61339,214200
'13NF3',7103,61339,221000
'13NF3',7103,61339,223800
'13NF3',7104,52246,50300
'13NF3',7104,52246,53100
'13NF3',7104,52246,55900
'13NF3',7104,52246,62700
'13NF3',7104,52246,65500
'13NF3',7104,52246,72300
'13NF3',7104,52246,75100
'13NF3',7104,52246,81900
'13NF3',7104,52246,84700
'13NF3',7104,52246,91500
'13NF3',7104,52246,94300
'13NF3',7104,52246,101100
'13NF3',7104,52246,103900
'13NF3',7104,52246,110700
'13NF3',7104,52246,113500
'13NF3',7104,52246,120300
'13NF3',7104,52246,123100
'13NF3',7104,52246,125900
'13NF3',7104,52246,132700
'13NF3',7104,52246,135500
'13NF3',7104,52246,142300
'13NF3',7104,52246,145100
'13NF3',7104,52246,151900
'13NF3',7104,52246,154700
'13NF3',7104,52246,161500
'13NF3',7104,52246,164300
'13NF3',7104,52246,171100
'13NF3',7104,52246,173900
'13NF3',7104,52246,180700
'13NF3',7104,52246,183500
'13NF3',7104,52246,190300
'13NF3',7104,52246,193100
'13NF3',7104,52246,195900
'13NF3',7104,52246,202700
'13NF3',7104,52246,205500
'13NF3',7104,52246,212300
'13NF3',7104,52246,215100
'13NF3',7104,52246,221900
'13NF3',7104,52321,50400
'13NF3',7104,52321,53200
'13NF3',7104,52321,60000
'13NF3',7104,52321,62800
'13NF3',7104,52321,65600
'13NF3',7104,52321,72400
'13NF3',7104,52321,75200
'13NF3',7104,52321,82000
'13NF3',7104,52321,84800
'13NF3',7104,52321,91600
'13NF3',7104,52321,94400
'13NF3',7104,52321,101200
'13NF3',7104,52321,104000
'13NF3',7104,52321,110800
'13NF3',7104,52321,113600
'13NF3',7104,52321,120400
'13NF3',7104,52321,123200
'13NF3',7104,52321,130000
'13NF3',7104,52321,132800
'13NF3',7104,52321,135600
'13NF3',7104,52321,142400
'13NF3',7104,52321,145200
'13NF3',7104,52321,152000
'13NF3',7104,52321,154800
'13NF3',7104,52321,161600
'13NF3',7104,52321,164400
'13NF3',7104,52321,171200
'13NF3',7104,52321,174000
'13NF3',7104,52321,180800
'13NF3',7104,52321,183600
'13NF3',7104,52321,190400
'13NF3',7104,52321,193200
'13NF3',7104,52321,200000
'13NF3',7104,52321,202800
'13NF3',7104,52321,205600
'13NF3',7104,52321,212400
'13NF3',7104,52321,215200
'13NF3',7104,52321,222000
'13NF3',7104,52547,50700
'13NF3',7104,52547,53500
'13NF3',7104,52547,60300
'13NF3',7104,52547,63100
'13NF3',7104,52547,65900
'13NF3',7104,52547,72700
'13NF3',7104,52547,75500
'13NF3',7104,52547,82300
'13NF3',7104,52547,85100
'13NF3',7104,52547,91900
'13NF3',7104,52547,94700
'13NF3',7104,52547,101500
'13NF3',7104,52547,104300
'13NF3',7104,52547,111100
'13NF3',7104,52547,113900
'13NF3',7104,52547,120700
'13NF3',7104,52547,123500
'13NF3',7104,52547,130300
'13NF3',7104,52547,133100
'13NF3',7104,52547,140000
'13NF3',7104,52547,142800
'13NF3',7104,52547,145600
'13NF3',7104,52547,152400
'13NF3',7104,52547,155200
'13NF3',7104,52547,162000
'13NF3',7104,52547,164800
'13NF3',7104,52547,171600
'13NF3',7104,52547,174400
'13NF3',7104,52547,181200
'13NF3',7104,52547,184000
'13NF3',7104,52547,190800
'13NF3',7104,52547,193600
'13NF3',7104,52547,200400
'13NF3',7104,52547,203200
'13NF3',7104,52547,210000
'13NF3',7104,52547,212800
'13NF3',7104,52547,215600
'13NF3',7104,52547,222400
'13NF3',7104,52624,50800
'13NF3',7104,52624,53600
'13NF3',7104,52624,60400
'13NF3',7104,52624,63200
'13NF3',7104,52624,70000
'13NF3',7104,52624,72800
'13NF3',7104,52624,75600
'13NF3',7104,52624,82400
'13NF3',7104,52624,85200
'13NF3',7104,52624,92000
'13NF3',7104,52624,94800
'13NF3',7104,52624,101600
'13NF3',7104,52624,104400
'13NF3',7104,52624,111200
'13NF3',7104,52624,114000
'13NF3',7104,52624,120800
'13NF3',7104,52624,123600
'13NF3',7104,52624,130400
'13NF3',7104,52624,133200
'13NF3',7104,52624,140100
'13NF3',7104,52624,142900
'13NF3',7104,52624,145700
'13NF3',7104,52624,152500
'13NF3',7104,52624,155300
'13NF3',7104,52624,162100
'13NF3',7104,52624,164900
'13NF3',7104,52624,171700
'13NF3',7104,52624,174500
'13NF3',7104,52624,181300
'13NF3',7104,52624,184100
'13NF3',7104,52624,190900
'13NF3',7104,52624,193700
'13NF3',7104,52624,200500
'13NF3',7104,52624,203300
'13NF3',7104,52624,210100
'13NF3',7104,52624,212900
'13NF3',7104,52624,215700
'13NF3',7104,52624,222500
'13NF3',7104,52717,50800
'13NF3',7104,52717,53600
'13NF3',7104,52717,60400
'13NF3',7104,52717,63200
'13NF3',7104,52717,70000
'13NF3',7104,52717,72800
'13NF3',7104,52717,75600
'13NF3',7104,52717,82400
'13NF3',7104,52717,85300
'13NF3',7104,52717,92100
'13NF3',7104,52717,94900
'13NF3',7104,52717,101700
'13NF3',7104,52717,104500
'13NF3',7104,52717,111300
'13NF3',7104,52717,114100
'13NF3',7104,52717,120900
'13NF3',7104,52717,123700
'13NF3',7104,52717,130500
'13NF3',7104,52717,133300
'13NF3',7104,52717,140200
'13NF3',7104,52717,143000
'13NF3',7104,52717,145800
'13NF3',7104,52717,152600
'13NF3',7104,52717,155400
'13NF3',7104,52717,162200
'13NF3',7104,52717,165000
'13NF3',7104,52717,171800
'13NF3',7104,52717,174600
'13NF3',7104,52717,181400
'13NF3',7104,52717,184200
'13NF3',7104,52717,191000
'13NF3',7104,52717,193800
'13NF3',7104,52717,200600
'13NF3',7104,52717,203300
'13NF3',7104,52717,210100
'13NF3',7104,52717,212900
'13NF3',7104,52717,215700
'13NF3',7104,52717,222500
'13NF3',7104,52817,51900
'13NF3',7104,52817,54700
'13NF3',7104,52817,61500
'13NF3',7104,52817,64300
'13NF3',7104,52817,71100
'13NF3',7104,52817,73900
'13NF3',7104,52817,80700
'13NF3',7104,52817,83500
'13NF3',7104,52817,90400
'13NF3',7104,52817,93200
'13NF3',7104,52817,100000
'13NF3',7104,52817,102800
'13NF3',7104,52817,105600
'13NF3',7104,52817,112400
'13NF3',7104,52817,115200
'13NF3',7104,52817,122000
'13NF3',7104,52817,124800
'13NF3',7104,52817,131600
'13NF3',7104,52817,134400
'13NF3',7104,52817,141300
'13NF3',7104,52817,144100
'13NF3',7104,52817,150900
'13NF3',7104,52817,153700
'13NF3',7104,52817,160500
'13NF3',7104,52817,163300
'13NF3',7104,52817,170100
'13NF3',7104,52817,172900
'13NF3',7104,52817,175700
'13NF3',7104,52817,182500
'13NF3',7104,52817,185300
'13NF3',7104,52817,192100
'13NF3',7104,52817,194900
'13NF3',7104,52817,201700
'13NF3',7104,52817,204400
'13NF3',7104,52817,211200
'13NF3',7104,52817,214000
'13NF3',7104,52817,220800
'13NF3',7104,52817,223600
'13NF3',7104,52870,51800
'13NF3',7104,52870,54600
'13NF3',7104,52870,61400
'13NF3',7104,52870,64200
'13NF3',7104,52870,71000
'13NF3',7104,52870,73800
'13NF3',7104,52870,80600
'13NF3',7104,52870,83400
'13NF3',7104,52870,90300
'13NF3',7104,52870,93100
'13NF3',7104,52870,95900
'13NF3',7104,52870,102700
'13NF3',7104,52870,105500
'13NF3',7104,52870,112300
'13NF3',7104,52870,115100
'13NF3',7104,52870,121900
'13NF3',7104,52870,124700
'13NF3',7104,52870,131500
'13NF3',7104,52870,134300
'13NF3',7104,52870,141200
'13NF3',7104,52870,144000
'13NF3',7104,52870,150800
'13NF3',7104,52870,153600
'13NF3',7104,52870,160400
'13NF3',7104,52870,163200
'13NF3',7104,52870,170000
'13NF3',7104,52870,172800
'13NF3',7104,52870,175600
'13NF3',7104,52870,182400
'13NF3',7104,52870,185200
'13NF3',7104,52870,192000
'13NF3',7104,52870,194800
'13NF3',7104,52870,201600
'13NF3',7104,52870,204300
'13NF3',7104,52870,211100
'13NF3',7104,52870,213900
'13NF3',7104,52870,220700
'13NF3',7104,52870,223500
'13NF3',7104,52886,51700
'13NF3',7104,52886,54500
'13NF3',7104,52886,61300
'13NF3',7104,52886,64100
'13NF3',7104,52886,70900
'13NF3',7104,52886,73700
'13NF3',7104,52886,80500
'13NF3',7104,52886,83300
'13NF3',7104,52886,90200
'13NF3',7104,52886,93000
'13NF3',7104,52886,95800
'13NF3',7104,52886,102600
'13NF3',7104,52886,105400
'13NF3',7104,52886,112200
'13NF3',7104,52886,115000
'13NF3',7104,52886,121800
'13NF3',7104,52886,124600
'13NF3',7104,52886,131400
'13NF3',7104,52886,134200
'13NF3',7104,52886,141100
'13NF3',7104,52886,143900
'13NF3',7104,52886,150700
'13NF3',7104,52886,153500
'13NF3',7104,52886,160300
'13NF3',7104,52886,163100
'13NF3',7104,52886,165900
'13NF3',7104,52886,172700
'13NF3',7104,52886,175500
'13NF3',7104,52886,182300
'13NF3',7104,52886,185100
'13NF3',7104,52886,191900
'13NF3',7104,52886,194700
'13NF3',7104,52886,201500
'13NF3',7104,52886,204200
'13NF3',7104,52886,211000
'13NF3',7104,52886,213800
'13NF3',7104,52886,220600
'13NF3',7104,52886,223400
'13NF3',7104,52890,51700
'13NF3',7104,52890,54500
'13NF3',7104,52890,61300
'13NF3',7104,52890,64100
'13NF3',7104,52890,70900
'13NF3',7104,52890,73700
'13NF3',7104,52890,80500
'13NF3',7104,52890,83300
'13NF3',7104,52890,90200
'13NF3',7104,52890,93000
'13NF3',7104,52890,95800
'13NF3',7104,52890,102600
'13NF3',7104,52890,105400
'13NF3',7104,52890,112200
'13NF3',7104,52890,115000
'13NF3',7104,52890,121800
'13NF3',7104,52890,124600
'13NF3',7104,52890,131400
'13NF3',7104,52890,134200
'13NF3',7104,52890,141100
'13NF3',7104,52890,143900
'13NF3',7104,52890,150700
'13NF3',7104,52890,153500
'13NF3',7104,52890,160300
'13NF3',7104,52890,163100
'13NF3',7104,52890,165900
'13NF3',7104,52890,172700
'13NF3',7104,52890,175500
'13NF3',7104,52890,182300
'13NF3',7104,52890,185100
'13NF3',7104,52890,191900
'13NF3',7104,52890,194700
'13NF3',7104,52890,201500
'13NF3',7104,52890,204200
'13NF3',7104,52890,211000
'13NF3',7104,52890,213800
'13NF3',7104,52890,220600
'13NF3',7104,52890,223400
'13NF3',7104,52894,51100
'13NF3',7104,52894,53900
'13NF3',7104,52894,60700
'13NF3',7104,52894,63500
'13NF3',7104,52894,70300
'13NF3',7104,52894,73100
'13NF3',7104,52894,75900
'13NF3',7104,52894,82700
'13NF3',7104,52894,85600
'13NF3',7104,52894,92400
'13NF3',7104,52894,95200
'13NF3',7104,52894,102000
'13NF3',7104,52894,104800
'13NF3',7104,52894,111600
'13NF3',7104,52894,114400
'13NF3',7104,52894,121200
'13NF3',7104,52894,124000
'13NF3',7104,52894,130800
'13NF3',7104,52894,133600
'13NF3',7104,52894,140500
'13NF3',7104,52894,143300
'13NF3',7104,52894,150100
'13NF3',7104,52894,152900
'13NF3',7104,52894,155700
'13NF3',7104,52894,162500
'13NF3',7104,52894,165300
'13NF3',7104,52894,172100
'13NF3',7104,52894,174900
'13NF3',7104,52894,181700
'13NF3',7104,52894,184500
'13NF3',7104,52894,191300
'13NF3',7104,52894,194100
'13NF3',7104,52894,200900
'13NF3',7104,52894,203600
'13NF3',7104,52894,210400
'13NF3',7104,52894,213200
'13NF3',7104,52894,220000
'13NF3',7104,52894,222800
'13NF3',7104,52902,51200
'13NF3',7104,52902,54000
'13NF3',7104,52902,60800
'13NF3',7104,52902,63600
'13NF3',7104,52902,70400
'13NF3',7104,52902,73200
'13NF3',7104,52902,80000
'13NF3',7104,52902,82800
'13NF3',7104,52902,85700
'13NF3',7104,52902,92500
'13NF3',7104,52902,95300
'13NF3',7104,52902,102100
'13NF3',7104,52902,104900
'13NF3',7104,52902,111700
'13NF3',7104,52902,114500
'13NF3',7104,52902,121300
'13NF3',7104,52902,124100
'13NF3',7104,52902,130900
'13NF3',7104,52902,133700
'13NF3',7104,52902,140600
'13NF3',7104,52902,143400
'13NF3',7104,52902,150200
'13NF3',7104,52902,153000
'13NF3',7104,52902,155800
'13NF3',7104,52902,162600
'13NF3',7104,52902,165400
'13NF3',7104,52902,172200
'13NF3',7104,52902,175000
'13NF3',7104,52902,181800
'13NF3',7104,52902,184600
'13NF3',7104,52902,191400
'13NF3',7104,52902,194200
'13NF3',7104,52902,201000
'13NF3',7104,52902,203700
'13NF3',7104,52902,210500
'13NF3',7104,52902,213300
'13NF3',7104,52902,220100
'13NF3',7104,52902,222900
'13NF3',7104,52978,51200
'13NF3',7104,52978,54000
'13NF3',7104,52978,60800
'13NF3',7104,52978,63600
'13NF3',7104,52978,70400
'13NF3',7104,52978,73200
'13NF3',7104,52978,80000
'13NF3',7104,52978,82800
'13NF3',7104,52978,85700
'13NF3',7104,52978,92500
'13NF3',7104,52978,95300
'13NF3',7104,52978,102100
'13NF3',7104,52978,104900
'13NF3',7104,52978,111700
'13NF3',7104,52978,114500
'13NF3',7104,52978,121300
'13NF3',7104,52978,124100
'13NF3',7104,52978,130900
'13NF3',7104,52978,133700
'13NF3',7104,52978,140600
'13NF3',7104,52978,143400
'13NF3',7104,52978,150200
'13NF3',7104,52978,153000
'13NF3',7104,52978,155800
'13NF3',7104,52978,162600
'13NF3',7104,52978,165400
'13NF3',7104,52978,172200
'13NF3',7104,52978,175000
'13NF3',7104,52978,181800
'13NF3',7104,52978,184600
'13NF3',7104,52978,191400
'13NF3',7104,52978,194200
'13NF3',7104,52978,201000
'13NF3',7104,52978,203700
'13NF3',7104,52978,210500
'13NF3',7104,52978,213300
'13NF3',7104,52978,220100
'13NF3',7104,52978,222900
'13NF3',7104,52979,51600
'13NF3',7104,52979,54400
'13NF3',7104,52979,61200
'13NF3',7104,52979,64000
'13NF3',7104,52979,70800
'13NF3',7104,52979,73600
'13NF3',7104,52979,80400
'13NF3',7104,52979,83200
'13NF3',7104,52979,90100
'13NF3',7104,52979,92900
'13NF3',7104,52979,95700
'13NF3',7104,52979,102500
'13NF3',7104,52979,105300
'13NF3',7104,52979,112100
'13NF3',7104,52979,114900
'13NF3',7104,52979,121700
'13NF3',7104,52979,124500
'13NF3',7104,52979,131300
'13NF3',7104,52979,134100
'13NF3',7104,52979,141000
'13NF3',7104,52979,143800
'13NF3',7104,52979,150600
'13NF3',7104,52979,153400
'13NF3',7104,52979,160200
'13NF3',7104,52979,163000
'13NF3',7104,52979,165800
'13NF3',7104,52979,172600
'13NF3',7104,52979,175400
'13NF3',7104,52979,182200
'13NF3',7104,52979,185000
'13NF3',7104,52979,191800
'13NF3',7104,52979,194600
'13NF3',7104,52979,201400
'13NF3',7104,52979,204100
'13NF3',7104,52979,210900
'13NF3',7104,52979,213700
'13NF3',7104,52979,220500
'13NF3',7104,52979,223300
'13NF3',7104,53030,51300
'13NF3',7104,53030,54100
'13NF3',7104,53030,60900
'13NF3',7104,53030,63700
'13NF3',7104,53030,70500
'13NF3',7104,53030,73300
'13NF3',7104,53030,80100
'13NF3',7104,53030,82900
'13NF3',7104,53030,85800
'13NF3',7104,53030,92600
'13NF3',7104,53030,95400
'13NF3',7104,53030,102200
'13NF3',7104,53030,105000
'13NF3',7104,53030,111800
'13NF3',7104,53030,114600
'13NF3',7104,53030,121400
'13NF3',7104,53030,124200
'13NF3',7104,53030,131000
'13NF3',7104,53030,133800
'13NF3',7104,53030,140700
'13NF3',7104,53030,143500
'13NF3',7104,53030,150300
'13NF3',7104,53030,153100
'13NF3',7104,53030,155900
'13NF3',7104,53030,162700
'13NF3',7104,53030,165500
'13NF3',7104,53030,172300
'13NF3',7104,53030,175100
'13NF3',7104,53030,181900
'13NF3',7104,53030,184700
'13NF3',7104,53030,191500
'13NF3',7104,53030,194300
'13NF3',7104,53030,201100
'13NF3',7104,53030,203800
'13NF3',7104,53030,210600
'13NF3',7104,53030,213400
'13NF3',7104,53030,220200
'13NF3',7104,53030,223000
'13NF3',7104,53048,51600
'13NF3',7104,53048,54400
'13NF3',7104,53048,61200
'13NF3',7104,53048,64000
'13NF3',7104,53048,70800
'13NF3',7104,53048,73600
'13NF3',7104,53048,80400
'13NF3',7104,53048,83200
'13NF3',7104,53048,90100
'13NF3',7104,53048,92900
'13NF3',7104,53048,95700
'13NF3',7104,53048,102500
'13NF3',7104,53048,105300
'13NF3',7104,53048,112100
'13NF3',7104,53048,114900
'13NF3',7104,53048,121700
'13NF3',7104,53048,124500
'13NF3',7104,53048,131300
'13NF3',7104,53048,134100
'13NF3',7104,53048,141000
'13NF3',7104,53048,143800
'13NF3',7104,53048,150600
'13NF3',7104,53048,153400
'13NF3',7104,53048,160200
'13NF3',7104,53048,163000
'13NF3',7104,53048,165800
'13NF3',7104,53048,172600
'13NF3',7104,53048,175400
'13NF3',7104,53048,182200
'13NF3',7104,53048,185000
'13NF3',7104,53048,191800
'13NF3',7104,53048,194600
'13NF3',7104,53048,201400
'13NF3',7104,53048,204100
'13NF3',7104,53048,210900
'13NF3',7104,53048,213700
'13NF3',7104,53048,220500
'13NF3',7104,53048,223300
'13NF3',7104,53676,51000
'13NF3',7104,53676,53800
'13NF3',7104,53676,60600
'13NF3',7104,53676,63400
'13NF3',7104,53676,70200
'13NF3',7104,53676,73000
'13NF3',7104,53676,75800
'13NF3',7104,53676,82600
'13NF3',7104,53676,85400
'13NF3',7104,53676,92200
'13NF3',7104,53676,95000
'13NF3',7104,53676,101800
'13NF3',7104,53676,104600
'13NF3',7104,53676,111400
'13NF3',7104,53676,114200
'13NF3',7104,53676,121000
'13NF3',7104,53676,123800
'13NF3',7104,53676,130600
'13NF3',7104,53676,133400
'13NF3',7104,53676,140300
'13NF3',7104,53676,143100
'13NF3',7104,53676,145900
'13NF3',7104,53676,152700
'13NF3',7104,53676,155500
'13NF3',7104,53676,162300
'13NF3',7104,53676,165100
'13NF3',7104,53676,171900
'13NF3',7104,53676,174700
'13NF3',7104,53676,181500
'13NF3',7104,53676,184300
'13NF3',7104,53676,191100
'13NF3',7104,53676,193900
'13NF3',7104,53676,200700
'13NF3',7104,53676,203500
'13NF3',7104,53676,210300
'13NF3',7104,53676,213100
'13NF3',7104,53676,215900
'13NF3',7104,53676,222700
'13NF3',7104,54230,51500
'13NF3',7104,54230,54300
'13NF3',7104,54230,61100
'13NF3',7104,54230,63900
'13NF3',7104,54230,70700
'13NF3',7104,54230,73500
'13NF3',7104,54230,80300
'13NF3',7104,54230,83100
'13NF3',7104,54230,90000
'13NF3',7104,54230,92800
'13NF3',7104,54230,95600
'13NF3',7104,54230,102400
'13NF3',7104,54230,105200
'13NF3',7104,54230,112000
'13NF3',7104,54230,114800
'13NF3',7104,54230,121600
'13NF3',7104,54230,124400
'13NF3',7104,54230,131200
'13NF3',7104,54230,134000
'13NF3',7104,54230,140900
'13NF3',7104,54230,143700
'13NF3',7104,54230,150500
'13NF3',7104,54230,153300
'13NF3',7104,54230,160100
'13NF3',7104,54230,162900
'13NF3',7104,54230,165700
'13NF3',7104,54230,172500
'13NF3',7104,54230,175300
'13NF3',7104,54230,182100
'13NF3',7104,54230,184900
'13NF3',7104,54230,191700
'13NF3',7104,54230,194500
'13NF3',7104,54230,201300
'13NF3',7104,54230,204000
'13NF3',7104,54230,210800
'13NF3',7104,54230,213600
'13NF3',7104,54230,220400
'13NF3',7104,54230,223200
'13NF3',7104,54234,51400
'13NF3',7104,54234,54200
'13NF3',7104,54234,61000
'13NF3',7104,54234,63800
'13NF3',7104,54234,70600
'13NF3',7104,54234,73400
'13NF3',7104,54234,80200
'13NF3',7104,54234,83000
'13NF3',7104,54234,85900
'13NF3',7104,54234,92700
'13NF3',7104,54234,95500
'13NF3',7104,54234,102300
'13NF3',7104,54234,105100
'13NF3',7104,54234,111900
'13NF3',7104,54234,114700
'13NF3',7104,54234,121500
'13NF3',7104,54234,124300
'13NF3',7104,54234,131100
'13NF3',7104,54234,133900
'13NF3',7104,54234,140800
'13NF3',7104,54234,143600
'13NF3',7104,54234,150400
'13NF3',7104,54234,153200
'13NF3',7104,54234,160000
'13NF3',7104,54234,162800
'13NF3',7104,54234,165600
'13NF3',7104,54234,172400
'13NF3',7104,54234,175200
'13NF3',7104,54234,182000
'13NF3',7104,54234,184800
'13NF3',7104,54234,191600
'13NF3',7104,54234,194400
'13NF3',7104,54234,201200
'13NF3',7104,54234,203900
'13NF3',7104,54234,210700
'13NF3',7104,54234,213500
'13NF3',7104,54234,220300
'13NF3',7104,54234,223100
'13NF3',7104,54235,51500
'13NF3',7104,54235,54300
'13NF3',7104,54235,61100
'13NF3',7104,54235,63900
'13NF3',7104,54235,70700
'13NF3',7104,54235,73500
'13NF3',7104,54235,80300
'13NF3',7104,54235,83100
'13NF3',7104,54235,90000
'13NF3',7104,54235,92800
'13NF3',7104,54235,95600
'13NF3',7104,54235,102400
'13NF3',7104,54235,105200
'13NF3',7104,54235,112000
'13NF3',7104,54235,114800
'13NF3',7104,54235,121600
'13NF3',7104,54235,124400
'13NF3',7104,54235,131200
'13NF3',7104,54235,134000
'13NF3',7104,54235,140900
'13NF3',7104,54235,143700
'13NF3',7104,54235,150500
'13NF3',7104,54235,153300
'13NF3',7104,54235,160100
'13NF3',7104,54235,162900
'13NF3',7104,54235,165700
'13NF3',7104,54235,172500
'13NF3',7104,54235,175300
'13NF3',7104,54235,182100
'13NF3',7104,54235,184900
'13NF3',7104,54235,191700
'13NF3',7104,54235,194500
'13NF3',7104,54235,201300
'13NF3',7104,54235,204000
'13NF3',7104,54235,210800
'13NF3',7104,54235,213600
'13NF3',7104,54235,220400
'13NF3',7104,54235,223200
'13NF3',7104,56643,52000
'13NF3',7104,56643,54800
'13NF3',7104,56643,61600
'13NF3',7104,56643,64400
'13NF3',7104,56643,71200
'13NF3',7104,56643,74000
'13NF3',7104,56643,80800
'13NF3',7104,56643,83600
'13NF3',7104,56643,90500
'13NF3',7104,56643,93300
'13NF3',7104,56643,100100
'13NF3',7104,56643,102900
'13NF3',7104,56643,105700
'13NF3',7104,56643,112500
'13NF3',7104,56643,115300
'13NF3',7104,56643,122100
'13NF3',7104,56643,124900
'13NF3',7104,56643,131700
'13NF3',7104,56643,134500
'13NF3',7104,56643,141400
'13NF3',7104,56643,144200
'13NF3',7104,56643,151000
'13NF3',7104,56643,153800
'13NF3',7104,56643,160600
'13NF3',7104,56643,163400
'13NF3',7104,56643,170200
'13NF3',7104,56643,173000
'13NF3',7104,56643,175800
'13NF3',7104,56643,182600
'13NF3',7104,56643,185400
'13NF3',7104,56643,192200
'13NF3',7104,56643,195000
'13NF3',7104,56643,201800
'13NF3',7104,56643,204500
'13NF3',7104,56643,211300
'13NF3',7104,56643,214100
'13NF3',7104,56643,220900
'13NF3',7104,56643,223700
'13NF3',7104,61203,50400
'13NF3',7104,61203,53200
'13NF3',7104,61203,60000
'13NF3',7104,61203,62800
'13NF3',7104,61203,65600
'13NF3',7104,61203,72400
'13NF3',7104,61203,75200
'13NF3',7104,61203,82000
'13NF3',7104,61203,84800
'13NF3',7104,61203,91600
'13NF3',7104,61203,94400
'13NF3',7104,61203,101200
'13NF3',7104,61203,104000
'13NF3',7104,61203,110800
'13NF3',7104,61203,113600
'13NF3',7104,61203,120400
'13NF3',7104,61203,123200
'13NF3',7104,61203,130000
'13NF3',7104,61203,132800
'13NF3',7104,61203,135700
'13NF3',7104,61203,142500
'13NF3',7104,61203,145300
'13NF3',7104,61203,152100
'13NF3',7104,61203,154900
'13NF3',7104,61203,161700
'13NF3',7104,61203,164500
'13NF3',7104,61203,171300
'13NF3',7104,61203,174100
'13NF3',7104,61203,180900
'13NF3',7104,61203,183700
'13NF3',7104,61203,190500
'13NF3',7104,61203,193300
'13NF3',7104,61203,200100
'13NF3',7104,61203,202900
'13NF3',7104,61203,205700
'13NF3',7104,61203,212500
'13NF3',7104,61203,215300
'13NF3',7104,61203,222100
'13NF3',7104,61204,50500
'13NF3',7104,61204,53300
'13NF3',7104,61204,60100
'13NF3',7104,61204,62900
'13NF3',7104,61204,65700
'13NF3',7104,61204,72500
'13NF3',7104,61204,75300
'13NF3',7104,61204,82100
'13NF3',7104,61204,84900
'13NF3',7104,61204,91700
'13NF3',7104,61204,94500
'13NF3',7104,61204,101300
'13NF3',7104,61204,104100
'13NF3',7104,61204,110900
'13NF3',7104,61204,113700
'13NF3',7104,61204,120500
'13NF3',7104,61204,123300
'13NF3',7104,61204,130100
'13NF3',7104,61204,132900
'13NF3',7104,61204,135700
'13NF3',7104,61204,142500
'13NF3',7104,61204,145300
'13NF3',7104,61204,152100
'13NF3',7104,61204,154900
'13NF3',7104,61204,161700
'13NF3',7104,61204,164500
'13NF3',7104,61204,171300
'13NF3',7104,61204,174100
'13NF3',7104,61204,180900
'13NF3',7104,61204,183700
'13NF3',7104,61204,190500
'13NF3',7104,61204,193300
'13NF3',7104,61204,200100
'13NF3',7104,61204,202900
'13NF3',7104,61204,205700
'13NF3',7104,61204,212500
'13NF3',7104,61204,215300
'13NF3',7104,61204,222100
'13NF3',7104,61207,52100
'13NF3',7104,61207,54900
'13NF3',7104,61207,61700
'13NF3',7104,61207,64500
'13NF3',7104,61207,71300
'13NF3',7104,61207,74100
'13NF3',7104,61207,80900
'13NF3',7104,61207,83700
'13NF3',7104,61207,90600
'13NF3',7104,61207,93400
'13NF3',7104,61207,100200
'13NF3',7104,61207,103000
'13NF3',7104,61207,105800
'13NF3',7104,61207,112600
'13NF3',7104,61207,115400
'13NF3',7104,61207,122200
'13NF3',7104,61207,125000
'13NF3',7104,61207,131800
'13NF3',7104,61207,134600
'13NF3',7104,61207,141500
'13NF3',7104,61207,144300
'13NF3',7104,61207,151100
'13NF3',7104,61207,153900
'13NF3',7104,61207,160700
'13NF3',7104,61207,163500
'13NF3',7104,61207,170300
'13NF3',7104,61207,173100
'13NF3',7104,61207,175900
'13NF3',7104,61207,182700
'13NF3',7104,61207,185500
'13NF3',7104,61207,192300
'13NF3',7104,61207,195100
'13NF3',7104,61207,201900
'13NF3',7104,61207,204600
'13NF3',7104,61207,211400
'13NF3',7104,61207,214200
'13NF3',7104,61207,221000
'13NF3',7104,61207,223800
'13NF3',7104,61337,50000
'13NF3',7104,61337,52800
'13NF3',7104,61337,55600
'13NF3',7104,61337,62400
'13NF3',7104,61337,65200
'13NF3',7104,61337,72000
'13NF3',7104,61337,74800
'13NF3',7104,61337,81600
'13NF3',7104,61337,84400
'13NF3',7104,61337,91200
'13NF3',7104,61337,94000
'13NF3',7104,61337,100800
'13NF3',7104,61337,103600
'13NF3',7104,61337,110400
'13NF3',7104,61337,113200
'13NF3',7104,61337,120000
'13NF3',7104,61337,122800
'13NF3',7104,61337,125600
'13NF3',7104,61337,132400
'13NF3',7104,61337,135200
'13NF3',7104,61337,142000
'13NF3',7104,61337,144800
'13NF3',7104,61337,151600
'13NF3',7104,61337,154400
'13NF3',7104,61337,161200
'13NF3',7104,61337,164000
'13NF3',7104,61337,170800
'13NF3',7104,61337,173600
'13NF3',7104,61337,180400
'13NF3',7104,61337,183200
'13NF3',7104,61337,190000
'13NF3',7104,61337,192800
'13NF3',7104,61337,195600
'13NF3',7104,61337,202400
'13NF3',7104,61337,205200
'13NF3',7104,61337,212000
'13NF3',7104,61337,214800
'13NF3',7104,61337,221600
