'16NA',21502,57564,64045
'16NA',21502,57564,65545
'16NA',21502,57564,71345
'16NA',21502,57564,73445
'16NA',21502,57564,75722
'16NA',21502,57564,81922
'16NA',21502,57564,84022
'16NA',21502,57564,90122
'16NA',21502,57564,92222
'16NA',21502,57564,94322
'16NA',21502,57564,101422
'16NA',21502,57564,104622
'16NA',21502,57564,111922
'16NA',21502,57564,115122
'16NA',21502,57564,122222
'16NA',21502,57564,125022
'16NA',21502,57564,131822
'16NA',21502,57564,134622
'16NA',21502,57564,141422
'16NA',21502,57564,144222
'16NA',21502,57564,151022
'16NA',21502,57564,153922
'16NA',21502,57564,160822
'16NA',21502,57564,163722
'16NA',21502,57564,170622
'16NA',21502,57564,173022
'16NA',21502,57564,175222
'16NA',21502,57564,181422
'16NA',21502,57564,183622
'16NA',21502,57564,190645
'16NA',21502,57564,193845
'16NA',21502,57564,200945
'16NA',21502,57564,203945
'16NA',21502,57564,210945
'16NA',21502,57564,213945
'16NA',21502,57564,220945
'16NA',21502,57564,223945
'16NA',21502,57564,230845
'16NA',21502,57564,233845
'16NA',21502,57564,240545
'16NA',21502,57564,243545
'16NA',21502,57564,250145
'16NF1',21502,57564,63945
'16NF1',21502,57564,70945
'16NF1',21502,57564,73945
'16NF1',21502,57564,81045
'16NF1',21502,57564,84045
'16NF1',21502,57564,91045
'16NF1',21502,57564,94045
'16NF1',21502,57564,101145
'16NF1',21502,57564,104245
'16NF1',21502,57564,111345
'16NF1',21502,57564,114445
'16NF1',21502,57564,121445
'16NF1',21502,57564,124445
'16NF1',21502,57564,131445
'16NF1',21502,57564,134345
'16NF1',21502,57564,141245
'16NF1',21502,57564,144145
'16NF1',21502,57564,151145
'16NF1',21502,57564,154145
'16NF1',21502,57564,161145
'16NF1',21502,57564,164045
'16NF1',21502,57564,170945
'16NF1',21502,57564,174045
'16NF1',21502,57564,181145
'16NF1',21502,57564,184245
'16NF1',21502,57564,191245
'16NF1',21502,57564,194145
'16NF1',21502,57564,201045
'16NF1',21502,57564,204045
'16NF1',21502,57564,210945
'16NF1',21502,57564,213945
'16NF1',21502,57564,220945
'16NF1',21502,57564,223945
'16NF1',21502,57564,230745
'16NF1',21502,57564,233745
'16NF1',21502,57564,240745
'16NF1',21502,57564,243745
'16NF1',21502,57564,250245
'16NF2',21502,57564,63545
'16NF2',21502,57564,65345
'16NF2',21502,57564,71345
'16NF2',21502,57564,73445
'16NF2',21502,57564,75722
'16NF2',21502,57564,81922
'16NF2',21502,57564,84022
'16NF2',21502,57564,90122
'16NF2',21502,57564,92222
'16NF2',21502,57564,94322
'16NF2',21502,57564,101422
'16NF2',21502,57564,104622
'16NF2',21502,57564,111922
'16NF2',21502,57564,115122
'16NF2',21502,57564,122222
'16NF2',21502,57564,125022
'16NF2',21502,57564,131822
'16NF2',21502,57564,134622
'16NF2',21502,57564,141422
'16NF2',21502,57564,144222
'16NF2',21502,57564,151022
'16NF2',21502,57564,153922
'16NF2',21502,57564,160822
'16NF2',21502,57564,163722
'16NF2',21502,57564,170622
'16NF2',21502,57564,173022
'16NF2',21502,57564,175222
'16NF2',21502,57564,181422
'16NF2',21502,57564,183622
'16NF2',21502,57564,190645
'16NF2',21502,57564,193845
'16NF2',21502,57564,200945
'16NF2',21502,57564,203945
'16NF2',21502,57564,210945
'16NF2',21502,57564,213945
'16NF2',21502,57564,220945
'16NF2',21502,57564,223945
'16NF2',21502,57564,230845
'16NF2',21502,57564,233845
'16NF2',21502,57564,240545
'16NF2',21502,57564,243545
'16NF2',21502,57564,250245
'16NF3',21502,57564,63945
'16NF3',21502,57564,70945
'16NF3',21502,57564,73945
'16NF3',21502,57564,81045
'16NF3',21502,57564,84045
'16NF3',21502,57564,91045
'16NF3',21502,57564,94045
'16NF3',21502,57564,101145
'16NF3',21502,57564,104245
'16NF3',21502,57564,111345
'16NF3',21502,57564,114445
'16NF3',21502,57564,121445
'16NF3',21502,57564,124445
'16NF3',21502,57564,131445
'16NF3',21502,57564,134345
'16NF3',21502,57564,141245
'16NF3',21502,57564,144145
'16NF3',21502,57564,151145
'16NF3',21502,57564,154145
'16NF3',21502,57564,161145
'16NF3',21502,57564,164045
'16NF3',21502,57564,170945
'16NF3',21502,57564,174045
'16NF3',21502,57564,181145
'16NF3',21502,57564,184245
'16NF3',21502,57564,191245
'16NF3',21502,57564,194145
'16NF3',21502,57564,201045
'16NF3',21502,57564,204045
'16NF3',21502,57564,210945
'16NF3',21502,57564,213945
'16NF3',21502,57564,220945
'16NF3',21502,57564,223945
'16NF3',21502,57564,230745
'16NF3',21502,57564,233745
'16NF3',21502,57564,240745
'16NF3',21502,57564,243745
'16NF3',21502,57564,250245
'16NF4',21502,57564,63545
'16NF4',21502,57564,65345
'16NF4',21502,57564,71345
'16NF4',21502,57564,73445
'16NF4',21502,57564,75722
'16NF4',21502,57564,81922
'16NF4',21502,57564,84022
'16NF4',21502,57564,90122
'16NF4',21502,57564,92222
'16NF4',21502,57564,94322
'16NF4',21502,57564,101422
'16NF4',21502,57564,104622
'16NF4',21502,57564,111922
'16NF4',21502,57564,115122
'16NF4',21502,57564,122222
'16NF4',21502,57564,125022
'16NF4',21502,57564,131822
'16NF4',21502,57564,134622
'16NF4',21502,57564,141422
'16NF4',21502,57564,144222
'16NF4',21502,57564,151022
'16NF4',21502,57564,153922
'16NF4',21502,57564,160822
'16NF4',21502,57564,163722
'16NF4',21502,57564,170622
'16NF4',21502,57564,173022
'16NF4',21502,57564,175222
'16NF4',21502,57564,181422
'16NF4',21502,57564,183622
'16NF4',21502,57564,190645
'16NF4',21502,57564,193845
'16NF4',21502,57564,200945
'16NF4',21502,57564,203945
'16NF4',21502,57564,210945
'16NF4',21502,57564,213945
'16NF4',21502,57564,220945
'16NF4',21502,57564,223945
'16NF4',21502,57564,230845
'16NF4',21502,57564,233845
'16NF4',21502,57564,240545
'16NF4',21502,57564,243545
'16NF4',21502,57564,250245
'16NI',21502,57564,63945
'16NI',21502,57564,70945
'16NI',21502,57564,73945
'16NI',21502,57564,81045
'16NI',21502,57564,84045
'16NI',21502,57564,91045
'16NI',21502,57564,94045
'16NI',21502,57564,101145
'16NI',21502,57564,104245
'16NI',21502,57564,111345
'16NI',21502,57564,114445
'16NI',21502,57564,121445
'16NI',21502,57564,124445
'16NI',21502,57564,131445
'16NI',21502,57564,134345
'16NI',21502,57564,141245
'16NI',21502,57564,144145
'16NI',21502,57564,151145
'16NI',21502,57564,154145
'16NI',21502,57564,161145
'16NI',21502,57564,164045
'16NI',21502,57564,170945
'16NI',21502,57564,174045
'16NI',21502,57564,181145
'16NI',21502,57564,184245
'16NI',21502,57564,191245
'16NI',21502,57564,194145
'16NI',21502,57564,201045
'16NI',21502,57564,204045
'16NI',21502,57564,210945
'16NI',21502,57564,213945
'16NI',21502,57564,220945
'16NI',21502,57564,223945
'16NI',21502,57564,230745
'16NI',21502,57564,233745
'16NI',21502,57564,240745
'16NI',21502,57564,243745
'16NI',21502,57564,250245
'16NS',21502,57564,61722
'16NS',21502,57564,63622
'16NS',21502,57564,65122
'16NS',21502,57564,71122
'16NS',21502,57564,72000
'16NS',21502,57564,73300
'16NS',21502,57564,74300
'16NS',21502,57564,80100
'16NS',21502,57564,82100
'16NS',21502,57564,83800
'16NS',21502,57564,85322
'16NS',21502,57564,90822
'16NS',21502,57564,93022
'16NS',21502,57564,100022
'16NS',21502,57564,103022
'16NS',21502,57564,105922
'16NS',21502,57564,112922
'16NS',21502,57564,115722
'16NS',21502,57564,122722
'16NS',21502,57564,125322
'16NS',21502,57564,131722
'16NS',21502,57564,133722
'16NS',21502,57564,135722
'16NS',21502,57564,141722
'16NS',21502,57564,143522
'16NS',21502,57564,145322
'16NS',21502,57564,151122
'16NS',21502,57564,154037
'16NS',21502,57564,160837
'16NS',21502,57564,163737
'16NS',21502,57564,170637
'16NS',21502,57564,173600
'16NS',21502,57564,180622
'16NS',21502,57564,183545
'16NS',21502,57564,190545
'16NS',21502,57564,193445
'16NS',21502,57564,200345
'16NS',21502,57564,202645
'16NS',21502,57564,205145
'16NS',21502,57564,212145
'16NS',21502,57564,215145
'16NS',21502,57564,222345
'16NS',21502,57564,225445
'16NS',21502,57564,232345
'16NS',21502,57564,235345
'16NS',21502,57564,242145
'16NS',21502,57564,250345
