'15NA',8501,53320,55234
'15NA',8501,53320,63534
'15NA',8501,53320,71834
'15NA',8501,53320,80234
'15NA',8501,53320,84534
'15NA',8501,53320,92934
'15NA',8501,53320,101234
'15NA',8501,53320,104838
'15NA',8501,53320,112138
'15NA',8501,53320,115438
'15NA',8501,53320,122738
'15NA',8501,53320,130038
'15NA',8501,53320,133338
'15NA',8501,53320,140538
'15NA',8501,53320,143738
'15NA',8501,53320,151038
'15NA',8501,53320,154238
'15NA',8501,53320,161538
'15NA',8501,53320,164838
'15NA',8501,53320,172038
'15NA',8501,53320,175238
'15NA',8501,53320,182538
'15NA',8501,53320,185838
'15NA',8501,53320,193238
'15NA',8501,53320,201938
'15NA',8501,53320,210529
'15NA',8501,53320,215429
'15NA',8501,53320,224329
'15NA',8501,53320,233229
'15NA',8501,53320,241929
'15NA',8501,53320,250729
'15NA',8501,53320,255529
'15NF1',8501,53320,55224
'15NF1',8501,53320,63624
'15NF1',8501,53320,72024
'15NF1',8501,53320,80324
'15NF1',8501,53320,84729
'15NF1',8501,53320,93029
'15NF1',8501,53320,101334
'15NF1',8501,53320,104838
'15NF1',8501,53320,112138
'15NF1',8501,53320,115338
'15NF1',8501,53320,122538
'15NF1',8501,53320,125738
'15NF1',8501,53320,132938
'15NF1',8501,53320,140138
'15NF1',8501,53320,143438
'15NF1',8501,53320,150638
'15NF1',8501,53320,153838
'15NF1',8501,53320,161038
'15NF1',8501,53320,164338
'15NF1',8501,53320,171638
'15NF1',8501,53320,174838
'15NF1',8501,53320,182038
'15NF1',8501,53320,185234
'15NF1',8501,53320,192834
'15NF1',8501,53320,201234
'15NF1',8501,53320,205434
'15NF1',8501,53320,213934
'15NF1',8501,53320,222434
'15NF1',8501,53320,230934
'15NF1',8501,53320,235434
'15NF1',8501,53320,243934
'15NF1',8501,53320,252434
'15NF2',8501,53320,55234
'15NF2',8501,53320,63534
'15NF2',8501,53320,71834
'15NF2',8501,53320,80234
'15NF2',8501,53320,84534
'15NF2',8501,53320,92934
'15NF2',8501,53320,101234
'15NF2',8501,53320,104838
'15NF2',8501,53320,112138
'15NF2',8501,53320,115438
'15NF2',8501,53320,122738
'15NF2',8501,53320,130038
'15NF2',8501,53320,133338
'15NF2',8501,53320,140538
'15NF2',8501,53320,143738
'15NF2',8501,53320,151038
'15NF2',8501,53320,154238
'15NF2',8501,53320,161538
'15NF2',8501,53320,164838
'15NF2',8501,53320,172038
'15NF2',8501,53320,175238
'15NF2',8501,53320,182538
'15NF2',8501,53320,185838
'15NF2',8501,53320,193238
'15NF2',8501,53320,201938
'15NF2',8501,53320,210529
'15NF2',8501,53320,215429
'15NF2',8501,53320,224329
'15NF2',8501,53320,233229
'15NF2',8501,53320,241929
'15NF2',8501,53320,250729
'15NF2',8501,53320,255529
'15NF3',8501,53320,55224
'15NF3',8501,53320,63624
'15NF3',8501,53320,72024
'15NF3',8501,53320,80324
'15NF3',8501,53320,84729
'15NF3',8501,53320,93029
'15NF3',8501,53320,101334
'15NF3',8501,53320,104838
'15NF3',8501,53320,112138
'15NF3',8501,53320,115338
'15NF3',8501,53320,122538
'15NF3',8501,53320,125738
'15NF3',8501,53320,132938
'15NF3',8501,53320,140138
'15NF3',8501,53320,143438
'15NF3',8501,53320,150638
'15NF3',8501,53320,153838
'15NF3',8501,53320,161038
'15NF3',8501,53320,164338
'15NF3',8501,53320,171638
'15NF3',8501,53320,174838
'15NF3',8501,53320,182038
'15NF3',8501,53320,185234
'15NF3',8501,53320,192834
'15NF3',8501,53320,201234
'15NF3',8501,53320,205434
'15NF3',8501,53320,213934
'15NF3',8501,53320,222434
'15NF3',8501,53320,230934
'15NF3',8501,53320,235434
'15NF3',8501,53320,243934
'15NF3',8501,53320,252434
'15NF4',8501,53320,55234
'15NF4',8501,53320,63534
'15NF4',8501,53320,71834
'15NF4',8501,53320,80234
'15NF4',8501,53320,84534
'15NF4',8501,53320,92934
'15NF4',8501,53320,101234
'15NF4',8501,53320,104838
'15NF4',8501,53320,112138
'15NF4',8501,53320,115438
'15NF4',8501,53320,122738
'15NF4',8501,53320,130038
'15NF4',8501,53320,133338
'15NF4',8501,53320,140538
'15NF4',8501,53320,143738
'15NF4',8501,53320,151038
'15NF4',8501,53320,154238
'15NF4',8501,53320,161538
'15NF4',8501,53320,164838
'15NF4',8501,53320,172038
'15NF4',8501,53320,175238
'15NF4',8501,53320,182538
'15NF4',8501,53320,185838
'15NF4',8501,53320,193238
'15NF4',8501,53320,201938
'15NF4',8501,53320,210529
'15NF4',8501,53320,215429
'15NF4',8501,53320,224329
'15NF4',8501,53320,233229
'15NF4',8501,53320,241929
'15NF4',8501,53320,250729
'15NF4',8501,53320,255529
'15NI',8501,53320,55224
'15NI',8501,53320,63624
'15NI',8501,53320,72024
'15NI',8501,53320,80324
'15NI',8501,53320,84729
'15NI',8501,53320,93029
'15NI',8501,53320,101334
'15NI',8501,53320,104838
'15NI',8501,53320,112138
'15NI',8501,53320,115338
'15NI',8501,53320,122538
'15NI',8501,53320,125738
'15NI',8501,53320,132938
'15NI',8501,53320,140138
'15NI',8501,53320,143438
'15NI',8501,53320,150638
'15NI',8501,53320,153838
'15NI',8501,53320,161038
'15NI',8501,53320,164338
'15NI',8501,53320,171638
'15NI',8501,53320,174838
'15NI',8501,53320,182038
'15NI',8501,53320,185234
'15NI',8501,53320,192834
'15NI',8501,53320,201234
'15NI',8501,53320,205434
'15NI',8501,53320,213934
'15NI',8501,53320,222434
'15NI',8501,53320,230934
'15NI',8501,53320,235434
'15NI',8501,53320,243934
'15NI',8501,53320,252434
'15NS',8501,53320,51938
'15NS',8501,53320,55138
'15NS',8501,53320,62338
'15NS',8501,53320,65843
'15NS',8501,53320,72243
'15NS',8501,53320,74743
'15NS',8501,53320,82043
'15NS',8501,53320,85234
'15NS',8501,53320,92134
'15NS',8501,53320,95338
'15NS',8501,53320,102338
'15NS',8501,53320,105338
'15NS',8501,53320,112238
'15NS',8501,53320,115138
'15NS',8501,53320,122338
'15NS',8501,53320,125338
'15NS',8501,53320,132338
'15NS',8501,53320,135338
'15NS',8501,53320,142338
'15NS',8501,53320,145238
'15NS',8501,53320,152348
'15NS',8501,53320,155148
'15NS',8501,53320,161748
'15NS',8501,53320,163448
'15NS',8501,53320,165148
'15NS',8501,53320,170748
'15NS',8501,53320,172548
'15NS',8501,53320,174148
'15NS',8501,53320,180248
'15NS',8501,53320,183348
'15NS',8501,53320,190338
'15NS',8501,53320,193238
'15NS',8501,53320,201138
'15NS',8501,53320,205538
'15NS',8501,53320,214038
'15NS',8501,53320,222734
'15NS',8501,53320,231434
'15NS',8501,53320,235829
'15NS',8501,53320,244229
'15NS',8501,53320,252529
'15NA',36201,53320,264038
'15NA',36201,53320,272538
'15NA',36201,53320,281038
'15NA',36201,53320,285538
'15NF1',36201,53320,255538
'15NF1',36201,53320,264038
'15NF1',36201,53320,272538
'15NF1',36201,53320,281038
'15NF1',36201,53320,285538
'15NF2',36201,53320,264038
'15NF2',36201,53320,272538
'15NF2',36201,53320,281038
'15NF2',36201,53320,285538
'15NF3',36201,53320,255538
'15NF3',36201,53320,264038
'15NF3',36201,53320,272538
'15NF3',36201,53320,281038
'15NF3',36201,53320,285538
'15NF4',36201,53320,264038
'15NF4',36201,53320,272538
'15NF4',36201,53320,281038
'15NF4',36201,53320,285538
'15NI',36201,53320,255538
'15NI',36201,53320,264038
'15NI',36201,53320,272538
'15NI',36201,53320,281038
'15NI',36201,53320,285538
'15NS',36201,53320,255534
'15NS',36201,53320,264034
'15NS',36201,53320,272534
'15NS',36201,53320,281034
'15NS',36201,53320,285534
