'16JA',2602,61224,50150
'16JA',2602,61224,52750
'16JA',2602,61224,55450
'16JA',2602,61224,62050
'16JA',2602,61224,64750
'16JA',2602,61224,71350
'16JA',2602,61224,74050
'16JA',2602,61224,80650
'16JA',2602,61224,82450
'16JA',2602,61224,84150
'16JA',2602,61224,85950
'16JA',2602,61224,91650
'16JA',2602,61224,93450
'16JA',2602,61224,95250
'16JA',2602,61224,100950
'16JA',2602,61224,102750
'16JA',2602,61224,104550
'16JA',2602,61224,110250
'16JA',2602,61224,112050
'16JA',2602,61224,113850
'16JA',2602,61224,115650
'16JA',2602,61224,121450
'16JA',2602,61224,123350
'16JA',2602,61224,125350
'16JA',2602,61224,131250
'16JA',2602,61224,133150
'16JA',2602,61224,135150
'16JA',2602,61224,141050
'16JA',2602,61224,143050
'16JA',2602,61224,144950
'16JA',2602,61224,150950
'16JA',2602,61224,152950
'16JA',2602,61224,154950
'16JA',2602,61224,160950
'16JA',2602,61224,162850
'16JA',2602,61224,164850
'16JA',2602,61224,170750
'16JA',2602,61224,172750
'16JA',2602,61224,174750
'16JA',2602,61224,180750
'16JA',2602,61224,182950
'16JA',2602,61224,185750
'16JA',2602,61224,192550
'16JA',2602,61224,195150
'16JA',2602,61224,201750
'16JA',2602,61224,204350
'16JA',2602,61224,211050
'16JA',2602,61224,213750
'16JA',2602,61224,220450
'16JI',2602,61224,50350
'16JI',2602,61224,53150
'16JI',2602,61224,55850
'16JI',2602,61224,62650
'16JI',2602,61224,65350
'16JI',2602,61224,72150
'16JI',2602,61224,74850
'16JI',2602,61224,81650
'16JI',2602,61224,83550
'16JI',2602,61224,85350
'16JI',2602,61224,91150
'16JI',2602,61224,93050
'16JI',2602,61224,94850
'16JI',2602,61224,100650
'16JI',2602,61224,102550
'16JI',2602,61224,104350
'16JI',2602,61224,110150
'16JI',2602,61224,112050
'16JI',2602,61224,113850
'16JI',2602,61224,115650
'16JI',2602,61224,121550
'16JI',2602,61224,123350
'16JI',2602,61224,125150
'16JI',2602,61224,131050
'16JI',2602,61224,132850
'16JI',2602,61224,134650
'16JI',2602,61224,140550
'16JI',2602,61224,142350
'16JI',2602,61224,144250
'16JI',2602,61224,150150
'16JI',2602,61224,151950
'16JI',2602,61224,153850
'16JI',2602,61224,155750
'16JI',2602,61224,161550
'16JI',2602,61224,163450
'16JI',2602,61224,165350
'16JI',2602,61224,171150
'16JI',2602,61224,172950
'16JI',2602,61224,174850
'16JI',2602,61224,180750
'16JI',2602,61224,182650
'16JI',2602,61224,184550
'16JI',2602,61224,190450
'16JI',2602,61224,192450
'16JI',2602,61224,194950
'16JI',2602,61224,201650
'16JI',2602,61224,204350
'16JI',2602,61224,211050
'16JI',2602,61224,213850
'16JI',2602,61224,221050
'16JS',2602,61224,50043
'16JS',2602,61224,52743
'16JS',2602,61224,55050
'16JS',2602,61224,61150
'16JS',2602,61224,62550
'16JS',2602,61224,63950
'16JS',2602,61224,65350
'16JS',2602,61224,70550
'16JS',2602,61224,72050
'16JS',2602,61224,73450
'16JS',2602,61224,75050
'16JS',2602,61224,80550
'16JS',2602,61224,82050
'16JS',2602,61224,83850
'16JS',2602,61224,85650
'16JS',2602,61224,91550
'16JS',2602,61224,93243
'16JS',2602,61224,95043
'16JS',2602,61224,100850
'16JS',2602,61224,102650
'16JS',2602,61224,104450
'16JS',2602,61224,110250
'16JS',2602,61224,112050
'16JS',2602,61224,113850
'16JS',2602,61224,115650
'16JS',2602,61224,121550
'16JS',2602,61224,123250
'16JS',2602,61224,125050
'16JS',2602,61224,131550
'16JS',2602,61224,134050
'16JS',2602,61224,140550
'16JS',2602,61224,143050
'16JS',2602,61224,145550
'16JS',2602,61224,152550
'16JS',2602,61224,155550
'16JS',2602,61224,162550
'16JS',2602,61224,165550
'16JS',2602,61224,172550
'16JS',2602,61224,175543
'16JS',2602,61224,182543
'16JS',2602,61224,185543
'16JS',2602,61224,192543
'16JS',2602,61224,195543
'16JS',2602,61224,202343
'16JS',2602,61224,204943
'16JS',2602,61224,211543
'16JS',2602,61224,214143
'16JS',2602,61224,221043
