'15SA',3602,51872,50701
'15SA',3602,51872,55001
'15SA',3602,51872,63301
'15SA',3602,51872,71601
'15SA',3602,51872,75801
'15SA',3602,51872,84001
'15SA',3602,51872,92346
'15SA',3602,51872,100546
'15SA',3602,51872,104746
'15SA',3602,51872,112946
'15SA',3602,51872,121146
'15SA',3602,51872,125346
'15SA',3602,51872,133546
'15SA',3602,51872,141746
'15SA',3602,51872,145946
'15SA',3602,51872,154146
'15SA',3602,51872,162346
'15SA',3602,51872,170546
'15SA',3602,51872,174746
'15SA',3602,51872,182946
'15SA',3602,51872,191146
'15SA',3602,51872,195346
'15SA',3602,51872,203446
'15SA',3602,51872,211646
'15SA',3602,51872,215846
'15SA',3602,51872,224046
'15SA',3602,51872,232146
'15SA',3602,51872,240246
'15SA',3602,51872,244246
'15SF1',3602,51872,50701
'15SF1',3602,51872,54901
'15SF1',3602,51872,63201
'15SF1',3602,51872,71401
'15SF1',3602,51872,75601
'15SF1',3602,51872,83801
'15SF1',3602,51872,92101
'15SF1',3602,51872,100446
'15SF1',3602,51872,104646
'15SF1',3602,51872,112846
'15SF1',3602,51872,121046
'15SF1',3602,51872,125431
'15SF1',3602,51872,133631
'15SF1',3602,51872,141831
'15SF1',3602,51872,150031
'15SF1',3602,51872,154231
'15SF1',3602,51872,162431
'15SF1',3602,51872,170631
'15SF1',3602,51872,174831
'15SF1',3602,51872,183031
'15SF1',3602,51872,191131
'15SF1',3602,51872,195331
'15SF1',3602,51872,203531
'15SF1',3602,51872,211731
'15SF1',3602,51872,215931
'15SF1',3602,51872,224131
'15SF1',3602,51872,232231
'15SF1',3602,51872,240331
'15SF1',3602,51872,244346
'15SF2',3602,51872,50701
'15SF2',3602,51872,54901
'15SF2',3602,51872,63201
'15SF2',3602,51872,71401
'15SF2',3602,51872,75601
'15SF2',3602,51872,83801
'15SF2',3602,51872,92101
'15SF2',3602,51872,100446
'15SF2',3602,51872,104646
'15SF2',3602,51872,112846
'15SF2',3602,51872,121046
'15SF2',3602,51872,125431
'15SF2',3602,51872,133631
'15SF2',3602,51872,141831
'15SF2',3602,51872,150031
'15SF2',3602,51872,154231
'15SF2',3602,51872,162431
'15SF2',3602,51872,170631
'15SF2',3602,51872,174831
'15SF2',3602,51872,183031
'15SF2',3602,51872,191131
'15SF2',3602,51872,195331
'15SF2',3602,51872,203531
'15SF2',3602,51872,211731
'15SF2',3602,51872,215931
'15SF2',3602,51872,224131
'15SF2',3602,51872,232231
'15SF2',3602,51872,240331
'15SF2',3602,51872,244346
'15SI',3602,51872,50701
'15SI',3602,51872,54901
'15SI',3602,51872,63201
'15SI',3602,51872,71401
'15SI',3602,51872,75601
'15SI',3602,51872,83801
'15SI',3602,51872,92101
'15SI',3602,51872,100446
'15SI',3602,51872,104646
'15SI',3602,51872,112846
'15SI',3602,51872,121046
'15SI',3602,51872,125431
'15SI',3602,51872,133631
'15SI',3602,51872,141831
'15SI',3602,51872,150031
'15SI',3602,51872,154231
'15SI',3602,51872,162431
'15SI',3602,51872,170631
'15SI',3602,51872,174831
'15SI',3602,51872,183031
'15SI',3602,51872,191131
'15SI',3602,51872,195331
'15SI',3602,51872,203531
'15SI',3602,51872,211731
'15SI',3602,51872,215931
'15SI',3602,51872,224131
'15SI',3602,51872,232231
'15SI',3602,51872,240331
'15SI',3602,51872,244346
'15SS',3602,51872,50146
'15SS',3602,51872,53146
'15SS',3602,51872,60346
'15SS',3602,51872,63617
'15SS',3602,51872,70617
'15SS',3602,51872,74117
'15SS',3602,51872,81117
'15SS',3602,51872,84117
'15SS',3602,51872,90731
'15SS',3602,51872,93731
'15SS',3602,51872,100731
'15SS',3602,51872,103731
'15SS',3602,51872,110731
'15SS',3602,51872,113731
'15SS',3602,51872,120731
'15SS',3602,51872,123731
'15SS',3602,51872,130831
'15SS',3602,51872,133931
'15SS',3602,51872,141031
'15SS',3602,51872,144402
'15SS',3602,51872,151502
'15SS',3602,51872,154502
'15SS',3602,51872,161602
'15SS',3602,51872,164802
'15SS',3602,51872,171802
'15SS',3602,51872,174747
'15SS',3602,51872,181217
'15SS',3602,51872,183846
'15SS',3602,51872,190646
'15SS',3602,51872,193646
'15SS',3602,51872,200546
'15SS',3602,51872,203546
'15SS',3602,51872,210546
'15SS',3602,51872,214546
'15SS',3602,51872,222946
'15SS',3602,51872,231446
'15SS',3602,51872,235801
'15SS',3602,51872,244201
'15SA',19102,51872,51114
'15SA',19102,51872,54114
'15SA',19102,51872,61114
'15SA',19102,51872,64214
'15SA',19102,51872,71414
'15SA',19102,51872,74614
'15SA',19102,51872,81814
'15SA',19102,51872,84914
'15SA',19102,51872,92014
'15SA',19102,51872,95201
'15SA',19102,51872,102201
'15SA',19102,51872,105101
'15SA',19102,51872,111901
'15SA',19102,51872,114801
'15SA',19102,51872,121601
'15SA',19102,51872,124201
'15SA',19102,51872,130101
'15SA',19102,51872,132001
'15SA',19102,51872,133901
'15SA',19102,51872,135801
'15SA',19102,51872,141701
'15SA',19102,51872,143501
'15SA',19102,51872,145101
'15SA',19102,51872,150701
'15SA',19102,51872,152301
'15SA',19102,51872,153901
'15SA',19102,51872,155401
'15SA',19102,51872,160801
'15SA',19102,51872,162201
'15SA',19102,51872,163401
'15SA',19102,51872,164601
'15SA',19102,51872,165701
'15SA',19102,51872,170901
'15SA',19102,51872,172201
'15SA',19102,51872,173401
'15SA',19102,51872,174507
'15SA',19102,51872,175807
'15SA',19102,51872,181107
'15SA',19102,51872,182607
'15SA',19102,51872,184107
'15SA',19102,51872,185907
'15SA',19102,51872,192007
'15SA',19102,51872,194107
'15SA',19102,51872,200407
'15SA',19102,51872,202807
'15SA',19102,51872,205207
'15SA',19102,51872,211607
'15SA',19102,51872,214107
'15SA',19102,51872,220607
'15SA',19102,51872,223607
'15SA',19102,51872,230607
'15SA',19102,51872,233607
'15SA',19102,51872,240514
'15SA',19102,51872,243114
'15SA',19102,51872,245714
'15SA',19102,51872,252414
'15SA',19102,51872,255214
'15SF1',19102,51872,54314
'15SF1',19102,51872,61414
'15SF1',19102,51872,64514
'15SF1',19102,51872,71514
'15SF1',19102,51872,74614
'15SF1',19102,51872,81714
'15SF1',19102,51872,84814
'15SF1',19102,51872,91814
'15SF1',19102,51872,94907
'15SF1',19102,51872,101907
'15SF1',19102,51872,104907
'15SF1',19102,51872,111707
'15SF1',19102,51872,114507
'15SF1',19102,51872,121307
'15SF1',19102,51872,124107
'15SF1',19102,51872,130707
'15SF1',19102,51872,132507
'15SF1',19102,51872,134307
'15SF1',19102,51872,140007
'15SF1',19102,51872,141807
'15SF1',19102,51872,143707
'15SF1',19102,51872,145707
'15SF1',19102,51872,151707
'15SF1',19102,51872,153807
'15SF1',19102,51872,155807
'15SF1',19102,51872,161807
'15SF1',19102,51872,163707
'15SF1',19102,51872,165207
'15SF1',19102,51872,170607
'15SF1',19102,51872,171907
'15SF1',19102,51872,173307
'15SF1',19102,51872,174807
'15SF1',19102,51872,180407
'15SF1',19102,51872,182007
'15SF1',19102,51872,183607
'15SF1',19102,51872,185207
'15SF1',19102,51872,190807
'15SF1',19102,51872,192407
'15SF1',19102,51872,194107
'15SF1',19102,51872,200207
'15SF1',19102,51872,203107
'15SF1',19102,51872,210007
'15SF1',19102,51872,213007
'15SF1',19102,51872,220107
'15SF1',19102,51872,223107
'15SF1',19102,51872,230014
'15SF1',19102,51872,232914
'15SF1',19102,51872,235814
'15SF1',19102,51872,242714
'15SF1',19102,51872,245614
'15SF1',19102,51872,252614
'15SF2',19102,51872,54314
'15SF2',19102,51872,61414
'15SF2',19102,51872,64514
'15SF2',19102,51872,71514
'15SF2',19102,51872,74614
'15SF2',19102,51872,81714
'15SF2',19102,51872,84814
'15SF2',19102,51872,91814
'15SF2',19102,51872,94907
'15SF2',19102,51872,101907
'15SF2',19102,51872,104907
'15SF2',19102,51872,111707
'15SF2',19102,51872,114507
'15SF2',19102,51872,121307
'15SF2',19102,51872,124107
'15SF2',19102,51872,130707
'15SF2',19102,51872,132507
'15SF2',19102,51872,134307
'15SF2',19102,51872,140007
'15SF2',19102,51872,141807
'15SF2',19102,51872,143707
'15SF2',19102,51872,145707
'15SF2',19102,51872,151707
'15SF2',19102,51872,153807
'15SF2',19102,51872,155807
'15SF2',19102,51872,161807
'15SF2',19102,51872,163707
'15SF2',19102,51872,165207
'15SF2',19102,51872,170607
'15SF2',19102,51872,171907
'15SF2',19102,51872,173307
'15SF2',19102,51872,174807
'15SF2',19102,51872,180407
'15SF2',19102,51872,182007
'15SF2',19102,51872,183607
'15SF2',19102,51872,185207
'15SF2',19102,51872,190807
'15SF2',19102,51872,192407
'15SF2',19102,51872,194107
'15SF2',19102,51872,200207
'15SF2',19102,51872,203107
'15SF2',19102,51872,210007
'15SF2',19102,51872,213007
'15SF2',19102,51872,220107
'15SF2',19102,51872,223107
'15SF2',19102,51872,230014
'15SF2',19102,51872,232914
'15SF2',19102,51872,235814
'15SF2',19102,51872,242714
'15SF2',19102,51872,245614
'15SF2',19102,51872,252614
'15SI',19102,51872,54314
'15SI',19102,51872,61414
'15SI',19102,51872,64514
'15SI',19102,51872,71514
'15SI',19102,51872,74614
'15SI',19102,51872,81714
'15SI',19102,51872,84814
'15SI',19102,51872,91814
'15SI',19102,51872,94907
'15SI',19102,51872,101907
'15SI',19102,51872,104907
'15SI',19102,51872,111707
'15SI',19102,51872,114507
'15SI',19102,51872,121307
'15SI',19102,51872,124107
'15SI',19102,51872,130707
'15SI',19102,51872,132507
'15SI',19102,51872,134307
'15SI',19102,51872,140007
'15SI',19102,51872,141807
'15SI',19102,51872,143707
'15SI',19102,51872,145707
'15SI',19102,51872,151707
'15SI',19102,51872,153807
'15SI',19102,51872,155807
'15SI',19102,51872,161807
'15SI',19102,51872,163707
'15SI',19102,51872,165207
'15SI',19102,51872,170607
'15SI',19102,51872,171907
'15SI',19102,51872,173307
'15SI',19102,51872,174807
'15SI',19102,51872,180407
'15SI',19102,51872,182007
'15SI',19102,51872,183607
'15SI',19102,51872,185207
'15SI',19102,51872,190807
'15SI',19102,51872,192407
'15SI',19102,51872,194107
'15SI',19102,51872,200207
'15SI',19102,51872,203107
'15SI',19102,51872,210007
'15SI',19102,51872,213007
'15SI',19102,51872,220107
'15SI',19102,51872,223107
'15SI',19102,51872,230014
'15SI',19102,51872,232914
'15SI',19102,51872,235814
'15SI',19102,51872,242714
'15SI',19102,51872,245614
'15SI',19102,51872,252614
'15SS',19102,51872,51114
'15SS',19102,51872,52614
'15SS',19102,51872,55114
'15SS',19102,51872,61807
'15SS',19102,51872,64507
'15SS',19102,51872,71207
'15SS',19102,51872,73707
'15SS',19102,51872,80207
'15SS',19102,51872,82907
'15SS',19102,51872,85407
'15SS',19102,51872,91907
'15SS',19102,51872,94707
'15SS',19102,51872,101607
'15SS',19102,51872,104607
'15SS',19102,51872,111607
'15SS',19102,51872,114507
'15SS',19102,51872,121501
'15SS',19102,51872,124501
'15SS',19102,51872,131501
'15SS',19102,51872,134501
'15SS',19102,51872,141654
'15SS',19102,51872,144654
'15SS',19102,51872,151754
'15SS',19102,51872,154854
'15SS',19102,51872,161954
'15SS',19102,51872,164954
'15SS',19102,51872,171954
'15SS',19102,51872,174954
'15SS',19102,51872,181901
'15SS',19102,51872,184707
'15SS',19102,51872,191407
'15SS',19102,51872,193907
'15SS',19102,51872,200407
'15SS',19102,51872,202807
'15SS',19102,51872,205307
'15SS',19102,51872,211707
'15SS',19102,51872,213807
'15SS',19102,51872,215807
'15SS',19102,51872,221807
'15SS',19102,51872,223707
'15SS',19102,51872,225607
'15SS',19102,51872,231907
'15SS',19102,51872,234807
'15SS',19102,51872,241814
'15SS',19102,51872,245114
'15SS',19102,51872,252514
