'18JS',7403,54356,60400
'18JS',7403,54356,62800
'18JS',7403,54356,65100
'18JS',7403,54356,71700
'18JS',7403,54356,74700
'18JS',7403,54356,81100
'18JS',7403,54356,83800
'18JS',7403,54356,90800
'18JS',7403,54356,93300
'18JS',7403,54356,95700
'18JS',7403,54356,101800
'18JS',7403,54356,103100
'18JS',7403,54356,141500
'18JS',7403,54356,143400
'18JS',7403,54356,145000
'18JS',7403,54356,152100
'18JS',7403,54356,155000
'18JS',7403,54356,161500
'18JS',7403,54356,163500
'18JS',7403,54356,165700
'18JS',7403,54356,171700
'18JS',7403,54356,174200
'18JS',7403,54356,180800
'18JS',7403,54356,183400
'18JS',7403,54356,185700
'18JS',7403,54356,192500
'18JS',7403,54356,195700
'18JS',7404,54356,54700
'18JS',7404,54356,61300
'18JS',7404,54356,63900
'18JS',7404,54356,70300
'18JS',7404,54356,72700
'18JS',7404,54356,75600
'18JS',7404,54356,82700
'18JS',7404,54356,85600
'18JS',7404,54356,92500
'18JS',7404,54356,94600
'18JS',7404,54356,100000
'18JS',7404,54356,102300
'18JS',7404,54356,140100
'18JS',7404,54356,141700
'18JS',7404,54356,144200
'18JS',7404,54356,150700
'18JS',7404,54356,153100
'18JS',7404,54356,155500
'18JS',7404,54356,161800
'18JS',7404,54356,164000
'18JS',7404,54356,170200
'18JS',7404,54356,172800
'18JS',7404,54356,175500
'18JS',7404,54356,182000
'18JS',7404,54356,184500
'18JS',7404,54356,191200
'18JS',7404,54356,194200
'18JS',7404,54356,201200
'18JS',7503,54356,74500
'18JS',7503,54356,81300
'18JS',7503,54356,84500
'18JS',7503,54356,91500
'18JS',7503,54356,94800
'18JS',7503,54356,101600
'18JS',7503,54356,155500
'18JS',7503,54356,162100
'18JS',7503,54356,165400
'18JS',7503,54356,172700
'18JS',7503,54356,180000
'18JS',7503,54356,182900
'18JS',7504,54356,72400
'18JS',7504,54356,75200
'18JS',7504,54356,82400
'18JS',7504,54356,85400
'18JS',7504,54356,92700
'18JS',7504,54356,95500
'18JS',7504,54356,153400
'18JS',7504,54356,160000
'18JS',7504,54356,163200
'18JS',7504,54356,170500
'18JS',7504,54356,173800
'18JS',7504,54356,181100
