'17MA',16401,50216,54900
'17MA',16401,50216,62600
'17MA',16401,50216,70300
'17MA',16401,50216,74000
'17MA',16401,50216,81400
'17MA',16401,50216,84400
'17MA',16401,50216,91400
'17MA',16401,50216,94600
'17MA',16401,50216,101600
'17MA',16401,50216,104600
'17MA',16401,50216,111500
'17MA',16401,50216,114400
'17MA',16401,50216,121300
'17MA',16401,50216,124200
'17MA',16401,50216,131000
'17MA',16401,50216,133800
'17MA',16401,50216,140600
'17MA',16401,50216,143400
'17MA',16401,50216,150300
'17MA',16401,50216,153200
'17MA',16401,50216,155700
'17MA',16401,50216,162400
'17MA',16401,50216,165400
'17MA',16401,50216,172500
'17MA',16401,50216,175600
'17MA',16401,50216,182700
'17MA',16401,50216,185800
'17MA',16401,50216,192800
'17MA',16401,50216,195800
'17MA',16401,50216,202800
'17MA',16401,50216,205800
'17MA',16401,50216,212800
'17MA',16401,50216,215800
'17MA',16401,50216,222800
'17MA',16401,50216,225900
'17MA',16401,50216,233000
'17MA',16401,50216,240140
'17MA',16401,50216,243340
'17MA',16401,50216,250540
'17MA',16401,50216,253740
'17MF1',16401,50216,54900
'17MF1',16401,50216,60900
'17MF1',16401,50216,62900
'17MF1',16401,50216,64900
'17MF1',16401,50216,70900
'17MF1',16401,50216,72900
'17MF1',16401,50216,74900
'17MF1',16401,50216,80900
'17MF1',16401,50216,82900
'17MF1',16401,50216,84900
'17MF1',16401,50216,90900
'17MF1',16401,50216,93100
'17MF1',16401,50216,95100
'17MF1',16401,50216,101100
'17MF1',16401,50216,103100
'17MF1',16401,50216,105100
'17MF1',16401,50216,111100
'17MF1',16401,50216,113100
'17MF1',16401,50216,115000
'17MF1',16401,50216,120900
'17MF1',16401,50216,122900
'17MF1',16401,50216,124900
'17MF1',16401,50216,130900
'17MF1',16401,50216,133100
'17MF1',16401,50216,135200
'17MF1',16401,50216,141200
'17MF1',16401,50216,143200
'17MF1',16401,50216,145200
'17MF1',16401,50216,151200
'17MF1',16401,50216,153100
'17MF1',16401,50216,154800
'17MF1',16401,50216,160800
'17MF1',16401,50216,162800
'17MF1',16401,50216,164800
'17MF1',16401,50216,170900
'17MF1',16401,50216,172900
'17MF1',16401,50216,174900
'17MF1',16401,50216,180900
'17MF1',16401,50216,183000
'17MF1',16401,50216,185000
'17MF1',16401,50216,191000
'17MF1',16401,50216,193000
'17MF1',16401,50216,195800
'17MF1',16401,50216,202800
'17MF1',16401,50216,205800
'17MF1',16401,50216,212800
'17MF1',16401,50216,215800
'17MF1',16401,50216,222800
'17MF1',16401,50216,225900
'17MF1',16401,50216,233000
'17MF1',16401,50216,240140
'17MF1',16401,50216,243340
'17MF1',16401,50216,250240
'17MF2',16401,50216,54900
'17MF2',16401,50216,60900
'17MF2',16401,50216,62900
'17MF2',16401,50216,64900
'17MF2',16401,50216,70900
'17MF2',16401,50216,72900
'17MF2',16401,50216,74900
'17MF2',16401,50216,80900
'17MF2',16401,50216,82900
'17MF2',16401,50216,84900
'17MF2',16401,50216,90900
'17MF2',16401,50216,93100
'17MF2',16401,50216,95100
'17MF2',16401,50216,101100
'17MF2',16401,50216,103100
'17MF2',16401,50216,105100
'17MF2',16401,50216,111100
'17MF2',16401,50216,113100
'17MF2',16401,50216,115000
'17MF2',16401,50216,120900
'17MF2',16401,50216,122900
'17MF2',16401,50216,124900
'17MF2',16401,50216,130900
'17MF2',16401,50216,133100
'17MF2',16401,50216,135200
'17MF2',16401,50216,141200
'17MF2',16401,50216,143200
'17MF2',16401,50216,145200
'17MF2',16401,50216,151200
'17MF2',16401,50216,153100
'17MF2',16401,50216,154800
'17MF2',16401,50216,160800
'17MF2',16401,50216,162800
'17MF2',16401,50216,164800
'17MF2',16401,50216,170900
'17MF2',16401,50216,172900
'17MF2',16401,50216,174900
'17MF2',16401,50216,180900
'17MF2',16401,50216,183000
'17MF2',16401,50216,185000
'17MF2',16401,50216,191000
'17MF2',16401,50216,193000
'17MF2',16401,50216,195800
'17MF2',16401,50216,202800
'17MF2',16401,50216,205800
'17MF2',16401,50216,212800
'17MF2',16401,50216,215800
'17MF2',16401,50216,222800
'17MF2',16401,50216,225900
'17MF2',16401,50216,233000
'17MF2',16401,50216,240140
'17MF2',16401,50216,243340
'17MF2',16401,50216,250240
'17MF3',16401,50216,54900
'17MF3',16401,50216,60900
'17MF3',16401,50216,62900
'17MF3',16401,50216,64900
'17MF3',16401,50216,70900
'17MF3',16401,50216,72900
'17MF3',16401,50216,74900
'17MF3',16401,50216,80900
'17MF3',16401,50216,82900
'17MF3',16401,50216,84900
'17MF3',16401,50216,90900
'17MF3',16401,50216,93100
'17MF3',16401,50216,95100
'17MF3',16401,50216,101100
'17MF3',16401,50216,103100
'17MF3',16401,50216,105100
'17MF3',16401,50216,111100
'17MF3',16401,50216,113100
'17MF3',16401,50216,115000
'17MF3',16401,50216,120900
'17MF3',16401,50216,122900
'17MF3',16401,50216,124900
'17MF3',16401,50216,130900
'17MF3',16401,50216,133100
'17MF3',16401,50216,135200
'17MF3',16401,50216,141200
'17MF3',16401,50216,143200
'17MF3',16401,50216,145200
'17MF3',16401,50216,151200
'17MF3',16401,50216,153100
'17MF3',16401,50216,154800
'17MF3',16401,50216,160800
'17MF3',16401,50216,162800
'17MF3',16401,50216,164800
'17MF3',16401,50216,170900
'17MF3',16401,50216,172900
'17MF3',16401,50216,174900
'17MF3',16401,50216,180900
'17MF3',16401,50216,183000
'17MF3',16401,50216,185000
'17MF3',16401,50216,191000
'17MF3',16401,50216,193000
'17MF3',16401,50216,195800
'17MF3',16401,50216,202800
'17MF3',16401,50216,205800
'17MF3',16401,50216,212800
'17MF3',16401,50216,215800
'17MF3',16401,50216,222800
'17MF3',16401,50216,225900
'17MF3',16401,50216,233000
'17MF3',16401,50216,240140
'17MF3',16401,50216,243340
'17MF3',16401,50216,250240
'17MI',16401,50216,54820
'17MI',16401,50216,62520
'17MI',16401,50216,70300
'17MI',16401,50216,74000
'17MI',16401,50216,81700
'17MI',16401,50216,85400
'17MI',16401,50216,93300
'17MI',16401,50216,101000
'17MI',16401,50216,104100
'17MI',16401,50216,111200
'17MI',16401,50216,114200
'17MI',16401,50216,121000
'17MI',16401,50216,123900
'17MI',16401,50216,130800
'17MI',16401,50216,133700
'17MI',16401,50216,140700
'17MI',16401,50216,143600
'17MI',16401,50216,150500
'17MI',16401,50216,153440
'17MI',16401,50216,160340
'17MI',16401,50216,163240
'17MI',16401,50216,170140
'17MI',16401,50216,173040
'17MI',16401,50216,175840
'17MI',16401,50216,182640
'17MI',16401,50216,185440
'17MI',16401,50216,192340
'17MI',16401,50216,195140
'17MI',16401,50216,201940
'17MI',16401,50216,204840
'17MI',16401,50216,211840
'17MI',16401,50216,214840
'17MI',16401,50216,221840
'17MI',16401,50216,224940
'17MI',16401,50216,232140
'17MI',16401,50216,235240
'17MI',16401,50216,242740
'17MI',16401,50216,250240
'17MS',16401,50216,54420
'17MS',16401,50216,60540
'17MS',16401,50216,62140
'17MS',16401,50216,63640
'17MS',16401,50216,64940
'17MS',16401,50216,70240
'17MS',16401,50216,71140
'17MS',16401,50216,72040
'17MS',16401,50216,72740
'17MS',16401,50216,73600
'17MS',16401,50216,74300
'17MS',16401,50216,74900
'17MS',16401,50216,75600
'17MS',16401,50216,80340
'17MS',16401,50216,81140
'17MS',16401,50216,82240
'17MS',16401,50216,83440
'17MS',16401,50216,84940
'17MS',16401,50216,90400
'17MS',16401,50216,91900
'17MS',16401,50216,93900
'17MS',16401,50216,95800
'17MS',16401,50216,101800
'17MS',16401,50216,103800
'17MS',16401,50216,105700
'17MS',16401,50216,111600
'17MS',16401,50216,113600
'17MS',16401,50216,115600
'17MS',16401,50216,121600
'17MS',16401,50216,123700
'17MS',16401,50216,125900
'17MS',16401,50216,132100
'17MS',16401,50216,134300
'17MS',16401,50216,140500
'17MS',16401,50216,142700
'17MS',16401,50216,144900
'17MS',16401,50216,151100
'17MS',16401,50216,153300
'17MS',16401,50216,155600
'17MS',16401,50216,161700
'17MS',16401,50216,164200
'17MS',16401,50216,170800
'17MS',16401,50216,173400
'17MS',16401,50216,180000
'17MS',16401,50216,182500
'17MS',16401,50216,185300
'17MS',16401,50216,192100
'17MS',16401,50216,195100
'17MS',16401,50216,202100
'17MS',16401,50216,205200
'17MS',16401,50216,212700
'17MS',16401,50216,220200
'17MS',16401,50216,223700
'17MS',16401,50216,231300
'17MS',16401,50216,235000
'17MS',16401,50216,242600
'17MS',16401,50216,250700
