'18MS',17804,61674,61926
'18MS',17804,61674,65126
'18MS',17804,61674,70926
'18MS',17804,61674,72226
'18MS',17804,61674,73749
'18MS',17804,61674,75149
'18MS',17804,61674,80749
'18MS',17804,61674,82449
'18MS',17804,61674,84149
'18MS',17804,61674,90026
'18MS',17804,61674,91426
'18MS',17804,61674,92826
'18MS',17804,61674,94226
'18MS',17804,61674,101526
'18MS',17804,61674,104826
'18MS',17804,61674,112126
'18MS',17804,61674,115326
'18MS',17804,61674,122426
'18MS',17804,61674,125526
'18MS',17804,61674,132726
'18MS',17804,61674,135526
'18MS',17804,61674,142226
'18MS',17804,61674,144926
'18MS',17804,61674,151626
'18MS',17804,61674,154426
'18MS',17804,61674,161549
'18MS',17804,61674,163449
'18MS',17804,61674,165349
'18MS',17804,61674,171249
'18MS',17804,61674,172749
'18MS',17804,61674,174249
'18MS',17804,61674,175749
'18MS',17804,61674,181449
'18MS',17804,61674,182926
'18MS',17804,61674,184626
'18MS',17804,61674,191826
'18MS',17804,61674,195026
'18MS',17804,61674,202226
'18MS',17804,61674,205326
'18MS',17804,61674,211826
