'17NA',1404,54209,84312
'17NA',1404,54209,93212
'17NA',1404,54209,102112
'17NA',1404,54209,111012
'17NA',1404,54209,120150
'17NA',1404,54209,125250
'17NA',1404,54209,134350
'17NA',1404,54209,143450
'17NA',1404,54209,152650
'17NA',1404,54209,161850
'17NA',1404,54209,171050
'17NA',1404,54209,180350
'17NA',1404,54209,185750
'17NF1',1404,54209,84312
'17NF1',1404,54209,93212
'17NF1',1404,54209,102112
'17NF1',1404,54209,111012
'17NF1',1404,54209,120150
'17NF1',1404,54209,125250
'17NF1',1404,54209,134350
'17NF1',1404,54209,143450
'17NF1',1404,54209,152650
'17NF1',1404,54209,161850
'17NF1',1404,54209,171050
'17NF1',1404,54209,180350
'17NF1',1404,54209,185750
'17NF2',1404,54209,84312
'17NF2',1404,54209,93212
'17NF2',1404,54209,102112
'17NF2',1404,54209,111012
'17NF2',1404,54209,120150
'17NF2',1404,54209,125250
'17NF2',1404,54209,134350
'17NF2',1404,54209,143450
'17NF2',1404,54209,152650
'17NF2',1404,54209,161850
'17NF2',1404,54209,171050
'17NF2',1404,54209,180350
'17NF2',1404,54209,185750
'17NF3',1404,54209,84312
'17NF3',1404,54209,93212
'17NF3',1404,54209,102112
'17NF3',1404,54209,111012
'17NF3',1404,54209,120150
'17NF3',1404,54209,125250
'17NF3',1404,54209,134350
'17NF3',1404,54209,143450
'17NF3',1404,54209,152650
'17NF3',1404,54209,161850
'17NF3',1404,54209,171050
'17NF3',1404,54209,180350
'17NF3',1404,54209,185750
'17NF4',1404,54209,84312
'17NF4',1404,54209,93212
'17NF4',1404,54209,102112
'17NF4',1404,54209,111012
'17NF4',1404,54209,120150
'17NF4',1404,54209,125250
'17NF4',1404,54209,134350
'17NF4',1404,54209,143450
'17NF4',1404,54209,152650
'17NF4',1404,54209,161850
'17NF4',1404,54209,171050
'17NF4',1404,54209,180350
'17NF4',1404,54209,185750
'17NI',1404,54209,93412
'17NI',1404,54209,102512
'17NI',1404,54209,111612
'17NI',1404,54209,120712
'17NI',1404,54209,125750
'17NI',1404,54209,134850
'17NI',1404,54209,143950
'17NI',1404,54209,153050
'17NI',1404,54209,162250
'17NI',1404,54209,171350
'17NI',1404,54209,180512
'17NI',1404,54209,185612
'17NS',1404,54209,60712
'17NS',1404,54209,63412
'17NS',1404,54209,70112
'17NS',1404,54209,72850
'17NS',1404,54209,75650
'17NS',1404,54209,82628
'17NS',1404,54209,85350
'17NS',1404,54209,92150
'17NS',1404,54209,94850
'17NS',1404,54209,101450
'17NS',1404,54209,104050
'17NS',1404,54209,110550
'17NS',1404,54209,113150
'17NS',1404,54209,115750
'17NS',1404,54209,122450
'17NS',1404,54209,125150
'17NS',1404,54209,131850
'17NS',1404,54209,134550
'17NS',1404,54209,141150
'17NS',1404,54209,143750
'17NS',1404,54209,150350
'17NS',1404,54209,152950
'17NS',1404,54209,155512
'17NS',1404,54209,162112
'17NS',1404,54209,164712
'17NS',1404,54209,171312
'17NS',1404,54209,173912
'17NS',1404,54209,180512
'17NS',1404,54209,183112
'17NS',1404,54209,185512
