'18JA',20202,57528,62700
'18JA',20202,57528,64700
'18JA',20202,57528,70900
'18JA',20202,57528,73200
'18JA',20202,57528,80000
'18JA',20202,57528,82800
'18JA',20202,57528,85100
'18JA',20202,57528,91100
'18JA',20202,57528,93100
'18JA',20202,57528,95800
'18JA',20202,57528,102800
'18JA',20202,57528,110000
'18JA',20202,57528,113000
'18JA',20202,57528,120200
'18JA',20202,57528,123300
'18JA',20202,57528,130500
'18JA',20202,57528,133500
'18JA',20202,57528,135700
'18JA',20202,57528,141900
'18JA',20202,57528,144200
'18JA',20202,57528,151000
'18JA',20202,57528,153800
'18JA',20202,57528,160500
'18JA',20202,57528,163200
'18JA',20202,57528,170000
'18JA',20202,57528,173000
'18JA',20202,57528,180000
'18JA',20202,57528,183000
'18JA',20202,57528,190100
'18JA',20202,57528,192900
'18JA',20202,57528,195800
'18JA',20202,57528,202600
'18JA',20202,57528,205400
'18JA',20202,57528,212400
'18JA',20202,57528,215400
'18JA',20202,57528,222400
'18JA',20202,57528,225400
'18JA',20202,57528,232400
'18JA',20202,57528,235400
'18JA',20202,57528,242400
'18JI',20202,57528,72500
'18JI',20202,57528,75500
'18JI',20202,57528,82500
'18JI',20202,57528,85500
'18JI',20202,57528,92500
'18JI',20202,57528,95600
'18JI',20202,57528,102600
'18JI',20202,57528,105600
'18JI',20202,57528,112600
'18JI',20202,57528,115600
'18JI',20202,57528,122600
'18JI',20202,57528,125600
'18JI',20202,57528,132600
'18JI',20202,57528,135700
'18JI',20202,57528,142800
'18JI',20202,57528,145900
'18JI',20202,57528,152900
'18JI',20202,57528,155900
'18JI',20202,57528,162900
'18JI',20202,57528,165900
'18JI',20202,57528,172900
'18JI',20202,57528,175900
'18JI',20202,57528,182900
'18JI',20202,57528,185800
'18JI',20202,57528,192700
'18JI',20202,57528,195600
'18JI',20202,57528,202600
'18JI',20202,57528,205500
'18JI',20202,57528,212500
'18JI',20202,57528,215500
'18JI',20202,57528,222500
'18JI',20202,57528,225500
'18JI',20202,57528,232500
'18JI',20202,57528,235500
'18JI',20202,57528,242500
'18JS',20202,57528,60700
'18JS',20202,57528,64200
'18JS',20202,57528,71800
'18JS',20202,57528,75100
'18JS',20202,57528,82400
'18JS',20202,57528,85300
'18JS',20202,57528,91400
'18JS',20202,57528,93400
'18JS',20202,57528,95600
'18JS',20202,57528,101800
'18JS',20202,57528,103900
'18JS',20202,57528,110000
'18JS',20202,57528,112200
'18JS',20202,57528,114600
'18JS',20202,57528,121100
'18JS',20202,57528,123600
'18JS',20202,57528,130100
'18JS',20202,57528,132600
'18JS',20202,57528,134500
'18JS',20202,57528,140400
'18JS',20202,57528,142300
'18JS',20202,57528,144300
'18JS',20202,57528,150300
'18JS',20202,57528,152400
'18JS',20202,57528,154500
'18JS',20202,57528,160700
'18JS',20202,57528,163100
'18JS',20202,57528,165400
'18JS',20202,57528,171600
'18JS',20202,57528,173800
'18JS',20202,57528,180200
'18JS',20202,57528,182500
'18JS',20202,57528,185000
'18JS',20202,57528,191300
'18JS',20202,57528,194000
'18JS',20202,57528,200500
'18JS',20202,57528,203300
'18JS',20202,57528,205800
'18JS',20202,57528,212800
'18JS',20202,57528,215800
'18JS',20202,57528,222800
'18JS',20202,57528,225800
'18JS',20202,57528,232800
'18JS',20202,57528,235500
'18JS',20202,57528,242400
