'18MA',19502,57349,60232
'18MA',19502,57349,63532
'18MA',19502,57349,70732
'18MA',19502,57349,73732
'18MA',19502,57349,80732
'18MA',19502,57349,83732
'18MA',19502,57349,90914
'18MA',19502,57349,93914
'18MA',19502,57349,100914
'18MA',19502,57349,103814
'18MA',19502,57349,110914
'18MA',19502,57349,113914
'18MA',19502,57349,121214
'18MA',19502,57349,124314
'18MA',19502,57349,131314
'18MA',19502,57349,134414
'18MA',19502,57349,141314
'18MA',19502,57349,144214
'18MA',19502,57349,151314
'18MA',19502,57349,154514
'18MA',19502,57349,161714
'18MA',19502,57349,164814
'18MA',19502,57349,171914
'18MA',19502,57349,175014
'18MA',19502,57349,182114
'18MA',19502,57349,184932
'18MA',19502,57349,191832
'18MA',19502,57349,194832
'18MA',19502,57349,201732
'18MA',19502,57349,204632
'18MA',19502,57349,211532
'18MA',19502,57349,214432
'18MA',19502,57349,221332
'18MA',19502,57349,224232
'18MA',19502,57349,231032
'18MA',19502,57349,233932
'18MA',19502,57349,240832
'18MA',19502,57349,243732
'18MA',19502,57349,250732
'18MA',19502,57349,253732
'18MA',19502,57349,260732
'18MA',19502,57349,263732
'18MF1',19502,57349,60232
'18MF1',19502,57349,63532
'18MF1',19502,57349,70732
'18MF1',19502,57349,73732
'18MF1',19502,57349,80732
'18MF1',19502,57349,83732
'18MF1',19502,57349,90914
'18MF1',19502,57349,93914
'18MF1',19502,57349,100914
'18MF1',19502,57349,103814
'18MF1',19502,57349,110914
'18MF1',19502,57349,113914
'18MF1',19502,57349,121214
'18MF1',19502,57349,124314
'18MF1',19502,57349,131314
'18MF1',19502,57349,134414
'18MF1',19502,57349,141314
'18MF1',19502,57349,144214
'18MF1',19502,57349,151314
'18MF1',19502,57349,154514
'18MF1',19502,57349,161714
'18MF1',19502,57349,164814
'18MF1',19502,57349,171914
'18MF1',19502,57349,175014
'18MF1',19502,57349,182114
'18MF1',19502,57349,184932
'18MF1',19502,57349,191832
'18MF1',19502,57349,194832
'18MF1',19502,57349,201732
'18MF1',19502,57349,204632
'18MF1',19502,57349,211532
'18MF1',19502,57349,214432
'18MF1',19502,57349,221332
'18MF1',19502,57349,224232
'18MF1',19502,57349,231032
'18MF1',19502,57349,233932
'18MF1',19502,57349,240832
'18MF1',19502,57349,243732
'18MF1',19502,57349,250732
'18MF1',19502,57349,253732
'18MF1',19502,57349,260932
'18MF2',19502,57349,60232
'18MF2',19502,57349,63532
'18MF2',19502,57349,70732
'18MF2',19502,57349,73732
'18MF2',19502,57349,80732
'18MF2',19502,57349,83732
'18MF2',19502,57349,90914
'18MF2',19502,57349,93914
'18MF2',19502,57349,100914
'18MF2',19502,57349,103814
'18MF2',19502,57349,110914
'18MF2',19502,57349,113914
'18MF2',19502,57349,121214
'18MF2',19502,57349,124314
'18MF2',19502,57349,131314
'18MF2',19502,57349,134414
'18MF2',19502,57349,141314
'18MF2',19502,57349,144214
'18MF2',19502,57349,151314
'18MF2',19502,57349,154514
'18MF2',19502,57349,161714
'18MF2',19502,57349,164814
'18MF2',19502,57349,171914
'18MF2',19502,57349,175014
'18MF2',19502,57349,182114
'18MF2',19502,57349,184932
'18MF2',19502,57349,191832
'18MF2',19502,57349,194832
'18MF2',19502,57349,201732
'18MF2',19502,57349,204632
'18MF2',19502,57349,211532
'18MF2',19502,57349,214432
'18MF2',19502,57349,221332
'18MF2',19502,57349,224232
'18MF2',19502,57349,231032
'18MF2',19502,57349,233932
'18MF2',19502,57349,240832
'18MF2',19502,57349,243732
'18MF2',19502,57349,250732
'18MF2',19502,57349,253732
'18MF2',19502,57349,260932
'18MF3',19502,57349,60232
'18MF3',19502,57349,63132
'18MF3',19502,57349,70032
'18MF3',19502,57349,72932
'18MF3',19502,57349,75832
'18MF3',19502,57349,82832
'18MF3',19502,57349,90014
'18MF3',19502,57349,93014
'18MF3',19502,57349,100014
'18MF3',19502,57349,103014
'18MF3',19502,57349,110014
'18MF3',19502,57349,113114
'18MF3',19502,57349,120314
'18MF3',19502,57349,123314
'18MF3',19502,57349,130414
'18MF3',19502,57349,133614
'18MF3',19502,57349,140857
'18MF3',19502,57349,143857
'18MF3',19502,57349,151057
'18MF3',19502,57349,154257
'18MF3',19502,57349,161457
'18MF3',19502,57349,164557
'18MF3',19502,57349,171657
'18MF3',19502,57349,174857
'18MF3',19502,57349,181814
'18MF3',19502,57349,184914
'18MF3',19502,57349,192014
'18MF3',19502,57349,195014
'18MF3',19502,57349,202014
'18MF3',19502,57349,204914
'18MF3',19502,57349,211914
'18MF3',19502,57349,214914
'18MF3',19502,57349,221814
'18MF3',19502,57349,224614
'18MF3',19502,57349,231432
'18MF3',19502,57349,234432
'18MF3',19502,57349,241432
'18MF3',19502,57349,244232
'18MF3',19502,57349,251032
'18MF3',19502,57349,253932
'18MF3',19502,57349,260932
'18MI',19502,57349,60232
'18MI',19502,57349,63132
'18MI',19502,57349,70032
'18MI',19502,57349,72932
'18MI',19502,57349,75832
'18MI',19502,57349,82832
'18MI',19502,57349,90014
'18MI',19502,57349,93014
'18MI',19502,57349,100014
'18MI',19502,57349,103014
'18MI',19502,57349,110014
'18MI',19502,57349,113114
'18MI',19502,57349,120314
'18MI',19502,57349,123314
'18MI',19502,57349,130414
'18MI',19502,57349,133614
'18MI',19502,57349,140857
'18MI',19502,57349,143857
'18MI',19502,57349,151057
'18MI',19502,57349,154257
'18MI',19502,57349,161457
'18MI',19502,57349,164557
'18MI',19502,57349,171657
'18MI',19502,57349,174857
'18MI',19502,57349,181814
'18MI',19502,57349,184914
'18MI',19502,57349,192014
'18MI',19502,57349,195014
'18MI',19502,57349,202014
'18MI',19502,57349,204914
'18MI',19502,57349,211914
'18MI',19502,57349,214914
'18MI',19502,57349,221814
'18MI',19502,57349,224614
'18MI',19502,57349,231432
'18MI',19502,57349,234432
'18MI',19502,57349,241432
'18MI',19502,57349,244232
'18MI',19502,57349,251032
'18MI',19502,57349,253932
'18MI',19502,57349,260932
'18MS',19502,57349,53632
'18MS',19502,57349,60632
'18MS',19502,57349,63732
'18MS',19502,57349,65832
'18MS',19502,57349,72014
'18MS',19502,57349,73214
'18MS',19502,57349,75814
'18MS',19502,57349,82314
'18MS',19502,57349,84532
'18MS',19502,57349,91532
'18MS',19502,57349,94532
'18MS',19502,57349,101532
'18MS',19502,57349,104132
'18MS',19502,57349,110732
'18MS',19502,57349,113332
'18MS',19502,57349,115932
'18MS',19502,57349,123032
'18MS',19502,57349,130232
'18MS',19502,57349,133432
'18MS',19502,57349,140714
'18MS',19502,57349,144014
'18MS',19502,57349,151357
'18MS',19502,57349,154457
'18MS',19502,57349,161557
'18MS',19502,57349,164557
'18MS',19502,57349,171557
'18MS',19502,57349,174557
'18MS',19502,57349,181257
'18MS',19502,57349,184357
'18MS',19502,57349,191132
'18MS',19502,57349,194232
'18MS',19502,57349,201432
'18MS',19502,57349,204632
'18MS',19502,57349,211832
'18MS',19502,57349,214832
'18MS',19502,57349,221632
'18MS',19502,57349,224632
'18MS',19502,57349,231632
'18MS',19502,57349,234632
'18MS',19502,57349,241432
'18MS',19502,57349,244232
'18MS',19502,57349,251032
'18MS',19502,57349,253832
'18MS',19502,57349,260632
