'18JA',2803,54588,52300
'18JA',2803,54588,55800
'18JA',2803,54588,63300
'18JA',2803,54588,70700
'18JA',2803,54588,74000
'18JA',2803,54588,81400
'18JA',2803,54588,84800
'18JA',2803,54588,92200
'18JA',2803,54588,95500
'18JA',2803,54588,101600
'18JA',2803,54588,103700
'18JA',2803,54588,111100
'18JA',2803,54588,114600
'18JA',2803,54588,122100
'18JA',2803,54588,125500
'18JA',2803,54588,132400
'18JA',2803,54588,135000
'18JA',2803,54588,141500
'18JA',2803,54588,144000
'18JA',2803,54588,150500
'18JA',2803,54588,153000
'18JA',2803,54588,160000
'18JA',2803,54588,163500
'18JA',2803,54588,171100
'18JA',2803,54588,174700
'18JA',2803,54588,182500
'18JA',2803,54588,190000
'18JA',2803,54588,193600
'18JA',2803,54588,201100
'18JA',2803,54588,204600
'18JA',2803,54588,212100
'18JA',2803,54588,215600
'18JA',2803,54588,223100
'18JA',2803,54588,230100
'18JA',2803,54588,233300
'18JA',2803,54588,240500
'18JA',2803,54588,243600
'18JA',2803,54588,250700
'18JA',2803,54588,253800
'18JA',2803,54588,260900
'18JA',2803,54588,264000
'18JI',2803,54588,52200
'18JI',2803,54588,55400
'18JI',2803,54588,62700
'18JI',2803,54588,70000
'18JI',2803,54588,73300
'18JI',2803,54588,80600
'18JI',2803,54588,84000
'18JI',2803,54588,91400
'18JI',2803,54588,94700
'18JI',2803,54588,101000
'18JI',2803,54588,103300
'18JI',2803,54588,105600
'18JI',2803,54588,112900
'18JI',2803,54588,120300
'18JI',2803,54588,123800
'18JI',2803,54588,131300
'18JI',2803,54588,133700
'18JI',2803,54588,140100
'18JI',2803,54588,142500
'18JI',2803,54588,150000
'18JI',2803,54588,153600
'18JI',2803,54588,161200
'18JI',2803,54588,164700
'18JI',2803,54588,172300
'18JI',2803,54588,175800
'18JI',2803,54588,183300
'18JI',2803,54588,190800
'18JI',2803,54588,194300
'18JI',2803,54588,201800
'18JI',2803,54588,205100
'18JI',2803,54588,212500
'18JI',2803,54588,215700
'18JI',2803,54588,223000
'18JI',2803,54588,230200
'18JI',2803,54588,233100
'18JI',2803,54588,240200
'18JI',2803,54588,243300
'18JI',2803,54588,250100
'18JI',2803,54588,253400
'18JI',2803,54588,260300
'18JS',2803,54588,52500
'18JS',2803,54588,60000
'18JS',2803,54588,61800
'18JS',2803,54588,63900
'18JS',2803,54588,64900
'18JS',2803,54588,70000
'18JS',2803,54588,71100
'18JS',2803,54588,72200
'18JS',2803,54588,73000
'18JS',2803,54588,73700
'18JS',2803,54588,74400
'18JS',2803,54588,75100
'18JS',2803,54588,80100
'18JS',2803,54588,81200
'18JS',2803,54588,82400
'18JS',2803,54588,83200
'18JS',2803,54588,84000
'18JS',2803,54588,90700
'18JS',2803,54588,93700
'18JS',2803,54588,100700
'18JS',2803,54588,103700
'18JS',2803,54588,110700
'18JS',2803,54588,113700
'18JS',2803,54588,120700
'18JS',2803,54588,123700
'18JS',2803,54588,130700
'18JS',2803,54588,133800
'18JS',2803,54588,140700
'18JS',2803,54588,143800
'18JS',2803,54588,150900
'18JS',2803,54588,153900
'18JS',2803,54588,160900
'18JS',2803,54588,163800
'18JS',2803,54588,170800
'18JS',2803,54588,173800
'18JS',2803,54588,180800
'18JS',2803,54588,183700
'18JS',2803,54588,190600
'18JS',2803,54588,193400
'18JS',2803,54588,200300
'18JS',2803,54588,203100
'18JS',2803,54588,210100
'18JS',2803,54588,213100
'18JS',2803,54588,220100
'18JS',2803,54588,223100
'18JS',2803,54588,230100
'18JS',2803,54588,233100
'18JS',2803,54588,240100
'18JS',2803,54588,242900
'18JS',2803,54588,245900
'18JS',2803,54588,253100
'18JS',2803,54588,260300
