'17UA',9001,61647,52206
'17UA',9001,61647,55306
'17UA',9001,61647,62506
'17UA',9001,61647,65506
'17UA',9001,61647,72306
'17UA',9001,61647,74406
'17UA',9001,61647,80306
'17UA',9001,61647,82106
'17UA',9001,61647,83906
'17UA',9001,61647,85506
'17UA',9001,61647,91006
'17UA',9001,61647,92506
'17UA',9001,61647,94006
'17UA',9001,61647,95606
'17UA',9001,61647,101206
'17UA',9001,61647,102706
'17UA',9001,61647,104006
'17UA',9001,61647,105306
'17UA',9001,61647,110606
'17UA',9001,61647,111906
'17UA',9001,61647,113406
'17UA',9001,61647,114906
'17UA',9001,61647,120306
'17UA',9001,61647,121806
'17UA',9001,61647,123306
'17UA',9001,61647,124806
'17UA',9001,61647,130306
'17UA',9001,61647,131706
'17UA',9001,61647,133006
'17UA',9001,61647,134406
'17UA',9001,61647,135806
'17UA',9001,61647,141306
'17UA',9001,61647,142706
'17UA',9001,61647,144006
'17UA',9001,61647,145406
'17UA',9001,61647,150706
'17UA',9001,61647,151906
'17UA',9001,61647,153206
'17UA',9001,61647,154406
'17UA',9001,61647,155606
'17UA',9001,61647,161106
'17UA',9001,61647,162606
'17UA',9001,61647,164106
'17UA',9001,61647,165606
'17UA',9001,61647,171306
'17UA',9001,61647,173006
'17UA',9001,61647,174706
'17UA',9001,61647,180306
'17UA',9001,61647,181906
'17UA',9001,61647,183506
'17UA',9001,61647,185106
'17UA',9001,61647,191006
'17UA',9001,61647,193706
'17UA',9001,61647,200606
'17UA',9001,61647,203506
'17UA',9001,61647,210606
'17UA',9001,61647,213706
'17UA',9001,61647,220806
'17UA',9001,61647,223806
'17UA',9001,61647,230706
'17UA',9001,61647,233706
'17UA',9001,61647,240706
'17UA',9001,61647,243606
'17UA',9001,61647,250706
'17UF1',9001,61647,52206
'17UF1',9001,61647,55306
'17UF1',9001,61647,62506
'17UF1',9001,61647,65506
'17UF1',9001,61647,72306
'17UF1',9001,61647,74406
'17UF1',9001,61647,80306
'17UF1',9001,61647,82106
'17UF1',9001,61647,83906
'17UF1',9001,61647,85506
'17UF1',9001,61647,91006
'17UF1',9001,61647,92506
'17UF1',9001,61647,94006
'17UF1',9001,61647,95606
'17UF1',9001,61647,101206
'17UF1',9001,61647,102706
'17UF1',9001,61647,104006
'17UF1',9001,61647,105306
'17UF1',9001,61647,110606
'17UF1',9001,61647,111906
'17UF1',9001,61647,113406
'17UF1',9001,61647,114906
'17UF1',9001,61647,120306
'17UF1',9001,61647,121806
'17UF1',9001,61647,123306
'17UF1',9001,61647,124806
'17UF1',9001,61647,130306
'17UF1',9001,61647,131706
'17UF1',9001,61647,133006
'17UF1',9001,61647,134406
'17UF1',9001,61647,135806
'17UF1',9001,61647,141306
'17UF1',9001,61647,142706
'17UF1',9001,61647,144006
'17UF1',9001,61647,145406
'17UF1',9001,61647,150706
'17UF1',9001,61647,151906
'17UF1',9001,61647,153206
'17UF1',9001,61647,154406
'17UF1',9001,61647,155606
'17UF1',9001,61647,161106
'17UF1',9001,61647,162606
'17UF1',9001,61647,164106
'17UF1',9001,61647,165606
'17UF1',9001,61647,171306
'17UF1',9001,61647,173006
'17UF1',9001,61647,174706
'17UF1',9001,61647,180306
'17UF1',9001,61647,181906
'17UF1',9001,61647,183506
'17UF1',9001,61647,185106
'17UF1',9001,61647,191006
'17UF1',9001,61647,193706
'17UF1',9001,61647,200606
'17UF1',9001,61647,203506
'17UF1',9001,61647,210606
'17UF1',9001,61647,213706
'17UF1',9001,61647,220806
'17UF1',9001,61647,223806
'17UF1',9001,61647,230706
'17UF1',9001,61647,233706
'17UF1',9001,61647,240706
'17UF1',9001,61647,243606
'17UF1',9001,61647,250706
'17UF2',9001,61647,52206
'17UF2',9001,61647,55306
'17UF2',9001,61647,62506
'17UF2',9001,61647,65506
'17UF2',9001,61647,72306
'17UF2',9001,61647,74406
'17UF2',9001,61647,80306
'17UF2',9001,61647,82106
'17UF2',9001,61647,83906
'17UF2',9001,61647,85506
'17UF2',9001,61647,91006
'17UF2',9001,61647,92506
'17UF2',9001,61647,94006
'17UF2',9001,61647,95606
'17UF2',9001,61647,101206
'17UF2',9001,61647,102706
'17UF2',9001,61647,104006
'17UF2',9001,61647,105306
'17UF2',9001,61647,110606
'17UF2',9001,61647,111906
'17UF2',9001,61647,113406
'17UF2',9001,61647,114906
'17UF2',9001,61647,120306
'17UF2',9001,61647,121806
'17UF2',9001,61647,123306
'17UF2',9001,61647,124806
'17UF2',9001,61647,130306
'17UF2',9001,61647,131706
'17UF2',9001,61647,133006
'17UF2',9001,61647,134406
'17UF2',9001,61647,135806
'17UF2',9001,61647,141306
'17UF2',9001,61647,142706
'17UF2',9001,61647,144006
'17UF2',9001,61647,145406
'17UF2',9001,61647,150706
'17UF2',9001,61647,151906
'17UF2',9001,61647,153206
'17UF2',9001,61647,154406
'17UF2',9001,61647,155606
'17UF2',9001,61647,161106
'17UF2',9001,61647,162606
'17UF2',9001,61647,164106
'17UF2',9001,61647,165606
'17UF2',9001,61647,171306
'17UF2',9001,61647,173006
'17UF2',9001,61647,174706
'17UF2',9001,61647,180306
'17UF2',9001,61647,181906
'17UF2',9001,61647,183506
'17UF2',9001,61647,185106
'17UF2',9001,61647,191006
'17UF2',9001,61647,193706
'17UF2',9001,61647,200606
'17UF2',9001,61647,203506
'17UF2',9001,61647,210606
'17UF2',9001,61647,213706
'17UF2',9001,61647,220806
'17UF2',9001,61647,223806
'17UF2',9001,61647,230706
'17UF2',9001,61647,233706
'17UF2',9001,61647,240706
'17UF2',9001,61647,243606
'17UF2',9001,61647,250706
'17UI',9001,61647,60306
'17UI',9001,61647,63306
'17UI',9001,61647,70306
'17UI',9001,61647,73306
'17UI',9001,61647,80006
'17UI',9001,61647,82006
'17UI',9001,61647,83706
'17UI',9001,61647,85406
'17UI',9001,61647,91106
'17UI',9001,61647,93006
'17UI',9001,61647,95206
'17UI',9001,61647,101306
'17UI',9001,61647,103006
'17UI',9001,61647,104606
'17UI',9001,61647,110106
'17UI',9001,61647,111606
'17UI',9001,61647,113106
'17UI',9001,61647,114506
'17UI',9001,61647,115906
'17UI',9001,61647,121406
'17UI',9001,61647,122906
'17UI',9001,61647,124506
'17UI',9001,61647,130106
'17UI',9001,61647,131706
'17UI',9001,61647,133306
'17UI',9001,61647,134806
'17UI',9001,61647,140306
'17UI',9001,61647,141806
'17UI',9001,61647,143306
'17UI',9001,61647,144806
'17UI',9001,61647,150306
'17UI',9001,61647,151806
'17UI',9001,61647,153506
'17UI',9001,61647,155206
'17UI',9001,61647,160906
'17UI',9001,61647,162606
'17UI',9001,61647,164406
'17UI',9001,61647,170106
'17UI',9001,61647,172306
'17UI',9001,61647,174406
'17UI',9001,61647,181006
'17UI',9001,61647,184006
'17UI',9001,61647,191106
'17UI',9001,61647,194206
'17UI',9001,61647,201306
'17UI',9001,61647,204406
'17UI',9001,61647,211506
'17UI',9001,61647,214606
'17UI',9001,61647,221506
'17UI',9001,61647,224406
'17UI',9001,61647,231306
'17UI',9001,61647,234206
'17UI',9001,61647,241006
'17UI',9001,61647,243806
'17UI',9001,61647,250706
'17US',9001,61647,50337
'17US',9001,61647,52637
'17US',9001,61647,54737
'17US',9001,61647,60837
'17US',9001,61647,61837
'17US',9001,61647,62837
'17US',9001,61647,63637
'17US',9001,61647,64637
'17US',9001,61647,65237
'17US',9001,61647,70337
'17US',9001,61647,70937
'17US',9001,61647,71937
'17US',9001,61647,72837
'17US',9001,61647,73737
'17US',9001,61647,74737
'17US',9001,61647,75737
'17US',9001,61647,80537
'17US',9001,61647,81237
'17US',9001,61647,81937
'17US',9001,61647,82937
'17US',9001,61647,83937
'17US',9001,61647,84937
'17US',9001,61647,85937
'17US',9001,61647,90837
'17US',9001,61647,91837
'17US',9001,61647,92837
'17US',9001,61647,93837
'17US',9001,61647,94837
'17US',9001,61647,95837
'17US',9001,61647,100837
'17US',9001,61647,101837
'17US',9001,61647,102837
'17US',9001,61647,103837
'17US',9001,61647,104837
'17US',9001,61647,105837
'17US',9001,61647,110837
'17US',9001,61647,111837
'17US',9001,61647,112837
'17US',9001,61647,113837
'17US',9001,61647,114837
'17US',9001,61647,115837
'17US',9001,61647,120837
'17US',9001,61647,121837
'17US',9001,61647,122837
'17US',9001,61647,123837
'17US',9001,61647,124837
'17US',9001,61647,125837
'17US',9001,61647,130837
'17US',9001,61647,131837
'17US',9001,61647,132837
'17US',9001,61647,133837
'17US',9001,61647,134737
'17US',9001,61647,135737
'17US',9001,61647,140837
'17US',9001,61647,141937
'17US',9001,61647,143137
'17US',9001,61647,144437
'17US',9001,61647,145837
'17US',9001,61647,151137
'17US',9001,61647,152337
'17US',9001,61647,153737
'17US',9001,61647,155137
'17US',9001,61647,161137
'17US',9001,61647,163337
'17US',9001,61647,165537
'17US',9001,61647,171737
'17US',9001,61647,174037
'17US',9001,61647,181137
'17US',9001,61647,184137
'17US',9001,61647,191137
'17US',9001,61647,194137
'17US',9001,61647,201037
'17US',9001,61647,204037
'17US',9001,61647,211037
'17US',9001,61647,214037
'17US',9001,61647,220637
'17US',9001,61647,223137
'17US',9001,61647,230237
'17US',9001,61647,233537
'17US',9001,61647,240637
'17US',9001,61647,243637
'17US',9001,61647,250737
'17UA',19101,61647,51004
'17UA',19101,61647,54004
'17UA',19101,61647,61204
'17UA',19101,61647,64204
'17UA',19101,61647,71204
'17UA',19101,61647,74235
'17UA',19101,61647,80135
'17UA',19101,61647,81835
'17UA',19101,61647,83535
'17UA',19101,61647,85235
'17UA',19101,61647,90935
'17UA',19101,61647,92635
'17UA',19101,61647,94235
'17UA',19101,61647,100206
'17UA',19101,61647,101906
'17UA',19101,61647,104206
'17UA',19101,61647,110406
'17UA',19101,61647,112706
'17UA',19101,61647,115006
'17UA',19101,61647,120706
'17UA',19101,61647,121906
'17UA',19101,61647,123106
'17UA',19101,61647,124306
'17UA',19101,61647,125506
'17UA',19101,61647,130806
'17UA',19101,61647,132406
'17UA',19101,61647,134006
'17UA',19101,61647,135606
'17UA',19101,61647,140906
'17UA',19101,61647,142206
'17UA',19101,61647,143506
'17UA',19101,61647,144806
'17UA',19101,61647,150206
'17UA',19101,61647,151606
'17UA',19101,61647,153006
'17UA',19101,61647,154506
'17UA',19101,61647,160106
'17UA',19101,61647,161906
'17UA',19101,61647,163706
'17UA',19101,61647,165406
'17UA',19101,61647,170806
'17UA',19101,61647,172206
'17UA',19101,61647,173606
'17UA',19101,61647,175106
'17UA',19101,61647,181006
'17UA',19101,61647,183706
'17UA',19101,61647,190135
'17UA',19101,61647,192735
'17UA',19101,61647,194535
'17UA',19101,61647,200335
'17UA',19101,61647,203035
'17UA',19101,61647,205935
'17UA',19101,61647,212835
'17UA',19101,61647,215704
'17UA',19101,61647,222704
'17UA',19101,61647,225804
'17UA',19101,61647,232904
'17UA',19101,61647,235604
'17UA',19101,61647,242604
'17UA',19101,61647,245304
'17UA',19101,61647,252304
'17UF1',19101,61647,51004
'17UF1',19101,61647,54004
'17UF1',19101,61647,61204
'17UF1',19101,61647,64204
'17UF1',19101,61647,71204
'17UF1',19101,61647,74235
'17UF1',19101,61647,80135
'17UF1',19101,61647,81835
'17UF1',19101,61647,83535
'17UF1',19101,61647,85235
'17UF1',19101,61647,90935
'17UF1',19101,61647,92635
'17UF1',19101,61647,94235
'17UF1',19101,61647,100206
'17UF1',19101,61647,101906
'17UF1',19101,61647,104206
'17UF1',19101,61647,110406
'17UF1',19101,61647,112706
'17UF1',19101,61647,115006
'17UF1',19101,61647,120706
'17UF1',19101,61647,121906
'17UF1',19101,61647,123106
'17UF1',19101,61647,124306
'17UF1',19101,61647,125506
'17UF1',19101,61647,130806
'17UF1',19101,61647,132406
'17UF1',19101,61647,134006
'17UF1',19101,61647,135606
'17UF1',19101,61647,140906
'17UF1',19101,61647,142206
'17UF1',19101,61647,143506
'17UF1',19101,61647,144806
'17UF1',19101,61647,150206
'17UF1',19101,61647,151606
'17UF1',19101,61647,153006
'17UF1',19101,61647,154506
'17UF1',19101,61647,160106
'17UF1',19101,61647,161906
'17UF1',19101,61647,163706
'17UF1',19101,61647,165406
'17UF1',19101,61647,170806
'17UF1',19101,61647,172206
'17UF1',19101,61647,173606
'17UF1',19101,61647,175106
'17UF1',19101,61647,181006
'17UF1',19101,61647,183706
'17UF1',19101,61647,190135
'17UF1',19101,61647,192735
'17UF1',19101,61647,194535
'17UF1',19101,61647,200335
'17UF1',19101,61647,203035
'17UF1',19101,61647,205935
'17UF1',19101,61647,212835
'17UF1',19101,61647,215704
'17UF1',19101,61647,222704
'17UF1',19101,61647,225804
'17UF1',19101,61647,232904
'17UF1',19101,61647,235604
'17UF1',19101,61647,242604
'17UF1',19101,61647,245304
'17UF1',19101,61647,252304
'17UF2',19101,61647,51004
'17UF2',19101,61647,54004
'17UF2',19101,61647,61204
'17UF2',19101,61647,64204
'17UF2',19101,61647,71204
'17UF2',19101,61647,74235
'17UF2',19101,61647,80135
'17UF2',19101,61647,81835
'17UF2',19101,61647,83535
'17UF2',19101,61647,85235
'17UF2',19101,61647,90935
'17UF2',19101,61647,92635
'17UF2',19101,61647,94235
'17UF2',19101,61647,100206
'17UF2',19101,61647,101906
'17UF2',19101,61647,104206
'17UF2',19101,61647,110406
'17UF2',19101,61647,112706
'17UF2',19101,61647,115006
'17UF2',19101,61647,120706
'17UF2',19101,61647,121906
'17UF2',19101,61647,123106
'17UF2',19101,61647,124306
'17UF2',19101,61647,125506
'17UF2',19101,61647,130806
'17UF2',19101,61647,132406
'17UF2',19101,61647,134006
'17UF2',19101,61647,135606
'17UF2',19101,61647,140906
'17UF2',19101,61647,142206
'17UF2',19101,61647,143506
'17UF2',19101,61647,144806
'17UF2',19101,61647,150206
'17UF2',19101,61647,151606
'17UF2',19101,61647,153006
'17UF2',19101,61647,154506
'17UF2',19101,61647,160106
'17UF2',19101,61647,161906
'17UF2',19101,61647,163706
'17UF2',19101,61647,165406
'17UF2',19101,61647,170806
'17UF2',19101,61647,172206
'17UF2',19101,61647,173606
'17UF2',19101,61647,175106
'17UF2',19101,61647,181006
'17UF2',19101,61647,183706
'17UF2',19101,61647,190135
'17UF2',19101,61647,192735
'17UF2',19101,61647,194535
'17UF2',19101,61647,200335
'17UF2',19101,61647,203035
'17UF2',19101,61647,205935
'17UF2',19101,61647,212835
'17UF2',19101,61647,215704
'17UF2',19101,61647,222704
'17UF2',19101,61647,225804
'17UF2',19101,61647,232904
'17UF2',19101,61647,235604
'17UF2',19101,61647,242604
'17UF2',19101,61647,245304
'17UF2',19101,61647,252304
'17UI',19101,61647,51033
'17UI',19101,61647,54104
'17UI',19101,61647,61104
'17UI',19101,61647,64104
'17UI',19101,61647,71104
'17UI',19101,61647,74104
'17UI',19101,61647,81104
'17UI',19101,61647,83204
'17UI',19101,61647,85635
'17UI',19101,61647,91635
'17UI',19101,61647,93635
'17UI',19101,61647,95635
'17UI',19101,61647,101535
'17UI',19101,61647,103535
'17UI',19101,61647,105635
'17UI',19101,61647,111635
'17UI',19101,61647,113735
'17UI',19101,61647,115935
'17UI',19101,61647,122135
'17UI',19101,61647,124235
'17UI',19101,61647,130335
'17UI',19101,61647,132335
'17UI',19101,61647,134335
'17UI',19101,61647,140235
'17UI',19101,61647,142135
'17UI',19101,61647,144135
'17UI',19101,61647,150135
'17UI',19101,61647,152535
'17UI',19101,61647,154935
'17UI',19101,61647,161235
'17UI',19101,61647,163735
'17UI',19101,61647,170035
'17UI',19101,61647,172235
'17UI',19101,61647,174435
'17UI',19101,61647,180735
'17UI',19101,61647,183635
'17UI',19101,61647,190035
'17UI',19101,61647,193035
'17UI',19101,61647,200035
'17UI',19101,61647,202935
'17UI',19101,61647,205835
'17UI',19101,61647,212835
'17UI',19101,61647,215835
'17UI',19101,61647,222835
'17UI',19101,61647,225635
'17UI',19101,61647,232535
'17UI',19101,61647,235235
'17UI',19101,61647,242235
'17UI',19101,61647,245435
'17US',19101,61647,51504
'17US',19101,61647,54404
'17US',19101,61647,61404
'17US',19101,61647,64635
'17US',19101,61647,71935
'17US',19101,61647,75835
'17US',19101,61647,83135
'17US',19101,61647,90235
'17US',19101,61647,93104
'17US',19101,61647,95904
'17US',19101,61647,102504
'17US',19101,61647,105104
'17US',19101,61647,111704
'17US',19101,61647,114804
'17US',19101,61647,121704
'17US',19101,61647,124804
'17US',19101,61647,131804
'17US',19101,61647,134904
'17US',19101,61647,141304
'17US',19101,61647,143404
'17US',19101,61647,145404
'17US',19101,61647,152004
'17US',19101,61647,154904
'17US',19101,61647,161604
'17US',19101,61647,164504
'17US',19101,61647,171204
'17US',19101,61647,174204
'17US',19101,61647,180104
'17US',19101,61647,182904
'17US',19101,61647,185704
'17US',19101,61647,192304
'17US',19101,61647,195104
'17US',19101,61647,202104
'17US',19101,61647,205304
'17US',19101,61647,212404
'17US',19101,61647,215504
'17US',19101,61647,222304
'17US',19101,61647,225404
'17US',19101,61647,232404
'17US',19101,61647,235404
'17US',19101,61647,242504
'17US',19101,61647,245604
'17UA',19501,61647,51249
'17UA',19501,61647,54249
'17UA',19501,61647,61249
'17UA',19501,61647,64249
'17UA',19501,61647,71249
'17UA',19501,61647,74410
'17UA',19501,61647,81510
'17UA',19501,61647,84531
'17UA',19501,61647,91631
'17UA',19501,61647,94631
'17UA',19501,61647,101531
'17UA',19501,61647,104431
'17UA',19501,61647,111531
'17UA',19501,61647,114531
'17UA',19501,61647,121631
'17UA',19501,61647,124731
'17UA',19501,61647,132031
'17UA',19501,61647,135031
'17UA',19501,61647,142131
'17UA',19501,61647,145131
'17UA',19501,61647,152031
'17UA',19501,61647,154849
'17UA',19501,61647,161849
'17UA',19501,61647,164849
'17UA',19501,61647,171849
'17UA',19501,61647,174949
'17UA',19501,61647,181949
'17UA',19501,61647,184849
'17UA',19501,61647,191649
'17UA',19501,61647,194549
'17UA',19501,61647,201449
'17UA',19501,61647,204349
'17UA',19501,61647,211349
'17UA',19501,61647,214349
'17UA',19501,61647,221349
'17UA',19501,61647,224249
'17UA',19501,61647,231249
'17UA',19501,61647,234249
'17UA',19501,61647,241249
'17UA',19501,61647,244249
'17UA',19501,61647,251249
'17UA',19501,61647,254249
'17UF1',19501,61647,51249
'17UF1',19501,61647,54249
'17UF1',19501,61647,61249
'17UF1',19501,61647,64249
'17UF1',19501,61647,71249
'17UF1',19501,61647,74410
'17UF1',19501,61647,81510
'17UF1',19501,61647,84531
'17UF1',19501,61647,91631
'17UF1',19501,61647,94631
'17UF1',19501,61647,101531
'17UF1',19501,61647,104431
'17UF1',19501,61647,111531
'17UF1',19501,61647,114531
'17UF1',19501,61647,121631
'17UF1',19501,61647,124731
'17UF1',19501,61647,132031
'17UF1',19501,61647,135031
'17UF1',19501,61647,142131
'17UF1',19501,61647,145131
'17UF1',19501,61647,152031
'17UF1',19501,61647,154849
'17UF1',19501,61647,161849
'17UF1',19501,61647,164849
'17UF1',19501,61647,171849
'17UF1',19501,61647,174949
'17UF1',19501,61647,181949
'17UF1',19501,61647,184849
'17UF1',19501,61647,191649
'17UF1',19501,61647,194549
'17UF1',19501,61647,201449
'17UF1',19501,61647,204349
'17UF1',19501,61647,211349
'17UF1',19501,61647,214349
'17UF1',19501,61647,221349
'17UF1',19501,61647,224249
'17UF1',19501,61647,231249
'17UF1',19501,61647,234249
'17UF1',19501,61647,241249
'17UF1',19501,61647,244249
'17UF1',19501,61647,251249
'17UF1',19501,61647,254249
'17UF2',19501,61647,51249
'17UF2',19501,61647,54249
'17UF2',19501,61647,61249
'17UF2',19501,61647,64249
'17UF2',19501,61647,71249
'17UF2',19501,61647,74410
'17UF2',19501,61647,81510
'17UF2',19501,61647,84531
'17UF2',19501,61647,91631
'17UF2',19501,61647,94631
'17UF2',19501,61647,101531
'17UF2',19501,61647,104431
'17UF2',19501,61647,111531
'17UF2',19501,61647,114531
'17UF2',19501,61647,121631
'17UF2',19501,61647,124731
'17UF2',19501,61647,132031
'17UF2',19501,61647,135031
'17UF2',19501,61647,142131
'17UF2',19501,61647,145131
'17UF2',19501,61647,152031
'17UF2',19501,61647,154849
'17UF2',19501,61647,161849
'17UF2',19501,61647,164849
'17UF2',19501,61647,171849
'17UF2',19501,61647,174949
'17UF2',19501,61647,181949
'17UF2',19501,61647,184849
'17UF2',19501,61647,191649
'17UF2',19501,61647,194549
'17UF2',19501,61647,201449
'17UF2',19501,61647,204349
'17UF2',19501,61647,211349
'17UF2',19501,61647,214349
'17UF2',19501,61647,221349
'17UF2',19501,61647,224249
'17UF2',19501,61647,231249
'17UF2',19501,61647,234249
'17UF2',19501,61647,241249
'17UF2',19501,61647,244249
'17UF2',19501,61647,251249
'17UF2',19501,61647,254249
'17UI',19501,61647,51149
'17UI',19501,61647,54149
'17UI',19501,61647,61149
'17UI',19501,61647,64149
'17UI',19501,61647,71149
'17UI',19501,61647,74149
'17UI',19501,61647,81149
'17UI',19501,61647,84410
'17UI',19501,61647,91510
'17UI',19501,61647,94510
'17UI',19501,61647,101510
'17UI',19501,61647,104610
'17UI',19501,61647,111710
'17UI',19501,61647,114710
'17UI',19501,61647,121710
'17UI',19501,61647,124710
'17UI',19501,61647,131810
'17UI',19501,61647,134810
'17UI',19501,61647,141810
'17UI',19501,61647,144910
'17UI',19501,61647,152010
'17UI',19501,61647,155010
'17UI',19501,61647,162010
'17UI',19501,61647,165110
'17UI',19501,61647,172210
'17UI',19501,61647,175149
'17UI',19501,61647,182149
'17UI',19501,61647,185149
'17UI',19501,61647,192049
'17UI',19501,61647,194849
'17UI',19501,61647,201749
'17UI',19501,61647,204649
'17UI',19501,61647,211549
'17UI',19501,61647,214449
'17UI',19501,61647,221349
'17UI',19501,61647,224349
'17UI',19501,61647,231349
'17UI',19501,61647,234349
'17UI',19501,61647,241349
'17UI',19501,61647,244349
'17UI',19501,61647,251849
'17US',19501,61647,50049
'17US',19501,61647,53149
'17US',19501,61647,60652
'17US',19501,61647,64252
'17US',19501,61647,71152
'17US',19501,61647,74452
'17US',19501,61647,81352
'17US',19501,61647,84331
'17US',19501,61647,91531
'17US',19501,61647,94131
'17US',19501,61647,101210
'17US',19501,61647,104110
'17US',19501,61647,110910
'17US',19501,61647,114010
'17US',19501,61647,120910
'17US',19501,61647,124031
'17US',19501,61647,131352
'17US',19501,61647,134352
'17US',19501,61647,141552
'17US',19501,61647,144552
'17US',19501,61647,151652
'17US',19501,61647,154152
'17US',19501,61647,160634
'17US',19501,61647,163834
'17US',19501,61647,170413
'17US',19501,61647,173313
'17US',19501,61647,180031
'17US',19501,61647,182631
'17US',19501,61647,185631
'17US',19501,61647,192331
'17US',19501,61647,195331
'17US',19501,61647,202431
'17US',19501,61647,205331
'17US',19501,61647,212331
'17US',19501,61647,215231
'17US',19501,61647,222131
'17US',19501,61647,225131
'17US',19501,61647,232031
'17US',19501,61647,234931
'17US',19501,61647,241931
'17US',19501,61647,244749
'17US',19501,61647,251749
'17UA',35601,61647,260901
'17UA',35601,61647,265601
'17UA',35601,61647,274601
'17UA',35601,61647,283601
'17UA',35601,61647,292001
'17UF1',35601,61647,260901
'17UF1',35601,61647,265601
'17UF1',35601,61647,274601
'17UF1',35601,61647,283601
'17UF1',35601,61647,292001
'17UF2',35601,61647,260901
'17UF2',35601,61647,265601
'17UF2',35601,61647,274601
'17UF2',35601,61647,283601
'17UF2',35601,61647,292001
'17UI',35601,61647,261512
'17UI',35601,61647,265412
'17UI',35601,61647,273212
'17UI',35601,61647,281012
'17UI',35601,61647,284812
'17UI',35601,61647,292612
'17US',35601,61647,262012
'17US',35601,61647,265512
'17US',35601,61647,272912
'17US',35601,61647,280212
'17US',35601,61647,284812
'17US',35601,61647,293412
