'17NA',19101,57135,45328
'17NA',19101,57135,52228
'17NA',19101,57135,55332
'17NA',19101,57135,62332
'17NA',19101,57135,65332
'17NA',19101,57135,70832
'17NA',19101,57135,72332
'17NA',19101,57135,74040
'17NA',19101,57135,75740
'17NA',19101,57135,81540
'17NA',19101,57135,83240
'17NA',19101,57135,84940
'17NA',19101,57135,90540
'17NA',19101,57135,92140
'17NA',19101,57135,93944
'17NA',19101,57135,95544
'17NA',19101,57135,101144
'17NA',19101,57135,102744
'17NA',19101,57135,104344
'17NA',19101,57135,110544
'17NA',19101,57135,112744
'17NA',19101,57135,114244
'17NA',19101,57135,115544
'17NA',19101,57135,120844
'17NA',19101,57135,122144
'17NA',19101,57135,123444
'17NA',19101,57135,124844
'17NA',19101,57135,130244
'17NA',19101,57135,131744
'17NA',19101,57135,133244
'17NA',19101,57135,134644
'17NA',19101,57135,140044
'17NA',19101,57135,141344
'17NA',19101,57135,142644
'17NA',19101,57135,144044
'17NA',19101,57135,145444
'17NA',19101,57135,150944
'17NA',19101,57135,152444
'17NA',19101,57135,153944
'17NA',19101,57135,155444
'17NA',19101,57135,160944
'17NA',19101,57135,162444
'17NA',19101,57135,163944
'17NA',19101,57135,165444
'17NA',19101,57135,170944
'17NA',19101,57135,172544
'17NA',19101,57135,174744
'17NA',19101,57135,181744
'17NA',19101,57135,184540
'17NA',19101,57135,191340
'17NA',19101,57135,194140
'17NA',19101,57135,200940
'17NA',19101,57135,203940
'17NA',19101,57135,210940
'17NA',19101,57135,213740
'17NA',19101,57135,220640
'17NA',19101,57135,223640
'17NA',19101,57135,230740
'17NA',19101,57135,233832
'17NA',19101,57135,240832
'17NA',19101,57135,243732
'17NA',19101,57135,250732
'17NF1',19101,57135,45528
'17NF1',19101,57135,52328
'17NF1',19101,57135,55332
'17NF1',19101,57135,62332
'17NF1',19101,57135,65332
'17NF1',19101,57135,72332
'17NF1',19101,57135,75332
'17NF1',19101,57135,80932
'17NF1',19101,57135,82532
'17NF1',19101,57135,84136
'17NF1',19101,57135,85736
'17NF1',19101,57135,91736
'17NF1',19101,57135,93736
'17NF1',19101,57135,95736
'17NF1',19101,57135,101736
'17NF1',19101,57135,103744
'17NF1',19101,57135,105744
'17NF1',19101,57135,111844
'17NF1',19101,57135,113844
'17NF1',19101,57135,115844
'17NF1',19101,57135,121844
'17NF1',19101,57135,123844
'17NF1',19101,57135,125844
'17NF1',19101,57135,131844
'17NF1',19101,57135,133844
'17NF1',19101,57135,140144
'17NF1',19101,57135,142444
'17NF1',19101,57135,144744
'17NF1',19101,57135,150944
'17NF1',19101,57135,153244
'17NF1',19101,57135,155544
'17NF1',19101,57135,162144
'17NF1',19101,57135,164744
'17NF1',19101,57135,171444
'17NF1',19101,57135,174344
'17NF1',19101,57135,181244
'17NF1',19101,57135,184136
'17NF1',19101,57135,191036
'17NF1',19101,57135,193936
'17NF1',19101,57135,200936
'17NF1',19101,57135,203936
'17NF1',19101,57135,210936
'17NF1',19101,57135,213936
'17NF1',19101,57135,220936
'17NF1',19101,57135,223832
'17NF1',19101,57135,230732
'17NF1',19101,57135,233632
'17NF1',19101,57135,240532
'17NF1',19101,57135,243832
'17NF2',19101,57135,45528
'17NF2',19101,57135,52328
'17NF2',19101,57135,55332
'17NF2',19101,57135,62332
'17NF2',19101,57135,65332
'17NF2',19101,57135,72332
'17NF2',19101,57135,75332
'17NF2',19101,57135,80932
'17NF2',19101,57135,82532
'17NF2',19101,57135,84136
'17NF2',19101,57135,85736
'17NF2',19101,57135,91736
'17NF2',19101,57135,93736
'17NF2',19101,57135,95736
'17NF2',19101,57135,101736
'17NF2',19101,57135,103744
'17NF2',19101,57135,105744
'17NF2',19101,57135,111844
'17NF2',19101,57135,113844
'17NF2',19101,57135,115844
'17NF2',19101,57135,121844
'17NF2',19101,57135,123844
'17NF2',19101,57135,125844
'17NF2',19101,57135,131844
'17NF2',19101,57135,133844
'17NF2',19101,57135,140144
'17NF2',19101,57135,142444
'17NF2',19101,57135,144744
'17NF2',19101,57135,150944
'17NF2',19101,57135,153244
'17NF2',19101,57135,155544
'17NF2',19101,57135,162144
'17NF2',19101,57135,164744
'17NF2',19101,57135,171444
'17NF2',19101,57135,174344
'17NF2',19101,57135,181244
'17NF2',19101,57135,184136
'17NF2',19101,57135,191036
'17NF2',19101,57135,193936
'17NF2',19101,57135,200936
'17NF2',19101,57135,203936
'17NF2',19101,57135,210936
'17NF2',19101,57135,213936
'17NF2',19101,57135,220936
'17NF2',19101,57135,223832
'17NF2',19101,57135,230732
'17NF2',19101,57135,233632
'17NF2',19101,57135,240532
'17NF2',19101,57135,243832
'17NF3',19101,57135,45528
'17NF3',19101,57135,52328
'17NF3',19101,57135,55332
'17NF3',19101,57135,62332
'17NF3',19101,57135,65332
'17NF3',19101,57135,72332
'17NF3',19101,57135,75332
'17NF3',19101,57135,80932
'17NF3',19101,57135,82532
'17NF3',19101,57135,84136
'17NF3',19101,57135,85736
'17NF3',19101,57135,91736
'17NF3',19101,57135,93736
'17NF3',19101,57135,95736
'17NF3',19101,57135,101736
'17NF3',19101,57135,103744
'17NF3',19101,57135,105744
'17NF3',19101,57135,111844
'17NF3',19101,57135,113844
'17NF3',19101,57135,115844
'17NF3',19101,57135,121844
'17NF3',19101,57135,123844
'17NF3',19101,57135,125844
'17NF3',19101,57135,131844
'17NF3',19101,57135,133844
'17NF3',19101,57135,140144
'17NF3',19101,57135,142444
'17NF3',19101,57135,144744
'17NF3',19101,57135,150944
'17NF3',19101,57135,153244
'17NF3',19101,57135,155544
'17NF3',19101,57135,162144
'17NF3',19101,57135,164744
'17NF3',19101,57135,171444
'17NF3',19101,57135,174344
'17NF3',19101,57135,181244
'17NF3',19101,57135,184136
'17NF3',19101,57135,191036
'17NF3',19101,57135,193936
'17NF3',19101,57135,200936
'17NF3',19101,57135,203936
'17NF3',19101,57135,210936
'17NF3',19101,57135,213936
'17NF3',19101,57135,220936
'17NF3',19101,57135,223832
'17NF3',19101,57135,230732
'17NF3',19101,57135,233632
'17NF3',19101,57135,240532
'17NF3',19101,57135,243832
'17NF4',19101,57135,45528
'17NF4',19101,57135,52328
'17NF4',19101,57135,55332
'17NF4',19101,57135,62332
'17NF4',19101,57135,65332
'17NF4',19101,57135,72332
'17NF4',19101,57135,75332
'17NF4',19101,57135,80932
'17NF4',19101,57135,82532
'17NF4',19101,57135,84136
'17NF4',19101,57135,85736
'17NF4',19101,57135,91736
'17NF4',19101,57135,93736
'17NF4',19101,57135,95736
'17NF4',19101,57135,101736
'17NF4',19101,57135,103744
'17NF4',19101,57135,105744
'17NF4',19101,57135,111844
'17NF4',19101,57135,113844
'17NF4',19101,57135,115844
'17NF4',19101,57135,121844
'17NF4',19101,57135,123844
'17NF4',19101,57135,125844
'17NF4',19101,57135,131844
'17NF4',19101,57135,133844
'17NF4',19101,57135,140144
'17NF4',19101,57135,142444
'17NF4',19101,57135,144744
'17NF4',19101,57135,150944
'17NF4',19101,57135,153244
'17NF4',19101,57135,155544
'17NF4',19101,57135,162144
'17NF4',19101,57135,164744
'17NF4',19101,57135,171444
'17NF4',19101,57135,174344
'17NF4',19101,57135,181244
'17NF4',19101,57135,184136
'17NF4',19101,57135,191036
'17NF4',19101,57135,193936
'17NF4',19101,57135,200936
'17NF4',19101,57135,203936
'17NF4',19101,57135,210936
'17NF4',19101,57135,213936
'17NF4',19101,57135,220936
'17NF4',19101,57135,223832
'17NF4',19101,57135,230732
'17NF4',19101,57135,233632
'17NF4',19101,57135,240532
'17NF4',19101,57135,243832
'17NI',19101,57135,45528
'17NI',19101,57135,52328
'17NI',19101,57135,55332
'17NI',19101,57135,62332
'17NI',19101,57135,65332
'17NI',19101,57135,72332
'17NI',19101,57135,75332
'17NI',19101,57135,80932
'17NI',19101,57135,82532
'17NI',19101,57135,84136
'17NI',19101,57135,85736
'17NI',19101,57135,91736
'17NI',19101,57135,93736
'17NI',19101,57135,95736
'17NI',19101,57135,101736
'17NI',19101,57135,103744
'17NI',19101,57135,105744
'17NI',19101,57135,111844
'17NI',19101,57135,113844
'17NI',19101,57135,115844
'17NI',19101,57135,121844
'17NI',19101,57135,123844
'17NI',19101,57135,125844
'17NI',19101,57135,131844
'17NI',19101,57135,133844
'17NI',19101,57135,140144
'17NI',19101,57135,142444
'17NI',19101,57135,144744
'17NI',19101,57135,150944
'17NI',19101,57135,153244
'17NI',19101,57135,155544
'17NI',19101,57135,162144
'17NI',19101,57135,164744
'17NI',19101,57135,171444
'17NI',19101,57135,174344
'17NI',19101,57135,181244
'17NI',19101,57135,184136
'17NI',19101,57135,191036
'17NI',19101,57135,193936
'17NI',19101,57135,200936
'17NI',19101,57135,203936
'17NI',19101,57135,210936
'17NI',19101,57135,213936
'17NI',19101,57135,220936
'17NI',19101,57135,223832
'17NI',19101,57135,230732
'17NI',19101,57135,233632
'17NI',19101,57135,240532
'17NI',19101,57135,243832
'17NS',19101,57135,45436
'17NS',19101,57135,52336
'17NS',19101,57135,55336
'17NS',19101,57135,62436
'17NS',19101,57135,65640
'17NS',19101,57135,73148
'17NS',19101,57135,80648
'17NS',19101,57135,83740
'17NS',19101,57135,90440
'17NS',19101,57135,93040
'17NS',19101,57135,95540
'17NS',19101,57135,101440
'17NS',19101,57135,103540
'17NS',19101,57135,105940
'17NS',19101,57135,112440
'17NS',19101,57135,115440
'17NS',19101,57135,122440
'17NS',19101,57135,125440
'17NS',19101,57135,131244
'17NS',19101,57135,133044
'17NS',19101,57135,134844
'17NS',19101,57135,140044
'17NS',19101,57135,140944
'17NS',19101,57135,141844
'17NS',19101,57135,142944
'17NS',19101,57135,144044
'17NS',19101,57135,145444
'17NS',19101,57135,152344
'17NS',19101,57135,155144
'17NS',19101,57135,161944
'17NS',19101,57135,164744
'17NS',19101,57135,171644
'17NS',19101,57135,173744
'17NS',19101,57135,180544
'17NS',19101,57135,183344
'17NS',19101,57135,190340
'17NS',19101,57135,193140
'17NS',19101,57135,200240
'17NS',19101,57135,203340
'17NS',19101,57135,210340
'17NS',19101,57135,213540
'17NS',19101,57135,220532
'17NS',19101,57135,223632
'17NS',19101,57135,230732
'17NS',19101,57135,233832
'17NS',19101,57135,240832
'17NS',19101,57135,243932
