'16MA',5801,56621,51630
'16MA',5801,56621,54630
'16MA',5801,56621,61630
'16MA',5801,56621,64630
'16MA',5801,56621,71630
'16MA',5801,56621,74630
'16MA',5801,56621,81630
'16MA',5801,56621,84815
'16MA',5801,56621,91815
'16MA',5801,56621,94915
'16MA',5801,56621,102015
'16MA',5801,56621,105245
'16MA',5801,56621,112445
'16MA',5801,56621,115645
'16MA',5801,56621,121945
'16MA',5801,56621,124245
'16MA',5801,56621,130545
'16MA',5801,56621,132845
'16MA',5801,56621,135245
'16MA',5801,56621,141645
'16MA',5801,56621,144045
'16MA',5801,56621,150445
'16MA',5801,56621,152845
'16MA',5801,56621,155245
'16MA',5801,56621,161945
'16MA',5801,56621,164845
'16MA',5801,56621,171745
'16MA',5801,56621,174515
'16MA',5801,56621,181515
'16MA',5801,56621,184615
'16MA',5801,56621,191615
'16MA',5801,56621,194615
'16MA',5801,56621,201615
'16MA',5801,56621,204615
'16MA',5801,56621,211615
'16MA',5801,56621,214715
'16MA',5801,56621,221715
'16MA',5801,56621,224715
'16MA',5801,56621,231715
'16MA',5801,56621,234615
'16MA',5801,56621,241615
'16MA',5801,56621,244615
'16MA',5801,56621,251615
'16MF1',5801,56621,51630
'16MF1',5801,56621,54630
'16MF1',5801,56621,61630
'16MF1',5801,56621,64630
'16MF1',5801,56621,71630
'16MF1',5801,56621,74630
'16MF1',5801,56621,81630
'16MF1',5801,56621,84815
'16MF1',5801,56621,91815
'16MF1',5801,56621,94915
'16MF1',5801,56621,102015
'16MF1',5801,56621,105245
'16MF1',5801,56621,112445
'16MF1',5801,56621,115645
'16MF1',5801,56621,122045
'16MF1',5801,56621,124345
'16MF1',5801,56621,130645
'16MF1',5801,56621,132945
'16MF1',5801,56621,135245
'16MF1',5801,56621,141645
'16MF1',5801,56621,144045
'16MF1',5801,56621,150445
'16MF1',5801,56621,152845
'16MF1',5801,56621,155245
'16MF1',5801,56621,161945
'16MF1',5801,56621,164845
'16MF1',5801,56621,171745
'16MF1',5801,56621,174515
'16MF1',5801,56621,181515
'16MF1',5801,56621,184615
'16MF1',5801,56621,191615
'16MF1',5801,56621,194615
'16MF1',5801,56621,201615
'16MF1',5801,56621,204615
'16MF1',5801,56621,211615
'16MF1',5801,56621,214715
'16MF1',5801,56621,221715
'16MF1',5801,56621,224715
'16MF1',5801,56621,231715
'16MF1',5801,56621,234615
'16MF1',5801,56621,241615
'16MF1',5801,56621,244615
'16MF1',5801,56621,251615
'16MF2',5801,56621,51630
'16MF2',5801,56621,54630
'16MF2',5801,56621,61630
'16MF2',5801,56621,64630
'16MF2',5801,56621,71630
'16MF2',5801,56621,74630
'16MF2',5801,56621,81630
'16MF2',5801,56621,84815
'16MF2',5801,56621,91815
'16MF2',5801,56621,94915
'16MF2',5801,56621,102015
'16MF2',5801,56621,105245
'16MF2',5801,56621,112345
'16MF2',5801,56621,115345
'16MF2',5801,56621,121745
'16MF2',5801,56621,124045
'16MF2',5801,56621,130445
'16MF2',5801,56621,132845
'16MF2',5801,56621,135245
'16MF2',5801,56621,141645
'16MF2',5801,56621,144045
'16MF2',5801,56621,150445
'16MF2',5801,56621,152845
'16MF2',5801,56621,155245
'16MF2',5801,56621,161945
'16MF2',5801,56621,164845
'16MF2',5801,56621,171745
'16MF2',5801,56621,174515
'16MF2',5801,56621,181515
'16MF2',5801,56621,184615
'16MF2',5801,56621,191615
'16MF2',5801,56621,194615
'16MF2',5801,56621,201615
'16MF2',5801,56621,204615
'16MF2',5801,56621,211615
'16MF2',5801,56621,214715
'16MF2',5801,56621,221715
'16MF2',5801,56621,224715
'16MF2',5801,56621,231715
'16MF2',5801,56621,234615
'16MF2',5801,56621,241615
'16MF2',5801,56621,244615
'16MF2',5801,56621,251615
'16MF3',5801,56621,51530
'16MF3',5801,56621,54530
'16MF3',5801,56621,61530
'16MF3',5801,56621,64630
'16MF3',5801,56621,71730
'16MF3',5801,56621,74830
'16MF3',5801,56621,81930
'16MF3',5801,56621,85215
'16MF3',5801,56621,92215
'16MF3',5801,56621,95600
'16MF3',5801,56621,102700
'16MF3',5801,56621,105800
'16MF3',5801,56621,113000
'16MF3',5801,56621,120200
'16MF3',5801,56621,123400
'16MF3',5801,56621,130400
'16MF3',5801,56621,133600
'16MF3',5801,56621,140800
'16MF3',5801,56621,144000
'16MF3',5801,56621,151200
'16MF3',5801,56621,153300
'16MF3',5801,56621,155400
'16MF3',5801,56621,161500
'16MF3',5801,56621,163700
'16MF3',5801,56621,165900
'16MF3',5801,56621,172200
'16MF3',5801,56621,175300
'16MF3',5801,56621,182400
'16MF3',5801,56621,185600
'16MF3',5801,56621,192800
'16MF3',5801,56621,200000
'16MF3',5801,56621,203200
'16MF3',5801,56621,210400
'16MF3',5801,56621,213600
'16MF3',5801,56621,220800
'16MF3',5801,56621,224000
'16MF3',5801,56621,231115
'16MF3',5801,56621,234315
'16MF3',5801,56621,241515
'16MF3',5801,56621,244615
'16MF3',5801,56621,251445
'16MI',5801,56621,51530
'16MI',5801,56621,54530
'16MI',5801,56621,61530
'16MI',5801,56621,64630
'16MI',5801,56621,71730
'16MI',5801,56621,74830
'16MI',5801,56621,81930
'16MI',5801,56621,85215
'16MI',5801,56621,92215
'16MI',5801,56621,95600
'16MI',5801,56621,102700
'16MI',5801,56621,105800
'16MI',5801,56621,113000
'16MI',5801,56621,120200
'16MI',5801,56621,123400
'16MI',5801,56621,130400
'16MI',5801,56621,133600
'16MI',5801,56621,140800
'16MI',5801,56621,144000
'16MI',5801,56621,151200
'16MI',5801,56621,153500
'16MI',5801,56621,155600
'16MI',5801,56621,161600
'16MI',5801,56621,163700
'16MI',5801,56621,165800
'16MI',5801,56621,172200
'16MI',5801,56621,175300
'16MI',5801,56621,182400
'16MI',5801,56621,185600
'16MI',5801,56621,192800
'16MI',5801,56621,200000
'16MI',5801,56621,203200
'16MI',5801,56621,210400
'16MI',5801,56621,213600
'16MI',5801,56621,220800
'16MI',5801,56621,224000
'16MI',5801,56621,231115
'16MI',5801,56621,234315
'16MI',5801,56621,241515
'16MI',5801,56621,244615
'16MI',5801,56621,251445
'16MS',5801,56621,51530
'16MS',5801,56621,54530
'16MS',5801,56621,61915
'16MS',5801,56621,64215
'16MS',5801,56621,70700
'16MS',5801,56621,72100
'16MS',5801,56621,72800
'16MS',5801,56621,73600
'16MS',5801,56621,74300
'16MS',5801,56621,75100
'16MS',5801,56621,75800
'16MS',5801,56621,80500
'16MS',5801,56621,81300
'16MS',5801,56621,82300
'16MS',5801,56621,83400
'16MS',5801,56621,84500
'16MS',5801,56621,85900
'16MS',5801,56621,91600
'16MS',5801,56621,93700
'16MS',5801,56621,95900
'16MS',5801,56621,102000
'16MS',5801,56621,104100
'16MS',5801,56621,110100
'16MS',5801,56621,112100
'16MS',5801,56621,114145
'16MS',5801,56621,120145
'16MS',5801,56621,122145
'16MS',5801,56621,124145
'16MS',5801,56621,131045
'16MS',5801,56621,134045
'16MS',5801,56621,140045
'16MS',5801,56621,142045
'16MS',5801,56621,144045
'16MS',5801,56621,150045
'16MS',5801,56621,151945
'16MS',5801,56621,153745
'16MS',5801,56621,155545
'16MS',5801,56621,162845
'16MS',5801,56621,170145
'16MS',5801,56621,173445
'16MS',5801,56621,180745
'16MS',5801,56621,184045
'16MS',5801,56621,191345
'16MS',5801,56621,194500
'16MS',5801,56621,201600
'16MS',5801,56621,204700
'16MS',5801,56621,211700
'16MS',5801,56621,214530
'16MS',5801,56621,221430
'16MS',5801,56621,224230
'16MS',5801,56621,231030
'16MS',5801,56621,233830
'16MS',5801,56621,240530
'16MS',5801,56621,243130
'16MS',5801,56621,245430
'16MS',5801,56621,251830
'16MA',6101,56621,53156
'16MA',6101,56621,60156
'16MA',6101,56621,63056
'16MA',6101,56621,70056
'16MA',6101,56621,73056
'16MA',6101,56621,80056
'16MA',6101,56621,83156
'16MA',6101,56621,90256
'16MA',6101,56621,93156
'16MA',6101,56621,95456
'16MA',6101,56621,101756
'16MA',6101,56621,104026
'16MA',6101,56621,110326
'16MA',6101,56621,112626
'16MA',6101,56621,114926
'16MA',6101,56621,121226
'16MA',6101,56621,123626
'16MA',6101,56621,130026
'16MA',6101,56621,132526
'16MA',6101,56621,135026
'16MA',6101,56621,141626
'16MA',6101,56621,144126
'16MA',6101,56621,150526
'16MA',6101,56621,152926
'16MA',6101,56621,155226
'16MA',6101,56621,161526
'16MA',6101,56621,163926
'16MA',6101,56621,170226
'16MA',6101,56621,172526
'16MA',6101,56621,174926
'16MA',6101,56621,181226
'16MA',6101,56621,183426
'16MA',6101,56621,185626
'16MA',6101,56621,191926
'16MA',6101,56621,194956
'16MA',6101,56621,202056
'16MA',6101,56621,205056
'16MA',6101,56621,212156
'16MF1',6101,56621,53156
'16MF1',6101,56621,60156
'16MF1',6101,56621,63056
'16MF1',6101,56621,70056
'16MF1',6101,56621,73056
'16MF1',6101,56621,80056
'16MF1',6101,56621,83156
'16MF1',6101,56621,90256
'16MF1',6101,56621,93156
'16MF1',6101,56621,95456
'16MF1',6101,56621,101756
'16MF1',6101,56621,104026
'16MF1',6101,56621,110326
'16MF1',6101,56621,112626
'16MF1',6101,56621,114926
'16MF1',6101,56621,121226
'16MF1',6101,56621,123626
'16MF1',6101,56621,130026
'16MF1',6101,56621,132526
'16MF1',6101,56621,135026
'16MF1',6101,56621,141626
'16MF1',6101,56621,144126
'16MF1',6101,56621,150526
'16MF1',6101,56621,152926
'16MF1',6101,56621,155226
'16MF1',6101,56621,161526
'16MF1',6101,56621,163926
'16MF1',6101,56621,170226
'16MF1',6101,56621,172526
'16MF1',6101,56621,174926
'16MF1',6101,56621,181226
'16MF1',6101,56621,183426
'16MF1',6101,56621,185626
'16MF1',6101,56621,191926
'16MF1',6101,56621,194956
'16MF1',6101,56621,202056
'16MF1',6101,56621,205056
'16MF1',6101,56621,212156
'16MF2',6101,56621,53156
'16MF2',6101,56621,60156
'16MF2',6101,56621,63056
'16MF2',6101,56621,70056
'16MF2',6101,56621,73056
'16MF2',6101,56621,80056
'16MF2',6101,56621,83156
'16MF2',6101,56621,90256
'16MF2',6101,56621,93156
'16MF2',6101,56621,95456
'16MF2',6101,56621,101756
'16MF2',6101,56621,104026
'16MF2',6101,56621,110326
'16MF2',6101,56621,112626
'16MF2',6101,56621,114926
'16MF2',6101,56621,121226
'16MF2',6101,56621,123626
'16MF2',6101,56621,130026
'16MF2',6101,56621,132526
'16MF2',6101,56621,135026
'16MF2',6101,56621,141626
'16MF2',6101,56621,144126
'16MF2',6101,56621,150526
'16MF2',6101,56621,152926
'16MF2',6101,56621,155226
'16MF2',6101,56621,161526
'16MF2',6101,56621,163926
'16MF2',6101,56621,170226
'16MF2',6101,56621,172526
'16MF2',6101,56621,174926
'16MF2',6101,56621,181226
'16MF2',6101,56621,183426
'16MF2',6101,56621,185626
'16MF2',6101,56621,191926
'16MF2',6101,56621,194956
'16MF2',6101,56621,202056
'16MF2',6101,56621,205056
'16MF2',6101,56621,212156
'16MF3',6101,56621,53156
'16MF3',6101,56621,60156
'16MF3',6101,56621,63056
'16MF3',6101,56621,70056
'16MF3',6101,56621,73056
'16MF3',6101,56621,80056
'16MF3',6101,56621,83156
'16MF3',6101,56621,90256
'16MF3',6101,56621,93156
'16MF3',6101,56621,95456
'16MF3',6101,56621,101756
'16MF3',6101,56621,104026
'16MF3',6101,56621,110326
'16MF3',6101,56621,112626
'16MF3',6101,56621,114926
'16MF3',6101,56621,121226
'16MF3',6101,56621,123626
'16MF3',6101,56621,130026
'16MF3',6101,56621,132526
'16MF3',6101,56621,135026
'16MF3',6101,56621,141626
'16MF3',6101,56621,144126
'16MF3',6101,56621,150526
'16MF3',6101,56621,152926
'16MF3',6101,56621,155226
'16MF3',6101,56621,161526
'16MF3',6101,56621,163926
'16MF3',6101,56621,170226
'16MF3',6101,56621,172526
'16MF3',6101,56621,174926
'16MF3',6101,56621,181226
'16MF3',6101,56621,183426
'16MF3',6101,56621,185626
'16MF3',6101,56621,191926
'16MF3',6101,56621,194956
'16MF3',6101,56621,202056
'16MF3',6101,56621,205056
'16MF3',6101,56621,212156
'16MI',6101,56621,53156
'16MI',6101,56621,60156
'16MI',6101,56621,63156
'16MI',6101,56621,70156
'16MI',6101,56621,73156
'16MI',6101,56621,80126
'16MI',6101,56621,83226
'16MI',6101,56621,90326
'16MI',6101,56621,93526
'16MI',6101,56621,100726
'16MI',6101,56621,104026
'16MI',6101,56621,111226
'16MI',6101,56621,113926
'16MI',6101,56621,120326
'16MI',6101,56621,122726
'16MI',6101,56621,125126
'16MI',6101,56621,131526
'16MI',6101,56621,133955
'16MI',6101,56621,140355
'16MI',6101,56621,142855
'16MI',6101,56621,145355
'16MI',6101,56621,151855
'16MI',6101,56621,154426
'16MI',6101,56621,161426
'16MI',6101,56621,164426
'16MI',6101,56621,171226
'16MI',6101,56621,174026
'16MI',6101,56621,180826
'16MI',6101,56621,183056
'16MI',6101,56621,185456
'16MI',6101,56621,191856
'16MI',6101,56621,194256
'16MI',6101,56621,200556
'16MI',6101,56621,202856
'16MI',6101,56621,205656
'16MI',6101,56621,212556
'16MS',6101,56621,52756
'16MS',6101,56621,55756
'16MS',6101,56621,62626
'16MS',6101,56621,65426
'16MS',6101,56621,71726
'16MS',6101,56621,73126
'16MS',6101,56621,74526
'16MS',6101,56621,80055
'16MS',6101,56621,81555
'16MS',6101,56621,84055
'16MS',6101,56621,90526
'16MS',6101,56621,92926
'16MS',6101,56621,95426
'16MS',6101,56621,101926
'16MS',6101,56621,104426
'16MS',6101,56621,110926
'16MS',6101,56621,113526
'16MS',6101,56621,120126
'16MS',6101,56621,122726
'16MS',6101,56621,125326
'16MS',6101,56621,132026
'16MS',6101,56621,134726
'16MS',6101,56621,141426
'16MS',6101,56621,144026
'16MS',6101,56621,150626
'16MS',6101,56621,153426
'16MS',6101,56621,160326
'16MS',6101,56621,163326
'16MS',6101,56621,170226
'16MS',6101,56621,173226
'16MS',6101,56621,180226
'16MS',6101,56621,183426
'16MS',6101,56621,190726
'16MS',6101,56621,194026
'16MS',6101,56621,201256
'16MS',6101,56621,204356
'16MS',6101,56621,211556
'16MS',6101,56621,214656
'16MS',6101,56621,221756
'16MS',6101,56621,224756
'16MS',6101,56621,231756
'16MS',6101,56621,234756
'16MS',6101,56621,241727
'16MS',6101,56621,243627
