'18UA',8601,53880,64309
'18UA',8601,53880,71809
'18UA',8601,53880,75009
'18UA',8601,53880,82609
'18UA',8601,53880,85809
'18UA',8601,53880,93009
'18UA',8601,53880,100209
'18UA',8601,53880,103744
'18UA',8601,53880,111044
'18UA',8601,53880,114344
'18UA',8601,53880,121844
'18UA',8601,53880,125144
'18UA',8601,53880,132544
'18UA',8601,53880,135944
'18UA',8601,53880,143344
'18UA',8601,53880,150744
'18UA',8601,53880,154044
'18UA',8601,53880,161344
'18UA',8601,53880,164644
'18UA',8601,53880,172044
'18UA',8601,53880,175344
'18UA',8601,53880,182544
'18UA',8601,53880,185844
'18UA',8601,53880,193144
'18UA',8601,53880,200444
'18UA',8601,53880,203444
'18UA',8601,53880,210744
'18UA',8601,53880,214044
'18UA',8601,53880,221244
'18UA',8601,53880,224344
'18UA',8601,53880,230957
'18UA',8601,53880,234057
'18UA',8601,53880,241157
'18UA',8601,53880,244257
'18UA',8601,53880,251157
'18UA',8601,53880,254257
'18UA',8601,53880,261457
'18UA',8601,53880,264657
'18UF1',8601,53880,64357
'18UF1',8601,53880,71657
'18UF1',8601,53880,74857
'18UF1',8601,53880,81957
'18UF1',8601,53880,84957
'18UF1',8601,53880,92457
'18UF1',8601,53880,95657
'18UF1',8601,53880,102757
'18UF1',8601,53880,110057
'18UF1',8601,53880,113357
'18UF1',8601,53880,120657
'18UF1',8601,53880,123757
'18UF1',8601,53880,130957
'18UF1',8601,53880,134357
'18UF1',8601,53880,141757
'18UF1',8601,53880,144957
'18UF1',8601,53880,152157
'18UF1',8601,53880,155457
'18UF1',8601,53880,162757
'18UF1',8601,53880,165957
'18UF1',8601,53880,173157
'18UF1',8601,53880,180457
'18UF1',8601,53880,183757
'18UF1',8601,53880,190957
'18UF1',8601,53880,194057
'18UF1',8601,53880,201357
'18UF1',8601,53880,204457
'18UF1',8601,53880,211457
'18UF1',8601,53880,214457
'18UF1',8601,53880,221657
'18UF1',8601,53880,224757
'18UF1',8601,53880,231757
'18UF1',8601,53880,234757
'18UF1',8601,53880,241657
'18UF1',8601,53880,244657
'18UF1',8601,53880,251657
'18UF1',8601,53880,254557
'18UF1',8601,53880,261457
'18UF1',8601,53880,263757
'18UF2',8601,53880,64357
'18UF2',8601,53880,71657
'18UF2',8601,53880,74857
'18UF2',8601,53880,81957
'18UF2',8601,53880,84957
'18UF2',8601,53880,92457
'18UF2',8601,53880,95657
'18UF2',8601,53880,102757
'18UF2',8601,53880,110057
'18UF2',8601,53880,113357
'18UF2',8601,53880,120657
'18UF2',8601,53880,123757
'18UF2',8601,53880,130957
'18UF2',8601,53880,134357
'18UF2',8601,53880,141757
'18UF2',8601,53880,144957
'18UF2',8601,53880,152157
'18UF2',8601,53880,155457
'18UF2',8601,53880,162757
'18UF2',8601,53880,165957
'18UF2',8601,53880,173157
'18UF2',8601,53880,180457
'18UF2',8601,53880,183757
'18UF2',8601,53880,190957
'18UF2',8601,53880,194057
'18UF2',8601,53880,201357
'18UF2',8601,53880,204457
'18UF2',8601,53880,211457
'18UF2',8601,53880,214457
'18UF2',8601,53880,221657
'18UF2',8601,53880,224757
'18UF2',8601,53880,231757
'18UF2',8601,53880,234757
'18UF2',8601,53880,241657
'18UF2',8601,53880,244657
'18UF2',8601,53880,251657
'18UF2',8601,53880,254557
'18UF2',8601,53880,261457
'18UF2',8601,53880,263757
'18UI',8601,53880,64357
'18UI',8601,53880,71657
'18UI',8601,53880,74857
'18UI',8601,53880,81957
'18UI',8601,53880,84957
'18UI',8601,53880,92457
'18UI',8601,53880,95657
'18UI',8601,53880,102757
'18UI',8601,53880,110057
'18UI',8601,53880,113357
'18UI',8601,53880,120657
'18UI',8601,53880,123757
'18UI',8601,53880,130957
'18UI',8601,53880,134357
'18UI',8601,53880,141757
'18UI',8601,53880,144957
'18UI',8601,53880,152157
'18UI',8601,53880,155457
'18UI',8601,53880,162757
'18UI',8601,53880,165957
'18UI',8601,53880,173157
'18UI',8601,53880,180457
'18UI',8601,53880,183757
'18UI',8601,53880,190957
'18UI',8601,53880,194057
'18UI',8601,53880,201357
'18UI',8601,53880,204457
'18UI',8601,53880,211457
'18UI',8601,53880,214457
'18UI',8601,53880,221657
'18UI',8601,53880,224757
'18UI',8601,53880,231757
'18UI',8601,53880,234757
'18UI',8601,53880,241657
'18UI',8601,53880,244657
'18UI',8601,53880,251657
'18UI',8601,53880,254557
'18UI',8601,53880,261457
'18UI',8601,53880,263757
'18US',8601,53880,64257
'18US',8601,53880,71557
'18US',8601,53880,75057
'18US',8601,53880,82157
'18US',8601,53880,84957
'18US',8601,53880,91657
'18US',8601,53880,94657
'18US',8601,53880,101557
'18US',8601,53880,104357
'18US',8601,53880,111257
'18US',8601,53880,114257
'18US',8601,53880,121257
'18US',8601,53880,124257
'18US',8601,53880,131257
'18US',8601,53880,134157
'18US',8601,53880,141157
'18US',8601,53880,144157
'18US',8601,53880,151557
'18US',8601,53880,154644
'18US',8601,53880,161644
'18US',8601,53880,164744
'18US',8601,53880,171944
'18US',8601,53880,175044
'18US',8601,53880,181857
'18US',8601,53880,184657
'18US',8601,53880,191357
'18US',8601,53880,194157
'18US',8601,53880,201157
'18US',8601,53880,203857
'18US',8601,53880,210757
'18US',8601,53880,213757
'18US',8601,53880,220757
'18US',8601,53880,223757
'18US',8601,53880,230709
'18US',8601,53880,233709
'18US',8601,53880,240709
'18US',8601,53880,243609
'18US',8601,53880,250409
'18US',8601,53880,253409
'18US',8601,53880,260509
'18US',8601,53880,263609
'18UA',36201,53880,272453
'18UA',36201,53880,280953
'18UA',36201,53880,285453
'18UA',36201,53880,293953
'18UF1',36201,53880,263953
'18UF1',36201,53880,272453
'18UF1',36201,53880,280953
'18UF1',36201,53880,285453
'18UF1',36201,53880,293953
'18UF2',36201,53880,263953
'18UF2',36201,53880,272453
'18UF2',36201,53880,280953
'18UF2',36201,53880,285453
'18UF2',36201,53880,293953
'18UI',36201,53880,263953
'18UI',36201,53880,272453
'18UI',36201,53880,280953
'18UI',36201,53880,285453
'18UI',36201,53880,293953
'18US',36201,53880,263611
'18US',36201,53880,272111
'18US',36201,53880,280611
'18US',36201,53880,285211
'18US',36201,53880,293711
'18US',41001,53880,160400
'18US',41001,53880,161458
'18US',41001,53880,164158
'18US',41001,53880,165558
'18US',41001,53880,170500
'18US',41001,53880,171602
'18US',41001,53880,173804
'18US',41001,53880,175804
'18US',41001,53880,181204
'18US',41001,53880,182306
'18US',41001,53880,184908
'18US',41001,53880,191108
'18US',41001,53880,193708
'18US',41001,53880,200708
'18US',48701,53880,153246
'18US',48701,53880,160346
'18US',48701,53880,163446
'18US',48701,53880,170446
'18US',48701,53880,172046
'18US',48701,53880,173846
'18US',48701,53880,175346
'18US',48701,53880,180846
'18US',48701,53880,182746
'18US',48701,53880,185746
'18US',48701,53880,192505
'18US',48701,53880,195405
