'16US',21902,60800,62345
'16US',21902,60800,65717
'16US',21902,60800,73317
'16US',21902,60800,80917
'16US',21902,60800,84445
'16US',21902,60800,150445
'16US',21902,60800,153945
'16US',21902,60800,161445
'16US',21902,60800,164945
'16US',21902,60800,172545
'16US',21902,60800,175945
'16US',41902,60800,62124
'16US',41902,60800,65421
'16US',41902,60800,72821
'16US',41902,60800,80121
'16US',41902,60800,83121
'16US',41902,60800,85752
'16US',41902,60800,92452
'16US',41902,60800,95252
'16US',41902,60800,102252
'16US',41902,60800,105352
'16US',41902,60800,112452
'16US',41902,60800,115652
'16US',41902,60800,122752
'16US',41902,60800,125852
'16US',41902,60800,132852
'16US',41902,60800,135852
'16US',41902,60800,142752
'16US',41902,60800,145752
'16US',41902,60800,152752
'16US',41902,60800,155752
'16US',41902,60800,162921
'16US',41902,60800,165821
'16US',41902,60800,172821
'16US',41902,60800,175721
