'17NA',11903,56049,71500
'17NA',11903,56049,75300
'17NA',11903,56049,82900
'17NA',11903,56049,90500
'17NA',11903,56049,94100
'17NA',11903,56049,101900
'17NA',11903,56049,105600
'17NA',11903,56049,113400
'17NA',11903,56049,121300
'17NA',11903,56049,125100
'17NA',11903,56049,132900
'17NA',11903,56049,140700
'17NA',11903,56049,144500
'17NA',11903,56049,152400
'17NA',11903,56049,160200
'17NA',11903,56049,164100
'17NA',11903,56049,171900
'17NA',11903,56049,175600
'17NA',11903,56049,183100
'17NA',11903,56049,190700
'17NF1',11903,56049,71500
'17NF1',11903,56049,75300
'17NF1',11903,56049,82900
'17NF1',11903,56049,90500
'17NF1',11903,56049,94100
'17NF1',11903,56049,101900
'17NF1',11903,56049,105600
'17NF1',11903,56049,113400
'17NF1',11903,56049,121300
'17NF1',11903,56049,125100
'17NF1',11903,56049,132900
'17NF1',11903,56049,140700
'17NF1',11903,56049,144500
'17NF1',11903,56049,152400
'17NF1',11903,56049,160200
'17NF1',11903,56049,164100
'17NF1',11903,56049,171900
'17NF1',11903,56049,175600
'17NF1',11903,56049,183100
'17NF1',11903,56049,190700
'17NF2',11903,56049,71500
'17NF2',11903,56049,75300
'17NF2',11903,56049,82900
'17NF2',11903,56049,90500
'17NF2',11903,56049,94100
'17NF2',11903,56049,101900
'17NF2',11903,56049,105600
'17NF2',11903,56049,113400
'17NF2',11903,56049,121300
'17NF2',11903,56049,125100
'17NF2',11903,56049,132900
'17NF2',11903,56049,140700
'17NF2',11903,56049,144500
'17NF2',11903,56049,152400
'17NF2',11903,56049,160200
'17NF2',11903,56049,164100
'17NF2',11903,56049,171900
'17NF2',11903,56049,175600
'17NF2',11903,56049,183100
'17NF2',11903,56049,190700
'17NF3',11903,56049,71500
'17NF3',11903,56049,75300
'17NF3',11903,56049,82900
'17NF3',11903,56049,90500
'17NF3',11903,56049,94100
'17NF3',11903,56049,101900
'17NF3',11903,56049,105600
'17NF3',11903,56049,113400
'17NF3',11903,56049,121300
'17NF3',11903,56049,125100
'17NF3',11903,56049,132900
'17NF3',11903,56049,140700
'17NF3',11903,56049,144500
'17NF3',11903,56049,152400
'17NF3',11903,56049,160200
'17NF3',11903,56049,164100
'17NF3',11903,56049,171900
'17NF3',11903,56049,175600
'17NF3',11903,56049,183100
'17NF3',11903,56049,190700
'17NF4',11903,56049,71500
'17NF4',11903,56049,75300
'17NF4',11903,56049,82900
'17NF4',11903,56049,90500
'17NF4',11903,56049,94100
'17NF4',11903,56049,101900
'17NF4',11903,56049,105600
'17NF4',11903,56049,113400
'17NF4',11903,56049,121300
'17NF4',11903,56049,125100
'17NF4',11903,56049,132900
'17NF4',11903,56049,140700
'17NF4',11903,56049,144500
'17NF4',11903,56049,152400
'17NF4',11903,56049,160200
'17NF4',11903,56049,164100
'17NF4',11903,56049,171900
'17NF4',11903,56049,175600
'17NF4',11903,56049,183100
'17NF4',11903,56049,190700
'17NI',11903,56049,71500
'17NI',11903,56049,75300
'17NI',11903,56049,82900
'17NI',11903,56049,90500
'17NI',11903,56049,94100
'17NI',11903,56049,101900
'17NI',11903,56049,105600
'17NI',11903,56049,113400
'17NI',11903,56049,121300
'17NI',11903,56049,125100
'17NI',11903,56049,132900
'17NI',11903,56049,140700
'17NI',11903,56049,144500
'17NI',11903,56049,152400
'17NI',11903,56049,160200
'17NI',11903,56049,164100
'17NI',11903,56049,171900
'17NI',11903,56049,175600
'17NI',11903,56049,183100
'17NI',11903,56049,190700
'17NS',11903,56049,72500
'17NS',11903,56049,75600
'17NS',11903,56049,82900
'17NS',11903,56049,85800
'17NS',11903,56049,92300
'17NS',11903,56049,94900
'17NS',11903,56049,101500
'17NS',11903,56049,104000
'17NS',11903,56049,110600
'17NS',11903,56049,113200
'17NS',11903,56049,115900
'17NS',11903,56049,122500
'17NS',11903,56049,125100
'17NS',11903,56049,132000
'17NS',11903,56049,134600
'17NS',11903,56049,141300
'17NS',11903,56049,144200
'17NS',11903,56049,151300
'17NS',11903,56049,154400
'17NS',11903,56049,161600
'17NS',11903,56049,164600
'17NS',11903,56049,171700
'17NS',11903,56049,174700
'17NS',11903,56049,181700
'17NS',11903,56049,184600
'17NS',11903,56049,191700
