'16UA',2804,53276,52146
'16UA',2804,53276,55546
'16UA',2804,53276,62846
'16UA',2804,53276,70246
'16UA',2804,53276,73646
'16UA',2804,53276,81046
'16UA',2804,53276,84446
'16UA',2804,53276,91846
'16UA',2804,53276,95506
'16UA',2804,53276,102806
'16UA',2804,53276,110706
'16UA',2804,53276,114006
'16UA',2804,53276,121906
'16UA',2804,53276,125206
'16UA',2804,53276,133106
'16UA',2804,53276,140406
'16UA',2804,53276,144306
'16UA',2804,53276,150906
'16UA',2804,53276,153306
'16UA',2804,53276,155606
'16UA',2804,53276,163006
'16UA',2804,53276,165506
'16UA',2804,53276,172006
'16UA',2804,53276,174406
'16UA',2804,53276,182006
'16UA',2804,53276,185406
'16UA',2804,53276,193006
'16UA',2804,53276,200406
'16UA',2804,53276,204006
'16UA',2804,53276,211406
'16UA',2804,53276,215006
'16UA',2804,53276,222359
'16UA',2804,53276,225853
'16UA',2804,53276,232946
'16UA',2804,53276,240246
'16UA',2804,53276,243146
'16UA',2804,53276,250446
'16UA',2804,53276,253346
'16UA',2804,53276,260646
'16UF1',2804,53276,51746
'16UF1',2804,53276,55146
'16UF1',2804,53276,62446
'16UF1',2804,53276,65746
'16UF1',2804,53276,73046
'16UF1',2804,53276,80346
'16UF1',2804,53276,83646
'16UF1',2804,53276,90946
'16UF1',2804,53276,94446
'16UF1',2804,53276,101746
'16UF1',2804,53276,105246
'16UF1',2804,53276,112546
'16UF1',2804,53276,120046
'16UF1',2804,53276,123359
'16UF1',2804,53276,130859
'16UF1',2804,53276,134359
'16UF1',2804,53276,141959
'16UF1',2804,53276,145459
'16UF1',2804,53276,153106
'16UF1',2804,53276,155506
'16UF1',2804,53276,161859
'16UF1',2804,53276,164306
'16UF1',2804,53276,171759
'16UF1',2804,53276,175459
'16UF1',2804,53276,182859
'16UF1',2804,53276,190459
'16UF1',2804,53276,193859
'16UF1',2804,53276,201453
'16UF1',2804,53276,204839
'16UF1',2804,53276,212239
'16UF1',2804,53276,215539
'16UF1',2804,53276,222739
'16UF1',2804,53276,225839
'16UF1',2804,53276,232939
'16UF1',2804,53276,240039
'16UF1',2804,53276,242839
'16UF1',2804,53276,250039
'16UF1',2804,53276,252739
'16UF2',2804,53276,51746
'16UF2',2804,53276,55146
'16UF2',2804,53276,62446
'16UF2',2804,53276,65746
'16UF2',2804,53276,73046
'16UF2',2804,53276,80346
'16UF2',2804,53276,83646
'16UF2',2804,53276,90946
'16UF2',2804,53276,94446
'16UF2',2804,53276,101746
'16UF2',2804,53276,105246
'16UF2',2804,53276,112546
'16UF2',2804,53276,120046
'16UF2',2804,53276,123359
'16UF2',2804,53276,130859
'16UF2',2804,53276,134359
'16UF2',2804,53276,141959
'16UF2',2804,53276,145459
'16UF2',2804,53276,153106
'16UF2',2804,53276,155506
'16UF2',2804,53276,161859
'16UF2',2804,53276,164306
'16UF2',2804,53276,171759
'16UF2',2804,53276,175459
'16UF2',2804,53276,182859
'16UF2',2804,53276,190459
'16UF2',2804,53276,193859
'16UF2',2804,53276,201453
'16UF2',2804,53276,204839
'16UF2',2804,53276,212239
'16UF2',2804,53276,215539
'16UF2',2804,53276,222739
'16UF2',2804,53276,225839
'16UF2',2804,53276,232939
'16UF2',2804,53276,240039
'16UF2',2804,53276,242839
'16UF2',2804,53276,250039
'16UF2',2804,53276,252739
'16UI',2804,53276,51746
'16UI',2804,53276,55146
'16UI',2804,53276,62446
'16UI',2804,53276,65746
'16UI',2804,53276,73046
'16UI',2804,53276,80346
'16UI',2804,53276,83646
'16UI',2804,53276,90946
'16UI',2804,53276,94446
'16UI',2804,53276,101746
'16UI',2804,53276,105246
'16UI',2804,53276,112546
'16UI',2804,53276,120046
'16UI',2804,53276,123359
'16UI',2804,53276,130859
'16UI',2804,53276,134359
'16UI',2804,53276,141959
'16UI',2804,53276,145459
'16UI',2804,53276,153106
'16UI',2804,53276,155506
'16UI',2804,53276,161859
'16UI',2804,53276,164306
'16UI',2804,53276,171759
'16UI',2804,53276,175459
'16UI',2804,53276,182859
'16UI',2804,53276,190459
'16UI',2804,53276,193859
'16UI',2804,53276,201453
'16UI',2804,53276,204839
'16UI',2804,53276,212239
'16UI',2804,53276,215539
'16UI',2804,53276,222739
'16UI',2804,53276,225839
'16UI',2804,53276,232939
'16UI',2804,53276,240039
'16UI',2804,53276,242839
'16UI',2804,53276,250039
'16UI',2804,53276,252739
'16US',2804,53276,51933
'16US',2804,53276,60339
'16US',2804,53276,64139
'16US',2804,53276,70839
'16US',2804,53276,73839
'16US',2804,53276,80839
'16US',2804,53276,83539
'16US',2804,53276,90139
'16US',2804,53276,93039
'16US',2804,53276,95839
'16US',2804,53276,102739
'16US',2804,53276,105739
'16US',2804,53276,112739
'16US',2804,53276,115739
'16US',2804,53276,122739
'16US',2804,53276,125739
'16US',2804,53276,132739
'16US',2804,53276,135646
'16US',2804,53276,142646
'16US',2804,53276,145546
'16US',2804,53276,152346
'16US',2804,53276,154753
'16US',2804,53276,161053
'16US',2804,53276,162553
'16US',2804,53276,164053
'16US',2804,53276,165553
'16US',2804,53276,171053
'16US',2804,53276,172553
'16US',2804,53276,174353
'16US',2804,53276,175446
'16US',2804,53276,182046
'16US',2804,53276,185046
'16US',2804,53276,192046
'16US',2804,53276,195046
'16US',2804,53276,202046
'16US',2804,53276,205046
'16US',2804,53276,212046
'16US',2804,53276,214939
'16US',2804,53276,221939
'16US',2804,53276,224939
'16US',2804,53276,231939
'16US',2804,53276,234939
'16US',2804,53276,242239
'16US',2804,53276,245639
'16US',2804,53276,252939
