'16JA',2401,52701,64331
'16JA',2401,52701,71331
'16JA',2401,52701,74631
'16JA',2401,52701,81831
'16JA',2401,52701,85031
'16JA',2401,52701,92331
'16JA',2401,52701,95726
'16JA',2401,52701,102826
'16JA',2401,52701,105426
'16JA',2401,52701,111926
'16JA',2401,52701,114426
'16JA',2401,52701,121120
'16JA',2401,52701,123120
'16JA',2401,52701,124620
'16JA',2401,52701,125620
'16JA',2401,52701,130620
'16JA',2401,52701,131720
'16JA',2401,52701,132820
'16JA',2401,52701,133920
'16JA',2401,52701,135020
'16JA',2401,52701,140220
'16JA',2401,52701,141520
'16JA',2401,52701,142720
'16JA',2401,52701,144020
'16JA',2401,52701,145220
'16JA',2401,52701,150320
'16JA',2401,52701,151520
'16JA',2401,52701,152520
'16JA',2401,52701,153520
'16JA',2401,52701,154520
'16JA',2401,52701,155520
'16JA',2401,52701,160420
'16JA',2401,52701,161320
'16JA',2401,52701,162220
'16JA',2401,52701,163120
'16JA',2401,52701,164020
'16JA',2401,52701,164720
'16JA',2401,52701,165320
'16JA',2401,52701,165920
'16JA',2401,52701,170520
'16JA',2401,52701,171020
'16JA',2401,52701,171620
'16JA',2401,52701,172220
'16JA',2401,52701,172920
'16JA',2401,52701,173620
'16JA',2401,52701,174320
'16JA',2401,52701,175020
'16JA',2401,52701,175720
'16JA',2401,52701,180320
'16JA',2401,52701,180920
'16JA',2401,52701,181620
'16JA',2401,52701,182320
'16JA',2401,52701,183020
'16JA',2401,52701,183820
'16JA',2401,52701,184620
'16JA',2401,52701,185420
'16JA',2401,52701,190220
'16JA',2401,52701,190920
'16JA',2401,52701,191720
'16JA',2401,52701,192620
'16JA',2401,52701,193520
'16JA',2401,52701,194320
'16JA',2401,52701,195120
'16JA',2401,52701,195926
'16JA',2401,52701,200726
'16JA',2401,52701,202326
'16JA',2401,52701,204026
'16JA',2401,52701,205926
'16JA',2401,52701,211726
'16JA',2401,52701,213526
'16JA',2401,52701,215426
'16JA',2401,52701,221326
'16JA',2401,52701,223226
'16JA',2401,52701,225126
'16JA',2401,52701,231126
'16JA',2401,52701,233026
'16JA',2401,52701,234926
'16JA',2401,52701,240826
'16JA',2401,52701,242626
'16JA',2401,52701,244426
'16JA',2401,52701,245637
'16JA',2401,52701,251437
'16JA',2401,52701,253337
'16JA',2401,52701,255237
'16JA',2401,52701,261037
'16JA',2401,52701,262637
'16JI',2401,52701,64131
'16JI',2401,52701,71131
'16JI',2401,52701,74231
'16JI',2401,52701,81331
'16JI',2401,52701,84431
'16JI',2401,52701,91731
'16JI',2401,52701,94931
'16JI',2401,52701,102131
'16JI',2401,52701,105231
'16JI',2401,52701,111431
'16JI',2401,52701,113431
'16JI',2401,52701,115620
'16JI',2401,52701,121720
'16JI',2401,52701,123620
'16JI',2401,52701,125420
'16JI',2401,52701,131120
'16JI',2401,52701,132620
'16JI',2401,52701,134120
'16JI',2401,52701,135620
'16JI',2401,52701,141220
'16JI',2401,52701,142720
'16JI',2401,52701,144120
'16JI',2401,52701,145520
'16JI',2401,52701,150920
'16JI',2401,52701,152320
'16JI',2401,52701,153720
'16JI',2401,52701,154820
'16JI',2401,52701,155920
'16JI',2401,52701,160920
'16JI',2401,52701,161920
'16JI',2401,52701,162920
'16JI',2401,52701,163820
'16JI',2401,52701,164720
'16JI',2401,52701,165620
'16JI',2401,52701,170320
'16JI',2401,52701,171020
'16JI',2401,52701,171720
'16JI',2401,52701,172520
'16JI',2401,52701,173320
'16JI',2401,52701,174220
'16JI',2401,52701,175120
'16JI',2401,52701,175826
'16JI',2401,52701,180526
'16JI',2401,52701,181226
'16JI',2401,52701,182126
'16JI',2401,52701,183026
'16JI',2401,52701,183926
'16JI',2401,52701,185026
'16JI',2401,52701,190226
'16JI',2401,52701,191626
'16JI',2401,52701,193126
'16JI',2401,52701,194726
'16JI',2401,52701,200226
'16JI',2401,52701,201726
'16JI',2401,52701,203226
'16JI',2401,52701,204826
'16JI',2401,52701,210226
'16JI',2401,52701,211826
'16JI',2401,52701,213426
'16JI',2401,52701,215026
'16JI',2401,52701,220626
'16JI',2401,52701,222226
'16JI',2401,52701,223926
'16JI',2401,52701,225426
'16JI',2401,52701,231026
'16JI',2401,52701,232726
'16JI',2401,52701,234326
'16JI',2401,52701,235537
'16JI',2401,52701,241337
'16JI',2401,52701,244337
'16JI',2401,52701,251337
'16JI',2401,52701,254437
'16JS',2401,52701,63131
'16JS',2401,52701,64131
'16JS',2401,52701,65131
'16JS',2401,52701,70320
'16JS',2401,52701,71431
'16JS',2401,52701,72920
'16JS',2401,52701,73620
'16JS',2401,52701,74320
'16JS',2401,52701,74620
'16JS',2401,52701,75020
'16JS',2401,52701,75620
'16JS',2401,52701,80120
'16JS',2401,52701,80620
'16JS',2401,52701,81320
'16JS',2401,52701,81920
'16JS',2401,52701,82420
'16JS',2401,52701,82920
'16JS',2401,52701,83120
'16JS',2401,52701,83720
'16JS',2401,52701,84320
'16JS',2401,52701,84520
'16JS',2401,52701,85020
'16JS',2401,52701,85720
'16JS',2401,52701,90520
'16JS',2401,52701,91020
'16JS',2401,52701,91520
'16JS',2401,52701,92220
'16JS',2401,52701,92520
'16JS',2401,52701,93420
'16JS',2401,52701,94420
'16JS',2401,52701,95420
'16JS',2401,52701,100420
'16JS',2401,52701,101420
'16JS',2401,52701,102420
'16JS',2401,52701,103420
'16JS',2401,52701,104420
'16JS',2401,52701,105320
'16JS',2401,52701,110320
'16JS',2401,52701,111320
'16JS',2401,52701,112320
'16JS',2401,52701,113320
'16JS',2401,52701,114120
'16JS',2401,52701,114920
'16JS',2401,52701,115720
'16JS',2401,52701,120420
'16JS',2401,52701,121220
'16JS',2401,52701,122120
'16JS',2401,52701,122920
'16JS',2401,52701,123720
'16JS',2401,52701,124420
'16JS',2401,52701,125120
'16JS',2401,52701,125820
'16JS',2401,52701,130520
'16JS',2401,52701,131220
'16JS',2401,52701,132020
'16JS',2401,52701,132820
'16JS',2401,52701,133820
'16JS',2401,52701,134820
'16JS',2401,52701,135820
'16JS',2401,52701,140820
'16JS',2401,52701,141720
'16JS',2401,52701,142520
'16JS',2401,52701,143320
'16JS',2401,52701,144120
'16JS',2401,52701,144920
'16JS',2401,52701,145620
'16JS',2401,52701,150320
'16JS',2401,52701,150920
'16JS',2401,52701,151520
'16JS',2401,52701,152120
'16JS',2401,52701,152820
'16JS',2401,52701,153720
'16JS',2401,52701,154620
'16JS',2401,52701,155420
'16JS',2401,52701,160220
'16JS',2401,52701,160620
'16JS',2401,52701,161120
'16JS',2401,52701,162020
'16JS',2401,52701,162520
'16JS',2401,52701,162920
'16JS',2401,52701,163720
'16JS',2401,52701,164520
'16JS',2401,52701,165420
'16JS',2401,52701,165720
'16JS',2401,52701,170220
'16JS',2401,52701,170620
'16JS',2401,52701,170820
'16JS',2401,52701,171520
'16JS',2401,52701,172120
'16JS',2401,52701,172720
'16JS',2401,52701,173320
'16JS',2401,52701,173820
'16JS',2401,52701,174420
'16JS',2401,52701,174720
'16JS',2401,52701,175020
'16JS',2401,52701,175320
'16JS',2401,52701,175620
'16JS',2401,52701,180220
'16JS',2401,52701,180820
'16JS',2401,52701,181420
'16JS',2401,52701,182020
'16JS',2401,52701,182620
'16JS',2401,52701,182920
'16JS',2401,52701,183220
'16JS',2401,52701,183820
'16JS',2401,52701,184120
'16JS',2401,52701,184520
'16JS',2401,52701,185320
'16JS',2401,52701,185920
'16JS',2401,52701,190620
'16JS',2401,52701,191420
'16JS',2401,52701,192120
'16JS',2401,52701,192726
'16JS',2401,52701,193226
'16JS',2401,52701,193926
'16JS',2401,52701,194726
'16JS',2401,52701,195626
'16JS',2401,52701,200426
'16JS',2401,52701,201226
'16JS',2401,52701,201926
'16JS',2401,52701,202726
'16JS',2401,52701,203326
'16JS',2401,52701,203826
'16JS',2401,52701,204426
'16JS',2401,52701,205026
'16JS',2401,52701,205626
'16JS',2401,52701,210226
'16JS',2401,52701,210926
'16JS',2401,52701,211626
'16JS',2401,52701,212226
'16JS',2401,52701,212726
'16JS',2401,52701,213326
'16JS',2401,52701,214026
'16JS',2401,52701,214626
'16JS',2401,52701,215226
'16JS',2401,52701,215826
'16JS',2401,52701,220626
'16JS',2401,52701,221426
'16JS',2401,52701,222226
'16JS',2401,52701,222831
'16JS',2401,52701,223631
'16JS',2401,52701,224531
'16JS',2401,52701,225631
'16JS',2401,52701,230731
'16JS',2401,52701,232031
'16JS',2401,52701,233331
'16JS',2401,52701,234631
'16JS',2401,52701,240031
'16JS',2401,52701,241231
'16JS',2401,52701,242631
'16JS',2401,52701,244431
'16JS',2401,52701,251531
'16JS',2401,52701,254631
'16JA',35601,52701,265128
'16JA',35601,52701,273828
'16JA',35601,52701,282828
'16JA',35601,52701,291828
'16JA',35601,52701,300228
'16JI',35601,52701,265715
'16JI',35601,52701,273615
'16JI',35601,52701,281415
'16JI',35601,52701,285215
'16JI',35601,52701,293015
'16JI',35601,52701,300815
'16JS',35601,52701,265931
'16JS',35601,52701,273331
'16JS',35601,52701,280631
'16JS',35601,52701,283931
'16JS',35601,52701,292531
'16JS',35601,52701,301131
