'17NS',21602,55958,61246
'17NS',21602,55958,63246
'17NS',21602,55958,70246
'17NS',21602,55958,73546
'17NS',21602,55958,80646
'17NS',21602,55958,83746
'17NS',21602,55958,90346
'17NS',21602,55958,92646
'17NS',21602,55958,150746
'17NS',21602,55958,153946
'17NS',21602,55958,160946
'17NS',21602,55958,164246
'17NS',21602,55958,171546
'17NS',21602,55958,174546
'17NS',21602,55958,181346
'17NS',21602,55958,183546
'17NS',21602,55958,190446
'17NA',37602,55958,263740
'17NA',37602,55958,272235
'17NA',37602,55958,280735
'17NA',37602,55958,285235
'17NF1',37602,55958,255435
'17NF1',37602,55958,263935
'17NF1',37602,55958,272435
'17NF1',37602,55958,280835
'17NF1',37602,55958,285335
'17NF2',37602,55958,263740
'17NF2',37602,55958,272235
'17NF2',37602,55958,280735
'17NF2',37602,55958,285235
'17NF3',37602,55958,255435
'17NF3',37602,55958,263935
'17NF3',37602,55958,272435
'17NF3',37602,55958,280835
'17NF3',37602,55958,285335
'17NF4',37602,55958,263740
'17NF4',37602,55958,272235
'17NF4',37602,55958,280735
'17NF4',37602,55958,285235
'17NI',37602,55958,255435
'17NI',37602,55958,263935
'17NI',37602,55958,272435
'17NI',37602,55958,280835
'17NI',37602,55958,285335
'17NS',37602,55958,255235
'17NS',37602,55958,263735
'17NS',37602,55958,272235
'17NS',37602,55958,280735
'17NS',37602,55958,285235
'17NS',40903,55958,60233
'17NS',40903,55958,63533
'17NS',40903,55958,70733
'17NS',40903,55958,72533
'17NS',40903,55958,74426
'17NS',40903,55958,80333
'17NS',40903,55958,82133
'17NS',40903,55958,83833
'17NS',40903,55958,85333
'17NS',40903,55958,90739
'17NS',40903,55958,92333
'17NS',40903,55958,151326
'17NS',40903,55958,154633
'17NS',40903,55958,161933
'17NS',40903,55958,164733
'17NS',40903,55958,171333
'17NS',40903,55958,173833
'17NS',40903,55958,175926
'17NS',40903,55958,182126
'17NS',40903,55958,184526
'17NS',40903,55958,191026
