'17UA',7001,55959,150842
'17UA',7001,55959,154342
'17UA',7001,55959,161842
'17UA',7001,55959,165342
'17UA',7001,55959,172842
'17UF1',7001,55959,150842
'17UF1',7001,55959,154342
'17UF1',7001,55959,161842
'17UF1',7001,55959,165342
'17UF1',7001,55959,172842
'17UF2',7001,55959,150842
'17UF2',7001,55959,154342
'17UF2',7001,55959,161842
'17UF2',7001,55959,165342
'17UF2',7001,55959,172842
'17UI',7001,55959,150842
'17UI',7001,55959,154342
'17UI',7001,55959,161842
'17UI',7001,55959,165342
'17UI',7001,55959,172842
'17UI',7001,55959,180342
'17US',7001,55959,60233
'17US',7001,55959,63233
'17US',7001,55959,70233
'17US',7001,55959,72133
'17US',7001,55959,75150
'17US',7001,55959,81533
'17US',7001,55959,83833
'17US',7001,55959,90533
'17US',7001,55959,93433
'17US',7001,55959,100433
'17US',7001,55959,103433
'17US',7001,55959,110433
'17US',7001,55959,113333
'17US',7001,55959,120333
'17US',7001,55959,123433
'17US',7001,55959,130433
'17US',7001,55959,133433
'17US',7001,55959,140333
'17US',7001,55959,143233
'17US',7001,55959,150133
'17US',7001,55959,153307
'17US',7001,55959,160524
'17US',7001,55959,163724
'17US',7001,55959,165807
'17US',7001,55959,171907
'17US',7001,55959,174307
'17US',7001,55959,180150
'17US',7001,55959,183150
'17US',7001,55959,190250
'17US',7001,55959,193233
'17US',7001,55959,200233
'17US',7001,55959,203233
'17US',7001,55959,210233
'17US',7001,55959,213333
'17US',7001,55959,220233
'17US',7001,55959,223233
'17US',7001,55959,230233
'17US',7001,55959,233233
'17US',7001,55959,240233
'17US',7001,55959,243216
'17US',21301,55959,61729
'17US',21301,55959,64829
'17US',21301,55959,72156
'17US',21301,55959,75056
'17US',21301,55959,81756
'17US',21301,55959,84156
'17US',21301,55959,85829
'17US',21301,55959,91729
'17US',21301,55959,152629
'17US',21301,55959,153829
'17US',21301,55959,155029
'17US',21301,55959,160029
'17US',21301,55959,161029
'17US',21301,55959,162029
'17US',21301,55959,163029
'17US',21301,55959,164229
'17US',21301,55959,165129
'17US',21301,55959,170129
'17US',21301,55959,171129
'17US',21301,55959,172129
'17US',21301,55959,173229
'17US',21301,55959,174329
'17US',21301,55959,180129
'17US',21301,55959,181929
'17US',21301,55959,183329
