'14MS',5201,50624,62800
'14MS',5201,50624,65800
'14MS',5201,50624,72900
'14MS',5201,50624,75900
'14MS',5201,50624,82900
'14MS',5201,50624,85700
'14MS',5201,50624,152100
'14MS',5201,50624,155200
'14MS',5201,50624,162200
'14MS',5201,50624,165200
'14MS',5201,50624,172100
'14MS',5201,50624,175200
'14MS',5201,50657,62900
'14MS',5201,50657,65900
'14MS',5201,50657,73000
'14MS',5201,50657,80000
'14MS',5201,50657,83000
'14MS',5201,50657,85800
'14MS',5201,50657,152100
'14MS',5201,50657,155200
'14MS',5201,50657,162200
'14MS',5201,50657,165200
'14MS',5201,50657,172100
'14MS',5201,50657,175200
'14MS',5201,50665,63000
'14MS',5201,50665,70000
'14MS',5201,50665,73100
'14MS',5201,50665,80100
'14MS',5201,50665,83100
'14MS',5201,50665,85900
'14MS',5201,50671,63000
'14MS',5201,50671,70000
'14MS',5201,50671,73100
'14MS',5201,50671,80100
'14MS',5201,50671,83100
'14MS',5201,50671,85900
'14MS',5201,50675,62800
'14MS',5201,50675,65800
'14MS',5201,50675,72900
'14MS',5201,50675,75900
'14MS',5201,50675,82900
'14MS',5201,50675,85700
'14MS',5201,50675,152000
'14MS',5201,50675,155100
'14MS',5201,50675,162100
'14MS',5201,50675,165100
'14MS',5201,50675,172000
'14MS',5201,50675,175100
'14MS',5201,50681,62900
'14MS',5201,50681,65900
'14MS',5201,50681,73000
'14MS',5201,50681,80000
'14MS',5201,50681,83000
'14MS',5201,50681,85800
'14MS',5201,50715,62700
'14MS',5201,50715,65700
'14MS',5201,50715,72800
'14MS',5201,50715,75800
'14MS',5201,50715,82800
'14MS',5201,50715,85600
'14MS',5201,50715,152000
'14MS',5201,50715,155100
'14MS',5201,50715,162100
'14MS',5201,50715,165100
'14MS',5201,50715,172000
'14MS',5201,50715,175100
'14MS',5201,50720,63100
'14MS',5201,50720,70100
'14MS',5201,50720,73200
'14MS',5201,50720,80200
'14MS',5201,50720,83200
'14MS',5201,50720,90000
'14MS',5201,50720,152800
'14MS',5201,50720,155900
'14MS',5201,50720,162900
'14MS',5201,50720,165900
'14MS',5201,50720,172800
'14MS',5201,50720,175900
'14MS',5201,50734,63100
'14MS',5201,50734,70100
'14MS',5201,50734,73200
'14MS',5201,50734,80200
'14MS',5201,50734,83200
'14MS',5201,50734,90000
'14MS',5201,50734,152900
'14MS',5201,50734,160000
'14MS',5201,50734,163000
'14MS',5201,50734,170000
'14MS',5201,50734,172900
'14MS',5201,50734,180000
'14MS',5201,50771,63200
'14MS',5201,50771,70200
'14MS',5201,50771,73300
'14MS',5201,50771,80300
'14MS',5201,50771,83300
'14MS',5201,50771,90100
'14MS',5201,50771,153000
'14MS',5201,50771,160100
'14MS',5201,50771,163100
'14MS',5201,50771,170100
'14MS',5201,50771,173000
'14MS',5201,50771,180100
'14MS',5201,50785,152700
'14MS',5201,50785,155800
'14MS',5201,50785,162800
'14MS',5201,50785,165800
'14MS',5201,50785,172700
'14MS',5201,50785,175800
'14MS',5201,50892,152300
'14MS',5201,50892,155400
'14MS',5201,50892,162400
'14MS',5201,50892,165400
'14MS',5201,50892,172300
'14MS',5201,50892,175400
'14MS',5202,50715,62700
'14MS',5202,50715,65700
'14MS',5202,50715,72800
'14MS',5202,50715,75800
'14MS',5202,50715,82800
'14MS',5202,50715,85600
'14MS',5202,50715,152000
'14MS',5202,50715,155100
'14MS',5202,50715,162100
'14MS',5202,50715,165100
'14MS',5202,50715,172000
'14MS',5202,50715,175100
'14MS',5202,50740,62600
'14MS',5202,50740,65600
'14MS',5202,50740,72700
'14MS',5202,50740,75700
'14MS',5202,50740,82700
'14MS',5202,50740,85600
'14MS',5202,50740,151900
'14MS',5202,50740,155000
'14MS',5202,50740,162000
'14MS',5202,50740,165000
'14MS',5202,50740,171900
'14MS',5202,50740,175000
'14MS',5202,50751,151900
'14MS',5202,50751,154900
'14MS',5202,50751,161900
'14MS',5202,50751,164900
'14MS',5202,50751,171900
'14MS',5202,50751,175000
'14MS',5202,50771,62000
'14MS',5202,50771,65000
'14MS',5202,50771,72000
'14MS',5202,50771,74900
'14MS',5202,50771,81900
'14MS',5202,50771,85000
'14MS',5202,50771,151500
'14MS',5202,50771,154500
'14MS',5202,50771,161500
'14MS',5202,50771,164500
'14MS',5202,50771,171500
'14MS',5202,50771,174600
'14MS',5202,50787,151800
'14MS',5202,50787,154800
'14MS',5202,50787,161800
'14MS',5202,50787,164800
'14MS',5202,50787,171800
'14MS',5202,50787,174900
'14MS',5202,50788,62200
'14MS',5202,50788,65200
'14MS',5202,50788,72300
'14MS',5202,50788,75200
'14MS',5202,50788,82200
'14MS',5202,50788,85200
'14MS',5202,50816,62100
'14MS',5202,50816,65100
'14MS',5202,50816,72200
'14MS',5202,50816,75100
'14MS',5202,50816,82100
'14MS',5202,50816,85100
'14MS',5202,50816,151700
'14MS',5202,50816,154700
'14MS',5202,50816,161700
'14MS',5202,50816,164700
'14MS',5202,50816,171700
'14MS',5202,50816,174800
'14MS',5202,50841,62100
'14MS',5202,50841,65100
'14MS',5202,50841,72100
'14MS',5202,50841,75000
'14MS',5202,50841,82000
'14MS',5202,50841,85100
'14MS',5202,50841,151600
'14MS',5202,50841,154600
'14MS',5202,50841,161600
'14MS',5202,50841,164600
'14MS',5202,50841,171600
'14MS',5202,50841,174700
'14MS',5202,50891,62400
'14MS',5202,50891,65400
'14MS',5202,50891,72500
'14MS',5202,50891,75500
'14MS',5202,50891,82500
'14MS',5202,50891,85400
'14MS',5202,54391,62500
'14MS',5202,54391,65500
'14MS',5202,54391,72600
'14MS',5202,54391,75600
'14MS',5202,54391,82600
'14MS',5202,54391,85500
