'15SA',3103,54179,50000
'15SA',3103,54179,54500
'15SA',3103,54179,61500
'15SA',3103,54179,64500
'15SA',3103,54179,71500
'15SA',3103,54179,74500
'15SA',3103,54179,81500
'15SA',3103,54179,84500
'15SA',3103,54179,91500
'15SA',3103,54179,94500
'15SA',3103,54179,101500
'15SA',3103,54179,104500
'15SA',3103,54179,111500
'15SA',3103,54179,114500
'15SA',3103,54179,121500
'15SA',3103,54179,124500
'15SA',3103,54179,131500
'15SA',3103,54179,134500
'15SA',3103,54179,141500
'15SA',3103,54179,144500
'15SA',3103,54179,151500
'15SA',3103,54179,154500
'15SA',3103,54179,161500
'15SA',3103,54179,164500
'15SA',3103,54179,171500
'15SA',3103,54179,174500
'15SA',3103,54179,181500
'15SA',3103,54179,184500
'15SA',3103,54179,191500
'15SA',3104,54179,53100
'15SA',3104,54179,61000
'15SA',3104,54179,64000
'15SA',3104,54179,71000
'15SA',3104,54179,74000
'15SA',3104,54179,81000
'15SA',3104,54179,84000
'15SA',3104,54179,91000
'15SA',3104,54179,94000
'15SA',3104,54179,101000
'15SA',3104,54179,104000
'15SA',3104,54179,111000
'15SA',3104,54179,114000
'15SA',3104,54179,121000
'15SA',3104,54179,124000
'15SA',3104,54179,131000
'15SA',3104,54179,134000
'15SA',3104,54179,141000
'15SA',3104,54179,144000
'15SA',3104,54179,151000
'15SA',3104,54179,154000
'15SA',3104,54179,161000
'15SA',3104,54179,164000
'15SA',3104,54179,171000
'15SA',3104,54179,174000
'15SA',3104,54179,181000
'15SA',3104,54179,183800
'15SA',3104,54179,190800
'15SA',3104,54179,193800
'15SF1',3103,54179,50000
'15SF1',3103,54179,54500
'15SF1',3103,54179,61500
'15SF1',3103,54179,64500
'15SF1',3103,54179,71500
'15SF1',3103,54179,74500
'15SF1',3103,54179,81500
'15SF1',3103,54179,84500
'15SF1',3103,54179,91500
'15SF1',3103,54179,94500
'15SF1',3103,54179,101500
'15SF1',3103,54179,104500
'15SF1',3103,54179,111500
'15SF1',3103,54179,114500
'15SF1',3103,54179,121500
'15SF1',3103,54179,124500
'15SF1',3103,54179,131500
'15SF1',3103,54179,134500
'15SF1',3103,54179,141500
'15SF1',3103,54179,144500
'15SF1',3103,54179,151500
'15SF1',3103,54179,154500
'15SF1',3103,54179,161500
'15SF1',3103,54179,164500
'15SF1',3103,54179,171500
'15SF1',3103,54179,174500
'15SF1',3103,54179,181500
'15SF1',3103,54179,184500
'15SF1',3103,54179,191500
'15SF1',3104,54179,52900
'15SF1',3104,54179,60900
'15SF1',3104,54179,63800
'15SF1',3104,54179,70800
'15SF1',3104,54179,73800
'15SF1',3104,54179,80800
'15SF1',3104,54179,83800
'15SF1',3104,54179,90800
'15SF1',3104,54179,93800
'15SF1',3104,54179,100800
'15SF1',3104,54179,103800
'15SF1',3104,54179,110800
'15SF1',3104,54179,113800
'15SF1',3104,54179,120800
'15SF1',3104,54179,123800
'15SF1',3104,54179,130800
'15SF1',3104,54179,133800
'15SF1',3104,54179,140800
'15SF1',3104,54179,143800
'15SF1',3104,54179,150800
'15SF1',3104,54179,153800
'15SF1',3104,54179,160800
'15SF1',3104,54179,163800
'15SF1',3104,54179,170800
'15SF1',3104,54179,173800
'15SF1',3104,54179,180800
'15SF1',3104,54179,183800
'15SF1',3104,54179,190800
'15SF1',3104,54179,193800
'15SF2',3103,54179,50000
'15SF2',3103,54179,54500
'15SF2',3103,54179,61500
'15SF2',3103,54179,64500
'15SF2',3103,54179,71500
'15SF2',3103,54179,74500
'15SF2',3103,54179,81500
'15SF2',3103,54179,84500
'15SF2',3103,54179,91500
'15SF2',3103,54179,94500
'15SF2',3103,54179,101500
'15SF2',3103,54179,104500
'15SF2',3103,54179,111500
'15SF2',3103,54179,114500
'15SF2',3103,54179,121500
'15SF2',3103,54179,124500
'15SF2',3103,54179,131500
'15SF2',3103,54179,134500
'15SF2',3103,54179,141500
'15SF2',3103,54179,144500
'15SF2',3103,54179,151500
'15SF2',3103,54179,154500
'15SF2',3103,54179,161500
'15SF2',3103,54179,164500
'15SF2',3103,54179,171500
'15SF2',3103,54179,174500
'15SF2',3103,54179,181500
'15SF2',3103,54179,184500
'15SF2',3103,54179,191500
'15SF2',3104,54179,52900
'15SF2',3104,54179,60900
'15SF2',3104,54179,63800
'15SF2',3104,54179,70800
'15SF2',3104,54179,73800
'15SF2',3104,54179,80800
'15SF2',3104,54179,83800
'15SF2',3104,54179,90800
'15SF2',3104,54179,93800
'15SF2',3104,54179,100800
'15SF2',3104,54179,103800
'15SF2',3104,54179,110800
'15SF2',3104,54179,113800
'15SF2',3104,54179,120800
'15SF2',3104,54179,123800
'15SF2',3104,54179,130800
'15SF2',3104,54179,133800
'15SF2',3104,54179,140800
'15SF2',3104,54179,143800
'15SF2',3104,54179,150800
'15SF2',3104,54179,153800
'15SF2',3104,54179,160800
'15SF2',3104,54179,163800
'15SF2',3104,54179,170800
'15SF2',3104,54179,173800
'15SF2',3104,54179,180800
'15SF2',3104,54179,183800
'15SF2',3104,54179,190800
'15SF2',3104,54179,193800
'15SI',3103,54179,50000
'15SI',3103,54179,54500
'15SI',3103,54179,61500
'15SI',3103,54179,64500
'15SI',3103,54179,71500
'15SI',3103,54179,74500
'15SI',3103,54179,81500
'15SI',3103,54179,84500
'15SI',3103,54179,91500
'15SI',3103,54179,94500
'15SI',3103,54179,101500
'15SI',3103,54179,104500
'15SI',3103,54179,111500
'15SI',3103,54179,114500
'15SI',3103,54179,121500
'15SI',3103,54179,124500
'15SI',3103,54179,131500
'15SI',3103,54179,134500
'15SI',3103,54179,141500
'15SI',3103,54179,144500
'15SI',3103,54179,151500
'15SI',3103,54179,154500
'15SI',3103,54179,161500
'15SI',3103,54179,164500
'15SI',3103,54179,171500
'15SI',3103,54179,174500
'15SI',3103,54179,181500
'15SI',3103,54179,184500
'15SI',3103,54179,191500
'15SI',3104,54179,52900
'15SI',3104,54179,60900
'15SI',3104,54179,63800
'15SI',3104,54179,70800
'15SI',3104,54179,73800
'15SI',3104,54179,80800
'15SI',3104,54179,83800
'15SI',3104,54179,90800
'15SI',3104,54179,93800
'15SI',3104,54179,100800
'15SI',3104,54179,103800
'15SI',3104,54179,110800
'15SI',3104,54179,113800
'15SI',3104,54179,120800
'15SI',3104,54179,123800
'15SI',3104,54179,130800
'15SI',3104,54179,133800
'15SI',3104,54179,140800
'15SI',3104,54179,143800
'15SI',3104,54179,150800
'15SI',3104,54179,153800
'15SI',3104,54179,160800
'15SI',3104,54179,163800
'15SI',3104,54179,170800
'15SI',3104,54179,173800
'15SI',3104,54179,180800
'15SI',3104,54179,183800
'15SI',3104,54179,190800
'15SI',3104,54179,193800
'15SS',3103,54179,50000
'15SS',3103,54179,53300
'15SS',3103,54179,60500
'15SS',3103,54179,63700
'15SS',3103,54179,70900
'15SS',3103,54179,74100
'15SS',3103,54179,81300
'15SS',3103,54179,84500
'15SS',3103,54179,91500
'15SS',3103,54179,94400
'15SS',3103,54179,101400
'15SS',3103,54179,104300
'15SS',3103,54179,111300
'15SS',3103,54179,114300
'15SS',3103,54179,121300
'15SS',3103,54179,124300
'15SS',3103,54179,131300
'15SS',3103,54179,134300
'15SS',3103,54179,141300
'15SS',3103,54179,144300
'15SS',3103,54179,151400
'15SS',3103,54179,154500
'15SS',3103,54179,161900
'15SS',3103,54179,165300
'15SS',3103,54179,172700
'15SS',3103,54179,180000
'15SS',3103,54179,183100
'15SS',3103,54179,190100
'15SS',3103,54179,192900
'15SS',3103,54179,195700
'15SS',3103,54179,202300
'15SS',3103,54179,204900
'15SS',3103,54179,211500
'15SS',3103,54179,214100
'15SS',3103,54179,220700
'15SS',3103,54179,223300
'15SS',3103,54179,225900
'15SS',3103,54179,232500
'15SS',3103,54179,235100
'15SS',3103,54179,241700
'15SS',3103,54179,244400
'15SS',3103,54179,251100
'15SS',3104,54179,52900
'15SS',3104,54179,55900
'15SS',3104,54179,62900
'15SS',3104,54179,70000
'15SS',3104,54179,73800
'15SS',3104,54179,81000
'15SS',3104,54179,84100
'15SS',3104,54179,91200
'15SS',3104,54179,94100
'15SS',3104,54179,101100
'15SS',3104,54179,104000
'15SS',3104,54179,111000
'15SS',3104,54179,114000
'15SS',3104,54179,121000
'15SS',3104,54179,124000
'15SS',3104,54179,131000
'15SS',3104,54179,134000
'15SS',3104,54179,141000
'15SS',3104,54179,144000
'15SS',3104,54179,151100
'15SS',3104,54179,154200
'15SS',3104,54179,161600
'15SS',3104,54179,165000
'15SS',3104,54179,172400
'15SS',3104,54179,175700
'15SS',3104,54179,182700
'15SS',3104,54179,185800
'15SS',3104,54179,192600
'15SS',3104,54179,195400
'15SS',3104,54179,202000
'15SS',3104,54179,204600
'15SS',3104,54179,211200
'15SS',3104,54179,213800
'15SS',3104,54179,220400
'15SS',3104,54179,223000
'15SS',3104,54179,225600
'15SS',3104,54179,232200
'15SS',3104,54179,234800
'15SS',3104,54179,241500
'15SS',3104,54179,244100
'15SS',3104,54179,250900
'15SS',3104,54179,254300
