'18MA',20301,57817,61733
'18MA',20301,57817,64733
'18MA',20301,57817,71633
'18MA',20301,57817,74533
'18MA',20301,57817,81533
'18MA',20301,57817,84533
'18MA',20301,57817,91533
'18MA',20301,57817,94633
'18MA',20301,57817,101733
'18MA',20301,57817,104933
'18MA',20301,57817,112033
'18MA',20301,57817,115233
'18MA',20301,57817,122133
'18MA',20301,57817,125033
'18MA',20301,57817,131933
'18MA',20301,57817,135133
'18MA',20301,57817,142133
'18MA',20301,57817,145033
'18MA',20301,57817,152033
'18MA',20301,57817,155033
'18MA',20301,57817,162133
'18MA',20301,57817,165233
'18MA',20301,57817,172433
'18MA',20301,57817,175333
'18MA',20301,57817,182333
'18MA',20301,57817,185358
'18MA',20301,57817,192258
'18MA',20301,57817,195258
'18MA',20301,57817,202158
'18MA',20301,57817,204958
'18MA',20301,57817,211958
'18MA',20301,57817,214858
'18MA',20301,57817,221758
'18MA',20301,57817,224658
'18MA',20301,57817,231558
'18MA',20301,57817,234558
'18MA',20301,57817,241558
'18MF1',20301,57817,61733
'18MF1',20301,57817,64733
'18MF1',20301,57817,71633
'18MF1',20301,57817,74533
'18MF1',20301,57817,81533
'18MF1',20301,57817,84533
'18MF1',20301,57817,91533
'18MF1',20301,57817,94633
'18MF1',20301,57817,101733
'18MF1',20301,57817,104933
'18MF1',20301,57817,112033
'18MF1',20301,57817,115233
'18MF1',20301,57817,122133
'18MF1',20301,57817,125033
'18MF1',20301,57817,131933
'18MF1',20301,57817,135133
'18MF1',20301,57817,142133
'18MF1',20301,57817,145033
'18MF1',20301,57817,152033
'18MF1',20301,57817,155033
'18MF1',20301,57817,162133
'18MF1',20301,57817,165233
'18MF1',20301,57817,172433
'18MF1',20301,57817,175333
'18MF1',20301,57817,182333
'18MF1',20301,57817,185358
'18MF1',20301,57817,192258
'18MF1',20301,57817,195258
'18MF1',20301,57817,202158
'18MF1',20301,57817,204958
'18MF1',20301,57817,211958
'18MF1',20301,57817,214858
'18MF1',20301,57817,221758
'18MF1',20301,57817,224658
'18MF1',20301,57817,231558
'18MF1',20301,57817,234558
'18MF1',20301,57817,241558
'18MF2',20301,57817,61733
'18MF2',20301,57817,64733
'18MF2',20301,57817,71633
'18MF2',20301,57817,74533
'18MF2',20301,57817,81533
'18MF2',20301,57817,84533
'18MF2',20301,57817,91533
'18MF2',20301,57817,94633
'18MF2',20301,57817,101733
'18MF2',20301,57817,104933
'18MF2',20301,57817,112033
'18MF2',20301,57817,115233
'18MF2',20301,57817,122133
'18MF2',20301,57817,125033
'18MF2',20301,57817,131933
'18MF2',20301,57817,135133
'18MF2',20301,57817,142133
'18MF2',20301,57817,145033
'18MF2',20301,57817,152033
'18MF2',20301,57817,155033
'18MF2',20301,57817,162133
'18MF2',20301,57817,165233
'18MF2',20301,57817,172433
'18MF2',20301,57817,175333
'18MF2',20301,57817,182333
'18MF2',20301,57817,185358
'18MF2',20301,57817,192258
'18MF2',20301,57817,195258
'18MF2',20301,57817,202158
'18MF2',20301,57817,204958
'18MF2',20301,57817,211958
'18MF2',20301,57817,214858
'18MF2',20301,57817,221758
'18MF2',20301,57817,224658
'18MF2',20301,57817,231558
'18MF2',20301,57817,234558
'18MF2',20301,57817,241558
'18MF3',20301,57817,61733
'18MF3',20301,57817,64733
'18MF3',20301,57817,71633
'18MF3',20301,57817,74533
'18MF3',20301,57817,81533
'18MF3',20301,57817,84533
'18MF3',20301,57817,91533
'18MF3',20301,57817,94633
'18MF3',20301,57817,101733
'18MF3',20301,57817,104933
'18MF3',20301,57817,112033
'18MF3',20301,57817,115233
'18MF3',20301,57817,122133
'18MF3',20301,57817,125033
'18MF3',20301,57817,131933
'18MF3',20301,57817,135133
'18MF3',20301,57817,142133
'18MF3',20301,57817,145033
'18MF3',20301,57817,152033
'18MF3',20301,57817,155033
'18MF3',20301,57817,162133
'18MF3',20301,57817,165233
'18MF3',20301,57817,172433
'18MF3',20301,57817,175333
'18MF3',20301,57817,182333
'18MF3',20301,57817,185358
'18MF3',20301,57817,192258
'18MF3',20301,57817,195258
'18MF3',20301,57817,202158
'18MF3',20301,57817,204958
'18MF3',20301,57817,211958
'18MF3',20301,57817,214858
'18MF3',20301,57817,221758
'18MF3',20301,57817,224658
'18MF3',20301,57817,231558
'18MF3',20301,57817,234558
'18MF3',20301,57817,241558
'18MI',20301,57817,71733
'18MI',20301,57817,74733
'18MI',20301,57817,81733
'18MI',20301,57817,84733
'18MI',20301,57817,91733
'18MI',20301,57817,94733
'18MI',20301,57817,101733
'18MI',20301,57817,104733
'18MI',20301,57817,111833
'18MI',20301,57817,114833
'18MI',20301,57817,121833
'18MI',20301,57817,124933
'18MI',20301,57817,131933
'18MI',20301,57817,134833
'18MI',20301,57817,141933
'18MI',20301,57817,145033
'18MI',20301,57817,152033
'18MI',20301,57817,155133
'18MI',20301,57817,162233
'18MI',20301,57817,165233
'18MI',20301,57817,172233
'18MI',20301,57817,175133
'18MI',20301,57817,182133
'18MI',20301,57817,185033
'18MI',20301,57817,191933
'18MI',20301,57817,194558
'18MI',20301,57817,201458
'18MI',20301,57817,204458
'18MI',20301,57817,211458
'18MI',20301,57817,214358
'18MI',20301,57817,221358
'18MI',20301,57817,224358
'18MI',20301,57817,231358
'18MI',20301,57817,234358
'18MI',20301,57817,241222
'18MS',20301,57817,61033
'18MS',20301,57817,64833
'18MS',20301,57817,70609
'18MS',20301,57817,72209
'18MS',20301,57817,73409
'18MS',20301,57817,75833
'18MS',20301,57817,81058
'18MS',20301,57817,83358
'18MS',20301,57817,84658
'18MS',20301,57817,91458
'18MS',20301,57817,94658
'18MS',20301,57817,101858
'18MS',20301,57817,105133
'18MS',20301,57817,112433
'18MS',20301,57817,115633
'18MS',20301,57817,122733
'18MS',20301,57817,125733
'18MS',20301,57817,132733
'18MS',20301,57817,135533
'18MS',20301,57817,142433
'18MS',20301,57817,145433
'18MS',20301,57817,152333
'18MS',20301,57817,155344
'18MS',20301,57817,161933
'18MS',20301,57817,164333
'18MS',20301,57817,171533
'18MS',20301,57817,174533
'18MS',20301,57817,181633
'18MS',20301,57817,184733
'18MS',20301,57817,191933
'18MS',20301,57817,194933
'18MS',20301,57817,202033
'18MS',20301,57817,205033
'18MS',20301,57817,212133
'18MS',20301,57817,215058
'18MS',20301,57817,222058
'18MS',20301,57817,224958
'18MS',20301,57817,231858
'18MS',20301,57817,234758
'18MS',20301,57817,241658
