'18UA',10903,56964,61652
'18UA',10903,56964,64652
'18UA',10903,56964,71652
'18UA',10903,56964,74835
'18UA',10903,56964,81935
'18UA',10903,56964,85035
'18UA',10903,56964,92435
'18UA',10903,56964,95735
'18UA',10903,56964,103135
'18UA',10903,56964,110535
'18UA',10903,56964,113935
'18UA',10903,56964,121335
'18UA',10903,56964,124735
'18UA',10903,56964,132135
'18UA',10903,56964,135535
'18UA',10903,56964,143035
'18UA',10903,56964,150435
'18UA',10903,56964,153935
'18UA',10903,56964,161435
'18UA',10903,56964,164935
'18UA',10903,56964,172235
'18UA',10903,56964,175635
'18UA',10903,56964,182935
'18UA',10903,56964,190135
'18UA',10903,56964,193235
'18UA',10903,56964,200335
'18UA',10903,56964,203435
'18UA',10903,56964,210535
'18UA',10903,56964,213735
'18UA',10903,56964,220835
'18UF1',10903,56964,61652
'18UF1',10903,56964,64652
'18UF1',10903,56964,71652
'18UF1',10903,56964,74652
'18UF1',10903,56964,81652
'18UF1',10903,56964,84552
'18UF1',10903,56964,91635
'18UF1',10903,56964,94735
'18UF1',10903,56964,102035
'18UF1',10903,56964,105235
'18UF1',10903,56964,112635
'18UF1',10903,56964,115835
'18UF1',10903,56964,123235
'18UF1',10903,56964,130435
'18UF1',10903,56964,133835
'18UF1',10903,56964,141035
'18UF1',10903,56964,144435
'18UF1',10903,56964,151635
'18UF1',10903,56964,154935
'18UF1',10903,56964,162135
'18UF1',10903,56964,165335
'18UF1',10903,56964,172535
'18UF1',10903,56964,175735
'18UF1',10903,56964,182935
'18UF1',10903,56964,190035
'18UF1',10903,56964,193235
'18UF1',10903,56964,200335
'18UF1',10903,56964,203535
'18UF1',10903,56964,210635
'18UF1',10903,56964,213835
'18UF1',10903,56964,220935
'18UF2',10903,56964,61652
'18UF2',10903,56964,64652
'18UF2',10903,56964,71652
'18UF2',10903,56964,74652
'18UF2',10903,56964,81652
'18UF2',10903,56964,84552
'18UF2',10903,56964,91635
'18UF2',10903,56964,94735
'18UF2',10903,56964,102035
'18UF2',10903,56964,105235
'18UF2',10903,56964,112635
'18UF2',10903,56964,115835
'18UF2',10903,56964,123235
'18UF2',10903,56964,130435
'18UF2',10903,56964,133835
'18UF2',10903,56964,141035
'18UF2',10903,56964,144435
'18UF2',10903,56964,151635
'18UF2',10903,56964,154935
'18UF2',10903,56964,162135
'18UF2',10903,56964,165335
'18UF2',10903,56964,172535
'18UF2',10903,56964,175735
'18UF2',10903,56964,182935
'18UF2',10903,56964,190035
'18UF2',10903,56964,193235
'18UF2',10903,56964,200335
'18UF2',10903,56964,203535
'18UF2',10903,56964,210635
'18UF2',10903,56964,213835
'18UF2',10903,56964,220935
'18UI',10903,56964,61652
'18UI',10903,56964,64652
'18UI',10903,56964,71652
'18UI',10903,56964,74652
'18UI',10903,56964,81652
'18UI',10903,56964,84552
'18UI',10903,56964,91635
'18UI',10903,56964,94735
'18UI',10903,56964,102035
'18UI',10903,56964,105235
'18UI',10903,56964,112635
'18UI',10903,56964,115835
'18UI',10903,56964,123235
'18UI',10903,56964,130435
'18UI',10903,56964,133835
'18UI',10903,56964,141035
'18UI',10903,56964,144435
'18UI',10903,56964,151635
'18UI',10903,56964,154935
'18UI',10903,56964,162135
'18UI',10903,56964,165335
'18UI',10903,56964,172535
'18UI',10903,56964,175735
'18UI',10903,56964,182935
'18UI',10903,56964,190035
'18UI',10903,56964,193235
'18UI',10903,56964,200335
'18UI',10903,56964,203535
'18UI',10903,56964,210635
'18UI',10903,56964,213835
'18UI',10903,56964,220935
'18US',10903,56964,53635
'18US',10903,56964,60835
'18US',10903,56964,63218
'18US',10903,56964,65618
'18US',10903,56964,72018
'18US',10903,56964,74418
'18US',10903,56964,80901
'18US',10903,56964,83318
'18US',10903,56964,85918
'18US',10903,56964,92418
'18US',10903,56964,94618
'18US',10903,56964,100818
'18US',10903,56964,103018
'18US',10903,56964,105318
'18US',10903,56964,111518
'18US',10903,56964,113718
'18US',10903,56964,120018
'18US',10903,56964,122318
'18US',10903,56964,124601
'18US',10903,56964,130901
'18US',10903,56964,133201
'18US',10903,56964,135501
'18US',10903,56964,141901
'18US',10903,56964,144201
'18US',10903,56964,150801
'18US',10903,56964,153301
'18US',10903,56964,155801
'18US',10903,56964,162501
'18US',10903,56964,165001
'18US',10903,56964,171501
'18US',10903,56964,174201
'18US',10903,56964,180535
'18US',10903,56964,182935
'18US',10903,56964,185335
'18US',10903,56964,191535
'18US',10903,56964,193735
'18US',10903,56964,195835
'18US',10903,56964,201835
'18US',10903,56964,203935
'18US',10903,56964,210035
'18US',10903,56964,212235
'18US',10903,56964,214435
'18US',10903,56964,220635
'18UA',35001,56964,250947
'18UA',35001,56964,260047
'18UA',35001,56964,265147
'18UA',35001,56964,273847
'18UA',35001,56964,282447
'18UF1',35001,56964,250947
'18UF1',35001,56964,260047
'18UF1',35001,56964,265147
'18UF1',35001,56964,273847
'18UF1',35001,56964,281647
'18UF2',35001,56964,250947
'18UF2',35001,56964,260047
'18UF2',35001,56964,265147
'18UF2',35001,56964,273847
'18UF2',35001,56964,281647
'18UI',35001,56964,251020
'18UI',35001,56964,255620
'18UI',35001,56964,264320
'18UI',35001,56964,273020
'18UI',35001,56964,281647
'18US',35001,56964,251020
'18US',35001,56964,255720
'18US',35001,56964,264520
'18US',35001,56964,273220
'18US',35001,56964,281820
