'17MF1',18802,54786,151108
'17MF1',18802,54786,155008
'17MF1',18802,54786,162808
'17MF1',18802,54786,170708
'17MF1',18802,54786,174317
'17MF1',18802,54786,181817
'17MF1',18802,54786,185517
'17MF2',18802,54786,151108
'17MF2',18802,54786,155008
'17MF2',18802,54786,162808
'17MF2',18802,54786,170708
'17MF2',18802,54786,174317
'17MF2',18802,54786,181817
'17MF2',18802,54786,185517
'17MS',18802,54786,151108
'17MS',18802,54786,155008
'17MS',18802,54786,162808
'17MS',18802,54786,170708
'17MS',18802,54786,174317
'17MS',18802,54786,181817
'17MS',18802,54786,185517
