'18UA',10502,50899,54803
'18UA',10502,50899,61903
'18UA',10502,50899,65003
'18UA',10502,50899,72003
'18UA',10502,50899,75003
'18UA',10502,50899,82003
'18UA',10502,50899,85133
'18UA',10502,50899,92033
'18UA',10502,50899,94804
'18UA',10502,50899,101204
'18UA',10502,50899,103204
'18UA',10502,50899,105204
'18UA',10502,50899,110904
'18UA',10502,50899,112304
'18UA',10502,50899,113604
'18UA',10502,50899,114904
'18UA',10502,50899,115904
'18UA',10502,50899,120904
'18UA',10502,50899,121904
'18UA',10502,50899,123004
'18UA',10502,50899,124104
'18UA',10502,50899,125204
'18UA',10502,50899,130204
'18UA',10502,50899,131204
'18UA',10502,50899,132204
'18UA',10502,50899,133104
'18UA',10502,50899,133904
'18UA',10502,50899,134704
'18UA',10502,50899,135504
'18UA',10502,50899,140304
'18UA',10502,50899,141104
'18UA',10502,50899,141904
'18UA',10502,50899,142804
'18UA',10502,50899,143704
'18UA',10502,50899,144504
'18UA',10502,50899,145304
'18UA',10502,50899,150104
'18UA',10502,50899,150904
'18UA',10502,50899,151704
'18UA',10502,50899,152504
'18UA',10502,50899,153204
'18UA',10502,50899,153904
'18UA',10502,50899,154604
'18UA',10502,50899,155404
'18UA',10502,50899,160104
'18UA',10502,50899,160704
'18UA',10502,50899,161304
'18UA',10502,50899,161904
'18UA',10502,50899,162404
'18UA',10502,50899,162904
'18UA',10502,50899,163404
'18UA',10502,50899,164004
'18UA',10502,50899,164604
'18UA',10502,50899,165304
'18UA',10502,50899,170004
'18UA',10502,50899,170604
'18UA',10502,50899,171104
'18UA',10502,50899,171704
'18UA',10502,50899,172304
'18UA',10502,50899,172804
'18UA',10502,50899,173304
'18UA',10502,50899,173804
'18UA',10502,50899,174304
'18UA',10502,50899,174804
'18UA',10502,50899,175504
'18UA',10502,50899,180004
'18UA',10502,50899,180504
'18UA',10502,50899,181004
'18UA',10502,50899,181504
'18UA',10502,50899,182104
'18UA',10502,50899,182604
'18UA',10502,50899,183104
'18UA',10502,50899,183604
'18UA',10502,50899,184104
'18UA',10502,50899,184604
'18UA',10502,50899,185204
'18UA',10502,50899,185804
'18UA',10502,50899,190404
'18UA',10502,50899,191004
'18UA',10502,50899,191704
'18UA',10502,50899,192404
'18UA',10502,50899,193104
'18UA',10502,50899,193904
'18UA',10502,50899,194604
'18UA',10502,50899,195404
'18UA',10502,50899,200104
'18UA',10502,50899,200804
'18UA',10502,50899,201504
'18UA',10502,50899,202304
'18UA',10502,50899,203104
'18UA',10502,50899,204004
'18UA',10502,50899,205004
'18UA',10502,50899,205904
'18UA',10502,50899,210704
'18UA',10502,50899,211404
'18UA',10502,50899,212004
'18UA',10502,50899,212604
'18UA',10502,50899,213404
'18UA',10502,50899,214204
'18UA',10502,50899,215004
'18UA',10502,50899,215904
'18UA',10502,50899,220804
'18UA',10502,50899,221604
'18UA',10502,50899,222504
'18UA',10502,50899,223404
'18UA',10502,50899,224304
'18UA',10502,50899,225104
'18UA',10502,50899,230004
'18UA',10502,50899,230804
'18UA',10502,50899,231604
'18UA',10502,50899,232304
'18UA',10502,50899,233004
'18UA',10502,50899,233604
'18UA',10502,50899,234304
'18UA',10502,50899,235004
'18UA',10502,50899,235804
'18UA',10502,50899,240504
'18UA',10502,50899,241304
'18UA',10502,50899,242204
'18UA',10502,50899,243104
'18UA',10502,50899,244104
'18UA',10502,50899,245133
'18UA',10502,50899,250303
'18UA',10502,50899,251603
'18UA',10502,50899,253703
'18UA',10502,50899,260103
'18UF1',10502,50899,54803
'18UF1',10502,50899,61903
'18UF1',10502,50899,65003
'18UF1',10502,50899,72003
'18UF1',10502,50899,75003
'18UF1',10502,50899,82003
'18UF1',10502,50899,85133
'18UF1',10502,50899,92033
'18UF1',10502,50899,94804
'18UF1',10502,50899,101204
'18UF1',10502,50899,103204
'18UF1',10502,50899,105204
'18UF1',10502,50899,110904
'18UF1',10502,50899,112304
'18UF1',10502,50899,113604
'18UF1',10502,50899,114904
'18UF1',10502,50899,115904
'18UF1',10502,50899,120904
'18UF1',10502,50899,121904
'18UF1',10502,50899,123004
'18UF1',10502,50899,124104
'18UF1',10502,50899,125204
'18UF1',10502,50899,130204
'18UF1',10502,50899,131204
'18UF1',10502,50899,132204
'18UF1',10502,50899,133104
'18UF1',10502,50899,133904
'18UF1',10502,50899,134704
'18UF1',10502,50899,135504
'18UF1',10502,50899,140304
'18UF1',10502,50899,141104
'18UF1',10502,50899,141904
'18UF1',10502,50899,142804
'18UF1',10502,50899,143704
'18UF1',10502,50899,144504
'18UF1',10502,50899,145304
'18UF1',10502,50899,150104
'18UF1',10502,50899,150904
'18UF1',10502,50899,151704
'18UF1',10502,50899,152504
'18UF1',10502,50899,153204
'18UF1',10502,50899,153904
'18UF1',10502,50899,154604
'18UF1',10502,50899,155404
'18UF1',10502,50899,160104
'18UF1',10502,50899,160704
'18UF1',10502,50899,161304
'18UF1',10502,50899,161904
'18UF1',10502,50899,162404
'18UF1',10502,50899,162904
'18UF1',10502,50899,163404
'18UF1',10502,50899,164004
'18UF1',10502,50899,164604
'18UF1',10502,50899,165304
'18UF1',10502,50899,170004
'18UF1',10502,50899,170604
'18UF1',10502,50899,171104
'18UF1',10502,50899,171704
'18UF1',10502,50899,172304
'18UF1',10502,50899,172804
'18UF1',10502,50899,173304
'18UF1',10502,50899,173804
'18UF1',10502,50899,174304
'18UF1',10502,50899,174804
'18UF1',10502,50899,175504
'18UF1',10502,50899,180004
'18UF1',10502,50899,180504
'18UF1',10502,50899,181004
'18UF1',10502,50899,181504
'18UF1',10502,50899,182104
'18UF1',10502,50899,182604
'18UF1',10502,50899,183104
'18UF1',10502,50899,183604
'18UF1',10502,50899,184104
'18UF1',10502,50899,184604
'18UF1',10502,50899,185204
'18UF1',10502,50899,185804
'18UF1',10502,50899,190404
'18UF1',10502,50899,191004
'18UF1',10502,50899,191704
'18UF1',10502,50899,192404
'18UF1',10502,50899,193104
'18UF1',10502,50899,193904
'18UF1',10502,50899,194604
'18UF1',10502,50899,195404
'18UF1',10502,50899,200104
'18UF1',10502,50899,200804
'18UF1',10502,50899,201504
'18UF1',10502,50899,202304
'18UF1',10502,50899,203104
'18UF1',10502,50899,204004
'18UF1',10502,50899,205004
'18UF1',10502,50899,205904
'18UF1',10502,50899,210704
'18UF1',10502,50899,211404
'18UF1',10502,50899,212004
'18UF1',10502,50899,212604
'18UF1',10502,50899,213404
'18UF1',10502,50899,214204
'18UF1',10502,50899,215004
'18UF1',10502,50899,215904
'18UF1',10502,50899,220804
'18UF1',10502,50899,221604
'18UF1',10502,50899,222504
'18UF1',10502,50899,223404
'18UF1',10502,50899,224304
'18UF1',10502,50899,225104
'18UF1',10502,50899,230004
'18UF1',10502,50899,230804
'18UF1',10502,50899,231604
'18UF1',10502,50899,232304
'18UF1',10502,50899,233004
'18UF1',10502,50899,233604
'18UF1',10502,50899,234304
'18UF1',10502,50899,235004
'18UF1',10502,50899,235804
'18UF1',10502,50899,240504
'18UF1',10502,50899,241304
'18UF1',10502,50899,242204
'18UF1',10502,50899,243104
'18UF1',10502,50899,244104
'18UF1',10502,50899,245133
'18UF1',10502,50899,250303
'18UF1',10502,50899,251603
'18UF1',10502,50899,253103
'18UF2',10502,50899,54803
'18UF2',10502,50899,61903
'18UF2',10502,50899,65003
'18UF2',10502,50899,72003
'18UF2',10502,50899,75003
'18UF2',10502,50899,82003
'18UF2',10502,50899,85133
'18UF2',10502,50899,92033
'18UF2',10502,50899,94804
'18UF2',10502,50899,101204
'18UF2',10502,50899,103204
'18UF2',10502,50899,105204
'18UF2',10502,50899,110904
'18UF2',10502,50899,112304
'18UF2',10502,50899,113604
'18UF2',10502,50899,114904
'18UF2',10502,50899,115904
'18UF2',10502,50899,120904
'18UF2',10502,50899,121904
'18UF2',10502,50899,123004
'18UF2',10502,50899,124104
'18UF2',10502,50899,125204
'18UF2',10502,50899,130204
'18UF2',10502,50899,131204
'18UF2',10502,50899,132204
'18UF2',10502,50899,133104
'18UF2',10502,50899,133904
'18UF2',10502,50899,134704
'18UF2',10502,50899,135504
'18UF2',10502,50899,140304
'18UF2',10502,50899,141104
'18UF2',10502,50899,141904
'18UF2',10502,50899,142804
'18UF2',10502,50899,143704
'18UF2',10502,50899,144504
'18UF2',10502,50899,145304
'18UF2',10502,50899,150104
'18UF2',10502,50899,150904
'18UF2',10502,50899,151704
'18UF2',10502,50899,152504
'18UF2',10502,50899,153204
'18UF2',10502,50899,153904
'18UF2',10502,50899,154604
'18UF2',10502,50899,155404
'18UF2',10502,50899,160104
'18UF2',10502,50899,160704
'18UF2',10502,50899,161304
'18UF2',10502,50899,161904
'18UF2',10502,50899,162404
'18UF2',10502,50899,162904
'18UF2',10502,50899,163404
'18UF2',10502,50899,164004
'18UF2',10502,50899,164604
'18UF2',10502,50899,165304
'18UF2',10502,50899,170004
'18UF2',10502,50899,170604
'18UF2',10502,50899,171104
'18UF2',10502,50899,171704
'18UF2',10502,50899,172304
'18UF2',10502,50899,172804
'18UF2',10502,50899,173304
'18UF2',10502,50899,173804
'18UF2',10502,50899,174304
'18UF2',10502,50899,174804
'18UF2',10502,50899,175504
'18UF2',10502,50899,180004
'18UF2',10502,50899,180504
'18UF2',10502,50899,181004
'18UF2',10502,50899,181504
'18UF2',10502,50899,182104
'18UF2',10502,50899,182604
'18UF2',10502,50899,183104
'18UF2',10502,50899,183604
'18UF2',10502,50899,184104
'18UF2',10502,50899,184604
'18UF2',10502,50899,185204
'18UF2',10502,50899,185804
'18UF2',10502,50899,190404
'18UF2',10502,50899,191004
'18UF2',10502,50899,191704
'18UF2',10502,50899,192404
'18UF2',10502,50899,193104
'18UF2',10502,50899,193904
'18UF2',10502,50899,194604
'18UF2',10502,50899,195404
'18UF2',10502,50899,200104
'18UF2',10502,50899,200804
'18UF2',10502,50899,201504
'18UF2',10502,50899,202304
'18UF2',10502,50899,203104
'18UF2',10502,50899,204004
'18UF2',10502,50899,205004
'18UF2',10502,50899,205904
'18UF2',10502,50899,210704
'18UF2',10502,50899,211404
'18UF2',10502,50899,212004
'18UF2',10502,50899,212604
'18UF2',10502,50899,213404
'18UF2',10502,50899,214204
'18UF2',10502,50899,215004
'18UF2',10502,50899,215904
'18UF2',10502,50899,220804
'18UF2',10502,50899,221604
'18UF2',10502,50899,222504
'18UF2',10502,50899,223404
'18UF2',10502,50899,224304
'18UF2',10502,50899,225104
'18UF2',10502,50899,230004
'18UF2',10502,50899,230804
'18UF2',10502,50899,231604
'18UF2',10502,50899,232304
'18UF2',10502,50899,233004
'18UF2',10502,50899,233604
'18UF2',10502,50899,234304
'18UF2',10502,50899,235004
'18UF2',10502,50899,235804
'18UF2',10502,50899,240504
'18UF2',10502,50899,241304
'18UF2',10502,50899,242204
'18UF2',10502,50899,243104
'18UF2',10502,50899,244104
'18UF2',10502,50899,245133
'18UF2',10502,50899,250303
'18UF2',10502,50899,251603
'18UF2',10502,50899,253103
'18UI',10502,50899,54933
'18UI',10502,50899,61933
'18UI',10502,50899,64833
'18UI',10502,50899,71733
'18UI',10502,50899,74633
'18UI',10502,50899,81633
'18UI',10502,50899,84433
'18UI',10502,50899,91033
'18UI',10502,50899,93433
'18UI',10502,50899,95933
'18UI',10502,50899,102333
'18UI',10502,50899,104633
'18UI',10502,50899,110733
'18UI',10502,50899,112833
'18UI',10502,50899,114933
'18UI',10502,50899,120733
'18UI',10502,50899,122333
'18UI',10502,50899,123533
'18UI',10502,50899,124433
'18UI',10502,50899,125333
'18UI',10502,50899,130133
'18UI',10502,50899,131033
'18UI',10502,50899,132033
'18UI',10502,50899,133033
'18UI',10502,50899,134033
'18UI',10502,50899,134833
'18UI',10502,50899,135633
'18UI',10502,50899,140433
'18UI',10502,50899,141233
'18UI',10502,50899,142033
'18UI',10502,50899,142833
'18UI',10502,50899,143533
'18UI',10502,50899,144233
'18UI',10502,50899,145033
'18UI',10502,50899,145833
'18UI',10502,50899,150533
'18UI',10502,50899,151333
'18UI',10502,50899,152133
'18UI',10502,50899,152933
'18UI',10502,50899,153733
'18UI',10502,50899,154433
'18UI',10502,50899,155133
'18UI',10502,50899,155833
'18UI',10502,50899,160533
'18UI',10502,50899,161333
'18UI',10502,50899,162133
'18UI',10502,50899,162833
'18UI',10502,50899,163533
'18UI',10502,50899,164233
'18UI',10502,50899,164833
'18UI',10502,50899,165433
'18UI',10502,50899,170033
'18UI',10502,50899,170533
'18UI',10502,50899,171133
'18UI',10502,50899,171733
'18UI',10502,50899,172233
'18UI',10502,50899,172733
'18UI',10502,50899,173233
'18UI',10502,50899,173733
'18UI',10502,50899,174333
'18UI',10502,50899,174933
'18UI',10502,50899,175533
'18UI',10502,50899,180133
'18UI',10502,50899,180733
'18UI',10502,50899,181233
'18UI',10502,50899,181833
'18UI',10502,50899,182433
'18UI',10502,50899,183033
'18UI',10502,50899,183633
'18UI',10502,50899,184233
'18UI',10502,50899,184733
'18UI',10502,50899,185333
'18UI',10502,50899,185933
'18UI',10502,50899,190533
'18UI',10502,50899,191133
'18UI',10502,50899,191733
'18UI',10502,50899,192433
'18UI',10502,50899,193133
'18UI',10502,50899,193833
'18UI',10502,50899,194533
'18UI',10502,50899,195433
'18UI',10502,50899,200333
'18UI',10502,50899,201033
'18UI',10502,50899,201733
'18UI',10502,50899,202433
'18UI',10502,50899,203133
'18UI',10502,50899,203833
'18UI',10502,50899,204533
'18UI',10502,50899,205433
'18UI',10502,50899,210433
'18UI',10502,50899,211433
'18UI',10502,50899,212433
'18UI',10502,50899,213433
'18UI',10502,50899,214433
'18UI',10502,50899,215433
'18UI',10502,50899,220433
'18UI',10502,50899,221433
'18UI',10502,50899,222433
'18UI',10502,50899,223333
'18UI',10502,50899,224333
'18UI',10502,50899,225333
'18UI',10502,50899,230333
'18UI',10502,50899,231333
'18UI',10502,50899,232333
'18UI',10502,50899,233333
'18UI',10502,50899,234333
'18UI',10502,50899,235333
'18UI',10502,50899,240333
'18UI',10502,50899,241333
'18UI',10502,50899,242333
'18UI',10502,50899,243533
'18UI',10502,50899,245003
'18UI',10502,50899,250903
'18UI',10502,50899,253003
'18US',10502,50899,54633
'18US',10502,50899,61533
'18US',10502,50899,62533
'18US',10502,50899,63533
'18US',10502,50899,64604
'18US',10502,50899,65804
'18US',10502,50899,70804
'18US',10502,50899,71804
'18US',10502,50899,72804
'18US',10502,50899,73804
'18US',10502,50899,74804
'18US',10502,50899,80104
'18US',10502,50899,81104
'18US',10502,50899,82104
'18US',10502,50899,83104
'18US',10502,50899,84004
'18US',10502,50899,85004
'18US',10502,50899,90004
'18US',10502,50899,91004
'18US',10502,50899,91904
'18US',10502,50899,92904
'18US',10502,50899,93904
'18US',10502,50899,94904
'18US',10502,50899,95904
'18US',10502,50899,100904
'18US',10502,50899,101904
'18US',10502,50899,102904
'18US',10502,50899,103904
'18US',10502,50899,104904
'18US',10502,50899,105904
'18US',10502,50899,111004
'18US',10502,50899,112004
'18US',10502,50899,113004
'18US',10502,50899,114004
'18US',10502,50899,115104
'18US',10502,50899,115904
'18US',10502,50899,120704
'18US',10502,50899,121504
'18US',10502,50899,122204
'18US',10502,50899,122904
'18US',10502,50899,123504
'18US',10502,50899,124104
'18US',10502,50899,124704
'18US',10502,50899,125204
'18US',10502,50899,125704
'18US',10502,50899,130233
'18US',10502,50899,130833
'18US',10502,50899,131433
'18US',10502,50899,132033
'18US',10502,50899,132633
'18US',10502,50899,133233
'18US',10502,50899,133833
'18US',10502,50899,134433
'18US',10502,50899,134933
'18US',10502,50899,135433
'18US',10502,50899,140033
'18US',10502,50899,140633
'18US',10502,50899,141233
'18US',10502,50899,141904
'18US',10502,50899,142504
'18US',10502,50899,143204
'18US',10502,50899,143904
'18US',10502,50899,144604
'18US',10502,50899,145404
'18US',10502,50899,150206
'18US',10502,50899,150936
'18US',10502,50899,151636
'18US',10502,50899,152436
'18US',10502,50899,153236
'18US',10502,50899,154036
'18US',10502,50899,154436
'18US',10502,50899,154836
'18US',10502,50899,155236
'18US',10502,50899,155536
'18US',10502,50899,155936
'18US',10502,50899,160436
'18US',10502,50899,160936
'18US',10502,50899,161436
'18US',10502,50899,161736
'18US',10502,50899,162136
'18US',10502,50899,162636
'18US',10502,50899,163036
'18US',10502,50899,163336
'18US',10502,50899,163736
'18US',10502,50899,164236
'18US',10502,50899,164706
'18US',10502,50899,165006
'18US',10502,50899,165306
'18US',10502,50899,165606
'18US',10502,50899,170006
'18US',10502,50899,170406
'18US',10502,50899,170706
'18US',10502,50899,171106
'18US',10502,50899,171506
'18US',10502,50899,171906
'18US',10502,50899,172406
'18US',10502,50899,172806
'18US',10502,50899,173106
'18US',10502,50899,173406
'18US',10502,50899,173706
'18US',10502,50899,174006
'18US',10502,50899,174306
'18US',10502,50899,174706
'18US',10502,50899,175106
'18US',10502,50899,175406
'18US',10502,50899,175706
'18US',10502,50899,175906
'18US',10502,50899,180106
'18US',10502,50899,180506
'18US',10502,50899,180906
'18US',10502,50899,181406
'18US',10502,50899,181906
'18US',10502,50899,182306
'18US',10502,50899,182706
'18US',10502,50899,183006
'18US',10502,50899,183235
'18US',10502,50899,183635
'18US',10502,50899,184035
'18US',10502,50899,184335
'18US',10502,50899,184935
'18US',10502,50899,185435
'18US',10502,50899,185935
'18US',10502,50899,190435
'18US',10502,50899,190935
'18US',10502,50899,191335
'18US',10502,50899,191935
'18US',10502,50899,192435
'18US',10502,50899,192835
'18US',10502,50899,193204
'18US',10502,50899,193804
'18US',10502,50899,194204
'18US',10502,50899,194704
'18US',10502,50899,195104
'18US',10502,50899,195504
'18US',10502,50899,200004
'18US',10502,50899,200504
'18US',10502,50899,201004
'18US',10502,50899,201504
'18US',10502,50899,202004
'18US',10502,50899,202504
'18US',10502,50899,203104
'18US',10502,50899,203804
'18US',10502,50899,204404
'18US',10502,50899,204904
'18US',10502,50899,205404
'18US',10502,50899,210004
'18US',10502,50899,210604
'18US',10502,50899,211404
'18US',10502,50899,212104
'18US',10502,50899,212804
'18US',10502,50899,213404
'18US',10502,50899,213904
'18US',10502,50899,214404
'18US',10502,50899,214933
'18US',10502,50899,215433
'18US',10502,50899,215933
'18US',10502,50899,220433
'18US',10502,50899,221033
'18US',10502,50899,221733
'18US',10502,50899,222433
'18US',10502,50899,223133
'18US',10502,50899,223933
'18US',10502,50899,224733
'18US',10502,50899,225433
'18US',10502,50899,230133
'18US',10502,50899,230833
'18US',10502,50899,231633
'18US',10502,50899,232433
'18US',10502,50899,233233
'18US',10502,50899,234033
'18US',10502,50899,234933
'18US',10502,50899,235833
'18US',10502,50899,241033
'18US',10502,50899,242733
'18US',10502,50899,244833
'18US',10502,50899,250933
'18US',10502,50899,253133
'18UA',35602,50899,254805
'18UA',35602,50899,260805
'18UA',35602,50899,262805
'18UA',35602,50899,264805
'18UA',35602,50899,265805
'18UA',35602,50899,270705
'18UA',35602,50899,271705
'18UA',35602,50899,272605
'18UA',35602,50899,273605
'18UA',35602,50899,274605
'18UA',35602,50899,275805
'18UA',35602,50899,281005
'18UA',35602,50899,282005
'18UA',35602,50899,283205
'18UA',35602,50899,284505
'18UF1',35602,50899,254805
'18UF1',35602,50899,260805
'18UF1',35602,50899,262805
'18UF1',35602,50899,264805
'18UF1',35602,50899,265805
'18UF1',35602,50899,270705
'18UF1',35602,50899,271705
'18UF1',35602,50899,272605
'18UF1',35602,50899,273605
'18UF1',35602,50899,274605
'18UF1',35602,50899,275805
'18UF1',35602,50899,281005
'18UF1',35602,50899,282005
'18UF1',35602,50899,283205
'18UF1',35602,50899,284634
'18UF2',35602,50899,254805
'18UF2',35602,50899,260805
'18UF2',35602,50899,262805
'18UF2',35602,50899,264805
'18UF2',35602,50899,265805
'18UF2',35602,50899,270705
'18UF2',35602,50899,271705
'18UF2',35602,50899,272605
'18UF2',35602,50899,273605
'18UF2',35602,50899,274605
'18UF2',35602,50899,275805
'18UF2',35602,50899,281005
'18UF2',35602,50899,282005
'18UF2',35602,50899,283205
'18UF2',35602,50899,284634
'18UI',35602,50899,254434
'18UI',35602,50899,263034
'18UI',35602,50899,271434
'18UI',35602,50899,280234
'18UI',35602,50899,284634
'18US',35602,50899,254355
'18US',35602,50899,262555
'18US',35602,50899,270955
'18US',35602,50899,273355
'18US',35602,50899,275755
'18US',35602,50899,282155
'18US',35602,50899,284355
'18USV',35602,50899,260455
'18USV',35602,50899,264555
'18USV',35602,50899,265755
'18USV',35602,50899,272155
'18USV',35602,50899,274555
'18USV',35602,50899,280955
