'14MI',5303,50294,53500
'14MI',5303,50294,61100
'14MI',5303,50294,64700
'14MI',5303,50294,72300
'14MI',5303,50294,75900
'14MI',5303,50294,83600
'14MI',5303,50294,91200
'14MI',5303,50294,94900
'14MI',5303,50294,102500
'14MI',5303,50294,110100
'14MI',5303,50294,113700
'14MI',5303,50294,121300
'14MI',5303,50294,124900
'14MI',5303,50294,132500
'14MI',5303,50294,140100
'14MI',5303,50294,143700
'14MI',5303,50294,151300
'14MI',5303,50294,154900
'14MI',5303,50294,162500
'14MI',5303,50294,170100
'14MI',5303,50294,173700
'14MI',5303,50294,181300
'14MI',5303,50294,184900
'14MI',5303,50294,192500
'14MI',5303,50294,200100
'14MI',5303,50294,203700
'14MI',5303,50294,211300
'14MI',5303,50294,214900
'14MI',5303,50294,222400
'14MI',5303,50294,225900
'14MI',5303,50294,233500
'14MI',5303,50294,241100
'14MI',5303,50294,245300
'14MI',5303,50300,53600
'14MI',5303,50300,61200
'14MI',5303,50300,64800
'14MI',5303,50300,72400
'14MI',5303,50300,80000
'14MI',5303,50300,83700
'14MI',5303,50300,91300
'14MI',5303,50300,95000
'14MI',5303,50300,102600
'14MI',5303,50300,110200
'14MI',5303,50300,113800
'14MI',5303,50300,121400
'14MI',5303,50300,125000
'14MI',5303,50300,132600
'14MI',5303,50300,140200
'14MI',5303,50300,143800
'14MI',5303,50300,151400
'14MI',5303,50300,155000
'14MI',5303,50300,162600
'14MI',5303,50300,170200
'14MI',5303,50300,173800
'14MI',5303,50300,181400
'14MI',5303,50300,185000
'14MI',5303,50300,192600
'14MI',5303,50300,200200
'14MI',5303,50300,203800
'14MI',5303,50300,211400
'14MI',5303,50300,215000
'14MI',5303,50300,222500
'14MI',5303,50300,230000
'14MI',5303,50300,233600
'14MI',5303,50300,241200
'14MI',5303,50300,245400
'14MI',5303,50303,53700
'14MI',5303,50303,61300
'14MI',5303,50303,64900
'14MI',5303,50303,72500
'14MI',5303,50303,80100
'14MI',5303,50303,83800
'14MI',5303,50303,91500
'14MI',5303,50303,95200
'14MI',5303,50303,102800
'14MI',5303,50303,110400
'14MI',5303,50303,114000
'14MI',5303,50303,121600
'14MI',5303,50303,125200
'14MI',5303,50303,132800
'14MI',5303,50303,140400
'14MI',5303,50303,144000
'14MI',5303,50303,151600
'14MI',5303,50303,155200
'14MI',5303,50303,162800
'14MI',5303,50303,170400
'14MI',5303,50303,174000
'14MI',5303,50303,181600
'14MI',5303,50303,185200
'14MI',5303,50303,192800
'14MI',5303,50303,200400
'14MI',5303,50303,204000
'14MI',5303,50303,211600
'14MI',5303,50303,215100
'14MI',5303,50303,222600
'14MI',5303,50303,230100
'14MI',5303,50303,233700
'14MI',5303,50303,241300
'14MI',5303,50303,245500
'14MI',5303,50309,53400
'14MI',5303,50309,61000
'14MI',5303,50309,64600
'14MI',5303,50309,72200
'14MI',5303,50309,75800
'14MI',5303,50309,83400
'14MI',5303,50309,91100
'14MI',5303,50309,94800
'14MI',5303,50309,102400
'14MI',5303,50309,110000
'14MI',5303,50309,113600
'14MI',5303,50309,121200
'14MI',5303,50309,124800
'14MI',5303,50309,132400
'14MI',5303,50309,140000
'14MI',5303,50309,143600
'14MI',5303,50309,151200
'14MI',5303,50309,154800
'14MI',5303,50309,162400
'14MI',5303,50309,170000
'14MI',5303,50309,173600
'14MI',5303,50309,181200
'14MI',5303,50309,184800
'14MI',5303,50309,192400
'14MI',5303,50309,200000
'14MI',5303,50309,203600
'14MI',5303,50309,211200
'14MI',5303,50309,214700
'14MI',5303,50309,222300
'14MI',5303,50309,225800
'14MI',5303,50309,233400
'14MI',5303,50309,241000
'14MI',5303,50309,245200
'14MI',5303,50336,53300
'14MI',5303,50336,60900
'14MI',5303,50336,64500
'14MI',5303,50336,72100
'14MI',5303,50336,75700
'14MI',5303,50336,83300
'14MI',5303,50336,90900
'14MI',5303,50336,94600
'14MI',5303,50336,102200
'14MI',5303,50336,105800
'14MI',5303,50336,113400
'14MI',5303,50336,121000
'14MI',5303,50336,124600
'14MI',5303,50336,132200
'14MI',5303,50336,135800
'14MI',5303,50336,143400
'14MI',5303,50336,151000
'14MI',5303,50336,154600
'14MI',5303,50336,162200
'14MI',5303,50336,165800
'14MI',5303,50336,173400
'14MI',5303,50336,181000
'14MI',5303,50336,184600
'14MI',5303,50336,192200
'14MI',5303,50336,195800
'14MI',5303,50336,203400
'14MI',5303,50336,211000
'14MI',5303,50336,214600
'14MI',5303,50336,222200
'14MI',5303,50336,225700
'14MI',5303,50336,233300
'14MI',5303,50336,240900
'14MI',5303,50336,245100
'14MI',5303,50355,53300
'14MI',5303,50355,60900
'14MI',5303,50355,64500
'14MI',5303,50355,72100
'14MI',5303,50355,75700
'14MI',5303,50355,83300
'14MI',5303,50355,90900
'14MI',5303,50355,94600
'14MI',5303,50355,102200
'14MI',5303,50355,105800
'14MI',5303,50355,113400
'14MI',5303,50355,121000
'14MI',5303,50355,124600
'14MI',5303,50355,132200
'14MI',5303,50355,135800
'14MI',5303,50355,143400
'14MI',5303,50355,151000
'14MI',5303,50355,154600
'14MI',5303,50355,162200
'14MI',5303,50355,165800
'14MI',5303,50355,173400
'14MI',5303,50355,181000
'14MI',5303,50355,184600
'14MI',5303,50355,192200
'14MI',5303,50355,195800
'14MI',5303,50355,203400
'14MI',5303,50355,211000
'14MI',5303,50355,214600
'14MI',5303,50355,222200
'14MI',5303,50355,225700
'14MI',5303,50355,233300
'14MI',5303,50355,240900
'14MI',5303,50355,245100
'14MI',5303,50390,53200
'14MI',5303,50390,60800
'14MI',5303,50390,64400
'14MI',5303,50390,72000
'14MI',5303,50390,75600
'14MI',5303,50390,83200
'14MI',5303,50390,90800
'14MI',5303,50390,94500
'14MI',5303,50390,102100
'14MI',5303,50390,105700
'14MI',5303,50390,113300
'14MI',5303,50390,120900
'14MI',5303,50390,124500
'14MI',5303,50390,132100
'14MI',5303,50390,135700
'14MI',5303,50390,143300
'14MI',5303,50390,150900
'14MI',5303,50390,154500
'14MI',5303,50390,162100
'14MI',5303,50390,165700
'14MI',5303,50390,173300
'14MI',5303,50390,180900
'14MI',5303,50390,184500
'14MI',5303,50390,192100
'14MI',5303,50390,195700
'14MI',5303,50390,203300
'14MI',5303,50390,210900
'14MI',5303,50390,214500
'14MI',5303,50390,222100
'14MI',5303,50390,225600
'14MI',5303,50390,233200
'14MI',5303,50390,240800
'14MI',5303,50390,245000
'14MI',5303,50422,53100
'14MI',5303,50422,60700
'14MI',5303,50422,64300
'14MI',5303,50422,71900
'14MI',5303,50422,75500
'14MI',5303,50422,83100
'14MI',5303,50422,90700
'14MI',5303,50422,94400
'14MI',5303,50422,102000
'14MI',5303,50422,105600
'14MI',5303,50422,113200
'14MI',5303,50422,120800
'14MI',5303,50422,124400
'14MI',5303,50422,132000
'14MI',5303,50422,135600
'14MI',5303,50422,143200
'14MI',5303,50422,150800
'14MI',5303,50422,154400
'14MI',5303,50422,162000
'14MI',5303,50422,165600
'14MI',5303,50422,173200
'14MI',5303,50422,180800
'14MI',5303,50422,184400
'14MI',5303,50422,192000
'14MI',5303,50422,195600
'14MI',5303,50422,203200
'14MI',5303,50422,210800
'14MI',5303,50422,214400
'14MI',5303,50422,222000
'14MI',5303,50422,225500
'14MI',5303,50422,233100
'14MI',5303,50422,240700
'14MI',5303,50422,244900
'14MI',5303,50457,53100
'14MI',5303,50457,60700
'14MI',5303,50457,64300
'14MI',5303,50457,71900
'14MI',5303,50457,75500
'14MI',5303,50457,83100
'14MI',5303,50457,90700
'14MI',5303,50457,94400
'14MI',5303,50457,102000
'14MI',5303,50457,105600
'14MI',5303,50457,113200
'14MI',5303,50457,120800
'14MI',5303,50457,124400
'14MI',5303,50457,132000
'14MI',5303,50457,135600
'14MI',5303,50457,143200
'14MI',5303,50457,150800
'14MI',5303,50457,154400
'14MI',5303,50457,162000
'14MI',5303,50457,165600
'14MI',5303,50457,173200
'14MI',5303,50457,180800
'14MI',5303,50457,184400
'14MI',5303,50457,192000
'14MI',5303,50457,195600
'14MI',5303,50457,203200
'14MI',5303,50457,210800
'14MI',5303,50457,214400
'14MI',5303,50457,222000
'14MI',5303,50457,225500
'14MI',5303,50457,233100
'14MI',5303,50457,240700
'14MI',5303,50457,244900
'14MI',5303,50518,53000
'14MI',5303,50518,60600
'14MI',5303,50518,64200
'14MI',5303,50518,71800
'14MI',5303,50518,75400
'14MI',5303,50518,83000
'14MI',5303,50518,90600
'14MI',5303,50518,94300
'14MI',5303,50518,101900
'14MI',5303,50518,105500
'14MI',5303,50518,113100
'14MI',5303,50518,120700
'14MI',5303,50518,124300
'14MI',5303,50518,131900
'14MI',5303,50518,135500
'14MI',5303,50518,143100
'14MI',5303,50518,150700
'14MI',5303,50518,154300
'14MI',5303,50518,161900
'14MI',5303,50518,165500
'14MI',5303,50518,173100
'14MI',5303,50518,180700
'14MI',5303,50518,184300
'14MI',5303,50518,191900
'14MI',5303,50518,195500
'14MI',5303,50518,203100
'14MI',5303,50518,210700
'14MI',5303,50518,214300
'14MI',5303,50518,221900
'14MI',5303,50518,225400
'14MI',5303,50518,233000
'14MI',5303,50518,240600
'14MI',5303,50518,244800
'14MI',5303,50563,53000
'14MI',5303,50563,60600
'14MI',5303,50563,64200
'14MI',5303,50563,71800
'14MI',5303,50563,75400
'14MI',5303,50563,83000
'14MI',5303,50563,90600
'14MI',5303,50563,94200
'14MI',5303,50563,101800
'14MI',5303,50563,105400
'14MI',5303,50563,113000
'14MI',5303,50563,120600
'14MI',5303,50563,124200
'14MI',5303,50563,131800
'14MI',5303,50563,135400
'14MI',5303,50563,143000
'14MI',5303,50563,150600
'14MI',5303,50563,154200
'14MI',5303,50563,161800
'14MI',5303,50563,165400
'14MI',5303,50563,173000
'14MI',5303,50563,180600
'14MI',5303,50563,184200
'14MI',5303,50563,191800
'14MI',5303,50563,195400
'14MI',5303,50563,203000
'14MI',5303,50563,210600
'14MI',5303,50563,214200
'14MI',5303,50563,221800
'14MI',5303,50563,225400
'14MI',5303,50563,233000
'14MI',5303,50563,240600
'14MI',5303,50563,244800
'14MI',5303,50589,52900
'14MI',5303,50589,60500
'14MI',5303,50589,64100
'14MI',5303,50589,71700
'14MI',5303,50589,75300
'14MI',5303,50589,82900
'14MI',5303,50589,90500
'14MI',5303,50589,94100
'14MI',5303,50589,101700
'14MI',5303,50589,105300
'14MI',5303,50589,112900
'14MI',5303,50589,120500
'14MI',5303,50589,124100
'14MI',5303,50589,131700
'14MI',5303,50589,135300
'14MI',5303,50589,142900
'14MI',5303,50589,150500
'14MI',5303,50589,154100
'14MI',5303,50589,161700
'14MI',5303,50589,165300
'14MI',5303,50589,172900
'14MI',5303,50589,180500
'14MI',5303,50589,184100
'14MI',5303,50589,191700
'14MI',5303,50589,195300
'14MI',5303,50589,202900
'14MI',5303,50589,210500
'14MI',5303,50589,214100
'14MI',5303,50589,221700
'14MI',5303,50589,225300
'14MI',5303,50589,232900
'14MI',5303,50589,240500
'14MI',5303,50589,244700
'14MI',5303,50600,52800
'14MI',5303,50600,60400
'14MI',5303,50600,64000
'14MI',5303,50600,71600
'14MI',5303,50600,75200
'14MI',5303,50600,82800
'14MI',5303,50600,90400
'14MI',5303,50600,94100
'14MI',5303,50600,101700
'14MI',5303,50600,105300
'14MI',5303,50600,112900
'14MI',5303,50600,120500
'14MI',5303,50600,124100
'14MI',5303,50600,131700
'14MI',5303,50600,135300
'14MI',5303,50600,142900
'14MI',5303,50600,150500
'14MI',5303,50600,154100
'14MI',5303,50600,161700
'14MI',5303,50600,165300
'14MI',5303,50600,172900
'14MI',5303,50600,180500
'14MI',5303,50600,184100
'14MI',5303,50600,191700
'14MI',5303,50600,195300
'14MI',5303,50600,202900
'14MI',5303,50600,210500
'14MI',5303,50600,214100
'14MI',5303,50600,221700
'14MI',5303,50600,225200
'14MI',5303,50600,232800
'14MI',5303,50600,240400
'14MI',5303,50600,244600
'14MI',5303,50678,52800
'14MI',5303,50678,60400
'14MI',5303,50678,64000
'14MI',5303,50678,71600
'14MI',5303,50678,75200
'14MI',5303,50678,82800
'14MI',5303,50678,90400
'14MI',5303,50678,94000
'14MI',5303,50678,101600
'14MI',5303,50678,105200
'14MI',5303,50678,112800
'14MI',5303,50678,120400
'14MI',5303,50678,124000
'14MI',5303,50678,131600
'14MI',5303,50678,135200
'14MI',5303,50678,142800
'14MI',5303,50678,150400
'14MI',5303,50678,154000
'14MI',5303,50678,161600
'14MI',5303,50678,165200
'14MI',5303,50678,172800
'14MI',5303,50678,180400
'14MI',5303,50678,184000
'14MI',5303,50678,191600
'14MI',5303,50678,195200
'14MI',5303,50678,202800
'14MI',5303,50678,210400
'14MI',5303,50678,214000
'14MI',5303,50678,221600
'14MI',5303,50678,225200
'14MI',5303,50678,232800
'14MI',5303,50678,240400
'14MI',5303,50678,244600
'14MI',5303,50760,52700
'14MI',5303,50760,60300
'14MI',5303,50760,63900
'14MI',5303,50760,71500
'14MI',5303,50760,75100
'14MI',5303,50760,82700
'14MI',5303,50760,90300
'14MI',5303,50760,93900
'14MI',5303,50760,101500
'14MI',5303,50760,105100
'14MI',5303,50760,112700
'14MI',5303,50760,120300
'14MI',5303,50760,123900
'14MI',5303,50760,131500
'14MI',5303,50760,135100
'14MI',5303,50760,142700
'14MI',5303,50760,150300
'14MI',5303,50760,153900
'14MI',5303,50760,161500
'14MI',5303,50760,165100
'14MI',5303,50760,172700
'14MI',5303,50760,180300
'14MI',5303,50760,183900
'14MI',5303,50760,191500
'14MI',5303,50760,195100
'14MI',5303,50760,202700
'14MI',5303,50760,210300
'14MI',5303,50760,213900
'14MI',5303,50760,221500
'14MI',5303,50760,225100
'14MI',5303,50760,232700
'14MI',5303,50760,240300
'14MI',5303,50760,244500
'14MI',5303,53701,52900
'14MI',5303,53701,60500
'14MI',5303,53701,64100
'14MI',5303,53701,71700
'14MI',5303,53701,75300
'14MI',5303,53701,82900
'14MI',5303,53701,90500
'14MI',5303,53701,94200
'14MI',5303,53701,101800
'14MI',5303,53701,105400
'14MI',5303,53701,113000
'14MI',5303,53701,120600
'14MI',5303,53701,124200
'14MI',5303,53701,131800
'14MI',5303,53701,135400
'14MI',5303,53701,143000
'14MI',5303,53701,150600
'14MI',5303,53701,154200
'14MI',5303,53701,161800
'14MI',5303,53701,165400
'14MI',5303,53701,173000
'14MI',5303,53701,180600
'14MI',5303,53701,184200
'14MI',5303,53701,191800
'14MI',5303,53701,195400
'14MI',5303,53701,203000
'14MI',5303,53701,210600
'14MI',5303,53701,214200
'14MI',5303,53701,221800
'14MI',5303,53701,225300
'14MI',5303,53701,232900
'14MI',5303,53701,240500
'14MI',5303,53701,244700
'14MI',5303,53757,54000
'14MI',5303,53757,61600
'14MI',5303,53757,65200
'14MI',5303,53757,72800
'14MI',5303,53757,80400
'14MI',5303,53757,84100
'14MI',5303,53757,91800
'14MI',5303,53757,95500
'14MI',5303,53757,103100
'14MI',5303,53757,110700
'14MI',5303,53757,114300
'14MI',5303,53757,121900
'14MI',5303,53757,125500
'14MI',5303,53757,133100
'14MI',5303,53757,140700
'14MI',5303,53757,144300
'14MI',5303,53757,151900
'14MI',5303,53757,155500
'14MI',5303,53757,163100
'14MI',5303,53757,170700
'14MI',5303,53757,174300
'14MI',5303,53757,181900
'14MI',5303,53757,185500
'14MI',5303,53757,193100
'14MI',5303,53757,200700
'14MI',5303,53757,204300
'14MI',5303,53757,211900
'14MI',5303,53757,215400
'14MI',5303,53757,222900
'14MI',5303,53757,230400
'14MI',5303,53757,234000
'14MI',5303,53757,241600
'14MI',5303,53757,245800
'14MI',5304,50298,51200
'14MI',5304,50298,54800
'14MI',5304,50298,62400
'14MI',5304,50298,70000
'14MI',5304,50298,73600
'14MI',5304,50298,81200
'14MI',5304,50298,84800
'14MI',5304,50298,92400
'14MI',5304,50298,100000
'14MI',5304,50298,103600
'14MI',5304,50298,111200
'14MI',5304,50298,114800
'14MI',5304,50298,122400
'14MI',5304,50298,130000
'14MI',5304,50298,133600
'14MI',5304,50298,141200
'14MI',5304,50298,144800
'14MI',5304,50298,152400
'14MI',5304,50298,160000
'14MI',5304,50298,163600
'14MI',5304,50298,171200
'14MI',5304,50298,174800
'14MI',5304,50298,182400
'14MI',5304,50298,190000
'14MI',5304,50298,193600
'14MI',5304,50298,201200
'14MI',5304,50298,204800
'14MI',5304,50298,212400
'14MI',5304,50298,220000
'14MI',5304,50298,223600
'14MI',5304,50298,231200
'14MI',5304,50298,234800
'14MI',5304,50298,242700
'14MI',5304,50299,51100
'14MI',5304,50299,54700
'14MI',5304,50299,62300
'14MI',5304,50299,65900
'14MI',5304,50299,73500
'14MI',5304,50299,81100
'14MI',5304,50299,84700
'14MI',5304,50299,92300
'14MI',5304,50299,95900
'14MI',5304,50299,103500
'14MI',5304,50299,111100
'14MI',5304,50299,114700
'14MI',5304,50299,122300
'14MI',5304,50299,125900
'14MI',5304,50299,133500
'14MI',5304,50299,141100
'14MI',5304,50299,144700
'14MI',5304,50299,152300
'14MI',5304,50299,155900
'14MI',5304,50299,163500
'14MI',5304,50299,171100
'14MI',5304,50299,174700
'14MI',5304,50299,182300
'14MI',5304,50299,185900
'14MI',5304,50299,193500
'14MI',5304,50299,201100
'14MI',5304,50299,204700
'14MI',5304,50299,212300
'14MI',5304,50299,215900
'14MI',5304,50299,223500
'14MI',5304,50299,231100
'14MI',5304,50299,234700
'14MI',5304,50299,242600
'14MI',5304,50301,51000
'14MI',5304,50301,54600
'14MI',5304,50301,62200
'14MI',5304,50301,65800
'14MI',5304,50301,73400
'14MI',5304,50301,81000
'14MI',5304,50301,84600
'14MI',5304,50301,92200
'14MI',5304,50301,95800
'14MI',5304,50301,103400
'14MI',5304,50301,111000
'14MI',5304,50301,114600
'14MI',5304,50301,122200
'14MI',5304,50301,125800
'14MI',5304,50301,133400
'14MI',5304,50301,141000
'14MI',5304,50301,144600
'14MI',5304,50301,152200
'14MI',5304,50301,155800
'14MI',5304,50301,163400
'14MI',5304,50301,171000
'14MI',5304,50301,174600
'14MI',5304,50301,182200
'14MI',5304,50301,185800
'14MI',5304,50301,193400
'14MI',5304,50301,201000
'14MI',5304,50301,204600
'14MI',5304,50301,212200
'14MI',5304,50301,215800
'14MI',5304,50301,223400
'14MI',5304,50301,231000
'14MI',5304,50301,234600
'14MI',5304,50301,242500
'14MI',5304,50310,51300
'14MI',5304,50310,54900
'14MI',5304,50310,62500
'14MI',5304,50310,70100
'14MI',5304,50310,73700
'14MI',5304,50310,81300
'14MI',5304,50310,84900
'14MI',5304,50310,92500
'14MI',5304,50310,100100
'14MI',5304,50310,103700
'14MI',5304,50310,111300
'14MI',5304,50310,114900
'14MI',5304,50310,122500
'14MI',5304,50310,130100
'14MI',5304,50310,133700
'14MI',5304,50310,141300
'14MI',5304,50310,144900
'14MI',5304,50310,152500
'14MI',5304,50310,160100
'14MI',5304,50310,163700
'14MI',5304,50310,171300
'14MI',5304,50310,174900
'14MI',5304,50310,182500
'14MI',5304,50310,190100
'14MI',5304,50310,193700
'14MI',5304,50310,201300
'14MI',5304,50310,204900
'14MI',5304,50310,212500
'14MI',5304,50310,220100
'14MI',5304,50310,223600
'14MI',5304,50310,231200
'14MI',5304,50310,234800
'14MI',5304,50310,242700
'14MI',5304,50338,51400
'14MI',5304,50338,55000
'14MI',5304,50338,62600
'14MI',5304,50338,70200
'14MI',5304,50338,73800
'14MI',5304,50338,81400
'14MI',5304,50338,85000
'14MI',5304,50338,92600
'14MI',5304,50338,100200
'14MI',5304,50338,103800
'14MI',5304,50338,111400
'14MI',5304,50338,115000
'14MI',5304,50338,122600
'14MI',5304,50338,130200
'14MI',5304,50338,133800
'14MI',5304,50338,141400
'14MI',5304,50338,145000
'14MI',5304,50338,152600
'14MI',5304,50338,160200
'14MI',5304,50338,163800
'14MI',5304,50338,171400
'14MI',5304,50338,175000
'14MI',5304,50338,182600
'14MI',5304,50338,190200
'14MI',5304,50338,193800
'14MI',5304,50338,201400
'14MI',5304,50338,205000
'14MI',5304,50338,212600
'14MI',5304,50338,220200
'14MI',5304,50338,223700
'14MI',5304,50338,231300
'14MI',5304,50338,234900
'14MI',5304,50338,242800
'14MI',5304,50356,51400
'14MI',5304,50356,55000
'14MI',5304,50356,62600
'14MI',5304,50356,70200
'14MI',5304,50356,73800
'14MI',5304,50356,81400
'14MI',5304,50356,85000
'14MI',5304,50356,92600
'14MI',5304,50356,100200
'14MI',5304,50356,103800
'14MI',5304,50356,111400
'14MI',5304,50356,115000
'14MI',5304,50356,122600
'14MI',5304,50356,130200
'14MI',5304,50356,133800
'14MI',5304,50356,141400
'14MI',5304,50356,145000
'14MI',5304,50356,152600
'14MI',5304,50356,160200
'14MI',5304,50356,163800
'14MI',5304,50356,171400
'14MI',5304,50356,175000
'14MI',5304,50356,182600
'14MI',5304,50356,190200
'14MI',5304,50356,193800
'14MI',5304,50356,201400
'14MI',5304,50356,205000
'14MI',5304,50356,212600
'14MI',5304,50356,220200
'14MI',5304,50356,223700
'14MI',5304,50356,231300
'14MI',5304,50356,234900
'14MI',5304,50356,242800
'14MI',5304,50392,51500
'14MI',5304,50392,55100
'14MI',5304,50392,62700
'14MI',5304,50392,70300
'14MI',5304,50392,73900
'14MI',5304,50392,81500
'14MI',5304,50392,85100
'14MI',5304,50392,92700
'14MI',5304,50392,100300
'14MI',5304,50392,103900
'14MI',5304,50392,111500
'14MI',5304,50392,115100
'14MI',5304,50392,122700
'14MI',5304,50392,130300
'14MI',5304,50392,133900
'14MI',5304,50392,141500
'14MI',5304,50392,145100
'14MI',5304,50392,152700
'14MI',5304,50392,160300
'14MI',5304,50392,163900
'14MI',5304,50392,171500
'14MI',5304,50392,175100
'14MI',5304,50392,182700
'14MI',5304,50392,190300
'14MI',5304,50392,193900
'14MI',5304,50392,201500
'14MI',5304,50392,205100
'14MI',5304,50392,212700
'14MI',5304,50392,220300
'14MI',5304,50392,223800
'14MI',5304,50392,231400
'14MI',5304,50392,235000
'14MI',5304,50392,242900
'14MI',5304,50423,51600
'14MI',5304,50423,55200
'14MI',5304,50423,62800
'14MI',5304,50423,70400
'14MI',5304,50423,74000
'14MI',5304,50423,81600
'14MI',5304,50423,85200
'14MI',5304,50423,92800
'14MI',5304,50423,100400
'14MI',5304,50423,104000
'14MI',5304,50423,111600
'14MI',5304,50423,115200
'14MI',5304,50423,122800
'14MI',5304,50423,130400
'14MI',5304,50423,134000
'14MI',5304,50423,141600
'14MI',5304,50423,145200
'14MI',5304,50423,152800
'14MI',5304,50423,160400
'14MI',5304,50423,164000
'14MI',5304,50423,171600
'14MI',5304,50423,175200
'14MI',5304,50423,182800
'14MI',5304,50423,190400
'14MI',5304,50423,194000
'14MI',5304,50423,201600
'14MI',5304,50423,205200
'14MI',5304,50423,212800
'14MI',5304,50423,220400
'14MI',5304,50423,223900
'14MI',5304,50423,231500
'14MI',5304,50423,235100
'14MI',5304,50423,243000
'14MI',5304,50455,51600
'14MI',5304,50455,55200
'14MI',5304,50455,62800
'14MI',5304,50455,70400
'14MI',5304,50455,74000
'14MI',5304,50455,81600
'14MI',5304,50455,85200
'14MI',5304,50455,92800
'14MI',5304,50455,100400
'14MI',5304,50455,104000
'14MI',5304,50455,111600
'14MI',5304,50455,115200
'14MI',5304,50455,122800
'14MI',5304,50455,130400
'14MI',5304,50455,134000
'14MI',5304,50455,141600
'14MI',5304,50455,145200
'14MI',5304,50455,152800
'14MI',5304,50455,160400
'14MI',5304,50455,164000
'14MI',5304,50455,171600
'14MI',5304,50455,175200
'14MI',5304,50455,182800
'14MI',5304,50455,190400
'14MI',5304,50455,194000
'14MI',5304,50455,201600
'14MI',5304,50455,205200
'14MI',5304,50455,212800
'14MI',5304,50455,220400
'14MI',5304,50455,223900
'14MI',5304,50455,231500
'14MI',5304,50455,235100
'14MI',5304,50455,243000
'14MI',5304,50519,51800
'14MI',5304,50519,55400
'14MI',5304,50519,63000
'14MI',5304,50519,70600
'14MI',5304,50519,74200
'14MI',5304,50519,81800
'14MI',5304,50519,85400
'14MI',5304,50519,93000
'14MI',5304,50519,100600
'14MI',5304,50519,104200
'14MI',5304,50519,111800
'14MI',5304,50519,115400
'14MI',5304,50519,123000
'14MI',5304,50519,130600
'14MI',5304,50519,134200
'14MI',5304,50519,141800
'14MI',5304,50519,145400
'14MI',5304,50519,153000
'14MI',5304,50519,160600
'14MI',5304,50519,164200
'14MI',5304,50519,171800
'14MI',5304,50519,175400
'14MI',5304,50519,183000
'14MI',5304,50519,190600
'14MI',5304,50519,194200
'14MI',5304,50519,201800
'14MI',5304,50519,205400
'14MI',5304,50519,213000
'14MI',5304,50519,220600
'14MI',5304,50519,224100
'14MI',5304,50519,231700
'14MI',5304,50519,235300
'14MI',5304,50519,243100
'14MI',5304,50566,51900
'14MI',5304,50566,55500
'14MI',5304,50566,63100
'14MI',5304,50566,70700
'14MI',5304,50566,74300
'14MI',5304,50566,81900
'14MI',5304,50566,85500
'14MI',5304,50566,93200
'14MI',5304,50566,100800
'14MI',5304,50566,104400
'14MI',5304,50566,112000
'14MI',5304,50566,115600
'14MI',5304,50566,123200
'14MI',5304,50566,130800
'14MI',5304,50566,134400
'14MI',5304,50566,142000
'14MI',5304,50566,145600
'14MI',5304,50566,153200
'14MI',5304,50566,160800
'14MI',5304,50566,164400
'14MI',5304,50566,172000
'14MI',5304,50566,175600
'14MI',5304,50566,183200
'14MI',5304,50566,190800
'14MI',5304,50566,194400
'14MI',5304,50566,202000
'14MI',5304,50566,205600
'14MI',5304,50566,213200
'14MI',5304,50566,220800
'14MI',5304,50566,224300
'14MI',5304,50566,231900
'14MI',5304,50566,235500
'14MI',5304,50566,243300
'14MI',5304,50590,52000
'14MI',5304,50590,55600
'14MI',5304,50590,63200
'14MI',5304,50590,70800
'14MI',5304,50590,74400
'14MI',5304,50590,82000
'14MI',5304,50590,85600
'14MI',5304,50590,93300
'14MI',5304,50590,100900
'14MI',5304,50590,104500
'14MI',5304,50590,112100
'14MI',5304,50590,115700
'14MI',5304,50590,123300
'14MI',5304,50590,130900
'14MI',5304,50590,134500
'14MI',5304,50590,142100
'14MI',5304,50590,145700
'14MI',5304,50590,153300
'14MI',5304,50590,160900
'14MI',5304,50590,164500
'14MI',5304,50590,172100
'14MI',5304,50590,175700
'14MI',5304,50590,183300
'14MI',5304,50590,190900
'14MI',5304,50590,194500
'14MI',5304,50590,202100
'14MI',5304,50590,205700
'14MI',5304,50590,213300
'14MI',5304,50590,220900
'14MI',5304,50590,224400
'14MI',5304,50590,232000
'14MI',5304,50590,235600
'14MI',5304,50590,243400
'14MI',5304,50602,52100
'14MI',5304,50602,55700
'14MI',5304,50602,63300
'14MI',5304,50602,70900
'14MI',5304,50602,74500
'14MI',5304,50602,82100
'14MI',5304,50602,85700
'14MI',5304,50602,93400
'14MI',5304,50602,101000
'14MI',5304,50602,104600
'14MI',5304,50602,112200
'14MI',5304,50602,115800
'14MI',5304,50602,123400
'14MI',5304,50602,131000
'14MI',5304,50602,134600
'14MI',5304,50602,142200
'14MI',5304,50602,145800
'14MI',5304,50602,153400
'14MI',5304,50602,161000
'14MI',5304,50602,164600
'14MI',5304,50602,172200
'14MI',5304,50602,175800
'14MI',5304,50602,183400
'14MI',5304,50602,191000
'14MI',5304,50602,194600
'14MI',5304,50602,202200
'14MI',5304,50602,205800
'14MI',5304,50602,213400
'14MI',5304,50602,221000
'14MI',5304,50602,224500
'14MI',5304,50602,232100
'14MI',5304,50602,235700
'14MI',5304,50602,243500
'14MI',5304,50672,52300
'14MI',5304,50672,55900
'14MI',5304,50672,63500
'14MI',5304,50672,71100
'14MI',5304,50672,74700
'14MI',5304,50672,82300
'14MI',5304,50672,85900
'14MI',5304,50672,93500
'14MI',5304,50672,101100
'14MI',5304,50672,104700
'14MI',5304,50672,112300
'14MI',5304,50672,115900
'14MI',5304,50672,123500
'14MI',5304,50672,131100
'14MI',5304,50672,134700
'14MI',5304,50672,142300
'14MI',5304,50672,145900
'14MI',5304,50672,153500
'14MI',5304,50672,161100
'14MI',5304,50672,164700
'14MI',5304,50672,172300
'14MI',5304,50672,175900
'14MI',5304,50672,183500
'14MI',5304,50672,191100
'14MI',5304,50672,194700
'14MI',5304,50672,202300
'14MI',5304,50672,205900
'14MI',5304,50672,213500
'14MI',5304,50672,221100
'14MI',5304,50672,224600
'14MI',5304,50672,232200
'14MI',5304,50672,235800
'14MI',5304,50672,243600
'14MI',5304,50760,52400
'14MI',5304,50760,60000
'14MI',5304,50760,63600
'14MI',5304,50760,71200
'14MI',5304,50760,74800
'14MI',5304,50760,82400
'14MI',5304,50760,90000
'14MI',5304,50760,93700
'14MI',5304,50760,101300
'14MI',5304,50760,104900
'14MI',5304,50760,112500
'14MI',5304,50760,120100
'14MI',5304,50760,123700
'14MI',5304,50760,131300
'14MI',5304,50760,134900
'14MI',5304,50760,142500
'14MI',5304,50760,150100
'14MI',5304,50760,153700
'14MI',5304,50760,161300
'14MI',5304,50760,164900
'14MI',5304,50760,172500
'14MI',5304,50760,180100
'14MI',5304,50760,183700
'14MI',5304,50760,191300
'14MI',5304,50760,194900
'14MI',5304,50760,202500
'14MI',5304,50760,210100
'14MI',5304,50760,213700
'14MI',5304,50760,221300
'14MI',5304,50760,224800
'14MI',5304,50760,232400
'14MI',5304,50760,240000
'14MI',5304,50760,243700
'14MI',5304,53700,52000
'14MI',5304,53700,55600
'14MI',5304,53700,63200
'14MI',5304,53700,70800
'14MI',5304,53700,74400
'14MI',5304,53700,82000
'14MI',5304,53700,85600
'14MI',5304,53700,93300
'14MI',5304,53700,100900
'14MI',5304,53700,104500
'14MI',5304,53700,112100
'14MI',5304,53700,115700
'14MI',5304,53700,123300
'14MI',5304,53700,130900
'14MI',5304,53700,134500
'14MI',5304,53700,142100
'14MI',5304,53700,145700
'14MI',5304,53700,153300
'14MI',5304,53700,160900
'14MI',5304,53700,164500
'14MI',5304,53700,172100
'14MI',5304,53700,175700
'14MI',5304,53700,183300
'14MI',5304,53700,190900
'14MI',5304,53700,194500
'14MI',5304,53700,202100
'14MI',5304,53700,205700
'14MI',5304,53700,213300
'14MI',5304,53700,220900
'14MI',5304,53700,224400
'14MI',5304,53700,232000
'14MI',5304,53700,235600
'14MI',5304,53700,243400
'14MI',5304,53757,50900
'14MI',5304,53757,54500
'14MI',5304,53757,62100
'14MI',5304,53757,65700
'14MI',5304,53757,73300
'14MI',5304,53757,80900
'14MI',5304,53757,84500
'14MI',5304,53757,92100
'14MI',5304,53757,95700
'14MI',5304,53757,103300
'14MI',5304,53757,110900
'14MI',5304,53757,114500
'14MI',5304,53757,122100
'14MI',5304,53757,125700
'14MI',5304,53757,133300
'14MI',5304,53757,140900
'14MI',5304,53757,144500
'14MI',5304,53757,152100
'14MI',5304,53757,155700
'14MI',5304,53757,163300
'14MI',5304,53757,170900
'14MI',5304,53757,174500
'14MI',5304,53757,182100
'14MI',5304,53757,185700
'14MI',5304,53757,193300
'14MI',5304,53757,200900
'14MI',5304,53757,204500
'14MI',5304,53757,212100
'14MI',5304,53757,215700
'14MI',5304,53757,223300
'14MI',5304,53757,230900
'14MI',5304,53757,234500
'14MI',5304,53757,242400
