'18MA',3304,55304,44732
'18MA',3304,55304,51732
'18MA',3304,55304,54732
'18MA',3304,55304,61632
'18MA',3304,55304,64332
'18MA',3304,55304,70532
'18MA',3304,55304,72732
'18MA',3304,55304,74432
'18MA',3304,55304,75932
'18MA',3304,55304,81432
'18MA',3304,55304,82932
'18MA',3304,55304,84132
'18MA',3304,55304,85332
'18MA',3304,55304,90532
'18MA',3304,55304,91732
'18MA',3304,55304,92957
'18MA',3304,55304,93957
'18MA',3304,55304,94957
'18MA',3304,55304,95957
'18MA',3304,55304,100957
'18MA',3304,55304,101957
'18MA',3304,55304,102957
'18MA',3304,55304,103957
'18MA',3304,55304,104957
'18MA',3304,55304,105957
'18MA',3304,55304,110957
'18MA',3304,55304,111757
'18MA',3304,55304,112457
'18MA',3304,55304,113257
'18MA',3304,55304,114057
'18MA',3304,55304,114957
'18MA',3304,55304,115957
'18MA',3304,55304,120957
'18MA',3304,55304,121957
'18MA',3304,55304,122957
'18MA',3304,55304,123957
'18MA',3304,55304,124757
'18MA',3304,55304,125457
'18MA',3304,55304,130257
'18MA',3304,55304,131057
'18MA',3304,55304,132057
'18MA',3304,55304,133057
'18MA',3304,55304,134057
'18MA',3304,55304,135057
'18MA',3304,55304,140057
'18MA',3304,55304,141057
'18MA',3304,55304,141857
'18MA',3304,55304,142657
'18MA',3304,55304,143357
'18MA',3304,55304,144057
'18MA',3304,55304,144957
'18MA',3304,55304,145957
'18MA',3304,55304,150957
'18MA',3304,55304,151957
'18MA',3304,55304,152957
'18MA',3304,55304,153957
'18MA',3304,55304,154757
'18MA',3304,55304,155557
'18MA',3304,55304,160357
'18MA',3304,55304,161257
'18MA',3304,55304,162257
'18MA',3304,55304,163257
'18MA',3304,55304,164257
'18MA',3304,55304,165057
'18MA',3304,55304,165757
'18MA',3304,55304,170557
'18MA',3304,55304,171957
'18MA',3304,55304,173457
'18MA',3304,55304,175057
'18MA',3304,55304,180557
'18MA',3304,55304,182057
'18MA',3304,55304,183832
'18MA',3304,55304,185832
'18MA',3304,55304,191832
'18MA',3304,55304,193832
'18MA',3304,55304,200332
'18MA',3304,55304,202832
'18MA',3304,55304,205832
'18MA',3304,55304,212832
'18MA',3304,55304,215832
'18MA',3304,55304,222832
'18MA',3304,55304,225832
'18MA',3304,55304,232832
'18MA',3304,55304,235832
'18MA',3304,55304,242832
'18MA',3304,55304,245832
'18MA',3304,55304,252732
'18MF1',3304,55304,44732
'18MF1',3304,55304,51732
'18MF1',3304,55304,54732
'18MF1',3304,55304,60832
'18MF1',3304,55304,61832
'18MF1',3304,55304,62832
'18MF1',3304,55304,63832
'18MF1',3304,55304,64632
'18MF1',3304,55304,65432
'18MF1',3304,55304,70232
'18MF1',3304,55304,71032
'18MF1',3304,55304,71832
'18MF1',3304,55304,72632
'18MF1',3304,55304,73432
'18MF1',3304,55304,74232
'18MF1',3304,55304,74932
'18MF1',3304,55304,75632
'18MF1',3304,55304,80432
'18MF1',3304,55304,81432
'18MF1',3304,55304,82432
'18MF1',3304,55304,83432
'18MF1',3304,55304,84432
'18MF1',3304,55304,85332
'18MF1',3304,55304,90332
'18MF1',3304,55304,91332
'18MF1',3304,55304,92432
'18MF1',3304,55304,93557
'18MF1',3304,55304,94657
'18MF1',3304,55304,95757
'18MF1',3304,55304,100857
'18MF1',3304,55304,101957
'18MF1',3304,55304,102957
'18MF1',3304,55304,103957
'18MF1',3304,55304,104957
'18MF1',3304,55304,105957
'18MF1',3304,55304,110957
'18MF1',3304,55304,111957
'18MF1',3304,55304,112957
'18MF1',3304,55304,113957
'18MF1',3304,55304,114957
'18MF1',3304,55304,115957
'18MF1',3304,55304,120957
'18MF1',3304,55304,121957
'18MF1',3304,55304,122957
'18MF1',3304,55304,123957
'18MF1',3304,55304,125057
'18MF1',3304,55304,130057
'18MF1',3304,55304,131057
'18MF1',3304,55304,132057
'18MF1',3304,55304,133057
'18MF1',3304,55304,134057
'18MF1',3304,55304,135057
'18MF1',3304,55304,140057
'18MF1',3304,55304,141057
'18MF1',3304,55304,141957
'18MF1',3304,55304,142957
'18MF1',3304,55304,143957
'18MF1',3304,55304,144957
'18MF1',3304,55304,145957
'18MF1',3304,55304,150957
'18MF1',3304,55304,151957
'18MF1',3304,55304,152957
'18MF1',3304,55304,153957
'18MF1',3304,55304,154957
'18MF1',3304,55304,155957
'18MF1',3304,55304,161057
'18MF1',3304,55304,162157
'18MF1',3304,55304,163257
'18MF1',3304,55304,164357
'18MF1',3304,55304,165457
'18MF1',3304,55304,170557
'18MF1',3304,55304,171957
'18MF1',3304,55304,173457
'18MF1',3304,55304,174957
'18MF1',3304,55304,180457
'18MF1',3304,55304,182057
'18MF1',3304,55304,183832
'18MF1',3304,55304,185832
'18MF1',3304,55304,191932
'18MF1',3304,55304,194032
'18MF1',3304,55304,200132
'18MF1',3304,55304,202232
'18MF1',3304,55304,204332
'18MF1',3304,55304,210432
'18MF1',3304,55304,212932
'18MF1',3304,55304,215832
'18MF1',3304,55304,222832
'18MF1',3304,55304,225832
'18MF1',3304,55304,232832
'18MF1',3304,55304,235832
'18MF1',3304,55304,242832
'18MF1',3304,55304,250032
'18MF2',3304,55304,44732
'18MF2',3304,55304,51732
'18MF2',3304,55304,54732
'18MF2',3304,55304,60832
'18MF2',3304,55304,61832
'18MF2',3304,55304,62832
'18MF2',3304,55304,63832
'18MF2',3304,55304,64632
'18MF2',3304,55304,65432
'18MF2',3304,55304,70232
'18MF2',3304,55304,71032
'18MF2',3304,55304,71832
'18MF2',3304,55304,72632
'18MF2',3304,55304,73432
'18MF2',3304,55304,74232
'18MF2',3304,55304,74932
'18MF2',3304,55304,75632
'18MF2',3304,55304,80432
'18MF2',3304,55304,81432
'18MF2',3304,55304,82432
'18MF2',3304,55304,83432
'18MF2',3304,55304,84432
'18MF2',3304,55304,85332
'18MF2',3304,55304,90332
'18MF2',3304,55304,91332
'18MF2',3304,55304,92432
'18MF2',3304,55304,93557
'18MF2',3304,55304,94657
'18MF2',3304,55304,95757
'18MF2',3304,55304,100857
'18MF2',3304,55304,101957
'18MF2',3304,55304,102957
'18MF2',3304,55304,103957
'18MF2',3304,55304,104957
'18MF2',3304,55304,105957
'18MF2',3304,55304,110957
'18MF2',3304,55304,111957
'18MF2',3304,55304,112957
'18MF2',3304,55304,113957
'18MF2',3304,55304,114957
'18MF2',3304,55304,115957
'18MF2',3304,55304,120957
'18MF2',3304,55304,121957
'18MF2',3304,55304,122957
'18MF2',3304,55304,123957
'18MF2',3304,55304,125057
'18MF2',3304,55304,130057
'18MF2',3304,55304,131057
'18MF2',3304,55304,132057
'18MF2',3304,55304,133057
'18MF2',3304,55304,134057
'18MF2',3304,55304,135057
'18MF2',3304,55304,140057
'18MF2',3304,55304,141057
'18MF2',3304,55304,141957
'18MF2',3304,55304,142957
'18MF2',3304,55304,143957
'18MF2',3304,55304,144957
'18MF2',3304,55304,145957
'18MF2',3304,55304,150957
'18MF2',3304,55304,151957
'18MF2',3304,55304,152957
'18MF2',3304,55304,153957
'18MF2',3304,55304,154957
'18MF2',3304,55304,155957
'18MF2',3304,55304,161057
'18MF2',3304,55304,162157
'18MF2',3304,55304,163257
'18MF2',3304,55304,164357
'18MF2',3304,55304,165457
'18MF2',3304,55304,170557
'18MF2',3304,55304,171957
'18MF2',3304,55304,173457
'18MF2',3304,55304,174957
'18MF2',3304,55304,180457
'18MF2',3304,55304,182057
'18MF2',3304,55304,183832
'18MF2',3304,55304,185832
'18MF2',3304,55304,191932
'18MF2',3304,55304,194032
'18MF2',3304,55304,200132
'18MF2',3304,55304,202232
'18MF2',3304,55304,204332
'18MF2',3304,55304,210432
'18MF2',3304,55304,212932
'18MF2',3304,55304,215832
'18MF2',3304,55304,222832
'18MF2',3304,55304,225832
'18MF2',3304,55304,232832
'18MF2',3304,55304,235832
'18MF2',3304,55304,242832
'18MF2',3304,55304,250032
'18MF3',3304,55304,45232
'18MF3',3304,55304,52232
'18MF3',3304,55304,55232
'18MF3',3304,55304,62232
'18MF3',3304,55304,65132
'18MF3',3304,55304,72132
'18MF3',3304,55304,74432
'18MF3',3304,55304,80232
'18MF3',3304,55304,82032
'18MF3',3304,55304,83832
'18MF3',3304,55304,85232
'18MF3',3304,55304,90632
'18MF3',3304,55304,91832
'18MF3',3304,55304,93032
'18MF3',3304,55304,94332
'18MF3',3304,55304,95832
'18MF3',3304,55304,101232
'18MF3',3304,55304,102632
'18MF3',3304,55304,104032
'18MF3',3304,55304,105432
'18MF3',3304,55304,110732
'18MF3',3304,55304,111932
'18MF3',3304,55304,113132
'18MF3',3304,55304,114432
'18MF3',3304,55304,115732
'18MF3',3304,55304,120732
'18MF3',3304,55304,121832
'18MF3',3304,55304,122932
'18MF3',3304,55304,123932
'18MF3',3304,55304,124932
'18MF3',3304,55304,130032
'18MF3',3304,55304,131232
'18MF3',3304,55304,132332
'18MF3',3304,55304,133332
'18MF3',3304,55304,134332
'18MF3',3304,55304,135332
'18MF3',3304,55304,140332
'18MF3',3304,55304,141332
'18MF3',3304,55304,142332
'18MF3',3304,55304,143332
'18MF3',3304,55304,144332
'18MF3',3304,55304,145332
'18MF3',3304,55304,150332
'18MF3',3304,55304,151332
'18MF3',3304,55304,152332
'18MF3',3304,55304,153332
'18MF3',3304,55304,154332
'18MF3',3304,55304,155332
'18MF3',3304,55304,160332
'18MF3',3304,55304,161332
'18MF3',3304,55304,162532
'18MF3',3304,55304,163832
'18MF3',3304,55304,165132
'18MF3',3304,55304,170432
'18MF3',3304,55304,171832
'18MF3',3304,55304,173332
'18MF3',3304,55304,175132
'18MF3',3304,55304,180932
'18MF3',3304,55304,182832
'18MF3',3304,55304,185832
'18MF3',3304,55304,192832
'18MF3',3304,55304,195832
'18MF3',3304,55304,202832
'18MF3',3304,55304,205832
'18MF3',3304,55304,212832
'18MF3',3304,55304,215832
'18MF3',3304,55304,222832
'18MF3',3304,55304,225832
'18MF3',3304,55304,232832
'18MF3',3304,55304,235832
'18MF3',3304,55304,242932
'18MF3',3304,55304,250032
'18MI',3304,55304,45232
'18MI',3304,55304,52232
'18MI',3304,55304,55232
'18MI',3304,55304,62232
'18MI',3304,55304,65132
'18MI',3304,55304,72132
'18MI',3304,55304,74432
'18MI',3304,55304,80232
'18MI',3304,55304,82032
'18MI',3304,55304,83832
'18MI',3304,55304,85232
'18MI',3304,55304,90632
'18MI',3304,55304,91832
'18MI',3304,55304,93032
'18MI',3304,55304,94332
'18MI',3304,55304,95832
'18MI',3304,55304,101232
'18MI',3304,55304,102632
'18MI',3304,55304,104032
'18MI',3304,55304,105432
'18MI',3304,55304,110732
'18MI',3304,55304,111932
'18MI',3304,55304,113132
'18MI',3304,55304,114432
'18MI',3304,55304,115732
'18MI',3304,55304,120732
'18MI',3304,55304,121832
'18MI',3304,55304,122932
'18MI',3304,55304,123932
'18MI',3304,55304,124932
'18MI',3304,55304,130032
'18MI',3304,55304,131232
'18MI',3304,55304,132332
'18MI',3304,55304,133332
'18MI',3304,55304,134332
'18MI',3304,55304,135332
'18MI',3304,55304,140332
'18MI',3304,55304,141332
'18MI',3304,55304,142332
'18MI',3304,55304,143332
'18MI',3304,55304,144332
'18MI',3304,55304,145332
'18MI',3304,55304,150332
'18MI',3304,55304,151332
'18MI',3304,55304,152332
'18MI',3304,55304,153332
'18MI',3304,55304,154332
'18MI',3304,55304,155332
'18MI',3304,55304,160332
'18MI',3304,55304,161332
'18MI',3304,55304,162532
'18MI',3304,55304,163832
'18MI',3304,55304,165132
'18MI',3304,55304,170432
'18MI',3304,55304,171832
'18MI',3304,55304,173332
'18MI',3304,55304,175132
'18MI',3304,55304,180932
'18MI',3304,55304,182832
'18MI',3304,55304,185832
'18MI',3304,55304,192832
'18MI',3304,55304,195832
'18MI',3304,55304,202832
'18MI',3304,55304,205832
'18MI',3304,55304,212832
'18MI',3304,55304,215832
'18MI',3304,55304,222832
'18MI',3304,55304,225832
'18MI',3304,55304,232832
'18MI',3304,55304,235832
'18MI',3304,55304,242932
'18MI',3304,55304,250032
'18MS',3304,55304,45832
'18MS',3304,55304,51132
'18MS',3304,55304,52432
'18MS',3304,55304,53732
'18MS',3304,55304,55132
'18MS',3304,55304,60332
'18MS',3304,55304,61432
'18MS',3304,55304,62432
'18MS',3304,55304,63232
'18MS',3304,55304,63932
'18MS',3304,55304,64832
'18MS',3304,55304,65832
'18MS',3304,55304,70832
'18MS',3304,55304,71832
'18MS',3304,55304,72432
'18MS',3304,55304,73522
'18MS',3304,55304,74522
'18MS',3304,55304,75522
'18MS',3304,55304,80522
'18MS',3304,55304,81522
'18MS',3304,55304,82522
'18MS',3304,55304,83522
'18MS',3304,55304,84522
'18MS',3304,55304,85522
'18MS',3304,55304,90522
'18MS',3304,55304,91522
'18MS',3304,55304,92522
'18MS',3304,55304,93522
'18MS',3304,55304,94522
'18MS',3304,55304,95522
'18MS',3304,55304,100522
'18MS',3304,55304,101522
'18MS',3304,55304,102522
'18MS',3304,55304,103522
'18MS',3304,55304,104522
'18MS',3304,55304,105522
'18MS',3304,55304,110522
'18MS',3304,55304,111522
'18MS',3304,55304,112522
'18MS',3304,55304,113522
'18MS',3304,55304,114522
'18MS',3304,55304,115522
'18MS',3304,55304,120522
'18MS',3304,55304,121522
'18MS',3304,55304,122522
'18MS',3304,55304,123522
'18MS',3304,55304,124522
'18MS',3304,55304,125522
'18MS',3304,55304,130522
'18MS',3304,55304,131522
'18MS',3304,55304,132522
'18MS',3304,55304,133422
'18MS',3304,55304,134422
'18MS',3304,55304,135322
'18MS',3304,55304,140322
'18MS',3304,55304,141322
'18MS',3304,55304,142322
'18MS',3304,55304,143322
'18MS',3304,55304,144322
'18MS',3304,55304,145422
'18MS',3304,55304,150547
'18MS',3304,55304,151547
'18MS',3304,55304,152547
'18MS',3304,55304,153547
'18MS',3304,55304,154547
'18MS',3304,55304,155547
'18MS',3304,55304,160547
'18MS',3304,55304,161747
'18MS',3304,55304,162647
'18MS',3304,55304,163647
'18MS',3304,55304,164647
'18MS',3304,55304,165647
'18MS',3304,55304,170547
'18MS',3304,55304,171547
'18MS',3304,55304,172547
'18MS',3304,55304,174347
'18MS',3304,55304,180547
'18MS',3304,55304,182457
'18MS',3304,55304,184457
'18MS',3304,55304,190457
'18MS',3304,55304,192357
'18MS',3304,55304,194157
'18MS',3304,55304,200257
'18MS',3304,55304,202457
'18MS',3304,55304,204557
'18MS',3304,55304,210557
'18MS',3304,55304,213032
'18MS',3304,55304,220032
'18MS',3304,55304,223032
'18MS',3304,55304,230032
'18MS',3304,55304,233032
'18MS',3304,55304,235532
'18MS',3304,55304,242706
'18MS',3304,55304,250006
'18MF1',4002,55304,62710
'18MF1',4002,55304,70800
'18MF1',4002,55304,74800
'18MF1',4002,55304,82500
'18MF1',4002,55304,90200
'18MF1',4002,55304,94100
'18MF1',4002,55304,101810
'18MF1',4002,55304,105710
'18MF1',4002,55304,113610
'18MF1',4002,55304,121810
'18MF1',4002,55304,125710
'18MF1',4002,55304,133610
'18MF1',4002,55304,141510
'18MF1',4002,55304,145600
'18MF1',4002,55304,153600
'18MF1',4002,55304,161700
'18MF1',4002,55304,165900
'18MF1',4002,55304,173710
'18MF1',4002,55304,181420
'18MF1',4002,55304,185520
'18MF2',4002,55304,62710
'18MF2',4002,55304,70800
'18MF2',4002,55304,74800
'18MF2',4002,55304,82500
'18MF2',4002,55304,90200
'18MF2',4002,55304,94100
'18MF2',4002,55304,101810
'18MF2',4002,55304,105710
'18MF2',4002,55304,113610
'18MF2',4002,55304,121810
'18MF2',4002,55304,125710
'18MF2',4002,55304,133610
'18MF2',4002,55304,141510
'18MF2',4002,55304,145600
'18MF2',4002,55304,153600
'18MF2',4002,55304,161700
'18MF2',4002,55304,165900
'18MF2',4002,55304,173710
'18MF2',4002,55304,181420
'18MF2',4002,55304,185520
'18MS',4002,55304,62710
'18MS',4002,55304,70800
'18MS',4002,55304,74800
'18MS',4002,55304,82500
'18MS',4002,55304,90200
'18MS',4002,55304,94100
'18MS',4002,55304,101810
'18MS',4002,55304,105710
'18MS',4002,55304,113610
'18MS',4002,55304,121810
'18MS',4002,55304,125710
'18MS',4002,55304,133610
'18MS',4002,55304,141510
'18MS',4002,55304,145600
'18MS',4002,55304,153600
'18MS',4002,55304,161700
'18MS',4002,55304,165900
'18MS',4002,55304,173710
'18MS',4002,55304,181420
'18MS',4002,55304,185520
'18MA',4302,55304,53319
'18MA',4302,55304,60919
'18MA',4302,55304,64219
'18MA',4302,55304,71658
'18MA',4302,55304,74958
'18MA',4302,55304,82358
'18MA',4302,55304,85758
'18MA',4302,55304,93338
'18MA',4302,55304,100838
'18MA',4302,55304,104338
'18MA',4302,55304,111838
'18MA',4302,55304,114638
'18MA',4302,55304,121438
'18MA',4302,55304,124238
'18MA',4302,55304,131138
'18MA',4302,55304,133938
'18MA',4302,55304,140738
'18MA',4302,55304,143638
'18MA',4302,55304,150538
'18MA',4302,55304,153438
'18MA',4302,55304,160338
'18MA',4302,55304,163238
'18MA',4302,55304,170138
'18MA',4302,55304,172938
'18MA',4302,55304,175558
'18MA',4302,55304,182458
'18MA',4302,55304,185358
'18MA',4302,55304,192258
'18MA',4302,55304,195258
'18MA',4302,55304,202158
'18MA',4302,55304,205058
'18MA',4302,55304,211958
'18MA',4302,55304,214858
'18MA',4302,55304,222458
'18MA',4302,55304,231358
'18MA',4302,55304,241358
'18MA',4302,55304,251358
'18MF1',4302,55304,50019
'18MF1',4302,55304,52719
'18MF1',4302,55304,55258
'18MF1',4302,55304,61858
'18MF1',4302,55304,65138
'18MF1',4302,55304,72238
'18MF1',4302,55304,75338
'18MF1',4302,55304,82638
'18MF1',4302,55304,85638
'18MF1',4302,55304,92538
'18MF1',4302,55304,95538
'18MF1',4302,55304,102538
'18MF1',4302,55304,105438
'18MF1',4302,55304,112538
'18MF1',4302,55304,115638
'18MF1',4302,55304,122638
'18MF1',4302,55304,125838
'18MF1',4302,55304,133138
'18MF1',4302,55304,140238
'18MF1',4302,55304,143318
'18MF1',4302,55304,150218
'18MF1',4302,55304,153118
'18MF1',4302,55304,160018
'18MF1',4302,55304,163018
'18MF1',4302,55304,170118
'18MF1',4302,55304,173418
'18MF1',4302,55304,180618
'18MF1',4302,55304,183518
'18MF1',4302,55304,190518
'18MF1',4302,55304,193338
'18MF1',4302,55304,200238
'18MF1',4302,55304,203038
'18MF1',4302,55304,205558
'18MF1',4302,55304,212358
'18MF1',4302,55304,215458
'18MF1',4302,55304,222558
'18MF1',4302,55304,230858
'18MF1',4302,55304,235258
'18MF1',4302,55304,244758
'18MF1',4302,55304,254919
'18MF2',4302,55304,50019
'18MF2',4302,55304,52719
'18MF2',4302,55304,55258
'18MF2',4302,55304,61858
'18MF2',4302,55304,65138
'18MF2',4302,55304,72238
'18MF2',4302,55304,75338
'18MF2',4302,55304,82638
'18MF2',4302,55304,85638
'18MF2',4302,55304,92538
'18MF2',4302,55304,95538
'18MF2',4302,55304,102538
'18MF2',4302,55304,105438
'18MF2',4302,55304,112538
'18MF2',4302,55304,115638
'18MF2',4302,55304,122638
'18MF2',4302,55304,125838
'18MF2',4302,55304,133138
'18MF2',4302,55304,140238
'18MF2',4302,55304,143318
'18MF2',4302,55304,150218
'18MF2',4302,55304,153118
'18MF2',4302,55304,160018
'18MF2',4302,55304,163018
'18MF2',4302,55304,170118
'18MF2',4302,55304,173418
'18MF2',4302,55304,180618
'18MF2',4302,55304,183518
'18MF2',4302,55304,190518
'18MF2',4302,55304,193338
'18MF2',4302,55304,200238
'18MF2',4302,55304,203038
'18MF2',4302,55304,205558
'18MF2',4302,55304,212358
'18MF2',4302,55304,215458
'18MF2',4302,55304,222558
'18MF2',4302,55304,230858
'18MF2',4302,55304,235258
'18MF2',4302,55304,244758
'18MF2',4302,55304,254919
'18MF3',4302,55304,60758
'18MF3',4302,55304,64158
'18MF3',4302,55304,71458
'18MF3',4302,55304,74858
'18MF3',4302,55304,82458
'18MF3',4302,55304,85858
'18MF3',4302,55304,93258
'18MF3',4302,55304,100658
'18MF3',4302,55304,104058
'18MF3',4302,55304,111458
'18MF3',4302,55304,114758
'18MF3',4302,55304,121658
'18MF3',4302,55304,124458
'18MF3',4302,55304,131338
'18MF3',4302,55304,134138
'18MF3',4302,55304,140938
'18MF3',4302,55304,143838
'18MF3',4302,55304,150738
'18MF3',4302,55304,153638
'18MF3',4302,55304,160538
'18MF3',4302,55304,163438
'18MF3',4302,55304,170338
'18MF3',4302,55304,173058
'18MF3',4302,55304,175858
'18MF3',4302,55304,182658
'18MF3',4302,55304,185558
'18MF3',4302,55304,192558
'18MF3',4302,55304,195419
'18MF3',4302,55304,202419
'18MF3',4302,55304,205319
'18MF3',4302,55304,212119
'18MF3',4302,55304,215019
'18MF3',4302,55304,222019
'18MF3',4302,55304,231119
'18MF3',4302,55304,240319
'18MF3',4302,55304,245619
'18MF3',4302,55304,254919
'18MI',4302,55304,60758
'18MI',4302,55304,64158
'18MI',4302,55304,71458
'18MI',4302,55304,74858
'18MI',4302,55304,82458
'18MI',4302,55304,85858
'18MI',4302,55304,93258
'18MI',4302,55304,100658
'18MI',4302,55304,104058
'18MI',4302,55304,111458
'18MI',4302,55304,114758
'18MI',4302,55304,121658
'18MI',4302,55304,124458
'18MI',4302,55304,131338
'18MI',4302,55304,134138
'18MI',4302,55304,140938
'18MI',4302,55304,143838
'18MI',4302,55304,150738
'18MI',4302,55304,153638
'18MI',4302,55304,160538
'18MI',4302,55304,163438
'18MI',4302,55304,170338
'18MI',4302,55304,173058
'18MI',4302,55304,175858
'18MI',4302,55304,182658
'18MI',4302,55304,185558
'18MI',4302,55304,192558
'18MI',4302,55304,195419
'18MI',4302,55304,202419
'18MI',4302,55304,205319
'18MI',4302,55304,212119
'18MI',4302,55304,215019
'18MI',4302,55304,222019
'18MI',4302,55304,231119
'18MI',4302,55304,240319
'18MI',4302,55304,245619
'18MI',4302,55304,254919
'18MS',4302,55304,50019
'18MS',4302,55304,52719
'18MS',4302,55304,55258
'18MS',4302,55304,61858
'18MS',4302,55304,65138
'18MS',4302,55304,72238
'18MS',4302,55304,75338
'18MS',4302,55304,82638
'18MS',4302,55304,85638
'18MS',4302,55304,92538
'18MS',4302,55304,95538
'18MS',4302,55304,102538
'18MS',4302,55304,105438
'18MS',4302,55304,112538
'18MS',4302,55304,115638
'18MS',4302,55304,122638
'18MS',4302,55304,125838
'18MS',4302,55304,133138
'18MS',4302,55304,140238
'18MS',4302,55304,143318
'18MS',4302,55304,150118
'18MS',4302,55304,152918
'18MS',4302,55304,155918
'18MS',4302,55304,163018
'18MS',4302,55304,170118
'18MS',4302,55304,173418
'18MS',4302,55304,180618
'18MS',4302,55304,183518
'18MS',4302,55304,190518
'18MS',4302,55304,193338
'18MS',4302,55304,200338
'18MS',4302,55304,203038
'18MS',4302,55304,205558
'18MS',4302,55304,212358
'18MS',4302,55304,215458
'18MS',4302,55304,222558
'18MS',4302,55304,230858
'18MS',4302,55304,234758
'18MS',4302,55304,244258
'18MS',4302,55304,253758
