'17JS',2504,52038,64609
'17JS',2504,52038,70609
'17JS',2504,52038,72609
'17JS',2504,52038,74609
'17JS',2504,52038,80609
'17JS',2504,52038,82609
'17JS',2504,52038,84609
'17JS',2504,52038,90609
'17JS',2504,52038,92609
'17JS',2504,52038,154509
'17JS',2504,52038,160509
'17JS',2504,52038,162559
'17JS',2504,52038,164559
'17JS',2504,52038,170559
'17JS',2504,52038,172559
'17JS',2504,52038,174509
'17JS',2504,52038,180509
'17JS',2504,52038,182509
'17JA',9404,52038,52431
'17JA',9404,52038,54731
'17JA',9404,52038,61031
'17JA',9404,52038,63331
'17JA',9404,52038,65731
'17JA',9404,52038,72131
'17JA',9404,52038,74725
'17JA',9404,52038,81225
'17JA',9404,52038,83725
'17JA',9404,52038,90225
'17JA',9404,52038,92725
'17JA',9404,52038,95425
'17JA',9404,52038,102025
'17JA',9404,52038,104919
'17JA',9404,52038,111819
'17JA',9404,52038,114719
'17JA',9404,52038,121619
'17JA',9404,52038,124519
'17JA',9404,52038,131519
'17JA',9404,52038,134519
'17JA',9404,52038,141519
'17JA',9404,52038,144519
'17JA',9404,52038,151519
'17JA',9404,52038,154519
'17JA',9404,52038,161519
'17JA',9404,52038,164419
'17JA',9404,52038,171319
'17JA',9404,52038,174119
'17JA',9404,52038,180919
'17JA',9404,52038,183625
'17JA',9404,52038,190425
'17JA',9404,52038,193125
'17JA',9404,52038,195825
'17JA',9404,52038,202425
'17JA',9404,52038,204925
'17JA',9404,52038,211525
'17JA',9404,52038,213931
'17JA',9404,52038,220531
'17JA',9404,52038,223031
'17JA',9404,52038,225531
'17JA',9404,52038,232031
'17JA',9404,52038,234431
'17JA',9404,52038,240731
'17JA',9404,52038,245431
'17JA',9404,52038,253931
'17JA',9404,52038,262631
'17JI',9404,52038,52431
'17JI',9404,52038,54831
'17JI',9404,52038,61231
'17JI',9404,52038,63631
'17JI',9404,52038,70231
'17JI',9404,52038,72831
'17JI',9404,52038,75231
'17JI',9404,52038,81631
'17JI',9404,52038,84125
'17JI',9404,52038,90625
'17JI',9404,52038,93125
'17JI',9404,52038,95625
'17JI',9404,52038,102225
'17JI',9404,52038,104919
'17JI',9404,52038,111619
'17JI',9404,52038,114319
'17JI',9404,52038,121019
'17JI',9404,52038,123719
'17JI',9404,52038,130419
'17JI',9404,52038,133119
'17JI',9404,52038,135819
'17JI',9404,52038,142519
'17JI',9404,52038,145219
'17JI',9404,52038,152019
'17JI',9404,52038,154819
'17JI',9404,52038,161619
'17JI',9404,52038,164419
'17JI',9404,52038,171219
'17JI',9404,52038,174019
'17JI',9404,52038,180725
'17JI',9404,52038,183425
'17JI',9404,52038,190125
'17JI',9404,52038,192725
'17JI',9404,52038,195231
'17JI',9404,52038,201831
'17JI',9404,52038,204431
'17JI',9404,52038,210931
'17JI',9404,52038,213431
'17JI',9404,52038,215931
'17JI',9404,52038,222431
'17JI',9404,52038,224931
'17JI',9404,52038,231431
'17JI',9404,52038,240037
'17JI',9404,52038,244837
'17JI',9404,52038,253737
'17JS',9404,52038,52519
'17JS',9404,52038,55619
'17JS',9404,52038,62819
'17JS',9404,52038,65919
'17JS',9404,52038,71508
'17JS',9404,52038,72808
'17JS',9404,52038,74108
'17JS',9404,52038,75608
'17JS',9404,52038,81013
'17JS',9404,52038,82513
'17JS',9404,52038,84113
'17JS',9404,52038,85613
'17JS',9404,52038,91113
'17JS',9404,52038,92813
'17JS',9404,52038,95913
'17JS',9404,52038,103013
'17JS',9404,52038,110113
'17JS',9404,52038,113213
'17JS',9404,52038,120313
'17JS',9404,52038,123413
'17JS',9404,52038,130513
'17JS',9404,52038,133613
'17JS',9404,52038,140713
'17JS',9404,52038,144013
'17JS',9404,52038,151313
'17JS',9404,52038,154213
'17JS',9404,52038,161108
'17JS',9404,52038,163408
'17JS',9404,52038,165608
'17JS',9404,52038,172113
'17JS',9404,52038,174513
'17JS',9404,52038,180513
'17JS',9404,52038,182419
'17JS',9404,52038,184419
'17JS',9404,52038,190519
'17JS',9404,52038,193425
'17JS',9404,52038,200325
'17JS',9404,52038,203225
'17JS',9404,52038,210025
'17JS',9404,52038,212825
'17JS',9404,52038,215625
'17JS',9404,52038,222425
'17JS',9404,52038,225125
'17JS',9404,52038,231925
'17JS',9404,52038,240731
'17JS',9404,52038,245031
'17JS',9404,52038,254031
