'17NA',13904,61628,45629
'17NA',13904,61628,52229
'17NA',13904,61628,54651
'17NA',13904,61628,60651
'17NA',13904,61628,62651
'17NA',13904,61628,64651
'17NA',13904,61628,70151
'17NA',13904,61628,71651
'17NA',13904,61628,73151
'17NA',13904,61628,74651
'17NA',13904,61628,75451
'17NA',13904,61628,80251
'17NA',13904,61628,81151
'17NA',13904,61628,82051
'17NA',13904,61628,82851
'17NA',13904,61628,83651
'17NA',13904,61628,84551
'17NA',13904,61628,85451
'17NA',13904,61628,90314
'17NA',13904,61628,91114
'17NA',13904,61628,92014
'17NA',13904,61628,92914
'17NA',13904,61628,93814
'17NA',13904,61628,94714
'17NA',13904,61628,95714
'17NA',13904,61628,100714
'17NA',13904,61628,101714
'17NA',13904,61628,102514
'17NA',13904,61628,103214
'17NA',13904,61628,104014
'17NA',13904,61628,104814
'17NA',13904,61628,105714
'17NA',13904,61628,110614
'17NA',13904,61628,111514
'17NA',13904,61628,112414
'17NA',13904,61628,113314
'17NA',13904,61628,114214
'17NA',13904,61628,115114
'17NA',13904,61628,115914
'17NA',13904,61628,120614
'17NA',13904,61628,121314
'17NA',13904,61628,122014
'17NA',13904,61628,122714
'17NA',13904,61628,123414
'17NA',13904,61628,124014
'17NA',13904,61628,124614
'17NA',13904,61628,125314
'17NA',13904,61628,130114
'17NA',13904,61628,130914
'17NA',13904,61628,131614
'17NA',13904,61628,132414
'17NA',13904,61628,133214
'17NA',13904,61628,134014
'17NA',13904,61628,134814
'17NA',13904,61628,135614
'17NA',13904,61628,140414
'17NA',13904,61628,141214
'17NA',13904,61628,142014
'17NA',13904,61628,142814
'17NA',13904,61628,143514
'17NA',13904,61628,144214
'17NA',13904,61628,144914
'17NA',13904,61628,145614
'17NA',13904,61628,150314
'17NA',13904,61628,151114
'17NA',13904,61628,152014
'17NA',13904,61628,152914
'17NA',13904,61628,154014
'17NA',13904,61628,155114
'17NA',13904,61628,160214
'17NA',13904,61628,161314
'17NA',13904,61628,162414
'17NA',13904,61628,163414
'17NA',13904,61628,164314
'17NA',13904,61628,165214
'17NA',13904,61628,170014
'17NA',13904,61628,171114
'17NA',13904,61628,172214
'17NA',13904,61628,173214
'17NA',13904,61628,174214
'17NA',13904,61628,175214
'17NA',13904,61628,180614
'17NA',13904,61628,182114
'17NA',13904,61628,183614
'17NA',13904,61628,185214
'17NA',13904,61628,190714
'17NA',13904,61628,192714
'17NA',13904,61628,194651
'17NA',13904,61628,201551
'17NA',13904,61628,204551
'17NA',13904,61628,211551
'17NA',13904,61628,214551
'17NA',13904,61628,221551
'17NA',13904,61628,224551
'17NA',13904,61628,231551
'17NA',13904,61628,234451
'17NA',13904,61628,241551
'17NA',13904,61628,244651
'17NF1',13904,61628,45629
'17NF1',13904,61628,52229
'17NF1',13904,61628,54651
'17NF1',13904,61628,60651
'17NF1',13904,61628,62651
'17NF1',13904,61628,64651
'17NF1',13904,61628,70151
'17NF1',13904,61628,71651
'17NF1',13904,61628,73151
'17NF1',13904,61628,74651
'17NF1',13904,61628,75451
'17NF1',13904,61628,80251
'17NF1',13904,61628,81151
'17NF1',13904,61628,82051
'17NF1',13904,61628,82851
'17NF1',13904,61628,83651
'17NF1',13904,61628,84551
'17NF1',13904,61628,85451
'17NF1',13904,61628,90314
'17NF1',13904,61628,91114
'17NF1',13904,61628,92014
'17NF1',13904,61628,92914
'17NF1',13904,61628,93814
'17NF1',13904,61628,94714
'17NF1',13904,61628,95714
'17NF1',13904,61628,100714
'17NF1',13904,61628,101714
'17NF1',13904,61628,102514
'17NF1',13904,61628,103214
'17NF1',13904,61628,104014
'17NF1',13904,61628,104814
'17NF1',13904,61628,105714
'17NF1',13904,61628,110614
'17NF1',13904,61628,111514
'17NF1',13904,61628,112414
'17NF1',13904,61628,113314
'17NF1',13904,61628,114214
'17NF1',13904,61628,115114
'17NF1',13904,61628,115914
'17NF1',13904,61628,120614
'17NF1',13904,61628,121314
'17NF1',13904,61628,122014
'17NF1',13904,61628,122714
'17NF1',13904,61628,123414
'17NF1',13904,61628,124014
'17NF1',13904,61628,124614
'17NF1',13904,61628,125314
'17NF1',13904,61628,130114
'17NF1',13904,61628,130914
'17NF1',13904,61628,131614
'17NF1',13904,61628,132414
'17NF1',13904,61628,133214
'17NF1',13904,61628,134014
'17NF1',13904,61628,134814
'17NF1',13904,61628,135614
'17NF1',13904,61628,140414
'17NF1',13904,61628,141214
'17NF1',13904,61628,142014
'17NF1',13904,61628,142814
'17NF1',13904,61628,143514
'17NF1',13904,61628,144214
'17NF1',13904,61628,144914
'17NF1',13904,61628,145614
'17NF1',13904,61628,150314
'17NF1',13904,61628,151114
'17NF1',13904,61628,152014
'17NF1',13904,61628,152914
'17NF1',13904,61628,154014
'17NF1',13904,61628,155114
'17NF1',13904,61628,160214
'17NF1',13904,61628,161314
'17NF1',13904,61628,162414
'17NF1',13904,61628,163414
'17NF1',13904,61628,164314
'17NF1',13904,61628,165214
'17NF1',13904,61628,170014
'17NF1',13904,61628,171114
'17NF1',13904,61628,172214
'17NF1',13904,61628,173214
'17NF1',13904,61628,174214
'17NF1',13904,61628,175214
'17NF1',13904,61628,180614
'17NF1',13904,61628,182114
'17NF1',13904,61628,183614
'17NF1',13904,61628,185214
'17NF1',13904,61628,190714
'17NF1',13904,61628,192714
'17NF1',13904,61628,194651
'17NF1',13904,61628,201551
'17NF1',13904,61628,204551
'17NF1',13904,61628,211551
'17NF1',13904,61628,214551
'17NF1',13904,61628,221551
'17NF1',13904,61628,224551
'17NF1',13904,61628,231551
'17NF1',13904,61628,234451
'17NF1',13904,61628,241551
'17NF1',13904,61628,244651
'17NF2',13904,61628,45629
'17NF2',13904,61628,52229
'17NF2',13904,61628,54651
'17NF2',13904,61628,60651
'17NF2',13904,61628,62651
'17NF2',13904,61628,64651
'17NF2',13904,61628,70151
'17NF2',13904,61628,71651
'17NF2',13904,61628,73151
'17NF2',13904,61628,74651
'17NF2',13904,61628,75451
'17NF2',13904,61628,80251
'17NF2',13904,61628,81151
'17NF2',13904,61628,82051
'17NF2',13904,61628,82851
'17NF2',13904,61628,83651
'17NF2',13904,61628,84551
'17NF2',13904,61628,85451
'17NF2',13904,61628,90314
'17NF2',13904,61628,91114
'17NF2',13904,61628,92014
'17NF2',13904,61628,92914
'17NF2',13904,61628,93814
'17NF2',13904,61628,94714
'17NF2',13904,61628,95714
'17NF2',13904,61628,100714
'17NF2',13904,61628,101714
'17NF2',13904,61628,102514
'17NF2',13904,61628,103214
'17NF2',13904,61628,104014
'17NF2',13904,61628,104814
'17NF2',13904,61628,105714
'17NF2',13904,61628,110614
'17NF2',13904,61628,111514
'17NF2',13904,61628,112414
'17NF2',13904,61628,113314
'17NF2',13904,61628,114214
'17NF2',13904,61628,115114
'17NF2',13904,61628,115914
'17NF2',13904,61628,120614
'17NF2',13904,61628,121314
'17NF2',13904,61628,122014
'17NF2',13904,61628,122714
'17NF2',13904,61628,123414
'17NF2',13904,61628,124014
'17NF2',13904,61628,124614
'17NF2',13904,61628,125314
'17NF2',13904,61628,130114
'17NF2',13904,61628,130914
'17NF2',13904,61628,131614
'17NF2',13904,61628,132414
'17NF2',13904,61628,133214
'17NF2',13904,61628,134014
'17NF2',13904,61628,134814
'17NF2',13904,61628,135614
'17NF2',13904,61628,140414
'17NF2',13904,61628,141214
'17NF2',13904,61628,142014
'17NF2',13904,61628,142814
'17NF2',13904,61628,143514
'17NF2',13904,61628,144214
'17NF2',13904,61628,144914
'17NF2',13904,61628,145614
'17NF2',13904,61628,150314
'17NF2',13904,61628,151114
'17NF2',13904,61628,152014
'17NF2',13904,61628,152914
'17NF2',13904,61628,154014
'17NF2',13904,61628,155114
'17NF2',13904,61628,160214
'17NF2',13904,61628,161314
'17NF2',13904,61628,162414
'17NF2',13904,61628,163414
'17NF2',13904,61628,164314
'17NF2',13904,61628,165214
'17NF2',13904,61628,170014
'17NF2',13904,61628,171114
'17NF2',13904,61628,172214
'17NF2',13904,61628,173214
'17NF2',13904,61628,174214
'17NF2',13904,61628,175214
'17NF2',13904,61628,180614
'17NF2',13904,61628,182114
'17NF2',13904,61628,183614
'17NF2',13904,61628,185214
'17NF2',13904,61628,190714
'17NF2',13904,61628,192714
'17NF2',13904,61628,194651
'17NF2',13904,61628,201551
'17NF2',13904,61628,204551
'17NF2',13904,61628,211551
'17NF2',13904,61628,214551
'17NF2',13904,61628,221551
'17NF2',13904,61628,224551
'17NF2',13904,61628,231551
'17NF2',13904,61628,234451
'17NF2',13904,61628,241551
'17NF2',13904,61628,244651
'17NF3',13904,61628,45629
'17NF3',13904,61628,52229
'17NF3',13904,61628,54651
'17NF3',13904,61628,60651
'17NF3',13904,61628,62651
'17NF3',13904,61628,64651
'17NF3',13904,61628,70151
'17NF3',13904,61628,71651
'17NF3',13904,61628,73151
'17NF3',13904,61628,74651
'17NF3',13904,61628,75451
'17NF3',13904,61628,80251
'17NF3',13904,61628,81151
'17NF3',13904,61628,82051
'17NF3',13904,61628,82851
'17NF3',13904,61628,83651
'17NF3',13904,61628,84551
'17NF3',13904,61628,85451
'17NF3',13904,61628,90314
'17NF3',13904,61628,91114
'17NF3',13904,61628,92014
'17NF3',13904,61628,92914
'17NF3',13904,61628,93814
'17NF3',13904,61628,94714
'17NF3',13904,61628,95714
'17NF3',13904,61628,100714
'17NF3',13904,61628,101714
'17NF3',13904,61628,102514
'17NF3',13904,61628,103214
'17NF3',13904,61628,104014
'17NF3',13904,61628,104814
'17NF3',13904,61628,105714
'17NF3',13904,61628,110614
'17NF3',13904,61628,111514
'17NF3',13904,61628,112414
'17NF3',13904,61628,113314
'17NF3',13904,61628,114214
'17NF3',13904,61628,115114
'17NF3',13904,61628,115914
'17NF3',13904,61628,120614
'17NF3',13904,61628,121314
'17NF3',13904,61628,122014
'17NF3',13904,61628,122714
'17NF3',13904,61628,123414
'17NF3',13904,61628,124014
'17NF3',13904,61628,124614
'17NF3',13904,61628,125314
'17NF3',13904,61628,130114
'17NF3',13904,61628,130914
'17NF3',13904,61628,131614
'17NF3',13904,61628,132414
'17NF3',13904,61628,133214
'17NF3',13904,61628,134014
'17NF3',13904,61628,134814
'17NF3',13904,61628,135614
'17NF3',13904,61628,140414
'17NF3',13904,61628,141214
'17NF3',13904,61628,142014
'17NF3',13904,61628,142814
'17NF3',13904,61628,143514
'17NF3',13904,61628,144214
'17NF3',13904,61628,144914
'17NF3',13904,61628,145614
'17NF3',13904,61628,150314
'17NF3',13904,61628,151114
'17NF3',13904,61628,152014
'17NF3',13904,61628,152914
'17NF3',13904,61628,154014
'17NF3',13904,61628,155114
'17NF3',13904,61628,160214
'17NF3',13904,61628,161314
'17NF3',13904,61628,162414
'17NF3',13904,61628,163414
'17NF3',13904,61628,164314
'17NF3',13904,61628,165214
'17NF3',13904,61628,170014
'17NF3',13904,61628,171114
'17NF3',13904,61628,172214
'17NF3',13904,61628,173214
'17NF3',13904,61628,174214
'17NF3',13904,61628,175214
'17NF3',13904,61628,180614
'17NF3',13904,61628,182114
'17NF3',13904,61628,183614
'17NF3',13904,61628,185214
'17NF3',13904,61628,190714
'17NF3',13904,61628,192714
'17NF3',13904,61628,194651
'17NF3',13904,61628,201551
'17NF3',13904,61628,204551
'17NF3',13904,61628,211551
'17NF3',13904,61628,214551
'17NF3',13904,61628,221551
'17NF3',13904,61628,224551
'17NF3',13904,61628,231551
'17NF3',13904,61628,234451
'17NF3',13904,61628,241551
'17NF3',13904,61628,244651
'17NF4',13904,61628,45629
'17NF4',13904,61628,52229
'17NF4',13904,61628,54651
'17NF4',13904,61628,60651
'17NF4',13904,61628,62651
'17NF4',13904,61628,64651
'17NF4',13904,61628,70151
'17NF4',13904,61628,71651
'17NF4',13904,61628,73151
'17NF4',13904,61628,74651
'17NF4',13904,61628,75451
'17NF4',13904,61628,80251
'17NF4',13904,61628,81151
'17NF4',13904,61628,82051
'17NF4',13904,61628,82851
'17NF4',13904,61628,83651
'17NF4',13904,61628,84551
'17NF4',13904,61628,85451
'17NF4',13904,61628,90314
'17NF4',13904,61628,91114
'17NF4',13904,61628,92014
'17NF4',13904,61628,92914
'17NF4',13904,61628,93814
'17NF4',13904,61628,94714
'17NF4',13904,61628,95714
'17NF4',13904,61628,100714
'17NF4',13904,61628,101714
'17NF4',13904,61628,102514
'17NF4',13904,61628,103214
'17NF4',13904,61628,104014
'17NF4',13904,61628,104814
'17NF4',13904,61628,105714
'17NF4',13904,61628,110614
'17NF4',13904,61628,111514
'17NF4',13904,61628,112414
'17NF4',13904,61628,113314
'17NF4',13904,61628,114214
'17NF4',13904,61628,115114
'17NF4',13904,61628,115914
'17NF4',13904,61628,120614
'17NF4',13904,61628,121314
'17NF4',13904,61628,122014
'17NF4',13904,61628,122714
'17NF4',13904,61628,123414
'17NF4',13904,61628,124014
'17NF4',13904,61628,124614
'17NF4',13904,61628,125314
'17NF4',13904,61628,130114
'17NF4',13904,61628,130914
'17NF4',13904,61628,131614
'17NF4',13904,61628,132414
'17NF4',13904,61628,133214
'17NF4',13904,61628,134014
'17NF4',13904,61628,134814
'17NF4',13904,61628,135614
'17NF4',13904,61628,140414
'17NF4',13904,61628,141214
'17NF4',13904,61628,142014
'17NF4',13904,61628,142814
'17NF4',13904,61628,143514
'17NF4',13904,61628,144214
'17NF4',13904,61628,144914
'17NF4',13904,61628,145614
'17NF4',13904,61628,150314
'17NF4',13904,61628,151114
'17NF4',13904,61628,152014
'17NF4',13904,61628,152914
'17NF4',13904,61628,154014
'17NF4',13904,61628,155114
'17NF4',13904,61628,160214
'17NF4',13904,61628,161314
'17NF4',13904,61628,162414
'17NF4',13904,61628,163414
'17NF4',13904,61628,164314
'17NF4',13904,61628,165214
'17NF4',13904,61628,170014
'17NF4',13904,61628,171114
'17NF4',13904,61628,172214
'17NF4',13904,61628,173214
'17NF4',13904,61628,174214
'17NF4',13904,61628,175214
'17NF4',13904,61628,180614
'17NF4',13904,61628,182114
'17NF4',13904,61628,183614
'17NF4',13904,61628,185214
'17NF4',13904,61628,190714
'17NF4',13904,61628,192714
'17NF4',13904,61628,194651
'17NF4',13904,61628,201551
'17NF4',13904,61628,204551
'17NF4',13904,61628,211551
'17NF4',13904,61628,214551
'17NF4',13904,61628,221551
'17NF4',13904,61628,224551
'17NF4',13904,61628,231551
'17NF4',13904,61628,234451
'17NF4',13904,61628,241551
'17NF4',13904,61628,244651
'17NI',13904,61628,50629
'17NI',13904,61628,53329
'17NI',13904,61628,60129
'17NI',13904,61628,63129
'17NI',13904,61628,70129
'17NI',13904,61628,71829
'17NI',13904,61628,73529
'17NI',13904,61628,75229
'17NI',13904,61628,80929
'17NI',13904,61628,82429
'17NI',13904,61628,83551
'17NI',13904,61628,84551
'17NI',13904,61628,85551
'17NI',13904,61628,90551
'17NI',13904,61628,91551
'17NI',13904,61628,92451
'17NI',13904,61628,93351
'17NI',13904,61628,94251
'17NI',13904,61628,95251
'17NI',13904,61628,100151
'17NI',13904,61628,101151
'17NI',13904,61628,102151
'17NI',13904,61628,103151
'17NI',13904,61628,104151
'17NI',13904,61628,105151
'17NI',13904,61628,110151
'17NI',13904,61628,111151
'17NI',13904,61628,112151
'17NI',13904,61628,113151
'17NI',13904,61628,114151
'17NI',13904,61628,115151
'17NI',13904,61628,120151
'17NI',13904,61628,121151
'17NI',13904,61628,122151
'17NI',13904,61628,123051
'17NI',13904,61628,124051
'17NI',13904,61628,125151
'17NI',13904,61628,130251
'17NI',13904,61628,131351
'17NI',13904,61628,132251
'17NI',13904,61628,133051
'17NI',13904,61628,133651
'17NI',13904,61628,134551
'17NI',13904,61628,135451
'17NI',13904,61628,140351
'17NI',13904,61628,141251
'17NI',13904,61628,142151
'17NI',13904,61628,143151
'17NI',13904,61628,144151
'17NI',13904,61628,145051
'17NI',13904,61628,150051
'17NI',13904,61628,150951
'17NI',13904,61628,151751
'17NI',13904,61628,152551
'17NI',13904,61628,153451
'17NI',13904,61628,154351
'17NI',13904,61628,155351
'17NI',13904,61628,160451
'17NI',13904,61628,161751
'17NI',13904,61628,163151
'17NI',13904,61628,164451
'17NI',13904,61628,165751
'17NI',13904,61628,171051
'17NI',13904,61628,172751
'17NI',13904,61628,174651
'17NI',13904,61628,180651
'17NI',13904,61628,182651
'17NI',13904,61628,184651
'17NI',13904,61628,191151
'17NI',13904,61628,193751
'17NI',13904,61628,200751
'17NI',13904,61628,203751
'17NI',13904,61628,210751
'17NI',13904,61628,213751
'17NI',13904,61628,220751
'17NI',13904,61628,223951
'17NI',13904,61628,231151
'17NI',13904,61628,234351
'17NI',13904,61628,241551
'17NI',13904,61628,244851
'17NS',13904,61628,45751
'17NS',13904,61628,50551
'17NS',13904,61628,51551
'17NS',13904,61628,52551
'17NS',13904,61628,53551
'17NS',13904,61628,54551
'17NS',13904,61628,55551
'17NS',13904,61628,60551
'17NS',13904,61628,61551
'17NS',13904,61628,62451
'17NS',13904,61628,63351
'17NS',13904,61628,64351
'17NS',13904,61628,65051
'17NS',13904,61628,65651
'17NS',13904,61628,70251
'17NS',13904,61628,70851
'17NS',13904,61628,71551
'17NS',13904,61628,72251
'17NS',13904,61628,72951
'17NS',13904,61628,73851
'17NS',13904,61628,74851
'17NS',13904,61628,75651
'17NS',13904,61628,80351
'17NS',13904,61628,81151
'17NS',13904,61628,82151
'17NS',13904,61628,83151
'17NS',13904,61628,84151
'17NS',13904,61628,85151
'17NS',13904,61628,90151
'17NS',13904,61628,91051
'17NS',13904,61628,91751
'17NS',13904,61628,92451
'17NS',13904,61628,93251
'17NS',13904,61628,94151
'17NS',13904,61628,95051
'17NS',13904,61628,95751
'17NS',13904,61628,100451
'17NS',13904,61628,101151
'17NS',13904,61628,101951
'17NS',13904,61628,102751
'17NS',13904,61628,103451
'17NS',13904,61628,104151
'17NS',13904,61628,104851
'17NS',13904,61628,105451
'17NS',13904,61628,110151
'17NS',13904,61628,110851
'17NS',13904,61628,111451
'17NS',13904,61628,112151
'17NS',13904,61628,112851
'17NS',13904,61628,113451
'17NS',13904,61628,114151
'17NS',13904,61628,114851
'17NS',13904,61628,115551
'17NS',13904,61628,120251
'17NS',13904,61628,120951
'17NS',13904,61628,121651
'17NS',13904,61628,122451
'17NS',13904,61628,123151
'17NS',13904,61628,123851
'17NS',13904,61628,124451
'17NS',13904,61628,125151
'17NS',13904,61628,125851
'17NS',13904,61628,130551
'17NS',13904,61628,131251
'17NS',13904,61628,131951
'17NS',13904,61628,132651
'17NS',13904,61628,133351
'17NS',13904,61628,134051
'17NS',13904,61628,134751
'17NS',13904,61628,135451
'17NS',13904,61628,140151
'17NS',13904,61628,140751
'17NS',13904,61628,141551
'17NS',13904,61628,142351
'17NS',13904,61628,143114
'17NS',13904,61628,143814
'17NS',13904,61628,144514
'17NS',13904,61628,145114
'17NS',13904,61628,145714
'17NS',13904,61628,150314
'17NS',13904,61628,150814
'17NS',13904,61628,151514
'17NS',13904,61628,152214
'17NS',13904,61628,153014
'17NS',13904,61628,153714
'17NS',13904,61628,154514
'17NS',13904,61628,155314
'17NS',13904,61628,160014
'17NS',13904,61628,161014
'17NS',13904,61628,162014
'17NS',13904,61628,163014
'17NS',13904,61628,163914
'17NS',13904,61628,164714
'17NS',13904,61628,165514
'17NS',13904,61628,170214
'17NS',13904,61628,171014
'17NS',13904,61628,171814
'17NS',13904,61628,172714
'17NS',13904,61628,173714
'17NS',13904,61628,174714
'17NS',13904,61628,175714
'17NS',13904,61628,180714
'17NS',13904,61628,181714
'17NS',13904,61628,182714
'17NS',13904,61628,183714
'17NS',13904,61628,184714
'17NS',13904,61628,185714
'17NS',13904,61628,190651
'17NS',13904,61628,191651
'17NS',13904,61628,192651
'17NS',13904,61628,193651
'17NS',13904,61628,194651
'17NS',13904,61628,195651
'17NS',13904,61628,200651
'17NS',13904,61628,201651
'17NS',13904,61628,202651
'17NS',13904,61628,203651
'17NS',13904,61628,204651
'17NS',13904,61628,205651
'17NS',13904,61628,212151
'17NS',13904,61628,213551
'17NS',13904,61628,215251
'17NS',13904,61628,222651
'17NS',13904,61628,225751
'17NS',13904,61628,233151
'17NS',13904,61628,235629
'17NS',13904,61628,242129
'17NS',13904,61628,245029
'17NS',43904,61628,61000
'17NS',43904,61628,62300
'17NS',43904,61628,63200
'17NS',43904,61628,64000
'17NS',43904,61628,64600
'17NS',43904,61628,65300
'17NS',43904,61628,70000
'17NS',43904,61628,70600
'17NS',43904,61628,71200
'17NS',43904,61628,71900
'17NS',43904,61628,72300
'17NS',43904,61628,72700
'17NS',43904,61628,73400
'17NS',43904,61628,73900
'17NS',43904,61628,74600
'17NS',43904,61628,75000
'17NS',43904,61628,75700
'17NS',43904,61628,80500
'17NS',43904,61628,81800
'17NS',43904,61628,82400
'17NS',43904,61628,83000
'17NS',43904,61628,83800
'17NS',43904,61628,84900
'17NS',43904,61628,85900
'17NS',43904,61628,91100
