'17UA',17702,55897,61616
'17UA',17702,55897,64816
'17UA',17702,55897,71816
'17UA',17702,55897,74816
'17UA',17702,55897,81816
'17UA',17702,55897,84816
'17UA',17702,55897,91816
'17UA',17702,55897,94816
'17UA',17702,55897,101716
'17UA',17702,55897,104716
'17UA',17702,55897,111716
'17UA',17702,55897,114716
'17UA',17702,55897,121716
'17UA',17702,55897,124816
'17UA',17702,55897,131816
'17UA',17702,55897,134816
'17UA',17702,55897,141816
'17UA',17702,55897,144716
'17UA',17702,55897,151716
'17UA',17702,55897,154716
'17UA',17702,55897,161716
'17UA',17702,55897,164616
'17UA',17702,55897,171616
'17UA',17702,55897,174616
'17UA',17702,55897,181616
'17UA',17702,55897,184616
'17UA',17702,55897,191616
'17UA',17702,55897,194516
'17UA',17702,55897,201516
'17UA',17702,55897,204516
'17UA',17702,55897,211516
'17UA',17702,55897,214516
'17UA',17702,55897,221516
'17UA',17702,55897,224516
'17UA',17702,55897,231516
'17UA',17702,55897,234516
'17UA',17702,55897,241516
'17UA',17702,55897,244116
'17UF1',17702,55897,61616
'17UF1',17702,55897,64816
'17UF1',17702,55897,71816
'17UF1',17702,55897,74816
'17UF1',17702,55897,81816
'17UF1',17702,55897,84816
'17UF1',17702,55897,91816
'17UF1',17702,55897,94816
'17UF1',17702,55897,101716
'17UF1',17702,55897,104716
'17UF1',17702,55897,111716
'17UF1',17702,55897,114716
'17UF1',17702,55897,121716
'17UF1',17702,55897,124816
'17UF1',17702,55897,131816
'17UF1',17702,55897,134816
'17UF1',17702,55897,141816
'17UF1',17702,55897,144716
'17UF1',17702,55897,151716
'17UF1',17702,55897,154716
'17UF1',17702,55897,161716
'17UF1',17702,55897,164616
'17UF1',17702,55897,171616
'17UF1',17702,55897,174616
'17UF1',17702,55897,181616
'17UF1',17702,55897,184616
'17UF1',17702,55897,191616
'17UF1',17702,55897,194516
'17UF1',17702,55897,201516
'17UF1',17702,55897,204516
'17UF1',17702,55897,211516
'17UF1',17702,55897,214516
'17UF1',17702,55897,221516
'17UF1',17702,55897,224516
'17UF1',17702,55897,231516
'17UF1',17702,55897,234516
'17UF1',17702,55897,241516
'17UF1',17702,55897,244116
'17UF2',17702,55897,61616
'17UF2',17702,55897,64816
'17UF2',17702,55897,71816
'17UF2',17702,55897,74816
'17UF2',17702,55897,81816
'17UF2',17702,55897,84816
'17UF2',17702,55897,91816
'17UF2',17702,55897,94816
'17UF2',17702,55897,101716
'17UF2',17702,55897,104716
'17UF2',17702,55897,111716
'17UF2',17702,55897,114716
'17UF2',17702,55897,121716
'17UF2',17702,55897,124816
'17UF2',17702,55897,131816
'17UF2',17702,55897,134816
'17UF2',17702,55897,141816
'17UF2',17702,55897,144716
'17UF2',17702,55897,151716
'17UF2',17702,55897,154716
'17UF2',17702,55897,161716
'17UF2',17702,55897,164616
'17UF2',17702,55897,171616
'17UF2',17702,55897,174616
'17UF2',17702,55897,181616
'17UF2',17702,55897,184616
'17UF2',17702,55897,191616
'17UF2',17702,55897,194516
'17UF2',17702,55897,201516
'17UF2',17702,55897,204516
'17UF2',17702,55897,211516
'17UF2',17702,55897,214516
'17UF2',17702,55897,221516
'17UF2',17702,55897,224516
'17UF2',17702,55897,231516
'17UF2',17702,55897,234516
'17UF2',17702,55897,241516
'17UF2',17702,55897,244116
'17UI',17702,55897,61616
'17UI',17702,55897,64616
'17UI',17702,55897,71616
'17UI',17702,55897,74616
'17UI',17702,55897,81616
'17UI',17702,55897,84616
'17UI',17702,55897,91616
'17UI',17702,55897,94616
'17UI',17702,55897,101616
'17UI',17702,55897,104616
'17UI',17702,55897,111616
'17UI',17702,55897,114616
'17UI',17702,55897,121616
'17UI',17702,55897,124716
'17UI',17702,55897,131716
'17UI',17702,55897,134716
'17UI',17702,55897,141716
'17UI',17702,55897,144516
'17UI',17702,55897,151516
'17UI',17702,55897,154616
'17UI',17702,55897,161616
'17UI',17702,55897,164616
'17UI',17702,55897,171616
'17UI',17702,55897,174616
'17UI',17702,55897,181616
'17UI',17702,55897,184616
'17UI',17702,55897,191616
'17UI',17702,55897,194616
'17UI',17702,55897,201616
'17UI',17702,55897,204516
'17UI',17702,55897,211516
'17UI',17702,55897,214516
'17UI',17702,55897,221516
'17UI',17702,55897,224516
'17UI',17702,55897,231516
'17UI',17702,55897,234516
'17UI',17702,55897,241516
'17UI',17702,55897,244316
'17US',17702,55897,60856
'17US',17702,55897,63856
'17US',17702,55897,70656
'17US',17702,55897,73656
'17US',17702,55897,80556
'17US',17702,55897,83056
'17US',17702,55897,85156
'17US',17702,55897,91156
'17US',17702,55897,93856
'17US',17702,55897,100856
'17US',17702,55897,103856
'17US',17702,55897,110935
'17US',17702,55897,113935
'17US',17702,55897,120935
'17US',17702,55897,124035
'17US',17702,55897,131135
'17US',17702,55897,134235
'17US',17702,55897,141335
'17US',17702,55897,144435
'17US',17702,55897,151535
'17US',17702,55897,154735
'17US',17702,55897,161935
'17US',17702,55897,165135
'17US',17702,55897,172235
'17US',17702,55897,175335
'17US',17702,55897,182435
'17US',17702,55897,185256
'17US',17702,55897,192256
'17US',17702,55897,195156
'17US',17702,55897,202156
'17US',17702,55897,205156
'17US',17702,55897,212156
'17US',17702,55897,215156
'17US',17702,55897,222156
'17US',17702,55897,225156
'17US',17702,55897,232016
'17US',17702,55897,235016
'17US',17702,55897,242016
'17US',17702,55897,245016
