'16MA',10301,50912,53607
'16MA',10301,50912,60607
'16MA',10301,50912,63607
'16MA',10301,50912,70107
'16MA',10301,50912,72607
'16MA',10301,50912,74607
'16MA',10301,50912,80607
'16MA',10301,50912,82607
'16MA',10301,50912,84507
'16MA',10301,50912,90407
'16MA',10301,50912,92207
'16MA',10301,50912,93807
'16MA',10301,50912,95407
'16MA',10301,50912,101107
'16MA',10301,50912,102907
'16MA',10301,50912,104607
'16MA',10301,50912,110007
'16MA',10301,50912,111307
'16MA',10301,50912,112707
'16MA',10301,50912,113707
'16MA',10301,50912,114707
'16MA',10301,50912,115707
'16MA',10301,50912,120707
'16MA',10301,50912,121807
'16MA',10301,50912,122807
'16MA',10301,50912,123707
'16MA',10301,50912,124807
'16MA',10301,50912,130007
'16MA',10301,50912,131107
'16MA',10301,50912,132207
'16MA',10301,50912,133407
'16MA',10301,50912,134507
'16MA',10301,50912,135607
'16MA',10301,50912,141007
'16MA',10301,50912,142507
'16MA',10301,50912,144107
'16MA',10301,50912,145707
'16MA',10301,50912,151307
'16MA',10301,50912,152807
'16MA',10301,50912,154307
'16MA',10301,50912,155907
'16MA',10301,50912,161807
'16MA',10301,50912,163707
'16MA',10301,50912,165607
'16MA',10301,50912,171507
'16MA',10301,50912,173407
'16MA',10301,50912,175407
'16MA',10301,50912,181407
'16MA',10301,50912,183407
'16MA',10301,50912,185407
'16MA',10301,50912,191529
'16MA',10301,50912,194429
'16MA',10301,50912,201329
'16MA',10301,50912,204229
'16MA',10301,50912,211229
'16MA',10301,50912,214129
'16MA',10301,50912,221029
'16MA',10301,50912,224029
'16MA',10301,50912,231029
'16MA',10301,50912,234029
'16MA',10301,50912,241029
'16MA',10301,50912,243929
'16MA',10301,50912,250829
'16MA',10301,50912,253929
'16MF1',10301,50912,53607
'16MF1',10301,50912,60607
'16MF1',10301,50912,63607
'16MF1',10301,50912,70107
'16MF1',10301,50912,72607
'16MF1',10301,50912,74607
'16MF1',10301,50912,80607
'16MF1',10301,50912,82607
'16MF1',10301,50912,84507
'16MF1',10301,50912,90407
'16MF1',10301,50912,92207
'16MF1',10301,50912,93807
'16MF1',10301,50912,95407
'16MF1',10301,50912,101107
'16MF1',10301,50912,102907
'16MF1',10301,50912,104607
'16MF1',10301,50912,110007
'16MF1',10301,50912,111307
'16MF1',10301,50912,112707
'16MF1',10301,50912,113707
'16MF1',10301,50912,114707
'16MF1',10301,50912,115707
'16MF1',10301,50912,120707
'16MF1',10301,50912,121807
'16MF1',10301,50912,122807
'16MF1',10301,50912,123707
'16MF1',10301,50912,124807
'16MF1',10301,50912,130007
'16MF1',10301,50912,131107
'16MF1',10301,50912,132207
'16MF1',10301,50912,133407
'16MF1',10301,50912,134507
'16MF1',10301,50912,135607
'16MF1',10301,50912,141007
'16MF1',10301,50912,142507
'16MF1',10301,50912,144107
'16MF1',10301,50912,145707
'16MF1',10301,50912,151307
'16MF1',10301,50912,152807
'16MF1',10301,50912,154307
'16MF1',10301,50912,155907
'16MF1',10301,50912,161807
'16MF1',10301,50912,163707
'16MF1',10301,50912,165607
'16MF1',10301,50912,171507
'16MF1',10301,50912,173407
'16MF1',10301,50912,175407
'16MF1',10301,50912,181407
'16MF1',10301,50912,183407
'16MF1',10301,50912,185407
'16MF1',10301,50912,191529
'16MF1',10301,50912,194429
'16MF1',10301,50912,201329
'16MF1',10301,50912,204229
'16MF1',10301,50912,211229
'16MF1',10301,50912,214129
'16MF1',10301,50912,221029
'16MF1',10301,50912,224029
'16MF1',10301,50912,231029
'16MF1',10301,50912,234029
'16MF1',10301,50912,241029
'16MF1',10301,50912,243929
'16MF1',10301,50912,250929
'16MF2',10301,50912,53607
'16MF2',10301,50912,60607
'16MF2',10301,50912,63607
'16MF2',10301,50912,70107
'16MF2',10301,50912,72607
'16MF2',10301,50912,74607
'16MF2',10301,50912,80607
'16MF2',10301,50912,82607
'16MF2',10301,50912,84507
'16MF2',10301,50912,90407
'16MF2',10301,50912,92207
'16MF2',10301,50912,93807
'16MF2',10301,50912,95407
'16MF2',10301,50912,101107
'16MF2',10301,50912,102907
'16MF2',10301,50912,104607
'16MF2',10301,50912,110007
'16MF2',10301,50912,111307
'16MF2',10301,50912,112707
'16MF2',10301,50912,113707
'16MF2',10301,50912,114707
'16MF2',10301,50912,115707
'16MF2',10301,50912,120707
'16MF2',10301,50912,121807
'16MF2',10301,50912,122807
'16MF2',10301,50912,123707
'16MF2',10301,50912,124807
'16MF2',10301,50912,130007
'16MF2',10301,50912,131107
'16MF2',10301,50912,132207
'16MF2',10301,50912,133407
'16MF2',10301,50912,134507
'16MF2',10301,50912,135607
'16MF2',10301,50912,141007
'16MF2',10301,50912,142507
'16MF2',10301,50912,144107
'16MF2',10301,50912,145707
'16MF2',10301,50912,151307
'16MF2',10301,50912,152807
'16MF2',10301,50912,154307
'16MF2',10301,50912,155907
'16MF2',10301,50912,161807
'16MF2',10301,50912,163707
'16MF2',10301,50912,165607
'16MF2',10301,50912,171507
'16MF2',10301,50912,173407
'16MF2',10301,50912,175407
'16MF2',10301,50912,181407
'16MF2',10301,50912,183407
'16MF2',10301,50912,185407
'16MF2',10301,50912,191529
'16MF2',10301,50912,194429
'16MF2',10301,50912,201329
'16MF2',10301,50912,204229
'16MF2',10301,50912,211229
'16MF2',10301,50912,214129
'16MF2',10301,50912,221029
'16MF2',10301,50912,224029
'16MF2',10301,50912,231029
'16MF2',10301,50912,234029
'16MF2',10301,50912,241029
'16MF2',10301,50912,243929
'16MF2',10301,50912,250929
'16MF3',10301,50912,60107
'16MF3',10301,50912,63107
'16MF3',10301,50912,70107
'16MF3',10301,50912,73107
'16MF3',10301,50912,80107
'16MF3',10301,50912,83107
'16MF3',10301,50912,85607
'16MF3',10301,50912,91507
'16MF3',10301,50912,93307
'16MF3',10301,50912,95107
'16MF3',10301,50912,100907
'16MF3',10301,50912,102407
'16MF3',10301,50912,103907
'16MF3',10301,50912,105407
'16MF3',10301,50912,110907
'16MF3',10301,50912,112507
'16MF3',10301,50912,114307
'16MF3',10301,50912,120107
'16MF3',10301,50912,121907
'16MF3',10301,50912,123807
'16MF3',10301,50912,125607
'16MF3',10301,50912,130907
'16MF3',10301,50912,132107
'16MF3',10301,50912,133307
'16MF3',10301,50912,134407
'16MF3',10301,50912,135507
'16MF3',10301,50912,140607
'16MF3',10301,50912,141807
'16MF3',10301,50912,143207
'16MF3',10301,50912,144607
'16MF3',10301,50912,150107
'16MF3',10301,50912,151907
'16MF3',10301,50912,153907
'16MF3',10301,50912,155907
'16MF3',10301,50912,162107
'16MF3',10301,50912,164507
'16MF3',10301,50912,171107
'16MF3',10301,50912,174007
'16MF3',10301,50912,181007
'16MF3',10301,50912,184207
'16MF3',10301,50912,191229
'16MF3',10301,50912,194229
'16MF3',10301,50912,201229
'16MF3',10301,50912,204229
'16MF3',10301,50912,211229
'16MF3',10301,50912,214229
'16MF3',10301,50912,221229
'16MF3',10301,50912,224229
'16MF3',10301,50912,231229
'16MF3',10301,50912,234229
'16MF3',10301,50912,241229
'16MF3',10301,50912,244129
'16MF3',10301,50912,250929
'16MI',10301,50912,60107
'16MI',10301,50912,63107
'16MI',10301,50912,70107
'16MI',10301,50912,73107
'16MI',10301,50912,80107
'16MI',10301,50912,83107
'16MI',10301,50912,85607
'16MI',10301,50912,91507
'16MI',10301,50912,93307
'16MI',10301,50912,95107
'16MI',10301,50912,100907
'16MI',10301,50912,102407
'16MI',10301,50912,103907
'16MI',10301,50912,105407
'16MI',10301,50912,110907
'16MI',10301,50912,112507
'16MI',10301,50912,114307
'16MI',10301,50912,120107
'16MI',10301,50912,121907
'16MI',10301,50912,123807
'16MI',10301,50912,125607
'16MI',10301,50912,130907
'16MI',10301,50912,132107
'16MI',10301,50912,133307
'16MI',10301,50912,134407
'16MI',10301,50912,135507
'16MI',10301,50912,140607
'16MI',10301,50912,141807
'16MI',10301,50912,143207
'16MI',10301,50912,144607
'16MI',10301,50912,150107
'16MI',10301,50912,151907
'16MI',10301,50912,153907
'16MI',10301,50912,155907
'16MI',10301,50912,162107
'16MI',10301,50912,164507
'16MI',10301,50912,171107
'16MI',10301,50912,174007
'16MI',10301,50912,181007
'16MI',10301,50912,184207
'16MI',10301,50912,191229
'16MI',10301,50912,194229
'16MI',10301,50912,201229
'16MI',10301,50912,204229
'16MI',10301,50912,211229
'16MI',10301,50912,214229
'16MI',10301,50912,221229
'16MI',10301,50912,224229
'16MI',10301,50912,231229
'16MI',10301,50912,234229
'16MI',10301,50912,241229
'16MI',10301,50912,244129
'16MI',10301,50912,250929
'16MS',10301,50912,53029
'16MS',10301,50912,60029
'16MS',10301,50912,62029
'16MS',10301,50912,63129
'16MS',10301,50912,64129
'16MS',10301,50912,65129
'16MS',10301,50912,70244
'16MS',10301,50912,71144
'16MS',10301,50912,71744
'16MS',10301,50912,72044
'16MS',10301,50912,72344
'16MS',10301,50912,72744
'16MS',10301,50912,73044
'16MS',10301,50912,73444
'16MS',10301,50912,73744
'16MS',10301,50912,74044
'16MS',10301,50912,74444
'16MS',10301,50912,74844
'16MS',10301,50912,75244
'16MS',10301,50912,75644
'16MS',10301,50912,80044
'16MS',10301,50912,80544
'16MS',10301,50912,80944
'16MS',10301,50912,81644
'16MS',10301,50912,82144
'16MS',10301,50912,82644
'16MS',10301,50912,83244
'16MS',10301,50912,83944
'16MS',10301,50912,84607
'16MS',10301,50912,85307
'16MS',10301,50912,90007
'16MS',10301,50912,90907
'16MS',10301,50912,91707
'16MS',10301,50912,92507
'16MS',10301,50912,93307
'16MS',10301,50912,94207
'16MS',10301,50912,95207
'16MS',10301,50912,100207
'16MS',10301,50912,101207
'16MS',10301,50912,102207
'16MS',10301,50912,103207
'16MS',10301,50912,104207
'16MS',10301,50912,105207
'16MS',10301,50912,110207
'16MS',10301,50912,111207
'16MS',10301,50912,112207
'16MS',10301,50912,113207
'16MS',10301,50912,114207
'16MS',10301,50912,115207
'16MS',10301,50912,120207
'16MS',10301,50912,121207
'16MS',10301,50912,122207
'16MS',10301,50912,123207
'16MS',10301,50912,124207
'16MS',10301,50912,125107
'16MS',10301,50912,130007
'16MS',10301,50912,131007
'16MS',10301,50912,132007
'16MS',10301,50912,133007
'16MS',10301,50912,134007
'16MS',10301,50912,135007
'16MS',10301,50912,140007
'16MS',10301,50912,141007
'16MS',10301,50912,142007
'16MS',10301,50912,143707
'16MS',10301,50912,145807
'16MS',10301,50912,152107
'16MS',10301,50912,154607
'16MS',10301,50912,161007
'16MS',10301,50912,163307
'16MS',10301,50912,165607
'16MS',10301,50912,171807
'16MS',10301,50912,173807
'16MS',10301,50912,175629
'16MS',10301,50912,181829
'16MS',10301,50912,184029
'16MS',10301,50912,191029
'16MS',10301,50912,194129
'16MS',10301,50912,201229
'16MS',10301,50912,204129
'16MS',10301,50912,211129
'16MS',10301,50912,214129
'16MS',10301,50912,221129
'16MS',10301,50912,224029
'16MS',10301,50912,231029
'16MS',10301,50912,233852
'16MS',10301,50912,240852
'16MS',10301,50912,243852
'16MS',10301,50912,250852
