'17UA',36801,50509,253400
'17UA',36801,50509,261900
'17UA',36801,50509,270400
'17UA',36801,50509,275000
'17UA',36801,50509,283400
'17UF1',36801,50509,253400
'17UF1',36801,50509,261900
'17UF1',36801,50509,270400
'17UF1',36801,50509,275000
'17UF1',36801,50509,283400
'17UF2',36801,50509,253400
'17UF2',36801,50509,261900
'17UF2',36801,50509,270400
'17UF2',36801,50509,275000
'17UF2',36801,50509,283400
'17UI',36801,50509,253500
'17UI',36801,50509,262000
'17UI',36801,50509,270500
'17UI',36801,50509,275000
'17UI',36801,50509,283500
'17US',36801,50509,253200
'17US',36801,50509,262100
'17US',36801,50509,271000
'17US',36801,50509,275800
'17US',36801,50509,284400
