'17UA',10802,52245,53429
'17UA',10802,52245,60429
'17UA',10802,52245,63429
'17UA',10802,52245,70429
'17UA',10802,52245,73429
'17UA',10802,52245,80437
'17UA',10802,52245,83444
'17UA',10802,52245,90444
'17UA',10802,52245,93444
'17UA',10802,52245,100444
'17UA',10802,52245,103452
'17UA',10802,52245,110452
'17UA',10802,52245,113452
'17UA',10802,52245,120452
'17UA',10802,52245,123452
'17UA',10802,52245,130452
'17UA',10802,52245,133452
'17UA',10802,52245,140452
'17UA',10802,52245,143459
'17UA',10802,52245,150459
'17UA',10802,52245,153459
'17UA',10802,52245,160459
'17UA',10802,52245,163459
'17UA',10802,52245,170459
'17UA',10802,52245,173459
'17UA',10802,52245,180459
'17UA',10802,52245,183452
'17UA',10802,52245,190452
'17UA',10802,52245,193452
'17UA',10802,52245,200452
'17UA',10802,52245,203452
'17UA',10802,52245,210452
'17UA',10802,52245,213452
'17UA',10802,52245,220452
'17UA',10802,52245,223452
'17UA',10802,52245,230452
'17UA',10802,52245,233452
'17UA',10802,52245,240352
'17UA',10802,52245,243352
'17UA',10802,52245,250852
'17UA',10802,52245,254352
'17UF1',10802,52245,53429
'17UF1',10802,52245,60429
'17UF1',10802,52245,63429
'17UF1',10802,52245,70429
'17UF1',10802,52245,73429
'17UF1',10802,52245,80437
'17UF1',10802,52245,83444
'17UF1',10802,52245,90444
'17UF1',10802,52245,93444
'17UF1',10802,52245,100444
'17UF1',10802,52245,103452
'17UF1',10802,52245,110452
'17UF1',10802,52245,113452
'17UF1',10802,52245,120452
'17UF1',10802,52245,123452
'17UF1',10802,52245,130452
'17UF1',10802,52245,133452
'17UF1',10802,52245,140452
'17UF1',10802,52245,143459
'17UF1',10802,52245,150459
'17UF1',10802,52245,153459
'17UF1',10802,52245,160459
'17UF1',10802,52245,163459
'17UF1',10802,52245,170459
'17UF1',10802,52245,173459
'17UF1',10802,52245,180459
'17UF1',10802,52245,183452
'17UF1',10802,52245,190452
'17UF1',10802,52245,193452
'17UF1',10802,52245,200452
'17UF1',10802,52245,203452
'17UF1',10802,52245,210452
'17UF1',10802,52245,213452
'17UF1',10802,52245,220452
'17UF1',10802,52245,223452
'17UF1',10802,52245,230452
'17UF1',10802,52245,233452
'17UF1',10802,52245,240352
'17UF1',10802,52245,243352
'17UF1',10802,52245,250852
'17UF1',10802,52245,254352
'17UF2',10802,52245,53429
'17UF2',10802,52245,60429
'17UF2',10802,52245,63429
'17UF2',10802,52245,70429
'17UF2',10802,52245,73429
'17UF2',10802,52245,80437
'17UF2',10802,52245,83444
'17UF2',10802,52245,90444
'17UF2',10802,52245,93444
'17UF2',10802,52245,100444
'17UF2',10802,52245,103452
'17UF2',10802,52245,110452
'17UF2',10802,52245,113452
'17UF2',10802,52245,120452
'17UF2',10802,52245,123452
'17UF2',10802,52245,130452
'17UF2',10802,52245,133452
'17UF2',10802,52245,140452
'17UF2',10802,52245,143459
'17UF2',10802,52245,150459
'17UF2',10802,52245,153459
'17UF2',10802,52245,160459
'17UF2',10802,52245,163459
'17UF2',10802,52245,170459
'17UF2',10802,52245,173459
'17UF2',10802,52245,180459
'17UF2',10802,52245,183452
'17UF2',10802,52245,190452
'17UF2',10802,52245,193452
'17UF2',10802,52245,200452
'17UF2',10802,52245,203452
'17UF2',10802,52245,210452
'17UF2',10802,52245,213452
'17UF2',10802,52245,220452
'17UF2',10802,52245,223452
'17UF2',10802,52245,230452
'17UF2',10802,52245,233452
'17UF2',10802,52245,240352
'17UF2',10802,52245,243352
'17UF2',10802,52245,250852
'17UF2',10802,52245,254352
'17UI',10802,52245,53329
'17UI',10802,52245,60329
'17UI',10802,52245,63329
'17UI',10802,52245,70329
'17UI',10802,52245,73329
'17UI',10802,52245,80344
'17UI',10802,52245,83344
'17UI',10802,52245,90444
'17UI',10802,52245,93444
'17UI',10802,52245,100444
'17UI',10802,52245,103452
'17UI',10802,52245,110452
'17UI',10802,52245,113452
'17UI',10802,52245,120452
'17UI',10802,52245,123452
'17UI',10802,52245,130452
'17UI',10802,52245,133452
'17UI',10802,52245,140452
'17UI',10802,52245,143452
'17UI',10802,52245,150452
'17UI',10802,52245,153452
'17UI',10802,52245,160452
'17UI',10802,52245,163452
'17UI',10802,52245,170452
'17UI',10802,52245,173452
'17UI',10802,52245,180452
'17UI',10802,52245,183452
'17UI',10802,52245,190452
'17UI',10802,52245,193452
'17UI',10802,52245,200452
'17UI',10802,52245,203452
'17UI',10802,52245,210452
'17UI',10802,52245,213452
'17UI',10802,52245,220452
'17UI',10802,52245,223452
'17UI',10802,52245,230444
'17UI',10802,52245,233444
'17UI',10802,52245,240344
'17UI',10802,52245,243844
'17UI',10802,52245,251344
'17US',10802,52245,53152
'17US',10802,52245,60252
'17US',10802,52245,63352
'17US',10802,52245,70552
'17US',10802,52245,73859
'17US',10802,52245,81152
'17US',10802,52245,84252
'17US',10802,52245,91152
'17US',10802,52245,94152
'17US',10802,52245,101152
'17US',10802,52245,104152
'17US',10802,52245,111159
'17US',10802,52245,114159
'17US',10802,52245,121159
'17US',10802,52245,124059
'17US',10802,52245,131059
'17US',10802,52245,133959
'17US',10802,52245,141007
'17US',10802,52245,144207
'17US',10802,52245,151307
'17US',10802,52245,154607
'17US',10802,52245,161707
'17US',10802,52245,164907
'17US',10802,52245,172007
'17US',10802,52245,175107
'17US',10802,52245,182207
'17US',10802,52245,185052
'17US',10802,52245,191952
'17US',10802,52245,194744
'17US',10802,52245,201544
'17US',10802,52245,204344
'17US',10802,52245,211144
'17US',10802,52245,214044
'17US',10802,52245,220944
'17US',10802,52245,223944
'17US',10802,52245,230944
'17US',10802,52245,233944
'17US',10802,52245,241044
'17US',10802,52245,244237
'17US',10802,52245,251437
'17UA',35002,52245,252611
'17UA',35002,52245,260611
'17UA',35002,52245,263611
'17UA',35002,52245,265611
'17UA',35002,52245,270811
'17UA',35002,52245,271911
'17UA',35002,52245,272911
'17UA',35002,52245,273911
'17UA',35002,52245,275011
'17UA',35002,52245,280211
'17UA',35002,52245,282211
'17UA',35002,52245,284711
'17UF1',35002,52245,252611
'17UF1',35002,52245,260611
'17UF1',35002,52245,263611
'17UF1',35002,52245,265611
'17UF1',35002,52245,270811
'17UF1',35002,52245,271911
'17UF1',35002,52245,272911
'17UF1',35002,52245,273911
'17UF1',35002,52245,275011
'17UF1',35002,52245,280211
'17UF1',35002,52245,282211
'17UF1',35002,52245,284711
'17UF2',35002,52245,252611
'17UF2',35002,52245,260611
'17UF2',35002,52245,263611
'17UF2',35002,52245,265611
'17UF2',35002,52245,270811
'17UF2',35002,52245,271911
'17UF2',35002,52245,272911
'17UF2',35002,52245,273911
'17UF2',35002,52245,275011
'17UF2',35002,52245,280211
'17UF2',35002,52245,282211
'17UF2',35002,52245,284711
'17UI',35002,52245,251929
'17UI',35002,52245,254629
'17UI',35002,52245,261329
'17UI',35002,52245,264029
'17UI',35002,52245,270729
'17UI',35002,52245,273329
'17UI',35002,52245,275929
'17UI',35002,52245,282529
'17US',35002,52245,252411
'17US',35002,52245,260911
'17US',35002,52245,263311
'17US',35002,52245,265811
'17US',35002,52245,271111
'17US',35002,52245,272711
'17US',35002,52245,274311
'17US',35002,52245,275711
'17US',35002,52245,281111
'17US',35002,52245,283111
