'18MF1',3901,60492,63827
'18MF1',3901,60492,73956
'18MF1',3901,60492,83627
'18MF1',3901,60492,90627
'18MF1',3901,60492,155627
'18MF1',3901,60492,165527
'18MF1',3901,60492,175227
'18MF1',3901,60492,182327
'18MF2',3901,60492,63827
'18MF2',3901,60492,73956
'18MF2',3901,60492,83627
'18MF2',3901,60492,90627
'18MF2',3901,60492,155627
'18MF2',3901,60492,165527
'18MF2',3901,60492,175227
'18MF2',3901,60492,182327
'18MS',3901,60492,63827
'18MS',3901,60492,70856
'18MS',3901,60492,73956
'18MS',3901,60492,81027
'18MS',3901,60492,83627
'18MS',3901,60492,90627
'18MS',3901,60492,133627
'18MS',3901,60492,140627
'18MS',3901,60492,155627
'18MS',3901,60492,162627
'18MS',3901,60492,165527
'18MS',3901,60492,172627
'18MS',3901,60492,175627
'18MS',3901,60492,182327
'18MS',3901,60492,213127
'18MS',3901,60492,221127
