'18JS',7601,55455,225400
'18JS',7601,55455,234100
'18JS',17502,55455,54709
'18JS',17502,55455,60709
'18JS',17502,55455,62814
'18JS',17502,55455,64814
'18JS',17502,55455,70814
'18JS',17502,55455,72814
'18JS',17502,55455,74447
'18JS',17502,55455,75547
'18JS',17502,55455,80514
'18JS',17502,55455,81414
'18JS',17502,55455,82614
'18JS',17502,55455,84214
'18JS',17502,55455,85642
'18JS',17502,55455,91542
'18JS',17502,55455,94342
'18JS',17502,55455,102142
'18JS',17502,55455,105642
'18JS',17502,55455,113242
'18JS',17502,55455,120742
'18JS',17502,55455,124342
'18JS',17502,55455,131842
'18JS',17502,55455,135442
'18JS',17502,55455,143042
'18JS',17502,55455,145742
'18JS',17502,55455,152342
'18JS',17502,55455,155042
'18JS',17502,55455,162242
'18JS',17502,55455,165542
'18JS',17502,55455,172942
'18JS',17502,55455,175142
'18JS',17502,55455,181442
