'15NA',16504,51187,53900
'15NA',16504,51187,61100
'15NA',16504,51187,64200
'15NA',16504,51187,71000
'15NA',16504,51187,73300
'15NA',16504,51187,75500
'15NA',16504,51187,81300
'15NA',16504,51187,83000
'15NA',16504,51187,83900
'15NA',16504,51187,84800
'15NA',16504,51187,85800
'15NA',16504,51187,90800
'15NA',16504,51187,91700
'15NA',16504,51187,92500
'15NA',16504,51187,93200
'15NA',16504,51187,93900
'15NA',16504,51187,94700
'15NA',16504,51187,95400
'15NA',16504,51187,100000
'15NA',16504,51187,100700
'15NA',16504,51187,101600
'15NA',16504,51187,102500
'15NA',16504,51187,103400
'15NA',16504,51187,104200
'15NA',16504,51187,105000
'15NA',16504,51187,105700
'15NA',16504,51187,110500
'15NA',16504,51187,111300
'15NA',16504,51187,112000
'15NA',16504,51187,112500
'15NA',16504,51187,113000
'15NA',16504,51187,113700
'15NA',16504,51187,114400
'15NA',16504,51187,115200
'15NA',16504,51187,120000
'15NA',16504,51187,120800
'15NA',16504,51187,121500
'15NA',16504,51187,122100
'15NA',16504,51187,122700
'15NA',16504,51187,123200
'15NA',16504,51187,123600
'15NA',16504,51187,124000
'15NA',16504,51187,124500
'15NA',16504,51187,125100
'15NA',16504,51187,125600
'15NA',16504,51187,130100
'15NA',16504,51187,130700
'15NA',16504,51187,131200
'15NA',16504,51187,131600
'15NA',16504,51187,132100
'15NA',16504,51187,132600
'15NA',16504,51187,133000
'15NA',16504,51187,133600
'15NA',16504,51187,134100
'15NA',16504,51187,134600
'15NA',16504,51187,135100
'15NA',16504,51187,135600
'15NA',16504,51187,140100
'15NA',16504,51187,140500
'15NA',16504,51187,141000
'15NA',16504,51187,141500
'15NA',16504,51187,142000
'15NA',16504,51187,142500
'15NA',16504,51187,143000
'15NA',16504,51187,143500
'15NA',16504,51187,143900
'15NA',16504,51187,144400
'15NA',16504,51187,144900
'15NA',16504,51187,145400
'15NA',16504,51187,145800
'15NA',16504,51187,150400
'15NA',16504,51187,150900
'15NA',16504,51187,151400
'15NA',16504,51187,151900
'15NA',16504,51187,152400
'15NA',16504,51187,152800
'15NA',16504,51187,153300
'15NA',16504,51187,153800
'15NA',16504,51187,154200
'15NA',16504,51187,154700
'15NA',16504,51187,155200
'15NA',16504,51187,155600
'15NA',16504,51187,160000
'15NA',16504,51187,160500
'15NA',16504,51187,161100
'15NA',16504,51187,161700
'15NA',16504,51187,162200
'15NA',16504,51187,162700
'15NA',16504,51187,163200
'15NA',16504,51187,163700
'15NA',16504,51187,164200
'15NA',16504,51187,164800
'15NA',16504,51187,165300
'15NA',16504,51187,165700
'15NA',16504,51187,170200
'15NA',16504,51187,170700
'15NA',16504,51187,171200
'15NA',16504,51187,171700
'15NA',16504,51187,172100
'15NA',16504,51187,172500
'15NA',16504,51187,173100
'15NA',16504,51187,173600
'15NA',16504,51187,174100
'15NA',16504,51187,174600
'15NA',16504,51187,175100
'15NA',16504,51187,175600
'15NA',16504,51187,180100
'15NA',16504,51187,180500
'15NA',16504,51187,181000
'15NA',16504,51187,181600
'15NA',16504,51187,182300
'15NA',16504,51187,183200
'15NA',16504,51187,184000
'15NA',16504,51187,184700
'15NA',16504,51187,185400
'15NA',16504,51187,190200
'15NA',16504,51187,190900
'15NA',16504,51187,191500
'15NA',16504,51187,192200
'15NA',16504,51187,193100
'15NA',16504,51187,194100
'15NA',16504,51187,195200
'15NA',16504,51187,200300
'15NA',16504,51187,201600
'15NA',16504,51187,203000
'15NA',16504,51187,204000
'15NA',16504,51187,204900
'15NA',16504,51187,205800
'15NA',16504,51187,210800
'15NA',16504,51187,211600
'15NA',16504,51187,212800
'15NA',16504,51187,214200
'15NA',16504,51187,215600
'15NA',16504,51187,221100
'15NA',16504,51187,222700
'15NA',16504,51187,224200
'15NA',16504,51187,225600
'15NA',16504,51187,231100
'15NA',16504,51187,232700
'15NA',16504,51187,234300
'15NA',16504,51187,240000
'15NA',16504,51187,242700
'15NA',16504,51187,245700
'15NA',16504,51187,252700
'15NF1',16504,51187,53900
'15NF1',16504,51187,61100
'15NF1',16504,51187,64200
'15NF1',16504,51187,71000
'15NF1',16504,51187,73300
'15NF1',16504,51187,75500
'15NF1',16504,51187,81300
'15NF1',16504,51187,83000
'15NF1',16504,51187,83900
'15NF1',16504,51187,84800
'15NF1',16504,51187,85800
'15NF1',16504,51187,90800
'15NF1',16504,51187,91700
'15NF1',16504,51187,92500
'15NF1',16504,51187,93200
'15NF1',16504,51187,93900
'15NF1',16504,51187,94700
'15NF1',16504,51187,95400
'15NF1',16504,51187,100000
'15NF1',16504,51187,100700
'15NF1',16504,51187,101600
'15NF1',16504,51187,102500
'15NF1',16504,51187,103400
'15NF1',16504,51187,104200
'15NF1',16504,51187,105000
'15NF1',16504,51187,105700
'15NF1',16504,51187,110500
'15NF1',16504,51187,111300
'15NF1',16504,51187,112000
'15NF1',16504,51187,112500
'15NF1',16504,51187,113000
'15NF1',16504,51187,113700
'15NF1',16504,51187,114400
'15NF1',16504,51187,115200
'15NF1',16504,51187,120000
'15NF1',16504,51187,120800
'15NF1',16504,51187,121500
'15NF1',16504,51187,122100
'15NF1',16504,51187,122700
'15NF1',16504,51187,123200
'15NF1',16504,51187,123600
'15NF1',16504,51187,124000
'15NF1',16504,51187,124500
'15NF1',16504,51187,125100
'15NF1',16504,51187,125600
'15NF1',16504,51187,130100
'15NF1',16504,51187,130700
'15NF1',16504,51187,131200
'15NF1',16504,51187,131600
'15NF1',16504,51187,132100
'15NF1',16504,51187,132600
'15NF1',16504,51187,133000
'15NF1',16504,51187,133600
'15NF1',16504,51187,134100
'15NF1',16504,51187,134600
'15NF1',16504,51187,135100
'15NF1',16504,51187,135600
'15NF1',16504,51187,140100
'15NF1',16504,51187,140500
'15NF1',16504,51187,141000
'15NF1',16504,51187,141500
'15NF1',16504,51187,142000
'15NF1',16504,51187,142500
'15NF1',16504,51187,143000
'15NF1',16504,51187,143500
'15NF1',16504,51187,143900
'15NF1',16504,51187,144400
'15NF1',16504,51187,144900
'15NF1',16504,51187,145400
'15NF1',16504,51187,145800
'15NF1',16504,51187,150400
'15NF1',16504,51187,150900
'15NF1',16504,51187,151400
'15NF1',16504,51187,151900
'15NF1',16504,51187,152400
'15NF1',16504,51187,152800
'15NF1',16504,51187,153300
'15NF1',16504,51187,153800
'15NF1',16504,51187,154200
'15NF1',16504,51187,154700
'15NF1',16504,51187,155200
'15NF1',16504,51187,155600
'15NF1',16504,51187,160000
'15NF1',16504,51187,160500
'15NF1',16504,51187,161100
'15NF1',16504,51187,161700
'15NF1',16504,51187,162200
'15NF1',16504,51187,162700
'15NF1',16504,51187,163200
'15NF1',16504,51187,163700
'15NF1',16504,51187,164200
'15NF1',16504,51187,164800
'15NF1',16504,51187,165300
'15NF1',16504,51187,165700
'15NF1',16504,51187,170200
'15NF1',16504,51187,170700
'15NF1',16504,51187,171200
'15NF1',16504,51187,171700
'15NF1',16504,51187,172100
'15NF1',16504,51187,172500
'15NF1',16504,51187,173100
'15NF1',16504,51187,173600
'15NF1',16504,51187,174100
'15NF1',16504,51187,174600
'15NF1',16504,51187,175100
'15NF1',16504,51187,175600
'15NF1',16504,51187,180100
'15NF1',16504,51187,180500
'15NF1',16504,51187,181000
'15NF1',16504,51187,181600
'15NF1',16504,51187,182300
'15NF1',16504,51187,183200
'15NF1',16504,51187,184000
'15NF1',16504,51187,184700
'15NF1',16504,51187,185400
'15NF1',16504,51187,190200
'15NF1',16504,51187,190900
'15NF1',16504,51187,191500
'15NF1',16504,51187,192200
'15NF1',16504,51187,193100
'15NF1',16504,51187,194100
'15NF1',16504,51187,195200
'15NF1',16504,51187,200300
'15NF1',16504,51187,201600
'15NF1',16504,51187,203000
'15NF1',16504,51187,204000
'15NF1',16504,51187,204900
'15NF1',16504,51187,205800
'15NF1',16504,51187,210800
'15NF1',16504,51187,211600
'15NF1',16504,51187,212800
'15NF1',16504,51187,214200
'15NF1',16504,51187,215600
'15NF1',16504,51187,221100
'15NF1',16504,51187,222700
'15NF1',16504,51187,224200
'15NF1',16504,51187,225600
'15NF1',16504,51187,231100
'15NF1',16504,51187,232700
'15NF1',16504,51187,234300
'15NF1',16504,51187,240000
'15NF1',16504,51187,242600
'15NF1',16504,51187,245200
'15NF2',16504,51187,53900
'15NF2',16504,51187,61100
'15NF2',16504,51187,64200
'15NF2',16504,51187,71000
'15NF2',16504,51187,73300
'15NF2',16504,51187,75500
'15NF2',16504,51187,81300
'15NF2',16504,51187,83000
'15NF2',16504,51187,83900
'15NF2',16504,51187,84800
'15NF2',16504,51187,85800
'15NF2',16504,51187,90800
'15NF2',16504,51187,91700
'15NF2',16504,51187,92500
'15NF2',16504,51187,93200
'15NF2',16504,51187,93900
'15NF2',16504,51187,94700
'15NF2',16504,51187,95400
'15NF2',16504,51187,100000
'15NF2',16504,51187,100700
'15NF2',16504,51187,101600
'15NF2',16504,51187,102500
'15NF2',16504,51187,103400
'15NF2',16504,51187,104200
'15NF2',16504,51187,105000
'15NF2',16504,51187,105700
'15NF2',16504,51187,110500
'15NF2',16504,51187,111300
'15NF2',16504,51187,112000
'15NF2',16504,51187,112500
'15NF2',16504,51187,113000
'15NF2',16504,51187,113700
'15NF2',16504,51187,114400
'15NF2',16504,51187,115200
'15NF2',16504,51187,120000
'15NF2',16504,51187,120800
'15NF2',16504,51187,121500
'15NF2',16504,51187,122100
'15NF2',16504,51187,122700
'15NF2',16504,51187,123200
'15NF2',16504,51187,123600
'15NF2',16504,51187,124000
'15NF2',16504,51187,124500
'15NF2',16504,51187,125100
'15NF2',16504,51187,125600
'15NF2',16504,51187,130100
'15NF2',16504,51187,130700
'15NF2',16504,51187,131200
'15NF2',16504,51187,131600
'15NF2',16504,51187,132100
'15NF2',16504,51187,132600
'15NF2',16504,51187,133000
'15NF2',16504,51187,133600
'15NF2',16504,51187,134100
'15NF2',16504,51187,134600
'15NF2',16504,51187,135100
'15NF2',16504,51187,135600
'15NF2',16504,51187,140100
'15NF2',16504,51187,140500
'15NF2',16504,51187,141000
'15NF2',16504,51187,141500
'15NF2',16504,51187,142000
'15NF2',16504,51187,142500
'15NF2',16504,51187,143000
'15NF2',16504,51187,143500
'15NF2',16504,51187,143900
'15NF2',16504,51187,144400
'15NF2',16504,51187,144900
'15NF2',16504,51187,145400
'15NF2',16504,51187,145800
'15NF2',16504,51187,150400
'15NF2',16504,51187,150900
'15NF2',16504,51187,151400
'15NF2',16504,51187,151900
'15NF2',16504,51187,152400
'15NF2',16504,51187,152800
'15NF2',16504,51187,153300
'15NF2',16504,51187,153800
'15NF2',16504,51187,154200
'15NF2',16504,51187,154700
'15NF2',16504,51187,155200
'15NF2',16504,51187,155600
'15NF2',16504,51187,160000
'15NF2',16504,51187,160500
'15NF2',16504,51187,161100
'15NF2',16504,51187,161700
'15NF2',16504,51187,162200
'15NF2',16504,51187,162700
'15NF2',16504,51187,163200
'15NF2',16504,51187,163700
'15NF2',16504,51187,164200
'15NF2',16504,51187,164800
'15NF2',16504,51187,165300
'15NF2',16504,51187,165700
'15NF2',16504,51187,170200
'15NF2',16504,51187,170700
'15NF2',16504,51187,171200
'15NF2',16504,51187,171700
'15NF2',16504,51187,172100
'15NF2',16504,51187,172500
'15NF2',16504,51187,173100
'15NF2',16504,51187,173600
'15NF2',16504,51187,174100
'15NF2',16504,51187,174600
'15NF2',16504,51187,175100
'15NF2',16504,51187,175600
'15NF2',16504,51187,180100
'15NF2',16504,51187,180500
'15NF2',16504,51187,181000
'15NF2',16504,51187,181600
'15NF2',16504,51187,182300
'15NF2',16504,51187,183200
'15NF2',16504,51187,184000
'15NF2',16504,51187,184700
'15NF2',16504,51187,185400
'15NF2',16504,51187,190200
'15NF2',16504,51187,190900
'15NF2',16504,51187,191500
'15NF2',16504,51187,192200
'15NF2',16504,51187,193100
'15NF2',16504,51187,194100
'15NF2',16504,51187,195200
'15NF2',16504,51187,200300
'15NF2',16504,51187,201600
'15NF2',16504,51187,203000
'15NF2',16504,51187,204000
'15NF2',16504,51187,204900
'15NF2',16504,51187,205800
'15NF2',16504,51187,210800
'15NF2',16504,51187,211600
'15NF2',16504,51187,212800
'15NF2',16504,51187,214200
'15NF2',16504,51187,215600
'15NF2',16504,51187,221100
'15NF2',16504,51187,222700
'15NF2',16504,51187,224200
'15NF2',16504,51187,225600
'15NF2',16504,51187,231100
'15NF2',16504,51187,232700
'15NF2',16504,51187,234300
'15NF2',16504,51187,240000
'15NF2',16504,51187,242700
'15NF2',16504,51187,245700
'15NF2',16504,51187,252700
'15NF3',16504,51187,53900
'15NF3',16504,51187,61100
'15NF3',16504,51187,64200
'15NF3',16504,51187,71000
'15NF3',16504,51187,73300
'15NF3',16504,51187,75500
'15NF3',16504,51187,81300
'15NF3',16504,51187,83000
'15NF3',16504,51187,83900
'15NF3',16504,51187,84800
'15NF3',16504,51187,85800
'15NF3',16504,51187,90800
'15NF3',16504,51187,91700
'15NF3',16504,51187,92500
'15NF3',16504,51187,93200
'15NF3',16504,51187,93900
'15NF3',16504,51187,94700
'15NF3',16504,51187,95400
'15NF3',16504,51187,100000
'15NF3',16504,51187,100700
'15NF3',16504,51187,101600
'15NF3',16504,51187,102500
'15NF3',16504,51187,103400
'15NF3',16504,51187,104200
'15NF3',16504,51187,105000
'15NF3',16504,51187,105700
'15NF3',16504,51187,110500
'15NF3',16504,51187,111300
'15NF3',16504,51187,112000
'15NF3',16504,51187,112500
'15NF3',16504,51187,113000
'15NF3',16504,51187,113700
'15NF3',16504,51187,114400
'15NF3',16504,51187,115200
'15NF3',16504,51187,120000
'15NF3',16504,51187,120800
'15NF3',16504,51187,121500
'15NF3',16504,51187,122100
'15NF3',16504,51187,122700
'15NF3',16504,51187,123200
'15NF3',16504,51187,123600
'15NF3',16504,51187,124000
'15NF3',16504,51187,124500
'15NF3',16504,51187,125100
'15NF3',16504,51187,125600
'15NF3',16504,51187,130100
'15NF3',16504,51187,130700
'15NF3',16504,51187,131200
'15NF3',16504,51187,131600
'15NF3',16504,51187,132100
'15NF3',16504,51187,132600
'15NF3',16504,51187,133000
'15NF3',16504,51187,133600
'15NF3',16504,51187,134100
'15NF3',16504,51187,134600
'15NF3',16504,51187,135100
'15NF3',16504,51187,135600
'15NF3',16504,51187,140100
'15NF3',16504,51187,140500
'15NF3',16504,51187,141000
'15NF3',16504,51187,141500
'15NF3',16504,51187,142000
'15NF3',16504,51187,142500
'15NF3',16504,51187,143000
'15NF3',16504,51187,143500
'15NF3',16504,51187,143900
'15NF3',16504,51187,144400
'15NF3',16504,51187,144900
'15NF3',16504,51187,145400
'15NF3',16504,51187,145800
'15NF3',16504,51187,150400
'15NF3',16504,51187,150900
'15NF3',16504,51187,151400
'15NF3',16504,51187,151900
'15NF3',16504,51187,152400
'15NF3',16504,51187,152800
'15NF3',16504,51187,153300
'15NF3',16504,51187,153800
'15NF3',16504,51187,154200
'15NF3',16504,51187,154700
'15NF3',16504,51187,155200
'15NF3',16504,51187,155600
'15NF3',16504,51187,160000
'15NF3',16504,51187,160500
'15NF3',16504,51187,161100
'15NF3',16504,51187,161700
'15NF3',16504,51187,162200
'15NF3',16504,51187,162700
'15NF3',16504,51187,163200
'15NF3',16504,51187,163700
'15NF3',16504,51187,164200
'15NF3',16504,51187,164800
'15NF3',16504,51187,165300
'15NF3',16504,51187,165700
'15NF3',16504,51187,170200
'15NF3',16504,51187,170700
'15NF3',16504,51187,171200
'15NF3',16504,51187,171700
'15NF3',16504,51187,172100
'15NF3',16504,51187,172500
'15NF3',16504,51187,173100
'15NF3',16504,51187,173600
'15NF3',16504,51187,174100
'15NF3',16504,51187,174600
'15NF3',16504,51187,175100
'15NF3',16504,51187,175600
'15NF3',16504,51187,180100
'15NF3',16504,51187,180500
'15NF3',16504,51187,181000
'15NF3',16504,51187,181600
'15NF3',16504,51187,182300
'15NF3',16504,51187,183200
'15NF3',16504,51187,184000
'15NF3',16504,51187,184700
'15NF3',16504,51187,185400
'15NF3',16504,51187,190200
'15NF3',16504,51187,190900
'15NF3',16504,51187,191500
'15NF3',16504,51187,192200
'15NF3',16504,51187,193100
'15NF3',16504,51187,194100
'15NF3',16504,51187,195200
'15NF3',16504,51187,200300
'15NF3',16504,51187,201600
'15NF3',16504,51187,203000
'15NF3',16504,51187,204000
'15NF3',16504,51187,204900
'15NF3',16504,51187,205800
'15NF3',16504,51187,210800
'15NF3',16504,51187,211600
'15NF3',16504,51187,212800
'15NF3',16504,51187,214200
'15NF3',16504,51187,215600
'15NF3',16504,51187,221100
'15NF3',16504,51187,222700
'15NF3',16504,51187,224200
'15NF3',16504,51187,225600
'15NF3',16504,51187,231100
'15NF3',16504,51187,232700
'15NF3',16504,51187,234300
'15NF3',16504,51187,240000
'15NF3',16504,51187,242600
'15NF3',16504,51187,245200
'15NF4',16504,51187,53900
'15NF4',16504,51187,61100
'15NF4',16504,51187,64200
'15NF4',16504,51187,71000
'15NF4',16504,51187,73300
'15NF4',16504,51187,75500
'15NF4',16504,51187,81300
'15NF4',16504,51187,83000
'15NF4',16504,51187,83900
'15NF4',16504,51187,84800
'15NF4',16504,51187,85800
'15NF4',16504,51187,90800
'15NF4',16504,51187,91700
'15NF4',16504,51187,92500
'15NF4',16504,51187,93200
'15NF4',16504,51187,93900
'15NF4',16504,51187,94700
'15NF4',16504,51187,95400
'15NF4',16504,51187,100000
'15NF4',16504,51187,100700
'15NF4',16504,51187,101600
'15NF4',16504,51187,102500
'15NF4',16504,51187,103400
'15NF4',16504,51187,104200
'15NF4',16504,51187,105000
'15NF4',16504,51187,105700
'15NF4',16504,51187,110500
'15NF4',16504,51187,111300
'15NF4',16504,51187,112000
'15NF4',16504,51187,112500
'15NF4',16504,51187,113000
'15NF4',16504,51187,113700
'15NF4',16504,51187,114400
'15NF4',16504,51187,115200
'15NF4',16504,51187,120000
'15NF4',16504,51187,120800
'15NF4',16504,51187,121500
'15NF4',16504,51187,122100
'15NF4',16504,51187,122700
'15NF4',16504,51187,123200
'15NF4',16504,51187,123600
'15NF4',16504,51187,124000
'15NF4',16504,51187,124500
'15NF4',16504,51187,125100
'15NF4',16504,51187,125600
'15NF4',16504,51187,130100
'15NF4',16504,51187,130700
'15NF4',16504,51187,131200
'15NF4',16504,51187,131600
'15NF4',16504,51187,132100
'15NF4',16504,51187,132600
'15NF4',16504,51187,133000
'15NF4',16504,51187,133600
'15NF4',16504,51187,134100
'15NF4',16504,51187,134600
'15NF4',16504,51187,135100
'15NF4',16504,51187,135600
'15NF4',16504,51187,140100
'15NF4',16504,51187,140500
'15NF4',16504,51187,141000
'15NF4',16504,51187,141500
'15NF4',16504,51187,142000
'15NF4',16504,51187,142500
'15NF4',16504,51187,143000
'15NF4',16504,51187,143500
'15NF4',16504,51187,143900
'15NF4',16504,51187,144400
'15NF4',16504,51187,144900
'15NF4',16504,51187,145400
'15NF4',16504,51187,145800
'15NF4',16504,51187,150400
'15NF4',16504,51187,150900
'15NF4',16504,51187,151400
'15NF4',16504,51187,151900
'15NF4',16504,51187,152400
'15NF4',16504,51187,152800
'15NF4',16504,51187,153300
'15NF4',16504,51187,153800
'15NF4',16504,51187,154200
'15NF4',16504,51187,154700
'15NF4',16504,51187,155200
'15NF4',16504,51187,155600
'15NF4',16504,51187,160000
'15NF4',16504,51187,160500
'15NF4',16504,51187,161100
'15NF4',16504,51187,161700
'15NF4',16504,51187,162200
'15NF4',16504,51187,162700
'15NF4',16504,51187,163200
'15NF4',16504,51187,163700
'15NF4',16504,51187,164200
'15NF4',16504,51187,164800
'15NF4',16504,51187,165300
'15NF4',16504,51187,165700
'15NF4',16504,51187,170200
'15NF4',16504,51187,170700
'15NF4',16504,51187,171200
'15NF4',16504,51187,171700
'15NF4',16504,51187,172100
'15NF4',16504,51187,172500
'15NF4',16504,51187,173100
'15NF4',16504,51187,173600
'15NF4',16504,51187,174100
'15NF4',16504,51187,174600
'15NF4',16504,51187,175100
'15NF4',16504,51187,175600
'15NF4',16504,51187,180100
'15NF4',16504,51187,180500
'15NF4',16504,51187,181000
'15NF4',16504,51187,181600
'15NF4',16504,51187,182300
'15NF4',16504,51187,183200
'15NF4',16504,51187,184000
'15NF4',16504,51187,184700
'15NF4',16504,51187,185400
'15NF4',16504,51187,190200
'15NF4',16504,51187,190900
'15NF4',16504,51187,191500
'15NF4',16504,51187,192200
'15NF4',16504,51187,193100
'15NF4',16504,51187,194100
'15NF4',16504,51187,195200
'15NF4',16504,51187,200300
'15NF4',16504,51187,201600
'15NF4',16504,51187,203000
'15NF4',16504,51187,204000
'15NF4',16504,51187,204900
'15NF4',16504,51187,205800
'15NF4',16504,51187,210800
'15NF4',16504,51187,211600
'15NF4',16504,51187,212800
'15NF4',16504,51187,214200
'15NF4',16504,51187,215600
'15NF4',16504,51187,221100
'15NF4',16504,51187,222700
'15NF4',16504,51187,224200
'15NF4',16504,51187,225600
'15NF4',16504,51187,231100
'15NF4',16504,51187,232700
'15NF4',16504,51187,234300
'15NF4',16504,51187,240000
'15NF4',16504,51187,242700
'15NF4',16504,51187,245700
'15NF4',16504,51187,252700
'15NI',16504,51187,54300
'15NI',16504,51187,61500
'15NI',16504,51187,64700
'15NI',16504,51187,71900
'15NI',16504,51187,74500
'15NI',16504,51187,80800
'15NI',16504,51187,82900
'15NI',16504,51187,84500
'15NI',16504,51187,90000
'15NI',16504,51187,91500
'15NI',16504,51187,93000
'15NI',16504,51187,94600
'15NI',16504,51187,95900
'15NI',16504,51187,101000
'15NI',16504,51187,102000
'15NI',16504,51187,103000
'15NI',16504,51187,103900
'15NI',16504,51187,104500
'15NI',16504,51187,105100
'15NI',16504,51187,105700
'15NI',16504,51187,110200
'15NI',16504,51187,110700
'15NI',16504,51187,111100
'15NI',16504,51187,111600
'15NI',16504,51187,112300
'15NI',16504,51187,113000
'15NI',16504,51187,113800
'15NI',16504,51187,114500
'15NI',16504,51187,115100
'15NI',16504,51187,115700
'15NI',16504,51187,120400
'15NI',16504,51187,121100
'15NI',16504,51187,121600
'15NI',16504,51187,122100
'15NI',16504,51187,122700
'15NI',16504,51187,123200
'15NI',16504,51187,123700
'15NI',16504,51187,124200
'15NI',16504,51187,124700
'15NI',16504,51187,125200
'15NI',16504,51187,125900
'15NI',16504,51187,130600
'15NI',16504,51187,131200
'15NI',16504,51187,131800
'15NI',16504,51187,132300
'15NI',16504,51187,132800
'15NI',16504,51187,133400
'15NI',16504,51187,134000
'15NI',16504,51187,134600
'15NI',16504,51187,135400
'15NI',16504,51187,140100
'15NI',16504,51187,140700
'15NI',16504,51187,141100
'15NI',16504,51187,141500
'15NI',16504,51187,141900
'15NI',16504,51187,142300
'15NI',16504,51187,142700
'15NI',16504,51187,143200
'15NI',16504,51187,143700
'15NI',16504,51187,144200
'15NI',16504,51187,144600
'15NI',16504,51187,145100
'15NI',16504,51187,145600
'15NI',16504,51187,150100
'15NI',16504,51187,150700
'15NI',16504,51187,151300
'15NI',16504,51187,151800
'15NI',16504,51187,152300
'15NI',16504,51187,152800
'15NI',16504,51187,153200
'15NI',16504,51187,153800
'15NI',16504,51187,154400
'15NI',16504,51187,155000
'15NI',16504,51187,155600
'15NI',16504,51187,160300
'15NI',16504,51187,160900
'15NI',16504,51187,161500
'15NI',16504,51187,162100
'15NI',16504,51187,162700
'15NI',16504,51187,163300
'15NI',16504,51187,163900
'15NI',16504,51187,164500
'15NI',16504,51187,165100
'15NI',16504,51187,165600
'15NI',16504,51187,170200
'15NI',16504,51187,170700
'15NI',16504,51187,171100
'15NI',16504,51187,171500
'15NI',16504,51187,172100
'15NI',16504,51187,172700
'15NI',16504,51187,173300
'15NI',16504,51187,173900
'15NI',16504,51187,174500
'15NI',16504,51187,175100
'15NI',16504,51187,175800
'15NI',16504,51187,180600
'15NI',16504,51187,181400
'15NI',16504,51187,182200
'15NI',16504,51187,183000
'15NI',16504,51187,184000
'15NI',16504,51187,185000
'15NI',16504,51187,190000
'15NI',16504,51187,191000
'15NI',16504,51187,192000
'15NI',16504,51187,193100
'15NI',16504,51187,194100
'15NI',16504,51187,195100
'15NI',16504,51187,200300
'15NI',16504,51187,201500
'15NI',16504,51187,202800
'15NI',16504,51187,204200
'15NI',16504,51187,205600
'15NI',16504,51187,211100
'15NI',16504,51187,212600
'15NI',16504,51187,214100
'15NI',16504,51187,220100
'15NI',16504,51187,222300
'15NI',16504,51187,224700
'15NI',16504,51187,231900
'15NI',16504,51187,235000
'15NI',16504,51187,242100
'15NI',16504,51187,245200
'15NS',16504,51187,53800
'15NS',16504,51187,60600
'15NS',16504,51187,62300
'15NS',16504,51187,63300
'15NS',16504,51187,64300
'15NS',16504,51187,65300
'15NS',16504,51187,70300
'15NS',16504,51187,71700
'15NS',16504,51187,72700
'15NS',16504,51187,73300
'15NS',16504,51187,73800
'15NS',16504,51187,74400
'15NS',16504,51187,75200
'15NS',16504,51187,75600
'15NS',16504,51187,80100
'15NS',16504,51187,80600
'15NS',16504,51187,81100
'15NS',16504,51187,81600
'15NS',16504,51187,82100
'15NS',16504,51187,82600
'15NS',16504,51187,83100
'15NS',16504,51187,83600
'15NS',16504,51187,84200
'15NS',16504,51187,84900
'15NS',16504,51187,85900
'15NS',16504,51187,90800
'15NS',16504,51187,91700
'15NS',16504,51187,92600
'15NS',16504,51187,93300
'15NS',16504,51187,93900
'15NS',16504,51187,94400
'15NS',16504,51187,95000
'15NS',16504,51187,95600
'15NS',16504,51187,100200
'15NS',16504,51187,100800
'15NS',16504,51187,101400
'15NS',16504,51187,102000
'15NS',16504,51187,102600
'15NS',16504,51187,103200
'15NS',16504,51187,103900
'15NS',16504,51187,104600
'15NS',16504,51187,105000
'15NS',16504,51187,105500
'15NS',16504,51187,110000
'15NS',16504,51187,110600
'15NS',16504,51187,111000
'15NS',16504,51187,111400
'15NS',16504,51187,111900
'15NS',16504,51187,112400
'15NS',16504,51187,112800
'15NS',16504,51187,113200
'15NS',16504,51187,113700
'15NS',16504,51187,114100
'15NS',16504,51187,114600
'15NS',16504,51187,115100
'15NS',16504,51187,115600
'15NS',16504,51187,120100
'15NS',16504,51187,120500
'15NS',16504,51187,120900
'15NS',16504,51187,121300
'15NS',16504,51187,121800
'15NS',16504,51187,122300
'15NS',16504,51187,122900
'15NS',16504,51187,123400
'15NS',16504,51187,123800
'15NS',16504,51187,124300
'15NS',16504,51187,124800
'15NS',16504,51187,125300
'15NS',16504,51187,125700
'15NS',16504,51187,130200
'15NS',16504,51187,130800
'15NS',16504,51187,131300
'15NS',16504,51187,131800
'15NS',16504,51187,132300
'15NS',16504,51187,132800
'15NS',16504,51187,133300
'15NS',16504,51187,133900
'15NS',16504,51187,134500
'15NS',16504,51187,135100
'15NS',16504,51187,135700
'15NS',16504,51187,140300
'15NS',16504,51187,140800
'15NS',16504,51187,141300
'15NS',16504,51187,141800
'15NS',16504,51187,142300
'15NS',16504,51187,142900
'15NS',16504,51187,143600
'15NS',16504,51187,144200
'15NS',16504,51187,144800
'15NS',16504,51187,145400
'15NS',16504,51187,150100
'15NS',16504,51187,150800
'15NS',16504,51187,151500
'15NS',16504,51187,152300
'15NS',16504,51187,153100
'15NS',16504,51187,153900
'15NS',16504,51187,154900
'15NS',16504,51187,155900
'15NS',16504,51187,160900
'15NS',16504,51187,161900
'15NS',16504,51187,162900
'15NS',16504,51187,163800
'15NS',16504,51187,164700
'15NS',16504,51187,165700
'15NS',16504,51187,170700
'15NS',16504,51187,171700
'15NS',16504,51187,172700
'15NS',16504,51187,173600
'15NS',16504,51187,174500
'15NS',16504,51187,175400
'15NS',16504,51187,180300
'15NS',16504,51187,181100
'15NS',16504,51187,182000
'15NS',16504,51187,182900
'15NS',16504,51187,183700
'15NS',16504,51187,184500
'15NS',16504,51187,185400
'15NS',16504,51187,190300
'15NS',16504,51187,191300
'15NS',16504,51187,192200
'15NS',16504,51187,193200
'15NS',16504,51187,194100
'15NS',16504,51187,195000
'15NS',16504,51187,195900
'15NS',16504,51187,200700
'15NS',16504,51187,201600
'15NS',16504,51187,202600
'15NS',16504,51187,203600
'15NS',16504,51187,204600
'15NS',16504,51187,205600
'15NS',16504,51187,210600
'15NS',16504,51187,211800
'15NS',16504,51187,213000
'15NS',16504,51187,214000
'15NS',16504,51187,215100
'15NS',16504,51187,220200
'15NS',16504,51187,221500
'15NS',16504,51187,222900
'15NS',16504,51187,225200
'15NS',16504,51187,231700
'15NS',16504,51187,234000
'15NS',16504,51187,240400
'15NS',16504,51187,242800
'15NS',16504,51187,245200
'15NA',36904,51187,253919
'15NA',36904,51187,261019
'15NA',36904,51187,264019
'15NA',36904,51187,271019
'15NA',36904,51187,274019
'15NA',36904,51187,281019
'15NA',36904,51187,285419
'15NF1',36904,51187,250823
'15NF1',36904,51187,254823
'15NF1',36904,51187,262823
'15NF1',36904,51187,272823
'15NF1',36904,51187,280823
'15NF1',36904,51187,285323
'15NF2',36904,51187,250823
'15NF2',36904,51187,254823
'15NF2',36904,51187,262823
'15NF2',36904,51187,272823
'15NF2',36904,51187,280823
'15NF2',36904,51187,285323
'15NF3',36904,51187,250823
'15NF3',36904,51187,254823
'15NF3',36904,51187,262823
'15NF3',36904,51187,272823
'15NF3',36904,51187,280823
'15NF3',36904,51187,285323
'15NF4',36904,51187,250823
'15NF4',36904,51187,254823
'15NF4',36904,51187,262823
'15NF4',36904,51187,272823
'15NF4',36904,51187,280823
'15NF4',36904,51187,285323
'15NI',36904,51187,250823
'15NI',36904,51187,255323
'15NI',36904,51187,263823
'15NI',36904,51187,272323
'15NI',36904,51187,280823
'15NI',36904,51187,285323
'15NS',36904,51187,250823
'15NS',36904,51187,254823
'15NS',36904,51187,262823
'15NS',36904,51187,270123
'15NS',36904,51187,272823
'15NS',36904,51187,280823
'15NS',36904,51187,285323
'15NS',43501,51187,63400
'15NS',43501,51187,70100
'15NS',43501,51187,73000
'15NS',43501,51187,73900
'15NS',43501,51187,75000
'15NS',43501,51187,80300
'15NS',43501,51187,81300
'15NS',43501,51187,82700
'15NS',43501,51187,83700
'15NS',43501,51187,85300
'15NS',43501,51187,90300
'15NS',43501,51187,91300
'15NS',43501,51187,92100
'15NS',43501,51187,150700
'15NS',43501,51187,151800
'15NS',43501,51187,152600
'15NS',43501,51187,153500
'15NS',43501,51187,154700
'15NS',43501,51187,160100
'15NS',43501,51187,161300
'15NS',43501,51187,162100
'15NS',43501,51187,163200
'15NS',43501,51187,164000
'15NS',43501,51187,165000
'15NS',43501,51187,170000
'15NS',43501,51187,171000
'15NS',43501,51187,172000
'15NS',43501,51187,173000
'15NS',43501,51187,174800
'15NS',43501,51187,180700
'15NS',43501,51187,183100
'15NS',43501,51187,185600
'15NS',43501,51187,191800
