'15NS',21302,55953,60739
'15NS',21302,55953,63752
'15NS',21302,55953,65252
'15NS',21302,55953,70752
'15NS',21302,55953,72252
'15NS',21302,55953,73952
'15NS',21302,55953,75452
'15NS',21302,55953,80952
'15NS',21302,55953,81952
'15NS',21302,55953,82952
'15NS',21302,55953,83952
'15NS',21302,55953,85952
'15NS',21302,55953,91926
'15NS',21302,55953,93926
'15NS',21302,55953,151726
'15NS',21302,55953,154826
'15NS',21302,55953,161926
'15NS',21302,55953,165026
'15NS',21302,55953,172113
'15NS',21302,55953,175213
'15NS',21302,55953,182313
'15NS',21302,55953,185213
