'16MS',19603,57120,55803
'16MS',19603,57120,62924
'16MS',19603,57120,70004
'16MS',19603,57120,73204
'16MS',19603,57120,80224
'16MS',19603,57120,83124
'16MS',19603,57120,90043
'16MS',19603,57120,92903
'16MS',19603,57120,95903
'16MS',19603,57120,102903
'16MS',19603,57120,105803
'16MS',19603,57120,112703
'16MS',19603,57120,115703
'16MS',19603,57120,122703
'16MS',19603,57120,125703
'16MS',19603,57120,132703
'16MS',19603,57120,135743
'16MS',19603,57120,142743
'16MS',19603,57120,145743
'16MS',19603,57120,150743
'16MS',19603,57120,151743
'16MS',19603,57120,152843
'16MS',19603,57120,154143
'16MS',19603,57120,155543
'16MS',19603,57120,161043
'16MS',19603,57120,162543
'16MS',19603,57120,163943
'16MS',19603,57120,165543
'16MS',19603,57120,172243
'16MS',19603,57120,175243
'16MS',19603,57120,182203
'16MS',19603,57120,185103
'16MS',19603,57120,192203
