'14MA',20104,57689,60700
'14MA',20104,57689,63700
'14MA',20104,57689,70700
'14MA',20104,57689,73700
'14MA',20104,57689,80700
'14MA',20104,57689,83800
'14MA',20104,57689,90900
'14MA',20104,57689,94200
'14MA',20104,57689,101300
'14MA',20104,57689,103500
'14MA',20104,57689,105700
'14MA',20104,57689,112000
'14MA',20104,57689,114400
'14MA',20104,57689,120600
'14MA',20104,57689,122800
'14MA',20104,57689,125000
'14MA',20104,57689,131300
'14MA',20104,57689,133800
'14MA',20104,57689,140300
'14MA',20104,57689,142600
'14MA',20104,57689,144800
'14MA',20104,57689,151000
'14MA',20104,57689,153300
'14MA',20104,57689,155800
'14MA',20104,57689,162300
'14MA',20104,57689,164500
'14MA',20104,57689,170700
'14MA',20104,57689,172900
'14MA',20104,57689,175000
'14MA',20104,57689,182200
'14MA',20104,57689,185400
'14MA',20104,57689,192700
'14MA',20104,57689,195900
'14MA',20104,57689,203100
'14MA',20104,57689,210200
'14MA',20104,57689,213500
'14MA',20104,57689,220700
'14MA',20104,57689,223700
'14MA',20104,57689,230700
'14MA',20104,57689,233700
'14MA',20104,57689,240700
'14MF1',20104,57689,60700
'14MF1',20104,57689,63700
'14MF1',20104,57689,70700
'14MF1',20104,57689,73700
'14MF1',20104,57689,80700
'14MF1',20104,57689,83800
'14MF1',20104,57689,90900
'14MF1',20104,57689,94100
'14MF1',20104,57689,101200
'14MF1',20104,57689,103400
'14MF1',20104,57689,105600
'14MF1',20104,57689,111900
'14MF1',20104,57689,114200
'14MF1',20104,57689,120500
'14MF1',20104,57689,122700
'14MF1',20104,57689,124900
'14MF1',20104,57689,131200
'14MF1',20104,57689,133700
'14MF1',20104,57689,140200
'14MF1',20104,57689,142500
'14MF1',20104,57689,144700
'14MF1',20104,57689,150900
'14MF1',20104,57689,153200
'14MF1',20104,57689,155700
'14MF1',20104,57689,162200
'14MF1',20104,57689,164400
'14MF1',20104,57689,170600
'14MF1',20104,57689,172800
'14MF1',20104,57689,174900
'14MF1',20104,57689,182000
'14MF1',20104,57689,185300
'14MF1',20104,57689,192600
'14MF1',20104,57689,195800
'14MF1',20104,57689,203000
'14MF1',20104,57689,210200
'14MF1',20104,57689,213500
'14MF1',20104,57689,220700
'14MF1',20104,57689,223700
'14MF1',20104,57689,230600
'14MF1',20104,57689,233600
'14MF1',20104,57689,240600
'14MF2',20104,57689,60700
'14MF2',20104,57689,63700
'14MF2',20104,57689,70700
'14MF2',20104,57689,73700
'14MF2',20104,57689,80700
'14MF2',20104,57689,83800
'14MF2',20104,57689,90900
'14MF2',20104,57689,94100
'14MF2',20104,57689,101200
'14MF2',20104,57689,103400
'14MF2',20104,57689,105600
'14MF2',20104,57689,111900
'14MF2',20104,57689,114400
'14MF2',20104,57689,120600
'14MF2',20104,57689,122800
'14MF2',20104,57689,125000
'14MF2',20104,57689,131300
'14MF2',20104,57689,133800
'14MF2',20104,57689,140300
'14MF2',20104,57689,142600
'14MF2',20104,57689,144800
'14MF2',20104,57689,151000
'14MF2',20104,57689,153300
'14MF2',20104,57689,155800
'14MF2',20104,57689,162300
'14MF2',20104,57689,164500
'14MF2',20104,57689,170700
'14MF2',20104,57689,172900
'14MF2',20104,57689,175000
'14MF2',20104,57689,182000
'14MF2',20104,57689,185300
'14MF2',20104,57689,192600
'14MF2',20104,57689,195800
'14MF2',20104,57689,203000
'14MF2',20104,57689,210200
'14MF2',20104,57689,213500
'14MF2',20104,57689,220700
'14MF2',20104,57689,223700
'14MF2',20104,57689,230700
'14MF2',20104,57689,233700
'14MF2',20104,57689,240700
'14MF3',20104,57689,60700
'14MF3',20104,57689,63700
'14MF3',20104,57689,70700
'14MF3',20104,57689,73700
'14MF3',20104,57689,80700
'14MF3',20104,57689,83800
'14MF3',20104,57689,90900
'14MF3',20104,57689,94100
'14MF3',20104,57689,101200
'14MF3',20104,57689,103400
'14MF3',20104,57689,105600
'14MF3',20104,57689,111900
'14MF3',20104,57689,114200
'14MF3',20104,57689,120500
'14MF3',20104,57689,122700
'14MF3',20104,57689,124900
'14MF3',20104,57689,131200
'14MF3',20104,57689,133700
'14MF3',20104,57689,140200
'14MF3',20104,57689,142500
'14MF3',20104,57689,144700
'14MF3',20104,57689,150900
'14MF3',20104,57689,153200
'14MF3',20104,57689,155700
'14MF3',20104,57689,162200
'14MF3',20104,57689,164400
'14MF3',20104,57689,170600
'14MF3',20104,57689,172800
'14MF3',20104,57689,174900
'14MF3',20104,57689,182000
'14MF3',20104,57689,185300
'14MF3',20104,57689,192600
'14MF3',20104,57689,195800
'14MF3',20104,57689,203000
'14MF3',20104,57689,210200
'14MF3',20104,57689,213500
'14MF3',20104,57689,220700
'14MF3',20104,57689,223700
'14MF3',20104,57689,230600
'14MF3',20104,57689,233600
'14MF3',20104,57689,240600
'14MI',20104,57689,65700
'14MI',20104,57689,72900
'14MI',20104,57689,80200
'14MI',20104,57689,83400
'14MI',20104,57689,90700
'14MI',20104,57689,93900
'14MI',20104,57689,101200
'14MI',20104,57689,104400
'14MI',20104,57689,111700
'14MI',20104,57689,114900
'14MI',20104,57689,122300
'14MI',20104,57689,125600
'14MI',20104,57689,133000
'14MI',20104,57689,140400
'14MI',20104,57689,143900
'14MI',20104,57689,151200
'14MI',20104,57689,154500
'14MI',20104,57689,161900
'14MI',20104,57689,165200
'14MI',20104,57689,172300
'14MI',20104,57689,175500
'14MI',20104,57689,182600
'14MI',20104,57689,185700
'14MI',20104,57689,192600
'14MI',20104,57689,195900
'14MI',20104,57689,203100
'14MI',20104,57689,210300
'14MI',20104,57689,213500
'14MI',20104,57689,220700
'14MI',20104,57689,223700
'14MI',20104,57689,230700
'14MI',20104,57689,233600
'14MI',20104,57689,240600
'14MS',20104,57689,60200
'14MS',20104,57689,63700
'14MS',20104,57689,70900
'14MS',20104,57689,75400
'14MS',20104,57689,83200
'14MS',20104,57689,90800
'14MS',20104,57689,94400
'14MS',20104,57689,101800
'14MS',20104,57689,105100
'14MS',20104,57689,112500
'14MS',20104,57689,120000
'14MS',20104,57689,123500
'14MS',20104,57689,130900
'14MS',20104,57689,134300
'14MS',20104,57689,141900
'14MS',20104,57689,145800
'14MS',20104,57689,153700
'14MS',20104,57689,160800
'14MS',20104,57689,165600
'14MS',20104,57689,173200
'14MS',20104,57689,175600
'14MS',20104,57689,184100
'14MS',20104,57689,190700
'14MS',20104,57689,193400
'14MS',20104,57689,200600
'14MS',20104,57689,203700
'14MS',20104,57689,210800
'14MS',20104,57689,213800
'14MS',20104,57689,220800
'14MS',20104,57689,223800
'14MS',20104,57689,230800
'14MS',20104,57689,233800
'14MS',20104,57689,240700
