'14UA',19102,53957,51500
'14UA',19102,53957,54500
'14UA',19102,53957,61500
'14UA',19102,53957,64600
'14UA',19102,53957,71800
'14UA',19102,53957,75000
'14UA',19102,53957,82200
'14UA',19102,53957,85300
'14UA',19102,53957,92400
'14UA',19102,53957,95600
'14UA',19102,53957,102600
'14UA',19102,53957,105600
'14UA',19102,53957,112600
'14UA',19102,53957,115600
'14UA',19102,53957,122600
'14UA',19102,53957,125600
'14UA',19102,53957,132300
'14UA',19102,53957,135000
'14UA',19102,53957,141400
'14UA',19102,53957,143700
'14UA',19102,53957,145700
'14UA',19102,53957,151700
'14UA',19102,53957,153600
'14UA',19102,53957,155400
'14UA',19102,53957,161200
'14UA',19102,53957,162900
'14UA',19102,53957,164600
'14UA',19102,53957,170300
'14UA',19102,53957,172000
'14UA',19102,53957,173700
'14UA',19102,53957,175300
'14UA',19102,53957,181000
'14UA',19102,53957,182800
'14UA',19102,53957,184600
'14UA',19102,53957,190500
'14UA',19102,53957,192600
'14UA',19102,53957,194700
'14UA',19102,53957,200800
'14UA',19102,53957,202900
'14UA',19102,53957,205000
'14UA',19102,53957,211100
'14UA',19102,53957,212600
'14UA',19102,53957,214000
'14UA',19102,53957,215500
'14UA',19102,53957,221000
'14UA',19102,53957,222800
'14UA',19102,53957,224800
'14UA',19102,53957,230900
'14UA',19102,53957,232900
'14UA',19102,53957,234900
'14UA',19102,53957,241200
'14UA',19102,53957,243500
'14UA',19102,53957,250100
'14UA',19102,53957,252700
'14UA',19102,53957,255500
'14UF1',19102,53957,54600
'14UF1',19102,53957,61700
'14UF1',19102,53957,64800
'14UF1',19102,53957,71900
'14UF1',19102,53957,74900
'14UF1',19102,53957,81900
'14UF1',19102,53957,84900
'14UF1',19102,53957,91900
'14UF1',19102,53957,95100
'14UF1',19102,53957,102100
'14UF1',19102,53957,105000
'14UF1',19102,53957,111900
'14UF1',19102,53957,114800
'14UF1',19102,53957,121700
'14UF1',19102,53957,124500
'14UF1',19102,53957,131100
'14UF1',19102,53957,133600
'14UF1',19102,53957,135800
'14UF1',19102,53957,141900
'14UF1',19102,53957,144000
'14UF1',19102,53957,150100
'14UF1',19102,53957,152200
'14UF1',19102,53957,154300
'14UF1',19102,53957,160300
'14UF1',19102,53957,162200
'14UF1',19102,53957,164100
'14UF1',19102,53957,170000
'14UF1',19102,53957,171800
'14UF1',19102,53957,173600
'14UF1',19102,53957,175500
'14UF1',19102,53957,181500
'14UF1',19102,53957,183500
'14UF1',19102,53957,185500
'14UF1',19102,53957,191500
'14UF1',19102,53957,193500
'14UF1',19102,53957,195600
'14UF1',19102,53957,201700
'14UF1',19102,53957,204000
'14UF1',19102,53957,210400
'14UF1',19102,53957,212800
'14UF1',19102,53957,215200
'14UF1',19102,53957,221600
'14UF1',19102,53957,223900
'14UF1',19102,53957,230600
'14UF1',19102,53957,233300
'14UF1',19102,53957,240000
'14UF1',19102,53957,242900
'14UF1',19102,53957,245900
'14UF1',19102,53957,252900
'14UF2',19102,53957,54600
'14UF2',19102,53957,61700
'14UF2',19102,53957,64800
'14UF2',19102,53957,71900
'14UF2',19102,53957,74900
'14UF2',19102,53957,81900
'14UF2',19102,53957,84900
'14UF2',19102,53957,91900
'14UF2',19102,53957,95100
'14UF2',19102,53957,102100
'14UF2',19102,53957,105000
'14UF2',19102,53957,111900
'14UF2',19102,53957,114800
'14UF2',19102,53957,121700
'14UF2',19102,53957,124500
'14UF2',19102,53957,131100
'14UF2',19102,53957,133600
'14UF2',19102,53957,135800
'14UF2',19102,53957,141900
'14UF2',19102,53957,144000
'14UF2',19102,53957,150100
'14UF2',19102,53957,152200
'14UF2',19102,53957,154300
'14UF2',19102,53957,160300
'14UF2',19102,53957,162200
'14UF2',19102,53957,164100
'14UF2',19102,53957,170000
'14UF2',19102,53957,171800
'14UF2',19102,53957,173600
'14UF2',19102,53957,175500
'14UF2',19102,53957,181500
'14UF2',19102,53957,183500
'14UF2',19102,53957,185500
'14UF2',19102,53957,191500
'14UF2',19102,53957,193500
'14UF2',19102,53957,195600
'14UF2',19102,53957,201700
'14UF2',19102,53957,204000
'14UF2',19102,53957,210400
'14UF2',19102,53957,212800
'14UF2',19102,53957,215200
'14UF2',19102,53957,221600
'14UF2',19102,53957,223900
'14UF2',19102,53957,230600
'14UF2',19102,53957,233300
'14UF2',19102,53957,240000
'14UF2',19102,53957,242900
'14UF2',19102,53957,245900
'14UF2',19102,53957,252900
'14UI',19102,53957,54600
'14UI',19102,53957,61700
'14UI',19102,53957,64800
'14UI',19102,53957,71900
'14UI',19102,53957,74900
'14UI',19102,53957,81900
'14UI',19102,53957,84900
'14UI',19102,53957,91900
'14UI',19102,53957,95100
'14UI',19102,53957,102100
'14UI',19102,53957,105000
'14UI',19102,53957,111900
'14UI',19102,53957,114800
'14UI',19102,53957,121700
'14UI',19102,53957,124500
'14UI',19102,53957,131100
'14UI',19102,53957,133600
'14UI',19102,53957,135800
'14UI',19102,53957,141900
'14UI',19102,53957,144000
'14UI',19102,53957,150100
'14UI',19102,53957,152200
'14UI',19102,53957,154300
'14UI',19102,53957,160300
'14UI',19102,53957,162200
'14UI',19102,53957,164100
'14UI',19102,53957,170000
'14UI',19102,53957,171800
'14UI',19102,53957,173600
'14UI',19102,53957,175500
'14UI',19102,53957,181500
'14UI',19102,53957,183500
'14UI',19102,53957,185500
'14UI',19102,53957,191500
'14UI',19102,53957,193500
'14UI',19102,53957,195600
'14UI',19102,53957,201700
'14UI',19102,53957,204000
'14UI',19102,53957,210400
'14UI',19102,53957,212800
'14UI',19102,53957,215200
'14UI',19102,53957,221600
'14UI',19102,53957,223900
'14UI',19102,53957,230600
'14UI',19102,53957,233300
'14UI',19102,53957,240000
'14UI',19102,53957,242900
'14UI',19102,53957,245900
'14UI',19102,53957,252900
'14US',19102,53957,51500
'14US',19102,53957,53500
'14US',19102,53957,55500
'14US',19102,53957,62700
'14US',19102,53957,65800
'14US',19102,53957,72800
'14US',19102,53957,75700
'14US',19102,53957,82700
'14US',19102,53957,85700
'14US',19102,53957,92500
'14US',19102,53957,95200
'14US',19102,53957,101900
'14US',19102,53957,104800
'14US',19102,53957,111800
'14US',19102,53957,114800
'14US',19102,53957,121800
'14US',19102,53957,124800
'14US',19102,53957,131900
'14US',19102,53957,135100
'14US',19102,53957,142400
'14US',19102,53957,145500
'14US',19102,53957,152500
'14US',19102,53957,155500
'14US',19102,53957,162500
'14US',19102,53957,165600
'14US',19102,53957,172700
'14US',19102,53957,175600
'14US',19102,53957,182600
'14US',19102,53957,185400
'14US',19102,53957,192000
'14US',19102,53957,194300
'14US',19102,53957,200700
'14US',19102,53957,203100
'14US',19102,53957,205600
'14US',19102,53957,212000
'14US',19102,53957,214100
'14US',19102,53957,220100
'14US',19102,53957,222100
'14US',19102,53957,224000
'14US',19102,53957,230000
'14US',19102,53957,232500
'14US',19102,53957,235000
'14US',19102,53957,242300
'14US',19102,53957,245500
'14US',19102,53957,252800
