'14UA',16001,50630,55300
'14UA',16001,50630,62600
'14UA',16001,50630,65900
'14UA',16001,50630,73200
'14UA',16001,50630,80500
'14UA',16001,50630,83900
'14UA',16001,50630,91500
'14UA',16001,50630,95100
'14UA',16001,50630,102900
'14UA',16001,50630,110500
'14UA',16001,50630,113700
'14UA',16001,50630,120500
'14UA',16001,50630,123100
'14UA',16001,50630,125700
'14UA',16001,50630,131800
'14UA',16001,50630,133900
'14UA',16001,50630,140000
'14UA',16001,50630,142000
'14UA',16001,50630,144000
'14UA',16001,50630,150000
'14UA',16001,50630,152000
'14UA',16001,50630,154000
'14UA',16001,50630,160000
'14UA',16001,50630,161900
'14UA',16001,50630,163500
'14UA',16001,50630,165100
'14UA',16001,50630,170800
'14UA',16001,50630,173100
'14UA',16001,50630,175400
'14UA',16001,50630,181700
'14UA',16001,50630,183900
'14UA',16001,50630,190200
'14UA',16001,50630,192500
'14UA',16001,50630,194800
'14UA',16001,50630,201200
'14UA',16001,50630,203800
'14UA',16001,50630,211300
'14UA',16001,50630,214800
'14UA',16001,50630,222300
'14UA',16001,50630,225700
'14UA',16001,50630,233200
'14UA',16001,50630,240600
'14UA',16001,50630,243900
'14UA',16001,50630,251100
'14UA',16001,50630,254200
'14UA',16001,50630,261200
'14UF1',16001,50630,70500
'14UF1',16001,50630,73800
'14UF1',16001,50630,81100
'14UF1',16001,50630,84600
'14UF1',16001,50630,92200
'14UF1',16001,50630,95800
'14UF1',16001,50630,103400
'14UF1',16001,50630,110900
'14UF1',16001,50630,114300
'14UF1',16001,50630,121700
'14UF1',16001,50630,124600
'14UF1',16001,50630,131400
'14UF1',16001,50630,134100
'14UF1',16001,50630,140300
'14UF1',16001,50630,142400
'14UF1',16001,50630,144400
'14UF1',16001,50630,150400
'14UF1',16001,50630,152500
'14UF1',16001,50630,154600
'14UF1',16001,50630,160700
'14UF1',16001,50630,162700
'14UF1',16001,50630,164600
'14UF1',16001,50630,170700
'14UF1',16001,50630,173400
'14UF1',16001,50630,180100
'14UF1',16001,50630,182900
'14UF1',16001,50630,185800
'14UF1',16001,50630,192700
'14UF1',16001,50630,195500
'14UF1',16001,50630,202500
'14UF1',16001,50630,205600
'14UF1',16001,50630,212900
'14UF1',16001,50630,220300
'14UF1',16001,50630,223700
'14UF1',16001,50630,231000
'14UF1',16001,50630,234200
'14UF1',16001,50630,241200
'14UF1',16001,50630,244300
'14UF1',16001,50630,251400
'14UF2',16001,50630,70500
'14UF2',16001,50630,73800
'14UF2',16001,50630,81100
'14UF2',16001,50630,84600
'14UF2',16001,50630,92200
'14UF2',16001,50630,95800
'14UF2',16001,50630,103400
'14UF2',16001,50630,110900
'14UF2',16001,50630,114300
'14UF2',16001,50630,121700
'14UF2',16001,50630,124600
'14UF2',16001,50630,131400
'14UF2',16001,50630,134100
'14UF2',16001,50630,140300
'14UF2',16001,50630,142400
'14UF2',16001,50630,144400
'14UF2',16001,50630,150400
'14UF2',16001,50630,152500
'14UF2',16001,50630,154600
'14UF2',16001,50630,160700
'14UF2',16001,50630,162700
'14UF2',16001,50630,164600
'14UF2',16001,50630,170700
'14UF2',16001,50630,173400
'14UF2',16001,50630,180100
'14UF2',16001,50630,182900
'14UF2',16001,50630,185800
'14UF2',16001,50630,192700
'14UF2',16001,50630,195500
'14UF2',16001,50630,202500
'14UF2',16001,50630,205600
'14UF2',16001,50630,212900
'14UF2',16001,50630,220300
'14UF2',16001,50630,223700
'14UF2',16001,50630,231000
'14UF2',16001,50630,234200
'14UF2',16001,50630,241200
'14UF2',16001,50630,244300
'14UF2',16001,50630,251400
'14UI',16001,50630,70500
'14UI',16001,50630,73800
'14UI',16001,50630,81100
'14UI',16001,50630,84600
'14UI',16001,50630,92200
'14UI',16001,50630,95800
'14UI',16001,50630,103400
'14UI',16001,50630,110900
'14UI',16001,50630,114300
'14UI',16001,50630,121700
'14UI',16001,50630,124600
'14UI',16001,50630,131400
'14UI',16001,50630,134100
'14UI',16001,50630,140300
'14UI',16001,50630,142400
'14UI',16001,50630,144400
'14UI',16001,50630,150400
'14UI',16001,50630,152500
'14UI',16001,50630,154600
'14UI',16001,50630,160700
'14UI',16001,50630,162700
'14UI',16001,50630,164600
'14UI',16001,50630,170700
'14UI',16001,50630,173400
'14UI',16001,50630,180100
'14UI',16001,50630,182900
'14UI',16001,50630,185800
'14UI',16001,50630,192700
'14UI',16001,50630,195500
'14UI',16001,50630,202500
'14UI',16001,50630,205600
'14UI',16001,50630,212900
'14UI',16001,50630,220300
'14UI',16001,50630,223700
'14UI',16001,50630,231000
'14UI',16001,50630,234200
'14UI',16001,50630,241200
'14UI',16001,50630,244300
'14UI',16001,50630,251400
'14US',16001,50630,55800
'14US',16001,50630,62500
'14US',16001,50630,65200
'14US',16001,50630,71800
'14US',16001,50630,74400
'14US',16001,50630,81000
'14US',16001,50630,83600
'14US',16001,50630,90200
'14US',16001,50630,92800
'14US',16001,50630,95800
'14US',16001,50630,102800
'14US',16001,50630,105700
'14US',16001,50630,112700
'14US',16001,50630,115700
'14US',16001,50630,122700
'14US',16001,50630,125700
'14US',16001,50630,132700
'14US',16001,50630,135400
'14US',16001,50630,141900
'14US',16001,50630,144300
'14US',16001,50630,150800
'14US',16001,50630,153300
'14US',16001,50630,155600
'14US',16001,50630,161800
'14US',16001,50630,163800
'14US',16001,50630,165800
'14US',16001,50630,171700
'14US',16001,50630,173800
'14US',16001,50630,175900
'14US',16001,50630,182000
'14US',16001,50630,184100
'14US',16001,50630,190200
'14US',16001,50630,192400
'14US',16001,50630,194700
'14US',16001,50630,201300
'14US',16001,50630,204300
'14US',16001,50630,211400
'14US',16001,50630,214700
'14US',16001,50630,222100
'14US',16001,50630,225600
'14US',16001,50630,233000
'14US',16001,50630,240500
'14US',16001,50630,244000
'14US',16001,50630,251400
