'15MA',18501,54039,55100
'15MA',18501,54039,62300
'15MA',18501,54039,65600
'15MA',18501,54039,72900
'15MA',18501,54039,80200
'15MA',18501,54039,83300
'15MA',18501,54039,90400
'15MA',18501,54039,93500
'15MA',18501,54039,100600
'15MA',18501,54039,103600
'15MA',18501,54039,110600
'15MA',18501,54039,113500
'15MA',18501,54039,120400
'15MA',18501,54039,123300
'15MA',18501,54039,130100
'15MA',18501,54039,132900
'15MA',18501,54039,135800
'15MA',18501,54039,142600
'15MA',18501,54039,145400
'15MA',18501,54039,152300
'15MA',18501,54039,155100
'15MA',18501,54039,161900
'15MA',18501,54039,164800
'15MA',18501,54039,171600
'15MA',18501,54039,174400
'15MA',18501,54039,181200
'15MA',18501,54039,184100
'15MA',18501,54039,191000
'15MA',18501,54039,194000
'15MA',18501,54039,201000
'15MA',18501,54039,204000
'15MA',18501,54039,211000
'15MA',18501,54039,214000
'15MA',18501,54039,221000
'15MA',18501,54039,224000
'15MA',18501,54039,231000
'15MA',18501,54039,234000
'15MA',18501,54039,241000
'15MA',18501,54039,244000
'15MA',18501,54039,251000
'15MA',18502,54039,54800
'15MA',18502,54039,62000
'15MA',18502,54039,65300
'15MA',18502,54039,72600
'15MA',18502,54039,75900
'15MA',18502,54039,82800
'15MA',18502,54039,85700
'15MA',18502,54039,92700
'15MA',18502,54039,95900
'15MA',18502,54039,103100
'15MA',18502,54039,110200
'15MA',18502,54039,113100
'15MA',18502,54039,120000
'15MA',18502,54039,122900
'15MA',18502,54039,125700
'15MA',18502,54039,132500
'15MA',18502,54039,135400
'15MA',18502,54039,142200
'15MA',18502,54039,145000
'15MA',18502,54039,151900
'15MA',18502,54039,154700
'15MA',18502,54039,161500
'15MA',18502,54039,164400
'15MA',18502,54039,171200
'15MA',18502,54039,174000
'15MA',18502,54039,180800
'15MA',18502,54039,183700
'15MA',18502,54039,190600
'15MA',18502,54039,193500
'15MA',18502,54039,200400
'15MA',18502,54039,203400
'15MA',18502,54039,210400
'15MA',18502,54039,213300
'15MA',18502,54039,220200
'15MA',18502,54039,223100
'15MA',18502,54039,230000
'15MA',18502,54039,233200
'15MA',18502,54039,240300
'15MA',18502,54039,243400
'15MA',18502,54039,250500
'15MF1',18501,54039,55100
'15MF1',18501,54039,62300
'15MF1',18501,54039,65600
'15MF1',18501,54039,72900
'15MF1',18501,54039,80200
'15MF1',18501,54039,83300
'15MF1',18501,54039,90400
'15MF1',18501,54039,93500
'15MF1',18501,54039,100600
'15MF1',18501,54039,103600
'15MF1',18501,54039,110600
'15MF1',18501,54039,113500
'15MF1',18501,54039,120400
'15MF1',18501,54039,123300
'15MF1',18501,54039,130100
'15MF1',18501,54039,132900
'15MF1',18501,54039,135800
'15MF1',18501,54039,142600
'15MF1',18501,54039,145400
'15MF1',18501,54039,152300
'15MF1',18501,54039,155100
'15MF1',18501,54039,161900
'15MF1',18501,54039,164800
'15MF1',18501,54039,171600
'15MF1',18501,54039,174400
'15MF1',18501,54039,181200
'15MF1',18501,54039,184100
'15MF1',18501,54039,191000
'15MF1',18501,54039,194000
'15MF1',18501,54039,201000
'15MF1',18501,54039,204000
'15MF1',18501,54039,211000
'15MF1',18501,54039,214000
'15MF1',18501,54039,221000
'15MF1',18501,54039,224000
'15MF1',18501,54039,231000
'15MF1',18501,54039,234000
'15MF1',18501,54039,241000
'15MF1',18501,54039,244000
'15MF1',18501,54039,251000
'15MF1',18502,54039,54800
'15MF1',18502,54039,62000
'15MF1',18502,54039,65300
'15MF1',18502,54039,72600
'15MF1',18502,54039,75900
'15MF1',18502,54039,82800
'15MF1',18502,54039,85700
'15MF1',18502,54039,92700
'15MF1',18502,54039,95900
'15MF1',18502,54039,103100
'15MF1',18502,54039,110200
'15MF1',18502,54039,113100
'15MF1',18502,54039,120000
'15MF1',18502,54039,122900
'15MF1',18502,54039,125700
'15MF1',18502,54039,132500
'15MF1',18502,54039,135400
'15MF1',18502,54039,142200
'15MF1',18502,54039,145000
'15MF1',18502,54039,151900
'15MF1',18502,54039,154700
'15MF1',18502,54039,161500
'15MF1',18502,54039,164400
'15MF1',18502,54039,171200
'15MF1',18502,54039,174000
'15MF1',18502,54039,180800
'15MF1',18502,54039,183700
'15MF1',18502,54039,190600
'15MF1',18502,54039,193500
'15MF1',18502,54039,200400
'15MF1',18502,54039,203400
'15MF1',18502,54039,210400
'15MF1',18502,54039,213300
'15MF1',18502,54039,220200
'15MF1',18502,54039,223100
'15MF1',18502,54039,230000
'15MF1',18502,54039,233200
'15MF1',18502,54039,240300
'15MF1',18502,54039,243400
'15MF1',18502,54039,250100
'15MF2',18501,54039,55100
'15MF2',18501,54039,62300
'15MF2',18501,54039,65600
'15MF2',18501,54039,72900
'15MF2',18501,54039,80200
'15MF2',18501,54039,83300
'15MF2',18501,54039,90400
'15MF2',18501,54039,93500
'15MF2',18501,54039,100600
'15MF2',18501,54039,103600
'15MF2',18501,54039,110600
'15MF2',18501,54039,113500
'15MF2',18501,54039,120400
'15MF2',18501,54039,123300
'15MF2',18501,54039,130100
'15MF2',18501,54039,132900
'15MF2',18501,54039,135800
'15MF2',18501,54039,142600
'15MF2',18501,54039,145400
'15MF2',18501,54039,152300
'15MF2',18501,54039,155100
'15MF2',18501,54039,161900
'15MF2',18501,54039,164800
'15MF2',18501,54039,171600
'15MF2',18501,54039,174400
'15MF2',18501,54039,181200
'15MF2',18501,54039,184100
'15MF2',18501,54039,191000
'15MF2',18501,54039,194000
'15MF2',18501,54039,201000
'15MF2',18501,54039,204000
'15MF2',18501,54039,211000
'15MF2',18501,54039,214000
'15MF2',18501,54039,221000
'15MF2',18501,54039,224000
'15MF2',18501,54039,231000
'15MF2',18501,54039,234000
'15MF2',18501,54039,241000
'15MF2',18501,54039,244000
'15MF2',18501,54039,251000
'15MF2',18502,54039,54800
'15MF2',18502,54039,62000
'15MF2',18502,54039,65300
'15MF2',18502,54039,72600
'15MF2',18502,54039,75900
'15MF2',18502,54039,82800
'15MF2',18502,54039,85700
'15MF2',18502,54039,92700
'15MF2',18502,54039,95900
'15MF2',18502,54039,103100
'15MF2',18502,54039,110200
'15MF2',18502,54039,113100
'15MF2',18502,54039,120000
'15MF2',18502,54039,122900
'15MF2',18502,54039,125700
'15MF2',18502,54039,132500
'15MF2',18502,54039,135400
'15MF2',18502,54039,142200
'15MF2',18502,54039,145000
'15MF2',18502,54039,151900
'15MF2',18502,54039,154700
'15MF2',18502,54039,161500
'15MF2',18502,54039,164400
'15MF2',18502,54039,171200
'15MF2',18502,54039,174000
'15MF2',18502,54039,180800
'15MF2',18502,54039,183700
'15MF2',18502,54039,190600
'15MF2',18502,54039,193500
'15MF2',18502,54039,200400
'15MF2',18502,54039,203400
'15MF2',18502,54039,210400
'15MF2',18502,54039,213300
'15MF2',18502,54039,220200
'15MF2',18502,54039,223100
'15MF2',18502,54039,230000
'15MF2',18502,54039,233200
'15MF2',18502,54039,240300
'15MF2',18502,54039,243400
'15MF2',18502,54039,250100
'15MF3',18501,54039,55100
'15MF3',18501,54039,62300
'15MF3',18501,54039,65600
'15MF3',18501,54039,72900
'15MF3',18501,54039,80200
'15MF3',18501,54039,83300
'15MF3',18501,54039,90400
'15MF3',18501,54039,93500
'15MF3',18501,54039,100600
'15MF3',18501,54039,103600
'15MF3',18501,54039,110600
'15MF3',18501,54039,113500
'15MF3',18501,54039,120400
'15MF3',18501,54039,123300
'15MF3',18501,54039,130100
'15MF3',18501,54039,132900
'15MF3',18501,54039,135800
'15MF3',18501,54039,142600
'15MF3',18501,54039,145400
'15MF3',18501,54039,152300
'15MF3',18501,54039,155100
'15MF3',18501,54039,161900
'15MF3',18501,54039,164800
'15MF3',18501,54039,171600
'15MF3',18501,54039,174400
'15MF3',18501,54039,181200
'15MF3',18501,54039,184100
'15MF3',18501,54039,191000
'15MF3',18501,54039,194000
'15MF3',18501,54039,201000
'15MF3',18501,54039,204000
'15MF3',18501,54039,211000
'15MF3',18501,54039,214000
'15MF3',18501,54039,221000
'15MF3',18501,54039,224000
'15MF3',18501,54039,231000
'15MF3',18501,54039,234000
'15MF3',18501,54039,241000
'15MF3',18501,54039,244000
'15MF3',18501,54039,251000
'15MF3',18502,54039,54800
'15MF3',18502,54039,62000
'15MF3',18502,54039,65300
'15MF3',18502,54039,72600
'15MF3',18502,54039,75900
'15MF3',18502,54039,82800
'15MF3',18502,54039,85700
'15MF3',18502,54039,92700
'15MF3',18502,54039,95900
'15MF3',18502,54039,103100
'15MF3',18502,54039,110200
'15MF3',18502,54039,113100
'15MF3',18502,54039,120000
'15MF3',18502,54039,122900
'15MF3',18502,54039,125700
'15MF3',18502,54039,132500
'15MF3',18502,54039,135400
'15MF3',18502,54039,142200
'15MF3',18502,54039,145000
'15MF3',18502,54039,151900
'15MF3',18502,54039,154700
'15MF3',18502,54039,161500
'15MF3',18502,54039,164400
'15MF3',18502,54039,171200
'15MF3',18502,54039,174000
'15MF3',18502,54039,180800
'15MF3',18502,54039,183700
'15MF3',18502,54039,190600
'15MF3',18502,54039,193500
'15MF3',18502,54039,200400
'15MF3',18502,54039,203400
'15MF3',18502,54039,210400
'15MF3',18502,54039,213300
'15MF3',18502,54039,220200
'15MF3',18502,54039,223100
'15MF3',18502,54039,230000
'15MF3',18502,54039,233200
'15MF3',18502,54039,240300
'15MF3',18502,54039,243400
'15MF3',18502,54039,250100
'15MI',18501,54039,55000
'15MI',18501,54039,62100
'15MI',18501,54039,65200
'15MI',18501,54039,72300
'15MI',18501,54039,75500
'15MI',18501,54039,82600
'15MI',18501,54039,85800
'15MI',18501,54039,92700
'15MI',18501,54039,95600
'15MI',18501,54039,102600
'15MI',18501,54039,105700
'15MI',18501,54039,112700
'15MI',18501,54039,115700
'15MI',18501,54039,122700
'15MI',18501,54039,125700
'15MI',18501,54039,132700
'15MI',18501,54039,135700
'15MI',18501,54039,142700
'15MI',18501,54039,145700
'15MI',18501,54039,152700
'15MI',18501,54039,155700
'15MI',18501,54039,162700
'15MI',18501,54039,165600
'15MI',18501,54039,172500
'15MI',18501,54039,175400
'15MI',18501,54039,182300
'15MI',18501,54039,185300
'15MI',18501,54039,192300
'15MI',18501,54039,195200
'15MI',18501,54039,202200
'15MI',18501,54039,205200
'15MI',18501,54039,212200
'15MI',18501,54039,215300
'15MI',18501,54039,222400
'15MI',18501,54039,225600
'15MI',18501,54039,232800
'15MI',18501,54039,240100
'15MI',18501,54039,243500
'15MI',18501,54039,251000
'15MI',18502,54039,54700
'15MI',18502,54039,61800
'15MI',18502,54039,64900
'15MI',18502,54039,72000
'15MI',18502,54039,75200
'15MI',18502,54039,82300
'15MI',18502,54039,85500
'15MI',18502,54039,93400
'15MI',18502,54039,101100
'15MI',18502,54039,104500
'15MI',18502,54039,111600
'15MI',18502,54039,114700
'15MI',18502,54039,121700
'15MI',18502,54039,124700
'15MI',18502,54039,131700
'15MI',18502,54039,134700
'15MI',18502,54039,141700
'15MI',18502,54039,144800
'15MI',18502,54039,151700
'15MI',18502,54039,154700
'15MI',18502,54039,161700
'15MI',18502,54039,164700
'15MI',18502,54039,171700
'15MI',18502,54039,174600
'15MI',18502,54039,181200
'15MI',18502,54039,183900
'15MI',18502,54039,190700
'15MI',18502,54039,193500
'15MI',18502,54039,200300
'15MI',18502,54039,203100
'15MI',18502,54039,210000
'15MI',18502,54039,213000
'15MI',18502,54039,220000
'15MI',18502,54039,223000
'15MI',18502,54039,230000
'15MI',18502,54039,233000
'15MI',18502,54039,235800
'15MI',18502,54039,242900
'15MI',18502,54039,250100
'15MS',18501,54039,60100
'15MS',18501,54039,63100
'15MS',18501,54039,70000
'15MS',18501,54039,72100
'15MS',18501,54039,74200
'15MS',18501,54039,80200
'15MS',18501,54039,83100
'15MS',18501,54039,90000
'15MS',18501,54039,93000
'15MS',18501,54039,100000
'15MS',18501,54039,103000
'15MS',18501,54039,110000
'15MS',18501,54039,113000
'15MS',18501,54039,120000
'15MS',18501,54039,123000
'15MS',18501,54039,130000
'15MS',18501,54039,133000
'15MS',18501,54039,140000
'15MS',18501,54039,142600
'15MS',18501,54039,145100
'15MS',18501,54039,151500
'15MS',18501,54039,153900
'15MS',18501,54039,160400
'15MS',18501,54039,162900
'15MS',18501,54039,165400
'15MS',18501,54039,172000
'15MS',18501,54039,174700
'15MS',18501,54039,181500
'15MS',18501,54039,184500
'15MS',18501,54039,191500
'15MS',18501,54039,194500
'15MS',18501,54039,201500
'15MS',18501,54039,204500
'15MS',18501,54039,211400
'15MS',18501,54039,214300
'15MS',18501,54039,221300
'15MS',18501,54039,224300
'15MS',18501,54039,231300
'15MS',18501,54039,234200
'15MS',18501,54039,241100
'15MS',18501,54039,244000
'15MS',18501,54039,251000
'15MS',18502,54039,54700
'15MS',18502,54039,61700
'15MS',18502,54039,64700
'15MS',18502,54039,72100
'15MS',18502,54039,73600
'15MS',18502,54039,75300
'15MS',18502,54039,80800
'15MS',18502,54039,82500
'15MS',18502,54039,84600
'15MS',18502,54039,90500
'15MS',18502,54039,92400
'15MS',18502,54039,95300
'15MS',18502,54039,102200
'15MS',18502,54039,105200
'15MS',18502,54039,112200
'15MS',18502,54039,115200
'15MS',18502,54039,122200
'15MS',18502,54039,125200
'15MS',18502,54039,132200
'15MS',18502,54039,135200
'15MS',18502,54039,142200
'15MS',18502,54039,145500
'15MS',18502,54039,152600
'15MS',18502,54039,155500
'15MS',18502,54039,162300
'15MS',18502,54039,164800
'15MS',18502,54039,171400
'15MS',18502,54039,174100
'15MS',18502,54039,180700
'15MS',18502,54039,183900
'15MS',18502,54039,190800
'15MS',18502,54039,193800
'15MS',18502,54039,200500
'15MS',18502,54039,203500
'15MS',18502,54039,210500
'15MS',18502,54039,213500
'15MS',18502,54039,220500
'15MS',18502,54039,223500
'15MS',18502,54039,230300
'15MS',18502,54039,233300
'15MS',18502,54039,240000
'15MS',18502,54039,243100
'15MS',18502,54039,250300
'15MA',35801,54039,250100
'15MA',35801,54039,252500
'15MA',35801,54039,254900
'15MA',35801,54039,261800
'15MA',35801,54039,264500
'15MA',35801,54039,271100
'15MA',35801,54039,272700
'15MA',35801,54039,273700
'15MA',35801,54039,280300
'15MA',35801,54039,282500
'15MA',35801,54039,285300
'15MA',35801,54039,292100
'15MA',35802,54039,250000
'15MA',35802,54039,252600
'15MA',35802,54039,255200
'15MA',35802,54039,261800
'15MA',35802,54039,264400
'15MA',35802,54039,271000
'15MA',35802,54039,273600
'15MA',35802,54039,280400
'15MA',35802,54039,283200
'15MA',35802,54039,290000
'15MF1',35801,54039,245000
'15MF1',35801,54039,252000
'15MF1',35801,54039,255000
'15MF1',35801,54039,262000
'15MF1',35801,54039,265000
'15MF1',35801,54039,272000
'15MF1',35801,54039,275000
'15MF1',35801,54039,282000
'15MF1',35801,54039,285000
'15MF1',35801,54039,292000
'15MF1',35802,54039,250000
'15MF1',35802,54039,253000
'15MF1',35802,54039,260000
'15MF1',35802,54039,263000
'15MF1',35802,54039,270000
'15MF1',35802,54039,273000
'15MF1',35802,54039,280000
'15MF1',35802,54039,283000
'15MF1',35802,54039,290000
'15MF2',35801,54039,245000
'15MF2',35801,54039,252000
'15MF2',35801,54039,255000
'15MF2',35801,54039,262000
'15MF2',35801,54039,265000
'15MF2',35801,54039,272000
'15MF2',35801,54039,275000
'15MF2',35801,54039,282000
'15MF2',35801,54039,285000
'15MF2',35801,54039,292000
'15MF2',35802,54039,250000
'15MF2',35802,54039,253000
'15MF2',35802,54039,260000
'15MF2',35802,54039,263000
'15MF2',35802,54039,270000
'15MF2',35802,54039,273000
'15MF2',35802,54039,280000
'15MF2',35802,54039,283000
'15MF2',35802,54039,290000
'15MF3',35801,54039,245000
'15MF3',35801,54039,252000
'15MF3',35801,54039,255000
'15MF3',35801,54039,262000
'15MF3',35801,54039,265000
'15MF3',35801,54039,272000
'15MF3',35801,54039,275000
'15MF3',35801,54039,282000
'15MF3',35801,54039,285000
'15MF3',35801,54039,292000
'15MF3',35802,54039,250000
'15MF3',35802,54039,253000
'15MF3',35802,54039,260000
'15MF3',35802,54039,263000
'15MF3',35802,54039,270000
'15MF3',35802,54039,273000
'15MF3',35802,54039,280000
'15MF3',35802,54039,283000
'15MF3',35802,54039,290000
'15MI',35801,54039,245000
'15MI',35801,54039,252000
'15MI',35801,54039,255000
'15MI',35801,54039,262000
'15MI',35801,54039,265000
'15MI',35801,54039,272000
'15MI',35801,54039,275000
'15MI',35801,54039,282000
'15MI',35801,54039,285000
'15MI',35801,54039,292000
'15MI',35802,54039,250000
'15MI',35802,54039,253000
'15MI',35802,54039,260000
'15MI',35802,54039,263000
'15MI',35802,54039,270000
'15MI',35802,54039,273000
'15MI',35802,54039,280000
'15MI',35802,54039,283000
'15MI',35802,54039,290000
'15MS',35801,54039,245200
'15MS',35801,54039,252200
'15MS',35801,54039,255200
'15MS',35801,54039,262200
'15MS',35801,54039,263700
'15MS',35801,54039,265200
'15MS',35801,54039,270700
'15MS',35801,54039,272200
'15MS',35801,54039,273700
'15MS',35801,54039,275200
'15MS',35801,54039,280700
'15MS',35801,54039,282200
'15MS',35801,54039,283600
'15MS',35801,54039,285000
'15MS',35801,54039,290300
'15MS',35801,54039,291800
'15MS',35802,54039,250000
'15MS',35802,54039,253000
'15MS',35802,54039,260000
'15MS',35802,54039,261500
'15MS',35802,54039,263000
'15MS',35802,54039,264500
'15MS',35802,54039,270000
'15MS',35802,54039,271500
'15MS',35802,54039,273000
'15MS',35802,54039,274500
'15MS',35802,54039,280000
'15MS',35802,54039,281500
'15MS',35802,54039,283000
'15MS',35802,54039,284500
'15MS',35802,54039,290000
'15MA',36001,54039,262600
'15MA',36001,54039,271100
'15MA',36001,54039,275600
'15MA',36001,54039,284100
'15MA',36001,54039,292600
'15MA',36002,54039,253000
'15MA',36002,54039,261500
'15MA',36002,54039,270000
'15MA',36002,54039,274500
'15MA',36002,54039,283000
'15MF1',36001,54039,262600
'15MF1',36001,54039,271100
'15MF1',36001,54039,275600
'15MF1',36001,54039,284100
'15MF1',36001,54039,292600
'15MF1',36002,54039,253000
'15MF1',36002,54039,261500
'15MF1',36002,54039,270000
'15MF1',36002,54039,274500
'15MF1',36002,54039,283000
'15MF2',36001,54039,262600
'15MF2',36001,54039,271100
'15MF2',36001,54039,275600
'15MF2',36001,54039,284100
'15MF2',36001,54039,292600
'15MF2',36002,54039,253000
'15MF2',36002,54039,261500
'15MF2',36002,54039,270000
'15MF2',36002,54039,274500
'15MF2',36002,54039,283000
'15MF3',36001,54039,262400
'15MF3',36001,54039,270900
'15MF3',36001,54039,275400
'15MF3',36001,54039,283900
'15MF3',36001,54039,292400
'15MF3',36002,54039,253000
'15MF3',36002,54039,261500
'15MF3',36002,54039,270000
'15MF3',36002,54039,274500
'15MF3',36002,54039,283000
'15MI',36001,54039,262400
'15MI',36001,54039,270900
'15MI',36001,54039,275400
'15MI',36001,54039,283900
'15MI',36001,54039,292400
'15MI',36002,54039,253000
'15MI',36002,54039,261500
'15MI',36002,54039,270000
'15MI',36002,54039,274500
'15MI',36002,54039,283000
'15MS',36001,54039,262400
'15MS',36001,54039,270900
'15MS',36001,54039,275400
'15MS',36001,54039,283900
'15MS',36001,54039,292400
'15MS',36002,54039,253000
'15MS',36002,54039,261500
'15MS',36002,54039,270000
'15MS',36002,54039,274500
'15MS',36002,54039,283000
