'13UA',35703,50732,265500
'13UA',35703,50732,274000
'13UA',35703,50732,282500
'13UA',35703,50814,265400
'13UA',35703,50814,273900
'13UA',35703,50814,282400
'13UA',35703,50879,265300
'13UA',35703,50879,273800
'13UA',35703,50879,282300
'13UA',35703,50931,265300
'13UA',35703,50931,273800
'13UA',35703,50931,282300
'13UA',35703,51000,265200
'13UA',35703,51000,273700
'13UA',35703,51000,282200
'13UA',35703,51080,265200
'13UA',35703,51080,273700
'13UA',35703,51080,282200
'13UA',35703,51142,265100
'13UA',35703,51142,273600
'13UA',35703,51142,282100
'13UA',35703,51276,265000
'13UA',35703,51276,273500
'13UA',35703,51276,282000
'13UA',35703,51359,264900
'13UA',35703,51359,273400
'13UA',35703,51359,281900
'13UA',35703,51392,264900
'13UA',35703,51392,273400
'13UA',35703,51392,281900
'13UA',35703,51469,264800
'13UA',35703,51469,273300
'13UA',35703,51469,281800
'13UA',35703,51517,264700
'13UA',35703,51517,273200
'13UA',35703,51517,281700
'13UA',35703,51606,264600
'13UA',35703,51606,273100
'13UA',35703,51606,281600
'13UA',35703,51630,264500
'13UA',35703,51630,273000
'13UA',35703,51630,281500
'13UA',35703,51743,264400
'13UA',35703,51743,272900
'13UA',35703,51743,281400
'13UA',35703,51838,264200
'13UA',35703,51838,272700
'13UA',35703,51838,281200
'13UA',35703,51943,264100
'13UA',35703,51943,272600
'13UA',35703,51943,281100
'13UA',35703,52046,264100
'13UA',35703,52046,272600
'13UA',35703,52046,281100
'13UA',35703,52107,264000
'13UA',35703,52107,272500
'13UA',35703,52107,281000
'13UA',35703,52158,264000
'13UA',35703,52158,272500
'13UA',35703,52158,281000
'13UA',35703,52187,263500
'13UA',35703,52187,272000
'13UA',35703,52187,280500
'13UA',35703,52214,263600
'13UA',35703,52214,272100
'13UA',35703,52214,280600
'13UA',35703,52239,263900
'13UA',35703,52239,272400
'13UA',35703,52239,280900
'13UA',35703,52248,263700
'13UA',35703,52248,272200
'13UA',35703,52248,280700
'13UA',35703,52270,263700
'13UA',35703,52270,272200
'13UA',35703,52270,280700
'13UA',35703,52299,263800
'13UA',35703,52299,272300
'13UA',35703,52299,280800
'13UA',35703,52317,263800
'13UA',35703,52317,272300
'13UA',35703,52317,280800
'13UA',35703,52343,263400
'13UA',35703,52343,271900
'13UA',35703,52343,280400
'13UA',35703,52387,263400
'13UA',35703,52387,271900
'13UA',35703,52387,280400
'13UA',35703,52502,263300
'13UA',35703,52502,271800
'13UA',35703,52502,280300
'13UA',35703,52616,263300
'13UA',35703,52616,271800
'13UA',35703,52616,280300
'13UA',35703,52770,263200
'13UA',35703,52770,271700
'13UA',35703,52770,280200
'13UA',35703,52857,263100
'13UA',35703,52857,271600
'13UA',35703,52857,280100
'13UA',35703,52934,263100
'13UA',35703,52934,271600
'13UA',35703,52934,280100
'13UA',35703,53968,265000
'13UA',35703,53968,273500
'13UA',35703,53968,282000
'13UA',35703,54038,263000
'13UA',35703,54038,271500
'13UA',35703,54038,280000
'13UA',35703,54180,265100
'13UA',35703,54180,273600
'13UA',35703,54180,282100
'13UA',35703,55046,265900
'13UA',35703,55046,274400
'13UA',35703,55046,282900
'13UA',35703,55057,265700
'13UA',35703,55057,274200
'13UA',35703,55057,282700
'13UA',35703,55078,265600
'13UA',35703,55078,274100
'13UA',35703,55078,282600
'13UA',35703,55333,270000
'13UA',35703,55333,274500
'13UA',35703,55333,283000
'13UA',35703,55334,270100
'13UA',35703,55334,274600
'13UA',35703,55334,283100
'13UA',35703,60617,264400
'13UA',35703,60617,272900
'13UA',35703,60617,281400
'13UA',35704,50733,254900
'13UA',35704,50733,263300
'13UA',35704,50733,271800
'13UA',35704,50733,280300
'13UA',35704,50733,284800
'13UA',35704,50815,254900
'13UA',35704,50815,263400
'13UA',35704,50815,271900
'13UA',35704,50815,280300
'13UA',35704,50815,284800
'13UA',35704,50880,255000
'13UA',35704,50880,263400
'13UA',35704,50880,271900
'13UA',35704,50880,280300
'13UA',35704,50880,284800
'13UA',35704,50932,255000
'13UA',35704,50932,263500
'13UA',35704,50932,272000
'13UA',35704,50932,280400
'13UA',35704,50932,284900
'13UA',35704,51001,255100
'13UA',35704,51001,263500
'13UA',35704,51001,272000
'13UA',35704,51001,280400
'13UA',35704,51001,284900
'13UA',35704,51079,255200
'13UA',35704,51079,263600
'13UA',35704,51079,272100
'13UA',35704,51079,280500
'13UA',35704,51079,285000
'13UA',35704,51143,255200
'13UA',35704,51143,263700
'13UA',35704,51143,272200
'13UA',35704,51143,280500
'13UA',35704,51143,285000
'13UA',35704,51224,255300
'13UA',35704,51224,263700
'13UA',35704,51224,272200
'13UA',35704,51224,280600
'13UA',35704,51224,285100
'13UA',35704,51277,255400
'13UA',35704,51277,263800
'13UA',35704,51277,272300
'13UA',35704,51277,280600
'13UA',35704,51277,285100
'13UA',35704,51360,255400
'13UA',35704,51360,263800
'13UA',35704,51360,272300
'13UA',35704,51360,280700
'13UA',35704,51360,285200
'13UA',35704,51394,255500
'13UA',35704,51394,263900
'13UA',35704,51394,272400
'13UA',35704,51394,280700
'13UA',35704,51394,285200
'13UA',35704,51471,255600
'13UA',35704,51471,264000
'13UA',35704,51471,272500
'13UA',35704,51471,280800
'13UA',35704,51471,285300
'13UA',35704,51473,255600
'13UA',35704,51473,264000
'13UA',35704,51473,272500
'13UA',35704,51473,280800
'13UA',35704,51473,285300
'13UA',35704,51519,255600
'13UA',35704,51519,264000
'13UA',35704,51519,272500
'13UA',35704,51519,280800
'13UA',35704,51519,285300
'13UA',35704,51557,255700
'13UA',35704,51557,264100
'13UA',35704,51557,272600
'13UA',35704,51557,280900
'13UA',35704,51557,285400
'13UA',35704,51605,255800
'13UA',35704,51605,264100
'13UA',35704,51605,272600
'13UA',35704,51605,281000
'13UA',35704,51605,285500
'13UA',35704,51632,255800
'13UA',35704,51632,264100
'13UA',35704,51632,272600
'13UA',35704,51632,281000
'13UA',35704,51632,285500
'13UA',35704,51745,255900
'13UA',35704,51745,264200
'13UA',35704,51745,272700
'13UA',35704,51745,281100
'13UA',35704,51745,285600
'13UA',35704,51839,260000
'13UA',35704,51839,264300
'13UA',35704,51839,272800
'13UA',35704,51839,281200
'13UA',35704,51839,285700
'13UA',35704,51945,260100
'13UA',35704,51945,264400
'13UA',35704,51945,272900
'13UA',35704,51945,281300
'13UA',35704,51945,285800
'13UA',35704,52047,260200
'13UA',35704,52047,264500
'13UA',35704,52047,273000
'13UA',35704,52047,281400
'13UA',35704,52047,285900
'13UA',35704,52109,260200
'13UA',35704,52109,264500
'13UA',35704,52109,273000
'13UA',35704,52109,281400
'13UA',35704,52109,285900
'13UA',35704,52159,260300
'13UA',35704,52159,264600
'13UA',35704,52159,273100
'13UA',35704,52159,281400
'13UA',35704,52159,285900
'13UA',35704,52192,260700
'13UA',35704,52192,265000
'13UA',35704,52192,273500
'13UA',35704,52192,281800
'13UA',35704,52192,290300
'13UA',35704,52233,260600
'13UA',35704,52233,264900
'13UA',35704,52233,273400
'13UA',35704,52233,281800
'13UA',35704,52233,290300
'13UA',35704,52240,260300
'13UA',35704,52240,264600
'13UA',35704,52240,273100
'13UA',35704,52240,281500
'13UA',35704,52240,290000
'13UA',35704,52259,260600
'13UA',35704,52259,264900
'13UA',35704,52259,273400
'13UA',35704,52259,281700
'13UA',35704,52259,290200
'13UA',35704,52294,260500
'13UA',35704,52294,264800
'13UA',35704,52294,273300
'13UA',35704,52294,281700
'13UA',35704,52294,290200
'13UA',35704,52316,260500
'13UA',35704,52316,264800
'13UA',35704,52316,273300
'13UA',35704,52316,281600
'13UA',35704,52316,290100
'13UA',35704,52345,260900
'13UA',35704,52345,265200
'13UA',35704,52345,273700
'13UA',35704,52345,281900
'13UA',35704,52345,290400
'13UA',35704,52349,260400
'13UA',35704,52349,264700
'13UA',35704,52349,273200
'13UA',35704,52349,281600
'13UA',35704,52349,290100
'13UA',35704,52367,260900
'13UA',35704,52367,265200
'13UA',35704,52367,273700
'13UA',35704,52367,282000
'13UA',35704,52367,290500
'13UA',35704,52503,261000
'13UA',35704,52503,265300
'13UA',35704,52503,273800
'13UA',35704,52503,282100
'13UA',35704,52503,290600
'13UA',35704,52586,261100
'13UA',35704,52586,265400
'13UA',35704,52586,273900
'13UA',35704,52586,282100
'13UA',35704,52586,290600
'13UA',35704,52687,261200
'13UA',35704,52687,265500
'13UA',35704,52687,274000
'13UA',35704,52687,282200
'13UA',35704,52687,290700
'13UA',35704,52764,261200
'13UA',35704,52764,265500
'13UA',35704,52764,274000
'13UA',35704,52764,282300
'13UA',35704,52764,290800
'13UA',35704,52858,261300
'13UA',35704,52858,265600
'13UA',35704,52858,274100
'13UA',35704,52858,282300
'13UA',35704,52858,290800
'13UA',35704,52946,261400
'13UA',35704,52946,265700
'13UA',35704,52946,274200
'13UA',35704,52946,282400
'13UA',35704,52946,290900
'13UA',35704,53016,261500
'13UA',35704,53016,265800
'13UA',35704,53016,274300
'13UA',35704,53016,282500
'13UA',35704,53016,291000
'13UA',35704,53067,261800
'13UA',35704,53067,270100
'13UA',35704,53067,274600
'13UA',35704,53067,282800
'13UA',35704,53067,291300
'13UA',35704,53075,261600
'13UA',35704,53075,265900
'13UA',35704,53075,274400
'13UA',35704,53075,282600
'13UA',35704,53075,291100
'13UA',35704,53092,261800
'13UA',35704,53092,270100
'13UA',35704,53092,274600
'13UA',35704,53092,282700
'13UA',35704,53092,291200
'13UA',35704,53112,261600
'13UA',35704,53112,265900
'13UA',35704,53112,274400
'13UA',35704,53112,282600
'13UA',35704,53112,291100
'13UA',35704,53136,261700
'13UA',35704,53136,270000
'13UA',35704,53136,274500
'13UA',35704,53136,282600
'13UA',35704,53136,291100
'13UA',35704,54038,261900
'13UA',35704,54038,270200
'13UA',35704,54038,274700
'13UA',35704,54038,282800
'13UA',35704,54038,291300
'13UA',35704,54071,261700
'13UA',35704,54071,270000
'13UA',35704,54071,274500
'13UA',35704,54071,282700
'13UA',35704,54071,291200
'13UA',35704,55047,254700
'13UA',35704,55047,263200
'13UA',35704,55047,271700
'13UA',35704,55047,280100
'13UA',35704,55047,284600
'13UA',35704,55059,254700
'13UA',35704,55059,263200
'13UA',35704,55059,271700
'13UA',35704,55059,280200
'13UA',35704,55059,284700
'13UA',35704,55079,254800
'13UA',35704,55079,263300
'13UA',35704,55079,271800
'13UA',35704,55079,280200
'13UA',35704,55079,284700
'13UA',35704,55334,254500
'13UA',35704,55334,263000
'13UA',35704,55334,271500
'13UA',35704,55334,280000
'13UA',35704,55334,284500
'13UA',35704,55335,254600
'13UA',35704,55335,263100
'13UA',35704,55335,271600
'13UA',35704,55335,280100
'13UA',35704,55335,284600
'13UF1',35703,50732,260900
'13UF1',35703,50732,265400
'13UF1',35703,50732,273900
'13UF1',35703,50732,282400
'13UF1',35703,50814,260800
'13UF1',35703,50814,265300
'13UF1',35703,50814,273800
'13UF1',35703,50814,282300
'13UF1',35703,50879,260700
'13UF1',35703,50879,265200
'13UF1',35703,50879,273700
'13UF1',35703,50879,282200
'13UF1',35703,50931,260700
'13UF1',35703,50931,265200
'13UF1',35703,50931,273700
'13UF1',35703,50931,282200
'13UF1',35703,51000,260600
'13UF1',35703,51000,265100
'13UF1',35703,51000,273600
'13UF1',35703,51000,282100
'13UF1',35703,51080,260600
'13UF1',35703,51080,265100
'13UF1',35703,51080,273600
'13UF1',35703,51080,282100
'13UF1',35703,51142,260500
'13UF1',35703,51142,265000
'13UF1',35703,51142,273500
'13UF1',35703,51142,282000
'13UF1',35703,51276,260400
'13UF1',35703,51276,264900
'13UF1',35703,51276,273400
'13UF1',35703,51276,281900
'13UF1',35703,51359,260300
'13UF1',35703,51359,264800
'13UF1',35703,51359,273300
'13UF1',35703,51359,281800
'13UF1',35703,51392,260300
'13UF1',35703,51392,264800
'13UF1',35703,51392,273300
'13UF1',35703,51392,281800
'13UF1',35703,51469,260200
'13UF1',35703,51469,264700
'13UF1',35703,51469,273200
'13UF1',35703,51469,281700
'13UF1',35703,51517,260100
'13UF1',35703,51517,264600
'13UF1',35703,51517,273100
'13UF1',35703,51517,281600
'13UF1',35703,51606,260000
'13UF1',35703,51606,264500
'13UF1',35703,51606,273000
'13UF1',35703,51606,281500
'13UF1',35703,51630,255900
'13UF1',35703,51630,264400
'13UF1',35703,51630,272900
'13UF1',35703,51630,281400
'13UF1',35703,51743,255800
'13UF1',35703,51743,264300
'13UF1',35703,51743,272800
'13UF1',35703,51743,281300
'13UF1',35703,51838,255700
'13UF1',35703,51838,264200
'13UF1',35703,51838,272700
'13UF1',35703,51838,281200
'13UF1',35703,51943,255600
'13UF1',35703,51943,264100
'13UF1',35703,51943,272600
'13UF1',35703,51943,281100
'13UF1',35703,52046,255500
'13UF1',35703,52046,264000
'13UF1',35703,52046,272500
'13UF1',35703,52046,281000
'13UF1',35703,52107,255500
'13UF1',35703,52107,264000
'13UF1',35703,52107,272500
'13UF1',35703,52107,281000
'13UF1',35703,52158,255500
'13UF1',35703,52158,264000
'13UF1',35703,52158,272500
'13UF1',35703,52158,281000
'13UF1',35703,52187,255000
'13UF1',35703,52187,263500
'13UF1',35703,52187,272000
'13UF1',35703,52187,280500
'13UF1',35703,52214,255100
'13UF1',35703,52214,263600
'13UF1',35703,52214,272100
'13UF1',35703,52214,280600
'13UF1',35703,52239,255400
'13UF1',35703,52239,263900
'13UF1',35703,52239,272400
'13UF1',35703,52239,280900
'13UF1',35703,52248,255200
'13UF1',35703,52248,263700
'13UF1',35703,52248,272200
'13UF1',35703,52248,280700
'13UF1',35703,52270,255200
'13UF1',35703,52270,263700
'13UF1',35703,52270,272200
'13UF1',35703,52270,280700
'13UF1',35703,52299,255300
'13UF1',35703,52299,263800
'13UF1',35703,52299,272300
'13UF1',35703,52299,280800
'13UF1',35703,52317,255300
'13UF1',35703,52317,263800
'13UF1',35703,52317,272300
'13UF1',35703,52317,280800
'13UF1',35703,52343,254900
'13UF1',35703,52343,263400
'13UF1',35703,52343,271900
'13UF1',35703,52343,280400
'13UF1',35703,52387,254900
'13UF1',35703,52387,263400
'13UF1',35703,52387,271900
'13UF1',35703,52387,280400
'13UF1',35703,52502,254800
'13UF1',35703,52502,263300
'13UF1',35703,52502,271800
'13UF1',35703,52502,280300
'13UF1',35703,52616,254800
'13UF1',35703,52616,263300
'13UF1',35703,52616,271800
'13UF1',35703,52616,280300
'13UF1',35703,52770,254700
'13UF1',35703,52770,263200
'13UF1',35703,52770,271700
'13UF1',35703,52770,280200
'13UF1',35703,52857,254600
'13UF1',35703,52857,263100
'13UF1',35703,52857,271600
'13UF1',35703,52857,280100
'13UF1',35703,52934,254600
'13UF1',35703,52934,263100
'13UF1',35703,52934,271600
'13UF1',35703,52934,280100
'13UF1',35703,53968,260400
'13UF1',35703,53968,264900
'13UF1',35703,53968,273400
'13UF1',35703,53968,281900
'13UF1',35703,54038,254500
'13UF1',35703,54038,263000
'13UF1',35703,54038,271500
'13UF1',35703,54038,280000
'13UF1',35703,54180,260500
'13UF1',35703,54180,265000
'13UF1',35703,54180,273500
'13UF1',35703,54180,282000
'13UF1',35703,55046,261300
'13UF1',35703,55046,265800
'13UF1',35703,55046,274300
'13UF1',35703,55046,282800
'13UF1',35703,55057,261100
'13UF1',35703,55057,265600
'13UF1',35703,55057,274100
'13UF1',35703,55057,282600
'13UF1',35703,55078,261000
'13UF1',35703,55078,265500
'13UF1',35703,55078,274000
'13UF1',35703,55078,282500
'13UF1',35703,55333,261400
'13UF1',35703,55333,265900
'13UF1',35703,55333,274400
'13UF1',35703,55333,282900
'13UF1',35703,55334,261500
'13UF1',35703,55334,270000
'13UF1',35703,55334,274500
'13UF1',35703,55334,283000
'13UF1',35703,60617,255800
'13UF1',35703,60617,264300
'13UF1',35703,60617,272800
'13UF1',35703,60617,281300
'13UF1',35704,50733,250400
'13UF1',35704,50733,254900
'13UF1',35704,50733,263300
'13UF1',35704,50733,271800
'13UF1',35704,50733,280300
'13UF1',35704,50733,284800
'13UF1',35704,50815,250500
'13UF1',35704,50815,255000
'13UF1',35704,50815,263400
'13UF1',35704,50815,271900
'13UF1',35704,50815,280400
'13UF1',35704,50815,284900
'13UF1',35704,50880,250500
'13UF1',35704,50880,255000
'13UF1',35704,50880,263400
'13UF1',35704,50880,271900
'13UF1',35704,50880,280400
'13UF1',35704,50880,284900
'13UF1',35704,50932,250600
'13UF1',35704,50932,255100
'13UF1',35704,50932,263500
'13UF1',35704,50932,272000
'13UF1',35704,50932,280500
'13UF1',35704,50932,285000
'13UF1',35704,51001,250700
'13UF1',35704,51001,255200
'13UF1',35704,51001,263500
'13UF1',35704,51001,272000
'13UF1',35704,51001,280500
'13UF1',35704,51001,285000
'13UF1',35704,51079,250700
'13UF1',35704,51079,255200
'13UF1',35704,51079,263600
'13UF1',35704,51079,272100
'13UF1',35704,51079,280600
'13UF1',35704,51079,285100
'13UF1',35704,51143,250800
'13UF1',35704,51143,255300
'13UF1',35704,51143,263700
'13UF1',35704,51143,272200
'13UF1',35704,51143,280700
'13UF1',35704,51143,285200
'13UF1',35704,51224,250900
'13UF1',35704,51224,255400
'13UF1',35704,51224,263700
'13UF1',35704,51224,272200
'13UF1',35704,51224,280700
'13UF1',35704,51224,285200
'13UF1',35704,51277,251000
'13UF1',35704,51277,255500
'13UF1',35704,51277,263800
'13UF1',35704,51277,272300
'13UF1',35704,51277,280800
'13UF1',35704,51277,285300
'13UF1',35704,51360,251000
'13UF1',35704,51360,255500
'13UF1',35704,51360,263800
'13UF1',35704,51360,272300
'13UF1',35704,51360,280800
'13UF1',35704,51360,285300
'13UF1',35704,51394,251100
'13UF1',35704,51394,255600
'13UF1',35704,51394,263900
'13UF1',35704,51394,272400
'13UF1',35704,51394,280900
'13UF1',35704,51394,285400
'13UF1',35704,51471,251200
'13UF1',35704,51471,255700
'13UF1',35704,51471,264000
'13UF1',35704,51471,272500
'13UF1',35704,51471,281000
'13UF1',35704,51471,285500
'13UF1',35704,51473,251200
'13UF1',35704,51473,255700
'13UF1',35704,51473,264000
'13UF1',35704,51473,272500
'13UF1',35704,51473,281000
'13UF1',35704,51473,285500
'13UF1',35704,51519,251200
'13UF1',35704,51519,255700
'13UF1',35704,51519,264000
'13UF1',35704,51519,272500
'13UF1',35704,51519,281000
'13UF1',35704,51519,285500
'13UF1',35704,51557,251300
'13UF1',35704,51557,255800
'13UF1',35704,51557,264100
'13UF1',35704,51557,272600
'13UF1',35704,51557,281100
'13UF1',35704,51557,285600
'13UF1',35704,51605,251400
'13UF1',35704,51605,255900
'13UF1',35704,51605,264100
'13UF1',35704,51605,272600
'13UF1',35704,51605,281100
'13UF1',35704,51605,285600
'13UF1',35704,51632,251400
'13UF1',35704,51632,255900
'13UF1',35704,51632,264100
'13UF1',35704,51632,272600
'13UF1',35704,51632,281100
'13UF1',35704,51632,285600
'13UF1',35704,51745,251500
'13UF1',35704,51745,260000
'13UF1',35704,51745,264200
'13UF1',35704,51745,272700
'13UF1',35704,51745,281200
'13UF1',35704,51745,285700
'13UF1',35704,51839,251600
'13UF1',35704,51839,260100
'13UF1',35704,51839,264300
'13UF1',35704,51839,272800
'13UF1',35704,51839,281300
'13UF1',35704,51839,285800
'13UF1',35704,51945,251700
'13UF1',35704,51945,260200
'13UF1',35704,51945,264400
'13UF1',35704,51945,272900
'13UF1',35704,51945,281400
'13UF1',35704,51945,285900
'13UF1',35704,52047,251800
'13UF1',35704,52047,260300
'13UF1',35704,52047,264500
'13UF1',35704,52047,273000
'13UF1',35704,52047,281500
'13UF1',35704,52047,290000
'13UF1',35704,52109,251800
'13UF1',35704,52109,260300
'13UF1',35704,52109,264500
'13UF1',35704,52109,273000
'13UF1',35704,52109,281500
'13UF1',35704,52109,290000
'13UF1',35704,52159,251900
'13UF1',35704,52159,260400
'13UF1',35704,52159,264600
'13UF1',35704,52159,273100
'13UF1',35704,52159,281600
'13UF1',35704,52159,290100
'13UF1',35704,52192,252300
'13UF1',35704,52192,260800
'13UF1',35704,52192,265000
'13UF1',35704,52192,273500
'13UF1',35704,52192,282000
'13UF1',35704,52192,290500
'13UF1',35704,52233,252200
'13UF1',35704,52233,260700
'13UF1',35704,52233,264900
'13UF1',35704,52233,273400
'13UF1',35704,52233,281900
'13UF1',35704,52233,290400
'13UF1',35704,52240,251900
'13UF1',35704,52240,260400
'13UF1',35704,52240,264600
'13UF1',35704,52240,273100
'13UF1',35704,52240,281600
'13UF1',35704,52240,290100
'13UF1',35704,52259,252200
'13UF1',35704,52259,260700
'13UF1',35704,52259,264900
'13UF1',35704,52259,273400
'13UF1',35704,52259,281900
'13UF1',35704,52259,290400
'13UF1',35704,52294,252100
'13UF1',35704,52294,260600
'13UF1',35704,52294,264800
'13UF1',35704,52294,273300
'13UF1',35704,52294,281800
'13UF1',35704,52294,290300
'13UF1',35704,52316,252100
'13UF1',35704,52316,260600
'13UF1',35704,52316,264800
'13UF1',35704,52316,273300
'13UF1',35704,52316,281800
'13UF1',35704,52316,290300
'13UF1',35704,52345,252400
'13UF1',35704,52345,260900
'13UF1',35704,52345,265100
'13UF1',35704,52345,273600
'13UF1',35704,52345,282100
'13UF1',35704,52345,290600
'13UF1',35704,52349,252000
'13UF1',35704,52349,260500
'13UF1',35704,52349,264700
'13UF1',35704,52349,273200
'13UF1',35704,52349,281700
'13UF1',35704,52349,290200
'13UF1',35704,52367,252500
'13UF1',35704,52367,261000
'13UF1',35704,52367,265200
'13UF1',35704,52367,273700
'13UF1',35704,52367,282200
'13UF1',35704,52367,290700
'13UF1',35704,52503,252600
'13UF1',35704,52503,261100
'13UF1',35704,52503,265300
'13UF1',35704,52503,273800
'13UF1',35704,52503,282300
'13UF1',35704,52503,290800
'13UF1',35704,52586,252600
'13UF1',35704,52586,261100
'13UF1',35704,52586,265300
'13UF1',35704,52586,273800
'13UF1',35704,52586,282300
'13UF1',35704,52586,290800
'13UF1',35704,52687,252700
'13UF1',35704,52687,261200
'13UF1',35704,52687,265400
'13UF1',35704,52687,273900
'13UF1',35704,52687,282400
'13UF1',35704,52687,290900
'13UF1',35704,52764,252800
'13UF1',35704,52764,261300
'13UF1',35704,52764,265500
'13UF1',35704,52764,274000
'13UF1',35704,52764,282500
'13UF1',35704,52764,291000
'13UF1',35704,52858,252900
'13UF1',35704,52858,261400
'13UF1',35704,52858,265600
'13UF1',35704,52858,274100
'13UF1',35704,52858,282600
'13UF1',35704,52858,291100
'13UF1',35704,52946,253000
'13UF1',35704,52946,261500
'13UF1',35704,52946,265700
'13UF1',35704,52946,274200
'13UF1',35704,52946,282700
'13UF1',35704,52946,291200
'13UF1',35704,53016,253100
'13UF1',35704,53016,261600
'13UF1',35704,53016,265800
'13UF1',35704,53016,274300
'13UF1',35704,53016,282800
'13UF1',35704,53016,291300
'13UF1',35704,53067,253300
'13UF1',35704,53067,261800
'13UF1',35704,53067,270000
'13UF1',35704,53067,274500
'13UF1',35704,53067,283000
'13UF1',35704,53067,291500
'13UF1',35704,53075,253100
'13UF1',35704,53075,261600
'13UF1',35704,53075,265800
'13UF1',35704,53075,274300
'13UF1',35704,53075,282800
'13UF1',35704,53075,291300
'13UF1',35704,53092,253300
'13UF1',35704,53092,261800
'13UF1',35704,53092,270000
'13UF1',35704,53092,274500
'13UF1',35704,53092,283000
'13UF1',35704,53092,291500
'13UF1',35704,53112,253200
'13UF1',35704,53112,261700
'13UF1',35704,53112,265900
'13UF1',35704,53112,274400
'13UF1',35704,53112,282900
'13UF1',35704,53112,291400
'13UF1',35704,53136,253200
'13UF1',35704,53136,261700
'13UF1',35704,53136,265900
'13UF1',35704,53136,274400
'13UF1',35704,53136,282900
'13UF1',35704,53136,291400
'13UF1',35704,54038,253400
'13UF1',35704,54038,261900
'13UF1',35704,54038,270100
'13UF1',35704,54038,274600
'13UF1',35704,54038,283100
'13UF1',35704,54038,291600
'13UF1',35704,54071,253300
'13UF1',35704,54071,261800
'13UF1',35704,54071,270000
'13UF1',35704,54071,274500
'13UF1',35704,54071,283000
'13UF1',35704,54071,291500
'13UF1',35704,55047,250200
'13UF1',35704,55047,254700
'13UF1',35704,55047,263200
'13UF1',35704,55047,271700
'13UF1',35704,55047,280200
'13UF1',35704,55047,284700
'13UF1',35704,55059,250300
'13UF1',35704,55059,254800
'13UF1',35704,55059,263200
'13UF1',35704,55059,271700
'13UF1',35704,55059,280200
'13UF1',35704,55059,284700
'13UF1',35704,55079,250400
'13UF1',35704,55079,254900
'13UF1',35704,55079,263300
'13UF1',35704,55079,271800
'13UF1',35704,55079,280300
'13UF1',35704,55079,284800
'13UF1',35704,55334,250000
'13UF1',35704,55334,254500
'13UF1',35704,55334,263000
'13UF1',35704,55334,271500
'13UF1',35704,55334,280000
'13UF1',35704,55334,284500
'13UF1',35704,55335,250100
'13UF1',35704,55335,254600
'13UF1',35704,55335,263100
'13UF1',35704,55335,271600
'13UF1',35704,55335,280100
'13UF1',35704,55335,284600
'13UF2',35703,50732,260900
'13UF2',35703,50732,265400
'13UF2',35703,50732,273900
'13UF2',35703,50732,282400
'13UF2',35703,50814,260800
'13UF2',35703,50814,265300
'13UF2',35703,50814,273800
'13UF2',35703,50814,282300
'13UF2',35703,50879,260700
'13UF2',35703,50879,265200
'13UF2',35703,50879,273700
'13UF2',35703,50879,282200
'13UF2',35703,50931,260700
'13UF2',35703,50931,265200
'13UF2',35703,50931,273700
'13UF2',35703,50931,282200
'13UF2',35703,51000,260600
'13UF2',35703,51000,265100
'13UF2',35703,51000,273600
'13UF2',35703,51000,282100
'13UF2',35703,51080,260600
'13UF2',35703,51080,265100
'13UF2',35703,51080,273600
'13UF2',35703,51080,282100
'13UF2',35703,51142,260500
'13UF2',35703,51142,265000
'13UF2',35703,51142,273500
'13UF2',35703,51142,282000
'13UF2',35703,51276,260400
'13UF2',35703,51276,264900
'13UF2',35703,51276,273400
'13UF2',35703,51276,281900
'13UF2',35703,51359,260300
'13UF2',35703,51359,264800
'13UF2',35703,51359,273300
'13UF2',35703,51359,281800
'13UF2',35703,51392,260300
'13UF2',35703,51392,264800
'13UF2',35703,51392,273300
'13UF2',35703,51392,281800
'13UF2',35703,51469,260200
'13UF2',35703,51469,264700
'13UF2',35703,51469,273200
'13UF2',35703,51469,281700
'13UF2',35703,51517,260100
'13UF2',35703,51517,264600
'13UF2',35703,51517,273100
'13UF2',35703,51517,281600
'13UF2',35703,51606,260000
'13UF2',35703,51606,264500
'13UF2',35703,51606,273000
'13UF2',35703,51606,281500
'13UF2',35703,51630,255900
'13UF2',35703,51630,264400
'13UF2',35703,51630,272900
'13UF2',35703,51630,281400
'13UF2',35703,51743,255800
'13UF2',35703,51743,264300
'13UF2',35703,51743,272800
'13UF2',35703,51743,281300
'13UF2',35703,51838,255700
'13UF2',35703,51838,264200
'13UF2',35703,51838,272700
'13UF2',35703,51838,281200
'13UF2',35703,51943,255600
'13UF2',35703,51943,264100
'13UF2',35703,51943,272600
'13UF2',35703,51943,281100
'13UF2',35703,52046,255500
'13UF2',35703,52046,264000
'13UF2',35703,52046,272500
'13UF2',35703,52046,281000
'13UF2',35703,52107,255500
'13UF2',35703,52107,264000
'13UF2',35703,52107,272500
'13UF2',35703,52107,281000
'13UF2',35703,52158,255500
'13UF2',35703,52158,264000
'13UF2',35703,52158,272500
'13UF2',35703,52158,281000
'13UF2',35703,52187,255000
'13UF2',35703,52187,263500
'13UF2',35703,52187,272000
'13UF2',35703,52187,280500
'13UF2',35703,52214,255100
'13UF2',35703,52214,263600
'13UF2',35703,52214,272100
'13UF2',35703,52214,280600
'13UF2',35703,52239,255400
'13UF2',35703,52239,263900
'13UF2',35703,52239,272400
'13UF2',35703,52239,280900
'13UF2',35703,52248,255200
'13UF2',35703,52248,263700
'13UF2',35703,52248,272200
'13UF2',35703,52248,280700
'13UF2',35703,52270,255200
'13UF2',35703,52270,263700
'13UF2',35703,52270,272200
'13UF2',35703,52270,280700
'13UF2',35703,52299,255300
'13UF2',35703,52299,263800
'13UF2',35703,52299,272300
'13UF2',35703,52299,280800
'13UF2',35703,52317,255300
'13UF2',35703,52317,263800
'13UF2',35703,52317,272300
'13UF2',35703,52317,280800
'13UF2',35703,52343,254900
'13UF2',35703,52343,263400
'13UF2',35703,52343,271900
'13UF2',35703,52343,280400
'13UF2',35703,52387,254900
'13UF2',35703,52387,263400
'13UF2',35703,52387,271900
'13UF2',35703,52387,280400
'13UF2',35703,52502,254800
'13UF2',35703,52502,263300
'13UF2',35703,52502,271800
'13UF2',35703,52502,280300
'13UF2',35703,52616,254800
'13UF2',35703,52616,263300
'13UF2',35703,52616,271800
'13UF2',35703,52616,280300
'13UF2',35703,52770,254700
'13UF2',35703,52770,263200
'13UF2',35703,52770,271700
'13UF2',35703,52770,280200
'13UF2',35703,52857,254600
'13UF2',35703,52857,263100
'13UF2',35703,52857,271600
'13UF2',35703,52857,280100
'13UF2',35703,52934,254600
'13UF2',35703,52934,263100
'13UF2',35703,52934,271600
'13UF2',35703,52934,280100
'13UF2',35703,53968,260400
'13UF2',35703,53968,264900
'13UF2',35703,53968,273400
'13UF2',35703,53968,281900
'13UF2',35703,54038,254500
'13UF2',35703,54038,263000
'13UF2',35703,54038,271500
'13UF2',35703,54038,280000
'13UF2',35703,54180,260500
'13UF2',35703,54180,265000
'13UF2',35703,54180,273500
'13UF2',35703,54180,282000
'13UF2',35703,55046,261300
'13UF2',35703,55046,265800
'13UF2',35703,55046,274300
'13UF2',35703,55046,282800
'13UF2',35703,55057,261100
'13UF2',35703,55057,265600
'13UF2',35703,55057,274100
'13UF2',35703,55057,282600
'13UF2',35703,55078,261000
'13UF2',35703,55078,265500
'13UF2',35703,55078,274000
'13UF2',35703,55078,282500
'13UF2',35703,55333,261400
'13UF2',35703,55333,265900
'13UF2',35703,55333,274400
'13UF2',35703,55333,282900
'13UF2',35703,55334,261500
'13UF2',35703,55334,270000
'13UF2',35703,55334,274500
'13UF2',35703,55334,283000
'13UF2',35703,60617,255800
'13UF2',35703,60617,264300
'13UF2',35703,60617,272800
'13UF2',35703,60617,281300
'13UF2',35704,50733,250400
'13UF2',35704,50733,254900
'13UF2',35704,50733,263300
'13UF2',35704,50733,271800
'13UF2',35704,50733,280300
'13UF2',35704,50733,284800
'13UF2',35704,50815,250500
'13UF2',35704,50815,255000
'13UF2',35704,50815,263400
'13UF2',35704,50815,271900
'13UF2',35704,50815,280400
'13UF2',35704,50815,284900
'13UF2',35704,50880,250500
'13UF2',35704,50880,255000
'13UF2',35704,50880,263400
'13UF2',35704,50880,271900
'13UF2',35704,50880,280400
'13UF2',35704,50880,284900
'13UF2',35704,50932,250600
'13UF2',35704,50932,255100
'13UF2',35704,50932,263500
'13UF2',35704,50932,272000
'13UF2',35704,50932,280500
'13UF2',35704,50932,285000
'13UF2',35704,51001,250700
'13UF2',35704,51001,255200
'13UF2',35704,51001,263500
'13UF2',35704,51001,272000
'13UF2',35704,51001,280500
'13UF2',35704,51001,285000
'13UF2',35704,51079,250700
'13UF2',35704,51079,255200
'13UF2',35704,51079,263600
'13UF2',35704,51079,272100
'13UF2',35704,51079,280600
'13UF2',35704,51079,285100
'13UF2',35704,51143,250800
'13UF2',35704,51143,255300
'13UF2',35704,51143,263700
'13UF2',35704,51143,272200
'13UF2',35704,51143,280700
'13UF2',35704,51143,285200
'13UF2',35704,51224,250900
'13UF2',35704,51224,255400
'13UF2',35704,51224,263700
'13UF2',35704,51224,272200
'13UF2',35704,51224,280700
'13UF2',35704,51224,285200
'13UF2',35704,51277,251000
'13UF2',35704,51277,255500
'13UF2',35704,51277,263800
'13UF2',35704,51277,272300
'13UF2',35704,51277,280800
'13UF2',35704,51277,285300
'13UF2',35704,51360,251000
'13UF2',35704,51360,255500
'13UF2',35704,51360,263800
'13UF2',35704,51360,272300
'13UF2',35704,51360,280800
'13UF2',35704,51360,285300
'13UF2',35704,51394,251100
'13UF2',35704,51394,255600
'13UF2',35704,51394,263900
'13UF2',35704,51394,272400
'13UF2',35704,51394,280900
'13UF2',35704,51394,285400
'13UF2',35704,51471,251200
'13UF2',35704,51471,255700
'13UF2',35704,51471,264000
'13UF2',35704,51471,272500
'13UF2',35704,51471,281000
'13UF2',35704,51471,285500
'13UF2',35704,51473,251200
'13UF2',35704,51473,255700
'13UF2',35704,51473,264000
'13UF2',35704,51473,272500
'13UF2',35704,51473,281000
'13UF2',35704,51473,285500
'13UF2',35704,51519,251200
'13UF2',35704,51519,255700
'13UF2',35704,51519,264000
'13UF2',35704,51519,272500
'13UF2',35704,51519,281000
'13UF2',35704,51519,285500
'13UF2',35704,51557,251300
'13UF2',35704,51557,255800
'13UF2',35704,51557,264100
'13UF2',35704,51557,272600
'13UF2',35704,51557,281100
'13UF2',35704,51557,285600
'13UF2',35704,51605,251400
'13UF2',35704,51605,255900
'13UF2',35704,51605,264100
'13UF2',35704,51605,272600
'13UF2',35704,51605,281100
'13UF2',35704,51605,285600
'13UF2',35704,51632,251400
'13UF2',35704,51632,255900
'13UF2',35704,51632,264100
'13UF2',35704,51632,272600
'13UF2',35704,51632,281100
'13UF2',35704,51632,285600
'13UF2',35704,51745,251500
'13UF2',35704,51745,260000
'13UF2',35704,51745,264200
'13UF2',35704,51745,272700
'13UF2',35704,51745,281200
'13UF2',35704,51745,285700
'13UF2',35704,51839,251600
'13UF2',35704,51839,260100
'13UF2',35704,51839,264300
'13UF2',35704,51839,272800
'13UF2',35704,51839,281300
'13UF2',35704,51839,285800
'13UF2',35704,51945,251700
'13UF2',35704,51945,260200
'13UF2',35704,51945,264400
'13UF2',35704,51945,272900
'13UF2',35704,51945,281400
'13UF2',35704,51945,285900
'13UF2',35704,52047,251800
'13UF2',35704,52047,260300
'13UF2',35704,52047,264500
'13UF2',35704,52047,273000
'13UF2',35704,52047,281500
'13UF2',35704,52047,290000
'13UF2',35704,52109,251800
'13UF2',35704,52109,260300
'13UF2',35704,52109,264500
'13UF2',35704,52109,273000
'13UF2',35704,52109,281500
'13UF2',35704,52109,290000
'13UF2',35704,52159,251900
'13UF2',35704,52159,260400
'13UF2',35704,52159,264600
'13UF2',35704,52159,273100
'13UF2',35704,52159,281600
'13UF2',35704,52159,290100
'13UF2',35704,52192,252300
'13UF2',35704,52192,260800
'13UF2',35704,52192,265000
'13UF2',35704,52192,273500
'13UF2',35704,52192,282000
'13UF2',35704,52192,290500
'13UF2',35704,52233,252200
'13UF2',35704,52233,260700
'13UF2',35704,52233,264900
'13UF2',35704,52233,273400
'13UF2',35704,52233,281900
'13UF2',35704,52233,290400
'13UF2',35704,52240,251900
'13UF2',35704,52240,260400
'13UF2',35704,52240,264600
'13UF2',35704,52240,273100
'13UF2',35704,52240,281600
'13UF2',35704,52240,290100
'13UF2',35704,52259,252200
'13UF2',35704,52259,260700
'13UF2',35704,52259,264900
'13UF2',35704,52259,273400
'13UF2',35704,52259,281900
'13UF2',35704,52259,290400
'13UF2',35704,52294,252100
'13UF2',35704,52294,260600
'13UF2',35704,52294,264800
'13UF2',35704,52294,273300
'13UF2',35704,52294,281800
'13UF2',35704,52294,290300
'13UF2',35704,52316,252100
'13UF2',35704,52316,260600
'13UF2',35704,52316,264800
'13UF2',35704,52316,273300
'13UF2',35704,52316,281800
'13UF2',35704,52316,290300
'13UF2',35704,52345,252400
'13UF2',35704,52345,260900
'13UF2',35704,52345,265100
'13UF2',35704,52345,273600
'13UF2',35704,52345,282100
'13UF2',35704,52345,290600
'13UF2',35704,52349,252000
'13UF2',35704,52349,260500
'13UF2',35704,52349,264700
'13UF2',35704,52349,273200
'13UF2',35704,52349,281700
'13UF2',35704,52349,290200
'13UF2',35704,52367,252500
'13UF2',35704,52367,261000
'13UF2',35704,52367,265200
'13UF2',35704,52367,273700
'13UF2',35704,52367,282200
'13UF2',35704,52367,290700
'13UF2',35704,52503,252600
'13UF2',35704,52503,261100
'13UF2',35704,52503,265300
'13UF2',35704,52503,273800
'13UF2',35704,52503,282300
'13UF2',35704,52503,290800
'13UF2',35704,52586,252600
'13UF2',35704,52586,261100
'13UF2',35704,52586,265300
'13UF2',35704,52586,273800
'13UF2',35704,52586,282300
'13UF2',35704,52586,290800
'13UF2',35704,52687,252700
'13UF2',35704,52687,261200
'13UF2',35704,52687,265400
'13UF2',35704,52687,273900
'13UF2',35704,52687,282400
'13UF2',35704,52687,290900
'13UF2',35704,52764,252800
'13UF2',35704,52764,261300
'13UF2',35704,52764,265500
'13UF2',35704,52764,274000
'13UF2',35704,52764,282500
'13UF2',35704,52764,291000
'13UF2',35704,52858,252900
'13UF2',35704,52858,261400
'13UF2',35704,52858,265600
'13UF2',35704,52858,274100
'13UF2',35704,52858,282600
'13UF2',35704,52858,291100
'13UF2',35704,52946,253000
'13UF2',35704,52946,261500
'13UF2',35704,52946,265700
'13UF2',35704,52946,274200
'13UF2',35704,52946,282700
'13UF2',35704,52946,291200
'13UF2',35704,53016,253100
'13UF2',35704,53016,261600
'13UF2',35704,53016,265800
'13UF2',35704,53016,274300
'13UF2',35704,53016,282800
'13UF2',35704,53016,291300
'13UF2',35704,53067,253300
'13UF2',35704,53067,261800
'13UF2',35704,53067,270000
'13UF2',35704,53067,274500
'13UF2',35704,53067,283000
'13UF2',35704,53067,291500
'13UF2',35704,53075,253100
'13UF2',35704,53075,261600
'13UF2',35704,53075,265800
'13UF2',35704,53075,274300
'13UF2',35704,53075,282800
'13UF2',35704,53075,291300
'13UF2',35704,53092,253300
'13UF2',35704,53092,261800
'13UF2',35704,53092,270000
'13UF2',35704,53092,274500
'13UF2',35704,53092,283000
'13UF2',35704,53092,291500
'13UF2',35704,53112,253200
'13UF2',35704,53112,261700
'13UF2',35704,53112,265900
'13UF2',35704,53112,274400
'13UF2',35704,53112,282900
'13UF2',35704,53112,291400
'13UF2',35704,53136,253200
'13UF2',35704,53136,261700
'13UF2',35704,53136,265900
'13UF2',35704,53136,274400
'13UF2',35704,53136,282900
'13UF2',35704,53136,291400
'13UF2',35704,54038,253400
'13UF2',35704,54038,261900
'13UF2',35704,54038,270100
'13UF2',35704,54038,274600
'13UF2',35704,54038,283100
'13UF2',35704,54038,291600
'13UF2',35704,54071,253300
'13UF2',35704,54071,261800
'13UF2',35704,54071,270000
'13UF2',35704,54071,274500
'13UF2',35704,54071,283000
'13UF2',35704,54071,291500
'13UF2',35704,55047,250200
'13UF2',35704,55047,254700
'13UF2',35704,55047,263200
'13UF2',35704,55047,271700
'13UF2',35704,55047,280200
'13UF2',35704,55047,284700
'13UF2',35704,55059,250300
'13UF2',35704,55059,254800
'13UF2',35704,55059,263200
'13UF2',35704,55059,271700
'13UF2',35704,55059,280200
'13UF2',35704,55059,284700
'13UF2',35704,55079,250400
'13UF2',35704,55079,254900
'13UF2',35704,55079,263300
'13UF2',35704,55079,271800
'13UF2',35704,55079,280300
'13UF2',35704,55079,284800
'13UF2',35704,55334,250000
'13UF2',35704,55334,254500
'13UF2',35704,55334,263000
'13UF2',35704,55334,271500
'13UF2',35704,55334,280000
'13UF2',35704,55334,284500
'13UF2',35704,55335,250100
'13UF2',35704,55335,254600
'13UF2',35704,55335,263100
'13UF2',35704,55335,271600
'13UF2',35704,55335,280100
'13UF2',35704,55335,284600
'13UI',35703,50732,260900
'13UI',35703,50732,265400
'13UI',35703,50732,273900
'13UI',35703,50732,282400
'13UI',35703,50814,260800
'13UI',35703,50814,265300
'13UI',35703,50814,273800
'13UI',35703,50814,282300
'13UI',35703,50879,260700
'13UI',35703,50879,265200
'13UI',35703,50879,273700
'13UI',35703,50879,282200
'13UI',35703,50931,260700
'13UI',35703,50931,265200
'13UI',35703,50931,273700
'13UI',35703,50931,282200
'13UI',35703,51000,260600
'13UI',35703,51000,265100
'13UI',35703,51000,273600
'13UI',35703,51000,282100
'13UI',35703,51080,260600
'13UI',35703,51080,265100
'13UI',35703,51080,273600
'13UI',35703,51080,282100
'13UI',35703,51142,260500
'13UI',35703,51142,265000
'13UI',35703,51142,273500
'13UI',35703,51142,282000
'13UI',35703,51276,260400
'13UI',35703,51276,264900
'13UI',35703,51276,273400
'13UI',35703,51276,281900
'13UI',35703,51359,260300
'13UI',35703,51359,264800
'13UI',35703,51359,273300
'13UI',35703,51359,281800
'13UI',35703,51392,260300
'13UI',35703,51392,264800
'13UI',35703,51392,273300
'13UI',35703,51392,281800
'13UI',35703,51469,260200
'13UI',35703,51469,264700
'13UI',35703,51469,273200
'13UI',35703,51469,281700
'13UI',35703,51517,260100
'13UI',35703,51517,264600
'13UI',35703,51517,273100
'13UI',35703,51517,281600
'13UI',35703,51606,260000
'13UI',35703,51606,264500
'13UI',35703,51606,273000
'13UI',35703,51606,281500
'13UI',35703,51630,255900
'13UI',35703,51630,264400
'13UI',35703,51630,272900
'13UI',35703,51630,281400
'13UI',35703,51743,255800
'13UI',35703,51743,264300
'13UI',35703,51743,272800
'13UI',35703,51743,281300
'13UI',35703,51838,255700
'13UI',35703,51838,264200
'13UI',35703,51838,272700
'13UI',35703,51838,281200
'13UI',35703,51943,255600
'13UI',35703,51943,264100
'13UI',35703,51943,272600
'13UI',35703,51943,281100
'13UI',35703,52046,255500
'13UI',35703,52046,264000
'13UI',35703,52046,272500
'13UI',35703,52046,281000
'13UI',35703,52107,255500
'13UI',35703,52107,264000
'13UI',35703,52107,272500
'13UI',35703,52107,281000
'13UI',35703,52158,255500
'13UI',35703,52158,264000
'13UI',35703,52158,272500
'13UI',35703,52158,281000
'13UI',35703,52187,255000
'13UI',35703,52187,263500
'13UI',35703,52187,272000
'13UI',35703,52187,280500
'13UI',35703,52214,255100
'13UI',35703,52214,263600
'13UI',35703,52214,272100
'13UI',35703,52214,280600
'13UI',35703,52239,255400
'13UI',35703,52239,263900
'13UI',35703,52239,272400
'13UI',35703,52239,280900
'13UI',35703,52248,255200
'13UI',35703,52248,263700
'13UI',35703,52248,272200
'13UI',35703,52248,280700
'13UI',35703,52270,255200
'13UI',35703,52270,263700
'13UI',35703,52270,272200
'13UI',35703,52270,280700
'13UI',35703,52299,255300
'13UI',35703,52299,263800
'13UI',35703,52299,272300
'13UI',35703,52299,280800
'13UI',35703,52317,255300
'13UI',35703,52317,263800
'13UI',35703,52317,272300
'13UI',35703,52317,280800
'13UI',35703,52343,254900
'13UI',35703,52343,263400
'13UI',35703,52343,271900
'13UI',35703,52343,280400
'13UI',35703,52387,254900
'13UI',35703,52387,263400
'13UI',35703,52387,271900
'13UI',35703,52387,280400
'13UI',35703,52502,254800
'13UI',35703,52502,263300
'13UI',35703,52502,271800
'13UI',35703,52502,280300
'13UI',35703,52616,254800
'13UI',35703,52616,263300
'13UI',35703,52616,271800
'13UI',35703,52616,280300
'13UI',35703,52770,254700
'13UI',35703,52770,263200
'13UI',35703,52770,271700
'13UI',35703,52770,280200
'13UI',35703,52857,254600
'13UI',35703,52857,263100
'13UI',35703,52857,271600
'13UI',35703,52857,280100
'13UI',35703,52934,254600
'13UI',35703,52934,263100
'13UI',35703,52934,271600
'13UI',35703,52934,280100
'13UI',35703,53968,260400
'13UI',35703,53968,264900
'13UI',35703,53968,273400
'13UI',35703,53968,281900
'13UI',35703,54038,254500
'13UI',35703,54038,263000
'13UI',35703,54038,271500
'13UI',35703,54038,280000
'13UI',35703,54180,260500
'13UI',35703,54180,265000
'13UI',35703,54180,273500
'13UI',35703,54180,282000
'13UI',35703,55046,261300
'13UI',35703,55046,265800
'13UI',35703,55046,274300
'13UI',35703,55046,282800
'13UI',35703,55057,261100
'13UI',35703,55057,265600
'13UI',35703,55057,274100
'13UI',35703,55057,282600
'13UI',35703,55078,261000
'13UI',35703,55078,265500
'13UI',35703,55078,274000
'13UI',35703,55078,282500
'13UI',35703,55333,261400
'13UI',35703,55333,265900
'13UI',35703,55333,274400
'13UI',35703,55333,282900
'13UI',35703,55334,261500
'13UI',35703,55334,270000
'13UI',35703,55334,274500
'13UI',35703,55334,283000
'13UI',35703,60617,255800
'13UI',35703,60617,264300
'13UI',35703,60617,272800
'13UI',35703,60617,281300
'13UI',35704,50733,250400
'13UI',35704,50733,254900
'13UI',35704,50733,263300
'13UI',35704,50733,271800
'13UI',35704,50733,280300
'13UI',35704,50733,284800
'13UI',35704,50815,250500
'13UI',35704,50815,255000
'13UI',35704,50815,263400
'13UI',35704,50815,271900
'13UI',35704,50815,280400
'13UI',35704,50815,284900
'13UI',35704,50880,250500
'13UI',35704,50880,255000
'13UI',35704,50880,263400
'13UI',35704,50880,271900
'13UI',35704,50880,280400
'13UI',35704,50880,284900
'13UI',35704,50932,250600
'13UI',35704,50932,255100
'13UI',35704,50932,263500
'13UI',35704,50932,272000
'13UI',35704,50932,280500
'13UI',35704,50932,285000
'13UI',35704,51001,250700
'13UI',35704,51001,255200
'13UI',35704,51001,263500
'13UI',35704,51001,272000
'13UI',35704,51001,280500
'13UI',35704,51001,285000
'13UI',35704,51079,250700
'13UI',35704,51079,255200
'13UI',35704,51079,263600
'13UI',35704,51079,272100
'13UI',35704,51079,280600
'13UI',35704,51079,285100
'13UI',35704,51143,250800
'13UI',35704,51143,255300
'13UI',35704,51143,263700
'13UI',35704,51143,272200
'13UI',35704,51143,280700
'13UI',35704,51143,285200
'13UI',35704,51224,250900
'13UI',35704,51224,255400
'13UI',35704,51224,263700
'13UI',35704,51224,272200
'13UI',35704,51224,280700
'13UI',35704,51224,285200
'13UI',35704,51277,251000
'13UI',35704,51277,255500
'13UI',35704,51277,263800
'13UI',35704,51277,272300
'13UI',35704,51277,280800
'13UI',35704,51277,285300
'13UI',35704,51360,251000
'13UI',35704,51360,255500
'13UI',35704,51360,263800
'13UI',35704,51360,272300
'13UI',35704,51360,280800
'13UI',35704,51360,285300
'13UI',35704,51394,251100
'13UI',35704,51394,255600
'13UI',35704,51394,263900
'13UI',35704,51394,272400
'13UI',35704,51394,280900
'13UI',35704,51394,285400
'13UI',35704,51471,251200
'13UI',35704,51471,255700
'13UI',35704,51471,264000
'13UI',35704,51471,272500
'13UI',35704,51471,281000
'13UI',35704,51471,285500
'13UI',35704,51473,251200
'13UI',35704,51473,255700
'13UI',35704,51473,264000
'13UI',35704,51473,272500
'13UI',35704,51473,281000
'13UI',35704,51473,285500
'13UI',35704,51519,251200
'13UI',35704,51519,255700
'13UI',35704,51519,264000
'13UI',35704,51519,272500
'13UI',35704,51519,281000
'13UI',35704,51519,285500
'13UI',35704,51557,251300
'13UI',35704,51557,255800
'13UI',35704,51557,264100
'13UI',35704,51557,272600
'13UI',35704,51557,281100
'13UI',35704,51557,285600
'13UI',35704,51605,251400
'13UI',35704,51605,255900
'13UI',35704,51605,264100
'13UI',35704,51605,272600
'13UI',35704,51605,281100
'13UI',35704,51605,285600
'13UI',35704,51632,251400
'13UI',35704,51632,255900
'13UI',35704,51632,264100
'13UI',35704,51632,272600
'13UI',35704,51632,281100
'13UI',35704,51632,285600
'13UI',35704,51745,251500
'13UI',35704,51745,260000
'13UI',35704,51745,264200
'13UI',35704,51745,272700
'13UI',35704,51745,281200
'13UI',35704,51745,285700
'13UI',35704,51839,251600
'13UI',35704,51839,260100
'13UI',35704,51839,264300
'13UI',35704,51839,272800
'13UI',35704,51839,281300
'13UI',35704,51839,285800
'13UI',35704,51945,251700
'13UI',35704,51945,260200
'13UI',35704,51945,264400
'13UI',35704,51945,272900
'13UI',35704,51945,281400
'13UI',35704,51945,285900
'13UI',35704,52047,251800
'13UI',35704,52047,260300
'13UI',35704,52047,264500
'13UI',35704,52047,273000
'13UI',35704,52047,281500
'13UI',35704,52047,290000
'13UI',35704,52109,251800
'13UI',35704,52109,260300
'13UI',35704,52109,264500
'13UI',35704,52109,273000
'13UI',35704,52109,281500
'13UI',35704,52109,290000
'13UI',35704,52159,251900
'13UI',35704,52159,260400
'13UI',35704,52159,264600
'13UI',35704,52159,273100
'13UI',35704,52159,281600
'13UI',35704,52159,290100
'13UI',35704,52192,252300
'13UI',35704,52192,260800
'13UI',35704,52192,265000
'13UI',35704,52192,273500
'13UI',35704,52192,282000
'13UI',35704,52192,290500
'13UI',35704,52233,252200
'13UI',35704,52233,260700
'13UI',35704,52233,264900
'13UI',35704,52233,273400
'13UI',35704,52233,281900
'13UI',35704,52233,290400
'13UI',35704,52240,251900
'13UI',35704,52240,260400
'13UI',35704,52240,264600
'13UI',35704,52240,273100
'13UI',35704,52240,281600
'13UI',35704,52240,290100
'13UI',35704,52259,252200
'13UI',35704,52259,260700
'13UI',35704,52259,264900
'13UI',35704,52259,273400
'13UI',35704,52259,281900
'13UI',35704,52259,290400
'13UI',35704,52294,252100
'13UI',35704,52294,260600
'13UI',35704,52294,264800
'13UI',35704,52294,273300
'13UI',35704,52294,281800
'13UI',35704,52294,290300
'13UI',35704,52316,252100
'13UI',35704,52316,260600
'13UI',35704,52316,264800
'13UI',35704,52316,273300
'13UI',35704,52316,281800
'13UI',35704,52316,290300
'13UI',35704,52345,252400
'13UI',35704,52345,260900
'13UI',35704,52345,265100
'13UI',35704,52345,273600
'13UI',35704,52345,282100
'13UI',35704,52345,290600
'13UI',35704,52349,252000
'13UI',35704,52349,260500
'13UI',35704,52349,264700
'13UI',35704,52349,273200
'13UI',35704,52349,281700
'13UI',35704,52349,290200
'13UI',35704,52367,252500
'13UI',35704,52367,261000
'13UI',35704,52367,265200
'13UI',35704,52367,273700
'13UI',35704,52367,282200
'13UI',35704,52367,290700
'13UI',35704,52503,252600
'13UI',35704,52503,261100
'13UI',35704,52503,265300
'13UI',35704,52503,273800
'13UI',35704,52503,282300
'13UI',35704,52503,290800
'13UI',35704,52586,252600
'13UI',35704,52586,261100
'13UI',35704,52586,265300
'13UI',35704,52586,273800
'13UI',35704,52586,282300
'13UI',35704,52586,290800
'13UI',35704,52687,252700
'13UI',35704,52687,261200
'13UI',35704,52687,265400
'13UI',35704,52687,273900
'13UI',35704,52687,282400
'13UI',35704,52687,290900
'13UI',35704,52764,252800
'13UI',35704,52764,261300
'13UI',35704,52764,265500
'13UI',35704,52764,274000
'13UI',35704,52764,282500
'13UI',35704,52764,291000
'13UI',35704,52858,252900
'13UI',35704,52858,261400
'13UI',35704,52858,265600
'13UI',35704,52858,274100
'13UI',35704,52858,282600
'13UI',35704,52858,291100
'13UI',35704,52946,253000
'13UI',35704,52946,261500
'13UI',35704,52946,265700
'13UI',35704,52946,274200
'13UI',35704,52946,282700
'13UI',35704,52946,291200
'13UI',35704,53016,253100
'13UI',35704,53016,261600
'13UI',35704,53016,265800
'13UI',35704,53016,274300
'13UI',35704,53016,282800
'13UI',35704,53016,291300
'13UI',35704,53067,253300
'13UI',35704,53067,261800
'13UI',35704,53067,270000
'13UI',35704,53067,274500
'13UI',35704,53067,283000
'13UI',35704,53067,291500
'13UI',35704,53075,253100
'13UI',35704,53075,261600
'13UI',35704,53075,265800
'13UI',35704,53075,274300
'13UI',35704,53075,282800
'13UI',35704,53075,291300
'13UI',35704,53092,253300
'13UI',35704,53092,261800
'13UI',35704,53092,270000
'13UI',35704,53092,274500
'13UI',35704,53092,283000
'13UI',35704,53092,291500
'13UI',35704,53112,253200
'13UI',35704,53112,261700
'13UI',35704,53112,265900
'13UI',35704,53112,274400
'13UI',35704,53112,282900
'13UI',35704,53112,291400
'13UI',35704,53136,253200
'13UI',35704,53136,261700
'13UI',35704,53136,265900
'13UI',35704,53136,274400
'13UI',35704,53136,282900
'13UI',35704,53136,291400
'13UI',35704,54038,253400
'13UI',35704,54038,261900
'13UI',35704,54038,270100
'13UI',35704,54038,274600
'13UI',35704,54038,283100
'13UI',35704,54038,291600
'13UI',35704,54071,253300
'13UI',35704,54071,261800
'13UI',35704,54071,270000
'13UI',35704,54071,274500
'13UI',35704,54071,283000
'13UI',35704,54071,291500
'13UI',35704,55047,250200
'13UI',35704,55047,254700
'13UI',35704,55047,263200
'13UI',35704,55047,271700
'13UI',35704,55047,280200
'13UI',35704,55047,284700
'13UI',35704,55059,250300
'13UI',35704,55059,254800
'13UI',35704,55059,263200
'13UI',35704,55059,271700
'13UI',35704,55059,280200
'13UI',35704,55059,284700
'13UI',35704,55079,250400
'13UI',35704,55079,254900
'13UI',35704,55079,263300
'13UI',35704,55079,271800
'13UI',35704,55079,280300
'13UI',35704,55079,284800
'13UI',35704,55334,250000
'13UI',35704,55334,254500
'13UI',35704,55334,263000
'13UI',35704,55334,271500
'13UI',35704,55334,280000
'13UI',35704,55334,284500
'13UI',35704,55335,250100
'13UI',35704,55335,254600
'13UI',35704,55335,263100
'13UI',35704,55335,271600
'13UI',35704,55335,280100
'13UI',35704,55335,284600
'13US',35703,50732,260900
'13US',35703,50732,265400
'13US',35703,50732,273900
'13US',35703,50732,282400
'13US',35703,50814,260800
'13US',35703,50814,265300
'13US',35703,50814,273800
'13US',35703,50814,282300
'13US',35703,50879,260700
'13US',35703,50879,265200
'13US',35703,50879,273700
'13US',35703,50879,282200
'13US',35703,50931,260700
'13US',35703,50931,265200
'13US',35703,50931,273700
'13US',35703,50931,282200
'13US',35703,51000,260600
'13US',35703,51000,265100
'13US',35703,51000,273600
'13US',35703,51000,282100
'13US',35703,51080,260600
'13US',35703,51080,265100
'13US',35703,51080,273600
'13US',35703,51080,282100
'13US',35703,51142,260500
'13US',35703,51142,265000
'13US',35703,51142,273500
'13US',35703,51142,282000
'13US',35703,51276,260400
'13US',35703,51276,264900
'13US',35703,51276,273400
'13US',35703,51276,281900
'13US',35703,51359,260300
'13US',35703,51359,264800
'13US',35703,51359,273300
'13US',35703,51359,281800
'13US',35703,51392,260300
'13US',35703,51392,264800
'13US',35703,51392,273300
'13US',35703,51392,281800
'13US',35703,51469,260200
'13US',35703,51469,264700
'13US',35703,51469,273200
'13US',35703,51469,281700
'13US',35703,51517,260100
'13US',35703,51517,264600
'13US',35703,51517,273100
'13US',35703,51517,281600
'13US',35703,51606,260000
'13US',35703,51606,264500
'13US',35703,51606,273000
'13US',35703,51606,281500
'13US',35703,51630,255900
'13US',35703,51630,264400
'13US',35703,51630,272900
'13US',35703,51630,281400
'13US',35703,51743,255800
'13US',35703,51743,264300
'13US',35703,51743,272800
'13US',35703,51743,281300
'13US',35703,51838,255700
'13US',35703,51838,264200
'13US',35703,51838,272700
'13US',35703,51838,281200
'13US',35703,51943,255600
'13US',35703,51943,264100
'13US',35703,51943,272600
'13US',35703,51943,281100
'13US',35703,52046,255500
'13US',35703,52046,264000
'13US',35703,52046,272500
'13US',35703,52046,281000
'13US',35703,52107,255500
'13US',35703,52107,264000
'13US',35703,52107,272500
'13US',35703,52107,281000
'13US',35703,52158,255500
'13US',35703,52158,264000
'13US',35703,52158,272500
'13US',35703,52158,281000
'13US',35703,52187,255000
'13US',35703,52187,263500
'13US',35703,52187,272000
'13US',35703,52187,280500
'13US',35703,52214,255100
'13US',35703,52214,263600
'13US',35703,52214,272100
'13US',35703,52214,280600
'13US',35703,52239,255400
'13US',35703,52239,263900
'13US',35703,52239,272400
'13US',35703,52239,280900
'13US',35703,52248,255200
'13US',35703,52248,263700
'13US',35703,52248,272200
'13US',35703,52248,280700
'13US',35703,52270,255200
'13US',35703,52270,263700
'13US',35703,52270,272200
'13US',35703,52270,280700
'13US',35703,52299,255300
'13US',35703,52299,263800
'13US',35703,52299,272300
'13US',35703,52299,280800
'13US',35703,52317,255300
'13US',35703,52317,263800
'13US',35703,52317,272300
'13US',35703,52317,280800
'13US',35703,52343,254900
'13US',35703,52343,263400
'13US',35703,52343,271900
'13US',35703,52343,280400
'13US',35703,52387,254900
'13US',35703,52387,263400
'13US',35703,52387,271900
'13US',35703,52387,280400
'13US',35703,52502,254800
'13US',35703,52502,263300
'13US',35703,52502,271800
'13US',35703,52502,280300
'13US',35703,52616,254800
'13US',35703,52616,263300
'13US',35703,52616,271800
'13US',35703,52616,280300
'13US',35703,52770,254700
'13US',35703,52770,263200
'13US',35703,52770,271700
'13US',35703,52770,280200
'13US',35703,52857,254600
'13US',35703,52857,263100
'13US',35703,52857,271600
'13US',35703,52857,280100
'13US',35703,52934,254600
'13US',35703,52934,263100
'13US',35703,52934,271600
'13US',35703,52934,280100
'13US',35703,53968,260400
'13US',35703,53968,264900
'13US',35703,53968,273400
'13US',35703,53968,281900
'13US',35703,54038,254500
'13US',35703,54038,263000
'13US',35703,54038,271500
'13US',35703,54038,280000
'13US',35703,54180,260500
'13US',35703,54180,265000
'13US',35703,54180,273500
'13US',35703,54180,282000
'13US',35703,55046,261300
'13US',35703,55046,265800
'13US',35703,55046,274300
'13US',35703,55046,282800
'13US',35703,55057,261100
'13US',35703,55057,265600
'13US',35703,55057,274100
'13US',35703,55057,282600
'13US',35703,55078,261000
'13US',35703,55078,265500
'13US',35703,55078,274000
'13US',35703,55078,282500
'13US',35703,55333,261400
'13US',35703,55333,265900
'13US',35703,55333,274400
'13US',35703,55333,282900
'13US',35703,55334,261500
'13US',35703,55334,270000
'13US',35703,55334,274500
'13US',35703,55334,283000
'13US',35703,60617,255800
'13US',35703,60617,264300
'13US',35703,60617,272800
'13US',35703,60617,281300
'13US',35704,50733,250400
'13US',35704,50733,254900
'13US',35704,50733,263400
'13US',35704,50733,271900
'13US',35704,50733,280400
'13US',35704,50733,284900
'13US',35704,50815,250400
'13US',35704,50815,254900
'13US',35704,50815,263400
'13US',35704,50815,271900
'13US',35704,50815,280400
'13US',35704,50815,284900
'13US',35704,50880,250500
'13US',35704,50880,255000
'13US',35704,50880,263500
'13US',35704,50880,272000
'13US',35704,50880,280500
'13US',35704,50880,285000
'13US',35704,50932,250500
'13US',35704,50932,255000
'13US',35704,50932,263500
'13US',35704,50932,272000
'13US',35704,50932,280500
'13US',35704,50932,285000
'13US',35704,51001,250600
'13US',35704,51001,255100
'13US',35704,51001,263600
'13US',35704,51001,272100
'13US',35704,51001,280600
'13US',35704,51001,285100
'13US',35704,51079,250700
'13US',35704,51079,255200
'13US',35704,51079,263700
'13US',35704,51079,272200
'13US',35704,51079,280700
'13US',35704,51079,285200
'13US',35704,51143,250700
'13US',35704,51143,255200
'13US',35704,51143,263700
'13US',35704,51143,272200
'13US',35704,51143,280700
'13US',35704,51143,285200
'13US',35704,51224,250800
'13US',35704,51224,255300
'13US',35704,51224,263800
'13US',35704,51224,272300
'13US',35704,51224,280800
'13US',35704,51224,285300
'13US',35704,51277,250900
'13US',35704,51277,255400
'13US',35704,51277,263900
'13US',35704,51277,272400
'13US',35704,51277,280900
'13US',35704,51277,285400
'13US',35704,51360,250900
'13US',35704,51360,255400
'13US',35704,51360,263900
'13US',35704,51360,272400
'13US',35704,51360,280900
'13US',35704,51360,285400
'13US',35704,51394,251000
'13US',35704,51394,255500
'13US',35704,51394,264000
'13US',35704,51394,272500
'13US',35704,51394,281000
'13US',35704,51394,285500
'13US',35704,51471,251100
'13US',35704,51471,255600
'13US',35704,51471,264100
'13US',35704,51471,272600
'13US',35704,51471,281100
'13US',35704,51471,285600
'13US',35704,51473,251100
'13US',35704,51473,255600
'13US',35704,51473,264100
'13US',35704,51473,272600
'13US',35704,51473,281100
'13US',35704,51473,285600
'13US',35704,51519,251100
'13US',35704,51519,255600
'13US',35704,51519,264100
'13US',35704,51519,272600
'13US',35704,51519,281100
'13US',35704,51519,285600
'13US',35704,51557,251200
'13US',35704,51557,255700
'13US',35704,51557,264200
'13US',35704,51557,272700
'13US',35704,51557,281200
'13US',35704,51557,285700
'13US',35704,51605,251200
'13US',35704,51605,255700
'13US',35704,51605,264200
'13US',35704,51605,272700
'13US',35704,51605,281200
'13US',35704,51605,285700
'13US',35704,51632,251200
'13US',35704,51632,255700
'13US',35704,51632,264200
'13US',35704,51632,272700
'13US',35704,51632,281200
'13US',35704,51632,285700
'13US',35704,51745,251300
'13US',35704,51745,255800
'13US',35704,51745,264300
'13US',35704,51745,272800
'13US',35704,51745,281300
'13US',35704,51745,285800
'13US',35704,51839,251400
'13US',35704,51839,255900
'13US',35704,51839,264400
'13US',35704,51839,272900
'13US',35704,51839,281400
'13US',35704,51839,285900
'13US',35704,51945,251500
'13US',35704,51945,260000
'13US',35704,51945,264500
'13US',35704,51945,273000
'13US',35704,51945,281500
'13US',35704,51945,290000
'13US',35704,52047,251600
'13US',35704,52047,260100
'13US',35704,52047,264600
'13US',35704,52047,273100
'13US',35704,52047,281600
'13US',35704,52047,290100
'13US',35704,52109,251600
'13US',35704,52109,260100
'13US',35704,52109,264600
'13US',35704,52109,273100
'13US',35704,52109,281600
'13US',35704,52109,290100
'13US',35704,52159,251600
'13US',35704,52159,260100
'13US',35704,52159,264600
'13US',35704,52159,273100
'13US',35704,52159,281600
'13US',35704,52159,290100
'13US',35704,52192,252100
'13US',35704,52192,260600
'13US',35704,52192,265100
'13US',35704,52192,273600
'13US',35704,52192,282100
'13US',35704,52192,290600
'13US',35704,52233,252000
'13US',35704,52233,260500
'13US',35704,52233,265000
'13US',35704,52233,273500
'13US',35704,52233,282000
'13US',35704,52233,290500
'13US',35704,52240,251700
'13US',35704,52240,260200
'13US',35704,52240,264700
'13US',35704,52240,273200
'13US',35704,52240,281700
'13US',35704,52240,290200
'13US',35704,52259,251900
'13US',35704,52259,260400
'13US',35704,52259,264900
'13US',35704,52259,273400
'13US',35704,52259,281900
'13US',35704,52259,290400
'13US',35704,52294,251900
'13US',35704,52294,260400
'13US',35704,52294,264900
'13US',35704,52294,273400
'13US',35704,52294,281900
'13US',35704,52294,290400
'13US',35704,52316,251800
'13US',35704,52316,260300
'13US',35704,52316,264800
'13US',35704,52316,273300
'13US',35704,52316,281800
'13US',35704,52316,290300
'13US',35704,52345,252200
'13US',35704,52345,260700
'13US',35704,52345,265200
'13US',35704,52345,273700
'13US',35704,52345,282200
'13US',35704,52345,290700
'13US',35704,52349,251800
'13US',35704,52349,260300
'13US',35704,52349,264800
'13US',35704,52349,273300
'13US',35704,52349,281800
'13US',35704,52349,290300
'13US',35704,52367,252200
'13US',35704,52367,260700
'13US',35704,52367,265200
'13US',35704,52367,273700
'13US',35704,52367,282200
'13US',35704,52367,290700
'13US',35704,52503,252300
'13US',35704,52503,260800
'13US',35704,52503,265300
'13US',35704,52503,273800
'13US',35704,52503,282300
'13US',35704,52503,290800
'13US',35704,52586,252400
'13US',35704,52586,260900
'13US',35704,52586,265400
'13US',35704,52586,273900
'13US',35704,52586,282400
'13US',35704,52586,290900
'13US',35704,52687,252500
'13US',35704,52687,261000
'13US',35704,52687,265500
'13US',35704,52687,274000
'13US',35704,52687,282500
'13US',35704,52687,291000
'13US',35704,52764,252500
'13US',35704,52764,261000
'13US',35704,52764,265500
'13US',35704,52764,274000
'13US',35704,52764,282500
'13US',35704,52764,291000
'13US',35704,52858,252600
'13US',35704,52858,261100
'13US',35704,52858,265600
'13US',35704,52858,274100
'13US',35704,52858,282600
'13US',35704,52858,291100
'13US',35704,52946,252700
'13US',35704,52946,261200
'13US',35704,52946,265700
'13US',35704,52946,274200
'13US',35704,52946,282700
'13US',35704,52946,291200
'13US',35704,53016,252800
'13US',35704,53016,261300
'13US',35704,53016,265800
'13US',35704,53016,274300
'13US',35704,53016,282800
'13US',35704,53016,291300
'13US',35704,53067,253000
'13US',35704,53067,261500
'13US',35704,53067,270000
'13US',35704,53067,274500
'13US',35704,53067,283000
'13US',35704,53067,291500
'13US',35704,53075,252800
'13US',35704,53075,261300
'13US',35704,53075,265800
'13US',35704,53075,274300
'13US',35704,53075,282800
'13US',35704,53075,291300
'13US',35704,53092,253000
'13US',35704,53092,261500
'13US',35704,53092,270000
'13US',35704,53092,274500
'13US',35704,53092,283000
'13US',35704,53092,291500
'13US',35704,53112,252900
'13US',35704,53112,261400
'13US',35704,53112,265900
'13US',35704,53112,274400
'13US',35704,53112,282900
'13US',35704,53112,291400
'13US',35704,53136,252900
'13US',35704,53136,261400
'13US',35704,53136,265900
'13US',35704,53136,274400
'13US',35704,53136,282900
'13US',35704,53136,291400
'13US',35704,54038,253100
'13US',35704,54038,261600
'13US',35704,54038,270100
'13US',35704,54038,274600
'13US',35704,54038,283100
'13US',35704,54038,291600
'13US',35704,54071,253000
'13US',35704,54071,261500
'13US',35704,54071,270000
'13US',35704,54071,274500
'13US',35704,54071,283000
'13US',35704,54071,291500
'13US',35704,55047,250200
'13US',35704,55047,254700
'13US',35704,55047,263200
'13US',35704,55047,271700
'13US',35704,55047,280200
'13US',35704,55047,284700
'13US',35704,55059,250200
'13US',35704,55059,254700
'13US',35704,55059,263200
'13US',35704,55059,271700
'13US',35704,55059,280200
'13US',35704,55059,284700
'13US',35704,55079,250300
'13US',35704,55079,254800
'13US',35704,55079,263300
'13US',35704,55079,271800
'13US',35704,55079,280300
'13US',35704,55079,284800
'13US',35704,55334,250000
'13US',35704,55334,254500
'13US',35704,55334,263000
'13US',35704,55334,271500
'13US',35704,55334,280000
'13US',35704,55334,284500
'13US',35704,55335,250100
'13US',35704,55335,254600
'13US',35704,55335,263100
'13US',35704,55335,271600
'13US',35704,55335,280100
'13US',35704,55335,284600
