'15MA',2901,52355,62500
'15MA',2901,52355,65500
'15MA',2901,52355,72600
'15MA',2901,52355,75700
'15MA',2901,52355,82800
'15MA',2901,52355,85900
'15MA',2901,52355,93000
'15MA',2901,52355,100100
'15MA',2901,52355,103200
'15MA',2901,52355,110200
'15MA',2901,52355,113200
'15MA',2901,52355,120200
'15MA',2901,52355,123200
'15MA',2901,52355,130300
'15MA',2901,52355,133300
'15MA',2901,52355,140400
'15MA',2901,52355,143400
'15MA',2901,52355,150500
'15MA',2901,52355,153500
'15MA',2901,52355,160600
'15MA',2901,52355,163600
'15MA',2901,52355,170700
'15MA',2901,52355,173700
'15MA',2901,52355,180800
'15MA',2901,52355,183800
'15MA',2901,52355,191000
'15MA',2901,52355,200300
'15MA',2901,52355,210300
'15MA',2901,52355,220500
'15MA',2901,52355,231200
'15MF1',2901,52355,62500
'15MF1',2901,52355,65500
'15MF1',2901,52355,72600
'15MF1',2901,52355,75700
'15MF1',2901,52355,82800
'15MF1',2901,52355,85900
'15MF1',2901,52355,93000
'15MF1',2901,52355,100100
'15MF1',2901,52355,103200
'15MF1',2901,52355,110200
'15MF1',2901,52355,113200
'15MF1',2901,52355,120200
'15MF1',2901,52355,123200
'15MF1',2901,52355,130300
'15MF1',2901,52355,133300
'15MF1',2901,52355,140400
'15MF1',2901,52355,143400
'15MF1',2901,52355,150500
'15MF1',2901,52355,153500
'15MF1',2901,52355,160600
'15MF1',2901,52355,163600
'15MF1',2901,52355,170700
'15MF1',2901,52355,173700
'15MF1',2901,52355,180800
'15MF1',2901,52355,183800
'15MF1',2901,52355,191000
'15MF1',2901,52355,200300
'15MF1',2901,52355,210300
'15MF1',2901,52355,220500
'15MF1',2901,52355,231100
'15MF2',2901,52355,62500
'15MF2',2901,52355,65500
'15MF2',2901,52355,72600
'15MF2',2901,52355,75700
'15MF2',2901,52355,82800
'15MF2',2901,52355,85900
'15MF2',2901,52355,93000
'15MF2',2901,52355,100100
'15MF2',2901,52355,103200
'15MF2',2901,52355,110200
'15MF2',2901,52355,113200
'15MF2',2901,52355,120200
'15MF2',2901,52355,123200
'15MF2',2901,52355,130300
'15MF2',2901,52355,133300
'15MF2',2901,52355,140400
'15MF2',2901,52355,143400
'15MF2',2901,52355,150500
'15MF2',2901,52355,153500
'15MF2',2901,52355,160600
'15MF2',2901,52355,163600
'15MF2',2901,52355,170700
'15MF2',2901,52355,173700
'15MF2',2901,52355,180800
'15MF2',2901,52355,183800
'15MF2',2901,52355,191000
'15MF2',2901,52355,200300
'15MF2',2901,52355,210300
'15MF2',2901,52355,220500
'15MF2',2901,52355,231100
'15MF3',2901,52355,62500
'15MF3',2901,52355,65500
'15MF3',2901,52355,72600
'15MF3',2901,52355,75700
'15MF3',2901,52355,82800
'15MF3',2901,52355,85900
'15MF3',2901,52355,93000
'15MF3',2901,52355,100100
'15MF3',2901,52355,103200
'15MF3',2901,52355,110200
'15MF3',2901,52355,113200
'15MF3',2901,52355,120200
'15MF3',2901,52355,123200
'15MF3',2901,52355,130300
'15MF3',2901,52355,133300
'15MF3',2901,52355,140400
'15MF3',2901,52355,143400
'15MF3',2901,52355,150500
'15MF3',2901,52355,153500
'15MF3',2901,52355,160600
'15MF3',2901,52355,163600
'15MF3',2901,52355,170700
'15MF3',2901,52355,173700
'15MF3',2901,52355,180800
'15MF3',2901,52355,183800
'15MF3',2901,52355,191000
'15MF3',2901,52355,200300
'15MF3',2901,52355,210300
'15MF3',2901,52355,220500
'15MF3',2901,52355,231100
'15MI',2901,52355,62300
'15MI',2901,52355,65300
'15MI',2901,52355,72300
'15MI',2901,52355,75400
'15MI',2901,52355,82500
'15MI',2901,52355,85600
'15MI',2901,52355,92700
'15MI',2901,52355,95800
'15MI',2901,52355,102800
'15MI',2901,52355,105800
'15MI',2901,52355,112800
'15MI',2901,52355,115900
'15MI',2901,52355,122900
'15MI',2901,52355,125900
'15MI',2901,52355,132900
'15MI',2901,52355,135900
'15MI',2901,52355,143000
'15MI',2901,52355,150200
'15MI',2901,52355,153200
'15MI',2901,52355,160100
'15MI',2901,52355,163100
'15MI',2901,52355,170100
'15MI',2901,52355,173100
'15MI',2901,52355,180100
'15MI',2901,52355,185900
'15MI',2901,52355,195900
'15MI',2901,52355,205900
'15MI',2901,52355,215900
'15MI',2901,52355,231100
'15MS',2901,52355,62800
'15MS',2901,52355,70100
'15MS',2901,52355,73400
'15MS',2901,52355,80700
'15MS',2901,52355,84000
'15MS',2901,52355,91100
'15MS',2901,52355,94200
'15MS',2901,52355,101300
'15MS',2901,52355,104500
'15MS',2901,52355,111600
'15MS',2901,52355,114500
'15MS',2901,52355,121600
'15MS',2901,52355,124600
'15MS',2901,52355,131700
'15MS',2901,52355,134800
'15MS',2901,52355,141900
'15MS',2901,52355,145100
'15MS',2901,52355,152300
'15MS',2901,52355,155400
'15MS',2901,52355,162800
'15MS',2901,52355,170300
'15MS',2901,52355,173800
'15MS',2901,52355,181300
'15MS',2901,52355,184300
'15MS',2901,52355,191400
'15MS',2901,52355,201000
'15MS',2901,52355,210600
'15MS',2901,52355,220200
'15MS',2901,52355,225900
'15MS',2901,52355,241300
'15MS',2901,52355,250800
