'15UA',20103,57619,63400
'15UA',20103,57619,70300
'15UA',20103,57619,73400
'15UA',20103,57619,80400
'15UA',20103,57619,83600
'15UA',20103,57619,90800
'15UA',20103,57619,94000
'15UA',20103,57619,100000
'15UA',20103,57619,102200
'15UA',20103,57619,105200
'15UA',20103,57619,112200
'15UA',20103,57619,115200
'15UA',20103,57619,121300
'15UA',20103,57619,123700
'15UA',20103,57619,130300
'15UA',20103,57619,133500
'15UA',20103,57619,140500
'15UA',20103,57619,143500
'15UA',20103,57619,150500
'15UA',20103,57619,153500
'15UA',20103,57619,160500
'15UA',20103,57619,163000
'15UA',20103,57619,165500
'15UA',20103,57619,171800
'15UA',20103,57619,174000
'15UA',20103,57619,180100
'15UA',20103,57619,183300
'15UA',20103,57619,190200
'15UA',20103,57619,193200
'15UA',20103,57619,195500
'15UA',20103,57619,202800
'15UA',20103,57619,210000
'15UA',20103,57619,213300
'15UA',20103,57619,220500
'15UA',20103,57619,223500
'15UA',20103,57619,230600
'15UA',20103,57619,233600
'15UA',20103,57619,240600
'15UF1',20103,57619,72500
'15UF1',20103,57619,80000
'15UF1',20103,57619,83300
'15UF1',20103,57619,90500
'15UF1',20103,57619,93700
'15UF1',20103,57619,100900
'15UF1',20103,57619,104300
'15UF1',20103,57619,111500
'15UF1',20103,57619,114800
'15UF1',20103,57619,122100
'15UF1',20103,57619,125500
'15UF1',20103,57619,133000
'15UF1',20103,57619,140400
'15UF1',20103,57619,143700
'15UF1',20103,57619,151000
'15UF1',20103,57619,154400
'15UF1',20103,57619,161900
'15UF1',20103,57619,165100
'15UF1',20103,57619,172200
'15UF1',20103,57619,175300
'15UF1',20103,57619,182400
'15UF1',20103,57619,185400
'15UF1',20103,57619,192500
'15UF1',20103,57619,195500
'15UF1',20103,57619,202700
'15UF1',20103,57619,205900
'15UF1',20103,57619,213100
'15UF1',20103,57619,220300
'15UF1',20103,57619,223400
'15UF1',20103,57619,230400
'15UF1',20103,57619,233400
'15UF1',20103,57619,240400
'15UF2',20103,57619,72500
'15UF2',20103,57619,80000
'15UF2',20103,57619,83300
'15UF2',20103,57619,90500
'15UF2',20103,57619,93700
'15UF2',20103,57619,100900
'15UF2',20103,57619,104300
'15UF2',20103,57619,111500
'15UF2',20103,57619,114800
'15UF2',20103,57619,122100
'15UF2',20103,57619,125500
'15UF2',20103,57619,133000
'15UF2',20103,57619,140400
'15UF2',20103,57619,143700
'15UF2',20103,57619,151000
'15UF2',20103,57619,154400
'15UF2',20103,57619,161900
'15UF2',20103,57619,165100
'15UF2',20103,57619,172200
'15UF2',20103,57619,175300
'15UF2',20103,57619,182400
'15UF2',20103,57619,185400
'15UF2',20103,57619,192500
'15UF2',20103,57619,195500
'15UF2',20103,57619,202700
'15UF2',20103,57619,205900
'15UF2',20103,57619,213100
'15UF2',20103,57619,220300
'15UF2',20103,57619,223400
'15UF2',20103,57619,230400
'15UF2',20103,57619,233400
'15UF2',20103,57619,240400
'15UI',20103,57619,72500
'15UI',20103,57619,80000
'15UI',20103,57619,83300
'15UI',20103,57619,90500
'15UI',20103,57619,93700
'15UI',20103,57619,100900
'15UI',20103,57619,104300
'15UI',20103,57619,111500
'15UI',20103,57619,114800
'15UI',20103,57619,122100
'15UI',20103,57619,125500
'15UI',20103,57619,133000
'15UI',20103,57619,140400
'15UI',20103,57619,143700
'15UI',20103,57619,151000
'15UI',20103,57619,154400
'15UI',20103,57619,161900
'15UI',20103,57619,165100
'15UI',20103,57619,172200
'15UI',20103,57619,175300
'15UI',20103,57619,182400
'15UI',20103,57619,185400
'15UI',20103,57619,192500
'15UI',20103,57619,195500
'15UI',20103,57619,202700
'15UI',20103,57619,205900
'15UI',20103,57619,213100
'15UI',20103,57619,220300
'15UI',20103,57619,223400
'15UI',20103,57619,230400
'15UI',20103,57619,233400
'15UI',20103,57619,240400
'15US',20103,57619,63700
'15US',20103,57619,71400
'15US',20103,57619,75300
'15US',20103,57619,81900
'15US',20103,57619,90300
'15US',20103,57619,94000
'15US',20103,57619,101400
'15US',20103,57619,104800
'15US',20103,57619,112300
'15US',20103,57619,115700
'15US',20103,57619,123000
'15US',20103,57619,130500
'15US',20103,57619,134000
'15US',20103,57619,141800
'15US',20103,57619,145500
'15US',20103,57619,153500
'15US',20103,57619,161400
'15US',20103,57619,165400
'15US',20103,57619,173300
'15US',20103,57619,180000
'15US',20103,57619,183000
'15US',20103,57619,185800
'15US',20103,57619,193000
'15US',20103,57619,200400
'15US',20103,57619,203500
'15US',20103,57619,210700
'15US',20103,57619,213800
'15US',20103,57619,220900
'15US',20103,57619,223900
'15US',20103,57619,230700
'15US',20103,57619,233600
'15US',20103,57619,240700
'15UA',21101,57619,62100
'15UA',21101,57619,65100
'15UA',21101,57619,71600
'15UA',21101,57619,73400
'15UA',21101,57619,75100
'15UA',21101,57619,80700
'15UA',21101,57619,82200
'15UA',21101,57619,83700
'15UA',21101,57619,85200
'15UA',21101,57619,90700
'15UA',21101,57619,92200
'15UA',21101,57619,93700
'15UA',21101,57619,95200
'15UA',21101,57619,100600
'15UA',21101,57619,101700
'15UA',21101,57619,102800
'15UA',21101,57619,103900
'15UA',21101,57619,104900
'15UA',21101,57619,105800
'15UA',21101,57619,110800
'15UA',21101,57619,111800
'15UA',21101,57619,112900
'15UA',21101,57619,114000
'15UA',21101,57619,115000
'15UA',21101,57619,120100
'15UA',21101,57619,121300
'15UA',21101,57619,122700
'15UA',21101,57619,124200
'15UA',21101,57619,125600
'15UA',21101,57619,130900
'15UA',21101,57619,132100
'15UA',21101,57619,133300
'15UA',21101,57619,134500
'15UA',21101,57619,135700
'15UA',21101,57619,140800
'15UA',21101,57619,141800
'15UA',21101,57619,142800
'15UA',21101,57619,143800
'15UA',21101,57619,144800
'15UA',21101,57619,145800
'15UA',21101,57619,150800
'15UA',21101,57619,151800
'15UA',21101,57619,152800
'15UA',21101,57619,153800
'15UA',21101,57619,154800
'15UA',21101,57619,155800
'15UA',21101,57619,160800
'15UA',21101,57619,162100
'15UA',21101,57619,163400
'15UA',21101,57619,164700
'15UA',21101,57619,165700
'15UA',21101,57619,170700
'15UA',21101,57619,171700
'15UA',21101,57619,172700
'15UA',21101,57619,173700
'15UA',21101,57619,174700
'15UA',21101,57619,175900
'15UA',21101,57619,181100
'15UA',21101,57619,182300
'15UA',21101,57619,183500
'15UA',21101,57619,184700
'15UA',21101,57619,185900
'15UA',21101,57619,191100
'15UA',21101,57619,192300
'15UA',21101,57619,193500
'15UA',21101,57619,194700
'15UA',21101,57619,195900
'15UA',21101,57619,201100
'15UA',21101,57619,202300
'15UA',21101,57619,203800
'15UA',21101,57619,205300
'15UA',21101,57619,210700
'15UA',21101,57619,212200
'15UA',21101,57619,213700
'15UA',21101,57619,215200
'15UA',21101,57619,221200
'15UA',21101,57619,223200
'15UA',21101,57619,225300
'15UA',21101,57619,231600
'15UA',21101,57619,233900
'15UA',21101,57619,240500
'15UA',21101,57619,243100
'15UA',21101,57619,245600
'15UF1',21101,57619,62100
'15UF1',21101,57619,65100
'15UF1',21101,57619,71600
'15UF1',21101,57619,73400
'15UF1',21101,57619,75100
'15UF1',21101,57619,80700
'15UF1',21101,57619,82200
'15UF1',21101,57619,83700
'15UF1',21101,57619,85200
'15UF1',21101,57619,90700
'15UF1',21101,57619,92200
'15UF1',21101,57619,93700
'15UF1',21101,57619,95200
'15UF1',21101,57619,100600
'15UF1',21101,57619,101700
'15UF1',21101,57619,102800
'15UF1',21101,57619,103900
'15UF1',21101,57619,104900
'15UF1',21101,57619,105800
'15UF1',21101,57619,110800
'15UF1',21101,57619,111800
'15UF1',21101,57619,112900
'15UF1',21101,57619,114000
'15UF1',21101,57619,115000
'15UF1',21101,57619,120100
'15UF1',21101,57619,121300
'15UF1',21101,57619,122700
'15UF1',21101,57619,124200
'15UF1',21101,57619,125600
'15UF1',21101,57619,130900
'15UF1',21101,57619,132100
'15UF1',21101,57619,133300
'15UF1',21101,57619,134500
'15UF1',21101,57619,135700
'15UF1',21101,57619,140800
'15UF1',21101,57619,141800
'15UF1',21101,57619,142800
'15UF1',21101,57619,143800
'15UF1',21101,57619,144800
'15UF1',21101,57619,145800
'15UF1',21101,57619,150800
'15UF1',21101,57619,151800
'15UF1',21101,57619,152800
'15UF1',21101,57619,153800
'15UF1',21101,57619,154800
'15UF1',21101,57619,155800
'15UF1',21101,57619,160800
'15UF1',21101,57619,162100
'15UF1',21101,57619,163400
'15UF1',21101,57619,164700
'15UF1',21101,57619,165700
'15UF1',21101,57619,170700
'15UF1',21101,57619,171700
'15UF1',21101,57619,172700
'15UF1',21101,57619,173700
'15UF1',21101,57619,174700
'15UF1',21101,57619,175900
'15UF1',21101,57619,181100
'15UF1',21101,57619,182300
'15UF1',21101,57619,183500
'15UF1',21101,57619,184700
'15UF1',21101,57619,185900
'15UF1',21101,57619,191100
'15UF1',21101,57619,192300
'15UF1',21101,57619,193500
'15UF1',21101,57619,194700
'15UF1',21101,57619,195900
'15UF1',21101,57619,201100
'15UF1',21101,57619,202300
'15UF1',21101,57619,203800
'15UF1',21101,57619,205300
'15UF1',21101,57619,210700
'15UF1',21101,57619,212200
'15UF1',21101,57619,213700
'15UF1',21101,57619,215200
'15UF1',21101,57619,221200
'15UF1',21101,57619,223200
'15UF1',21101,57619,225300
'15UF1',21101,57619,231600
'15UF1',21101,57619,233900
'15UF1',21101,57619,240600
'15UF1',21101,57619,243800
'15UF2',21101,57619,62100
'15UF2',21101,57619,65100
'15UF2',21101,57619,71600
'15UF2',21101,57619,73400
'15UF2',21101,57619,75100
'15UF2',21101,57619,80700
'15UF2',21101,57619,82200
'15UF2',21101,57619,83700
'15UF2',21101,57619,85200
'15UF2',21101,57619,90700
'15UF2',21101,57619,92200
'15UF2',21101,57619,93700
'15UF2',21101,57619,95200
'15UF2',21101,57619,100600
'15UF2',21101,57619,101700
'15UF2',21101,57619,102800
'15UF2',21101,57619,103900
'15UF2',21101,57619,104900
'15UF2',21101,57619,105800
'15UF2',21101,57619,110800
'15UF2',21101,57619,111800
'15UF2',21101,57619,112900
'15UF2',21101,57619,114000
'15UF2',21101,57619,115000
'15UF2',21101,57619,120100
'15UF2',21101,57619,121300
'15UF2',21101,57619,122700
'15UF2',21101,57619,124200
'15UF2',21101,57619,125600
'15UF2',21101,57619,130900
'15UF2',21101,57619,132100
'15UF2',21101,57619,133300
'15UF2',21101,57619,134500
'15UF2',21101,57619,135700
'15UF2',21101,57619,140800
'15UF2',21101,57619,141800
'15UF2',21101,57619,142800
'15UF2',21101,57619,143800
'15UF2',21101,57619,144800
'15UF2',21101,57619,145800
'15UF2',21101,57619,150800
'15UF2',21101,57619,151800
'15UF2',21101,57619,152800
'15UF2',21101,57619,153800
'15UF2',21101,57619,154800
'15UF2',21101,57619,155800
'15UF2',21101,57619,160800
'15UF2',21101,57619,162100
'15UF2',21101,57619,163400
'15UF2',21101,57619,164700
'15UF2',21101,57619,165700
'15UF2',21101,57619,170700
'15UF2',21101,57619,171700
'15UF2',21101,57619,172700
'15UF2',21101,57619,173700
'15UF2',21101,57619,174700
'15UF2',21101,57619,175900
'15UF2',21101,57619,181100
'15UF2',21101,57619,182300
'15UF2',21101,57619,183500
'15UF2',21101,57619,184700
'15UF2',21101,57619,185900
'15UF2',21101,57619,191100
'15UF2',21101,57619,192300
'15UF2',21101,57619,193500
'15UF2',21101,57619,194700
'15UF2',21101,57619,195900
'15UF2',21101,57619,201100
'15UF2',21101,57619,202300
'15UF2',21101,57619,203800
'15UF2',21101,57619,205300
'15UF2',21101,57619,210700
'15UF2',21101,57619,212200
'15UF2',21101,57619,213700
'15UF2',21101,57619,215200
'15UF2',21101,57619,221200
'15UF2',21101,57619,223200
'15UF2',21101,57619,225300
'15UF2',21101,57619,231600
'15UF2',21101,57619,233900
'15UF2',21101,57619,240600
'15UF2',21101,57619,243800
'15UI',21101,57619,61600
'15UI',21101,57619,64600
'15UI',21101,57619,71600
'15UI',21101,57619,74600
'15UI',21101,57619,81600
'15UI',21101,57619,84300
'15UI',21101,57619,90200
'15UI',21101,57619,91700
'15UI',21101,57619,93200
'15UI',21101,57619,94700
'15UI',21101,57619,100200
'15UI',21101,57619,101700
'15UI',21101,57619,103200
'15UI',21101,57619,104700
'15UI',21101,57619,110200
'15UI',21101,57619,111700
'15UI',21101,57619,113000
'15UI',21101,57619,114300
'15UI',21101,57619,115600
'15UI',21101,57619,121000
'15UI',21101,57619,122200
'15UI',21101,57619,123400
'15UI',21101,57619,124600
'15UI',21101,57619,125800
'15UI',21101,57619,131000
'15UI',21101,57619,132100
'15UI',21101,57619,133200
'15UI',21101,57619,134200
'15UI',21101,57619,135200
'15UI',21101,57619,140200
'15UI',21101,57619,141200
'15UI',21101,57619,142200
'15UI',21101,57619,143200
'15UI',21101,57619,144200
'15UI',21101,57619,145200
'15UI',21101,57619,150200
'15UI',21101,57619,151200
'15UI',21101,57619,152200
'15UI',21101,57619,153400
'15UI',21101,57619,154700
'15UI',21101,57619,160200
'15UI',21101,57619,161700
'15UI',21101,57619,163200
'15UI',21101,57619,164700
'15UI',21101,57619,165900
'15UI',21101,57619,171100
'15UI',21101,57619,172200
'15UI',21101,57619,173400
'15UI',21101,57619,174600
'15UI',21101,57619,175800
'15UI',21101,57619,181500
'15UI',21101,57619,183200
'15UI',21101,57619,185300
'15UI',21101,57619,191300
'15UI',21101,57619,193500
'15UI',21101,57619,195600
'15UI',21101,57619,201700
'15UI',21101,57619,203700
'15UI',21101,57619,205700
'15UI',21101,57619,211700
'15UI',21101,57619,213800
'15UI',21101,57619,220800
'15UI',21101,57619,223900
'15UI',21101,57619,230900
'15UI',21101,57619,233800
'15UI',21101,57619,240700
'15UI',21101,57619,243800
'15US',21101,57619,51700
'15US',21101,57619,54700
'15US',21101,57619,61800
'15US',21101,57619,64800
'15US',21101,57619,71900
'15US',21101,57619,74900
'15US',21101,57619,81900
'15US',21101,57619,84900
'15US',21101,57619,91800
'15US',21101,57619,93800
'15US',21101,57619,95800
'15US',21101,57619,101800
'15US',21101,57619,103800
'15US',21101,57619,105800
'15US',21101,57619,111800
'15US',21101,57619,113800
'15US',21101,57619,115800
'15US',21101,57619,121800
'15US',21101,57619,123300
'15US',21101,57619,124700
'15US',21101,57619,130200
'15US',21101,57619,131700
'15US',21101,57619,133300
'15US',21101,57619,134800
'15US',21101,57619,140000
'15US',21101,57619,141300
'15US',21101,57619,142700
'15US',21101,57619,144500
'15US',21101,57619,150500
'15US',21101,57619,152600
'15US',21101,57619,154800
'15US',21101,57619,161500
'15US',21101,57619,164500
'15US',21101,57619,171400
'15US',21101,57619,174400
'15US',21101,57619,180900
'15US',21101,57619,183300
'15US',21101,57619,185700
'15US',21101,57619,192200
'15US',21101,57619,194700
'15US',21101,57619,200700
'15US',21101,57619,202700
'15US',21101,57619,204700
'15US',21101,57619,210700
'15US',21101,57619,212800
'15US',21101,57619,214800
'15US',21101,57619,221200
'15US',21101,57619,223700
'15US',21101,57619,230400
'15US',21101,57619,233100
'15US',21101,57619,235600
'15US',21101,57619,241600
'15US',21101,57619,243600
'15US',42501,57619,55600
'15US',42501,57619,62100
'15US',42501,57619,64200
'15US',42501,57619,70400
'15US',42501,57619,72400
'15US',42501,57619,74500
'15US',42501,57619,80500
'15US',42501,57619,82500
'15US',42501,57619,84600
'15US',42501,57619,90900
'15US',42501,57619,92600
'15US',42501,57619,94800
'15US',42501,57619,101600
'15US',42501,57619,104600
'15US',42501,57619,111500
'15US',42501,57619,114400
'15US',42501,57619,121500
