'15JA',18902,54469,45800
'15JA',18902,54469,52600
'15JA',18902,54469,55500
'15JA',18902,54469,62200
'15JA',18902,54469,64900
'15JA',18902,54469,71100
'15JA',18902,54469,73000
'15JA',18902,54469,74900
'15JA',18902,54469,80400
'15JA',18902,54469,81900
'15JA',18902,54469,83400
'15JA',18902,54469,84900
'15JA',18902,54469,90900
'15JA',18902,54469,92900
'15JA',18902,54469,94900
'15JA',18902,54469,100900
'15JA',18902,54469,102900
'15JA',18902,54469,104900
'15JA',18902,54469,111000
'15JA',18902,54469,113000
'15JA',18902,54469,115000
'15JA',18902,54469,121000
'15JA',18902,54469,123100
'15JA',18902,54469,125000
'15JA',18902,54469,130500
'15JA',18902,54469,132000
'15JA',18902,54469,133500
'15JA',18902,54469,135000
'15JA',18902,54469,140500
'15JA',18902,54469,142000
'15JA',18902,54469,143500
'15JA',18902,54469,145400
'15JA',18902,54469,151400
'15JA',18902,54469,153600
'15JA',18902,54469,160200
'15JA',18902,54469,163000
'15JA',18902,54469,165800
'15JA',18902,54469,172700
'15JA',18902,54469,175700
'15JA',18902,54469,182700
'15JA',18902,54469,185600
'15JA',18902,54469,192600
'15JA',18902,54469,195600
'15JA',18902,54469,202600
'15JA',18902,54469,205600
'15JA',18902,54469,212600
'15JA',18902,54469,215600
'15JA',18902,54469,222600
'15JA',18902,54469,225500
'15JA',18902,54469,232500
'15JA',18902,54469,235300
'15JA',18902,54469,242400
'15JA',18902,54469,245400
'15JA',18902,54469,252400
'15JI',18902,54469,45600
'15JI',18902,54469,52600
'15JI',18902,54469,55600
'15JI',18902,54469,62400
'15JI',18902,54469,65200
'15JI',18902,54469,72100
'15JI',18902,54469,75100
'15JI',18902,54469,81900
'15JI',18902,54469,84300
'15JI',18902,54469,90300
'15JI',18902,54469,92300
'15JI',18902,54469,94200
'15JI',18902,54469,100300
'15JI',18902,54469,102300
'15JI',18902,54469,104300
'15JI',18902,54469,110200
'15JI',18902,54469,112100
'15JI',18902,54469,114100
'15JI',18902,54469,120100
'15JI',18902,54469,122100
'15JI',18902,54469,124100
'15JI',18902,54469,130200
'15JI',18902,54469,132200
'15JI',18902,54469,134100
'15JI',18902,54469,140200
'15JI',18902,54469,142200
'15JI',18902,54469,144300
'15JI',18902,54469,150400
'15JI',18902,54469,152400
'15JI',18902,54469,154500
'15JI',18902,54469,160900
'15JI',18902,54469,163900
'15JI',18902,54469,170900
'15JI',18902,54469,173800
'15JI',18902,54469,180900
'15JI',18902,54469,183900
'15JI',18902,54469,190900
'15JI',18902,54469,193900
'15JI',18902,54469,200900
'15JI',18902,54469,203900
'15JI',18902,54469,210900
'15JI',18902,54469,213800
'15JI',18902,54469,220800
'15JI',18902,54469,223800
'15JI',18902,54469,230800
'15JI',18902,54469,233800
'15JI',18902,54469,240800
'15JI',18902,54469,243700
'15JI',18902,54469,245700
'15JS',18902,54469,45900
'15JS',18902,54469,51400
'15JS',18902,54469,52600
'15JS',18902,54469,53800
'15JS',18902,54469,55100
'15JS',18902,54469,60300
'15JS',18902,54469,61600
'15JS',18902,54469,62700
'15JS',18902,54469,63600
'15JS',18902,54469,64600
'15JS',18902,54469,65600
'15JS',18902,54469,70700
'15JS',18902,54469,71800
'15JS',18902,54469,72700
'15JS',18902,54469,73500
'15JS',18902,54469,74300
'15JS',18902,54469,75000
'15JS',18902,54469,80300
'15JS',18902,54469,81400
'15JS',18902,54469,82800
'15JS',18902,54469,84300
'15JS',18902,54469,90000
'15JS',18902,54469,92000
'15JS',18902,54469,94000
'15JS',18902,54469,100000
'15JS',18902,54469,102000
'15JS',18902,54469,104000
'15JS',18902,54469,110000
'15JS',18902,54469,112000
'15JS',18902,54469,113800
'15JS',18902,54469,115300
'15JS',18902,54469,120800
'15JS',18902,54469,122300
'15JS',18902,54469,123800
'15JS',18902,54469,125300
'15JS',18902,54469,130800
'15JS',18902,54469,132300
'15JS',18902,54469,133900
'15JS',18902,54469,135700
'15JS',18902,54469,141600
'15JS',18902,54469,143400
'15JS',18902,54469,145200
'15JS',18902,54469,151000
'15JS',18902,54469,153000
'15JS',18902,54469,155100
'15JS',18902,54469,161800
'15JS',18902,54469,164600
'15JS',18902,54469,171500
'15JS',18902,54469,174300
'15JS',18902,54469,180800
'15JS',18902,54469,183500
'15JS',18902,54469,190200
'15JS',18902,54469,193100
'15JS',18902,54469,200000
'15JS',18902,54469,203000
'15JS',18902,54469,210000
'15JS',18902,54469,213000
'15JS',18902,54469,220000
'15JS',18902,54469,223000
'15JS',18902,54469,225700
'15JS',18902,54469,232700
'15JS',18902,54469,235700
'15JS',18902,54469,242700
'15JS',18902,54469,245700
'15JA',36202,54469,260600
'15JA',36202,54469,265100
'15JA',36202,54469,273600
'15JA',36202,54469,282100
'15JA',36202,54469,290600
'15JI',36202,54469,260600
'15JI',36202,54469,265100
'15JI',36202,54469,273600
'15JI',36202,54469,282100
'15JI',36202,54469,290600
'15JS',36202,54469,260500
'15JS',36202,54469,265000
'15JS',36202,54469,273500
'15JS',36202,54469,282000
'15JS',36202,54469,290500
