'14NA',11904,56081,74500
'14NA',11904,56081,82000
'14NA',11904,56081,85600
'14NA',11904,56081,93200
'14NA',11904,56081,100800
'14NA',11904,56081,104500
'14NA',11904,56081,112200
'14NA',11904,56081,115900
'14NA',11904,56081,123700
'14NA',11904,56081,131500
'14NA',11904,56081,135500
'14NA',11904,56081,143300
'14NA',11904,56081,151200
'14NA',11904,56081,155100
'14NA',11904,56081,163000
'14NA',11904,56081,170800
'14NA',11904,56081,174500
'14NA',11904,56081,182100
'14NA',11904,56081,185700
'14NA',11904,56081,193200
'14NF1',11904,56081,74500
'14NF1',11904,56081,82000
'14NF1',11904,56081,85500
'14NF1',11904,56081,93100
'14NF1',11904,56081,100800
'14NF1',11904,56081,104500
'14NF1',11904,56081,112200
'14NF1',11904,56081,115900
'14NF1',11904,56081,123700
'14NF1',11904,56081,131500
'14NF1',11904,56081,135500
'14NF1',11904,56081,143300
'14NF1',11904,56081,151200
'14NF1',11904,56081,155100
'14NF1',11904,56081,163000
'14NF1',11904,56081,170800
'14NF1',11904,56081,174500
'14NF1',11904,56081,182100
'14NF1',11904,56081,185700
'14NF1',11904,56081,193200
'14NF2',11904,56081,74500
'14NF2',11904,56081,82000
'14NF2',11904,56081,85600
'14NF2',11904,56081,93200
'14NF2',11904,56081,100800
'14NF2',11904,56081,104500
'14NF2',11904,56081,112200
'14NF2',11904,56081,115900
'14NF2',11904,56081,123700
'14NF2',11904,56081,131500
'14NF2',11904,56081,135500
'14NF2',11904,56081,143300
'14NF2',11904,56081,151200
'14NF2',11904,56081,155100
'14NF2',11904,56081,163000
'14NF2',11904,56081,170800
'14NF2',11904,56081,174500
'14NF2',11904,56081,182100
'14NF2',11904,56081,185700
'14NF2',11904,56081,193200
'14NF3',11904,56081,74500
'14NF3',11904,56081,82000
'14NF3',11904,56081,85500
'14NF3',11904,56081,93100
'14NF3',11904,56081,100800
'14NF3',11904,56081,104500
'14NF3',11904,56081,112200
'14NF3',11904,56081,115900
'14NF3',11904,56081,123700
'14NF3',11904,56081,131500
'14NF3',11904,56081,135500
'14NF3',11904,56081,143300
'14NF3',11904,56081,151200
'14NF3',11904,56081,155100
'14NF3',11904,56081,163000
'14NF3',11904,56081,170800
'14NF3',11904,56081,174500
'14NF3',11904,56081,182100
'14NF3',11904,56081,185700
'14NF3',11904,56081,193200
'14NF4',11904,56081,74500
'14NF4',11904,56081,82000
'14NF4',11904,56081,85600
'14NF4',11904,56081,93200
'14NF4',11904,56081,100800
'14NF4',11904,56081,104500
'14NF4',11904,56081,112200
'14NF4',11904,56081,115900
'14NF4',11904,56081,123700
'14NF4',11904,56081,131500
'14NF4',11904,56081,135500
'14NF4',11904,56081,143300
'14NF4',11904,56081,151200
'14NF4',11904,56081,155100
'14NF4',11904,56081,163000
'14NF4',11904,56081,170800
'14NF4',11904,56081,174500
'14NF4',11904,56081,182100
'14NF4',11904,56081,185700
'14NF4',11904,56081,193200
'14NI',11904,56081,74500
'14NI',11904,56081,82000
'14NI',11904,56081,85500
'14NI',11904,56081,93100
'14NI',11904,56081,100800
'14NI',11904,56081,104500
'14NI',11904,56081,112200
'14NI',11904,56081,115900
'14NI',11904,56081,123700
'14NI',11904,56081,131500
'14NI',11904,56081,135500
'14NI',11904,56081,143300
'14NI',11904,56081,151200
'14NI',11904,56081,155100
'14NI',11904,56081,163000
'14NI',11904,56081,170800
'14NI',11904,56081,174500
'14NI',11904,56081,182100
'14NI',11904,56081,185700
'14NI',11904,56081,193200
'14NS',11904,56081,72000
'14NS',11904,56081,75400
'14NS',11904,56081,82600
'14NS',11904,56081,85500
'14NS',11904,56081,92100
'14NS',11904,56081,94700
'14NS',11904,56081,101300
'14NS',11904,56081,103900
'14NS',11904,56081,110500
'14NS',11904,56081,113100
'14NS',11904,56081,115800
'14NS',11904,56081,122500
'14NS',11904,56081,125200
'14NS',11904,56081,131900
'14NS',11904,56081,134600
'14NS',11904,56081,141400
'14NS',11904,56081,144300
'14NS',11904,56081,151400
'14NS',11904,56081,154500
'14NS',11904,56081,161700
'14NS',11904,56081,164900
'14NS',11904,56081,172000
'14NS',11904,56081,175100
'14NS',11904,56081,181800
'14NS',11904,56081,184600
'14NS',11904,56081,191400
'14NS',11904,56081,194300
