'14SS',43203,53103,91500
'14SS',43203,53103,94500
'14SS',43203,53103,101500
'14SS',43203,53103,104500
'14SS',43203,53103,111500
'14SS',43203,53103,114400
'14SS',43203,53103,121400
'14SS',43203,53103,124400
'14SS',43203,53103,131400
'14SS',43203,53103,134400
'14SS',43203,53103,141400
'14SS',43203,53103,144300
'14SS',43203,53103,151300
'14SS',43203,53103,153400
'14SS',43203,53103,155400
'14SS',43203,53103,161400
'14SS',43203,53103,163000
'14SS',43203,53103,164000
'14SS',43203,53103,165000
'14SS',43203,53103,170000
'14SS',43203,53103,171000
'14SS',43203,53103,171900
'14SS',43203,53103,172900
'14SS',43203,53103,173900
'14SS',43203,53103,175100
'14SS',43203,53103,180600
'14SS',43203,53103,182100
'14SS',43203,53103,184000
'14SS',43203,53103,190700
'14SS',43204,53103,160500
'14SS',43204,53103,163500
'14SS',43204,53103,170500
'14SS',43204,53103,173500
'14SS',43204,53103,180300
'14SS',43204,53103,183000
'14SS',43204,53103,185800
'14SS',43204,53103,192700
