'15JA',13903,55084,54700
'15JA',13903,55084,61600
'15JA',13903,55084,64500
'15JA',13903,55084,71500
'15JA',13903,55084,74700
'15JA',13903,55084,82100
'15JA',13903,55084,85100
'15JA',13903,55084,91600
'15JA',13903,55084,93300
'15JA',13903,55084,95000
'15JA',13903,55084,100500
'15JA',13903,55084,102000
'15JA',13903,55084,103500
'15JA',13903,55084,104500
'15JA',13903,55084,105500
'15JA',13903,55084,110500
'15JA',13903,55084,111500
'15JA',13903,55084,112500
'15JA',13903,55084,113500
'15JA',13903,55084,114500
'15JA',13903,55084,115500
'15JA',13903,55084,120500
'15JA',13903,55084,121500
'15JA',13903,55084,122500
'15JA',13903,55084,123600
'15JA',13903,55084,124600
'15JA',13903,55084,125300
'15JA',13903,55084,130100
'15JA',13903,55084,130800
'15JA',13903,55084,131600
'15JA',13903,55084,132400
'15JA',13903,55084,133300
'15JA',13903,55084,134100
'15JA',13903,55084,134900
'15JA',13903,55084,135600
'15JA',13903,55084,140200
'15JA',13903,55084,140900
'15JA',13903,55084,141700
'15JA',13903,55084,142400
'15JA',13903,55084,143200
'15JA',13903,55084,144000
'15JA',13903,55084,144900
'15JA',13903,55084,145600
'15JA',13903,55084,150300
'15JA',13903,55084,151000
'15JA',13903,55084,151800
'15JA',13903,55084,152600
'15JA',13903,55084,153300
'15JA',13903,55084,154000
'15JA',13903,55084,154700
'15JA',13903,55084,155500
'15JA',13903,55084,160300
'15JA',13903,55084,161100
'15JA',13903,55084,161700
'15JA',13903,55084,162200
'15JA',13903,55084,162800
'15JA',13903,55084,163400
'15JA',13903,55084,164000
'15JA',13903,55084,164600
'15JA',13903,55084,165200
'15JA',13903,55084,165700
'15JA',13903,55084,170100
'15JA',13903,55084,170500
'15JA',13903,55084,171000
'15JA',13903,55084,171500
'15JA',13903,55084,172000
'15JA',13903,55084,172500
'15JA',13903,55084,173000
'15JA',13903,55084,173500
'15JA',13903,55084,174000
'15JA',13903,55084,174500
'15JA',13903,55084,175000
'15JA',13903,55084,175500
'15JA',13903,55084,180000
'15JA',13903,55084,180400
'15JA',13903,55084,180800
'15JA',13903,55084,181300
'15JA',13903,55084,181800
'15JA',13903,55084,182300
'15JA',13903,55084,182900
'15JA',13903,55084,183700
'15JA',13903,55084,184300
'15JA',13903,55084,184900
'15JA',13903,55084,185500
'15JA',13903,55084,190100
'15JA',13903,55084,190800
'15JA',13903,55084,191600
'15JA',13903,55084,192400
'15JA',13903,55084,193100
'15JA',13903,55084,193900
'15JA',13903,55084,194700
'15JA',13903,55084,195400
'15JA',13903,55084,200200
'15JA',13903,55084,201100
'15JA',13903,55084,202500
'15JA',13903,55084,203900
'15JA',13903,55084,205200
'15JA',13903,55084,210700
'15JA',13903,55084,212200
'15JA',13903,55084,213700
'15JA',13903,55084,215100
'15JA',13903,55084,220600
'15JA',13903,55084,221800
'15JA',13903,55084,222800
'15JA',13903,55084,223700
'15JA',13903,55084,224500
'15JA',13903,55084,225400
'15JA',13903,55084,230200
'15JA',13903,55084,230900
'15JA',13903,55084,231900
'15JA',13903,55084,232900
'15JA',13903,55084,233900
'15JA',13903,55084,234800
'15JA',13903,55084,235700
'15JA',13903,55084,240600
'15JA',13903,55084,241600
'15JA',13903,55084,242600
'15JA',13903,55084,244000
'15JA',13903,55084,250500
'15JA',13903,55084,254000
'15JA',13903,55084,261600
'15JI',13903,55084,54200
'15JI',13903,55084,61800
'15JI',13903,55084,65200
'15JI',13903,55084,72300
'15JI',13903,55084,75600
'15JI',13903,55084,82700
'15JI',13903,55084,85700
'15JI',13903,55084,92800
'15JI',13903,55084,94800
'15JI',13903,55084,101000
'15JI',13903,55084,103000
'15JI',13903,55084,104500
'15JI',13903,55084,110000
'15JI',13903,55084,111500
'15JI',13903,55084,113000
'15JI',13903,55084,114300
'15JI',13903,55084,115300
'15JI',13903,55084,120300
'15JI',13903,55084,121300
'15JI',13903,55084,122300
'15JI',13903,55084,123300
'15JI',13903,55084,124400
'15JI',13903,55084,125400
'15JI',13903,55084,130400
'15JI',13903,55084,131300
'15JI',13903,55084,132300
'15JI',13903,55084,133300
'15JI',13903,55084,134300
'15JI',13903,55084,135300
'15JI',13903,55084,140300
'15JI',13903,55084,141300
'15JI',13903,55084,142300
'15JI',13903,55084,143300
'15JI',13903,55084,144300
'15JI',13903,55084,145300
'15JI',13903,55084,150300
'15JI',13903,55084,151300
'15JI',13903,55084,152300
'15JI',13903,55084,153300
'15JI',13903,55084,154200
'15JI',13903,55084,154800
'15JI',13903,55084,155400
'15JI',13903,55084,160100
'15JI',13903,55084,160800
'15JI',13903,55084,161500
'15JI',13903,55084,162200
'15JI',13903,55084,162900
'15JI',13903,55084,163600
'15JI',13903,55084,164200
'15JI',13903,55084,164900
'15JI',13903,55084,165500
'15JI',13903,55084,170100
'15JI',13903,55084,170800
'15JI',13903,55084,171200
'15JI',13903,55084,171800
'15JI',13903,55084,172400
'15JI',13903,55084,172900
'15JI',13903,55084,173500
'15JI',13903,55084,174000
'15JI',13903,55084,174500
'15JI',13903,55084,175000
'15JI',13903,55084,175500
'15JI',13903,55084,180000
'15JI',13903,55084,180500
'15JI',13903,55084,181000
'15JI',13903,55084,181600
'15JI',13903,55084,182400
'15JI',13903,55084,183100
'15JI',13903,55084,183700
'15JI',13903,55084,184300
'15JI',13903,55084,184900
'15JI',13903,55084,185500
'15JI',13903,55084,190000
'15JI',13903,55084,190600
'15JI',13903,55084,191300
'15JI',13903,55084,192300
'15JI',13903,55084,193300
'15JI',13903,55084,194300
'15JI',13903,55084,195300
'15JI',13903,55084,200300
'15JI',13903,55084,201300
'15JI',13903,55084,202300
'15JI',13903,55084,203300
'15JI',13903,55084,204200
'15JI',13903,55084,205700
'15JI',13903,55084,211100
'15JI',13903,55084,212600
'15JI',13903,55084,214100
'15JI',13903,55084,215600
'15JI',13903,55084,221100
'15JI',13903,55084,222400
'15JI',13903,55084,223800
'15JI',13903,55084,225300
'15JI',13903,55084,230800
'15JI',13903,55084,233700
'15JI',13903,55084,240600
'15JI',13903,55084,243600
'15JI',13903,55084,250600
'15JI',13903,55084,253700
'15JS',13903,55084,53700
'15JS',13903,55084,55300
'15JS',13903,55084,60900
'15JS',13903,55084,62400
'15JS',13903,55084,63900
'15JS',13903,55084,65200
'15JS',13903,55084,70400
'15JS',13903,55084,71500
'15JS',13903,55084,72600
'15JS',13903,55084,73600
'15JS',13903,55084,74600
'15JS',13903,55084,75400
'15JS',13903,55084,80100
'15JS',13903,55084,80800
'15JS',13903,55084,81400
'15JS',13903,55084,82100
'15JS',13903,55084,82800
'15JS',13903,55084,83500
'15JS',13903,55084,84300
'15JS',13903,55084,85200
'15JS',13903,55084,90200
'15JS',13903,55084,91200
'15JS',13903,55084,92200
'15JS',13903,55084,93000
'15JS',13903,55084,94000
'15JS',13903,55084,95000
'15JS',13903,55084,100000
'15JS',13903,55084,101000
'15JS',13903,55084,102000
'15JS',13903,55084,103000
'15JS',13903,55084,104000
'15JS',13903,55084,105000
'15JS',13903,55084,110000
'15JS',13903,55084,111000
'15JS',13903,55084,112000
'15JS',13903,55084,113000
'15JS',13903,55084,114000
'15JS',13903,55084,114900
'15JS',13903,55084,115800
'15JS',13903,55084,120800
'15JS',13903,55084,121700
'15JS',13903,55084,122600
'15JS',13903,55084,123500
'15JS',13903,55084,124400
'15JS',13903,55084,125100
'15JS',13903,55084,125800
'15JS',13903,55084,130600
'15JS',13903,55084,131400
'15JS',13903,55084,132100
'15JS',13903,55084,132800
'15JS',13903,55084,133600
'15JS',13903,55084,134500
'15JS',13903,55084,135400
'15JS',13903,55084,140200
'15JS',13903,55084,140900
'15JS',13903,55084,141600
'15JS',13903,55084,142300
'15JS',13903,55084,143000
'15JS',13903,55084,143800
'15JS',13903,55084,144600
'15JS',13903,55084,145200
'15JS',13903,55084,145800
'15JS',13903,55084,150400
'15JS',13903,55084,151000
'15JS',13903,55084,151700
'15JS',13903,55084,152400
'15JS',13903,55084,153100
'15JS',13903,55084,153600
'15JS',13903,55084,154200
'15JS',13903,55084,154900
'15JS',13903,55084,155600
'15JS',13903,55084,160400
'15JS',13903,55084,161200
'15JS',13903,55084,161900
'15JS',13903,55084,162600
'15JS',13903,55084,163400
'15JS',13903,55084,164200
'15JS',13903,55084,164900
'15JS',13903,55084,165600
'15JS',13903,55084,170300
'15JS',13903,55084,171100
'15JS',13903,55084,171900
'15JS',13903,55084,172800
'15JS',13903,55084,173600
'15JS',13903,55084,174600
'15JS',13903,55084,175400
'15JS',13903,55084,180000
'15JS',13903,55084,180800
'15JS',13903,55084,181500
'15JS',13903,55084,182500
'15JS',13903,55084,183500
'15JS',13903,55084,184500
'15JS',13903,55084,185500
'15JS',13903,55084,190400
'15JS',13903,55084,191100
'15JS',13903,55084,191400
'15JS',13903,55084,192100
'15JS',13903,55084,192700
'15JS',13903,55084,193300
'15JS',13903,55084,193700
'15JS',13903,55084,194300
'15JS',13903,55084,194900
'15JS',13903,55084,195700
'15JS',13903,55084,200400
'15JS',13903,55084,201100
'15JS',13903,55084,201900
'15JS',13903,55084,202600
'15JS',13903,55084,203400
'15JS',13903,55084,204100
'15JS',13903,55084,204900
'15JS',13903,55084,205600
'15JS',13903,55084,210300
'15JS',13903,55084,211000
'15JS',13903,55084,211700
'15JS',13903,55084,212400
'15JS',13903,55084,213200
'15JS',13903,55084,213900
'15JS',13903,55084,214600
'15JS',13903,55084,215200
'15JS',13903,55084,215800
'15JS',13903,55084,220400
'15JS',13903,55084,221100
'15JS',13903,55084,221700
'15JS',13903,55084,222400
'15JS',13903,55084,223200
'15JS',13903,55084,224000
'15JS',13903,55084,224800
'15JS',13903,55084,225400
'15JS',13903,55084,230200
'15JS',13903,55084,230800
'15JS',13903,55084,231800
'15JS',13903,55084,232800
'15JS',13903,55084,233800
'15JS',13903,55084,235300
'15JS',13903,55084,240800
'15JS',13903,55084,242300
'15JS',13903,55084,243700
'15JS',13903,55084,244900
'15JS',13903,55084,250400
'15JS',13903,55084,252200
'15JS',13903,55084,254000
'15JS',13903,55084,260900
'15JA',35503,55084,262000
'15JA',35503,55084,265000
'15JA',35503,55084,271600
'15JA',35503,55084,274200
'15JA',35503,55084,280800
'15JA',35503,55084,283700
'15JA',35503,55084,291300
'15JA',35503,55084,294300
'15JI',35503,55084,261400
'15JI',35503,55084,265900
'15JI',35503,55084,274400
'15JI',35503,55084,282900
'15JI',35503,55084,291400
'15JI',35503,55084,294000
'15JS',35503,55084,261500
'15JS',35503,55084,270000
'15JS',35503,55084,274500
'15JS',35503,55084,283000
'15JS',35503,55084,290800
'15JS',35503,55084,294100
