'14NA',9502,51535,52000
'14NA',9502,51535,55000
'14NA',9502,51535,62000
'14NA',9502,51535,65000
'14NA',9502,51535,72200
'14NA',9502,51535,75400
'14NA',9502,51535,82300
'14NA',9502,51535,85000
'14NA',9502,51535,91600
'14NA',9502,51535,94500
'14NA',9502,51535,101400
'14NA',9502,51535,104600
'14NA',9502,51535,111600
'14NA',9502,51535,114500
'14NA',9502,51535,121500
'14NA',9502,51535,124500
'14NA',9502,51535,130100
'14NA',9502,51535,131600
'14NA',9502,51535,133100
'14NA',9502,51535,134700
'14NA',9502,51535,140200
'14NA',9502,51535,141600
'14NA',9502,51535,143000
'14NA',9502,51535,144500
'14NA',9502,51535,145900
'14NA',9502,51535,151400
'14NA',9502,51535,153200
'14NA',9502,51535,155100
'14NA',9502,51535,161000
'14NA',9502,51535,162700
'14NA',9502,51535,164100
'14NA',9502,51535,165600
'14NA',9502,51535,171100
'14NA',9502,51535,172600
'14NA',9502,51535,174100
'14NA',9502,51535,175600
'14NA',9502,51535,182000
'14NA',9502,51535,184600
'14NA',9502,51535,191200
'14NA',9502,51535,193800
'14NA',9502,51535,201000
'14NA',9502,51535,204300
'14NA',9502,51535,211600
'14NA',9502,51535,214900
'14NA',9502,51535,222200
'14NA',9502,51535,225500
'14NA',9502,51535,232800
'14NA',9502,51535,240000
'14NA',9502,51535,243200
'14NA',9502,51535,250500
'14NA',9502,51535,253900
'14NF1',9502,51535,51700
'14NF1',9502,51535,54800
'14NF1',9502,51535,61800
'14NF1',9502,51535,64800
'14NF1',9502,51535,71800
'14NF1',9502,51535,75000
'14NF1',9502,51535,82000
'14NF1',9502,51535,85000
'14NF1',9502,51535,92400
'14NF1',9502,51535,95600
'14NF1',9502,51535,101600
'14NF1',9502,51535,103600
'14NF1',9502,51535,105600
'14NF1',9502,51535,111600
'14NF1',9502,51535,113600
'14NF1',9502,51535,115600
'14NF1',9502,51535,121600
'14NF1',9502,51535,123600
'14NF1',9502,51535,125800
'14NF1',9502,51535,131800
'14NF1',9502,51535,133800
'14NF1',9502,51535,135900
'14NF1',9502,51535,142000
'14NF1',9502,51535,144000
'14NF1',9502,51535,150000
'14NF1',9502,51535,152100
'14NF1',9502,51535,154200
'14NF1',9502,51535,160300
'14NF1',9502,51535,162300
'14NF1',9502,51535,164300
'14NF1',9502,51535,170300
'14NF1',9502,51535,172300
'14NF1',9502,51535,174300
'14NF1',9502,51535,180100
'14NF1',9502,51535,182200
'14NF1',9502,51535,184500
'14NF1',9502,51535,191500
'14NF1',9502,51535,194700
'14NF1',9502,51535,201900
'14NF1',9502,51535,205100
'14NF1',9502,51535,212300
'14NF1',9502,51535,215500
'14NF1',9502,51535,222700
'14NF1',9502,51535,225900
'14NF1',9502,51535,233000
'14NF1',9502,51535,240000
'14NF1',9502,51535,243100
'14NF1',9502,51535,250300
'14NF2',9502,51535,52000
'14NF2',9502,51535,55000
'14NF2',9502,51535,62000
'14NF2',9502,51535,65000
'14NF2',9502,51535,72200
'14NF2',9502,51535,75400
'14NF2',9502,51535,82300
'14NF2',9502,51535,85000
'14NF2',9502,51535,91600
'14NF2',9502,51535,94500
'14NF2',9502,51535,101400
'14NF2',9502,51535,104600
'14NF2',9502,51535,111600
'14NF2',9502,51535,114500
'14NF2',9502,51535,121500
'14NF2',9502,51535,124500
'14NF2',9502,51535,130100
'14NF2',9502,51535,131600
'14NF2',9502,51535,133100
'14NF2',9502,51535,134700
'14NF2',9502,51535,140200
'14NF2',9502,51535,141600
'14NF2',9502,51535,143000
'14NF2',9502,51535,144500
'14NF2',9502,51535,145900
'14NF2',9502,51535,151400
'14NF2',9502,51535,153200
'14NF2',9502,51535,155100
'14NF2',9502,51535,161000
'14NF2',9502,51535,162700
'14NF2',9502,51535,164100
'14NF2',9502,51535,165600
'14NF2',9502,51535,171100
'14NF2',9502,51535,172600
'14NF2',9502,51535,174100
'14NF2',9502,51535,175600
'14NF2',9502,51535,182000
'14NF2',9502,51535,184600
'14NF2',9502,51535,191200
'14NF2',9502,51535,193800
'14NF2',9502,51535,201000
'14NF2',9502,51535,204300
'14NF2',9502,51535,211600
'14NF2',9502,51535,214900
'14NF2',9502,51535,222200
'14NF2',9502,51535,225500
'14NF2',9502,51535,232800
'14NF2',9502,51535,240000
'14NF2',9502,51535,243200
'14NF2',9502,51535,250400
'14NF3',9502,51535,51700
'14NF3',9502,51535,54800
'14NF3',9502,51535,61800
'14NF3',9502,51535,64800
'14NF3',9502,51535,71800
'14NF3',9502,51535,75000
'14NF3',9502,51535,82000
'14NF3',9502,51535,85000
'14NF3',9502,51535,92400
'14NF3',9502,51535,95600
'14NF3',9502,51535,101600
'14NF3',9502,51535,103600
'14NF3',9502,51535,105600
'14NF3',9502,51535,111600
'14NF3',9502,51535,113600
'14NF3',9502,51535,115600
'14NF3',9502,51535,121600
'14NF3',9502,51535,123600
'14NF3',9502,51535,125800
'14NF3',9502,51535,131800
'14NF3',9502,51535,133800
'14NF3',9502,51535,135900
'14NF3',9502,51535,142000
'14NF3',9502,51535,144000
'14NF3',9502,51535,150000
'14NF3',9502,51535,152100
'14NF3',9502,51535,154200
'14NF3',9502,51535,160300
'14NF3',9502,51535,162300
'14NF3',9502,51535,164300
'14NF3',9502,51535,170300
'14NF3',9502,51535,172300
'14NF3',9502,51535,174300
'14NF3',9502,51535,180100
'14NF3',9502,51535,182200
'14NF3',9502,51535,184500
'14NF3',9502,51535,191500
'14NF3',9502,51535,194700
'14NF3',9502,51535,201900
'14NF3',9502,51535,205100
'14NF3',9502,51535,212300
'14NF3',9502,51535,215500
'14NF3',9502,51535,222700
'14NF3',9502,51535,225900
'14NF3',9502,51535,233000
'14NF3',9502,51535,240000
'14NF3',9502,51535,243100
'14NF3',9502,51535,250300
'14NF4',9502,51535,52000
'14NF4',9502,51535,55000
'14NF4',9502,51535,62000
'14NF4',9502,51535,65000
'14NF4',9502,51535,72200
'14NF4',9502,51535,75400
'14NF4',9502,51535,82300
'14NF4',9502,51535,85000
'14NF4',9502,51535,91600
'14NF4',9502,51535,94500
'14NF4',9502,51535,101400
'14NF4',9502,51535,104600
'14NF4',9502,51535,111600
'14NF4',9502,51535,114500
'14NF4',9502,51535,121500
'14NF4',9502,51535,124500
'14NF4',9502,51535,130100
'14NF4',9502,51535,131600
'14NF4',9502,51535,133100
'14NF4',9502,51535,134700
'14NF4',9502,51535,140200
'14NF4',9502,51535,141600
'14NF4',9502,51535,143000
'14NF4',9502,51535,144500
'14NF4',9502,51535,145900
'14NF4',9502,51535,151400
'14NF4',9502,51535,153200
'14NF4',9502,51535,155100
'14NF4',9502,51535,161000
'14NF4',9502,51535,162700
'14NF4',9502,51535,164100
'14NF4',9502,51535,165600
'14NF4',9502,51535,171100
'14NF4',9502,51535,172600
'14NF4',9502,51535,174100
'14NF4',9502,51535,175600
'14NF4',9502,51535,182000
'14NF4',9502,51535,184600
'14NF4',9502,51535,191200
'14NF4',9502,51535,193800
'14NF4',9502,51535,201000
'14NF4',9502,51535,204300
'14NF4',9502,51535,211600
'14NF4',9502,51535,214900
'14NF4',9502,51535,222200
'14NF4',9502,51535,225500
'14NF4',9502,51535,232800
'14NF4',9502,51535,240000
'14NF4',9502,51535,243200
'14NF4',9502,51535,250400
'14NI',9502,51535,51700
'14NI',9502,51535,54800
'14NI',9502,51535,61800
'14NI',9502,51535,64800
'14NI',9502,51535,71800
'14NI',9502,51535,75000
'14NI',9502,51535,82000
'14NI',9502,51535,85000
'14NI',9502,51535,92400
'14NI',9502,51535,95600
'14NI',9502,51535,101600
'14NI',9502,51535,103600
'14NI',9502,51535,105600
'14NI',9502,51535,111600
'14NI',9502,51535,113600
'14NI',9502,51535,115600
'14NI',9502,51535,121600
'14NI',9502,51535,123600
'14NI',9502,51535,125800
'14NI',9502,51535,131800
'14NI',9502,51535,133800
'14NI',9502,51535,135900
'14NI',9502,51535,142000
'14NI',9502,51535,144000
'14NI',9502,51535,150000
'14NI',9502,51535,152100
'14NI',9502,51535,154200
'14NI',9502,51535,160300
'14NI',9502,51535,162300
'14NI',9502,51535,164300
'14NI',9502,51535,170300
'14NI',9502,51535,172300
'14NI',9502,51535,174300
'14NI',9502,51535,180100
'14NI',9502,51535,182200
'14NI',9502,51535,184500
'14NI',9502,51535,191500
'14NI',9502,51535,194700
'14NI',9502,51535,201900
'14NI',9502,51535,205100
'14NI',9502,51535,212300
'14NI',9502,51535,215500
'14NI',9502,51535,222700
'14NI',9502,51535,225900
'14NI',9502,51535,233000
'14NI',9502,51535,240000
'14NI',9502,51535,243100
'14NI',9502,51535,250300
'14NS',9502,51535,52200
'14NS',9502,51535,54800
'14NS',9502,51535,61600
'14NS',9502,51535,64300
'14NS',9502,51535,71600
'14NS',9502,51535,73400
'14NS',9502,51535,75100
'14NS',9502,51535,80600
'14NS',9502,51535,82200
'14NS',9502,51535,83900
'14NS',9502,51535,90000
'14NS',9502,51535,92000
'14NS',9502,51535,94200
'14NS',9502,51535,100400
'14NS',9502,51535,102500
'14NS',9502,51535,104500
'14NS',9502,51535,110400
'14NS',9502,51535,112300
'14NS',9502,51535,114200
'14NS',9502,51535,115800
'14NS',9502,51535,121300
'14NS',9502,51535,122900
'14NS',9502,51535,124800
'14NS',9502,51535,130700
'14NS',9502,51535,132400
'14NS',9502,51535,134100
'14NS',9502,51535,135600
'14NS',9502,51535,141100
'14NS',9502,51535,142600
'14NS',9502,51535,144100
'14NS',9502,51535,145900
'14NS',9502,51535,151700
'14NS',9502,51535,153500
'14NS',9502,51535,155400
'14NS',9502,51535,161200
'14NS',9502,51535,162700
'14NS',9502,51535,164100
'14NS',9502,51535,165500
'14NS',9502,51535,171800
'14NS',9502,51535,174200
'14NS',9502,51535,180500
'14NS',9502,51535,182700
'14NS',9502,51535,184800
'14NS',9502,51535,191600
'14NS',9502,51535,194800
'14NS',9502,51535,201700
'14NS',9502,51535,204800
'14NS',9502,51535,212100
'14NS',9502,51535,215300
'14NS',9502,51535,222600
'14NS',9502,51535,225900
'14NS',9502,51535,233200
'14NS',9502,51535,240200
'14NS',9502,51535,243300
'14NS',9502,51535,250400
