'14UA',12903,59309,61800
'14UA',12903,59309,70000
'14UA',12903,59309,74100
'14UA',12903,59309,81000
'14UA',12903,59309,83900
'14UA',12903,59309,90800
'14UA',12903,59309,93700
'14UA',12903,59309,100600
'14UA',12903,59309,103500
'14UA',12903,59309,110500
'14UA',12903,59309,113600
'14UA',12903,59309,120700
'14UA',12903,59309,123800
'14UA',12903,59309,130900
'14UA',12903,59309,134000
'14UA',12903,59309,141100
'14UA',12903,59309,144300
'14UA',12903,59309,151500
'14UA',12903,59309,154600
'14UA',12903,59309,161700
'14UA',12903,59309,164200
'14UA',12903,59309,170600
'14UA',12903,59309,172900
'14UA',12903,59309,175100
'14UA',12903,59309,181400
'14UA',12903,59309,183700
'14UA',12903,59309,190000
'14UA',12903,59309,192500
'14UA',12904,59309,65200
'14UA',12904,59309,73400
'14UA',12904,59309,80500
'14UA',12904,59309,83500
'14UA',12904,59309,90300
'14UA',12904,59309,93100
'14UA',12904,59309,100100
'14UA',12904,59309,103100
'14UA',12904,59309,110100
'14UA',12904,59309,113000
'14UA',12904,59309,120000
'14UA',12904,59309,123100
'14UA',12904,59309,130200
'14UA',12904,59309,133200
'14UA',12904,59309,135000
'14UA',12904,59309,140600
'14UA',12904,59309,142200
'14UA',12904,59309,143900
'14UA',12904,59309,151000
'14UA',12904,59309,154100
'14UA',12904,59309,161200
'14UA',12904,59309,164400
'14UA',12904,59309,171600
'14UA',12904,59309,174600
'14UA',12904,59309,181000
'14UA',12904,59309,183300
'14UA',12904,59309,185600
'14UA',12904,59309,191800
'14UA',12904,59309,193900
'14UA',12904,59309,200100
'14UA',12904,59309,202300
'14UA',12904,59309,204300
'14UA',12904,59309,211000
'14UA',12904,59309,213700
'14UA',12904,59309,221100
'14UA',12904,59309,225000
'14UA',12904,59309,232900
'14UA',12904,59309,240500
'14UA',12904,59309,244500
'14UA',12904,59309,252700
'14UA',12904,59309,260900
'14UF1',12903,59309,60900
'14UF1',12903,59309,64900
'14UF1',12903,59309,72900
'14UF1',12903,59309,80900
'14UF1',12903,59309,85000
'14UF1',12903,59309,93000
'14UF1',12903,59309,100200
'14UF1',12903,59309,103300
'14UF1',12903,59309,110400
'14UF1',12903,59309,113600
'14UF1',12903,59309,120900
'14UF1',12903,59309,123400
'14UF1',12903,59309,125900
'14UF1',12903,59309,132500
'14UF1',12903,59309,135000
'14UF1',12903,59309,141200
'14UF1',12903,59309,143500
'14UF1',12903,59309,145800
'14UF1',12903,59309,152100
'14UF1',12903,59309,154300
'14UF1',12903,59309,160600
'14UF1',12903,59309,162900
'14UF1',12903,59309,165200
'14UF1',12903,59309,171400
'14UF1',12903,59309,173600
'14UF1',12903,59309,175800
'14UF1',12903,59309,182000
'14UF1',12903,59309,184300
'14UF1',12903,59309,190500
'14UF1',12904,59309,64200
'14UF1',12904,59309,72300
'14UF1',12904,59309,80400
'14UF1',12904,59309,84500
'14UF1',12904,59309,92600
'14UF1',12904,59309,95800
'14UF1',12904,59309,102900
'14UF1',12904,59309,110000
'14UF1',12904,59309,111500
'14UF1',12904,59309,113000
'14UF1',12904,59309,114600
'14UF1',12904,59309,120500
'14UF1',12904,59309,122400
'14UF1',12904,59309,124300
'14UF1',12904,59309,130200
'14UF1',12904,59309,131700
'14UF1',12904,59309,133100
'14UF1',12904,59309,134600
'14UF1',12904,59309,140800
'14UF1',12904,59309,143100
'14UF1',12904,59309,145400
'14UF1',12904,59309,151700
'14UF1',12904,59309,153900
'14UF1',12904,59309,160200
'14UF1',12904,59309,162500
'14UF1',12904,59309,164800
'14UF1',12904,59309,171000
'14UF1',12904,59309,173100
'14UF1',12904,59309,175400
'14UF1',12904,59309,181600
'14UF1',12904,59309,183700
'14UF1',12904,59309,185800
'14UF1',12904,59309,191800
'14UF1',12904,59309,193900
'14UF1',12904,59309,200900
'14UF1',12904,59309,205000
'14UF1',12904,59309,213200
'14UF1',12904,59309,221100
'14UF1',12904,59309,225000
'14UF1',12904,59309,232800
'14UF1',12904,59309,240800
'14UF1',12904,59309,244700
'14UF1',12904,59309,252800
'14UF2',12903,59309,60900
'14UF2',12903,59309,64900
'14UF2',12903,59309,72900
'14UF2',12903,59309,80900
'14UF2',12903,59309,85000
'14UF2',12903,59309,93000
'14UF2',12903,59309,100200
'14UF2',12903,59309,103300
'14UF2',12903,59309,110400
'14UF2',12903,59309,113600
'14UF2',12903,59309,120900
'14UF2',12903,59309,123400
'14UF2',12903,59309,125900
'14UF2',12903,59309,132500
'14UF2',12903,59309,135000
'14UF2',12903,59309,141200
'14UF2',12903,59309,143500
'14UF2',12903,59309,145800
'14UF2',12903,59309,152100
'14UF2',12903,59309,154300
'14UF2',12903,59309,160600
'14UF2',12903,59309,162900
'14UF2',12903,59309,165200
'14UF2',12903,59309,171400
'14UF2',12903,59309,173600
'14UF2',12903,59309,175800
'14UF2',12903,59309,182000
'14UF2',12903,59309,184300
'14UF2',12903,59309,190500
'14UF2',12904,59309,64200
'14UF2',12904,59309,72300
'14UF2',12904,59309,80400
'14UF2',12904,59309,84500
'14UF2',12904,59309,92600
'14UF2',12904,59309,95800
'14UF2',12904,59309,102900
'14UF2',12904,59309,110000
'14UF2',12904,59309,111500
'14UF2',12904,59309,113000
'14UF2',12904,59309,114600
'14UF2',12904,59309,120500
'14UF2',12904,59309,122400
'14UF2',12904,59309,124300
'14UF2',12904,59309,130200
'14UF2',12904,59309,131700
'14UF2',12904,59309,133100
'14UF2',12904,59309,134600
'14UF2',12904,59309,140800
'14UF2',12904,59309,143100
'14UF2',12904,59309,145400
'14UF2',12904,59309,151700
'14UF2',12904,59309,153900
'14UF2',12904,59309,160200
'14UF2',12904,59309,162500
'14UF2',12904,59309,164800
'14UF2',12904,59309,171000
'14UF2',12904,59309,173100
'14UF2',12904,59309,175400
'14UF2',12904,59309,181600
'14UF2',12904,59309,183700
'14UF2',12904,59309,185800
'14UF2',12904,59309,191800
'14UF2',12904,59309,193900
'14UF2',12904,59309,200900
'14UF2',12904,59309,205000
'14UF2',12904,59309,213200
'14UF2',12904,59309,221100
'14UF2',12904,59309,225000
'14UF2',12904,59309,232800
'14UF2',12904,59309,240800
'14UF2',12904,59309,244700
'14UF2',12904,59309,252800
'14UI',12903,59309,60900
'14UI',12903,59309,64900
'14UI',12903,59309,72900
'14UI',12903,59309,80900
'14UI',12903,59309,85000
'14UI',12903,59309,93000
'14UI',12903,59309,100200
'14UI',12903,59309,103300
'14UI',12903,59309,110400
'14UI',12903,59309,113600
'14UI',12903,59309,120900
'14UI',12903,59309,123400
'14UI',12903,59309,125900
'14UI',12903,59309,132500
'14UI',12903,59309,135000
'14UI',12903,59309,141200
'14UI',12903,59309,143500
'14UI',12903,59309,145800
'14UI',12903,59309,152100
'14UI',12903,59309,154300
'14UI',12903,59309,160600
'14UI',12903,59309,162900
'14UI',12903,59309,165200
'14UI',12903,59309,171400
'14UI',12903,59309,173600
'14UI',12903,59309,175800
'14UI',12903,59309,182000
'14UI',12903,59309,184300
'14UI',12903,59309,190500
'14UI',12904,59309,64200
'14UI',12904,59309,72300
'14UI',12904,59309,80400
'14UI',12904,59309,84500
'14UI',12904,59309,92600
'14UI',12904,59309,95800
'14UI',12904,59309,102900
'14UI',12904,59309,110000
'14UI',12904,59309,111500
'14UI',12904,59309,113000
'14UI',12904,59309,114600
'14UI',12904,59309,120500
'14UI',12904,59309,122400
'14UI',12904,59309,124300
'14UI',12904,59309,130200
'14UI',12904,59309,131700
'14UI',12904,59309,133100
'14UI',12904,59309,134600
'14UI',12904,59309,140800
'14UI',12904,59309,143100
'14UI',12904,59309,145400
'14UI',12904,59309,151700
'14UI',12904,59309,153900
'14UI',12904,59309,160200
'14UI',12904,59309,162500
'14UI',12904,59309,164800
'14UI',12904,59309,171000
'14UI',12904,59309,173100
'14UI',12904,59309,175400
'14UI',12904,59309,181600
'14UI',12904,59309,183700
'14UI',12904,59309,185800
'14UI',12904,59309,191800
'14UI',12904,59309,193900
'14UI',12904,59309,200900
'14UI',12904,59309,205000
'14UI',12904,59309,213200
'14UI',12904,59309,221100
'14UI',12904,59309,225000
'14UI',12904,59309,232800
'14UI',12904,59309,240800
'14UI',12904,59309,244700
'14UI',12904,59309,252800
'14US',12903,59309,60000
'14US',12903,59309,64000
'14US',12903,59309,70900
'14US',12903,59309,73300
'14US',12903,59309,75700
'14US',12903,59309,82000
'14US',12903,59309,84300
'14US',12903,59309,90500
'14US',12903,59309,92700
'14US',12903,59309,95000
'14US',12903,59309,101300
'14US',12903,59309,103600
'14US',12903,59309,105900
'14US',12903,59309,112200
'14US',12903,59309,114300
'14US',12903,59309,120400
'14US',12903,59309,123300
'14US',12903,59309,130300
'14US',12903,59309,133400
'14US',12903,59309,140500
'14US',12903,59309,142600
'14US',12903,59309,144500
'14US',12903,59309,150100
'14US',12903,59309,151800
'14US',12903,59309,153500
'14US',12903,59309,155200
'14US',12903,59309,160900
'14US',12903,59309,162900
'14US',12903,59309,165100
'14US',12903,59309,171300
'14US',12903,59309,173400
'14US',12903,59309,175500
'14US',12903,59309,181600
'14US',12903,59309,183900
'14US',12903,59309,190200
'14US',12903,59309,192500
'14US',12904,59309,63600
'14US',12904,59309,70500
'14US',12904,59309,72900
'14US',12904,59309,75200
'14US',12904,59309,81000
'14US',12904,59309,82200
'14US',12904,59309,83300
'14US',12904,59309,84200
'14US',12904,59309,85000
'14US',12904,59309,90000
'14US',12904,59309,91100
'14US',12904,59309,92200
'14US',12904,59309,93500
'14US',12904,59309,95100
'14US',12904,59309,100800
'14US',12904,59309,102600
'14US',12904,59309,104300
'14US',12904,59309,110000
'14US',12904,59309,111700
'14US',12904,59309,113500
'14US',12904,59309,115500
'14US',12904,59309,121600
'14US',12904,59309,123700
'14US',12904,59309,125800
'14US',12904,59309,131900
'14US',12904,59309,134000
'14US',12904,59309,140000
'14US',12904,59309,141900
'14US',12904,59309,144000
'14US',12904,59309,150500
'14US',12904,59309,153000
'14US',12904,59309,155600
'14US',12904,59309,162200
'14US',12904,59309,164600
'14US',12904,59309,170800
'14US',12904,59309,172900
'14US',12904,59309,175000
'14US',12904,59309,181100
'14US',12904,59309,183400
'14US',12904,59309,185700
'14US',12904,59309,192100
'14US',12904,59309,194500
'14US',12904,59309,200900
'14US',12904,59309,203800
'14US',12904,59309,210900
'14US',12904,59309,213900
'14US',12904,59309,220900
'14US',12904,59309,223800
'14US',12904,59309,230700
'14US',12904,59309,233600
'14US',12904,59309,240600
'14US',12904,59309,244800
'14US',12904,59309,253200
