'14SA',5101,51267,53800
'14SA',5101,51267,61000
'14SA',5101,51267,64000
'14SA',5101,51267,65900
'14SA',5101,51267,71800
'14SA',5101,51267,73700
'14SA',5101,51267,75000
'14SA',5101,51267,80000
'14SA',5101,51267,81000
'14SA',5101,51267,82000
'14SA',5101,51267,83000
'14SA',5101,51267,83900
'14SA',5101,51267,84400
'14SA',5101,51267,84800
'14SA',5101,51267,85300
'14SA',5101,51267,85800
'14SA',5101,51267,90400
'14SA',5101,51267,90900
'14SA',5101,51267,91400
'14SA',5101,51267,92000
'14SA',5101,51267,92700
'14SA',5101,51267,93400
'14SA',5101,51267,94000
'14SA',5101,51267,94600
'14SA',5101,51267,95200
'14SA',5101,51267,95700
'14SA',5101,51267,100300
'14SA',5101,51267,100900
'14SA',5101,51267,101600
'14SA',5101,51267,102300
'14SA',5101,51267,103100
'14SA',5101,51267,103900
'14SA',5101,51267,104600
'14SA',5101,51267,105300
'14SA',5101,51267,110000
'14SA',5101,51267,110700
'14SA',5101,51267,111400
'14SA',5101,51267,112100
'14SA',5101,51267,112800
'14SA',5101,51267,113500
'14SA',5101,51267,114200
'14SA',5101,51267,114800
'14SA',5101,51267,115400
'14SA',5101,51267,120100
'14SA',5101,51267,120700
'14SA',5101,51267,121200
'14SA',5101,51267,121700
'14SA',5101,51267,122400
'14SA',5101,51267,123000
'14SA',5101,51267,123700
'14SA',5101,51267,124400
'14SA',5101,51267,125100
'14SA',5101,51267,125800
'14SA',5101,51267,130400
'14SA',5101,51267,130900
'14SA',5101,51267,131400
'14SA',5101,51267,131800
'14SA',5101,51267,132200
'14SA',5101,51267,132800
'14SA',5101,51267,133400
'14SA',5101,51267,134000
'14SA',5101,51267,134700
'14SA',5101,51267,135500
'14SA',5101,51267,140300
'14SA',5101,51267,141100
'14SA',5101,51267,141800
'14SA',5101,51267,142500
'14SA',5101,51267,143300
'14SA',5101,51267,143900
'14SA',5101,51267,144600
'14SA',5101,51267,145300
'14SA',5101,51267,150000
'14SA',5101,51267,150800
'14SA',5101,51267,151500
'14SA',5101,51267,152200
'14SA',5101,51267,152900
'14SA',5101,51267,153500
'14SA',5101,51267,154100
'14SA',5101,51267,154700
'14SA',5101,51267,155500
'14SA',5101,51267,160200
'14SA',5101,51267,160900
'14SA',5101,51267,161700
'14SA',5101,51267,162500
'14SA',5101,51267,163300
'14SA',5101,51267,164100
'14SA',5101,51267,165100
'14SA',5101,51267,170100
'14SA',5101,51267,171000
'14SA',5101,51267,171800
'14SA',5101,51267,172600
'14SA',5101,51267,173400
'14SA',5101,51267,174400
'14SA',5101,51267,175200
'14SA',5101,51267,180000
'14SA',5101,51267,180900
'14SA',5101,51267,181900
'14SA',5101,51267,182900
'14SA',5101,51267,183800
'14SA',5101,51267,184800
'14SA',5101,51267,185800
'14SA',5101,51267,190800
'14SA',5101,51267,191900
'14SA',5101,51267,193100
'14SA',5101,51267,194700
'14SA',5101,51267,200400
'14SA',5101,51267,202100
'14SA',5101,51267,203700
'14SA',5101,51267,205300
'14SA',5101,51267,211100
'14SA',5101,51267,212800
'14SA',5101,51267,214700
'14SA',5101,51267,220600
'14SA',5101,51267,222500
'14SA',5101,51267,224300
'14SA',5101,51267,230100
'14SA',5101,51267,233000
'14SA',5101,51267,235900
'14SA',5101,51267,243000
'14SA',5101,51267,250000
'14SA',5101,51267,252800
'14SA',5101,51267,255600
'14SF1',5101,51267,53400
'14SF1',5101,51267,60400
'14SF1',5101,51267,63500
'14SF1',5101,51267,70600
'14SF1',5101,51267,73700
'14SF1',5101,51267,75900
'14SF1',5101,51267,81500
'14SF1',5101,51267,82700
'14SF1',5101,51267,83800
'14SF1',5101,51267,84900
'14SF1',5101,51267,85900
'14SF1',5101,51267,90900
'14SF1',5101,51267,92000
'14SF1',5101,51267,93100
'14SF1',5101,51267,94100
'14SF1',5101,51267,94900
'14SF1',5101,51267,95600
'14SF1',5101,51267,100400
'14SF1',5101,51267,101200
'14SF1',5101,51267,101900
'14SF1',5101,51267,102600
'14SF1',5101,51267,103300
'14SF1',5101,51267,103900
'14SF1',5101,51267,104400
'14SF1',5101,51267,105100
'14SF1',5101,51267,105800
'14SF1',5101,51267,110500
'14SF1',5101,51267,111100
'14SF1',5101,51267,111700
'14SF1',5101,51267,112300
'14SF1',5101,51267,112800
'14SF1',5101,51267,113400
'14SF1',5101,51267,114000
'14SF1',5101,51267,114500
'14SF1',5101,51267,115100
'14SF1',5101,51267,115800
'14SF1',5101,51267,120400
'14SF1',5101,51267,121000
'14SF1',5101,51267,121600
'14SF1',5101,51267,122100
'14SF1',5101,51267,122700
'14SF1',5101,51267,123400
'14SF1',5101,51267,124000
'14SF1',5101,51267,124600
'14SF1',5101,51267,125200
'14SF1',5101,51267,125800
'14SF1',5101,51267,130400
'14SF1',5101,51267,131000
'14SF1',5101,51267,131700
'14SF1',5101,51267,132500
'14SF1',5101,51267,133300
'14SF1',5101,51267,134100
'14SF1',5101,51267,134800
'14SF1',5101,51267,135400
'14SF1',5101,51267,140000
'14SF1',5101,51267,140700
'14SF1',5101,51267,141500
'14SF1',5101,51267,142200
'14SF1',5101,51267,142900
'14SF1',5101,51267,143600
'14SF1',5101,51267,144400
'14SF1',5101,51267,145000
'14SF1',5101,51267,145600
'14SF1',5101,51267,150200
'14SF1',5101,51267,150800
'14SF1',5101,51267,151400
'14SF1',5101,51267,152100
'14SF1',5101,51267,152800
'14SF1',5101,51267,153400
'14SF1',5101,51267,154100
'14SF1',5101,51267,154700
'14SF1',5101,51267,155400
'14SF1',5101,51267,160200
'14SF1',5101,51267,161100
'14SF1',5101,51267,162100
'14SF1',5101,51267,163200
'14SF1',5101,51267,164300
'14SF1',5101,51267,165400
'14SF1',5101,51267,170400
'14SF1',5101,51267,171300
'14SF1',5101,51267,172100
'14SF1',5101,51267,173000
'14SF1',5101,51267,174100
'14SF1',5101,51267,175300
'14SF1',5101,51267,180500
'14SF1',5101,51267,181700
'14SF1',5101,51267,183000
'14SF1',5101,51267,184700
'14SF1',5101,51267,190500
'14SF1',5101,51267,192200
'14SF1',5101,51267,194100
'14SF1',5101,51267,200000
'14SF1',5101,51267,202100
'14SF1',5101,51267,204100
'14SF1',5101,51267,210100
'14SF1',5101,51267,212100
'14SF1',5101,51267,214800
'14SF1',5101,51267,221600
'14SF1',5101,51267,224700
'14SF1',5101,51267,231800
'14SF1',5101,51267,234900
'14SF1',5101,51267,242100
'14SF1',5101,51267,245200
'14SF1',5101,51267,252700
'14SF2',5101,51267,53800
'14SF2',5101,51267,61000
'14SF2',5101,51267,64000
'14SF2',5101,51267,65900
'14SF2',5101,51267,71800
'14SF2',5101,51267,73700
'14SF2',5101,51267,75000
'14SF2',5101,51267,80000
'14SF2',5101,51267,81000
'14SF2',5101,51267,82000
'14SF2',5101,51267,83000
'14SF2',5101,51267,83900
'14SF2',5101,51267,84400
'14SF2',5101,51267,84800
'14SF2',5101,51267,85300
'14SF2',5101,51267,85800
'14SF2',5101,51267,90400
'14SF2',5101,51267,90900
'14SF2',5101,51267,91400
'14SF2',5101,51267,92000
'14SF2',5101,51267,92700
'14SF2',5101,51267,93400
'14SF2',5101,51267,94000
'14SF2',5101,51267,94600
'14SF2',5101,51267,95200
'14SF2',5101,51267,95700
'14SF2',5101,51267,100300
'14SF2',5101,51267,100900
'14SF2',5101,51267,101600
'14SF2',5101,51267,102300
'14SF2',5101,51267,103100
'14SF2',5101,51267,103900
'14SF2',5101,51267,104600
'14SF2',5101,51267,105300
'14SF2',5101,51267,110000
'14SF2',5101,51267,110700
'14SF2',5101,51267,111400
'14SF2',5101,51267,112100
'14SF2',5101,51267,112800
'14SF2',5101,51267,113500
'14SF2',5101,51267,114200
'14SF2',5101,51267,114800
'14SF2',5101,51267,115400
'14SF2',5101,51267,120100
'14SF2',5101,51267,120700
'14SF2',5101,51267,121200
'14SF2',5101,51267,121700
'14SF2',5101,51267,122400
'14SF2',5101,51267,123000
'14SF2',5101,51267,123700
'14SF2',5101,51267,124400
'14SF2',5101,51267,125100
'14SF2',5101,51267,125800
'14SF2',5101,51267,130400
'14SF2',5101,51267,130900
'14SF2',5101,51267,131400
'14SF2',5101,51267,131800
'14SF2',5101,51267,132200
'14SF2',5101,51267,132800
'14SF2',5101,51267,133400
'14SF2',5101,51267,134000
'14SF2',5101,51267,134700
'14SF2',5101,51267,135500
'14SF2',5101,51267,140300
'14SF2',5101,51267,141100
'14SF2',5101,51267,141800
'14SF2',5101,51267,142500
'14SF2',5101,51267,143300
'14SF2',5101,51267,143900
'14SF2',5101,51267,144600
'14SF2',5101,51267,145300
'14SF2',5101,51267,150000
'14SF2',5101,51267,150800
'14SF2',5101,51267,151500
'14SF2',5101,51267,152200
'14SF2',5101,51267,152900
'14SF2',5101,51267,153500
'14SF2',5101,51267,154100
'14SF2',5101,51267,154700
'14SF2',5101,51267,155500
'14SF2',5101,51267,160200
'14SF2',5101,51267,160900
'14SF2',5101,51267,161700
'14SF2',5101,51267,162500
'14SF2',5101,51267,163300
'14SF2',5101,51267,164100
'14SF2',5101,51267,165100
'14SF2',5101,51267,170100
'14SF2',5101,51267,171000
'14SF2',5101,51267,171800
'14SF2',5101,51267,172600
'14SF2',5101,51267,173400
'14SF2',5101,51267,174400
'14SF2',5101,51267,175200
'14SF2',5101,51267,180000
'14SF2',5101,51267,180900
'14SF2',5101,51267,181900
'14SF2',5101,51267,182900
'14SF2',5101,51267,183800
'14SF2',5101,51267,184800
'14SF2',5101,51267,185800
'14SF2',5101,51267,190800
'14SF2',5101,51267,191900
'14SF2',5101,51267,193100
'14SF2',5101,51267,194700
'14SF2',5101,51267,200400
'14SF2',5101,51267,202100
'14SF2',5101,51267,203700
'14SF2',5101,51267,205300
'14SF2',5101,51267,211100
'14SF2',5101,51267,212800
'14SF2',5101,51267,214700
'14SF2',5101,51267,220600
'14SF2',5101,51267,222500
'14SF2',5101,51267,224300
'14SF2',5101,51267,230100
'14SF2',5101,51267,233000
'14SF2',5101,51267,235900
'14SF2',5101,51267,243000
'14SF2',5101,51267,250000
'14SF2',5101,51267,252700
'14SI',5101,51267,53400
'14SI',5101,51267,60400
'14SI',5101,51267,63500
'14SI',5101,51267,70600
'14SI',5101,51267,73700
'14SI',5101,51267,75900
'14SI',5101,51267,81500
'14SI',5101,51267,82700
'14SI',5101,51267,83800
'14SI',5101,51267,84900
'14SI',5101,51267,85900
'14SI',5101,51267,90900
'14SI',5101,51267,92000
'14SI',5101,51267,93100
'14SI',5101,51267,94100
'14SI',5101,51267,94900
'14SI',5101,51267,95600
'14SI',5101,51267,100400
'14SI',5101,51267,101200
'14SI',5101,51267,101900
'14SI',5101,51267,102600
'14SI',5101,51267,103300
'14SI',5101,51267,103900
'14SI',5101,51267,104400
'14SI',5101,51267,105100
'14SI',5101,51267,105800
'14SI',5101,51267,110500
'14SI',5101,51267,111100
'14SI',5101,51267,111700
'14SI',5101,51267,112300
'14SI',5101,51267,112800
'14SI',5101,51267,113400
'14SI',5101,51267,114000
'14SI',5101,51267,114500
'14SI',5101,51267,115100
'14SI',5101,51267,115800
'14SI',5101,51267,120400
'14SI',5101,51267,121000
'14SI',5101,51267,121600
'14SI',5101,51267,122100
'14SI',5101,51267,122700
'14SI',5101,51267,123400
'14SI',5101,51267,124000
'14SI',5101,51267,124600
'14SI',5101,51267,125200
'14SI',5101,51267,125800
'14SI',5101,51267,130400
'14SI',5101,51267,131000
'14SI',5101,51267,131700
'14SI',5101,51267,132500
'14SI',5101,51267,133300
'14SI',5101,51267,134100
'14SI',5101,51267,134800
'14SI',5101,51267,135400
'14SI',5101,51267,140000
'14SI',5101,51267,140700
'14SI',5101,51267,141500
'14SI',5101,51267,142200
'14SI',5101,51267,142900
'14SI',5101,51267,143600
'14SI',5101,51267,144400
'14SI',5101,51267,145000
'14SI',5101,51267,145600
'14SI',5101,51267,150200
'14SI',5101,51267,150800
'14SI',5101,51267,151400
'14SI',5101,51267,152100
'14SI',5101,51267,152800
'14SI',5101,51267,153400
'14SI',5101,51267,154100
'14SI',5101,51267,154700
'14SI',5101,51267,155400
'14SI',5101,51267,160200
'14SI',5101,51267,161100
'14SI',5101,51267,162100
'14SI',5101,51267,163200
'14SI',5101,51267,164300
'14SI',5101,51267,165400
'14SI',5101,51267,170400
'14SI',5101,51267,171300
'14SI',5101,51267,172100
'14SI',5101,51267,173000
'14SI',5101,51267,174100
'14SI',5101,51267,175300
'14SI',5101,51267,180500
'14SI',5101,51267,181700
'14SI',5101,51267,183000
'14SI',5101,51267,184700
'14SI',5101,51267,190500
'14SI',5101,51267,192200
'14SI',5101,51267,194100
'14SI',5101,51267,200000
'14SI',5101,51267,202100
'14SI',5101,51267,204100
'14SI',5101,51267,210100
'14SI',5101,51267,212100
'14SI',5101,51267,214800
'14SI',5101,51267,221600
'14SI',5101,51267,224700
'14SI',5101,51267,231800
'14SI',5101,51267,234900
'14SI',5101,51267,242100
'14SI',5101,51267,245200
'14SI',5101,51267,252700
'14SS',5101,51267,50800
'14SS',5101,51267,53700
'14SS',5101,51267,60500
'14SS',5101,51267,62300
'14SS',5101,51267,63400
'14SS',5101,51267,64500
'14SS',5101,51267,65500
'14SS',5101,51267,70400
'14SS',5101,51267,71200
'14SS',5101,51267,71900
'14SS',5101,51267,72200
'14SS',5101,51267,73100
'14SS',5101,51267,73600
'14SS',5101,51267,74400
'14SS',5101,51267,74700
'14SS',5101,51267,75000
'14SS',5101,51267,75300
'14SS',5101,51267,80000
'14SS',5101,51267,80300
'14SS',5101,51267,80600
'14SS',5101,51267,81000
'14SS',5101,51267,81500
'14SS',5101,51267,81800
'14SS',5101,51267,82100
'14SS',5101,51267,82900
'14SS',5101,51267,83200
'14SS',5101,51267,84200
'14SS',5101,51267,84500
'14SS',5101,51267,85300
'14SS',5101,51267,85700
'14SS',5101,51267,90200
'14SS',5101,51267,90600
'14SS',5101,51267,91200
'14SS',5101,51267,91600
'14SS',5101,51267,92200
'14SS',5101,51267,92900
'14SS',5101,51267,93500
'14SS',5101,51267,94000
'14SS',5101,51267,94500
'14SS',5101,51267,95000
'14SS',5101,51267,95600
'14SS',5101,51267,100100
'14SS',5101,51267,100600
'14SS',5101,51267,101100
'14SS',5101,51267,101600
'14SS',5101,51267,102000
'14SS',5101,51267,102400
'14SS',5101,51267,102800
'14SS',5101,51267,103300
'14SS',5101,51267,103900
'14SS',5101,51267,104400
'14SS',5101,51267,104900
'14SS',5101,51267,105600
'14SS',5101,51267,110300
'14SS',5101,51267,111000
'14SS',5101,51267,111700
'14SS',5101,51267,112400
'14SS',5101,51267,112900
'14SS',5101,51267,113400
'14SS',5101,51267,113900
'14SS',5101,51267,114500
'14SS',5101,51267,115100
'14SS',5101,51267,115700
'14SS',5101,51267,120300
'14SS',5101,51267,120800
'14SS',5101,51267,121400
'14SS',5101,51267,122000
'14SS',5101,51267,122500
'14SS',5101,51267,123000
'14SS',5101,51267,123600
'14SS',5101,51267,124200
'14SS',5101,51267,124800
'14SS',5101,51267,125400
'14SS',5101,51267,130000
'14SS',5101,51267,130600
'14SS',5101,51267,131200
'14SS',5101,51267,131800
'14SS',5101,51267,132400
'14SS',5101,51267,133000
'14SS',5101,51267,133600
'14SS',5101,51267,134200
'14SS',5101,51267,134800
'14SS',5101,51267,135500
'14SS',5101,51267,140200
'14SS',5101,51267,140900
'14SS',5101,51267,141600
'14SS',5101,51267,142400
'14SS',5101,51267,143200
'14SS',5101,51267,144000
'14SS',5101,51267,144800
'14SS',5101,51267,145600
'14SS',5101,51267,150500
'14SS',5101,51267,151400
'14SS',5101,51267,152200
'14SS',5101,51267,153000
'14SS',5101,51267,153800
'14SS',5101,51267,154600
'14SS',5101,51267,155300
'14SS',5101,51267,160100
'14SS',5101,51267,160900
'14SS',5101,51267,161800
'14SS',5101,51267,162600
'14SS',5101,51267,163400
'14SS',5101,51267,164200
'14SS',5101,51267,165000
'14SS',5101,51267,165800
'14SS',5101,51267,170500
'14SS',5101,51267,171200
'14SS',5101,51267,171900
'14SS',5101,51267,172600
'14SS',5101,51267,173300
'14SS',5101,51267,174000
'14SS',5101,51267,174900
'14SS',5101,51267,175800
'14SS',5101,51267,180800
'14SS',5101,51267,181600
'14SS',5101,51267,182500
'14SS',5101,51267,183500
'14SS',5101,51267,184400
'14SS',5101,51267,185400
'14SS',5101,51267,190300
'14SS',5101,51267,191300
'14SS',5101,51267,192200
'14SS',5101,51267,193200
'14SS',5101,51267,194200
'14SS',5101,51267,195200
'14SS',5101,51267,200200
'14SS',5101,51267,201200
'14SS',5101,51267,202100
'14SS',5101,51267,203100
'14SS',5101,51267,204100
'14SS',5101,51267,205100
'14SS',5101,51267,210100
'14SS',5101,51267,211100
'14SS',5101,51267,212100
'14SS',5101,51267,213600
'14SS',5101,51267,215100
'14SS',5101,51267,220700
'14SS',5101,51267,222200
'14SS',5101,51267,223700
'14SS',5101,51267,230000
'14SS',5101,51267,232700
'14SS',5101,51267,235400
'14SS',5101,51267,242700
'14SS',5101,51267,250000
'14SS',5101,51267,253300
'14SA',16604,51267,84500
'14SA',16604,51267,91600
'14SA',16604,51267,94700
'14SA',16604,51267,101900
'14SA',16604,51267,105100
'14SA',16604,51267,112300
'14SA',16604,51267,115600
'14SA',16604,51267,122900
'14SA',16604,51267,130200
'14SA',16604,51267,133500
'14SA',16604,51267,140800
'14SA',16604,51267,144200
'14SA',16604,51267,151500
'14SA',16604,51267,154900
'14SA',16604,51267,162200
'14SA',16604,51267,165600
'14SA',16604,51267,172900
'14SA',16604,51267,180300
'14SA',16604,51267,183600
'14SA',16604,51267,190700
'14SA',16604,51267,193900
'14SA',16604,51267,201000
'14SA',16604,51267,204200
'14SA',16604,51267,211200
'14SA',16604,51267,214700
'14SA',16604,51267,222200
'14SA',16604,51267,230000
'14SA',16604,51267,233800
'14SA',16604,51267,241600
'14SF1',16604,51267,91300
'14SF1',16604,51267,94600
'14SF1',16604,51267,101900
'14SF1',16604,51267,105000
'14SF1',16604,51267,112300
'14SF1',16604,51267,115700
'14SF1',16604,51267,123000
'14SF1',16604,51267,130300
'14SF1',16604,51267,133600
'14SF1',16604,51267,140900
'14SF1',16604,51267,144200
'14SF1',16604,51267,151500
'14SF1',16604,51267,154900
'14SF1',16604,51267,162200
'14SF1',16604,51267,165600
'14SF1',16604,51267,172900
'14SF1',16604,51267,180200
'14SF1',16604,51267,183500
'14SF1',16604,51267,190700
'14SF1',16604,51267,193900
'14SF1',16604,51267,201100
'14SF1',16604,51267,204100
'14SF1',16604,51267,211200
'14SF1',16604,51267,214600
'14SF1',16604,51267,222100
'14SF1',16604,51267,225800
'14SF1',16604,51267,233500
'14SF1',16604,51267,241300
'14SF2',16604,51267,84500
'14SF2',16604,51267,91600
'14SF2',16604,51267,94700
'14SF2',16604,51267,101900
'14SF2',16604,51267,105100
'14SF2',16604,51267,112300
'14SF2',16604,51267,115600
'14SF2',16604,51267,122900
'14SF2',16604,51267,130200
'14SF2',16604,51267,133500
'14SF2',16604,51267,140800
'14SF2',16604,51267,144200
'14SF2',16604,51267,151500
'14SF2',16604,51267,154900
'14SF2',16604,51267,162200
'14SF2',16604,51267,165600
'14SF2',16604,51267,172900
'14SF2',16604,51267,180300
'14SF2',16604,51267,183600
'14SF2',16604,51267,190700
'14SF2',16604,51267,193900
'14SF2',16604,51267,201000
'14SF2',16604,51267,204200
'14SF2',16604,51267,211200
'14SF2',16604,51267,214700
'14SF2',16604,51267,222200
'14SF2',16604,51267,230000
'14SF2',16604,51267,233800
'14SF2',16604,51267,241600
'14SI',16604,51267,91300
'14SI',16604,51267,94600
'14SI',16604,51267,101900
'14SI',16604,51267,105000
'14SI',16604,51267,112300
'14SI',16604,51267,115700
'14SI',16604,51267,123000
'14SI',16604,51267,130300
'14SI',16604,51267,133600
'14SI',16604,51267,140900
'14SI',16604,51267,144200
'14SI',16604,51267,151500
'14SI',16604,51267,154900
'14SI',16604,51267,162200
'14SI',16604,51267,165600
'14SI',16604,51267,172900
'14SI',16604,51267,180200
'14SI',16604,51267,183500
'14SI',16604,51267,190700
'14SI',16604,51267,193900
'14SI',16604,51267,201100
'14SI',16604,51267,204100
'14SI',16604,51267,211200
'14SI',16604,51267,214600
'14SI',16604,51267,222100
'14SI',16604,51267,225800
'14SI',16604,51267,233500
'14SI',16604,51267,241300
'14SS',16604,51267,61300
'14SS',16604,51267,64600
'14SS',16604,51267,71700
'14SS',16604,51267,74900
'14SS',16604,51267,81900
'14SS',16604,51267,84800
'14SS',16604,51267,91800
'14SS',16604,51267,94800
'14SS',16604,51267,101700
'14SS',16604,51267,104600
'14SS',16604,51267,111600
'14SS',16604,51267,114700
'14SS',16604,51267,121800
'14SS',16604,51267,124800
'14SS',16604,51267,131800
'14SS',16604,51267,134800
'14SS',16604,51267,141800
'14SS',16604,51267,144800
'14SS',16604,51267,151800
'14SS',16604,51267,154900
'14SS',16604,51267,161900
'14SS',16604,51267,164900
'14SS',16604,51267,171900
'14SS',16604,51267,174900
'14SS',16604,51267,181900
'14SS',16604,51267,184500
'14SS',16604,51267,191500
'14SS',16604,51267,194500
'14SS',16604,51267,201500
'14SS',16604,51267,204500
'14SS',16604,51267,212300
'14SS',16604,51267,220000
'14SS',16604,51267,223800
'14SS',16604,51267,231500
'14SS',16604,51267,235200
'14SS',16604,51267,243000
'14SA',36801,51267,254400
'14SA',36801,51267,262900
'14SA',36801,51267,271400
'14SA',36801,51267,275900
'14SA',36801,51267,284400
'14SF1',36801,51267,254400
'14SF1',36801,51267,262900
'14SF1',36801,51267,271400
'14SF1',36801,51267,275900
'14SF1',36801,51267,284400
'14SF2',36801,51267,254400
'14SF2',36801,51267,262900
'14SF2',36801,51267,271400
'14SF2',36801,51267,275900
'14SF2',36801,51267,284400
'14SI',36801,51267,254400
'14SI',36801,51267,262900
'14SI',36801,51267,271400
'14SI',36801,51267,275900
'14SI',36801,51267,284400
'14SS',36801,51267,254100
'14SS',36801,51267,262900
'14SS',36801,51267,271700
'14SS',36801,51267,280500
'14SS',36801,51267,285200
