'14MA',1101,51391,214200
'14MA',1101,51391,221200
'14MA',1101,51391,224200
'14MA',1101,51391,231200
'14MA',1101,51391,234200
'14MA',1101,51391,241200
'14MF1',1101,51391,214200
'14MF1',1101,51391,221200
'14MF1',1101,51391,224200
'14MF1',1101,51391,231200
'14MF1',1101,51391,234200
'14MF1',1101,51391,241200
'14MF2',1101,51391,214200
'14MF2',1101,51391,221200
'14MF2',1101,51391,224200
'14MF2',1101,51391,231200
'14MF2',1101,51391,234200
'14MF2',1101,51391,241200
'14MF3',1101,51391,214200
'14MF3',1101,51391,221200
'14MF3',1101,51391,224200
'14MF3',1101,51391,231200
'14MF3',1101,51391,234200
'14MF3',1101,51391,241200
'14MI',1101,51391,214200
'14MI',1101,51391,221200
'14MI',1101,51391,224200
'14MI',1101,51391,231200
'14MI',1101,51391,234200
'14MI',1101,51391,241200
'14MS',1101,51391,214600
'14MS',1101,51391,221500
'14MS',1101,51391,224400
'14MS',1101,51391,231300
'14MS',1101,51391,234300
'14MS',1101,51391,241300
'14MA',16604,51391,84600
'14MA',16604,51391,91700
'14MA',16604,51391,94800
'14MA',16604,51391,102000
'14MA',16604,51391,105200
'14MA',16604,51391,112500
'14MA',16604,51391,115800
'14MA',16604,51391,123100
'14MA',16604,51391,130400
'14MA',16604,51391,133700
'14MA',16604,51391,141000
'14MA',16604,51391,144400
'14MA',16604,51391,151700
'14MA',16604,51391,155100
'14MA',16604,51391,162400
'14MA',16604,51391,165800
'14MA',16604,51391,173100
'14MA',16604,51391,180400
'14MA',16604,51391,183700
'14MA',16604,51391,190800
'14MA',16604,51391,194000
'14MA',16604,51391,201100
'14MA',16604,51391,204300
'14MA',16604,51391,211300
'14MA',16604,51391,214800
'14MA',16604,51391,222300
'14MA',16604,51391,230100
'14MA',16604,51391,233900
'14MA',16604,51391,241700
'14MF1',16604,51391,84600
'14MF1',16604,51391,91700
'14MF1',16604,51391,94800
'14MF1',16604,51391,102000
'14MF1',16604,51391,105200
'14MF1',16604,51391,112500
'14MF1',16604,51391,115800
'14MF1',16604,51391,123100
'14MF1',16604,51391,130400
'14MF1',16604,51391,133700
'14MF1',16604,51391,141000
'14MF1',16604,51391,144400
'14MF1',16604,51391,151700
'14MF1',16604,51391,155100
'14MF1',16604,51391,162400
'14MF1',16604,51391,165800
'14MF1',16604,51391,173100
'14MF1',16604,51391,180400
'14MF1',16604,51391,183700
'14MF1',16604,51391,190800
'14MF1',16604,51391,194000
'14MF1',16604,51391,201100
'14MF1',16604,51391,204300
'14MF1',16604,51391,211300
'14MF1',16604,51391,214800
'14MF1',16604,51391,222300
'14MF1',16604,51391,230100
'14MF1',16604,51391,233900
'14MF1',16604,51391,241700
'14MF2',16604,51391,84600
'14MF2',16604,51391,91700
'14MF2',16604,51391,94800
'14MF2',16604,51391,102000
'14MF2',16604,51391,105200
'14MF2',16604,51391,112500
'14MF2',16604,51391,115800
'14MF2',16604,51391,123100
'14MF2',16604,51391,130400
'14MF2',16604,51391,133700
'14MF2',16604,51391,141000
'14MF2',16604,51391,144400
'14MF2',16604,51391,151700
'14MF2',16604,51391,155100
'14MF2',16604,51391,162400
'14MF2',16604,51391,165800
'14MF2',16604,51391,173100
'14MF2',16604,51391,180400
'14MF2',16604,51391,183700
'14MF2',16604,51391,190800
'14MF2',16604,51391,194000
'14MF2',16604,51391,201100
'14MF2',16604,51391,204300
'14MF2',16604,51391,211300
'14MF2',16604,51391,214800
'14MF2',16604,51391,222300
'14MF2',16604,51391,230100
'14MF2',16604,51391,233900
'14MF2',16604,51391,241700
'14MF3',16604,51391,84600
'14MF3',16604,51391,91700
'14MF3',16604,51391,94800
'14MF3',16604,51391,102000
'14MF3',16604,51391,105200
'14MF3',16604,51391,112500
'14MF3',16604,51391,115800
'14MF3',16604,51391,123100
'14MF3',16604,51391,130400
'14MF3',16604,51391,133700
'14MF3',16604,51391,141000
'14MF3',16604,51391,144400
'14MF3',16604,51391,151700
'14MF3',16604,51391,155100
'14MF3',16604,51391,162400
'14MF3',16604,51391,165800
'14MF3',16604,51391,173100
'14MF3',16604,51391,180400
'14MF3',16604,51391,183700
'14MF3',16604,51391,190800
'14MF3',16604,51391,194000
'14MF3',16604,51391,201100
'14MF3',16604,51391,204300
'14MF3',16604,51391,211300
'14MF3',16604,51391,214800
'14MF3',16604,51391,222300
'14MF3',16604,51391,230100
'14MF3',16604,51391,233900
'14MF3',16604,51391,241700
'14MI',16604,51391,91400
'14MI',16604,51391,94800
'14MI',16604,51391,102100
'14MI',16604,51391,105200
'14MI',16604,51391,112500
'14MI',16604,51391,115900
'14MI',16604,51391,123200
'14MI',16604,51391,130500
'14MI',16604,51391,133800
'14MI',16604,51391,141100
'14MI',16604,51391,144400
'14MI',16604,51391,151700
'14MI',16604,51391,155100
'14MI',16604,51391,162400
'14MI',16604,51391,165800
'14MI',16604,51391,173100
'14MI',16604,51391,180400
'14MI',16604,51391,183700
'14MI',16604,51391,190900
'14MI',16604,51391,194100
'14MI',16604,51391,201300
'14MI',16604,51391,204300
'14MI',16604,51391,211300
'14MI',16604,51391,214700
'14MI',16604,51391,222200
'14MI',16604,51391,225900
'14MI',16604,51391,233600
'14MI',16604,51391,241400
'14MS',16604,51391,61500
'14MS',16604,51391,64800
'14MS',16604,51391,72000
'14MS',16604,51391,75200
'14MS',16604,51391,82200
'14MS',16604,51391,85100
'14MS',16604,51391,92100
'14MS',16604,51391,95000
'14MS',16604,51391,101900
'14MS',16604,51391,104800
'14MS',16604,51391,111800
'14MS',16604,51391,114900
'14MS',16604,51391,122000
'14MS',16604,51391,125000
'14MS',16604,51391,132000
'14MS',16604,51391,135000
'14MS',16604,51391,142000
'14MS',16604,51391,145000
'14MS',16604,51391,152100
'14MS',16604,51391,155200
'14MS',16604,51391,162200
'14MS',16604,51391,165200
'14MS',16604,51391,172200
'14MS',16604,51391,175200
'14MS',16604,51391,182200
'14MS',16604,51391,184700
'14MS',16604,51391,191700
'14MS',16604,51391,194600
'14MS',16604,51391,201600
'14MS',16604,51391,204600
'14MS',16604,51391,212400
'14MS',16604,51391,220100
'14MS',16604,51391,223900
'14MS',16604,51391,231600
'14MS',16604,51391,235300
'14MS',16604,51391,243100
'14MA',16504,51391,54200
'14MA',16504,51391,60900
'14MA',16504,51391,64000
'14MA',16504,51391,71000
'14MA',16504,51391,72900
'14MA',16504,51391,74600
'14MA',16504,51391,80100
'14MA',16504,51391,81600
'14MA',16504,51391,83100
'14MA',16504,51391,83900
'14MA',16504,51391,84700
'14MA',16504,51391,85500
'14MA',16504,51391,90400
'14MA',16504,51391,91300
'14MA',16504,51391,92200
'14MA',16504,51391,93200
'14MA',16504,51391,94100
'14MA',16504,51391,95000
'14MA',16504,51391,100000
'14MA',16504,51391,100800
'14MA',16504,51391,101600
'14MA',16504,51391,102500
'14MA',16504,51391,103400
'14MA',16504,51391,104400
'14MA',16504,51391,105300
'14MA',16504,51391,110000
'14MA',16504,51391,110700
'14MA',16504,51391,111400
'14MA',16504,51391,112100
'14MA',16504,51391,112900
'14MA',16504,51391,113600
'14MA',16504,51391,114300
'14MA',16504,51391,115000
'14MA',16504,51391,115600
'14MA',16504,51391,120200
'14MA',16504,51391,120800
'14MA',16504,51391,121400
'14MA',16504,51391,121900
'14MA',16504,51391,122400
'14MA',16504,51391,122900
'14MA',16504,51391,123400
'14MA',16504,51391,123900
'14MA',16504,51391,124400
'14MA',16504,51391,125000
'14MA',16504,51391,125500
'14MA',16504,51391,130000
'14MA',16504,51391,130500
'14MA',16504,51391,131000
'14MA',16504,51391,131400
'14MA',16504,51391,131800
'14MA',16504,51391,132200
'14MA',16504,51391,132700
'14MA',16504,51391,133200
'14MA',16504,51391,133700
'14MA',16504,51391,134100
'14MA',16504,51391,134600
'14MA',16504,51391,135100
'14MA',16504,51391,135600
'14MA',16504,51391,140000
'14MA',16504,51391,140500
'14MA',16504,51391,141000
'14MA',16504,51391,141500
'14MA',16504,51391,142000
'14MA',16504,51391,142500
'14MA',16504,51391,142900
'14MA',16504,51391,143300
'14MA',16504,51391,143700
'14MA',16504,51391,144100
'14MA',16504,51391,144600
'14MA',16504,51391,145100
'14MA',16504,51391,145600
'14MA',16504,51391,150100
'14MA',16504,51391,150600
'14MA',16504,51391,151100
'14MA',16504,51391,151600
'14MA',16504,51391,152100
'14MA',16504,51391,152500
'14MA',16504,51391,153000
'14MA',16504,51391,153500
'14MA',16504,51391,154000
'14MA',16504,51391,154400
'14MA',16504,51391,154800
'14MA',16504,51391,155300
'14MA',16504,51391,155700
'14MA',16504,51391,160200
'14MA',16504,51391,160700
'14MA',16504,51391,161200
'14MA',16504,51391,161700
'14MA',16504,51391,162200
'14MA',16504,51391,162700
'14MA',16504,51391,163200
'14MA',16504,51391,163700
'14MA',16504,51391,164200
'14MA',16504,51391,164600
'14MA',16504,51391,165000
'14MA',16504,51391,165400
'14MA',16504,51391,165900
'14MA',16504,51391,170400
'14MA',16504,51391,170900
'14MA',16504,51391,171300
'14MA',16504,51391,171700
'14MA',16504,51391,172200
'14MA',16504,51391,172700
'14MA',16504,51391,173200
'14MA',16504,51391,173600
'14MA',16504,51391,174100
'14MA',16504,51391,174700
'14MA',16504,51391,175300
'14MA',16504,51391,175900
'14MA',16504,51391,180500
'14MA',16504,51391,181100
'14MA',16504,51391,181700
'14MA',16504,51391,182300
'14MA',16504,51391,182900
'14MA',16504,51391,183500
'14MA',16504,51391,184200
'14MA',16504,51391,185000
'14MA',16504,51391,185800
'14MA',16504,51391,190600
'14MA',16504,51391,191300
'14MA',16504,51391,192000
'14MA',16504,51391,192800
'14MA',16504,51391,193600
'14MA',16504,51391,194500
'14MA',16504,51391,195300
'14MA',16504,51391,200100
'14MA',16504,51391,200900
'14MA',16504,51391,201900
'14MA',16504,51391,202900
'14MA',16504,51391,203800
'14MA',16504,51391,204700
'14MA',16504,51391,205700
'14MA',16504,51391,210700
'14MA',16504,51391,211800
'14MA',16504,51391,212800
'14MA',16504,51391,213800
'14MA',16504,51391,214700
'14MA',16504,51391,215800
'14MA',16504,51391,220900
'14MA',16504,51391,222100
'14MA',16504,51391,223400
'14MA',16504,51391,224700
'14MA',16504,51391,225900
'14MA',16504,51391,231100
'14MA',16504,51391,232200
'14MA',16504,51391,233400
'14MA',16504,51391,234500
'14MA',16504,51391,240000
'14MA',16504,51391,242900
'14MA',16504,51391,245800
'14MA',16504,51391,252900
'14MF1',16504,51391,54400
'14MF1',16504,51391,61400
'14MF1',16504,51391,64500
'14MF1',16504,51391,71500
'14MF1',16504,51391,74600
'14MF1',16504,51391,81500
'14MF1',16504,51391,84200
'14MF1',16504,51391,90100
'14MF1',16504,51391,91100
'14MF1',16504,51391,92100
'14MF1',16504,51391,93000
'14MF1',16504,51391,94000
'14MF1',16504,51391,95000
'14MF1',16504,51391,100000
'14MF1',16504,51391,101000
'14MF1',16504,51391,102000
'14MF1',16504,51391,102900
'14MF1',16504,51391,103500
'14MF1',16504,51391,104000
'14MF1',16504,51391,104500
'14MF1',16504,51391,105100
'14MF1',16504,51391,105600
'14MF1',16504,51391,110100
'14MF1',16504,51391,110500
'14MF1',16504,51391,110900
'14MF1',16504,51391,111500
'14MF1',16504,51391,112200
'14MF1',16504,51391,112900
'14MF1',16504,51391,113500
'14MF1',16504,51391,114100
'14MF1',16504,51391,114800
'14MF1',16504,51391,115500
'14MF1',16504,51391,120200
'14MF1',16504,51391,120900
'14MF1',16504,51391,121500
'14MF1',16504,51391,122100
'14MF1',16504,51391,122700
'14MF1',16504,51391,123300
'14MF1',16504,51391,123900
'14MF1',16504,51391,124500
'14MF1',16504,51391,125100
'14MF1',16504,51391,125700
'14MF1',16504,51391,130300
'14MF1',16504,51391,130900
'14MF1',16504,51391,131500
'14MF1',16504,51391,132100
'14MF1',16504,51391,132700
'14MF1',16504,51391,133300
'14MF1',16504,51391,133800
'14MF1',16504,51391,134300
'14MF1',16504,51391,134800
'14MF1',16504,51391,135300
'14MF1',16504,51391,135800
'14MF1',16504,51391,140200
'14MF1',16504,51391,140700
'14MF1',16504,51391,141200
'14MF1',16504,51391,141700
'14MF1',16504,51391,142200
'14MF1',16504,51391,142800
'14MF1',16504,51391,143400
'14MF1',16504,51391,144000
'14MF1',16504,51391,144600
'14MF1',16504,51391,145200
'14MF1',16504,51391,145800
'14MF1',16504,51391,150300
'14MF1',16504,51391,150800
'14MF1',16504,51391,151400
'14MF1',16504,51391,151900
'14MF1',16504,51391,152400
'14MF1',16504,51391,152900
'14MF1',16504,51391,153400
'14MF1',16504,51391,154000
'14MF1',16504,51391,154600
'14MF1',16504,51391,155200
'14MF1',16504,51391,155800
'14MF1',16504,51391,160400
'14MF1',16504,51391,160900
'14MF1',16504,51391,161400
'14MF1',16504,51391,161900
'14MF1',16504,51391,162300
'14MF1',16504,51391,162800
'14MF1',16504,51391,163300
'14MF1',16504,51391,163800
'14MF1',16504,51391,164300
'14MF1',16504,51391,164800
'14MF1',16504,51391,165200
'14MF1',16504,51391,165700
'14MF1',16504,51391,170200
'14MF1',16504,51391,170700
'14MF1',16504,51391,171200
'14MF1',16504,51391,171700
'14MF1',16504,51391,172200
'14MF1',16504,51391,172800
'14MF1',16504,51391,173300
'14MF1',16504,51391,173800
'14MF1',16504,51391,174300
'14MF1',16504,51391,174800
'14MF1',16504,51391,175400
'14MF1',16504,51391,180100
'14MF1',16504,51391,180800
'14MF1',16504,51391,181500
'14MF1',16504,51391,182200
'14MF1',16504,51391,183000
'14MF1',16504,51391,183800
'14MF1',16504,51391,184700
'14MF1',16504,51391,185700
'14MF1',16504,51391,190600
'14MF1',16504,51391,191400
'14MF1',16504,51391,192300
'14MF1',16504,51391,193200
'14MF1',16504,51391,194100
'14MF1',16504,51391,195000
'14MF1',16504,51391,200000
'14MF1',16504,51391,201100
'14MF1',16504,51391,202200
'14MF1',16504,51391,203300
'14MF1',16504,51391,204400
'14MF1',16504,51391,205500
'14MF1',16504,51391,210700
'14MF1',16504,51391,212000
'14MF1',16504,51391,213900
'14MF1',16504,51391,215900
'14MF1',16504,51391,222800
'14MF1',16504,51391,225600
'14MF1',16504,51391,232600
'14MF1',16504,51391,235600
'14MF1',16504,51391,242500
'14MF1',16504,51391,245400
'14MF2',16504,51391,54400
'14MF2',16504,51391,61400
'14MF2',16504,51391,64500
'14MF2',16504,51391,71500
'14MF2',16504,51391,74600
'14MF2',16504,51391,81500
'14MF2',16504,51391,84200
'14MF2',16504,51391,90100
'14MF2',16504,51391,91100
'14MF2',16504,51391,92100
'14MF2',16504,51391,93000
'14MF2',16504,51391,94000
'14MF2',16504,51391,95000
'14MF2',16504,51391,100000
'14MF2',16504,51391,101000
'14MF2',16504,51391,102000
'14MF2',16504,51391,102900
'14MF2',16504,51391,103500
'14MF2',16504,51391,104000
'14MF2',16504,51391,104500
'14MF2',16504,51391,105100
'14MF2',16504,51391,105600
'14MF2',16504,51391,110100
'14MF2',16504,51391,110500
'14MF2',16504,51391,110900
'14MF2',16504,51391,111500
'14MF2',16504,51391,112200
'14MF2',16504,51391,112900
'14MF2',16504,51391,113500
'14MF2',16504,51391,114100
'14MF2',16504,51391,114800
'14MF2',16504,51391,115500
'14MF2',16504,51391,120200
'14MF2',16504,51391,120900
'14MF2',16504,51391,121500
'14MF2',16504,51391,122100
'14MF2',16504,51391,122700
'14MF2',16504,51391,123300
'14MF2',16504,51391,123900
'14MF2',16504,51391,124500
'14MF2',16504,51391,125100
'14MF2',16504,51391,125700
'14MF2',16504,51391,130300
'14MF2',16504,51391,130900
'14MF2',16504,51391,131500
'14MF2',16504,51391,132100
'14MF2',16504,51391,132700
'14MF2',16504,51391,133300
'14MF2',16504,51391,133800
'14MF2',16504,51391,134300
'14MF2',16504,51391,134800
'14MF2',16504,51391,135300
'14MF2',16504,51391,135800
'14MF2',16504,51391,140200
'14MF2',16504,51391,140700
'14MF2',16504,51391,141200
'14MF2',16504,51391,141700
'14MF2',16504,51391,142200
'14MF2',16504,51391,142800
'14MF2',16504,51391,143400
'14MF2',16504,51391,144000
'14MF2',16504,51391,144600
'14MF2',16504,51391,145200
'14MF2',16504,51391,145800
'14MF2',16504,51391,150300
'14MF2',16504,51391,150800
'14MF2',16504,51391,151400
'14MF2',16504,51391,151900
'14MF2',16504,51391,152400
'14MF2',16504,51391,152900
'14MF2',16504,51391,153400
'14MF2',16504,51391,154000
'14MF2',16504,51391,154600
'14MF2',16504,51391,155200
'14MF2',16504,51391,155800
'14MF2',16504,51391,160400
'14MF2',16504,51391,160900
'14MF2',16504,51391,161400
'14MF2',16504,51391,161900
'14MF2',16504,51391,162300
'14MF2',16504,51391,162800
'14MF2',16504,51391,163300
'14MF2',16504,51391,163800
'14MF2',16504,51391,164300
'14MF2',16504,51391,164800
'14MF2',16504,51391,165200
'14MF2',16504,51391,165700
'14MF2',16504,51391,170200
'14MF2',16504,51391,170700
'14MF2',16504,51391,171200
'14MF2',16504,51391,171700
'14MF2',16504,51391,172200
'14MF2',16504,51391,172800
'14MF2',16504,51391,173300
'14MF2',16504,51391,173800
'14MF2',16504,51391,174300
'14MF2',16504,51391,174800
'14MF2',16504,51391,175400
'14MF2',16504,51391,180100
'14MF2',16504,51391,180800
'14MF2',16504,51391,181500
'14MF2',16504,51391,182200
'14MF2',16504,51391,183000
'14MF2',16504,51391,183800
'14MF2',16504,51391,184700
'14MF2',16504,51391,185700
'14MF2',16504,51391,190600
'14MF2',16504,51391,191400
'14MF2',16504,51391,192300
'14MF2',16504,51391,193200
'14MF2',16504,51391,194100
'14MF2',16504,51391,195000
'14MF2',16504,51391,200000
'14MF2',16504,51391,201100
'14MF2',16504,51391,202200
'14MF2',16504,51391,203300
'14MF2',16504,51391,204400
'14MF2',16504,51391,205500
'14MF2',16504,51391,210700
'14MF2',16504,51391,212000
'14MF2',16504,51391,213900
'14MF2',16504,51391,215900
'14MF2',16504,51391,222800
'14MF2',16504,51391,225600
'14MF2',16504,51391,232600
'14MF2',16504,51391,235600
'14MF2',16504,51391,242500
'14MF2',16504,51391,245400
'14MF3',16504,51391,54400
'14MF3',16504,51391,61400
'14MF3',16504,51391,64500
'14MF3',16504,51391,71500
'14MF3',16504,51391,74600
'14MF3',16504,51391,81500
'14MF3',16504,51391,84200
'14MF3',16504,51391,90100
'14MF3',16504,51391,91200
'14MF3',16504,51391,92100
'14MF3',16504,51391,93000
'14MF3',16504,51391,94000
'14MF3',16504,51391,95000
'14MF3',16504,51391,100000
'14MF3',16504,51391,101000
'14MF3',16504,51391,102000
'14MF3',16504,51391,102900
'14MF3',16504,51391,103500
'14MF3',16504,51391,104000
'14MF3',16504,51391,104500
'14MF3',16504,51391,105100
'14MF3',16504,51391,105600
'14MF3',16504,51391,110100
'14MF3',16504,51391,110500
'14MF3',16504,51391,110900
'14MF3',16504,51391,111500
'14MF3',16504,51391,112200
'14MF3',16504,51391,112900
'14MF3',16504,51391,113500
'14MF3',16504,51391,114100
'14MF3',16504,51391,114800
'14MF3',16504,51391,115500
'14MF3',16504,51391,120200
'14MF3',16504,51391,120900
'14MF3',16504,51391,121500
'14MF3',16504,51391,122100
'14MF3',16504,51391,122700
'14MF3',16504,51391,123300
'14MF3',16504,51391,123900
'14MF3',16504,51391,124500
'14MF3',16504,51391,125100
'14MF3',16504,51391,125700
'14MF3',16504,51391,130300
'14MF3',16504,51391,130900
'14MF3',16504,51391,131500
'14MF3',16504,51391,132100
'14MF3',16504,51391,132700
'14MF3',16504,51391,133300
'14MF3',16504,51391,133800
'14MF3',16504,51391,134300
'14MF3',16504,51391,134800
'14MF3',16504,51391,135300
'14MF3',16504,51391,135800
'14MF3',16504,51391,140200
'14MF3',16504,51391,140700
'14MF3',16504,51391,141200
'14MF3',16504,51391,141700
'14MF3',16504,51391,142200
'14MF3',16504,51391,142800
'14MF3',16504,51391,143400
'14MF3',16504,51391,144000
'14MF3',16504,51391,144600
'14MF3',16504,51391,145200
'14MF3',16504,51391,145800
'14MF3',16504,51391,150300
'14MF3',16504,51391,150800
'14MF3',16504,51391,151400
'14MF3',16504,51391,151900
'14MF3',16504,51391,152400
'14MF3',16504,51391,152900
'14MF3',16504,51391,153400
'14MF3',16504,51391,154000
'14MF3',16504,51391,154600
'14MF3',16504,51391,155200
'14MF3',16504,51391,155800
'14MF3',16504,51391,160400
'14MF3',16504,51391,160900
'14MF3',16504,51391,161400
'14MF3',16504,51391,161900
'14MF3',16504,51391,162300
'14MF3',16504,51391,162800
'14MF3',16504,51391,163300
'14MF3',16504,51391,163800
'14MF3',16504,51391,164300
'14MF3',16504,51391,164800
'14MF3',16504,51391,165200
'14MF3',16504,51391,165700
'14MF3',16504,51391,170200
'14MF3',16504,51391,170700
'14MF3',16504,51391,171200
'14MF3',16504,51391,171700
'14MF3',16504,51391,172200
'14MF3',16504,51391,172800
'14MF3',16504,51391,173300
'14MF3',16504,51391,173800
'14MF3',16504,51391,174300
'14MF3',16504,51391,174800
'14MF3',16504,51391,175400
'14MF3',16504,51391,180100
'14MF3',16504,51391,180800
'14MF3',16504,51391,181500
'14MF3',16504,51391,182200
'14MF3',16504,51391,183000
'14MF3',16504,51391,183800
'14MF3',16504,51391,184700
'14MF3',16504,51391,185700
'14MF3',16504,51391,190600
'14MF3',16504,51391,191400
'14MF3',16504,51391,192300
'14MF3',16504,51391,193200
'14MF3',16504,51391,194100
'14MF3',16504,51391,195000
'14MF3',16504,51391,200000
'14MF3',16504,51391,201100
'14MF3',16504,51391,202200
'14MF3',16504,51391,203300
'14MF3',16504,51391,204400
'14MF3',16504,51391,205500
'14MF3',16504,51391,210700
'14MF3',16504,51391,212000
'14MF3',16504,51391,213900
'14MF3',16504,51391,215900
'14MF3',16504,51391,222800
'14MF3',16504,51391,225600
'14MF3',16504,51391,232600
'14MF3',16504,51391,235600
'14MF3',16504,51391,242500
'14MF3',16504,51391,245400
'14MI',16504,51391,54400
'14MI',16504,51391,61400
'14MI',16504,51391,64500
'14MI',16504,51391,71500
'14MI',16504,51391,74600
'14MI',16504,51391,81500
'14MI',16504,51391,84200
'14MI',16504,51391,90100
'14MI',16504,51391,91100
'14MI',16504,51391,92100
'14MI',16504,51391,93000
'14MI',16504,51391,94000
'14MI',16504,51391,95000
'14MI',16504,51391,100000
'14MI',16504,51391,101000
'14MI',16504,51391,102000
'14MI',16504,51391,102900
'14MI',16504,51391,103500
'14MI',16504,51391,104000
'14MI',16504,51391,104500
'14MI',16504,51391,105100
'14MI',16504,51391,105600
'14MI',16504,51391,110100
'14MI',16504,51391,110500
'14MI',16504,51391,110900
'14MI',16504,51391,111500
'14MI',16504,51391,112200
'14MI',16504,51391,112900
'14MI',16504,51391,113500
'14MI',16504,51391,114100
'14MI',16504,51391,114800
'14MI',16504,51391,115500
'14MI',16504,51391,120200
'14MI',16504,51391,120900
'14MI',16504,51391,121500
'14MI',16504,51391,122100
'14MI',16504,51391,122700
'14MI',16504,51391,123300
'14MI',16504,51391,123900
'14MI',16504,51391,124500
'14MI',16504,51391,125100
'14MI',16504,51391,125700
'14MI',16504,51391,130300
'14MI',16504,51391,130900
'14MI',16504,51391,131500
'14MI',16504,51391,132100
'14MI',16504,51391,132700
'14MI',16504,51391,133300
'14MI',16504,51391,133800
'14MI',16504,51391,134300
'14MI',16504,51391,134800
'14MI',16504,51391,135300
'14MI',16504,51391,135800
'14MI',16504,51391,140200
'14MI',16504,51391,140700
'14MI',16504,51391,141200
'14MI',16504,51391,141700
'14MI',16504,51391,142200
'14MI',16504,51391,142800
'14MI',16504,51391,143400
'14MI',16504,51391,144000
'14MI',16504,51391,144600
'14MI',16504,51391,145200
'14MI',16504,51391,145800
'14MI',16504,51391,150300
'14MI',16504,51391,150800
'14MI',16504,51391,151400
'14MI',16504,51391,151900
'14MI',16504,51391,152400
'14MI',16504,51391,152900
'14MI',16504,51391,153400
'14MI',16504,51391,154000
'14MI',16504,51391,154600
'14MI',16504,51391,155200
'14MI',16504,51391,155800
'14MI',16504,51391,160400
'14MI',16504,51391,160900
'14MI',16504,51391,161400
'14MI',16504,51391,161800
'14MI',16504,51391,162300
'14MI',16504,51391,162800
'14MI',16504,51391,163300
'14MI',16504,51391,163800
'14MI',16504,51391,164300
'14MI',16504,51391,164800
'14MI',16504,51391,165300
'14MI',16504,51391,165700
'14MI',16504,51391,170200
'14MI',16504,51391,170700
'14MI',16504,51391,171200
'14MI',16504,51391,171700
'14MI',16504,51391,172200
'14MI',16504,51391,172800
'14MI',16504,51391,173300
'14MI',16504,51391,173800
'14MI',16504,51391,174300
'14MI',16504,51391,174800
'14MI',16504,51391,175400
'14MI',16504,51391,180100
'14MI',16504,51391,180800
'14MI',16504,51391,181500
'14MI',16504,51391,182200
'14MI',16504,51391,183000
'14MI',16504,51391,183800
'14MI',16504,51391,184700
'14MI',16504,51391,185700
'14MI',16504,51391,190600
'14MI',16504,51391,191400
'14MI',16504,51391,192300
'14MI',16504,51391,193200
'14MI',16504,51391,194100
'14MI',16504,51391,195000
'14MI',16504,51391,200000
'14MI',16504,51391,201100
'14MI',16504,51391,202200
'14MI',16504,51391,203300
'14MI',16504,51391,204400
'14MI',16504,51391,205500
'14MI',16504,51391,210700
'14MI',16504,51391,212000
'14MI',16504,51391,213900
'14MI',16504,51391,215900
'14MI',16504,51391,222800
'14MI',16504,51391,225600
'14MI',16504,51391,232600
'14MI',16504,51391,235600
'14MI',16504,51391,242500
'14MI',16504,51391,245400
'14MS',16504,51391,54000
'14MS',16504,51391,61100
'14MS',16504,51391,62100
'14MS',16504,51391,63100
'14MS',16504,51391,64100
'14MS',16504,51391,65100
'14MS',16504,51391,70100
'14MS',16504,51391,71100
'14MS',16504,51391,72300
'14MS',16504,51391,73500
'14MS',16504,51391,74300
'14MS',16504,51391,75000
'14MS',16504,51391,75400
'14MS',16504,51391,75800
'14MS',16504,51391,80200
'14MS',16504,51391,80600
'14MS',16504,51391,81200
'14MS',16504,51391,81800
'14MS',16504,51391,82300
'14MS',16504,51391,82900
'14MS',16504,51391,83600
'14MS',16504,51391,84300
'14MS',16504,51391,85100
'14MS',16504,51391,85900
'14MS',16504,51391,90700
'14MS',16504,51391,91500
'14MS',16504,51391,92300
'14MS',16504,51391,93100
'14MS',16504,51391,93900
'14MS',16504,51391,94700
'14MS',16504,51391,95300
'14MS',16504,51391,95900
'14MS',16504,51391,100400
'14MS',16504,51391,101000
'14MS',16504,51391,101600
'14MS',16504,51391,102200
'14MS',16504,51391,102800
'14MS',16504,51391,103400
'14MS',16504,51391,104100
'14MS',16504,51391,104700
'14MS',16504,51391,105300
'14MS',16504,51391,105800
'14MS',16504,51391,110300
'14MS',16504,51391,110800
'14MS',16504,51391,111300
'14MS',16504,51391,111800
'14MS',16504,51391,112300
'14MS',16504,51391,112800
'14MS',16504,51391,113300
'14MS',16504,51391,113800
'14MS',16504,51391,114300
'14MS',16504,51391,114800
'14MS',16504,51391,115300
'14MS',16504,51391,115800
'14MS',16504,51391,120300
'14MS',16504,51391,120800
'14MS',16504,51391,121300
'14MS',16504,51391,121800
'14MS',16504,51391,122200
'14MS',16504,51391,122600
'14MS',16504,51391,123000
'14MS',16504,51391,123400
'14MS',16504,51391,123800
'14MS',16504,51391,124200
'14MS',16504,51391,124600
'14MS',16504,51391,125000
'14MS',16504,51391,125400
'14MS',16504,51391,125800
'14MS',16504,51391,130200
'14MS',16504,51391,130500
'14MS',16504,51391,130900
'14MS',16504,51391,131300
'14MS',16504,51391,131700
'14MS',16504,51391,132100
'14MS',16504,51391,132500
'14MS',16504,51391,132900
'14MS',16504,51391,133300
'14MS',16504,51391,133700
'14MS',16504,51391,134200
'14MS',16504,51391,134700
'14MS',16504,51391,135300
'14MS',16504,51391,135900
'14MS',16504,51391,140500
'14MS',16504,51391,141000
'14MS',16504,51391,141600
'14MS',16504,51391,142200
'14MS',16504,51391,142700
'14MS',16504,51391,143100
'14MS',16504,51391,143500
'14MS',16504,51391,144000
'14MS',16504,51391,144500
'14MS',16504,51391,144900
'14MS',16504,51391,145300
'14MS',16504,51391,145700
'14MS',16504,51391,150100
'14MS',16504,51391,150600
'14MS',16504,51391,151200
'14MS',16504,51391,152100
'14MS',16504,51391,153100
'14MS',16504,51391,153900
'14MS',16504,51391,154800
'14MS',16504,51391,155800
'14MS',16504,51391,160800
'14MS',16504,51391,161800
'14MS',16504,51391,162800
'14MS',16504,51391,163800
'14MS',16504,51391,164800
'14MS',16504,51391,165800
'14MS',16504,51391,170800
'14MS',16504,51391,171800
'14MS',16504,51391,172700
'14MS',16504,51391,173600
'14MS',16504,51391,174600
'14MS',16504,51391,175600
'14MS',16504,51391,180600
'14MS',16504,51391,181600
'14MS',16504,51391,182600
'14MS',16504,51391,183600
'14MS',16504,51391,184400
'14MS',16504,51391,185100
'14MS',16504,51391,185800
'14MS',16504,51391,190500
'14MS',16504,51391,191400
'14MS',16504,51391,192300
'14MS',16504,51391,193300
'14MS',16504,51391,194100
'14MS',16504,51391,194900
'14MS',16504,51391,195700
'14MS',16504,51391,200500
'14MS',16504,51391,201300
'14MS',16504,51391,202100
'14MS',16504,51391,202900
'14MS',16504,51391,203900
'14MS',16504,51391,204900
'14MS',16504,51391,205800
'14MS',16504,51391,210600
'14MS',16504,51391,211400
'14MS',16504,51391,212200
'14MS',16504,51391,213000
'14MS',16504,51391,213800
'14MS',16504,51391,214700
'14MS',16504,51391,215700
'14MS',16504,51391,220700
'14MS',16504,51391,221700
'14MS',16504,51391,223100
'14MS',16504,51391,225500
'14MS',16504,51391,232000
'14MS',16504,51391,234200
'14MS',16504,51391,240600
'14MS',16504,51391,243000
'14MS',16504,51391,245400
'14MA',36904,51391,254100
'14MA',36904,51391,261200
'14MA',36904,51391,264200
'14MA',36904,51391,271200
'14MA',36904,51391,274200
'14MA',36904,51391,281200
'14MA',36904,51391,285600
'14MF1',36904,51391,251000
'14MF1',36904,51391,255000
'14MF1',36904,51391,263000
'14MF1',36904,51391,270000
'14MF1',36904,51391,273000
'14MF1',36904,51391,281000
'14MF1',36904,51391,285500
'14MF2',36904,51391,251000
'14MF2',36904,51391,255000
'14MF2',36904,51391,263000
'14MF2',36904,51391,270000
'14MF2',36904,51391,273000
'14MF2',36904,51391,281000
'14MF2',36904,51391,285500
'14MF3',36904,51391,251000
'14MF3',36904,51391,255500
'14MF3',36904,51391,264000
'14MF3',36904,51391,272500
'14MF3',36904,51391,281000
'14MF3',36904,51391,285500
'14MI',36904,51391,251000
'14MI',36904,51391,255500
'14MI',36904,51391,264000
'14MI',36904,51391,272500
'14MI',36904,51391,281000
'14MI',36904,51391,285500
'14MS',36904,51391,251000
'14MS',36904,51391,255000
'14MS',36904,51391,263000
'14MS',36904,51391,270000
'14MS',36904,51391,273000
'14MS',36904,51391,281000
'14MS',36904,51391,285500
'14MS',43501,51391,63900
'14MS',43501,51391,70700
'14MS',43501,51391,72900
'14MS',43501,51391,74900
'14MS',43501,51391,80100
'14MS',43501,51391,81000
'14MS',43501,51391,82100
'14MS',43501,51391,83200
'14MS',43501,51391,84100
'14MS',43501,51391,85300
'14MS',43501,51391,90300
'14MS',43501,51391,91900
'14MS',43501,51391,92400
'14MS',43501,51391,151100
'14MS',43501,51391,151700
'14MS',43501,51391,152700
'14MS',43501,51391,153500
'14MS',43501,51391,154400
'14MS',43501,51391,155000
'14MS',43501,51391,155800
'14MS',43501,51391,160600
'14MS',43501,51391,161500
'14MS',43501,51391,162400
'14MS',43501,51391,163400
'14MS',43501,51391,163900
'14MS',43501,51391,164500
'14MS',43501,51391,165600
'14MS',43501,51391,170600
'14MS',43501,51391,171600
'14MS',43501,51391,172200
'14MS',43501,51391,173000
'14MS',43501,51391,174900
'14MS',43501,51391,180600
'14MS',43501,51391,181900
'14MS',43501,51391,183400
'14MS',43501,51391,190100
'14MS',43501,51391,192100
