'14NA',12501,52664,52600
'14NA',12501,52664,60100
'14NA',12501,52664,63500
'14NA',12501,52664,70900
'14NA',12501,52664,74300
'14NA',12501,52664,81800
'14NA',12501,52664,85500
'14NA',12501,52664,93200
'14NA',12501,52664,100600
'14NA',12501,52664,103500
'14NA',12501,52664,110400
'14NA',12501,52664,113500
'14NA',12501,52664,120500
'14NA',12501,52664,123300
'14NA',12501,52664,130200
'14NA',12501,52664,132700
'14NA',12501,52664,134700
'14NA',12501,52664,140600
'14NA',12501,52664,142600
'14NA',12501,52664,144700
'14NA',12501,52664,150800
'14NA',12501,52664,152900
'14NA',12501,52664,155000
'14NA',12501,52664,161000
'14NA',12501,52664,163000
'14NA',12501,52664,165100
'14NA',12501,52664,171400
'14NA',12501,52664,173700
'14NA',12501,52664,180600
'14NA',12501,52664,183500
'14NA',12501,52664,190500
'14NA',12501,52664,193400
'14NA',12501,52664,200300
'14NA',12501,52664,203400
'14NA',12501,52664,211200
'14NA',12501,52664,215100
'14NA',12501,52664,223000
'14NA',12501,52664,230800
'14NA',12501,52664,234600
'14NA',12501,52664,242100
'14NA',12501,52664,245600
'14NA',12501,52664,253100
'14NF1',12501,52664,52600
'14NF1',12501,52664,55800
'14NF1',12501,52664,63000
'14NF1',12501,52664,70200
'14NF1',12501,52664,73400
'14NF1',12501,52664,80700
'14NF1',12501,52664,84100
'14NF1',12501,52664,91700
'14NF1',12501,52664,95300
'14NF1',12501,52664,102700
'14NF1',12501,52664,110200
'14NF1',12501,52664,113600
'14NF1',12501,52664,120900
'14NF1',12501,52664,123800
'14NF1',12501,52664,130500
'14NF1',12501,52664,133000
'14NF1',12501,52664,135500
'14NF1',12501,52664,141900
'14NF1',12501,52664,144300
'14NF1',12501,52664,150700
'14NF1',12501,52664,153300
'14NF1',12501,52664,155900
'14NF1',12501,52664,162500
'14NF1',12501,52664,165300
'14NF1',12501,52664,172300
'14NF1',12501,52664,175200
'14NF1',12501,52664,182000
'14NF1',12501,52664,184800
'14NF1',12501,52664,191600
'14NF1',12501,52664,194400
'14NF1',12501,52664,201000
'14NF1',12501,52664,204500
'14NF1',12501,52664,212100
'14NF1',12501,52664,215900
'14NF1',12501,52664,223600
'14NF1',12501,52664,231500
'14NF1',12501,52664,235400
'14NF1',12501,52664,243400
'14NF1',12501,52664,252400
'14NF2',12501,52664,52600
'14NF2',12501,52664,60100
'14NF2',12501,52664,63500
'14NF2',12501,52664,70900
'14NF2',12501,52664,74300
'14NF2',12501,52664,81800
'14NF2',12501,52664,85500
'14NF2',12501,52664,93200
'14NF2',12501,52664,100600
'14NF2',12501,52664,103500
'14NF2',12501,52664,110400
'14NF2',12501,52664,113500
'14NF2',12501,52664,120500
'14NF2',12501,52664,123300
'14NF2',12501,52664,130200
'14NF2',12501,52664,132700
'14NF2',12501,52664,134700
'14NF2',12501,52664,140600
'14NF2',12501,52664,142600
'14NF2',12501,52664,144700
'14NF2',12501,52664,150800
'14NF2',12501,52664,152900
'14NF2',12501,52664,155000
'14NF2',12501,52664,161000
'14NF2',12501,52664,163000
'14NF2',12501,52664,165100
'14NF2',12501,52664,171400
'14NF2',12501,52664,173700
'14NF2',12501,52664,180600
'14NF2',12501,52664,183500
'14NF2',12501,52664,190500
'14NF2',12501,52664,193400
'14NF2',12501,52664,200300
'14NF2',12501,52664,203400
'14NF2',12501,52664,211200
'14NF2',12501,52664,215100
'14NF2',12501,52664,223000
'14NF2',12501,52664,230800
'14NF2',12501,52664,234600
'14NF2',12501,52664,242100
'14NF2',12501,52664,245600
'14NF2',12501,52664,252400
'14NF3',12501,52664,52600
'14NF3',12501,52664,55800
'14NF3',12501,52664,63000
'14NF3',12501,52664,70200
'14NF3',12501,52664,73400
'14NF3',12501,52664,80700
'14NF3',12501,52664,84100
'14NF3',12501,52664,91700
'14NF3',12501,52664,95300
'14NF3',12501,52664,102700
'14NF3',12501,52664,110200
'14NF3',12501,52664,113600
'14NF3',12501,52664,120900
'14NF3',12501,52664,123800
'14NF3',12501,52664,130500
'14NF3',12501,52664,133000
'14NF3',12501,52664,135500
'14NF3',12501,52664,141900
'14NF3',12501,52664,144300
'14NF3',12501,52664,150700
'14NF3',12501,52664,153300
'14NF3',12501,52664,155900
'14NF3',12501,52664,162500
'14NF3',12501,52664,165300
'14NF3',12501,52664,172300
'14NF3',12501,52664,175200
'14NF3',12501,52664,182000
'14NF3',12501,52664,184800
'14NF3',12501,52664,191600
'14NF3',12501,52664,194400
'14NF3',12501,52664,201000
'14NF3',12501,52664,204500
'14NF3',12501,52664,212100
'14NF3',12501,52664,215900
'14NF3',12501,52664,223600
'14NF3',12501,52664,231500
'14NF3',12501,52664,235400
'14NF3',12501,52664,243400
'14NF3',12501,52664,252400
'14NF4',12501,52664,52600
'14NF4',12501,52664,60100
'14NF4',12501,52664,63500
'14NF4',12501,52664,70900
'14NF4',12501,52664,74300
'14NF4',12501,52664,81800
'14NF4',12501,52664,85500
'14NF4',12501,52664,93200
'14NF4',12501,52664,100600
'14NF4',12501,52664,103500
'14NF4',12501,52664,110400
'14NF4',12501,52664,113500
'14NF4',12501,52664,120500
'14NF4',12501,52664,123300
'14NF4',12501,52664,130200
'14NF4',12501,52664,132700
'14NF4',12501,52664,134700
'14NF4',12501,52664,140600
'14NF4',12501,52664,142600
'14NF4',12501,52664,144700
'14NF4',12501,52664,150800
'14NF4',12501,52664,152900
'14NF4',12501,52664,155000
'14NF4',12501,52664,161000
'14NF4',12501,52664,163000
'14NF4',12501,52664,165100
'14NF4',12501,52664,171400
'14NF4',12501,52664,173700
'14NF4',12501,52664,180600
'14NF4',12501,52664,183500
'14NF4',12501,52664,190500
'14NF4',12501,52664,193400
'14NF4',12501,52664,200300
'14NF4',12501,52664,203400
'14NF4',12501,52664,211200
'14NF4',12501,52664,215100
'14NF4',12501,52664,223000
'14NF4',12501,52664,230800
'14NF4',12501,52664,234600
'14NF4',12501,52664,242100
'14NF4',12501,52664,245600
'14NF4',12501,52664,252400
'14NI',12501,52664,52600
'14NI',12501,52664,55800
'14NI',12501,52664,63000
'14NI',12501,52664,70200
'14NI',12501,52664,73400
'14NI',12501,52664,80700
'14NI',12501,52664,84100
'14NI',12501,52664,91700
'14NI',12501,52664,95300
'14NI',12501,52664,102700
'14NI',12501,52664,110200
'14NI',12501,52664,113600
'14NI',12501,52664,120900
'14NI',12501,52664,123800
'14NI',12501,52664,130500
'14NI',12501,52664,133000
'14NI',12501,52664,135500
'14NI',12501,52664,141900
'14NI',12501,52664,144300
'14NI',12501,52664,150700
'14NI',12501,52664,153300
'14NI',12501,52664,155900
'14NI',12501,52664,162500
'14NI',12501,52664,165300
'14NI',12501,52664,172300
'14NI',12501,52664,175200
'14NI',12501,52664,182000
'14NI',12501,52664,184800
'14NI',12501,52664,191600
'14NI',12501,52664,194400
'14NI',12501,52664,201000
'14NI',12501,52664,204500
'14NI',12501,52664,212100
'14NI',12501,52664,215900
'14NI',12501,52664,223600
'14NI',12501,52664,231500
'14NI',12501,52664,235400
'14NI',12501,52664,243400
'14NI',12501,52664,252400
'14NS',12501,52664,52600
'14NS',12501,52664,55400
'14NS',12501,52664,62300
'14NS',12501,52664,65300
'14NS',12501,52664,72200
'14NS',12501,52664,75200
'14NS',12501,52664,82200
'14NS',12501,52664,85200
'14NS',12501,52664,92200
'14NS',12501,52664,95100
'14NS',12501,52664,102000
'14NS',12501,52664,104900
'14NS',12501,52664,111600
'14NS',12501,52664,114200
'14NS',12501,52664,120200
'14NS',12501,52664,122200
'14NS',12501,52664,124300
'14NS',12501,52664,130400
'14NS',12501,52664,132300
'14NS',12501,52664,134200
'14NS',12501,52664,140200
'14NS',12501,52664,142200
'14NS',12501,52664,144300
'14NS',12501,52664,150300
'14NS',12501,52664,152300
'14NS',12501,52664,154100
'14NS',12501,52664,155800
'14NS',12501,52664,162800
'14NS',12501,52664,165800
'14NS',12501,52664,172800
'14NS',12501,52664,175600
'14NS',12501,52664,182600
'14NS',12501,52664,185600
'14NS',12501,52664,192600
'14NS',12501,52664,195600
'14NS',12501,52664,202600
'14NS',12501,52664,205600
'14NS',12501,52664,212600
'14NS',12501,52664,215700
'14NS',12501,52664,222800
'14NS',12501,52664,230900
'14NS',12501,52664,235000
'14NS',12501,52664,243300
'14NS',12501,52664,252500
