'15UA',19201,50977,53300
'15UA',19201,50977,60300
'15UA',19201,50977,63300
'15UA',19201,50977,70300
'15UA',19201,50977,73300
'15UA',19201,50977,80300
'15UA',19201,50977,83300
'15UA',19201,50977,90300
'15UA',19201,50977,93300
'15UA',19201,50977,100300
'15UA',19201,50977,103300
'15UA',19201,50977,110300
'15UA',19201,50977,113300
'15UA',19201,50977,120300
'15UA',19201,50977,123300
'15UA',19201,50977,130300
'15UA',19201,50977,133300
'15UA',19201,50977,140300
'15UA',19201,50977,143300
'15UA',19201,50977,150300
'15UA',19201,50977,153300
'15UA',19201,50977,160300
'15UA',19201,50977,163300
'15UA',19201,50977,170300
'15UA',19201,50977,173300
'15UA',19201,50977,180300
'15UA',19201,50977,183300
'15UA',19201,50977,190300
'15UA',19201,50977,193300
'15UA',19201,50977,200300
'15UA',19201,50977,203300
'15UA',19201,50977,210300
'15UA',19201,50977,213300
'15UA',19201,50977,220300
'15UA',19201,50977,223300
'15UA',19201,50977,230300
'15UA',19201,50977,233300
'15UA',19201,50977,240300
'15UA',19201,50977,243300
'15UA',19201,50977,250300
'15UA',19201,50977,254300
'15UF1',19201,50977,53300
'15UF1',19201,50977,60300
'15UF1',19201,50977,63300
'15UF1',19201,50977,70300
'15UF1',19201,50977,73300
'15UF1',19201,50977,80300
'15UF1',19201,50977,83300
'15UF1',19201,50977,90300
'15UF1',19201,50977,93300
'15UF1',19201,50977,100300
'15UF1',19201,50977,103300
'15UF1',19201,50977,110300
'15UF1',19201,50977,113300
'15UF1',19201,50977,120300
'15UF1',19201,50977,123300
'15UF1',19201,50977,130300
'15UF1',19201,50977,133300
'15UF1',19201,50977,140300
'15UF1',19201,50977,143300
'15UF1',19201,50977,150300
'15UF1',19201,50977,153300
'15UF1',19201,50977,160300
'15UF1',19201,50977,163300
'15UF1',19201,50977,170300
'15UF1',19201,50977,173300
'15UF1',19201,50977,180300
'15UF1',19201,50977,183300
'15UF1',19201,50977,190300
'15UF1',19201,50977,193300
'15UF1',19201,50977,200300
'15UF1',19201,50977,203300
'15UF1',19201,50977,210300
'15UF1',19201,50977,213300
'15UF1',19201,50977,220300
'15UF1',19201,50977,223300
'15UF1',19201,50977,230300
'15UF1',19201,50977,233300
'15UF1',19201,50977,240300
'15UF1',19201,50977,243300
'15UF1',19201,50977,250500
'15UF1',19201,50977,253800
'15UF2',19201,50977,53300
'15UF2',19201,50977,60300
'15UF2',19201,50977,63300
'15UF2',19201,50977,70300
'15UF2',19201,50977,73300
'15UF2',19201,50977,80300
'15UF2',19201,50977,83300
'15UF2',19201,50977,90300
'15UF2',19201,50977,93300
'15UF2',19201,50977,100300
'15UF2',19201,50977,103300
'15UF2',19201,50977,110300
'15UF2',19201,50977,113300
'15UF2',19201,50977,120300
'15UF2',19201,50977,123300
'15UF2',19201,50977,130300
'15UF2',19201,50977,133300
'15UF2',19201,50977,140300
'15UF2',19201,50977,143300
'15UF2',19201,50977,150300
'15UF2',19201,50977,153300
'15UF2',19201,50977,160300
'15UF2',19201,50977,163300
'15UF2',19201,50977,170300
'15UF2',19201,50977,173300
'15UF2',19201,50977,180300
'15UF2',19201,50977,183300
'15UF2',19201,50977,190300
'15UF2',19201,50977,193300
'15UF2',19201,50977,200300
'15UF2',19201,50977,203300
'15UF2',19201,50977,210300
'15UF2',19201,50977,213300
'15UF2',19201,50977,220300
'15UF2',19201,50977,223300
'15UF2',19201,50977,230300
'15UF2',19201,50977,233300
'15UF2',19201,50977,240300
'15UF2',19201,50977,243300
'15UF2',19201,50977,250500
'15UF2',19201,50977,253800
'15UI',19201,50977,53600
'15UI',19201,50977,60300
'15UI',19201,50977,63300
'15UI',19201,50977,70300
'15UI',19201,50977,73300
'15UI',19201,50977,80300
'15UI',19201,50977,83300
'15UI',19201,50977,90300
'15UI',19201,50977,93300
'15UI',19201,50977,100300
'15UI',19201,50977,103300
'15UI',19201,50977,110300
'15UI',19201,50977,113300
'15UI',19201,50977,120300
'15UI',19201,50977,123300
'15UI',19201,50977,130300
'15UI',19201,50977,133300
'15UI',19201,50977,140300
'15UI',19201,50977,143300
'15UI',19201,50977,150300
'15UI',19201,50977,153300
'15UI',19201,50977,160300
'15UI',19201,50977,163300
'15UI',19201,50977,170300
'15UI',19201,50977,173400
'15UI',19201,50977,180300
'15UI',19201,50977,183300
'15UI',19201,50977,190300
'15UI',19201,50977,193300
'15UI',19201,50977,200300
'15UI',19201,50977,203300
'15UI',19201,50977,210300
'15UI',19201,50977,213400
'15UI',19201,50977,220300
'15UI',19201,50977,223300
'15UI',19201,50977,230300
'15UI',19201,50977,233300
'15UI',19201,50977,240300
'15UI',19201,50977,243300
'15UI',19201,50977,250300
'15UI',19201,50977,253800
'15US',19201,50977,53600
'15US',19201,50977,55800
'15US',19201,50977,62000
'15US',19201,50977,64300
'15US',19201,50977,71400
'15US',19201,50977,74400
'15US',19201,50977,81400
'15US',19201,50977,84300
'15US',19201,50977,91300
'15US',19201,50977,94300
'15US',19201,50977,101300
'15US',19201,50977,104300
'15US',19201,50977,111300
'15US',19201,50977,114300
'15US',19201,50977,121100
'15US',19201,50977,123900
'15US',19201,50977,130800
'15US',19201,50977,133700
'15US',19201,50977,140700
'15US',19201,50977,143700
'15US',19201,50977,150700
'15US',19201,50977,153700
'15US',19201,50977,160700
'15US',19201,50977,163700
'15US',19201,50977,170700
'15US',19201,50977,173700
'15US',19201,50977,180600
'15US',19201,50977,183600
'15US',19201,50977,190600
'15US',19201,50977,193700
'15US',19201,50977,200800
'15US',19201,50977,203800
'15US',19201,50977,210800
'15US',19201,50977,213800
'15US',19201,50977,220800
'15US',19201,50977,223800
'15US',19201,50977,230800
'15US',19201,50977,233800
'15US',19201,50977,240800
'15US',19201,50977,243700
'15US',19201,50977,250700
'15US',19201,50977,253700
'15US',46001,50977,60600
'15US',46001,50977,63800
'15US',46001,50977,70900
'15US',46001,50977,74900
'15US',46001,50977,81400
'15US',46001,50977,84200
'15US',46001,50977,91100
'15US',46001,50977,93900
'15US',46001,50977,100900
'15US',46001,50977,153100
'15US',46001,50977,154000
'15US',46001,50977,154800
'15US',46001,50977,160000
'15US',46001,50977,160900
'15US',46001,50977,161800
'15US',46001,50977,162700
'15US',46001,50977,163500
'15US',46001,50977,164300
'15US',46001,50977,165100
'15US',46001,50977,165900
'15US',46001,50977,170700
'15US',46001,50977,171500
'15US',46001,50977,172000
'15US',46001,50977,172300
'15US',46001,50977,172800
'15US',46001,50977,173200
'15US',46001,50977,173700
'15US',46001,50977,174200
'15US',46001,50977,174700
'15US',46001,50977,175100
'15US',46001,50977,175300
'15US',46001,50977,175800
'15US',46001,50977,180400
'15US',46001,50977,181900
'15US',46001,50977,183900
'15US',46001,50977,185400
'15US',46001,50977,191400
'15US',46001,50977,193500
'15US',46001,50977,195200
'15US',46001,50977,201200
