'14SA',19501,57346,50700
'14SA',19501,57346,53700
'14SA',19501,57346,60700
'14SA',19501,57346,63700
'14SA',19501,57346,70600
'14SA',19501,57346,73500
'14SA',19501,57346,80600
'14SA',19501,57346,83600
'14SA',19501,57346,90700
'14SA',19501,57346,93700
'14SA',19501,57346,100700
'14SA',19501,57346,103800
'14SA',19501,57346,110900
'14SA',19501,57346,113900
'14SA',19501,57346,120900
'14SA',19501,57346,123900
'14SA',19501,57346,130900
'14SA',19501,57346,133900
'14SA',19501,57346,140900
'14SA',19501,57346,143900
'14SA',19501,57346,150900
'14SA',19501,57346,153700
'14SA',19501,57346,160800
'14SA',19501,57346,163600
'14SA',19501,57346,170800
'14SA',19501,57346,174000
'14SA',19501,57346,181100
'14SA',19501,57346,184100
'14SA',19501,57346,191100
'14SA',19501,57346,194100
'14SA',19501,57346,201100
'14SA',19501,57346,204000
'14SA',19501,57346,211000
'14SA',19501,57346,214000
'14SA',19501,57346,221000
'14SA',19501,57346,223900
'14SA',19501,57346,230900
'14SA',19501,57346,233800
'14SA',19501,57346,240700
'14SA',19501,57346,243600
'14SA',19501,57346,250500
'14SA',19501,57346,253300
'14SF1',19501,57346,50900
'14SF1',19501,57346,53400
'14SF1',19501,57346,55900
'14SF1',19501,57346,62400
'14SF1',19501,57346,64900
'14SF1',19501,57346,71400
'14SF1',19501,57346,73900
'14SF1',19501,57346,80400
'14SF1',19501,57346,83000
'14SF1',19501,57346,85700
'14SF1',19501,57346,92400
'14SF1',19501,57346,95100
'14SF1',19501,57346,101800
'14SF1',19501,57346,104600
'14SF1',19501,57346,111400
'14SF1',19501,57346,114200
'14SF1',19501,57346,121100
'14SF1',19501,57346,124000
'14SF1',19501,57346,130900
'14SF1',19501,57346,133800
'14SF1',19501,57346,140700
'14SF1',19501,57346,143700
'14SF1',19501,57346,150600
'14SF1',19501,57346,153500
'14SF1',19501,57346,160400
'14SF1',19501,57346,163300
'14SF1',19501,57346,170300
'14SF1',19501,57346,173200
'14SF1',19501,57346,180000
'14SF1',19501,57346,182800
'14SF1',19501,57346,185500
'14SF1',19501,57346,192200
'14SF1',19501,57346,195000
'14SF1',19501,57346,201800
'14SF1',19501,57346,204600
'14SF1',19501,57346,211300
'14SF1',19501,57346,214000
'14SF1',19501,57346,220600
'14SF1',19501,57346,223400
'14SF1',19501,57346,230000
'14SF1',19501,57346,232600
'14SF1',19501,57346,235200
'14SF1',19501,57346,241900
'14SF1',19501,57346,244700
'14SF1',19501,57346,251600
'14SF2',19501,57346,50900
'14SF2',19501,57346,53400
'14SF2',19501,57346,55900
'14SF2',19501,57346,62400
'14SF2',19501,57346,64900
'14SF2',19501,57346,71400
'14SF2',19501,57346,73900
'14SF2',19501,57346,80400
'14SF2',19501,57346,83000
'14SF2',19501,57346,85700
'14SF2',19501,57346,92400
'14SF2',19501,57346,95100
'14SF2',19501,57346,101800
'14SF2',19501,57346,104600
'14SF2',19501,57346,111400
'14SF2',19501,57346,114200
'14SF2',19501,57346,121100
'14SF2',19501,57346,124000
'14SF2',19501,57346,130900
'14SF2',19501,57346,133800
'14SF2',19501,57346,140700
'14SF2',19501,57346,143700
'14SF2',19501,57346,150600
'14SF2',19501,57346,153500
'14SF2',19501,57346,160400
'14SF2',19501,57346,163300
'14SF2',19501,57346,170300
'14SF2',19501,57346,173200
'14SF2',19501,57346,180000
'14SF2',19501,57346,182800
'14SF2',19501,57346,185500
'14SF2',19501,57346,192200
'14SF2',19501,57346,195000
'14SF2',19501,57346,201800
'14SF2',19501,57346,204600
'14SF2',19501,57346,211300
'14SF2',19501,57346,214000
'14SF2',19501,57346,220600
'14SF2',19501,57346,223400
'14SF2',19501,57346,230000
'14SF2',19501,57346,232600
'14SF2',19501,57346,235200
'14SF2',19501,57346,241900
'14SF2',19501,57346,244700
'14SF2',19501,57346,251600
'14SI',19501,57346,50900
'14SI',19501,57346,53400
'14SI',19501,57346,55900
'14SI',19501,57346,62400
'14SI',19501,57346,64900
'14SI',19501,57346,71400
'14SI',19501,57346,73900
'14SI',19501,57346,80400
'14SI',19501,57346,83000
'14SI',19501,57346,85700
'14SI',19501,57346,92400
'14SI',19501,57346,95100
'14SI',19501,57346,101800
'14SI',19501,57346,104600
'14SI',19501,57346,111400
'14SI',19501,57346,114200
'14SI',19501,57346,121100
'14SI',19501,57346,124000
'14SI',19501,57346,130900
'14SI',19501,57346,133800
'14SI',19501,57346,140700
'14SI',19501,57346,143700
'14SI',19501,57346,150600
'14SI',19501,57346,153500
'14SI',19501,57346,160400
'14SI',19501,57346,163300
'14SI',19501,57346,170300
'14SI',19501,57346,173200
'14SI',19501,57346,180000
'14SI',19501,57346,182800
'14SI',19501,57346,185500
'14SI',19501,57346,192200
'14SI',19501,57346,195000
'14SI',19501,57346,201800
'14SI',19501,57346,204600
'14SI',19501,57346,211300
'14SI',19501,57346,214000
'14SI',19501,57346,220600
'14SI',19501,57346,223400
'14SI',19501,57346,230000
'14SI',19501,57346,232600
'14SI',19501,57346,235200
'14SI',19501,57346,241900
'14SI',19501,57346,244700
'14SI',19501,57346,251600
'14SS',19501,57346,45400
'14SS',19501,57346,52400
'14SS',19501,57346,55500
'14SS',19501,57346,62900
'14SS',19501,57346,70300
'14SS',19501,57346,73500
'14SS',19501,57346,80200
'14SS',19501,57346,83300
'14SS',19501,57346,90100
'14SS',19501,57346,93000
'14SS',19501,57346,100000
'14SS',19501,57346,103000
'14SS',19501,57346,110000
'14SS',19501,57346,113000
'14SS',19501,57346,120000
'14SS',19501,57346,123000
'14SS',19501,57346,130000
'14SS',19501,57346,133000
'14SS',19501,57346,140000
'14SS',19501,57346,142600
'14SS',19501,57346,145200
'14SS',19501,57346,151300
'14SS',19501,57346,153300
'14SS',19501,57346,155400
'14SS',19501,57346,161700
'14SS',19501,57346,164200
'14SS',19501,57346,171500
'14SS',19501,57346,174700
'14SS',19501,57346,181800
'14SS',19501,57346,184800
'14SS',19501,57346,191700
'14SS',19501,57346,194300
'14SS',19501,57346,200800
'14SS',19501,57346,203800
'14SS',19501,57346,210800
'14SS',19501,57346,213800
'14SS',19501,57346,220800
'14SS',19501,57346,223900
'14SS',19501,57346,231000
'14SS',19501,57346,234000
'14SS',19501,57346,241100
'14SS',19501,57346,244200
'14SS',19501,57346,251300
