'14SA',21702,58448,64500
'14SA',21702,58448,71600
'14SA',21702,58448,74700
'14SA',21702,58448,81800
'14SA',21702,58448,85000
'14SA',21702,58448,92100
'14SA',21702,58448,95300
'14SA',21702,58448,102500
'14SA',21702,58448,105700
'14SA',21702,58448,112800
'14SA',21702,58448,120000
'14SA',21702,58448,123200
'14SA',21702,58448,130500
'14SA',21702,58448,133700
'14SA',21702,58448,140900
'14SA',21702,58448,144100
'14SA',21702,58448,151200
'14SA',21702,58448,154400
'14SA',21702,58448,161600
'14SA',21702,58448,164900
'14SA',21702,58448,172100
'14SA',21702,58448,175300
'14SA',21702,58448,182400
'14SA',21702,58448,185400
'14SA',21702,58448,192400
'14SA',21702,58448,195400
'14SA',21702,58448,202400
'14SA',21702,58448,205500
'14SA',21702,58448,212500
'14SA',21702,58448,215600
'14SA',21702,58448,222600
'14SA',21702,58448,225700
'14SA',21702,58448,232800
'14SA',21702,58448,241400
'14SF1',21702,58448,64500
'14SF1',21702,58448,71600
'14SF1',21702,58448,74700
'14SF1',21702,58448,81800
'14SF1',21702,58448,85000
'14SF1',21702,58448,92100
'14SF1',21702,58448,95300
'14SF1',21702,58448,102500
'14SF1',21702,58448,105700
'14SF1',21702,58448,112800
'14SF1',21702,58448,120000
'14SF1',21702,58448,123200
'14SF1',21702,58448,130500
'14SF1',21702,58448,133700
'14SF1',21702,58448,140900
'14SF1',21702,58448,144100
'14SF1',21702,58448,151200
'14SF1',21702,58448,154400
'14SF1',21702,58448,161600
'14SF1',21702,58448,164900
'14SF1',21702,58448,172100
'14SF1',21702,58448,175300
'14SF1',21702,58448,182400
'14SF1',21702,58448,185400
'14SF1',21702,58448,192400
'14SF1',21702,58448,195400
'14SF1',21702,58448,202400
'14SF1',21702,58448,205500
'14SF1',21702,58448,212500
'14SF1',21702,58448,215600
'14SF1',21702,58448,222600
'14SF1',21702,58448,225700
'14SF1',21702,58448,232800
'14SF1',21702,58448,241400
'14SF2',21702,58448,64500
'14SF2',21702,58448,71600
'14SF2',21702,58448,74700
'14SF2',21702,58448,81800
'14SF2',21702,58448,85000
'14SF2',21702,58448,92100
'14SF2',21702,58448,95300
'14SF2',21702,58448,102500
'14SF2',21702,58448,105700
'14SF2',21702,58448,112800
'14SF2',21702,58448,120000
'14SF2',21702,58448,123200
'14SF2',21702,58448,130500
'14SF2',21702,58448,133700
'14SF2',21702,58448,140900
'14SF2',21702,58448,144100
'14SF2',21702,58448,151200
'14SF2',21702,58448,154400
'14SF2',21702,58448,161600
'14SF2',21702,58448,164900
'14SF2',21702,58448,172100
'14SF2',21702,58448,175300
'14SF2',21702,58448,182400
'14SF2',21702,58448,185400
'14SF2',21702,58448,192400
'14SF2',21702,58448,195400
'14SF2',21702,58448,202400
'14SF2',21702,58448,205500
'14SF2',21702,58448,212500
'14SF2',21702,58448,215600
'14SF2',21702,58448,222600
'14SF2',21702,58448,225700
'14SF2',21702,58448,232800
'14SF2',21702,58448,241400
'14SI',21702,58448,74100
'14SI',21702,58448,81200
'14SI',21702,58448,84300
'14SI',21702,58448,91400
'14SI',21702,58448,94600
'14SI',21702,58448,101800
'14SI',21702,58448,104900
'14SI',21702,58448,112000
'14SI',21702,58448,115200
'14SI',21702,58448,122400
'14SI',21702,58448,125600
'14SI',21702,58448,132800
'14SI',21702,58448,135900
'14SI',21702,58448,143100
'14SI',21702,58448,150300
'14SI',21702,58448,153500
'14SI',21702,58448,160700
'14SI',21702,58448,163900
'14SI',21702,58448,171100
'14SI',21702,58448,174200
'14SI',21702,58448,181400
'14SI',21702,58448,184600
'14SI',21702,58448,191700
'14SI',21702,58448,194800
'14SI',21702,58448,201900
'14SI',21702,58448,205000
'14SI',21702,58448,212100
'14SI',21702,58448,215200
'14SI',21702,58448,222300
'14SI',21702,58448,225300
'14SI',21702,58448,233000
'14SI',21702,58448,241400
'14SS',21702,58448,65300
'14SS',21702,58448,72700
'14SS',21702,58448,80100
'14SS',21702,58448,83400
'14SS',21702,58448,90800
'14SS',21702,58448,93900
'14SS',21702,58448,101000
'14SS',21702,58448,104200
'14SS',21702,58448,111400
'14SS',21702,58448,114500
'14SS',21702,58448,121800
'14SS',21702,58448,125000
'14SS',21702,58448,132300
'14SS',21702,58448,135500
'14SS',21702,58448,142800
'14SS',21702,58448,150100
'14SS',21702,58448,153400
'14SS',21702,58448,160600
'14SS',21702,58448,163100
'14SS',21702,58448,171300
'14SS',21702,58448,172900
'14SS',21702,58448,174700
'14SS',21702,58448,180600
'14SS',21702,58448,182300
'14SS',21702,58448,184200
'14SS',21702,58448,191400
'14SS',21702,58448,200400
'14SS',21702,58448,203600
'14SS',21702,58448,210900
'14SS',21702,58448,214200
'14SS',21702,58448,221600
'14SS',21702,58448,231500
'14SS',21702,58448,241400
'14SS',42502,58448,124100
'14SS',42502,58448,125800
'14SS',42502,58448,132800
'14SS',42502,58448,140500
'14SS',42502,58448,142700
'14SS',42502,58448,144800
'14SS',42502,58448,150900
'14SS',42502,58448,153300
'14SS',42502,58448,155600
'14SS',42502,58448,161800
'14SS',42502,58448,163900
'14SS',42502,58448,165900
'14SS',42502,58448,171800
'14SS',42502,58448,173600
'14SS',42502,58448,175400
'14SS',42502,58448,181200
'14SS',42502,58448,183000
'14SS',42502,58448,184900
'14SS',42502,58448,190900
'14SS',42502,58448,193000
