'15MA',21502,57921,64000
'15MA',21502,57921,65600
'15MA',21502,57921,71800
'15MA',21502,57921,74700
'15MA',21502,57921,81700
'15MA',21502,57921,83700
'15MA',21502,57921,85700
'15MA',21502,57921,91700
'15MA',21502,57921,94700
'15MA',21502,57921,101700
'15MA',21502,57921,104700
'15MA',21502,57921,111600
'15MA',21502,57921,115100
'15MA',21502,57921,122200
'15MA',21502,57921,125300
'15MA',21502,57921,132200
'15MA',21502,57921,135200
'15MA',21502,57921,142200
'15MA',21502,57921,145100
'15MA',21502,57921,151600
'15MA',21502,57921,154900
'15MA',21502,57921,161900
'15MA',21502,57921,165000
'15MA',21502,57921,171800
'15MA',21502,57921,174800
'15MA',21502,57921,181800
'15MA',21502,57921,184700
'15MA',21502,57921,191700
'15MA',21502,57921,194600
'15MA',21502,57921,201600
'15MA',21502,57921,204600
'15MA',21502,57921,211600
'15MA',21502,57921,214600
'15MA',21502,57921,221600
'15MA',21502,57921,224600
'15MA',21502,57921,231500
'15MA',21502,57921,234400
'15MA',21502,57921,241200
'15MA',21502,57921,244200
'15MA',21502,57921,250700
'15MF1',21502,57921,64000
'15MF1',21502,57921,65600
'15MF1',21502,57921,71800
'15MF1',21502,57921,74700
'15MF1',21502,57921,81700
'15MF1',21502,57921,83700
'15MF1',21502,57921,85700
'15MF1',21502,57921,91700
'15MF1',21502,57921,94700
'15MF1',21502,57921,101700
'15MF1',21502,57921,104700
'15MF1',21502,57921,111600
'15MF1',21502,57921,115100
'15MF1',21502,57921,122200
'15MF1',21502,57921,125300
'15MF1',21502,57921,132200
'15MF1',21502,57921,135200
'15MF1',21502,57921,142200
'15MF1',21502,57921,145100
'15MF1',21502,57921,151600
'15MF1',21502,57921,154900
'15MF1',21502,57921,161900
'15MF1',21502,57921,165000
'15MF1',21502,57921,171800
'15MF1',21502,57921,174800
'15MF1',21502,57921,181800
'15MF1',21502,57921,184700
'15MF1',21502,57921,191700
'15MF1',21502,57921,194600
'15MF1',21502,57921,201600
'15MF1',21502,57921,204600
'15MF1',21502,57921,211600
'15MF1',21502,57921,214600
'15MF1',21502,57921,221600
'15MF1',21502,57921,224600
'15MF1',21502,57921,231500
'15MF1',21502,57921,234400
'15MF1',21502,57921,241200
'15MF1',21502,57921,244200
'15MF1',21502,57921,250700
'15MF2',21502,57921,64000
'15MF2',21502,57921,65600
'15MF2',21502,57921,71800
'15MF2',21502,57921,74700
'15MF2',21502,57921,81700
'15MF2',21502,57921,83700
'15MF2',21502,57921,85700
'15MF2',21502,57921,91700
'15MF2',21502,57921,94700
'15MF2',21502,57921,101700
'15MF2',21502,57921,104700
'15MF2',21502,57921,111600
'15MF2',21502,57921,115100
'15MF2',21502,57921,122200
'15MF2',21502,57921,125300
'15MF2',21502,57921,132200
'15MF2',21502,57921,135200
'15MF2',21502,57921,142200
'15MF2',21502,57921,145100
'15MF2',21502,57921,151600
'15MF2',21502,57921,154900
'15MF2',21502,57921,161900
'15MF2',21502,57921,165000
'15MF2',21502,57921,171800
'15MF2',21502,57921,174800
'15MF2',21502,57921,181800
'15MF2',21502,57921,184700
'15MF2',21502,57921,191700
'15MF2',21502,57921,194600
'15MF2',21502,57921,201600
'15MF2',21502,57921,204600
'15MF2',21502,57921,211600
'15MF2',21502,57921,214600
'15MF2',21502,57921,221600
'15MF2',21502,57921,224600
'15MF2',21502,57921,231500
'15MF2',21502,57921,234400
'15MF2',21502,57921,241200
'15MF2',21502,57921,244200
'15MF2',21502,57921,250700
'15MF3',21502,57921,64000
'15MF3',21502,57921,65600
'15MF3',21502,57921,71800
'15MF3',21502,57921,74700
'15MF3',21502,57921,81700
'15MF3',21502,57921,83700
'15MF3',21502,57921,85700
'15MF3',21502,57921,91700
'15MF3',21502,57921,94700
'15MF3',21502,57921,101700
'15MF3',21502,57921,104700
'15MF3',21502,57921,111600
'15MF3',21502,57921,115100
'15MF3',21502,57921,122200
'15MF3',21502,57921,125300
'15MF3',21502,57921,132200
'15MF3',21502,57921,135200
'15MF3',21502,57921,142200
'15MF3',21502,57921,145100
'15MF3',21502,57921,151600
'15MF3',21502,57921,154900
'15MF3',21502,57921,161900
'15MF3',21502,57921,165000
'15MF3',21502,57921,171800
'15MF3',21502,57921,174800
'15MF3',21502,57921,181800
'15MF3',21502,57921,184700
'15MF3',21502,57921,191700
'15MF3',21502,57921,194600
'15MF3',21502,57921,201600
'15MF3',21502,57921,204600
'15MF3',21502,57921,211600
'15MF3',21502,57921,214600
'15MF3',21502,57921,221600
'15MF3',21502,57921,224600
'15MF3',21502,57921,231500
'15MF3',21502,57921,234400
'15MF3',21502,57921,241200
'15MF3',21502,57921,244200
'15MF3',21502,57921,250700
'15MI',21502,57921,64500
'15MI',21502,57921,71500
'15MI',21502,57921,74500
'15MI',21502,57921,81600
'15MI',21502,57921,84600
'15MI',21502,57921,91600
'15MI',21502,57921,94600
'15MI',21502,57921,101600
'15MI',21502,57921,104600
'15MI',21502,57921,111600
'15MI',21502,57921,114600
'15MI',21502,57921,121600
'15MI',21502,57921,124600
'15MI',21502,57921,131700
'15MI',21502,57921,134700
'15MI',21502,57921,141700
'15MI',21502,57921,144700
'15MI',21502,57921,151700
'15MI',21502,57921,154700
'15MI',21502,57921,161700
'15MI',21502,57921,164600
'15MI',21502,57921,171500
'15MI',21502,57921,174500
'15MI',21502,57921,181500
'15MI',21502,57921,184600
'15MI',21502,57921,191500
'15MI',21502,57921,194500
'15MI',21502,57921,201500
'15MI',21502,57921,204500
'15MI',21502,57921,211500
'15MI',21502,57921,214500
'15MI',21502,57921,221500
'15MI',21502,57921,224400
'15MI',21502,57921,231200
'15MI',21502,57921,233800
'15MI',21502,57921,241000
'15MI',21502,57921,244200
'15MI',21502,57921,250700
'15MS',21502,57921,62100
'15MS',21502,57921,64100
'15MS',21502,57921,65600
'15MS',21502,57921,71100
'15MS',21502,57921,72700
'15MS',21502,57921,74300
'15MS',21502,57921,74900
'15MS',21502,57921,80300
'15MS',21502,57921,82400
'15MS',21502,57921,84500
'15MS',21502,57921,90600
'15MS',21502,57921,93100
'15MS',21502,57921,95900
'15MS',21502,57921,102700
'15MS',21502,57921,105500
'15MS',21502,57921,112500
'15MS',21502,57921,115600
'15MS',21502,57921,122700
'15MS',21502,57921,124800
'15MS',21502,57921,130900
'15MS',21502,57921,132900
'15MS',21502,57921,134900
'15MS',21502,57921,141100
'15MS',21502,57921,143300
'15MS',21502,57921,145100
'15MS',21502,57921,150900
'15MS',21502,57921,153900
'15MS',21502,57921,161200
'15MS',21502,57921,164300
'15MS',21502,57921,171400
'15MS',21502,57921,174200
'15MS',21502,57921,181100
'15MS',21502,57921,184100
'15MS',21502,57921,190900
'15MS',21502,57921,194000
'15MS',21502,57921,200800
'15MS',21502,57921,203800
'15MS',21502,57921,205800
'15MS',21502,57921,211800
'15MS',21502,57921,214700
'15MS',21502,57921,221700
'15MS',21502,57921,224700
'15MS',21502,57921,231500
'15MS',21502,57921,233800
'15MS',21502,57921,242000
'15MS',21502,57921,250700
