'15MA',12501,52821,52900
'15MA',12501,52821,60500
'15MA',12501,52821,64100
'15MA',12501,52821,71600
'15MA',12501,52821,75000
'15MA',12501,52821,82300
'15MA',12501,52821,85800
'15MA',12501,52821,93400
'15MA',12501,52821,100900
'15MA',12501,52821,104100
'15MA',12501,52821,111100
'15MA',12501,52821,114200
'15MA',12501,52821,121200
'15MA',12501,52821,124200
'15MA',12501,52821,131000
'15MA',12501,52821,133400
'15MA',12501,52821,135800
'15MA',12501,52821,142100
'15MA',12501,52821,144300
'15MA',12501,52821,150300
'15MA',12501,52821,152300
'15MA',12501,52821,155000
'15MA',12501,52821,161800
'15MA',12501,52821,164700
'15MA',12501,52821,171600
'15MA',12501,52821,174400
'15MA',12501,52821,181200
'15MA',12501,52821,184000
'15MA',12501,52821,190800
'15MA',12501,52821,193900
'15MA',12501,52821,201000
'15MA',12501,52821,204100
'15MA',12501,52821,211600
'15MA',12501,52821,215100
'15MA',12501,52821,222600
'15MA',12501,52821,225700
'15MA',12501,52821,232800
'15MA',12501,52821,235900
'15MA',12501,52821,243000
'15MA',12501,52821,250200
'15MA',12501,52821,253500
'15MF1',12501,52821,52900
'15MF1',12501,52821,60500
'15MF1',12501,52821,64100
'15MF1',12501,52821,71600
'15MF1',12501,52821,75000
'15MF1',12501,52821,82300
'15MF1',12501,52821,85800
'15MF1',12501,52821,93400
'15MF1',12501,52821,100900
'15MF1',12501,52821,104100
'15MF1',12501,52821,111100
'15MF1',12501,52821,114200
'15MF1',12501,52821,121200
'15MF1',12501,52821,124200
'15MF1',12501,52821,131000
'15MF1',12501,52821,133400
'15MF1',12501,52821,135800
'15MF1',12501,52821,142100
'15MF1',12501,52821,144300
'15MF1',12501,52821,150300
'15MF1',12501,52821,152300
'15MF1',12501,52821,155000
'15MF1',12501,52821,161800
'15MF1',12501,52821,164700
'15MF1',12501,52821,171600
'15MF1',12501,52821,174400
'15MF1',12501,52821,181200
'15MF1',12501,52821,184000
'15MF1',12501,52821,190800
'15MF1',12501,52821,193900
'15MF1',12501,52821,201000
'15MF1',12501,52821,204100
'15MF1',12501,52821,211600
'15MF1',12501,52821,215100
'15MF1',12501,52821,222600
'15MF1',12501,52821,225700
'15MF1',12501,52821,232800
'15MF1',12501,52821,235900
'15MF1',12501,52821,243000
'15MF1',12501,52821,250200
'15MF1',12501,52821,252800
'15MF2',12501,52821,52900
'15MF2',12501,52821,60500
'15MF2',12501,52821,64100
'15MF2',12501,52821,71600
'15MF2',12501,52821,75000
'15MF2',12501,52821,82300
'15MF2',12501,52821,85800
'15MF2',12501,52821,93400
'15MF2',12501,52821,100900
'15MF2',12501,52821,104100
'15MF2',12501,52821,111100
'15MF2',12501,52821,114200
'15MF2',12501,52821,121200
'15MF2',12501,52821,124200
'15MF2',12501,52821,131000
'15MF2',12501,52821,133400
'15MF2',12501,52821,135800
'15MF2',12501,52821,142100
'15MF2',12501,52821,144300
'15MF2',12501,52821,150300
'15MF2',12501,52821,152300
'15MF2',12501,52821,155000
'15MF2',12501,52821,161800
'15MF2',12501,52821,164700
'15MF2',12501,52821,171600
'15MF2',12501,52821,174400
'15MF2',12501,52821,181200
'15MF2',12501,52821,184000
'15MF2',12501,52821,190800
'15MF2',12501,52821,193900
'15MF2',12501,52821,201000
'15MF2',12501,52821,204100
'15MF2',12501,52821,211600
'15MF2',12501,52821,215100
'15MF2',12501,52821,222600
'15MF2',12501,52821,225700
'15MF2',12501,52821,232800
'15MF2',12501,52821,235900
'15MF2',12501,52821,243000
'15MF2',12501,52821,250200
'15MF2',12501,52821,252800
'15MF3',12501,52821,52900
'15MF3',12501,52821,60500
'15MF3',12501,52821,64100
'15MF3',12501,52821,71600
'15MF3',12501,52821,75000
'15MF3',12501,52821,82300
'15MF3',12501,52821,85800
'15MF3',12501,52821,93400
'15MF3',12501,52821,100900
'15MF3',12501,52821,104100
'15MF3',12501,52821,111100
'15MF3',12501,52821,114200
'15MF3',12501,52821,121200
'15MF3',12501,52821,124200
'15MF3',12501,52821,131000
'15MF3',12501,52821,133400
'15MF3',12501,52821,135800
'15MF3',12501,52821,142100
'15MF3',12501,52821,144300
'15MF3',12501,52821,150300
'15MF3',12501,52821,152300
'15MF3',12501,52821,155000
'15MF3',12501,52821,161800
'15MF3',12501,52821,164700
'15MF3',12501,52821,171600
'15MF3',12501,52821,174400
'15MF3',12501,52821,181200
'15MF3',12501,52821,184000
'15MF3',12501,52821,190800
'15MF3',12501,52821,193900
'15MF3',12501,52821,201000
'15MF3',12501,52821,204100
'15MF3',12501,52821,211600
'15MF3',12501,52821,215100
'15MF3',12501,52821,222600
'15MF3',12501,52821,225700
'15MF3',12501,52821,232800
'15MF3',12501,52821,235900
'15MF3',12501,52821,243000
'15MF3',12501,52821,250200
'15MF3',12501,52821,252800
'15MI',12501,52821,52800
'15MI',12501,52821,60300
'15MI',12501,52821,63800
'15MI',12501,52821,71300
'15MI',12501,52821,74700
'15MI',12501,52821,81900
'15MI',12501,52821,85100
'15MI',12501,52821,92300
'15MI',12501,52821,95700
'15MI',12501,52821,103100
'15MI',12501,52821,110700
'15MI',12501,52821,114000
'15MI',12501,52821,121200
'15MI',12501,52821,124300
'15MI',12501,52821,131400
'15MI',12501,52821,134400
'15MI',12501,52821,141400
'15MI',12501,52821,144400
'15MI',12501,52821,151400
'15MI',12501,52821,154400
'15MI',12501,52821,161400
'15MI',12501,52821,164100
'15MI',12501,52821,170600
'15MI',12501,52821,173100
'15MI',12501,52821,175600
'15MI',12501,52821,182300
'15MI',12501,52821,185200
'15MI',12501,52821,192100
'15MI',12501,52821,195000
'15MI',12501,52821,202000
'15MI',12501,52821,205200
'15MI',12501,52821,212400
'15MI',12501,52821,220300
'15MI',12501,52821,224100
'15MI',12501,52821,232000
'15MI',12501,52821,235800
'15MI',12501,52821,243600
'15MI',12501,52821,252800
'15MS',12501,52821,52800
'15MS',12501,52821,55600
'15MS',12501,52821,62600
'15MS',12501,52821,65500
'15MS',12501,52821,72600
'15MS',12501,52821,75600
'15MS',12501,52821,82600
'15MS',12501,52821,85600
'15MS',12501,52821,92600
'15MS',12501,52821,95600
'15MS',12501,52821,102600
'15MS',12501,52821,105600
'15MS',12501,52821,112600
'15MS',12501,52821,115800
'15MS',12501,52821,122800
'15MS',12501,52821,125800
'15MS',12501,52821,132800
'15MS',12501,52821,134800
'15MS',12501,52821,140800
'15MS',12501,52821,142800
'15MS',12501,52821,144800
'15MS',12501,52821,150800
'15MS',12501,52821,152800
'15MS',12501,52821,154600
'15MS',12501,52821,160400
'15MS',12501,52821,163400
'15MS',12501,52821,170500
'15MS',12501,52821,173500
'15MS',12501,52821,180500
'15MS',12501,52821,183500
'15MS',12501,52821,190400
'15MS',12501,52821,193500
'15MS',12501,52821,200600
'15MS',12501,52821,203600
'15MS',12501,52821,210600
'15MS',12501,52821,213500
'15MS',12501,52821,220500
'15MS',12501,52821,223500
'15MS',12501,52821,231100
'15MS',12501,52821,235200
'15MS',12501,52821,243500
'15MS',12501,52821,252800
'15MA',36001,52821,261900
'15MA',36001,52821,270400
'15MA',36001,52821,274900
'15MA',36001,52821,283400
'15MA',36001,52821,291900
'15MF1',36001,52821,261900
'15MF1',36001,52821,270400
'15MF1',36001,52821,274900
'15MF1',36001,52821,283400
'15MF1',36001,52821,291900
'15MF2',36001,52821,261900
'15MF2',36001,52821,270400
'15MF2',36001,52821,274900
'15MF2',36001,52821,283400
'15MF2',36001,52821,291900
'15MF3',36001,52821,261700
'15MF3',36001,52821,270200
'15MF3',36001,52821,274700
'15MF3',36001,52821,283200
'15MF3',36001,52821,291700
'15MI',36001,52821,261700
'15MI',36001,52821,270200
'15MI',36001,52821,274700
'15MI',36001,52821,283200
'15MI',36001,52821,291700
'15MS',36001,52821,261700
'15MS',36001,52821,270200
'15MS',36001,52821,274700
'15MS',36001,52821,283200
'15MS',36001,52821,291700
