'15MA',2402,56273,55500
'15MA',2402,56273,62600
'15MA',2402,56273,65700
'15MA',2402,56273,72800
'15MA',2402,56273,75900
'15MA',2402,56273,82900
'15MA',2402,56273,84400
'15MA',2402,56273,90000
'15MA',2402,56273,91600
'15MA',2402,56273,93100
'15MA',2402,56273,94400
'15MA',2402,56273,95700
'15MA',2402,56273,100900
'15MA',2402,56273,102100
'15MA',2402,56273,103300
'15MA',2402,56273,104600
'15MA',2402,56273,110200
'15MA',2402,56273,111500
'15MA',2402,56273,112700
'15MA',2402,56273,113700
'15MA',2402,56273,114600
'15MA',2402,56273,115500
'15MA',2402,56273,120400
'15MA',2402,56273,121300
'15MA',2402,56273,122100
'15MA',2402,56273,122900
'15MA',2402,56273,123700
'15MA',2402,56273,124700
'15MA',2402,56273,125700
'15MA',2402,56273,130700
'15MA',2402,56273,131700
'15MA',2402,56273,132700
'15MA',2402,56273,133800
'15MA',2402,56273,134800
'15MA',2402,56273,135900
'15MA',2402,56273,140900
'15MA',2402,56273,141900
'15MA',2402,56273,142900
'15MA',2402,56273,143900
'15MA',2402,56273,144900
'15MA',2402,56273,145700
'15MA',2402,56273,150500
'15MA',2402,56273,151300
'15MA',2402,56273,152200
'15MA',2402,56273,153100
'15MA',2402,56273,154000
'15MA',2402,56273,154900
'15MA',2402,56273,155900
'15MA',2402,56273,160700
'15MA',2402,56273,161500
'15MA',2402,56273,162300
'15MA',2402,56273,163100
'15MA',2402,56273,163900
'15MA',2402,56273,164700
'15MA',2402,56273,165700
'15MA',2402,56273,170700
'15MA',2402,56273,171800
'15MA',2402,56273,172900
'15MA',2402,56273,174200
'15MA',2402,56273,175500
'15MA',2402,56273,180900
'15MA',2402,56273,182100
'15MA',2402,56273,183300
'15MA',2402,56273,184500
'15MA',2402,56273,185600
'15MA',2402,56273,190800
'15MA',2402,56273,191900
'15MA',2402,56273,193200
'15MA',2402,56273,194700
'15MA',2402,56273,200200
'15MA',2402,56273,201800
'15MA',2402,56273,203500
'15MA',2402,56273,205100
'15MA',2402,56273,210400
'15MA',2402,56273,211600
'15MA',2402,56273,212800
'15MA',2402,56273,214000
'15MA',2402,56273,215700
'15MA',2402,56273,221400
'15MA',2402,56273,223100
'15MA',2402,56273,225200
'15MA',2402,56273,231500
'15MA',2402,56273,234100
'15MA',2402,56273,240700
'15MA',2402,56273,243100
'15MA',2402,56273,245400
'15MA',2402,56273,251700
'15MA',2402,56273,254000
'15MA',2402,56273,260500
'15MF1',2402,56273,55500
'15MF1',2402,56273,62600
'15MF1',2402,56273,65700
'15MF1',2402,56273,72800
'15MF1',2402,56273,75900
'15MF1',2402,56273,82900
'15MF1',2402,56273,84400
'15MF1',2402,56273,90000
'15MF1',2402,56273,91600
'15MF1',2402,56273,93100
'15MF1',2402,56273,94400
'15MF1',2402,56273,95700
'15MF1',2402,56273,100900
'15MF1',2402,56273,102100
'15MF1',2402,56273,103300
'15MF1',2402,56273,104600
'15MF1',2402,56273,110200
'15MF1',2402,56273,111500
'15MF1',2402,56273,112700
'15MF1',2402,56273,113700
'15MF1',2402,56273,114600
'15MF1',2402,56273,115500
'15MF1',2402,56273,120400
'15MF1',2402,56273,121300
'15MF1',2402,56273,122100
'15MF1',2402,56273,122900
'15MF1',2402,56273,123700
'15MF1',2402,56273,124700
'15MF1',2402,56273,125700
'15MF1',2402,56273,130700
'15MF1',2402,56273,131700
'15MF1',2402,56273,132700
'15MF1',2402,56273,133800
'15MF1',2402,56273,134800
'15MF1',2402,56273,135900
'15MF1',2402,56273,140900
'15MF1',2402,56273,141900
'15MF1',2402,56273,142900
'15MF1',2402,56273,143900
'15MF1',2402,56273,144900
'15MF1',2402,56273,145700
'15MF1',2402,56273,150500
'15MF1',2402,56273,151300
'15MF1',2402,56273,152200
'15MF1',2402,56273,153100
'15MF1',2402,56273,154000
'15MF1',2402,56273,154900
'15MF1',2402,56273,155900
'15MF1',2402,56273,160700
'15MF1',2402,56273,161500
'15MF1',2402,56273,162300
'15MF1',2402,56273,163100
'15MF1',2402,56273,163900
'15MF1',2402,56273,164700
'15MF1',2402,56273,165700
'15MF1',2402,56273,170700
'15MF1',2402,56273,171800
'15MF1',2402,56273,172900
'15MF1',2402,56273,174200
'15MF1',2402,56273,175500
'15MF1',2402,56273,180900
'15MF1',2402,56273,182100
'15MF1',2402,56273,183300
'15MF1',2402,56273,184500
'15MF1',2402,56273,185600
'15MF1',2402,56273,190800
'15MF1',2402,56273,191900
'15MF1',2402,56273,193200
'15MF1',2402,56273,194700
'15MF1',2402,56273,200200
'15MF1',2402,56273,201800
'15MF1',2402,56273,203500
'15MF1',2402,56273,205100
'15MF1',2402,56273,210400
'15MF1',2402,56273,211600
'15MF1',2402,56273,212800
'15MF1',2402,56273,214000
'15MF1',2402,56273,215700
'15MF1',2402,56273,221400
'15MF1',2402,56273,223100
'15MF1',2402,56273,225200
'15MF1',2402,56273,231500
'15MF1',2402,56273,234100
'15MF1',2402,56273,240700
'15MF1',2402,56273,243100
'15MF1',2402,56273,245400
'15MF1',2402,56273,252100
'15MF2',2402,56273,55500
'15MF2',2402,56273,62600
'15MF2',2402,56273,65700
'15MF2',2402,56273,72800
'15MF2',2402,56273,75900
'15MF2',2402,56273,82900
'15MF2',2402,56273,84400
'15MF2',2402,56273,90000
'15MF2',2402,56273,91600
'15MF2',2402,56273,93100
'15MF2',2402,56273,94400
'15MF2',2402,56273,95700
'15MF2',2402,56273,100900
'15MF2',2402,56273,102100
'15MF2',2402,56273,103300
'15MF2',2402,56273,104600
'15MF2',2402,56273,110200
'15MF2',2402,56273,111500
'15MF2',2402,56273,112700
'15MF2',2402,56273,113700
'15MF2',2402,56273,114600
'15MF2',2402,56273,115500
'15MF2',2402,56273,120400
'15MF2',2402,56273,121300
'15MF2',2402,56273,122100
'15MF2',2402,56273,122900
'15MF2',2402,56273,123700
'15MF2',2402,56273,124700
'15MF2',2402,56273,125700
'15MF2',2402,56273,130700
'15MF2',2402,56273,131700
'15MF2',2402,56273,132700
'15MF2',2402,56273,133800
'15MF2',2402,56273,134800
'15MF2',2402,56273,135900
'15MF2',2402,56273,140900
'15MF2',2402,56273,141900
'15MF2',2402,56273,142900
'15MF2',2402,56273,143900
'15MF2',2402,56273,144900
'15MF2',2402,56273,145700
'15MF2',2402,56273,150500
'15MF2',2402,56273,151300
'15MF2',2402,56273,152200
'15MF2',2402,56273,153100
'15MF2',2402,56273,154000
'15MF2',2402,56273,154900
'15MF2',2402,56273,155900
'15MF2',2402,56273,160700
'15MF2',2402,56273,161500
'15MF2',2402,56273,162300
'15MF2',2402,56273,163100
'15MF2',2402,56273,163900
'15MF2',2402,56273,164700
'15MF2',2402,56273,165700
'15MF2',2402,56273,170700
'15MF2',2402,56273,171800
'15MF2',2402,56273,172900
'15MF2',2402,56273,174200
'15MF2',2402,56273,175500
'15MF2',2402,56273,180900
'15MF2',2402,56273,182100
'15MF2',2402,56273,183300
'15MF2',2402,56273,184500
'15MF2',2402,56273,185600
'15MF2',2402,56273,190800
'15MF2',2402,56273,191900
'15MF2',2402,56273,193200
'15MF2',2402,56273,194700
'15MF2',2402,56273,200200
'15MF2',2402,56273,201800
'15MF2',2402,56273,203500
'15MF2',2402,56273,205100
'15MF2',2402,56273,210400
'15MF2',2402,56273,211600
'15MF2',2402,56273,212800
'15MF2',2402,56273,214000
'15MF2',2402,56273,215700
'15MF2',2402,56273,221400
'15MF2',2402,56273,223100
'15MF2',2402,56273,225200
'15MF2',2402,56273,231500
'15MF2',2402,56273,234100
'15MF2',2402,56273,240700
'15MF2',2402,56273,243100
'15MF2',2402,56273,245400
'15MF2',2402,56273,252100
'15MF3',2402,56273,55500
'15MF3',2402,56273,62600
'15MF3',2402,56273,65700
'15MF3',2402,56273,72800
'15MF3',2402,56273,75900
'15MF3',2402,56273,82900
'15MF3',2402,56273,84400
'15MF3',2402,56273,90000
'15MF3',2402,56273,91600
'15MF3',2402,56273,93100
'15MF3',2402,56273,94400
'15MF3',2402,56273,95700
'15MF3',2402,56273,100900
'15MF3',2402,56273,102100
'15MF3',2402,56273,103300
'15MF3',2402,56273,104600
'15MF3',2402,56273,110200
'15MF3',2402,56273,111500
'15MF3',2402,56273,112700
'15MF3',2402,56273,113700
'15MF3',2402,56273,114600
'15MF3',2402,56273,115500
'15MF3',2402,56273,120400
'15MF3',2402,56273,121300
'15MF3',2402,56273,122100
'15MF3',2402,56273,122900
'15MF3',2402,56273,123700
'15MF3',2402,56273,124700
'15MF3',2402,56273,125700
'15MF3',2402,56273,130700
'15MF3',2402,56273,131700
'15MF3',2402,56273,132700
'15MF3',2402,56273,133800
'15MF3',2402,56273,134800
'15MF3',2402,56273,135900
'15MF3',2402,56273,140900
'15MF3',2402,56273,141900
'15MF3',2402,56273,142900
'15MF3',2402,56273,143900
'15MF3',2402,56273,144900
'15MF3',2402,56273,145700
'15MF3',2402,56273,150500
'15MF3',2402,56273,151300
'15MF3',2402,56273,152200
'15MF3',2402,56273,153100
'15MF3',2402,56273,154000
'15MF3',2402,56273,154900
'15MF3',2402,56273,155900
'15MF3',2402,56273,160700
'15MF3',2402,56273,161500
'15MF3',2402,56273,162300
'15MF3',2402,56273,163100
'15MF3',2402,56273,163900
'15MF3',2402,56273,164700
'15MF3',2402,56273,165700
'15MF3',2402,56273,170700
'15MF3',2402,56273,171800
'15MF3',2402,56273,172900
'15MF3',2402,56273,174200
'15MF3',2402,56273,175500
'15MF3',2402,56273,180900
'15MF3',2402,56273,182100
'15MF3',2402,56273,183300
'15MF3',2402,56273,184500
'15MF3',2402,56273,185600
'15MF3',2402,56273,190800
'15MF3',2402,56273,191900
'15MF3',2402,56273,193200
'15MF3',2402,56273,194700
'15MF3',2402,56273,200200
'15MF3',2402,56273,201800
'15MF3',2402,56273,203500
'15MF3',2402,56273,205100
'15MF3',2402,56273,210400
'15MF3',2402,56273,211600
'15MF3',2402,56273,212800
'15MF3',2402,56273,214000
'15MF3',2402,56273,215700
'15MF3',2402,56273,221400
'15MF3',2402,56273,223100
'15MF3',2402,56273,225200
'15MF3',2402,56273,231500
'15MF3',2402,56273,234100
'15MF3',2402,56273,240700
'15MF3',2402,56273,243100
'15MF3',2402,56273,245400
'15MF3',2402,56273,252100
'15MI',2402,56273,55400
'15MI',2402,56273,62400
'15MI',2402,56273,65600
'15MI',2402,56273,72600
'15MI',2402,56273,75700
'15MI',2402,56273,82700
'15MI',2402,56273,85800
'15MI',2402,56273,92500
'15MI',2402,56273,94300
'15MI',2402,56273,95900
'15MI',2402,56273,101600
'15MI',2402,56273,103300
'15MI',2402,56273,105000
'15MI',2402,56273,110500
'15MI',2402,56273,111500
'15MI',2402,56273,112500
'15MI',2402,56273,113600
'15MI',2402,56273,115200
'15MI',2402,56273,120800
'15MI',2402,56273,122300
'15MI',2402,56273,123600
'15MI',2402,56273,124600
'15MI',2402,56273,125600
'15MI',2402,56273,130600
'15MI',2402,56273,131600
'15MI',2402,56273,132500
'15MI',2402,56273,133400
'15MI',2402,56273,134300
'15MI',2402,56273,135300
'15MI',2402,56273,140300
'15MI',2402,56273,141200
'15MI',2402,56273,142100
'15MI',2402,56273,143000
'15MI',2402,56273,143800
'15MI',2402,56273,144600
'15MI',2402,56273,145400
'15MI',2402,56273,150300
'15MI',2402,56273,151300
'15MI',2402,56273,152400
'15MI',2402,56273,153600
'15MI',2402,56273,154800
'15MI',2402,56273,160200
'15MI',2402,56273,161700
'15MI',2402,56273,163200
'15MI',2402,56273,164600
'15MI',2402,56273,170000
'15MI',2402,56273,171300
'15MI',2402,56273,172600
'15MI',2402,56273,173800
'15MI',2402,56273,175100
'15MI',2402,56273,180400
'15MI',2402,56273,181700
'15MI',2402,56273,183200
'15MI',2402,56273,184700
'15MI',2402,56273,190100
'15MI',2402,56273,191600
'15MI',2402,56273,193100
'15MI',2402,56273,194500
'15MI',2402,56273,200100
'15MI',2402,56273,202700
'15MI',2402,56273,205700
'15MI',2402,56273,212700
'15MI',2402,56273,215700
'15MI',2402,56273,222700
'15MI',2402,56273,225600
'15MI',2402,56273,232400
'15MI',2402,56273,235300
'15MI',2402,56273,242300
'15MI',2402,56273,245200
'15MI',2402,56273,252100
'15MS',2402,56273,54000
'15MS',2402,56273,60400
'15MS',2402,56273,63000
'15MS',2402,56273,64100
'15MS',2402,56273,65100
'15MS',2402,56273,70300
'15MS',2402,56273,71400
'15MS',2402,56273,72600
'15MS',2402,56273,73700
'15MS',2402,56273,74800
'15MS',2402,56273,75400
'15MS',2402,56273,75900
'15MS',2402,56273,80400
'15MS',2402,56273,80900
'15MS',2402,56273,81400
'15MS',2402,56273,81900
'15MS',2402,56273,82400
'15MS',2402,56273,82900
'15MS',2402,56273,83400
'15MS',2402,56273,83800
'15MS',2402,56273,84300
'15MS',2402,56273,84700
'15MS',2402,56273,85100
'15MS',2402,56273,85400
'15MS',2402,56273,85700
'15MS',2402,56273,90000
'15MS',2402,56273,90500
'15MS',2402,56273,90900
'15MS',2402,56273,91400
'15MS',2402,56273,91800
'15MS',2402,56273,92300
'15MS',2402,56273,92900
'15MS',2402,56273,93500
'15MS',2402,56273,94100
'15MS',2402,56273,94600
'15MS',2402,56273,95100
'15MS',2402,56273,95500
'15MS',2402,56273,95900
'15MS',2402,56273,100400
'15MS',2402,56273,100900
'15MS',2402,56273,101500
'15MS',2402,56273,102000
'15MS',2402,56273,102500
'15MS',2402,56273,103000
'15MS',2402,56273,103600
'15MS',2402,56273,104200
'15MS',2402,56273,104800
'15MS',2402,56273,105400
'15MS',2402,56273,110100
'15MS',2402,56273,110700
'15MS',2402,56273,111600
'15MS',2402,56273,112400
'15MS',2402,56273,113100
'15MS',2402,56273,113800
'15MS',2402,56273,114500
'15MS',2402,56273,115100
'15MS',2402,56273,115700
'15MS',2402,56273,120500
'15MS',2402,56273,121300
'15MS',2402,56273,122100
'15MS',2402,56273,122800
'15MS',2402,56273,123500
'15MS',2402,56273,124200
'15MS',2402,56273,124800
'15MS',2402,56273,125500
'15MS',2402,56273,130100
'15MS',2402,56273,130700
'15MS',2402,56273,131300
'15MS',2402,56273,131900
'15MS',2402,56273,132500
'15MS',2402,56273,133100
'15MS',2402,56273,133900
'15MS',2402,56273,134700
'15MS',2402,56273,135500
'15MS',2402,56273,140400
'15MS',2402,56273,141200
'15MS',2402,56273,142100
'15MS',2402,56273,143000
'15MS',2402,56273,144100
'15MS',2402,56273,145000
'15MS',2402,56273,145900
'15MS',2402,56273,150800
'15MS',2402,56273,151600
'15MS',2402,56273,152400
'15MS',2402,56273,153200
'15MS',2402,56273,154000
'15MS',2402,56273,154800
'15MS',2402,56273,155600
'15MS',2402,56273,160400
'15MS',2402,56273,161200
'15MS',2402,56273,162000
'15MS',2402,56273,162600
'15MS',2402,56273,163200
'15MS',2402,56273,163900
'15MS',2402,56273,164600
'15MS',2402,56273,165300
'15MS',2402,56273,170100
'15MS',2402,56273,170700
'15MS',2402,56273,171700
'15MS',2402,56273,172700
'15MS',2402,56273,173700
'15MS',2402,56273,174700
'15MS',2402,56273,175700
'15MS',2402,56273,180700
'15MS',2402,56273,181700
'15MS',2402,56273,182600
'15MS',2402,56273,183300
'15MS',2402,56273,184300
'15MS',2402,56273,185300
'15MS',2402,56273,190300
'15MS',2402,56273,191300
'15MS',2402,56273,192300
'15MS',2402,56273,193000
'15MS',2402,56273,193700
'15MS',2402,56273,194700
'15MS',2402,56273,195700
'15MS',2402,56273,200700
'15MS',2402,56273,201700
'15MS',2402,56273,202700
'15MS',2402,56273,203700
'15MS',2402,56273,204700
'15MS',2402,56273,205700
'15MS',2402,56273,210700
'15MS',2402,56273,211600
'15MS',2402,56273,212600
'15MS',2402,56273,214400
'15MS',2402,56273,220300
'15MS',2402,56273,222700
'15MS',2402,56273,225300
'15MS',2402,56273,232200
'15MS',2402,56273,235400
'15MS',2402,56273,242300
'15MS',2402,56273,245400
'15MS',2402,56273,252500
'15MA',10402,56273,54700
'15MA',10402,56273,61300
'15MA',10402,56273,64400
'15MA',10402,56273,71300
'15MA',10402,56273,74200
'15MA',10402,56273,81400
'15MA',10402,56273,84700
'15MA',10402,56273,92100
'15MA',10402,56273,95300
'15MA',10402,56273,102600
'15MA',10402,56273,110000
'15MA',10402,56273,113400
'15MA',10402,56273,120700
'15MA',10402,56273,124100
'15MA',10402,56273,131600
'15MA',10402,56273,134900
'15MA',10402,56273,142200
'15MA',10402,56273,145700
'15MA',10402,56273,153100
'15MA',10402,56273,160400
'15MA',10402,56273,163800
'15MA',10402,56273,171100
'15MA',10402,56273,174300
'15MA',10402,56273,181600
'15MA',10402,56273,184900
'15MA',10402,56273,192200
'15MA',10402,56273,195400
'15MA',10402,56273,202500
'15MA',10402,56273,205600
'15MA',10402,56273,212700
'15MA',10402,56273,215600
'15MA',10402,56273,222700
'15MA',10402,56273,225800
'15MA',10402,56273,232700
'15MA',10402,56273,235900
'15MA',10402,56273,242600
'15MA',10402,56273,245600
'15MA',10402,56273,252600
'15MA',10402,56273,255500
'15MF1',10402,56273,54700
'15MF1',10402,56273,61300
'15MF1',10402,56273,64400
'15MF1',10402,56273,71300
'15MF1',10402,56273,74200
'15MF1',10402,56273,81400
'15MF1',10402,56273,84700
'15MF1',10402,56273,92100
'15MF1',10402,56273,95300
'15MF1',10402,56273,102600
'15MF1',10402,56273,110000
'15MF1',10402,56273,113400
'15MF1',10402,56273,120700
'15MF1',10402,56273,124100
'15MF1',10402,56273,131600
'15MF1',10402,56273,134900
'15MF1',10402,56273,142200
'15MF1',10402,56273,145700
'15MF1',10402,56273,153100
'15MF1',10402,56273,160400
'15MF1',10402,56273,163800
'15MF1',10402,56273,171100
'15MF1',10402,56273,174300
'15MF1',10402,56273,181600
'15MF1',10402,56273,184900
'15MF1',10402,56273,192200
'15MF1',10402,56273,195400
'15MF1',10402,56273,202500
'15MF1',10402,56273,205600
'15MF1',10402,56273,212700
'15MF1',10402,56273,215600
'15MF1',10402,56273,222700
'15MF1',10402,56273,225800
'15MF1',10402,56273,232700
'15MF1',10402,56273,235900
'15MF1',10402,56273,242600
'15MF1',10402,56273,245600
'15MF1',10402,56273,253000
'15MF2',10402,56273,54700
'15MF2',10402,56273,61300
'15MF2',10402,56273,64400
'15MF2',10402,56273,71300
'15MF2',10402,56273,74200
'15MF2',10402,56273,81400
'15MF2',10402,56273,84700
'15MF2',10402,56273,92100
'15MF2',10402,56273,95300
'15MF2',10402,56273,102600
'15MF2',10402,56273,110000
'15MF2',10402,56273,113400
'15MF2',10402,56273,120700
'15MF2',10402,56273,124100
'15MF2',10402,56273,131600
'15MF2',10402,56273,134900
'15MF2',10402,56273,142200
'15MF2',10402,56273,145700
'15MF2',10402,56273,153100
'15MF2',10402,56273,160400
'15MF2',10402,56273,163800
'15MF2',10402,56273,171100
'15MF2',10402,56273,174300
'15MF2',10402,56273,181600
'15MF2',10402,56273,184900
'15MF2',10402,56273,192200
'15MF2',10402,56273,195400
'15MF2',10402,56273,202500
'15MF2',10402,56273,205600
'15MF2',10402,56273,212700
'15MF2',10402,56273,215600
'15MF2',10402,56273,222700
'15MF2',10402,56273,225800
'15MF2',10402,56273,232700
'15MF2',10402,56273,235900
'15MF2',10402,56273,242600
'15MF2',10402,56273,245600
'15MF2',10402,56273,253000
'15MF3',10402,56273,60300
'15MF3',10402,56273,63400
'15MF3',10402,56273,70500
'15MF3',10402,56273,73700
'15MF3',10402,56273,80900
'15MF3',10402,56273,84200
'15MF3',10402,56273,91500
'15MF3',10402,56273,94900
'15MF3',10402,56273,102000
'15MF3',10402,56273,105700
'15MF3',10402,56273,113300
'15MF3',10402,56273,120800
'15MF3',10402,56273,124200
'15MF3',10402,56273,131600
'15MF3',10402,56273,135100
'15MF3',10402,56273,142600
'15MF3',10402,56273,150100
'15MF3',10402,56273,153600
'15MF3',10402,56273,161100
'15MF3',10402,56273,164600
'15MF3',10402,56273,172100
'15MF3',10402,56273,175700
'15MF3',10402,56273,183300
'15MF3',10402,56273,190500
'15MF3',10402,56273,193800
'15MF3',10402,56273,201000
'15MF3',10402,56273,204200
'15MF3',10402,56273,211400
'15MF3',10402,56273,214600
'15MF3',10402,56273,221800
'15MF3',10402,56273,225000
'15MF3',10402,56273,232200
'15MF3',10402,56273,235300
'15MF3',10402,56273,242500
'15MF3',10402,56273,245700
'15MF3',10402,56273,253000
'15MI',10402,56273,60300
'15MI',10402,56273,63400
'15MI',10402,56273,70500
'15MI',10402,56273,73700
'15MI',10402,56273,80900
'15MI',10402,56273,84200
'15MI',10402,56273,91500
'15MI',10402,56273,94900
'15MI',10402,56273,102000
'15MI',10402,56273,105700
'15MI',10402,56273,113300
'15MI',10402,56273,120800
'15MI',10402,56273,124200
'15MI',10402,56273,131600
'15MI',10402,56273,135100
'15MI',10402,56273,142600
'15MI',10402,56273,150100
'15MI',10402,56273,153600
'15MI',10402,56273,161100
'15MI',10402,56273,164600
'15MI',10402,56273,172100
'15MI',10402,56273,175700
'15MI',10402,56273,183300
'15MI',10402,56273,190500
'15MI',10402,56273,193800
'15MI',10402,56273,201000
'15MI',10402,56273,204200
'15MI',10402,56273,211400
'15MI',10402,56273,214600
'15MI',10402,56273,221800
'15MI',10402,56273,225000
'15MI',10402,56273,232200
'15MI',10402,56273,235300
'15MI',10402,56273,242500
'15MI',10402,56273,245700
'15MI',10402,56273,253000
'15MS',10402,56273,53500
'15MS',10402,56273,55800
'15MS',10402,56273,63500
'15MS',10402,56273,71400
'15MS',10402,56273,75300
'15MS',10402,56273,83100
'15MS',10402,56273,90800
'15MS',10402,56273,94400
'15MS',10402,56273,101900
'15MS',10402,56273,105500
'15MS',10402,56273,113100
'15MS',10402,56273,120900
'15MS',10402,56273,124600
'15MS',10402,56273,132300
'15MS',10402,56273,140000
'15MS',10402,56273,144000
'15MS',10402,56273,151800
'15MS',10402,56273,155600
'15MS',10402,56273,163500
'15MS',10402,56273,171400
'15MS',10402,56273,175300
'15MS',10402,56273,183000
'15MS',10402,56273,190600
'15MS',10402,56273,194000
'15MS',10402,56273,201400
'15MS',10402,56273,204700
'15MS',10402,56273,211900
'15MS',10402,56273,215100
'15MS',10402,56273,222200
'15MS',10402,56273,225300
'15MS',10402,56273,232300
'15MS',10402,56273,235300
'15MS',10402,56273,242100
'15MS',10402,56273,244900
'15MS',10402,56273,251700
'15MS',10402,56273,254300
'15MA',13802,56273,60900
'15MA',13802,56273,65500
'15MA',13802,56273,73900
'15MA',13802,56273,82400
'15MA',13802,56273,90900
'15MA',13802,56273,95400
'15MA',13802,56273,104000
'15MA',13802,56273,112600
'15MA',13802,56273,121000
'15MA',13802,56273,125600
'15MA',13802,56273,134200
'15MA',13802,56273,142700
'15MA',13802,56273,151300
'15MA',13802,56273,155800
'15MA',13802,56273,164400
'15MA',13802,56273,172800
'15MA',13802,56273,181400
'15MA',13802,56273,185700
'15MA',13802,56273,194100
'15MF1',13802,56273,60900
'15MF1',13802,56273,65500
'15MF1',13802,56273,73900
'15MF1',13802,56273,82400
'15MF1',13802,56273,90900
'15MF1',13802,56273,95400
'15MF1',13802,56273,104000
'15MF1',13802,56273,112600
'15MF1',13802,56273,121000
'15MF1',13802,56273,125600
'15MF1',13802,56273,134200
'15MF1',13802,56273,142700
'15MF1',13802,56273,151300
'15MF1',13802,56273,155800
'15MF1',13802,56273,164400
'15MF1',13802,56273,172800
'15MF1',13802,56273,181400
'15MF1',13802,56273,185700
'15MF1',13802,56273,194100
'15MF2',13802,56273,60900
'15MF2',13802,56273,65500
'15MF2',13802,56273,73900
'15MF2',13802,56273,82400
'15MF2',13802,56273,90900
'15MF2',13802,56273,95400
'15MF2',13802,56273,104000
'15MF2',13802,56273,112600
'15MF2',13802,56273,121000
'15MF2',13802,56273,125600
'15MF2',13802,56273,134200
'15MF2',13802,56273,142700
'15MF2',13802,56273,151300
'15MF2',13802,56273,155800
'15MF2',13802,56273,164400
'15MF2',13802,56273,172800
'15MF2',13802,56273,181400
'15MF2',13802,56273,185700
'15MF2',13802,56273,194100
'15MF3',13802,56273,65100
'15MF3',13802,56273,73000
'15MF3',13802,56273,81500
'15MF3',13802,56273,85800
'15MF3',13802,56273,94200
'15MF3',13802,56273,102600
'15MF3',13802,56273,111000
'15MF3',13802,56273,115300
'15MF3',13802,56273,123600
'15MF3',13802,56273,132000
'15MF3',13802,56273,140300
'15MF3',13802,56273,144700
'15MF3',13802,56273,153100
'15MF3',13802,56273,161600
'15MF3',13802,56273,170000
'15MF3',13802,56273,174400
'15MF3',13802,56273,182700
'15MF3',13802,56273,190800
'15MF3',13802,56273,194800
'15MI',13802,56273,65100
'15MI',13802,56273,73000
'15MI',13802,56273,81500
'15MI',13802,56273,85800
'15MI',13802,56273,94200
'15MI',13802,56273,102600
'15MI',13802,56273,111000
'15MI',13802,56273,115300
'15MI',13802,56273,123600
'15MI',13802,56273,132000
'15MI',13802,56273,140300
'15MI',13802,56273,144700
'15MI',13802,56273,153100
'15MI',13802,56273,161600
'15MI',13802,56273,170000
'15MI',13802,56273,174400
'15MI',13802,56273,182700
'15MI',13802,56273,190800
'15MI',13802,56273,194800
'15MS',13802,56273,55200
'15MS',13802,56273,62100
'15MS',13802,56273,65400
'15MS',13802,56273,73300
'15MS',13802,56273,81100
'15MS',13802,56273,84900
'15MS',13802,56273,92600
'15MS',13802,56273,100100
'15MS',13802,56273,103700
'15MS',13802,56273,111300
'15MS',13802,56273,114900
'15MS',13802,56273,122500
'15MS',13802,56273,130200
'15MS',13802,56273,134000
'15MS',13802,56273,141900
'15MS',13802,56273,145800
'15MS',13802,56273,153700
'15MS',13802,56273,161500
'15MS',13802,56273,165500
'15MS',13802,56273,173300
'15MS',13802,56273,181200
'15MS',13802,56273,185000
'15MS',13802,56273,192500
'15MS',13802,56273,195900
'15MS',13802,56273,203200
'15MS',13802,56273,210400
'15MS',13802,56273,213600
'15MS',13802,56273,220700
'15MS',13802,56273,223700
'15MS',13802,56273,230800
'15MS',13802,56273,233800
'15MS',13802,56273,240700
'15MS',13802,56273,243400
'15MS',13802,56273,250200
'15MS',13802,56273,253000
'15MA',35602,56273,253500
'15MA',35602,56273,255500
'15MA',35602,56273,261500
'15MA',35602,56273,263500
'15MA',35602,56273,264700
'15MA',35602,56273,265900
'15MA',35602,56273,271100
'15MA',35602,56273,272300
'15MA',35602,56273,273200
'15MA',35602,56273,274400
'15MA',35602,56273,275600
'15MA',35602,56273,280800
'15MA',35602,56273,282000
'15MA',35602,56273,283300
'15MF1',35602,56273,253200
'15MF1',35602,56273,255300
'15MF1',35602,56273,261400
'15MF1',35602,56273,263400
'15MF1',35602,56273,264600
'15MF1',35602,56273,265800
'15MF1',35602,56273,271000
'15MF1',35602,56273,272200
'15MF1',35602,56273,273400
'15MF1',35602,56273,274600
'15MF1',35602,56273,275800
'15MF1',35602,56273,281000
'15MF1',35602,56273,283500
'15MF2',35602,56273,253200
'15MF2',35602,56273,261400
'15MF2',35602,56273,265800
'15MF2',35602,56273,272200
'15MF2',35602,56273,274600
'15MF2',35602,56273,281000
'15MF2',35602,56273,283500
'15MF3',35602,56273,253200
'15MF3',35602,56273,261900
'15MF3',35602,56273,270600
'15MF3',35602,56273,275100
'15MF3',35602,56273,283500
'15MI',35602,56273,253200
'15MI',35602,56273,261900
'15MI',35602,56273,270600
'15MI',35602,56273,275100
'15MI',35602,56273,283500
'15MS',35602,56273,253200
'15MS',35602,56273,255300
'15MS',35602,56273,261400
'15MS',35602,56273,263400
'15MS',35602,56273,264600
'15MS',35602,56273,265800
'15MS',35602,56273,271000
'15MS',35602,56273,272200
'15MS',35602,56273,273400
'15MS',35602,56273,274600
'15MS',35602,56273,275800
'15MS',35602,56273,281000
'15MS',35602,56273,283200
