'14UA',13604,52494,52500
'14UA',13604,52494,55400
'14UA',13604,52494,62200
'14UA',13604,52494,65100
'14UA',13604,52494,72000
'14UA',13604,52494,74800
'14UA',13604,52494,81300
'14UA',13604,52494,83800
'14UA',13604,52494,90300
'14UA',13604,52494,92800
'14UA',13604,52494,95200
'14UA',13604,52494,101200
'14UA',13604,52494,103300
'14UA',13604,52494,105100
'14UA',13604,52494,110800
'14UA',13604,52494,112300
'14UA',13604,52494,113800
'14UA',13604,52494,115300
'14UA',13604,52494,120800
'14UA',13604,52494,122400
'14UA',13604,52494,123900
'14UA',13604,52494,125400
'14UA',13604,52494,130900
'14UA',13604,52494,132400
'14UA',13604,52494,133900
'14UA',13604,52494,135400
'14UA',13604,52494,140900
'14UA',13604,52494,142400
'14UA',13604,52494,143800
'14UA',13604,52494,145300
'14UA',13604,52494,150800
'14UA',13604,52494,152300
'14UA',13604,52494,154300
'14UA',13604,52494,160300
'14UA',13604,52494,162300
'14UA',13604,52494,164300
'14UA',13604,52494,170300
'14UA',13604,52494,172300
'14UA',13604,52494,174400
'14UA',13604,52494,180500
'14UA',13604,52494,182700
'14UA',13604,52494,185000
'14UA',13604,52494,191300
'14UA',13604,52494,193600
'14UA',13604,52494,195500
'14UA',13604,52494,201600
'14UA',13604,52494,203700
'14UA',13604,52494,205800
'14UA',13604,52494,211900
'14UA',13604,52494,213900
'14UA',13604,52494,215900
'14UA',13604,52494,221900
'14UA',13604,52494,224400
'14UA',13604,52494,231300
'14UA',13604,52494,234300
'14UA',13604,52494,241300
'14UA',13604,52494,244300
'14UA',13604,52494,251300
'14UA',13604,52494,254300
'14UF1',13604,52494,52500
'14UF1',13604,52494,55400
'14UF1',13604,52494,62200
'14UF1',13604,52494,65100
'14UF1',13604,52494,72000
'14UF1',13604,52494,74800
'14UF1',13604,52494,81300
'14UF1',13604,52494,83800
'14UF1',13604,52494,90300
'14UF1',13604,52494,92800
'14UF1',13604,52494,95200
'14UF1',13604,52494,101200
'14UF1',13604,52494,103300
'14UF1',13604,52494,105100
'14UF1',13604,52494,110800
'14UF1',13604,52494,112300
'14UF1',13604,52494,113800
'14UF1',13604,52494,115300
'14UF1',13604,52494,120800
'14UF1',13604,52494,122400
'14UF1',13604,52494,123900
'14UF1',13604,52494,125400
'14UF1',13604,52494,130900
'14UF1',13604,52494,132400
'14UF1',13604,52494,133900
'14UF1',13604,52494,135400
'14UF1',13604,52494,140900
'14UF1',13604,52494,142400
'14UF1',13604,52494,143800
'14UF1',13604,52494,145300
'14UF1',13604,52494,150800
'14UF1',13604,52494,152300
'14UF1',13604,52494,154300
'14UF1',13604,52494,160300
'14UF1',13604,52494,162300
'14UF1',13604,52494,164300
'14UF1',13604,52494,170300
'14UF1',13604,52494,172300
'14UF1',13604,52494,174400
'14UF1',13604,52494,180500
'14UF1',13604,52494,182700
'14UF1',13604,52494,185000
'14UF1',13604,52494,191300
'14UF1',13604,52494,193600
'14UF1',13604,52494,195500
'14UF1',13604,52494,201600
'14UF1',13604,52494,203700
'14UF1',13604,52494,205800
'14UF1',13604,52494,211900
'14UF1',13604,52494,213900
'14UF1',13604,52494,215900
'14UF1',13604,52494,221900
'14UF1',13604,52494,224400
'14UF1',13604,52494,231300
'14UF1',13604,52494,234300
'14UF1',13604,52494,241300
'14UF1',13604,52494,244300
'14UF1',13604,52494,251000
'14UF2',13604,52494,52500
'14UF2',13604,52494,55400
'14UF2',13604,52494,62200
'14UF2',13604,52494,65100
'14UF2',13604,52494,72000
'14UF2',13604,52494,74800
'14UF2',13604,52494,81300
'14UF2',13604,52494,83800
'14UF2',13604,52494,90300
'14UF2',13604,52494,92800
'14UF2',13604,52494,95200
'14UF2',13604,52494,101200
'14UF2',13604,52494,103300
'14UF2',13604,52494,105100
'14UF2',13604,52494,110800
'14UF2',13604,52494,112300
'14UF2',13604,52494,113800
'14UF2',13604,52494,115300
'14UF2',13604,52494,120800
'14UF2',13604,52494,122400
'14UF2',13604,52494,123900
'14UF2',13604,52494,125400
'14UF2',13604,52494,130900
'14UF2',13604,52494,132400
'14UF2',13604,52494,133900
'14UF2',13604,52494,135400
'14UF2',13604,52494,140900
'14UF2',13604,52494,142400
'14UF2',13604,52494,143800
'14UF2',13604,52494,145300
'14UF2',13604,52494,150800
'14UF2',13604,52494,152300
'14UF2',13604,52494,154300
'14UF2',13604,52494,160300
'14UF2',13604,52494,162300
'14UF2',13604,52494,164300
'14UF2',13604,52494,170300
'14UF2',13604,52494,172300
'14UF2',13604,52494,174400
'14UF2',13604,52494,180500
'14UF2',13604,52494,182700
'14UF2',13604,52494,185000
'14UF2',13604,52494,191300
'14UF2',13604,52494,193600
'14UF2',13604,52494,195500
'14UF2',13604,52494,201600
'14UF2',13604,52494,203700
'14UF2',13604,52494,205800
'14UF2',13604,52494,211900
'14UF2',13604,52494,213900
'14UF2',13604,52494,215900
'14UF2',13604,52494,221900
'14UF2',13604,52494,224400
'14UF2',13604,52494,231300
'14UF2',13604,52494,234300
'14UF2',13604,52494,241300
'14UF2',13604,52494,244300
'14UF2',13604,52494,251000
'14UI',13604,52494,52500
'14UI',13604,52494,54800
'14UI',13604,52494,62200
'14UI',13604,52494,65200
'14UI',13604,52494,72200
'14UI',13604,52494,75300
'14UI',13604,52494,82300
'14UI',13604,52494,85200
'14UI',13604,52494,92100
'14UI',13604,52494,93600
'14UI',13604,52494,95100
'14UI',13604,52494,100600
'14UI',13604,52494,102100
'14UI',13604,52494,103600
'14UI',13604,52494,105100
'14UI',13604,52494,110600
'14UI',13604,52494,112100
'14UI',13604,52494,114100
'14UI',13604,52494,120300
'14UI',13604,52494,122400
'14UI',13604,52494,124500
'14UI',13604,52494,130500
'14UI',13604,52494,132500
'14UI',13604,52494,134500
'14UI',13604,52494,140500
'14UI',13604,52494,142500
'14UI',13604,52494,144500
'14UI',13604,52494,150500
'14UI',13604,52494,152500
'14UI',13604,52494,154500
'14UI',13604,52494,160500
'14UI',13604,52494,162800
'14UI',13604,52494,165000
'14UI',13604,52494,171300
'14UI',13604,52494,173800
'14UI',13604,52494,180300
'14UI',13604,52494,182800
'14UI',13604,52494,185300
'14UI',13604,52494,191800
'14UI',13604,52494,194300
'14UI',13604,52494,201300
'14UI',13604,52494,204300
'14UI',13604,52494,211400
'14UI',13604,52494,214400
'14UI',13604,52494,221500
'14UI',13604,52494,224300
'14UI',13604,52494,231200
'14UI',13604,52494,234200
'14UI',13604,52494,241100
'14UI',13604,52494,244000
'14UI',13604,52494,251000
'14US',13604,52494,52500
'14US',13604,52494,54500
'14US',13604,52494,60700
'14US',13604,52494,62400
'14US',13604,52494,63400
'14US',13604,52494,64500
'14US',13604,52494,65400
'14US',13604,52494,70200
'14US',13604,52494,70900
'14US',13604,52494,71800
'14US',13604,52494,72500
'14US',13604,52494,73100
'14US',13604,52494,73800
'14US',13604,52494,74400
'14US',13604,52494,75000
'14US',13604,52494,75600
'14US',13604,52494,80200
'14US',13604,52494,80700
'14US',13604,52494,81100
'14US',13604,52494,81800
'14US',13604,52494,82500
'14US',13604,52494,83200
'14US',13604,52494,84100
'14US',13604,52494,85100
'14US',13604,52494,90100
'14US',13604,52494,91000
'14US',13604,52494,92000
'14US',13604,52494,93000
'14US',13604,52494,94000
'14US',13604,52494,95000
'14US',13604,52494,100000
'14US',13604,52494,101000
'14US',13604,52494,102000
'14US',13604,52494,103000
'14US',13604,52494,104000
'14US',13604,52494,105000
'14US',13604,52494,110000
'14US',13604,52494,111000
'14US',13604,52494,112000
'14US',13604,52494,113000
'14US',13604,52494,114000
'14US',13604,52494,115000
'14US',13604,52494,120000
'14US',13604,52494,121000
'14US',13604,52494,122000
'14US',13604,52494,123000
'14US',13604,52494,124000
'14US',13604,52494,125000
'14US',13604,52494,130000
'14US',13604,52494,131000
'14US',13604,52494,132000
'14US',13604,52494,133000
'14US',13604,52494,134000
'14US',13604,52494,135000
'14US',13604,52494,140000
'14US',13604,52494,141000
'14US',13604,52494,142000
'14US',13604,52494,143200
'14US',13604,52494,144800
'14US',13604,52494,150400
'14US',13604,52494,151900
'14US',13604,52494,153800
'14US',13604,52494,155700
'14US',13604,52494,161700
'14US',13604,52494,163700
'14US',13604,52494,165700
'14US',13604,52494,171700
'14US',13604,52494,173600
'14US',13604,52494,175500
'14US',13604,52494,181700
'14US',13604,52494,184700
'14US',13604,52494,191600
'14US',13604,52494,194500
'14US',13604,52494,201500
'14US',13604,52494,204400
'14US',13604,52494,211300
'14US',13604,52494,214300
'14US',13604,52494,221300
'14US',13604,52494,224200
'14US',13604,52494,231200
'14US',13604,52494,234200
'14US',13604,52494,241200
'14US',13604,52494,244300
'14US',13604,52494,251300
'14UA',35302,52494,254000
'14UA',35302,52494,262500
'14UA',35302,52494,271000
'14UA',35302,52494,275500
'14UA',35302,52494,284000
'14UF1',35302,52494,254000
'14UF1',35302,52494,262500
'14UF1',35302,52494,271000
'14UF1',35302,52494,275500
'14UF1',35302,52494,284000
'14UF2',35302,52494,254000
'14UF2',35302,52494,262500
'14UF2',35302,52494,271000
'14UF2',35302,52494,275500
'14UF2',35302,52494,284000
'14UI',35302,52494,254000
'14UI',35302,52494,262500
'14UI',35302,52494,271000
'14UI',35302,52494,275500
'14UI',35302,52494,284000
'14US',35302,52494,254000
'14US',35302,52494,262500
'14US',35302,52494,271000
'14US',35302,52494,275500
'14US',35302,52494,284000
