'15JS',4001,54481,62000
'15JS',4001,54481,65900
'15JS',4001,54481,73700
'15JS',4001,54481,81600
'15JS',4001,54481,85500
'15JS',4001,54481,93200
'15JS',4001,54481,101100
'15JS',4001,54481,105000
'15JS',4001,54481,112900
'15JS',4001,54481,120800
'15JS',4001,54481,124700
'15JS',4001,54481,132600
'15JS',4001,54481,140500
'15JS',4001,54481,144400
'15JS',4001,54481,152300
'15JS',4001,54481,160200
'15JS',4001,54481,164200
'15JS',4001,54481,172100
'15JS',4001,54481,175700
'15JS',4001,54481,183700
'15JS',44903,54481,62600
'15JS',44903,54481,65600
'15JS',44903,54481,72500
'15JS',44903,54481,75500
'15JS',44903,54481,82600
'15JS',44903,54481,85500
