'15UA',3402,53243,53000
'15UA',3402,53243,60000
'15UA',3402,53243,63000
'15UA',3402,53243,70100
'15UA',3402,53243,73100
'15UA',3402,53243,80100
'15UA',3402,53243,83100
'15UA',3402,53243,90100
'15UA',3402,53243,93100
'15UA',3402,53243,100100
'15UA',3402,53243,103100
'15UA',3402,53243,110100
'15UA',3402,53243,113100
'15UA',3402,53243,120100
'15UA',3402,53243,123100
'15UA',3402,53243,130100
'15UA',3402,53243,133100
'15UA',3402,53243,140200
'15UA',3402,53243,143300
'15UA',3402,53243,150300
'15UA',3402,53243,153500
'15UA',3402,53243,160600
'15UA',3402,53243,163600
'15UA',3402,53243,170400
'15UA',3402,53243,173200
'15UA',3402,53243,180200
'15UA',3402,53243,183200
'15UA',3402,53243,190100
'15UA',3402,53243,193100
'15UA',3402,53243,200000
'15UA',3402,53243,202800
'15UA',3402,53243,205500
'15UA',3402,53243,212000
'15UA',3402,53243,214500
'15UA',3402,53243,221000
'15UA',3402,53243,223500
'15UA',3402,53243,230000
'15UA',3402,53243,232500
'15UA',3402,53243,234900
'15UA',3402,53243,241400
'15UA',3402,53243,243900
'15UA',3402,53243,250400
'15UA',3402,53243,253000
'15UF1',3402,53243,53000
'15UF1',3402,53243,60000
'15UF1',3402,53243,63000
'15UF1',3402,53243,70100
'15UF1',3402,53243,73100
'15UF1',3402,53243,80100
'15UF1',3402,53243,83100
'15UF1',3402,53243,90100
'15UF1',3402,53243,93100
'15UF1',3402,53243,100100
'15UF1',3402,53243,103100
'15UF1',3402,53243,110100
'15UF1',3402,53243,113100
'15UF1',3402,53243,120100
'15UF1',3402,53243,123100
'15UF1',3402,53243,130100
'15UF1',3402,53243,133100
'15UF1',3402,53243,140200
'15UF1',3402,53243,143300
'15UF1',3402,53243,150300
'15UF1',3402,53243,153500
'15UF1',3402,53243,160600
'15UF1',3402,53243,163600
'15UF1',3402,53243,170400
'15UF1',3402,53243,173200
'15UF1',3402,53243,180200
'15UF1',3402,53243,183200
'15UF1',3402,53243,190100
'15UF1',3402,53243,193100
'15UF1',3402,53243,200000
'15UF1',3402,53243,202800
'15UF1',3402,53243,205500
'15UF1',3402,53243,212000
'15UF1',3402,53243,214500
'15UF1',3402,53243,221000
'15UF1',3402,53243,223500
'15UF1',3402,53243,230000
'15UF1',3402,53243,232500
'15UF1',3402,53243,234900
'15UF1',3402,53243,241400
'15UF1',3402,53243,243800
'15UF1',3402,53243,250200
'15UF1',3402,53243,252800
'15UF2',3402,53243,53000
'15UF2',3402,53243,60000
'15UF2',3402,53243,63000
'15UF2',3402,53243,70100
'15UF2',3402,53243,73100
'15UF2',3402,53243,80100
'15UF2',3402,53243,83100
'15UF2',3402,53243,90100
'15UF2',3402,53243,93100
'15UF2',3402,53243,100100
'15UF2',3402,53243,103100
'15UF2',3402,53243,110100
'15UF2',3402,53243,113100
'15UF2',3402,53243,120100
'15UF2',3402,53243,123100
'15UF2',3402,53243,130100
'15UF2',3402,53243,133100
'15UF2',3402,53243,140200
'15UF2',3402,53243,143300
'15UF2',3402,53243,150300
'15UF2',3402,53243,153500
'15UF2',3402,53243,160600
'15UF2',3402,53243,163600
'15UF2',3402,53243,170400
'15UF2',3402,53243,173200
'15UF2',3402,53243,180200
'15UF2',3402,53243,183200
'15UF2',3402,53243,190100
'15UF2',3402,53243,193100
'15UF2',3402,53243,200000
'15UF2',3402,53243,202800
'15UF2',3402,53243,205500
'15UF2',3402,53243,212000
'15UF2',3402,53243,214500
'15UF2',3402,53243,221000
'15UF2',3402,53243,223500
'15UF2',3402,53243,230000
'15UF2',3402,53243,232500
'15UF2',3402,53243,234900
'15UF2',3402,53243,241400
'15UF2',3402,53243,243800
'15UF2',3402,53243,250200
'15UF2',3402,53243,252800
'15UI',3402,53243,52800
'15UI',3402,53243,55700
'15UI',3402,53243,62700
'15UI',3402,53243,65900
'15UI',3402,53243,72900
'15UI',3402,53243,75900
'15UI',3402,53243,82900
'15UI',3402,53243,90000
'15UI',3402,53243,93000
'15UI',3402,53243,100000
'15UI',3402,53243,103000
'15UI',3402,53243,110100
'15UI',3402,53243,113100
'15UI',3402,53243,120100
'15UI',3402,53243,123100
'15UI',3402,53243,130200
'15UI',3402,53243,133100
'15UI',3402,53243,140000
'15UI',3402,53243,142900
'15UI',3402,53243,150000
'15UI',3402,53243,153100
'15UI',3402,53243,160200
'15UI',3402,53243,163300
'15UI',3402,53243,170200
'15UI',3402,53243,173200
'15UI',3402,53243,180100
'15UI',3402,53243,183000
'15UI',3402,53243,190000
'15UI',3402,53243,193000
'15UI',3402,53243,200000
'15UI',3402,53243,203000
'15UI',3402,53243,205900
'15UI',3402,53243,212800
'15UI',3402,53243,215700
'15UI',3402,53243,222700
'15UI',3402,53243,225700
'15UI',3402,53243,232800
'15UI',3402,53243,235800
'15UI',3402,53243,242800
'15UI',3402,53243,245800
'15UI',3402,53243,252800
'15US',3402,53243,53000
'15US',3402,53243,60100
'15US',3402,53243,63400
'15US',3402,53243,70700
'15US',3402,53243,72600
'15US',3402,53243,74300
'15US',3402,53243,80000
'15US',3402,53243,81800
'15US',3402,53243,84700
'15US',3402,53243,91600
'15US',3402,53243,94500
'15US',3402,53243,101400
'15US',3402,53243,104500
'15US',3402,53243,111600
'15US',3402,53243,114700
'15US',3402,53243,121800
'15US',3402,53243,124800
'15US',3402,53243,131800
'15US',3402,53243,134800
'15US',3402,53243,141800
'15US',3402,53243,144800
'15US',3402,53243,151800
'15US',3402,53243,154700
'15US',3402,53243,161500
'15US',3402,53243,164400
'15US',3402,53243,171300
'15US',3402,53243,174300
'15US',3402,53243,181500
'15US',3402,53243,184500
'15US',3402,53243,191600
'15US',3402,53243,194700
'15US',3402,53243,201700
'15US',3402,53243,204800
'15US',3402,53243,211900
'15US',3402,53243,214600
'15US',3402,53243,221600
'15US',3402,53243,224600
'15US',3402,53243,231600
'15US',3402,53243,234600
'15US',3402,53243,241600
'15US',3402,53243,244800
'15US',3402,53243,252400
'15UA',35302,53243,255000
'15UA',35302,53243,263500
'15UA',35302,53243,272000
'15UA',35302,53243,280500
'15UA',35302,53243,285000
'15UF1',35302,53243,255000
'15UF1',35302,53243,263500
'15UF1',35302,53243,272000
'15UF1',35302,53243,280500
'15UF1',35302,53243,285000
'15UF2',35302,53243,255000
'15UF2',35302,53243,263500
'15UF2',35302,53243,272000
'15UF2',35302,53243,280500
'15UF2',35302,53243,285000
'15UI',35302,53243,255000
'15UI',35302,53243,263500
'15UI',35302,53243,272000
'15UI',35302,53243,280500
'15UI',35302,53243,285000
'15US',35302,53243,254900
'15US',35302,53243,263400
'15US',35302,53243,271900
'15US',35302,53243,280400
'15US',35302,53243,284900
