'14SA',4901,52519,62200
'14SA',4901,52519,65400
'14SA',4901,52519,72400
'14SA',4901,52519,75400
'14SA',4901,52519,82100
'14SA',4901,52519,84400
'14SA',4901,52519,90800
'14SA',4901,52519,93200
'14SA',4901,52519,95800
'14SA',4901,52519,102500
'14SA',4901,52519,105200
'14SA',4901,52519,111900
'14SA',4901,52519,114800
'14SA',4901,52519,121600
'14SA',4901,52519,123900
'14SA',4901,52519,125900
'14SA',4901,52519,131900
'14SA',4901,52519,134000
'14SA',4901,52519,140000
'14SA',4901,52519,141800
'14SA',4901,52519,143600
'14SA',4901,52519,145600
'14SA',4901,52519,151700
'14SA',4901,52519,153700
'14SA',4901,52519,155700
'14SA',4901,52519,161800
'14SA',4901,52519,163200
'14SA',4901,52519,164500
'14SA',4901,52519,165900
'14SA',4901,52519,171100
'14SA',4901,52519,172300
'14SA',4901,52519,173500
'14SA',4901,52519,174600
'14SA',4901,52519,175600
'14SA',4901,52519,180600
'14SA',4901,52519,181600
'14SA',4901,52519,182600
'14SA',4901,52519,183500
'14SA',4901,52519,184400
'14SA',4901,52519,185700
'14SA',4901,52519,191200
'14SA',4901,52519,192800
'14SA',4901,52519,194400
'14SA',4901,52519,200000
'14SA',4901,52519,201900
'14SA',4901,52519,203900
'14SA',4901,52519,210000
'14SA',4901,52519,212600
'14SA',4901,52519,215600
'14SA',4901,52519,222600
'14SA',4901,52519,225600
'14SA',4901,52519,232600
'14SA',4901,52519,235600
'14SA',4901,52519,242500
'14SA',4901,52519,244700
'14SA',4901,52519,251000
'14SA',4901,52519,253300
'14SA',4901,52519,255500
'14SA',4901,52519,261700
'14SF1',4901,52519,62300
'14SF1',4901,52519,65200
'14SF1',4901,52519,72100
'14SF1',4901,52519,75000
'14SF1',4901,52519,81900
'14SF1',4901,52519,84800
'14SF1',4901,52519,91700
'14SF1',4901,52519,94600
'14SF1',4901,52519,101700
'14SF1',4901,52519,104800
'14SF1',4901,52519,111700
'14SF1',4901,52519,114800
'14SF1',4901,52519,121600
'14SF1',4901,52519,123700
'14SF1',4901,52519,125700
'14SF1',4901,52519,131700
'14SF1',4901,52519,133800
'14SF1',4901,52519,135700
'14SF1',4901,52519,141700
'14SF1',4901,52519,143800
'14SF1',4901,52519,145700
'14SF1',4901,52519,151700
'14SF1',4901,52519,153700
'14SF1',4901,52519,155700
'14SF1',4901,52519,161600
'14SF1',4901,52519,163100
'14SF1',4901,52519,164600
'14SF1',4901,52519,170100
'14SF1',4901,52519,171600
'14SF1',4901,52519,172800
'14SF1',4901,52519,174000
'14SF1',4901,52519,175200
'14SF1',4901,52519,180400
'14SF1',4901,52519,181600
'14SF1',4901,52519,183100
'14SF1',4901,52519,184500
'14SF1',4901,52519,185800
'14SF1',4901,52519,191800
'14SF1',4901,52519,193800
'14SF1',4901,52519,195800
'14SF1',4901,52519,201800
'14SF1',4901,52519,203800
'14SF1',4901,52519,205800
'14SF1',4901,52519,211800
'14SF1',4901,52519,213800
'14SF1',4901,52519,215800
'14SF1',4901,52519,222700
'14SF1',4901,52519,225700
'14SF1',4901,52519,232600
'14SF1',4901,52519,235400
'14SF1',4901,52519,242200
'14SF1',4901,52519,245100
'14SF1',4901,52519,252000
'14SF1',4901,52519,254900
'14SF2',4901,52519,62300
'14SF2',4901,52519,65200
'14SF2',4901,52519,72100
'14SF2',4901,52519,75000
'14SF2',4901,52519,81900
'14SF2',4901,52519,84800
'14SF2',4901,52519,91700
'14SF2',4901,52519,94600
'14SF2',4901,52519,101700
'14SF2',4901,52519,104800
'14SF2',4901,52519,111700
'14SF2',4901,52519,114800
'14SF2',4901,52519,121600
'14SF2',4901,52519,123700
'14SF2',4901,52519,125700
'14SF2',4901,52519,131700
'14SF2',4901,52519,133800
'14SF2',4901,52519,135700
'14SF2',4901,52519,141700
'14SF2',4901,52519,143800
'14SF2',4901,52519,145700
'14SF2',4901,52519,151700
'14SF2',4901,52519,153700
'14SF2',4901,52519,155700
'14SF2',4901,52519,161600
'14SF2',4901,52519,163100
'14SF2',4901,52519,164600
'14SF2',4901,52519,170100
'14SF2',4901,52519,171600
'14SF2',4901,52519,172800
'14SF2',4901,52519,174000
'14SF2',4901,52519,175200
'14SF2',4901,52519,180400
'14SF2',4901,52519,181600
'14SF2',4901,52519,183100
'14SF2',4901,52519,184500
'14SF2',4901,52519,185800
'14SF2',4901,52519,191800
'14SF2',4901,52519,193800
'14SF2',4901,52519,195800
'14SF2',4901,52519,201800
'14SF2',4901,52519,203800
'14SF2',4901,52519,205800
'14SF2',4901,52519,211800
'14SF2',4901,52519,213800
'14SF2',4901,52519,215800
'14SF2',4901,52519,222700
'14SF2',4901,52519,225700
'14SF2',4901,52519,232600
'14SF2',4901,52519,235400
'14SF2',4901,52519,242200
'14SF2',4901,52519,245100
'14SF2',4901,52519,252000
'14SF2',4901,52519,254900
'14SI',4901,52519,62300
'14SI',4901,52519,65200
'14SI',4901,52519,72100
'14SI',4901,52519,75000
'14SI',4901,52519,81900
'14SI',4901,52519,84800
'14SI',4901,52519,91700
'14SI',4901,52519,94600
'14SI',4901,52519,101700
'14SI',4901,52519,104800
'14SI',4901,52519,111700
'14SI',4901,52519,114800
'14SI',4901,52519,121600
'14SI',4901,52519,123700
'14SI',4901,52519,125700
'14SI',4901,52519,131700
'14SI',4901,52519,133800
'14SI',4901,52519,135700
'14SI',4901,52519,141700
'14SI',4901,52519,143800
'14SI',4901,52519,145700
'14SI',4901,52519,151700
'14SI',4901,52519,153700
'14SI',4901,52519,155700
'14SI',4901,52519,161600
'14SI',4901,52519,163100
'14SI',4901,52519,164600
'14SI',4901,52519,170100
'14SI',4901,52519,171600
'14SI',4901,52519,172800
'14SI',4901,52519,174000
'14SI',4901,52519,175200
'14SI',4901,52519,180400
'14SI',4901,52519,181600
'14SI',4901,52519,183100
'14SI',4901,52519,184500
'14SI',4901,52519,185800
'14SI',4901,52519,191800
'14SI',4901,52519,193800
'14SI',4901,52519,195800
'14SI',4901,52519,201800
'14SI',4901,52519,203800
'14SI',4901,52519,205800
'14SI',4901,52519,211800
'14SI',4901,52519,213800
'14SI',4901,52519,215800
'14SI',4901,52519,222700
'14SI',4901,52519,225700
'14SI',4901,52519,232600
'14SI',4901,52519,235400
'14SI',4901,52519,242200
'14SI',4901,52519,245100
'14SI',4901,52519,252000
'14SI',4901,52519,254900
'14SS',4901,52519,61100
'14SS',4901,52519,63400
'14SS',4901,52519,65500
'14SS',4901,52519,71400
'14SS',4901,52519,73400
'14SS',4901,52519,75600
'14SS',4901,52519,81600
'14SS',4901,52519,83600
'14SS',4901,52519,85300
'14SS',4901,52519,91300
'14SS',4901,52519,93300
'14SS',4901,52519,95700
'14SS',4901,52519,102500
'14SS',4901,52519,105100
'14SS',4901,52519,111600
'14SS',4901,52519,113600
'14SS',4901,52519,115600
'14SS',4901,52519,121600
'14SS',4901,52519,123600
'14SS',4901,52519,125600
'14SS',4901,52519,131100
'14SS',4901,52519,132600
'14SS',4901,52519,134100
'14SS',4901,52519,135700
'14SS',4901,52519,141200
'14SS',4901,52519,142600
'14SS',4901,52519,143900
'14SS',4901,52519,145000
'14SS',4901,52519,150200
'14SS',4901,52519,151300
'14SS',4901,52519,152400
'14SS',4901,52519,153100
'14SS',4901,52519,153900
'14SS',4901,52519,154800
'14SS',4901,52519,155600
'14SS',4901,52519,160100
'14SS',4901,52519,160900
'14SS',4901,52519,161400
'14SS',4901,52519,162000
'14SS',4901,52519,162700
'14SS',4901,52519,163400
'14SS',4901,52519,164100
'14SS',4901,52519,164700
'14SS',4901,52519,165500
'14SS',4901,52519,170100
'14SS',4901,52519,170900
'14SS',4901,52519,171700
'14SS',4901,52519,172500
'14SS',4901,52519,173300
'14SS',4901,52519,174000
'14SS',4901,52519,174600
'14SS',4901,52519,175400
'14SS',4901,52519,180100
'14SS',4901,52519,180900
'14SS',4901,52519,181500
'14SS',4901,52519,182300
'14SS',4901,52519,183000
'14SS',4901,52519,183700
'14SS',4901,52519,184500
'14SS',4901,52519,185100
'14SS',4901,52519,185800
'14SS',4901,52519,190500
'14SS',4901,52519,191300
'14SS',4901,52519,192000
'14SS',4901,52519,192600
'14SS',4901,52519,193400
'14SS',4901,52519,194300
'14SS',4901,52519,195300
'14SS',4901,52519,200300
'14SS',4901,52519,201300
'14SS',4901,52519,202300
'14SS',4901,52519,203300
'14SS',4901,52519,204300
'14SS',4901,52519,205300
'14SS',4901,52519,210300
'14SS',4901,52519,211300
'14SS',4901,52519,212300
'14SS',4901,52519,213300
'14SS',4901,52519,214300
'14SS',4901,52519,215300
'14SS',4901,52519,220300
'14SS',4901,52519,221200
'14SS',4901,52519,222300
'14SS',4901,52519,223400
'14SS',4901,52519,224700
'14SS',4901,52519,230000
'14SS',4901,52519,231300
'14SS',4901,52519,233200
'14SS',4901,52519,235200
'14SS',4901,52519,241200
'14SS',4901,52519,243200
'14SS',4901,52519,245200
'14SS',4901,52519,252000
'14SS',4901,52519,254900
'14SS',44903,52519,93500
'14SS',44903,52519,100500
'14SS',44903,52519,103600
'14SS',44903,52519,110600
'14SS',44903,52519,113600
'14SS',44903,52519,120500
'14SS',44903,52519,123400
'14SS',44903,52519,130300
'14SS',44903,52519,133200
'14SS',44903,52519,135500
'14SS',44903,52519,141700
'14SS',44903,52519,143800
'14SS',44903,52519,150000
'14SS',44903,52519,152100
'14SS',44903,52519,154200
'14SS',44903,52519,155800
'14SS',44903,52519,161400
'14SS',44903,52519,162800
'14SS',44903,52519,163700
'14SS',44903,52519,164500
'14SS',44903,52519,165300
'14SS',44903,52519,170000
'14SS',44903,52519,170700
'14SS',44903,52519,171400
'14SS',44903,52519,172000
'14SS',44903,52519,172700
'14SS',44903,52519,173200
'14SS',44903,52519,173800
'14SS',44903,52519,174400
'14SS',44903,52519,174900
'14SS',44903,52519,175500
'14SS',44903,52519,180000
'14SS',44903,52519,180600
'14SS',44903,52519,181200
'14SS',44903,52519,181900
'14SS',44903,52519,182600
'14SS',44903,52519,183500
'14SS',44903,52519,184500
'14SS',44903,52519,185500
'14SS',44903,52519,190900
'14SS',44903,52519,192400
'14SS',44903,52519,193900
'14SS',44903,52519,200900
'14SS',44903,52519,203900
'14SS',44903,52519,210900
'14SS',44903,52519,213900
'14SS',44903,52519,220900
'14SS',44903,52519,224100
