'15UA',11302,56955,54100
'15UA',11302,56955,61100
'15UA',11302,56955,64100
'15UA',11302,56955,71100
'15UA',11302,56955,74200
'15UA',11302,56955,81200
'15UA',11302,56955,84300
'15UA',11302,56955,91400
'15UA',11302,56955,94900
'15UA',11302,56955,102300
'15UA',11302,56955,105200
'15UA',11302,56955,112100
'15UA',11302,56955,115100
'15UA',11302,56955,122000
'15UA',11302,56955,125000
'15UA',11302,56955,132100
'15UA',11302,56955,135100
'15UA',11302,56955,141500
'15UA',11302,56955,143800
'15UA',11302,56955,145900
'15UA',11302,56955,151900
'15UA',11302,56955,154000
'15UA',11302,56955,160000
'15UA',11302,56955,161900
'15UA',11302,56955,164000
'15UA',11302,56955,170100
'15UA',11302,56955,172200
'15UA',11302,56955,173300
'15UA',11302,56955,174300
'15UA',11302,56955,175300
'15UA',11302,56955,180800
'15UA',11302,56955,182200
'15UA',11302,56955,183700
'15UA',11302,56955,190500
'15UA',11302,56955,193300
'15UA',11302,56955,200000
'15UA',11302,56955,201900
'15UA',11302,56955,203800
'15UA',11302,56955,210000
'15UA',11302,56955,212700
'15UA',11302,56955,215400
'15UA',11302,56955,222100
'15UA',11302,56955,224700
'15UA',11302,56955,230700
'15UA',11302,56955,232700
'15UA',11302,56955,234700
'15UA',11302,56955,241000
'15UA',11302,56955,243300
'15UA',11302,56955,245700
'15UA',11302,56955,253000
'15UA',11302,56955,260300
'15UF1',11302,56955,60600
'15UF1',11302,56955,64000
'15UF1',11302,56955,71300
'15UF1',11302,56955,74600
'15UF1',11302,56955,81900
'15UF1',11302,56955,85400
'15UF1',11302,56955,92800
'15UF1',11302,56955,100000
'15UF1',11302,56955,102400
'15UF1',11302,56955,104900
'15UF1',11302,56955,111300
'15UF1',11302,56955,113800
'15UF1',11302,56955,120300
'15UF1',11302,56955,122800
'15UF1',11302,56955,125300
'15UF1',11302,56955,131900
'15UF1',11302,56955,134500
'15UF1',11302,56955,141000
'15UF1',11302,56955,143500
'15UF1',11302,56955,150100
'15UF1',11302,56955,152500
'15UF1',11302,56955,155000
'15UF1',11302,56955,160900
'15UF1',11302,56955,162500
'15UF1',11302,56955,164000
'15UF1',11302,56955,165300
'15UF1',11302,56955,170600
'15UF1',11302,56955,172100
'15UF1',11302,56955,173700
'15UF1',11302,56955,175400
'15UF1',11302,56955,181000
'15UF1',11302,56955,182600
'15UF1',11302,56955,184200
'15UF1',11302,56955,190700
'15UF1',11302,56955,193300
'15UF1',11302,56955,200000
'15UF1',11302,56955,202600
'15UF1',11302,56955,205200
'15UF1',11302,56955,211800
'15UF1',11302,56955,214700
'15UF1',11302,56955,221700
'15UF1',11302,56955,224700
'15UF1',11302,56955,231600
'15UF1',11302,56955,234500
'15UF1',11302,56955,241500
'15UF1',11302,56955,244400
'15UF1',11302,56955,251300
'15UF1',11302,56955,254100
'15UF2',11302,56955,60600
'15UF2',11302,56955,64000
'15UF2',11302,56955,71300
'15UF2',11302,56955,74600
'15UF2',11302,56955,81900
'15UF2',11302,56955,85400
'15UF2',11302,56955,92800
'15UF2',11302,56955,100000
'15UF2',11302,56955,102400
'15UF2',11302,56955,104900
'15UF2',11302,56955,111300
'15UF2',11302,56955,113800
'15UF2',11302,56955,120300
'15UF2',11302,56955,122800
'15UF2',11302,56955,125300
'15UF2',11302,56955,131900
'15UF2',11302,56955,134500
'15UF2',11302,56955,141000
'15UF2',11302,56955,143500
'15UF2',11302,56955,150100
'15UF2',11302,56955,152500
'15UF2',11302,56955,155000
'15UF2',11302,56955,160900
'15UF2',11302,56955,162500
'15UF2',11302,56955,164000
'15UF2',11302,56955,165300
'15UF2',11302,56955,170600
'15UF2',11302,56955,172100
'15UF2',11302,56955,173700
'15UF2',11302,56955,175400
'15UF2',11302,56955,181000
'15UF2',11302,56955,182600
'15UF2',11302,56955,184200
'15UF2',11302,56955,190700
'15UF2',11302,56955,193300
'15UF2',11302,56955,200000
'15UF2',11302,56955,202600
'15UF2',11302,56955,205200
'15UF2',11302,56955,211800
'15UF2',11302,56955,214700
'15UF2',11302,56955,221700
'15UF2',11302,56955,224700
'15UF2',11302,56955,231600
'15UF2',11302,56955,234500
'15UF2',11302,56955,241500
'15UF2',11302,56955,244400
'15UF2',11302,56955,251300
'15UF2',11302,56955,254100
'15UI',11302,56955,60600
'15UI',11302,56955,64000
'15UI',11302,56955,71300
'15UI',11302,56955,74600
'15UI',11302,56955,81900
'15UI',11302,56955,85400
'15UI',11302,56955,92800
'15UI',11302,56955,100000
'15UI',11302,56955,102400
'15UI',11302,56955,104900
'15UI',11302,56955,111300
'15UI',11302,56955,113800
'15UI',11302,56955,120300
'15UI',11302,56955,122800
'15UI',11302,56955,125300
'15UI',11302,56955,131900
'15UI',11302,56955,134500
'15UI',11302,56955,141000
'15UI',11302,56955,143500
'15UI',11302,56955,150100
'15UI',11302,56955,152500
'15UI',11302,56955,155000
'15UI',11302,56955,160900
'15UI',11302,56955,162500
'15UI',11302,56955,164000
'15UI',11302,56955,165300
'15UI',11302,56955,170600
'15UI',11302,56955,172100
'15UI',11302,56955,173700
'15UI',11302,56955,175400
'15UI',11302,56955,181000
'15UI',11302,56955,182600
'15UI',11302,56955,184200
'15UI',11302,56955,190700
'15UI',11302,56955,193300
'15UI',11302,56955,200000
'15UI',11302,56955,202600
'15UI',11302,56955,205200
'15UI',11302,56955,211800
'15UI',11302,56955,214700
'15UI',11302,56955,221700
'15UI',11302,56955,224700
'15UI',11302,56955,231600
'15UI',11302,56955,234500
'15UI',11302,56955,241500
'15UI',11302,56955,244400
'15UI',11302,56955,251300
'15UI',11302,56955,254100
'15US',11302,56955,52400
'15US',11302,56955,55000
'15US',11302,56955,61800
'15US',11302,56955,64600
'15US',11302,56955,71400
'15US',11302,56955,74300
'15US',11302,56955,81200
'15US',11302,56955,84200
'15US',11302,56955,91100
'15US',11302,56955,93900
'15US',11302,56955,100700
'15US',11302,56955,103500
'15US',11302,56955,110200
'15US',11302,56955,112800
'15US',11302,56955,114600
'15US',11302,56955,120400
'15US',11302,56955,122500
'15US',11302,56955,124500
'15US',11302,56955,130600
'15US',11302,56955,132800
'15US',11302,56955,134500
'15US',11302,56955,140200
'15US',11302,56955,141900
'15US',11302,56955,143600
'15US',11302,56955,145700
'15US',11302,56955,151800
'15US',11302,56955,153900
'15US',11302,56955,155700
'15US',11302,56955,161500
'15US',11302,56955,162800
'15US',11302,56955,164200
'15US',11302,56955,165600
'15US',11302,56955,170900
'15US',11302,56955,172100
'15US',11302,56955,173300
'15US',11302,56955,174400
'15US',11302,56955,175200
'15US',11302,56955,180000
'15US',11302,56955,180800
'15US',11302,56955,181700
'15US',11302,56955,183000
'15US',11302,56955,184300
'15US',11302,56955,185600
'15US',11302,56955,191000
'15US',11302,56955,192300
'15US',11302,56955,193500
'15US',11302,56955,194600
'15US',11302,56955,195800
'15US',11302,56955,201600
'15US',11302,56955,203500
'15US',11302,56955,205900
'15US',11302,56955,212600
'15US',11302,56955,215300
'15US',11302,56955,221900
'15US',11302,56955,224200
'15US',11302,56955,230500
'15US',11302,56955,233500
'15US',11302,56955,240600
'15US',11302,56955,243700
'15US',11302,56955,250800
'15US',11302,56955,253700
