'15MA',6801,50146,64200
'15MA',6801,50146,71700
'15MA',6801,50146,75200
'15MA',6801,50146,81000
'15MA',6801,50146,82700
'15MA',6801,50146,84000
'15MA',6801,50146,85300
'15MA',6801,50146,90700
'15MA',6801,50146,93000
'15MA',6801,50146,95400
'15MA',6801,50146,102000
'15MA',6801,50146,104400
'15MA',6801,50146,110800
'15MA',6801,50146,113300
'15MA',6801,50146,115800
'15MA',6801,50146,122000
'15MA',6801,50146,124200
'15MA',6801,50146,130400
'15MA',6801,50146,132600
'15MA',6801,50146,134800
'15MA',6801,50146,141100
'15MA',6801,50146,143300
'15MA',6801,50146,145500
'15MA',6801,50146,151700
'15MA',6801,50146,153900
'15MA',6801,50146,160200
'15MA',6801,50146,162400
'15MA',6801,50146,164600
'15MA',6801,50146,170900
'15MA',6801,50146,173100
'15MA',6801,50146,175300
'15MA',6801,50146,181600
'15MA',6801,50146,183800
'15MA',6801,50146,185800
'15MA',6801,50146,192000
'15MA',6801,50146,194300
'15MA',6801,50146,200600
'15MA',6801,50146,202700
'15MA',6801,50146,205000
'15MA',6801,50146,212500
'15MA',6801,50146,215600
'15MA',6801,50146,223000
'15MA',6801,50146,230400
'15MA',6801,50146,233800
'15MA',6801,50146,241200
'15MA',6801,50146,244600
'15MA',6801,50146,251900
'15MF1',6801,50146,64200
'15MF1',6801,50146,71700
'15MF1',6801,50146,75200
'15MF1',6801,50146,81000
'15MF1',6801,50146,82700
'15MF1',6801,50146,84000
'15MF1',6801,50146,85300
'15MF1',6801,50146,90700
'15MF1',6801,50146,93000
'15MF1',6801,50146,95400
'15MF1',6801,50146,102000
'15MF1',6801,50146,104400
'15MF1',6801,50146,110800
'15MF1',6801,50146,113300
'15MF1',6801,50146,115800
'15MF1',6801,50146,122000
'15MF1',6801,50146,124200
'15MF1',6801,50146,130400
'15MF1',6801,50146,132600
'15MF1',6801,50146,134800
'15MF1',6801,50146,141100
'15MF1',6801,50146,143300
'15MF1',6801,50146,145500
'15MF1',6801,50146,151700
'15MF1',6801,50146,153900
'15MF1',6801,50146,160200
'15MF1',6801,50146,162400
'15MF1',6801,50146,164600
'15MF1',6801,50146,170900
'15MF1',6801,50146,173100
'15MF1',6801,50146,175300
'15MF1',6801,50146,181600
'15MF1',6801,50146,183800
'15MF1',6801,50146,185800
'15MF1',6801,50146,192000
'15MF1',6801,50146,194300
'15MF1',6801,50146,200600
'15MF1',6801,50146,202700
'15MF1',6801,50146,205000
'15MF1',6801,50146,212500
'15MF1',6801,50146,215600
'15MF1',6801,50146,223000
'15MF1',6801,50146,230400
'15MF1',6801,50146,233800
'15MF1',6801,50146,241200
'15MF1',6801,50146,244600
'15MF1',6801,50146,251900
'15MF2',6801,50146,64200
'15MF2',6801,50146,71700
'15MF2',6801,50146,75200
'15MF2',6801,50146,81000
'15MF2',6801,50146,82700
'15MF2',6801,50146,84000
'15MF2',6801,50146,85300
'15MF2',6801,50146,90700
'15MF2',6801,50146,93000
'15MF2',6801,50146,95400
'15MF2',6801,50146,102000
'15MF2',6801,50146,104400
'15MF2',6801,50146,110800
'15MF2',6801,50146,113300
'15MF2',6801,50146,115800
'15MF2',6801,50146,122000
'15MF2',6801,50146,124200
'15MF2',6801,50146,130400
'15MF2',6801,50146,132600
'15MF2',6801,50146,134800
'15MF2',6801,50146,141100
'15MF2',6801,50146,143300
'15MF2',6801,50146,145500
'15MF2',6801,50146,151700
'15MF2',6801,50146,153900
'15MF2',6801,50146,160200
'15MF2',6801,50146,162400
'15MF2',6801,50146,164600
'15MF2',6801,50146,170900
'15MF2',6801,50146,173100
'15MF2',6801,50146,175300
'15MF2',6801,50146,181600
'15MF2',6801,50146,183800
'15MF2',6801,50146,185800
'15MF2',6801,50146,192000
'15MF2',6801,50146,194300
'15MF2',6801,50146,200600
'15MF2',6801,50146,202700
'15MF2',6801,50146,205000
'15MF2',6801,50146,212500
'15MF2',6801,50146,215600
'15MF2',6801,50146,223000
'15MF2',6801,50146,230400
'15MF2',6801,50146,233800
'15MF2',6801,50146,241200
'15MF2',6801,50146,244600
'15MF2',6801,50146,251900
'15MF3',6801,50146,64200
'15MF3',6801,50146,71700
'15MF3',6801,50146,75200
'15MF3',6801,50146,81000
'15MF3',6801,50146,82700
'15MF3',6801,50146,84000
'15MF3',6801,50146,85300
'15MF3',6801,50146,90700
'15MF3',6801,50146,93000
'15MF3',6801,50146,95400
'15MF3',6801,50146,102000
'15MF3',6801,50146,104400
'15MF3',6801,50146,110800
'15MF3',6801,50146,113300
'15MF3',6801,50146,115800
'15MF3',6801,50146,122000
'15MF3',6801,50146,124200
'15MF3',6801,50146,130400
'15MF3',6801,50146,132600
'15MF3',6801,50146,134800
'15MF3',6801,50146,141100
'15MF3',6801,50146,143300
'15MF3',6801,50146,145500
'15MF3',6801,50146,151700
'15MF3',6801,50146,153900
'15MF3',6801,50146,160200
'15MF3',6801,50146,162400
'15MF3',6801,50146,164600
'15MF3',6801,50146,170900
'15MF3',6801,50146,173100
'15MF3',6801,50146,175300
'15MF3',6801,50146,181600
'15MF3',6801,50146,183800
'15MF3',6801,50146,185800
'15MF3',6801,50146,192000
'15MF3',6801,50146,194300
'15MF3',6801,50146,200600
'15MF3',6801,50146,202700
'15MF3',6801,50146,205000
'15MF3',6801,50146,212500
'15MF3',6801,50146,215600
'15MF3',6801,50146,223000
'15MF3',6801,50146,230400
'15MF3',6801,50146,233800
'15MF3',6801,50146,241200
'15MF3',6801,50146,244600
'15MF3',6801,50146,251900
'15MI',6801,50146,64000
'15MI',6801,50146,72000
'15MI',6801,50146,75700
'15MI',6801,50146,83400
'15MI',6801,50146,91200
'15MI',6801,50146,94700
'15MI',6801,50146,102200
'15MI',6801,50146,105800
'15MI',6801,50146,113300
'15MI',6801,50146,120500
'15MI',6801,50146,123500
'15MI',6801,50146,130500
'15MI',6801,50146,133500
'15MI',6801,50146,140500
'15MI',6801,50146,143500
'15MI',6801,50146,150500
'15MI',6801,50146,153500
'15MI',6801,50146,160500
'15MI',6801,50146,163500
'15MI',6801,50146,170500
'15MI',6801,50146,173500
'15MI',6801,50146,180500
'15MI',6801,50146,183500
'15MI',6801,50146,190200
'15MI',6801,50146,192900
'15MI',6801,50146,195400
'15MI',6801,50146,202400
'15MI',6801,50146,205300
'15MI',6801,50146,212700
'15MI',6801,50146,220200
'15MI',6801,50146,223700
'15MI',6801,50146,231100
'15MI',6801,50146,234300
'15MI',6801,50146,241600
'15MI',6801,50146,244800
'15MI',6801,50146,251800
'15MS',6801,50146,52300
'15MS',6801,50146,55600
'15MS',6801,50146,63000
'15MS',6801,50146,70700
'15MS',6801,50146,74500
'15MS',6801,50146,82100
'15MS',6801,50146,84300
'15MS',6801,50146,90100
'15MS',6801,50146,92700
'15MS',6801,50146,95400
'15MS',6801,50146,102300
'15MS',6801,50146,105200
'15MS',6801,50146,112100
'15MS',6801,50146,115100
'15MS',6801,50146,122000
'15MS',6801,50146,124900
'15MS',6801,50146,131700
'15MS',6801,50146,134500
'15MS',6801,50146,141600
'15MS',6801,50146,144500
'15MS',6801,50146,151300
'15MS',6801,50146,154200
'15MS',6801,50146,160900
'15MS',6801,50146,163500
'15MS',6801,50146,165500
'15MS',6801,50146,172500
'15MS',6801,50146,175400
'15MS',6801,50146,182400
'15MS',6801,50146,185200
'15MS',6801,50146,191800
'15MS',6801,50146,194400
'15MS',6801,50146,200800
'15MS',6801,50146,203500
'15MS',6801,50146,205900
'15MS',6801,50146,212500
'15MS',6801,50146,214900
'15MS',6801,50146,221300
'15MS',6801,50146,224500
'15MS',6801,50146,231800
'15MS',6801,50146,234900
'15MS',6801,50146,242200
'15MS',6801,50146,245300
'15MS',6801,50146,252600
'15MA',38201,50146,263000
'15MA',38201,50146,271700
'15MA',38201,50146,280200
'15MA',38201,50146,284700
'15MF1',38201,50146,263300
'15MF1',38201,50146,271800
'15MF1',38201,50146,280300
'15MF1',38201,50146,284800
'15MF2',38201,50146,263200
'15MF2',38201,50146,271700
'15MF2',38201,50146,280300
'15MF2',38201,50146,284800
'15MF3',38201,50146,263300
'15MF3',38201,50146,271800
'15MF3',38201,50146,280300
'15MF3',38201,50146,284800
'15MI',38201,50146,263300
'15MI',38201,50146,271800
'15MI',38201,50146,280300
'15MI',38201,50146,284800
'15MS',38201,50146,263200
'15MS',38201,50146,271700
'15MS',38201,50146,280300
'15MS',38201,50146,284800
'15MS',46801,50146,61300
'15MS',46801,50146,63900
'15MS',46801,50146,70200
'15MS',46801,50146,71200
'15MS',46801,50146,72300
'15MS',46801,50146,73000
'15MS',46801,50146,75100
'15MS',46801,50146,81600
'15MS',46801,50146,82000
'15MS',46801,50146,83800
'15MS',46801,50146,85500
'15MS',46801,50146,93000
'15MS',46801,50146,95900
'15MS',46801,50146,103000
'15MS',46801,50146,110000
'15MS',46801,50146,113000
'15MS',46801,50146,120000
'15MS',46801,50146,123000
'15MS',46801,50146,130000
'15MS',46801,50146,133000
'15MS',46801,50146,140000
'15MS',46801,50146,143400
'15MS',46801,50146,150400
'15MS',46801,50146,153300
'15MS',46801,50146,160000
'15MS',46801,50146,162800
'15MS',46801,50146,165900
'15MS',46801,50146,173100
'15MS',46801,50146,180100
'15MS',46801,50146,182600
'15MS',46801,50146,190100
