'15JA',12502,53089,53100
'15JA',12502,53089,60500
'15JA',12502,53089,64000
'15JA',12502,53089,71400
'15JA',12502,53089,74900
'15JA',12502,53089,82400
'15JA',12502,53089,85900
'15JA',12502,53089,92900
'15JA',12502,53089,95400
'15JA',12502,53089,101900
'15JA',12502,53089,104300
'15JA',12502,53089,110700
'15JA',12502,53089,113000
'15JA',12502,53089,115400
'15JA',12502,53089,121800
'15JA',12502,53089,123700
'15JA',12502,53089,125600
'15JA',12502,53089,131400
'15JA',12502,53089,133200
'15JA',12502,53089,135000
'15JA',12502,53089,140800
'15JA',12502,53089,142500
'15JA',12502,53089,144100
'15JA',12502,53089,145700
'15JA',12502,53089,151300
'15JA',12502,53089,153000
'15JA',12502,53089,155000
'15JA',12502,53089,161000
'15JA',12502,53089,163000
'15JA',12502,53089,164900
'15JA',12502,53089,170800
'15JA',12502,53089,172800
'15JA',12502,53089,174800
'15JA',12502,53089,180800
'15JA',12502,53089,182900
'15JA',12502,53089,185500
'15JA',12502,53089,192300
'15JA',12502,53089,194900
'15JA',12502,53089,201900
'15JA',12502,53089,204900
'15JA',12502,53089,211900
'15JA',12502,53089,215600
'15JA',12502,53089,223400
'15JA',12502,53089,231200
'15JA',12502,53089,234800
'15JA',12502,53089,242400
'15JA',12502,53089,245900
'15JA',12502,53089,253400
'15JI',12502,53089,53000
'15JI',12502,53089,60200
'15JI',12502,53089,63300
'15JI',12502,53089,70600
'15JI',12502,53089,73900
'15JI',12502,53089,81200
'15JI',12502,53089,84700
'15JI',12502,53089,92100
'15JI',12502,53089,94400
'15JI',12502,53089,100600
'15JI',12502,53089,102700
'15JI',12502,53089,105000
'15JI',12502,53089,111100
'15JI',12502,53089,113100
'15JI',12502,53089,115500
'15JI',12502,53089,121700
'15JI',12502,53089,123900
'15JI',12502,53089,125900
'15JI',12502,53089,131800
'15JI',12502,53089,133700
'15JI',12502,53089,135700
'15JI',12502,53089,141700
'15JI',12502,53089,143700
'15JI',12502,53089,145700
'15JI',12502,53089,151700
'15JI',12502,53089,153700
'15JI',12502,53089,155600
'15JI',12502,53089,161400
'15JI',12502,53089,163200
'15JI',12502,53089,164900
'15JI',12502,53089,171500
'15JI',12502,53089,174200
'15JI',12502,53089,181100
'15JI',12502,53089,184000
'15JI',12502,53089,190900
'15JI',12502,53089,193700
'15JI',12502,53089,201300
'15JI',12502,53089,204900
'15JI',12502,53089,212600
'15JI',12502,53089,220400
'15JI',12502,53089,224100
'15JI',12502,53089,231800
'15JI',12502,53089,235500
'15JI',12502,53089,243300
'15JI',12502,53089,251100
'15JS',12502,53089,53300
'15JS',12502,53089,60600
'15JS',12502,53089,63600
'15JS',12502,53089,65900
'15JS',12502,53089,70700
'15JS',12502,53089,71400
'15JS',12502,53089,72100
'15JS',12502,53089,72700
'15JS',12502,53089,73300
'15JS',12502,53089,73900
'15JS',12502,53089,74600
'15JS',12502,53089,75500
'15JS',12502,53089,80100
'15JS',12502,53089,81100
'15JS',12502,53089,81900
'15JS',12502,53089,82700
'15JS',12502,53089,83300
'15JS',12502,53089,84100
'15JS',12502,53089,85600
'15JS',12502,53089,91300
'15JS',12502,53089,93200
'15JS',12502,53089,95200
'15JS',12502,53089,101100
'15JS',12502,53089,103100
'15JS',12502,53089,105100
'15JS',12502,53089,111100
'15JS',12502,53089,112900
'15JS',12502,53089,114500
'15JS',12502,53089,120200
'15JS',12502,53089,121800
'15JS',12502,53089,123200
'15JS',12502,53089,124600
'15JS',12502,53089,130100
'15JS',12502,53089,132000
'15JS',12502,53089,133900
'15JS',12502,53089,135800
'15JS',12502,53089,141700
'15JS',12502,53089,143600
'15JS',12502,53089,145600
'15JS',12502,53089,151800
'15JS',12502,53089,154100
'15JS',12502,53089,160500
'15JS',12502,53089,162000
'15JS',12502,53089,163700
'15JS',12502,53089,165200
'15JS',12502,53089,170900
'15JS',12502,53089,172400
'15JS',12502,53089,174200
'15JS',12502,53089,175700
'15JS',12502,53089,181400
'15JS',12502,53089,183000
'15JS',12502,53089,184700
'15JS',12502,53089,191700
'15JS',12502,53089,194700
'15JS',12502,53089,201700
'15JS',12502,53089,204700
'15JS',12502,53089,211900
'15JS',12502,53089,215200
'15JS',12502,53089,223000
'15JS',12502,53089,231000
'15JS',12502,53089,235000
'15JS',12502,53089,243000
'15JS',12502,53089,251100
'15JA',35504,53089,254900
'15JA',35504,53089,263400
'15JA',35504,53089,271900
'15JA',35504,53089,280100
'15JA',35504,53089,284300
'15JA',35504,53089,291200
'15JI',35504,53089,254800
'15JI',35504,53089,263300
'15JI',35504,53089,271700
'15JI',35504,53089,280300
'15JI',35504,53089,284800
'15JI',35504,53089,291400
'15JS',35504,53089,254600
'15JS',35504,53089,263100
'15JS',35504,53089,271600
'15JS',35504,53089,280100
'15JS',35504,53089,284200
'15JS',35504,53089,291200
