'15US',17401,60289,64600
'15US',17401,60289,71400
'15US',17401,60289,74300
'15US',17401,60289,81300
'15US',17401,60289,84300
'15US',17401,60289,90800
'15US',17401,60289,93300
'15US',17401,60289,100300
'15US',17401,60289,103300
'15US',17401,60289,110300
'15US',17401,60289,113300
'15US',17401,60289,120300
'15US',17401,60289,123400
'15US',17401,60289,130400
'15US',17401,60289,133400
'15US',17401,60289,140100
'15US',17401,60289,143200
'15US',17401,60289,150300
'15US',17401,60289,153300
'15US',17401,60289,160500
'15US',17401,60289,162600
'15US',17401,60289,164100
'15US',17401,60289,165600
'15US',17401,60289,171000
'15US',17401,60289,172400
'15US',17401,60289,175100
'15US',17401,60289,181500
'15US',17401,60289,184100
'15US',17401,60289,191000
'15US',17401,60289,194000
'15US',17401,60289,201500
'15US',17401,60289,205000
'15US',17401,60289,213000
'15US',17401,60289,222900
'15US',17401,60289,232900
'15US',17401,60289,235900
'15US',17402,60289,53000
'15US',17402,60289,60000
'15US',17402,60289,63000
'15US',17402,60289,70000
'15US',17402,60289,72300
'15US',17402,60289,74500
'15US',17402,60289,80000
'15US',17402,60289,81500
'15US',17402,60289,83000
'15US',17402,60289,85000
'15US',17402,60289,92000
'15US',17402,60289,95000
'15US',17402,60289,102000
'15US',17402,60289,105000
'15US',17402,60289,112000
'15US',17402,60289,114900
'15US',17402,60289,121800
'15US',17402,60289,124700
'15US',17402,60289,131700
'15US',17402,60289,134700
'15US',17402,60289,141800
'15US',17402,60289,144900
'15US',17402,60289,152000
'15US',17402,60289,155200
'15US',17402,60289,162400
'15US',17402,60289,165600
'15US',17402,60289,172700
'15US',17402,60289,175700
'15US',17402,60289,182600
'15US',17402,60289,185500
'15US',17402,60289,192300
'15US',17402,60289,194700
'15US',17402,60289,204700
'15US',17402,60289,214700
'15US',17402,60289,224700
'15US',21601,60289,70300
'15US',21601,60289,73900
'15US',21601,60289,81200
'15US',21601,60289,83800
'15US',21601,60289,90600
'15US',21601,60289,93300
'15US',21601,60289,100200
'15US',21601,60289,154300
'15US',21601,60289,162000
'15US',21601,60289,165500
'15US',21601,60289,172600
'15US',21601,60289,175300
'15US',21601,60289,182000
'15US',21601,60289,185000
'15US',21601,60289,192100
'15US',21602,60289,60000
'15US',21602,60289,62000
'15US',21602,60289,64900
'15US',21602,60289,72000
'15US',21602,60289,74900
'15US',21602,60289,81700
'15US',21602,60289,84400
'15US',21602,60289,91100
'15US',21602,60289,145500
'15US',21602,60289,152000
'15US',21602,60289,154600
'15US',21602,60289,161200
'15US',21602,60289,164200
'15US',21602,60289,171500
'15US',21602,60289,174900
'15US',21602,60289,182300
'15US',21602,60289,185700
'15UA',38002,60289,264600
'15UA',38002,60289,273100
'15UA',38002,60289,281600
'15UA',38002,60289,290100
'15UF1',38002,60289,262600
'15UF1',38002,60289,271600
'15UF1',38002,60289,280500
'15UF1',38002,60289,285200
'15UF1',38002,60289,292500
'15UF1',38002,60289,293700
'15UF2',38002,60289,262600
'15UF2',38002,60289,271600
'15UF2',38002,60289,280500
'15UF2',38002,60289,285200
'15UF2',38002,60289,292500
'15UF2',38002,60289,293700
'15UI',38002,60289,262600
'15UI',38002,60289,271100
'15UI',38002,60289,275600
'15UI',38002,60289,284300
'15UI',38002,60289,291600
'15UI',38002,60289,292800
'15US',38002,60289,263100
'15US',38002,60289,271600
'15US',38002,60289,280500
'15US',38002,60289,285200
'15US',38002,60289,292500
'15US',38002,60289,293700
