'14SA',16201,56339,63300
'14SA',16201,56339,70300
'14SA',16201,56339,73200
'14SA',16201,56339,80200
'14SA',16201,56339,83200
'14SA',16201,56339,90200
'14SA',16201,56339,93300
'14SA',16201,56339,100300
'14SA',16201,56339,103500
'14SA',16201,56339,110700
'14SA',16201,56339,114000
'14SA',16201,56339,121400
'14SA',16201,56339,124700
'14SA',16201,56339,132100
'14SA',16201,56339,135400
'14SA',16201,56339,142900
'14SA',16201,56339,150200
'14SA',16201,56339,153700
'14SA',16201,56339,161000
'14SA',16201,56339,164500
'14SA',16201,56339,171800
'14SA',16201,56339,175300
'14SA',16201,56339,182400
'14SA',16201,56339,185900
'14SA',16201,56339,193000
'14SA',16201,56339,200400
'14SA',16201,56339,203400
'14SA',16201,56339,210800
'14SA',16201,56339,213800
'14SA',16201,56339,221200
'14SA',16201,56339,224200
'14SA',16201,56339,231300
'14SA',16201,56339,234300
'14SA',16201,56339,241300
'14SA',16201,56339,244300
'14SA',16201,56339,251300
'14SA',16201,56339,253300
'14SF1',16201,56339,63500
'14SF1',16201,56339,70500
'14SF1',16201,56339,73500
'14SF1',16201,56339,80500
'14SF1',16201,56339,83500
'14SF1',16201,56339,90500
'14SF1',16201,56339,93500
'14SF1',16201,56339,100600
'14SF1',16201,56339,103700
'14SF1',16201,56339,110900
'14SF1',16201,56339,114000
'14SF1',16201,56339,121200
'14SF1',16201,56339,124400
'14SF1',16201,56339,131700
'14SF1',16201,56339,134900
'14SF1',16201,56339,142200
'14SF1',16201,56339,145400
'14SF1',16201,56339,152700
'14SF1',16201,56339,155900
'14SF1',16201,56339,163200
'14SF1',16201,56339,170400
'14SF1',16201,56339,173700
'14SF1',16201,56339,180900
'14SF1',16201,56339,184200
'14SF1',16201,56339,191300
'14SF1',16201,56339,194600
'14SF1',16201,56339,201800
'14SF1',16201,56339,204900
'14SF1',16201,56339,212000
'14SF1',16201,56339,215100
'14SF1',16201,56339,222200
'14SF1',16201,56339,225400
'14SF1',16201,56339,232600
'14SF1',16201,56339,235800
'14SF1',16201,56339,243000
'14SF1',16201,56339,250300
'14SF2',16201,56339,63500
'14SF2',16201,56339,70500
'14SF2',16201,56339,73500
'14SF2',16201,56339,80500
'14SF2',16201,56339,83500
'14SF2',16201,56339,90500
'14SF2',16201,56339,93500
'14SF2',16201,56339,100600
'14SF2',16201,56339,103700
'14SF2',16201,56339,110900
'14SF2',16201,56339,114000
'14SF2',16201,56339,121200
'14SF2',16201,56339,124400
'14SF2',16201,56339,131700
'14SF2',16201,56339,134900
'14SF2',16201,56339,142200
'14SF2',16201,56339,145400
'14SF2',16201,56339,152700
'14SF2',16201,56339,155900
'14SF2',16201,56339,163200
'14SF2',16201,56339,170400
'14SF2',16201,56339,173700
'14SF2',16201,56339,180900
'14SF2',16201,56339,184200
'14SF2',16201,56339,191300
'14SF2',16201,56339,194600
'14SF2',16201,56339,201800
'14SF2',16201,56339,204900
'14SF2',16201,56339,212000
'14SF2',16201,56339,215100
'14SF2',16201,56339,222200
'14SF2',16201,56339,225400
'14SF2',16201,56339,232600
'14SF2',16201,56339,235800
'14SF2',16201,56339,243000
'14SF2',16201,56339,250300
'14SI',16201,56339,63500
'14SI',16201,56339,70500
'14SI',16201,56339,73500
'14SI',16201,56339,80500
'14SI',16201,56339,83500
'14SI',16201,56339,90500
'14SI',16201,56339,93500
'14SI',16201,56339,100600
'14SI',16201,56339,103700
'14SI',16201,56339,110900
'14SI',16201,56339,114000
'14SI',16201,56339,121200
'14SI',16201,56339,124400
'14SI',16201,56339,131700
'14SI',16201,56339,134900
'14SI',16201,56339,142200
'14SI',16201,56339,145400
'14SI',16201,56339,152700
'14SI',16201,56339,155900
'14SI',16201,56339,163200
'14SI',16201,56339,170400
'14SI',16201,56339,173700
'14SI',16201,56339,180900
'14SI',16201,56339,184200
'14SI',16201,56339,191300
'14SI',16201,56339,194600
'14SI',16201,56339,201800
'14SI',16201,56339,204900
'14SI',16201,56339,212000
'14SI',16201,56339,215100
'14SI',16201,56339,222200
'14SI',16201,56339,225400
'14SI',16201,56339,232600
'14SI',16201,56339,235800
'14SI',16201,56339,243000
'14SI',16201,56339,250300
'14SS',16201,56339,54900
'14SS',16201,56339,61900
'14SS',16201,56339,64900
'14SS',16201,56339,71000
'14SS',16201,56339,72900
'14SS',16201,56339,74800
'14SS',16201,56339,81200
'14SS',16201,56339,83900
'14SS',16201,56339,90700
'14SS',16201,56339,93700
'14SS',16201,56339,100700
'14SS',16201,56339,103800
'14SS',16201,56339,110900
'14SS',16201,56339,113900
'14SS',16201,56339,120900
'14SS',16201,56339,123900
'14SS',16201,56339,130900
'14SS',16201,56339,133900
'14SS',16201,56339,140900
'14SS',16201,56339,144000
'14SS',16201,56339,151000
'14SS',16201,56339,154000
'14SS',16201,56339,161100
'14SS',16201,56339,164200
'14SS',16201,56339,171300
'14SS',16201,56339,174400
'14SS',16201,56339,181400
'14SS',16201,56339,184300
'14SS',16201,56339,191100
'14SS',16201,56339,193900
'14SS',16201,56339,200800
'14SS',16201,56339,203700
'14SS',16201,56339,210500
'14SS',16201,56339,213500
'14SS',16201,56339,220600
'14SS',16201,56339,223600
'14SS',16201,56339,230600
'14SS',16201,56339,233600
'14SS',16201,56339,240500
'14SS',16201,56339,243500
'14SS',16201,56339,250400
