'14UA',18301,54243,103700
'14UA',18301,54243,114300
'14UA',18301,54243,124900
'14UA',18301,54243,135500
'14UA',18301,54243,150100
'14UA',18301,54243,160700
'14UA',18301,54243,171300
'14UA',18301,54243,181900
'14UA',18301,54243,192500
'14UF1',18301,54243,103700
'14UF1',18301,54243,114300
'14UF1',18301,54243,124900
'14UF1',18301,54243,135500
'14UF1',18301,54243,150100
'14UF1',18301,54243,160700
'14UF1',18301,54243,171300
'14UF1',18301,54243,181900
'14UF1',18301,54243,192500
'14UF2',18301,54243,103700
'14UF2',18301,54243,114300
'14UF2',18301,54243,124900
'14UF2',18301,54243,135500
'14UF2',18301,54243,150100
'14UF2',18301,54243,160700
'14UF2',18301,54243,171300
'14UF2',18301,54243,181900
'14UF2',18301,54243,192500
'14UI',18301,54243,103700
'14UI',18301,54243,114300
'14UI',18301,54243,124900
'14UI',18301,54243,135500
'14UI',18301,54243,150100
'14UI',18301,54243,160700
'14UI',18301,54243,171300
'14UI',18301,54243,181900
'14UI',18301,54243,192500
'14US',18301,54243,60800
'14US',18301,54243,71700
'14US',18301,54243,82600
'14US',18301,54243,93200
'14US',18301,54243,103900
'14US',18301,54243,114800
'14US',18301,54243,125300
'14US',18301,54243,135800
'14US',18301,54243,150300
'14US',18301,54243,160800
'14US',18301,54243,171300
'14US',18301,54243,181800
'14US',18301,54243,192300
'14US',18301,54243,202700
'14US',18301,54243,213000
'14US',18301,54243,223300
'14US',44903,54243,63600
'14US',44903,54243,70600
'14US',44903,54243,73500
'14US',44903,54243,80500
'14US',44903,54243,83600
'14US',44903,54243,90600
'14US',44903,54243,94700
'14US',44903,54243,101700
'14US',44903,54243,104800
'14US',44903,54243,111800
'14US',44903,54243,114800
'14US',44903,54243,121800
'14US',44903,54243,124800
'14US',44903,54243,131700
'14US',44903,54243,134600
'14US',44903,54243,141500
'14US',44903,54243,144400
'14US',44903,54243,151400
'14US',44903,54243,205100
'14US',44903,54243,212100
'14US',44903,54243,215100
'14US',44903,54243,222100
'14US',44903,54243,225300
