'14NS',4601,51556,61300
'14NS',4601,51556,64300
'14NS',4601,51556,71300
'14NS',4601,51556,74300
'14NS',4601,51556,81700
'14NS',4601,51556,84700
'14NS',4601,51556,91900
'14NS',4601,51556,95300
'14NS',4601,51556,102400
'14NS',4601,51556,105400
'14NS',4601,51556,112400
'14NS',4601,51556,115400
'14NS',4601,51556,122400
'14NS',4601,51556,125500
'14NS',4601,51556,132600
'14NS',4601,51556,135700
'14NS',4601,51556,142800
'14NS',4601,51556,145900
'14NS',4601,51556,153300
'14NS',4601,51556,160700
'14NS',4601,51556,164100
'14NS',4601,51556,171500
'14NS',4601,51556,174900
'14NS',4601,51556,182300
'14NS',4601,51556,185700
'14NA',16001,51556,61500
'14NA',16001,51556,64800
'14NA',16001,51556,72100
'14NA',16001,51556,75400
'14NA',16001,51556,82800
'14NA',16001,51556,90400
'14NA',16001,51556,94000
'14NA',16001,51556,101600
'14NA',16001,51556,105600
'14NA',16001,51556,113200
'14NA',16001,51556,120400
'14NA',16001,51556,123200
'14NA',16001,51556,125800
'14NA',16001,51556,132400
'14NA',16001,51556,134500
'14NA',16001,51556,140600
'14NA',16001,51556,142700
'14NA',16001,51556,144700
'14NA',16001,51556,150700
'14NA',16001,51556,152700
'14NA',16001,51556,154700
'14NA',16001,51556,160700
'14NA',16001,51556,162700
'14NA',16001,51556,164900
'14NA',16001,51556,171300
'14NA',16001,51556,173500
'14NA',16001,51556,175800
'14NA',16001,51556,182100
'14NA',16001,51556,184400
'14NA',16001,51556,190600
'14NA',16001,51556,192900
'14NA',16001,51556,195100
'14NA',16001,51556,201400
'14NA',16001,51556,203800
'14NA',16001,51556,210200
'14NA',16001,51556,213600
'14NA',16001,51556,221200
'14NA',16001,51556,224700
'14NA',16001,51556,232100
'14NA',16001,51556,235500
'14NA',16001,51556,242900
'14NA',16001,51556,250100
'14NA',16001,51556,253200
'14NA',16001,51556,260200
'14NA',16001,51556,263200
'14NF1',16001,51556,72600
'14NF1',16001,51556,80100
'14NF1',16001,51556,83400
'14NF1',16001,51556,90900
'14NF1',16001,51556,94700
'14NF1',16001,51556,102400
'14NF1',16001,51556,110100
'14NF1',16001,51556,113600
'14NF1',16001,51556,121000
'14NF1',16001,51556,124400
'14NF1',16001,51556,131300
'14NF1',16001,51556,134100
'14NF1',16001,51556,140800
'14NF1',16001,51556,143000
'14NF1',16001,51556,145100
'14NF1',16001,51556,151100
'14NF1',16001,51556,153100
'14NF1',16001,51556,155200
'14NF1',16001,51556,161300
'14NF1',16001,51556,163400
'14NF1',16001,51556,165300
'14NF1',16001,51556,171200
'14NF1',16001,51556,173300
'14NF1',16001,51556,180000
'14NF1',16001,51556,182700
'14NF1',16001,51556,185500
'14NF1',16001,51556,192400
'14NF1',16001,51556,195300
'14NF1',16001,51556,202000
'14NF1',16001,51556,205000
'14NF1',16001,51556,211900
'14NF1',16001,51556,215200
'14NF1',16001,51556,222600
'14NF1',16001,51556,230000
'14NF1',16001,51556,233200
'14NF1',16001,51556,240400
'14NF1',16001,51556,243400
'14NF1',16001,51556,250400
'14NF1',16001,51556,253300
'14NF2',16001,51556,61500
'14NF2',16001,51556,64800
'14NF2',16001,51556,72100
'14NF2',16001,51556,75400
'14NF2',16001,51556,82800
'14NF2',16001,51556,90400
'14NF2',16001,51556,94000
'14NF2',16001,51556,101600
'14NF2',16001,51556,105600
'14NF2',16001,51556,113200
'14NF2',16001,51556,120400
'14NF2',16001,51556,123200
'14NF2',16001,51556,125800
'14NF2',16001,51556,132400
'14NF2',16001,51556,134500
'14NF2',16001,51556,140600
'14NF2',16001,51556,142700
'14NF2',16001,51556,144700
'14NF2',16001,51556,150700
'14NF2',16001,51556,152700
'14NF2',16001,51556,154700
'14NF2',16001,51556,160700
'14NF2',16001,51556,162700
'14NF2',16001,51556,164900
'14NF2',16001,51556,171300
'14NF2',16001,51556,173500
'14NF2',16001,51556,175800
'14NF2',16001,51556,182100
'14NF2',16001,51556,184400
'14NF2',16001,51556,190600
'14NF2',16001,51556,192900
'14NF2',16001,51556,195100
'14NF2',16001,51556,201400
'14NF2',16001,51556,203800
'14NF2',16001,51556,210200
'14NF2',16001,51556,213600
'14NF2',16001,51556,221200
'14NF2',16001,51556,224700
'14NF2',16001,51556,232100
'14NF2',16001,51556,235500
'14NF2',16001,51556,242900
'14NF2',16001,51556,250100
'14NF2',16001,51556,253500
'14NF3',16001,51556,72600
'14NF3',16001,51556,80100
'14NF3',16001,51556,83400
'14NF3',16001,51556,90900
'14NF3',16001,51556,94700
'14NF3',16001,51556,102400
'14NF3',16001,51556,110100
'14NF3',16001,51556,113600
'14NF3',16001,51556,121000
'14NF3',16001,51556,124400
'14NF3',16001,51556,131300
'14NF3',16001,51556,134100
'14NF3',16001,51556,140800
'14NF3',16001,51556,143000
'14NF3',16001,51556,145100
'14NF3',16001,51556,151100
'14NF3',16001,51556,153100
'14NF3',16001,51556,155200
'14NF3',16001,51556,161300
'14NF3',16001,51556,163400
'14NF3',16001,51556,165300
'14NF3',16001,51556,171200
'14NF3',16001,51556,173300
'14NF3',16001,51556,180000
'14NF3',16001,51556,182700
'14NF3',16001,51556,185500
'14NF3',16001,51556,192400
'14NF3',16001,51556,195300
'14NF3',16001,51556,202000
'14NF3',16001,51556,205000
'14NF3',16001,51556,211900
'14NF3',16001,51556,215200
'14NF3',16001,51556,222600
'14NF3',16001,51556,230000
'14NF3',16001,51556,233200
'14NF3',16001,51556,240400
'14NF3',16001,51556,243400
'14NF3',16001,51556,250400
'14NF3',16001,51556,253300
'14NF4',16001,51556,61500
'14NF4',16001,51556,64800
'14NF4',16001,51556,72100
'14NF4',16001,51556,75400
'14NF4',16001,51556,82800
'14NF4',16001,51556,90400
'14NF4',16001,51556,94000
'14NF4',16001,51556,101600
'14NF4',16001,51556,105600
'14NF4',16001,51556,113200
'14NF4',16001,51556,120400
'14NF4',16001,51556,123200
'14NF4',16001,51556,125800
'14NF4',16001,51556,132400
'14NF4',16001,51556,134500
'14NF4',16001,51556,140600
'14NF4',16001,51556,142700
'14NF4',16001,51556,144700
'14NF4',16001,51556,150700
'14NF4',16001,51556,152700
'14NF4',16001,51556,154700
'14NF4',16001,51556,160700
'14NF4',16001,51556,162700
'14NF4',16001,51556,164900
'14NF4',16001,51556,171300
'14NF4',16001,51556,173500
'14NF4',16001,51556,175800
'14NF4',16001,51556,182100
'14NF4',16001,51556,184400
'14NF4',16001,51556,190600
'14NF4',16001,51556,192900
'14NF4',16001,51556,195100
'14NF4',16001,51556,201400
'14NF4',16001,51556,203800
'14NF4',16001,51556,210200
'14NF4',16001,51556,213600
'14NF4',16001,51556,221200
'14NF4',16001,51556,224700
'14NF4',16001,51556,232100
'14NF4',16001,51556,235500
'14NF4',16001,51556,242900
'14NF4',16001,51556,250100
'14NF4',16001,51556,253500
'14NI',16001,51556,72600
'14NI',16001,51556,80100
'14NI',16001,51556,83400
'14NI',16001,51556,90900
'14NI',16001,51556,94700
'14NI',16001,51556,102400
'14NI',16001,51556,110100
'14NI',16001,51556,113600
'14NI',16001,51556,121000
'14NI',16001,51556,124400
'14NI',16001,51556,131300
'14NI',16001,51556,134100
'14NI',16001,51556,140800
'14NI',16001,51556,143000
'14NI',16001,51556,145100
'14NI',16001,51556,151100
'14NI',16001,51556,153100
'14NI',16001,51556,155200
'14NI',16001,51556,161300
'14NI',16001,51556,163400
'14NI',16001,51556,165300
'14NI',16001,51556,171200
'14NI',16001,51556,173300
'14NI',16001,51556,180000
'14NI',16001,51556,182700
'14NI',16001,51556,185500
'14NI',16001,51556,192400
'14NI',16001,51556,195300
'14NI',16001,51556,202000
'14NI',16001,51556,205000
'14NI',16001,51556,211900
'14NI',16001,51556,215200
'14NI',16001,51556,222600
'14NI',16001,51556,230000
'14NI',16001,51556,233200
'14NI',16001,51556,240400
'14NI',16001,51556,243400
'14NI',16001,51556,250400
'14NI',16001,51556,253300
'14NS',16001,51556,62100
'14NS',16001,51556,65000
'14NS',16001,51556,72000
'14NS',16001,51556,74800
'14NS',16001,51556,81800
'14NS',16001,51556,84200
'14NS',16001,51556,90300
'14NS',16001,51556,92800
'14NS',16001,51556,95900
'14NS',16001,51556,103000
'14NS',16001,51556,110000
'14NS',16001,51556,113000
'14NS',16001,51556,120100
'14NS',16001,51556,123100
'14NS',16001,51556,130100
'14NS',16001,51556,133100
'14NS',16001,51556,135800
'14NS',16001,51556,142500
'14NS',16001,51556,145200
'14NS',16001,51556,151700
'14NS',16001,51556,154300
'14NS',16001,51556,160600
'14NS',16001,51556,162800
'14NS',16001,51556,164900
'14NS',16001,51556,170900
'14NS',16001,51556,172900
'14NS',16001,51556,175000
'14NS',16001,51556,181200
'14NS',16001,51556,183200
'14NS',16001,51556,184700
'14NS',16001,51556,190800
'14NS',16001,51556,192900
'14NS',16001,51556,195000
'14NS',16001,51556,201300
'14NS',16001,51556,203800
'14NS',16001,51556,210800
'14NS',16001,51556,213900
'14NS',16001,51556,221100
'14NS',16001,51556,224400
'14NS',16001,51556,231900
'14NS',16001,51556,235400
'14NS',16001,51556,242800
'14NS',16001,51556,250000
'14NS',16001,51556,253500
