'14MS',2504,51822,63900
'14MS',2504,51822,65900
'14MS',2504,51822,71900
'14MS',2504,51822,73900
'14MS',2504,51822,75900
'14MS',2504,51822,81900
'14MS',2504,51822,83900
'14MS',2504,51822,85900
'14MS',2504,51822,91900
'14MS',2504,51822,154200
'14MS',2504,51822,160200
'14MS',2504,51822,162200
'14MS',2504,51822,164200
'14MS',2504,51822,170700
'14MS',2504,51822,172700
'14MS',2504,51822,174700
'14MS',2504,51822,180700
'14MS',2504,51822,182700
'14MA',19701,51822,50400
'14MA',19701,51822,53400
'14MA',19701,51822,60400
'14MA',19701,51822,63400
'14MA',19701,51822,70500
'14MA',19701,51822,74000
'14MA',19701,51822,81000
'14MA',19701,51822,83800
'14MA',19701,51822,90500
'14MA',19701,51822,93500
'14MA',19701,51822,100000
'14MA',19701,51822,101800
'14MA',19701,51822,103600
'14MA',19701,51822,105600
'14MA',19701,51822,111700
'14MA',19701,51822,113700
'14MA',19701,51822,115400
'14MA',19701,51822,121100
'14MA',19701,51822,123300
'14MA',19701,51822,125500
'14MA',19701,51822,131200
'14MA',19701,51822,132900
'14MA',19701,51822,134200
'14MA',19701,51822,135700
'14MA',19701,51822,141400
'14MA',19701,51822,143000
'14MA',19701,51822,144700
'14MA',19701,51822,150000
'14MA',19701,51822,151500
'14MA',19701,51822,153200
'14MA',19701,51822,154800
'14MA',19701,51822,160500
'14MA',19701,51822,161800
'14MA',19701,51822,163300
'14MA',19701,51822,164200
'14MA',19701,51822,165000
'14MA',19701,51822,165800
'14MA',19701,51822,170600
'14MA',19701,51822,171500
'14MA',19701,51822,172400
'14MA',19701,51822,173200
'14MA',19701,51822,174000
'14MA',19701,51822,174700
'14MA',19701,51822,175600
'14MA',19701,51822,180600
'14MA',19701,51822,181200
'14MA',19701,51822,181900
'14MA',19701,51822,182600
'14MA',19701,51822,183300
'14MA',19701,51822,184300
'14MA',19701,51822,185300
'14MA',19701,51822,190300
'14MA',19701,51822,191900
'14MA',19701,51822,193400
'14MA',19701,51822,194900
'14MA',19701,51822,200400
'14MA',19701,51822,202300
'14MA',19701,51822,204300
'14MA',19701,51822,210200
'14MA',19701,51822,212100
'14MA',19701,51822,214100
'14MA',19701,51822,220100
'14MA',19701,51822,222100
'14MA',19701,51822,224100
'14MA',19701,51822,225800
'14MA',19701,51822,231500
'14MA',19701,51822,233600
'14MA',19701,51822,235900
'14MA',19701,51822,242300
'14MA',19701,51822,244700
'14MA',19701,51822,251700
'14MA',19701,51822,254800
'14MF1',19701,51822,50400
'14MF1',19701,51822,53400
'14MF1',19701,51822,60400
'14MF1',19701,51822,63400
'14MF1',19701,51822,70400
'14MF1',19701,51822,73400
'14MF1',19701,51822,80400
'14MF1',19701,51822,83800
'14MF1',19701,51822,91100
'14MF1',19701,51822,94100
'14MF1',19701,51822,101100
'14MF1',19701,51822,104100
'14MF1',19701,51822,111000
'14MF1',19701,51822,113900
'14MF1',19701,51822,120900
'14MF1',19701,51822,123000
'14MF1',19701,51822,125100
'14MF1',19701,51822,130600
'14MF1',19701,51822,132100
'14MF1',19701,51822,133600
'14MF1',19701,51822,135100
'14MF1',19701,51822,140600
'14MF1',19701,51822,142100
'14MF1',19701,51822,143600
'14MF1',19701,51822,145100
'14MF1',19701,51822,150600
'14MF1',19701,51822,152100
'14MF1',19701,51822,153600
'14MF1',19701,51822,155100
'14MF1',19701,51822,160500
'14MF1',19701,51822,162000
'14MF1',19701,51822,163600
'14MF1',19701,51822,164600
'14MF1',19701,51822,165500
'14MF1',19701,51822,170500
'14MF1',19701,51822,171500
'14MF1',19701,51822,172500
'14MF1',19701,51822,173500
'14MF1',19701,51822,174500
'14MF1',19701,51822,175500
'14MF1',19701,51822,180400
'14MF1',19701,51822,181400
'14MF1',19701,51822,182800
'14MF1',19701,51822,184300
'14MF1',19701,51822,185800
'14MF1',19701,51822,191400
'14MF1',19701,51822,193400
'14MF1',19701,51822,195400
'14MF1',19701,51822,201400
'14MF1',19701,51822,203400
'14MF1',19701,51822,205400
'14MF1',19701,51822,211400
'14MF1',19701,51822,213400
'14MF1',19701,51822,215600
'14MF1',19701,51822,221800
'14MF1',19701,51822,224800
'14MF1',19701,51822,231800
'14MF1',19701,51822,234000
'14MF1',19701,51822,240100
'14MF1',19701,51822,242200
'14MF1',19701,51822,244800
'14MF1',19701,51822,251500
'14MF2',19701,51822,50400
'14MF2',19701,51822,53400
'14MF2',19701,51822,60400
'14MF2',19701,51822,63400
'14MF2',19701,51822,70400
'14MF2',19701,51822,73400
'14MF2',19701,51822,80400
'14MF2',19701,51822,83800
'14MF2',19701,51822,91100
'14MF2',19701,51822,94100
'14MF2',19701,51822,101100
'14MF2',19701,51822,104100
'14MF2',19701,51822,111000
'14MF2',19701,51822,113900
'14MF2',19701,51822,120900
'14MF2',19701,51822,123000
'14MF2',19701,51822,125100
'14MF2',19701,51822,130600
'14MF2',19701,51822,132100
'14MF2',19701,51822,133600
'14MF2',19701,51822,135100
'14MF2',19701,51822,140600
'14MF2',19701,51822,142100
'14MF2',19701,51822,143600
'14MF2',19701,51822,145100
'14MF2',19701,51822,150600
'14MF2',19701,51822,152100
'14MF2',19701,51822,153600
'14MF2',19701,51822,155100
'14MF2',19701,51822,160500
'14MF2',19701,51822,162000
'14MF2',19701,51822,163600
'14MF2',19701,51822,164600
'14MF2',19701,51822,165500
'14MF2',19701,51822,170500
'14MF2',19701,51822,171500
'14MF2',19701,51822,172500
'14MF2',19701,51822,173500
'14MF2',19701,51822,174500
'14MF2',19701,51822,175500
'14MF2',19701,51822,180400
'14MF2',19701,51822,181400
'14MF2',19701,51822,182800
'14MF2',19701,51822,184300
'14MF2',19701,51822,185800
'14MF2',19701,51822,191400
'14MF2',19701,51822,193400
'14MF2',19701,51822,195400
'14MF2',19701,51822,201400
'14MF2',19701,51822,203400
'14MF2',19701,51822,205400
'14MF2',19701,51822,211400
'14MF2',19701,51822,213400
'14MF2',19701,51822,215600
'14MF2',19701,51822,221800
'14MF2',19701,51822,224800
'14MF2',19701,51822,231800
'14MF2',19701,51822,234000
'14MF2',19701,51822,240100
'14MF2',19701,51822,242200
'14MF2',19701,51822,244800
'14MF2',19701,51822,251500
'14MF3',19701,51822,50400
'14MF3',19701,51822,53400
'14MF3',19701,51822,60400
'14MF3',19701,51822,63400
'14MF3',19701,51822,70400
'14MF3',19701,51822,73400
'14MF3',19701,51822,80400
'14MF3',19701,51822,83800
'14MF3',19701,51822,91100
'14MF3',19701,51822,94100
'14MF3',19701,51822,101100
'14MF3',19701,51822,104100
'14MF3',19701,51822,111000
'14MF3',19701,51822,113900
'14MF3',19701,51822,120900
'14MF3',19701,51822,123000
'14MF3',19701,51822,125100
'14MF3',19701,51822,130600
'14MF3',19701,51822,132100
'14MF3',19701,51822,133600
'14MF3',19701,51822,135100
'14MF3',19701,51822,140600
'14MF3',19701,51822,142100
'14MF3',19701,51822,143600
'14MF3',19701,51822,145100
'14MF3',19701,51822,150600
'14MF3',19701,51822,152100
'14MF3',19701,51822,153600
'14MF3',19701,51822,155100
'14MF3',19701,51822,160500
'14MF3',19701,51822,162000
'14MF3',19701,51822,163600
'14MF3',19701,51822,164600
'14MF3',19701,51822,165500
'14MF3',19701,51822,170500
'14MF3',19701,51822,171500
'14MF3',19701,51822,172500
'14MF3',19701,51822,173500
'14MF3',19701,51822,174500
'14MF3',19701,51822,175500
'14MF3',19701,51822,180400
'14MF3',19701,51822,181400
'14MF3',19701,51822,182800
'14MF3',19701,51822,184300
'14MF3',19701,51822,185800
'14MF3',19701,51822,191400
'14MF3',19701,51822,193400
'14MF3',19701,51822,195400
'14MF3',19701,51822,201400
'14MF3',19701,51822,203400
'14MF3',19701,51822,205400
'14MF3',19701,51822,211400
'14MF3',19701,51822,213400
'14MF3',19701,51822,215600
'14MF3',19701,51822,221800
'14MF3',19701,51822,224800
'14MF3',19701,51822,231800
'14MF3',19701,51822,234000
'14MF3',19701,51822,240100
'14MF3',19701,51822,242200
'14MF3',19701,51822,244800
'14MF3',19701,51822,251500
'14MI',19701,51822,50400
'14MI',19701,51822,53400
'14MI',19701,51822,60400
'14MI',19701,51822,63400
'14MI',19701,51822,70400
'14MI',19701,51822,73400
'14MI',19701,51822,80400
'14MI',19701,51822,83800
'14MI',19701,51822,91100
'14MI',19701,51822,94100
'14MI',19701,51822,101100
'14MI',19701,51822,104100
'14MI',19701,51822,111000
'14MI',19701,51822,113900
'14MI',19701,51822,120900
'14MI',19701,51822,123000
'14MI',19701,51822,125100
'14MI',19701,51822,130600
'14MI',19701,51822,132100
'14MI',19701,51822,133600
'14MI',19701,51822,135100
'14MI',19701,51822,140600
'14MI',19701,51822,142100
'14MI',19701,51822,143600
'14MI',19701,51822,145100
'14MI',19701,51822,150600
'14MI',19701,51822,152100
'14MI',19701,51822,153600
'14MI',19701,51822,155100
'14MI',19701,51822,160500
'14MI',19701,51822,162000
'14MI',19701,51822,163600
'14MI',19701,51822,164600
'14MI',19701,51822,165500
'14MI',19701,51822,170500
'14MI',19701,51822,171500
'14MI',19701,51822,172500
'14MI',19701,51822,173500
'14MI',19701,51822,174500
'14MI',19701,51822,175500
'14MI',19701,51822,180400
'14MI',19701,51822,181400
'14MI',19701,51822,182800
'14MI',19701,51822,184300
'14MI',19701,51822,185800
'14MI',19701,51822,191400
'14MI',19701,51822,193400
'14MI',19701,51822,195400
'14MI',19701,51822,201400
'14MI',19701,51822,203400
'14MI',19701,51822,205400
'14MI',19701,51822,211400
'14MI',19701,51822,213400
'14MI',19701,51822,215600
'14MI',19701,51822,221800
'14MI',19701,51822,224800
'14MI',19701,51822,231800
'14MI',19701,51822,234000
'14MI',19701,51822,240100
'14MI',19701,51822,242200
'14MI',19701,51822,244800
'14MI',19701,51822,251500
'14MS',19701,51822,50100
'14MS',19701,51822,53100
'14MS',19701,51822,60100
'14MS',19701,51822,63000
'14MS',19701,51822,65100
'14MS',19701,51822,70900
'14MS',19701,51822,72100
'14MS',19701,51822,73300
'14MS',19701,51822,74700
'14MS',19701,51822,80200
'14MS',19701,51822,81600
'14MS',19701,51822,84500
'14MS',19701,51822,91500
'14MS',19701,51822,94500
'14MS',19701,51822,100500
'14MS',19701,51822,102500
'14MS',19701,51822,104500
'14MS',19701,51822,110500
'14MS',19701,51822,112500
'14MS',19701,51822,114500
'14MS',19701,51822,120500
'14MS',19701,51822,122500
'14MS',19701,51822,124000
'14MS',19701,51822,125500
'14MS',19701,51822,131500
'14MS',19701,51822,133500
'14MS',19701,51822,140000
'14MS',19701,51822,141100
'14MS',19701,51822,142100
'14MS',19701,51822,143100
'14MS',19701,51822,144100
'14MS',19701,51822,145100
'14MS',19701,51822,150100
'14MS',19701,51822,151200
'14MS',19701,51822,152100
'14MS',19701,51822,153100
'14MS',19701,51822,154100
'14MS',19701,51822,155000
'14MS',19701,51822,155800
'14MS',19701,51822,160700
'14MS',19701,51822,161600
'14MS',19701,51822,162600
'14MS',19701,51822,163600
'14MS',19701,51822,164600
'14MS',19701,51822,165400
'14MS',19701,51822,170200
'14MS',19701,51822,171000
'14MS',19701,51822,171600
'14MS',19701,51822,172200
'14MS',19701,51822,172800
'14MS',19701,51822,173400
'14MS',19701,51822,174000
'14MS',19701,51822,174900
'14MS',19701,51822,175900
'14MS',19701,51822,180900
'14MS',19701,51822,181800
'14MS',19701,51822,182700
'14MS',19701,51822,183600
'14MS',19701,51822,184500
'14MS',19701,51822,185500
'14MS',19701,51822,190400
'14MS',19701,51822,191400
'14MS',19701,51822,192400
'14MS',19701,51822,193400
'14MS',19701,51822,194400
'14MS',19701,51822,195400
'14MS',19701,51822,200300
'14MS',19701,51822,201300
'14MS',19701,51822,202300
'14MS',19701,51822,203300
'14MS',19701,51822,204300
'14MS',19701,51822,205300
'14MS',19701,51822,210200
'14MS',19701,51822,211100
'14MS',19701,51822,212100
'14MS',19701,51822,213100
'14MS',19701,51822,214400
'14MS',19701,51822,215700
'14MS',19701,51822,221000
'14MS',19701,51822,222500
'14MS',19701,51822,224000
'14MS',19701,51822,225500
'14MS',19701,51822,231000
'14MS',19701,51822,233200
'14MS',19701,51822,235900
'14MS',19701,51822,241900
'14MS',19701,51822,244900
'14MS',19701,51822,251500
'14MA',37001,51822,254900
'14MA',37001,51822,263400
'14MA',37001,51822,271900
'14MA',37001,51822,280400
'14MA',37001,51822,284700
'14MF1',37001,51822,254900
'14MF1',37001,51822,263400
'14MF1',37001,51822,271900
'14MF1',37001,51822,280400
'14MF1',37001,51822,284700
'14MF2',37001,51822,254900
'14MF2',37001,51822,263400
'14MF2',37001,51822,271900
'14MF2',37001,51822,280400
'14MF2',37001,51822,284700
'14MF3',37001,51822,254900
'14MF3',37001,51822,263400
'14MF3',37001,51822,271900
'14MF3',37001,51822,280400
'14MF3',37001,51822,284700
'14MI',37001,51822,255200
'14MI',37001,51822,263700
'14MI',37001,51822,272200
'14MI',37001,51822,280700
'14MI',37001,51822,285100
'14MS',37001,51822,255200
'14MS',37001,51822,263700
'14MS',37001,51822,272200
'14MS',37001,51822,280700
'14MS',37001,51822,285100
