'15UA',19101,56474,51200
'15UA',19101,56474,54200
'15UA',19101,56474,61400
'15UA',19101,56474,64400
'15UA',19101,56474,71400
'15UA',19101,56474,74500
'15UA',19101,56474,81200
'15UA',19101,56474,83200
'15UA',19101,56474,85200
'15UA',19101,56474,91200
'15UA',19101,56474,93100
'15UA',19101,56474,95000
'15UA',19101,56474,101300
'15UA',19101,56474,103000
'15UA',19101,56474,104700
'15UA',19101,56474,110300
'15UA',19101,56474,111900
'15UA',19101,56474,113400
'15UA',19101,56474,114900
'15UA',19101,56474,120400
'15UA',19101,56474,121900
'15UA',19101,56474,123300
'15UA',19101,56474,124700
'15UA',19101,56474,130100
'15UA',19101,56474,131900
'15UA',19101,56474,133900
'15UA',19101,56474,140000
'15UA',19101,56474,142100
'15UA',19101,56474,144100
'15UA',19101,56474,150100
'15UA',19101,56474,152000
'15UA',19101,56474,154000
'15UA',19101,56474,160100
'15UA',19101,56474,162100
'15UA',19101,56474,164100
'15UA',19101,56474,170100
'15UA',19101,56474,172100
'15UA',19101,56474,174000
'15UA',19101,56474,180000
'15UA',19101,56474,182000
'15UA',19101,56474,184300
'15UA',19101,56474,190400
'15UA',19101,56474,192800
'15UA',19101,56474,195200
'15UA',19101,56474,201600
'15UA',19101,56474,204200
'15UA',19101,56474,211000
'15UA',19101,56474,213900
'15UA',19101,56474,220700
'15UA',19101,56474,223600
'15UA',19101,56474,230600
'15UA',19101,56474,233600
'15UA',19101,56474,240300
'15UA',19101,56474,243200
'15UA',19101,56474,245700
'15UA',19101,56474,252500
'15UF1',19101,56474,51200
'15UF1',19101,56474,54200
'15UF1',19101,56474,61500
'15UF1',19101,56474,64500
'15UF1',19101,56474,71500
'15UF1',19101,56474,74500
'15UF1',19101,56474,81500
'15UF1',19101,56474,84700
'15UF1',19101,56474,91700
'15UF1',19101,56474,94300
'15UF1',19101,56474,100900
'15UF1',19101,56474,103500
'15UF1',19101,56474,110100
'15UF1',19101,56474,112900
'15UF1',19101,56474,115400
'15UF1',19101,56474,121900
'15UF1',19101,56474,124400
'15UF1',19101,56474,130500
'15UF1',19101,56474,132400
'15UF1',19101,56474,134200
'15UF1',19101,56474,140100
'15UF1',19101,56474,142100
'15UF1',19101,56474,144100
'15UF1',19101,56474,150100
'15UF1',19101,56474,152000
'15UF1',19101,56474,154000
'15UF1',19101,56474,160400
'15UF1',19101,56474,162900
'15UF1',19101,56474,165400
'15UF1',19101,56474,171900
'15UF1',19101,56474,174300
'15UF1',19101,56474,180700
'15UF1',19101,56474,183400
'15UF1',19101,56474,190100
'15UF1',19101,56474,193100
'15UF1',19101,56474,200100
'15UF1',19101,56474,203100
'15UF1',19101,56474,210100
'15UF1',19101,56474,213100
'15UF1',19101,56474,220100
'15UF1',19101,56474,223100
'15UF1',19101,56474,225900
'15UF1',19101,56474,232800
'15UF1',19101,56474,235700
'15UF1',19101,56474,242400
'15UF1',19101,56474,245700
'15UF2',19101,56474,51200
'15UF2',19101,56474,54200
'15UF2',19101,56474,61500
'15UF2',19101,56474,64500
'15UF2',19101,56474,71500
'15UF2',19101,56474,74500
'15UF2',19101,56474,81500
'15UF2',19101,56474,84700
'15UF2',19101,56474,91700
'15UF2',19101,56474,94300
'15UF2',19101,56474,100900
'15UF2',19101,56474,103500
'15UF2',19101,56474,110100
'15UF2',19101,56474,112900
'15UF2',19101,56474,115400
'15UF2',19101,56474,121900
'15UF2',19101,56474,124400
'15UF2',19101,56474,130500
'15UF2',19101,56474,132400
'15UF2',19101,56474,134200
'15UF2',19101,56474,140100
'15UF2',19101,56474,142100
'15UF2',19101,56474,144100
'15UF2',19101,56474,150100
'15UF2',19101,56474,152000
'15UF2',19101,56474,154000
'15UF2',19101,56474,160400
'15UF2',19101,56474,162900
'15UF2',19101,56474,165400
'15UF2',19101,56474,171900
'15UF2',19101,56474,174300
'15UF2',19101,56474,180700
'15UF2',19101,56474,183400
'15UF2',19101,56474,190100
'15UF2',19101,56474,193100
'15UF2',19101,56474,200100
'15UF2',19101,56474,203100
'15UF2',19101,56474,210100
'15UF2',19101,56474,213100
'15UF2',19101,56474,220100
'15UF2',19101,56474,223100
'15UF2',19101,56474,225900
'15UF2',19101,56474,232800
'15UF2',19101,56474,235700
'15UF2',19101,56474,242400
'15UF2',19101,56474,245700
'15UI',19101,56474,51200
'15UI',19101,56474,54200
'15UI',19101,56474,61500
'15UI',19101,56474,64500
'15UI',19101,56474,71500
'15UI',19101,56474,74500
'15UI',19101,56474,81500
'15UI',19101,56474,84700
'15UI',19101,56474,91700
'15UI',19101,56474,94300
'15UI',19101,56474,100900
'15UI',19101,56474,103500
'15UI',19101,56474,110100
'15UI',19101,56474,112900
'15UI',19101,56474,115400
'15UI',19101,56474,121900
'15UI',19101,56474,124400
'15UI',19101,56474,130500
'15UI',19101,56474,132400
'15UI',19101,56474,134200
'15UI',19101,56474,140100
'15UI',19101,56474,142100
'15UI',19101,56474,144100
'15UI',19101,56474,150100
'15UI',19101,56474,152000
'15UI',19101,56474,154000
'15UI',19101,56474,160400
'15UI',19101,56474,162900
'15UI',19101,56474,165400
'15UI',19101,56474,171900
'15UI',19101,56474,174300
'15UI',19101,56474,180800
'15UI',19101,56474,183400
'15UI',19101,56474,190100
'15UI',19101,56474,193100
'15UI',19101,56474,200100
'15UI',19101,56474,203100
'15UI',19101,56474,210100
'15UI',19101,56474,213100
'15UI',19101,56474,220100
'15UI',19101,56474,223100
'15UI',19101,56474,225900
'15UI',19101,56474,232800
'15UI',19101,56474,235700
'15UI',19101,56474,242400
'15UI',19101,56474,245700
'15US',19101,56474,51600
'15US',19101,56474,54700
'15US',19101,56474,61700
'15US',19101,56474,64900
'15US',19101,56474,72300
'15US',19101,56474,75800
'15US',19101,56474,83000
'15US',19101,56474,90100
'15US',19101,56474,92800
'15US',19101,56474,95800
'15US',19101,56474,102800
'15US',19101,56474,105800
'15US',19101,56474,112800
'15US',19101,56474,115800
'15US',19101,56474,122800
'15US',19101,56474,125800
'15US',19101,56474,132300
'15US',19101,56474,134800
'15US',19101,56474,141400
'15US',19101,56474,143900
'15US',19101,56474,150900
'15US',19101,56474,153800
'15US',19101,56474,160800
'15US',19101,56474,164000
'15US',19101,56474,171200
'15US',19101,56474,174400
'15US',19101,56474,180400
'15US',19101,56474,183200
'15US',19101,56474,190000
'15US',19101,56474,192600
'15US',19101,56474,195000
'15US',19101,56474,201700
'15US',19101,56474,204500
'15US',19101,56474,211400
'15US',19101,56474,214400
'15US',19101,56474,221400
'15US',19101,56474,224400
'15US',19101,56474,231400
'15US',19101,56474,234400
'15US',19101,56474,241400
'15US',19101,56474,243500
'15US',19101,56474,245800
'15US',49101,56474,55900
'15US',49101,56474,61900
'15US',49101,56474,63900
'15US',49101,56474,70100
'15US',49101,56474,71600
'15US',49101,56474,73200
'15US',49101,56474,74600
'15US',49101,56474,80000
'15US',49101,56474,81500
'15US',49101,56474,83000
'15US',49101,56474,85700
'15US',49101,56474,92500
'15US',49101,56474,95500
'15US',49101,56474,102400
'15US',49101,56474,105300
'15US',49101,56474,112300
'15US',49101,56474,115300
'15US',49101,56474,122300
'15US',49101,56474,125300
'15US',49101,56474,132300
'15US',49101,56474,135300
'15US',49101,56474,142300
'15US',49101,56474,145300
'15US',49101,56474,152300
'15US',49101,56474,155200
'15US',49101,56474,162100
'15US',49101,56474,164800
'15US',49101,56474,171400
'15US',49101,56474,174000
'15US',49101,56474,180400
'15US',49101,56474,182900
