'14SS',7403,52743,55600
'14SS',7403,52743,61700
'14SS',7403,52743,63800
'14SS',7403,52743,65900
'14SS',7403,52743,72100
'14SS',7403,52743,74300
'14SS',7403,52743,80500
'14SS',7403,52743,82800
'14SS',7403,52743,85200
'14SS',7403,52743,91400
'14SS',7403,52743,93600
'14SS',7403,52743,95800
'14SS',7403,52743,102000
'14SS',7403,52743,141200
'14SS',7403,52743,143400
'14SS',7403,52743,145600
'14SS',7403,52743,151800
'14SS',7403,52743,154000
'14SS',7403,52743,160200
'14SS',7403,52743,162500
'14SS',7403,52743,164800
'14SS',7403,52743,171300
'14SS',7403,52743,173800
'14SS',7403,52743,175900
'14SS',7403,52743,182000
'14SS',7403,52743,184100
'14SS',7503,52743,73500
'14SS',7503,52743,81100
'14SS',7503,52743,84100
'14SS',7503,52743,91000
'14SS',7503,52743,94200
'14SS',7503,52743,101000
'14SS',7503,52743,154800
'14SS',7503,52743,161800
'14SS',7503,52743,165500
'14SS',7503,52743,172400
'14SS',7503,52743,175300
'14SS',7503,52743,182600
'14SA',10703,52743,51700
'14SA',10703,52743,54300
'14SA',10703,52743,60900
'14SA',10703,52743,63400
'14SA',10703,52743,65800
'14SA',10703,52743,72400
'14SA',10703,52743,75200
'14SA',10703,52743,81700
'14SA',10703,52743,84200
'14SA',10703,52743,90900
'14SA',10703,52743,93600
'14SA',10703,52743,100400
'14SA',10703,52743,103100
'14SA',10703,52743,110000
'14SA',10703,52743,112900
'14SA',10703,52743,115800
'14SA',10703,52743,122700
'14SA',10703,52743,125500
'14SA',10703,52743,132400
'14SA',10703,52743,135400
'14SA',10703,52743,142400
'14SA',10703,52743,145300
'14SA',10703,52743,152300
'14SA',10703,52743,155300
'14SA',10703,52743,162200
'14SA',10703,52743,165200
'14SA',10703,52743,172200
'14SA',10703,52743,175200
'14SA',10703,52743,182200
'14SA',10703,52743,184900
'14SA',10703,52743,191600
'14SA',10703,52743,194300
'14SA',10703,52743,201000
'14SA',10703,52743,203700
'14SA',10703,52743,210400
'14SA',10703,52743,213100
'14SA',10703,52743,215800
'14SA',10703,52743,222500
'14SA',10703,52743,225200
'14SA',10703,52743,231900
'14SA',10703,52743,234500
'14SA',10703,52743,241000
'14SA',10703,52743,243700
'14SA',10703,52743,250400
'14SA',10703,52743,253200
'14SF1',10703,52743,52100
'14SF1',10703,52743,54600
'14SF1',10703,52743,61000
'14SF1',10703,52743,63500
'14SF1',10703,52743,70100
'14SF1',10703,52743,72600
'14SF1',10703,52743,75100
'14SF1',10703,52743,81700
'14SF1',10703,52743,84400
'14SF1',10703,52743,91100
'14SF1',10703,52743,93700
'14SF1',10703,52743,100500
'14SF1',10703,52743,103200
'14SF1',10703,52743,110000
'14SF1',10703,52743,112800
'14SF1',10703,52743,115800
'14SF1',10703,52743,122800
'14SF1',10703,52743,125700
'14SF1',10703,52743,132600
'14SF1',10703,52743,135600
'14SF1',10703,52743,142600
'14SF1',10703,52743,145500
'14SF1',10703,52743,152500
'14SF1',10703,52743,155500
'14SF1',10703,52743,162400
'14SF1',10703,52743,165400
'14SF1',10703,52743,172400
'14SF1',10703,52743,175300
'14SF1',10703,52743,182200
'14SF1',10703,52743,184900
'14SF1',10703,52743,191600
'14SF1',10703,52743,194300
'14SF1',10703,52743,201000
'14SF1',10703,52743,203700
'14SF1',10703,52743,210400
'14SF1',10703,52743,213100
'14SF1',10703,52743,215800
'14SF1',10703,52743,222500
'14SF1',10703,52743,225200
'14SF1',10703,52743,231900
'14SF1',10703,52743,234300
'14SF1',10703,52743,240800
'14SF1',10703,52743,243600
'14SF1',10703,52743,250400
'14SF2',10703,52743,52100
'14SF2',10703,52743,54600
'14SF2',10703,52743,61000
'14SF2',10703,52743,63500
'14SF2',10703,52743,70100
'14SF2',10703,52743,72600
'14SF2',10703,52743,75100
'14SF2',10703,52743,81700
'14SF2',10703,52743,84400
'14SF2',10703,52743,91100
'14SF2',10703,52743,93700
'14SF2',10703,52743,100500
'14SF2',10703,52743,103200
'14SF2',10703,52743,110000
'14SF2',10703,52743,112800
'14SF2',10703,52743,115800
'14SF2',10703,52743,122800
'14SF2',10703,52743,125700
'14SF2',10703,52743,132600
'14SF2',10703,52743,135600
'14SF2',10703,52743,142600
'14SF2',10703,52743,145500
'14SF2',10703,52743,152500
'14SF2',10703,52743,155500
'14SF2',10703,52743,162400
'14SF2',10703,52743,165400
'14SF2',10703,52743,172400
'14SF2',10703,52743,175300
'14SF2',10703,52743,182200
'14SF2',10703,52743,184900
'14SF2',10703,52743,191600
'14SF2',10703,52743,194300
'14SF2',10703,52743,201000
'14SF2',10703,52743,203700
'14SF2',10703,52743,210400
'14SF2',10703,52743,213100
'14SF2',10703,52743,215800
'14SF2',10703,52743,222500
'14SF2',10703,52743,225200
'14SF2',10703,52743,231900
'14SF2',10703,52743,234300
'14SF2',10703,52743,240800
'14SF2',10703,52743,243600
'14SF2',10703,52743,250400
'14SI',10703,52743,52100
'14SI',10703,52743,54600
'14SI',10703,52743,61000
'14SI',10703,52743,63500
'14SI',10703,52743,70100
'14SI',10703,52743,72600
'14SI',10703,52743,75100
'14SI',10703,52743,81700
'14SI',10703,52743,84400
'14SI',10703,52743,91100
'14SI',10703,52743,93700
'14SI',10703,52743,100500
'14SI',10703,52743,103200
'14SI',10703,52743,110000
'14SI',10703,52743,112800
'14SI',10703,52743,115800
'14SI',10703,52743,122800
'14SI',10703,52743,125700
'14SI',10703,52743,132600
'14SI',10703,52743,135600
'14SI',10703,52743,142600
'14SI',10703,52743,145500
'14SI',10703,52743,152500
'14SI',10703,52743,155500
'14SI',10703,52743,162400
'14SI',10703,52743,165400
'14SI',10703,52743,172400
'14SI',10703,52743,175300
'14SI',10703,52743,182200
'14SI',10703,52743,184900
'14SI',10703,52743,191600
'14SI',10703,52743,194300
'14SI',10703,52743,201000
'14SI',10703,52743,203700
'14SI',10703,52743,210400
'14SI',10703,52743,213100
'14SI',10703,52743,215800
'14SI',10703,52743,222500
'14SI',10703,52743,225200
'14SI',10703,52743,231900
'14SI',10703,52743,234300
'14SI',10703,52743,240800
'14SI',10703,52743,243600
'14SI',10703,52743,250400
'14SS',10703,52743,52100
'14SS',10703,52743,55700
'14SS',10703,52743,63500
'14SS',10703,52743,70000
'14SS',10703,52743,72000
'14SS',10703,52743,73700
'14SS',10703,52743,75200
'14SS',10703,52743,80500
'14SS',10703,52743,81800
'14SS',10703,52743,83200
'14SS',10703,52743,84600
'14SS',10703,52743,90200
'14SS',10703,52743,93000
'14SS',10703,52743,95800
'14SS',10703,52743,102900
'14SS',10703,52743,105700
'14SS',10703,52743,112500
'14SS',10703,52743,115600
'14SS',10703,52743,122500
'14SS',10703,52743,125300
'14SS',10703,52743,132500
'14SS',10703,52743,135500
'14SS',10703,52743,142900
'14SS',10703,52743,150200
'14SS',10703,52743,153300
'14SS',10703,52743,160300
'14SS',10703,52743,163800
'14SS',10703,52743,172000
'14SS',10703,52743,174800
'14SS',10703,52743,181900
'14SS',10703,52743,184900
'14SS',10703,52743,191800
'14SS',10703,52743,194400
'14SS',10703,52743,201100
'14SS',10703,52743,203900
'14SS',10703,52743,210500
'14SS',10703,52743,213300
'14SS',10703,52743,220300
'14SS',10703,52743,223300
'14SS',10703,52743,230200
'14SS',10703,52743,232900
'14SS',10703,52743,240000
'14SS',10703,52743,243100
'14SS',10703,52743,250300
'14SA',71502,52743,71800
'14SA',71502,52743,74000
'14SA',71502,52743,75900
'14SA',71502,52743,81800
'14SA',71502,52743,83700
'14SA',71502,52743,85600
'14SA',71502,52743,91600
'14SA',71502,52743,93600
'14SA',71502,52743,95600
'14SA',71502,52743,101600
'14SA',71502,52743,103500
'14SA',71502,52743,105500
'14SA',71502,52743,111500
'14SA',71502,52743,113400
'14SA',71502,52743,115400
'14SA',71502,52743,121400
'14SA',71502,52743,123300
'14SA',71502,52743,125300
'14SA',71502,52743,131300
'14SA',71502,52743,133200
'14SA',71502,52743,135200
'14SA',71502,52743,141200
'14SA',71502,52743,143100
'14SA',71502,52743,145100
'14SA',71502,52743,151100
'14SA',71502,52743,153000
'14SA',71502,52743,155000
'14SA',71502,52743,161000
'14SA',71502,52743,162900
'14SA',71502,52743,164900
'14SA',71502,52743,170900
'14SA',71502,52743,172800
'14SA',71502,52743,174700
'14SA',71502,52743,180700
'14SA',71502,52743,182600
'14SA',71502,52743,184500
'14SA',71502,52743,190500
'14SA',71502,52743,192400
'14SA',71502,52743,194400
'14SA',71502,52743,200400
'14SA',71502,52743,204300
'14SA',71502,52743,212200
'14SA',71502,52743,220200
'14SF1',71502,52743,71400
'14SF1',71502,52743,73500
'14SF1',71502,52743,75400
'14SF1',71502,52743,81300
'14SF1',71502,52743,83200
'14SF1',71502,52743,85200
'14SF1',71502,52743,91200
'14SF1',71502,52743,93200
'14SF1',71502,52743,95300
'14SF1',71502,52743,101300
'14SF1',71502,52743,103200
'14SF1',71502,52743,105200
'14SF1',71502,52743,111200
'14SF1',71502,52743,113100
'14SF1',71502,52743,115100
'14SF1',71502,52743,121100
'14SF1',71502,52743,123000
'14SF1',71502,52743,125000
'14SF1',71502,52743,131000
'14SF1',71502,52743,132900
'14SF1',71502,52743,135000
'14SF1',71502,52743,141000
'14SF1',71502,52743,142900
'14SF1',71502,52743,144900
'14SF1',71502,52743,150900
'14SF1',71502,52743,152800
'14SF1',71502,52743,154800
'14SF1',71502,52743,160800
'14SF1',71502,52743,162700
'14SF1',71502,52743,164600
'14SF1',71502,52743,170600
'14SF1',71502,52743,172500
'14SF1',71502,52743,174500
'14SF1',71502,52743,180500
'14SF1',71502,52743,182400
'14SF1',71502,52743,184400
'14SF1',71502,52743,190400
'14SF1',71502,52743,192300
'14SF1',71502,52743,194200
'14SF1',71502,52743,200200
'14SF1',71502,52743,204100
'14SF1',71502,52743,212000
'14SF1',71502,52743,220000
'14SF2',71502,52743,71400
'14SF2',71502,52743,73500
'14SF2',71502,52743,75400
'14SF2',71502,52743,81300
'14SF2',71502,52743,83200
'14SF2',71502,52743,85200
'14SF2',71502,52743,91200
'14SF2',71502,52743,93200
'14SF2',71502,52743,95300
'14SF2',71502,52743,101300
'14SF2',71502,52743,103200
'14SF2',71502,52743,105200
'14SF2',71502,52743,111200
'14SF2',71502,52743,113100
'14SF2',71502,52743,115100
'14SF2',71502,52743,121100
'14SF2',71502,52743,123000
'14SF2',71502,52743,125000
'14SF2',71502,52743,131000
'14SF2',71502,52743,132900
'14SF2',71502,52743,135000
'14SF2',71502,52743,141000
'14SF2',71502,52743,142900
'14SF2',71502,52743,144900
'14SF2',71502,52743,150900
'14SF2',71502,52743,152800
'14SF2',71502,52743,154800
'14SF2',71502,52743,160800
'14SF2',71502,52743,162700
'14SF2',71502,52743,164600
'14SF2',71502,52743,170600
'14SF2',71502,52743,172500
'14SF2',71502,52743,174500
'14SF2',71502,52743,180500
'14SF2',71502,52743,182400
'14SF2',71502,52743,184400
'14SF2',71502,52743,190400
'14SF2',71502,52743,192300
'14SF2',71502,52743,194200
'14SF2',71502,52743,200200
'14SF2',71502,52743,204100
'14SF2',71502,52743,212000
'14SF2',71502,52743,220000
'14SI',71502,52743,71400
'14SI',71502,52743,73500
'14SI',71502,52743,75400
'14SI',71502,52743,81300
'14SI',71502,52743,83200
'14SI',71502,52743,85200
'14SI',71502,52743,91200
'14SI',71502,52743,93200
'14SI',71502,52743,95300
'14SI',71502,52743,101300
'14SI',71502,52743,103200
'14SI',71502,52743,105200
'14SI',71502,52743,111200
'14SI',71502,52743,113100
'14SI',71502,52743,115100
'14SI',71502,52743,121100
'14SI',71502,52743,123000
'14SI',71502,52743,125000
'14SI',71502,52743,131000
'14SI',71502,52743,132900
'14SI',71502,52743,135000
'14SI',71502,52743,141000
'14SI',71502,52743,142900
'14SI',71502,52743,144900
'14SI',71502,52743,150900
'14SI',71502,52743,152800
'14SI',71502,52743,154800
'14SI',71502,52743,160800
'14SI',71502,52743,162700
'14SI',71502,52743,164600
'14SI',71502,52743,170600
'14SI',71502,52743,172500
'14SI',71502,52743,174500
'14SI',71502,52743,180500
'14SI',71502,52743,182400
'14SI',71502,52743,184400
'14SI',71502,52743,190400
'14SI',71502,52743,192300
'14SI',71502,52743,194200
'14SI',71502,52743,200200
'14SI',71502,52743,204100
'14SI',71502,52743,212000
'14SI',71502,52743,220000
'14SS',71502,52743,71800
'14SS',71502,52743,74900
'14SS',71502,52743,82200
'14SS',71502,52743,85200
'14SS',71502,52743,92000
'14SS',71502,52743,94800
'14SS',71502,52743,101800
'14SS',71502,52743,104800
'14SS',71502,52743,111800
'14SS',71502,52743,114800
'14SS',71502,52743,121800
'14SS',71502,52743,124800
'14SS',71502,52743,131800
'14SS',71502,52743,134800
'14SS',71502,52743,141800
'14SS',71502,52743,144800
'14SS',71502,52743,151900
'14SS',71502,52743,154900
'14SS',71502,52743,162000
'14SS',71502,52743,165000
'14SS',71502,52743,171900
'14SS',71502,52743,174700
'14SS',71502,52743,181700
'14SS',71502,52743,184700
'14SS',71502,52743,191700
'14SS',71502,52743,194700
'14SS',71502,52743,201700
'14SS',71502,52743,204700
'14SS',71502,52743,211700
'14SS',71502,52743,214700
