'15UA',10502,50991,54700
'15UA',10502,50991,61700
'15UA',10502,50991,64700
'15UA',10502,50991,71700
'15UA',10502,50991,74700
'15UA',10502,50991,81700
'15UA',10502,50991,84700
'15UA',10502,50991,91700
'15UA',10502,50991,94900
'15UA',10502,50991,101300
'15UA',10502,50991,103200
'15UA',10502,50991,104700
'15UA',10502,50991,110200
'15UA',10502,50991,111700
'15UA',10502,50991,113200
'15UA',10502,50991,114600
'15UA',10502,50991,115600
'15UA',10502,50991,120500
'15UA',10502,50991,121500
'15UA',10502,50991,122500
'15UA',10502,50991,123500
'15UA',10502,50991,124500
'15UA',10502,50991,125500
'15UA',10502,50991,130600
'15UA',10502,50991,131600
'15UA',10502,50991,132500
'15UA',10502,50991,133400
'15UA',10502,50991,134300
'15UA',10502,50991,135100
'15UA',10502,50991,135800
'15UA',10502,50991,140700
'15UA',10502,50991,141600
'15UA',10502,50991,142600
'15UA',10502,50991,143500
'15UA',10502,50991,144500
'15UA',10502,50991,145500
'15UA',10502,50991,150400
'15UA',10502,50991,151200
'15UA',10502,50991,152000
'15UA',10502,50991,152700
'15UA',10502,50991,153400
'15UA',10502,50991,154100
'15UA',10502,50991,154900
'15UA',10502,50991,155700
'15UA',10502,50991,160500
'15UA',10502,50991,161100
'15UA',10502,50991,161700
'15UA',10502,50991,162300
'15UA',10502,50991,162900
'15UA',10502,50991,163500
'15UA',10502,50991,164200
'15UA',10502,50991,164800
'15UA',10502,50991,165500
'15UA',10502,50991,170200
'15UA',10502,50991,170900
'15UA',10502,50991,171500
'15UA',10502,50991,171900
'15UA',10502,50991,172300
'15UA',10502,50991,172700
'15UA',10502,50991,173200
'15UA',10502,50991,173700
'15UA',10502,50991,174300
'15UA',10502,50991,174700
'15UA',10502,50991,175300
'15UA',10502,50991,175900
'15UA',10502,50991,180600
'15UA',10502,50991,181300
'15UA',10502,50991,182000
'15UA',10502,50991,182700
'15UA',10502,50991,183300
'15UA',10502,50991,183800
'15UA',10502,50991,184300
'15UA',10502,50991,184800
'15UA',10502,50991,185300
'15UA',10502,50991,190000
'15UA',10502,50991,190700
'15UA',10502,50991,191500
'15UA',10502,50991,192200
'15UA',10502,50991,192900
'15UA',10502,50991,193600
'15UA',10502,50991,194200
'15UA',10502,50991,195000
'15UA',10502,50991,195700
'15UA',10502,50991,200700
'15UA',10502,50991,201800
'15UA',10502,50991,202800
'15UA',10502,50991,203800
'15UA',10502,50991,204800
'15UA',10502,50991,205900
'15UA',10502,50991,211000
'15UA',10502,50991,212100
'15UA',10502,50991,213100
'15UA',10502,50991,214100
'15UA',10502,50991,214900
'15UA',10502,50991,215600
'15UA',10502,50991,220400
'15UA',10502,50991,221200
'15UA',10502,50991,222000
'15UA',10502,50991,222700
'15UA',10502,50991,223400
'15UA',10502,50991,224100
'15UA',10502,50991,224700
'15UA',10502,50991,225200
'15UA',10502,50991,225800
'15UA',10502,50991,230500
'15UA',10502,50991,231300
'15UA',10502,50991,232000
'15UA',10502,50991,232700
'15UA',10502,50991,233400
'15UA',10502,50991,234100
'15UA',10502,50991,234900
'15UA',10502,50991,235700
'15UA',10502,50991,240500
'15UA',10502,50991,241300
'15UA',10502,50991,242100
'15UA',10502,50991,242900
'15UA',10502,50991,243700
'15UA',10502,50991,244500
'15UA',10502,50991,245600
'15UA',10502,50991,250900
'15UA',10502,50991,253200
'15UA',10502,50991,260000
'15UF1',10502,50991,54700
'15UF1',10502,50991,61700
'15UF1',10502,50991,64700
'15UF1',10502,50991,71700
'15UF1',10502,50991,74700
'15UF1',10502,50991,81700
'15UF1',10502,50991,84700
'15UF1',10502,50991,91700
'15UF1',10502,50991,94900
'15UF1',10502,50991,101300
'15UF1',10502,50991,103200
'15UF1',10502,50991,104700
'15UF1',10502,50991,110200
'15UF1',10502,50991,111700
'15UF1',10502,50991,113200
'15UF1',10502,50991,114600
'15UF1',10502,50991,115600
'15UF1',10502,50991,120500
'15UF1',10502,50991,121500
'15UF1',10502,50991,122500
'15UF1',10502,50991,123500
'15UF1',10502,50991,124500
'15UF1',10502,50991,125500
'15UF1',10502,50991,130600
'15UF1',10502,50991,131600
'15UF1',10502,50991,132500
'15UF1',10502,50991,133400
'15UF1',10502,50991,134300
'15UF1',10502,50991,135100
'15UF1',10502,50991,135800
'15UF1',10502,50991,140700
'15UF1',10502,50991,141600
'15UF1',10502,50991,142600
'15UF1',10502,50991,143500
'15UF1',10502,50991,144500
'15UF1',10502,50991,145500
'15UF1',10502,50991,150400
'15UF1',10502,50991,151200
'15UF1',10502,50991,152000
'15UF1',10502,50991,152700
'15UF1',10502,50991,153400
'15UF1',10502,50991,154100
'15UF1',10502,50991,154900
'15UF1',10502,50991,155700
'15UF1',10502,50991,160500
'15UF1',10502,50991,161100
'15UF1',10502,50991,161700
'15UF1',10502,50991,162300
'15UF1',10502,50991,162900
'15UF1',10502,50991,163500
'15UF1',10502,50991,164200
'15UF1',10502,50991,164800
'15UF1',10502,50991,165500
'15UF1',10502,50991,170200
'15UF1',10502,50991,170900
'15UF1',10502,50991,171500
'15UF1',10502,50991,171900
'15UF1',10502,50991,172300
'15UF1',10502,50991,172700
'15UF1',10502,50991,173200
'15UF1',10502,50991,173700
'15UF1',10502,50991,174300
'15UF1',10502,50991,174700
'15UF1',10502,50991,175300
'15UF1',10502,50991,175900
'15UF1',10502,50991,180600
'15UF1',10502,50991,181300
'15UF1',10502,50991,182000
'15UF1',10502,50991,182700
'15UF1',10502,50991,183300
'15UF1',10502,50991,183800
'15UF1',10502,50991,184300
'15UF1',10502,50991,184800
'15UF1',10502,50991,185300
'15UF1',10502,50991,190000
'15UF1',10502,50991,190700
'15UF1',10502,50991,191500
'15UF1',10502,50991,192200
'15UF1',10502,50991,192900
'15UF1',10502,50991,193600
'15UF1',10502,50991,194200
'15UF1',10502,50991,195000
'15UF1',10502,50991,195700
'15UF1',10502,50991,200700
'15UF1',10502,50991,201800
'15UF1',10502,50991,202800
'15UF1',10502,50991,203800
'15UF1',10502,50991,204800
'15UF1',10502,50991,205900
'15UF1',10502,50991,211000
'15UF1',10502,50991,212100
'15UF1',10502,50991,213100
'15UF1',10502,50991,214100
'15UF1',10502,50991,214900
'15UF1',10502,50991,215600
'15UF1',10502,50991,220400
'15UF1',10502,50991,221200
'15UF1',10502,50991,222000
'15UF1',10502,50991,222700
'15UF1',10502,50991,223400
'15UF1',10502,50991,224100
'15UF1',10502,50991,224700
'15UF1',10502,50991,225200
'15UF1',10502,50991,225800
'15UF1',10502,50991,230500
'15UF1',10502,50991,231300
'15UF1',10502,50991,232000
'15UF1',10502,50991,232700
'15UF1',10502,50991,233400
'15UF1',10502,50991,234100
'15UF1',10502,50991,234900
'15UF1',10502,50991,235700
'15UF1',10502,50991,240500
'15UF1',10502,50991,241300
'15UF1',10502,50991,242100
'15UF1',10502,50991,242900
'15UF1',10502,50991,243700
'15UF1',10502,50991,244500
'15UF1',10502,50991,245600
'15UF1',10502,50991,250900
'15UF1',10502,50991,252900
'15UF2',10502,50991,54700
'15UF2',10502,50991,61700
'15UF2',10502,50991,64700
'15UF2',10502,50991,71700
'15UF2',10502,50991,74700
'15UF2',10502,50991,81700
'15UF2',10502,50991,84700
'15UF2',10502,50991,91700
'15UF2',10502,50991,94900
'15UF2',10502,50991,101300
'15UF2',10502,50991,103200
'15UF2',10502,50991,104700
'15UF2',10502,50991,110200
'15UF2',10502,50991,111700
'15UF2',10502,50991,113200
'15UF2',10502,50991,114600
'15UF2',10502,50991,115600
'15UF2',10502,50991,120500
'15UF2',10502,50991,121500
'15UF2',10502,50991,122500
'15UF2',10502,50991,123500
'15UF2',10502,50991,124500
'15UF2',10502,50991,125500
'15UF2',10502,50991,130600
'15UF2',10502,50991,131600
'15UF2',10502,50991,132500
'15UF2',10502,50991,133400
'15UF2',10502,50991,134300
'15UF2',10502,50991,135100
'15UF2',10502,50991,135800
'15UF2',10502,50991,140700
'15UF2',10502,50991,141600
'15UF2',10502,50991,142600
'15UF2',10502,50991,143500
'15UF2',10502,50991,144500
'15UF2',10502,50991,145500
'15UF2',10502,50991,150400
'15UF2',10502,50991,151200
'15UF2',10502,50991,152000
'15UF2',10502,50991,152700
'15UF2',10502,50991,153400
'15UF2',10502,50991,154100
'15UF2',10502,50991,154900
'15UF2',10502,50991,155700
'15UF2',10502,50991,160500
'15UF2',10502,50991,161100
'15UF2',10502,50991,161700
'15UF2',10502,50991,162300
'15UF2',10502,50991,162900
'15UF2',10502,50991,163500
'15UF2',10502,50991,164200
'15UF2',10502,50991,164800
'15UF2',10502,50991,165500
'15UF2',10502,50991,170200
'15UF2',10502,50991,170900
'15UF2',10502,50991,171500
'15UF2',10502,50991,171900
'15UF2',10502,50991,172300
'15UF2',10502,50991,172700
'15UF2',10502,50991,173200
'15UF2',10502,50991,173700
'15UF2',10502,50991,174300
'15UF2',10502,50991,174700
'15UF2',10502,50991,175300
'15UF2',10502,50991,175900
'15UF2',10502,50991,180600
'15UF2',10502,50991,181300
'15UF2',10502,50991,182000
'15UF2',10502,50991,182700
'15UF2',10502,50991,183300
'15UF2',10502,50991,183800
'15UF2',10502,50991,184300
'15UF2',10502,50991,184800
'15UF2',10502,50991,185300
'15UF2',10502,50991,190000
'15UF2',10502,50991,190700
'15UF2',10502,50991,191500
'15UF2',10502,50991,192200
'15UF2',10502,50991,192900
'15UF2',10502,50991,193600
'15UF2',10502,50991,194200
'15UF2',10502,50991,195000
'15UF2',10502,50991,195700
'15UF2',10502,50991,200700
'15UF2',10502,50991,201800
'15UF2',10502,50991,202800
'15UF2',10502,50991,203800
'15UF2',10502,50991,204800
'15UF2',10502,50991,205900
'15UF2',10502,50991,211000
'15UF2',10502,50991,212100
'15UF2',10502,50991,213100
'15UF2',10502,50991,214100
'15UF2',10502,50991,214900
'15UF2',10502,50991,215600
'15UF2',10502,50991,220400
'15UF2',10502,50991,221200
'15UF2',10502,50991,222000
'15UF2',10502,50991,222700
'15UF2',10502,50991,223400
'15UF2',10502,50991,224100
'15UF2',10502,50991,224700
'15UF2',10502,50991,225200
'15UF2',10502,50991,225800
'15UF2',10502,50991,230500
'15UF2',10502,50991,231300
'15UF2',10502,50991,232000
'15UF2',10502,50991,232700
'15UF2',10502,50991,233400
'15UF2',10502,50991,234100
'15UF2',10502,50991,234900
'15UF2',10502,50991,235700
'15UF2',10502,50991,240500
'15UF2',10502,50991,241300
'15UF2',10502,50991,242100
'15UF2',10502,50991,242900
'15UF2',10502,50991,243700
'15UF2',10502,50991,244500
'15UF2',10502,50991,245600
'15UF2',10502,50991,250900
'15UF2',10502,50991,252900
'15UI',10502,50991,54800
'15UI',10502,50991,61600
'15UI',10502,50991,64500
'15UI',10502,50991,71600
'15UI',10502,50991,74700
'15UI',10502,50991,81400
'15UI',10502,50991,83900
'15UI',10502,50991,90400
'15UI',10502,50991,92900
'15UI',10502,50991,95500
'15UI',10502,50991,102000
'15UI',10502,50991,104400
'15UI',10502,50991,110500
'15UI',10502,50991,112500
'15UI',10502,50991,114500
'15UI',10502,50991,120300
'15UI',10502,50991,122000
'15UI',10502,50991,123200
'15UI',10502,50991,124300
'15UI',10502,50991,125300
'15UI',10502,50991,130300
'15UI',10502,50991,131100
'15UI',10502,50991,131900
'15UI',10502,50991,132800
'15UI',10502,50991,133700
'15UI',10502,50991,134600
'15UI',10502,50991,135400
'15UI',10502,50991,140300
'15UI',10502,50991,141200
'15UI',10502,50991,142100
'15UI',10502,50991,143100
'15UI',10502,50991,144000
'15UI',10502,50991,144800
'15UI',10502,50991,145500
'15UI',10502,50991,150300
'15UI',10502,50991,151100
'15UI',10502,50991,151900
'15UI',10502,50991,152700
'15UI',10502,50991,153400
'15UI',10502,50991,154000
'15UI',10502,50991,154600
'15UI',10502,50991,155100
'15UI',10502,50991,155700
'15UI',10502,50991,160300
'15UI',10502,50991,161000
'15UI',10502,50991,161600
'15UI',10502,50991,162200
'15UI',10502,50991,162900
'15UI',10502,50991,163600
'15UI',10502,50991,164200
'15UI',10502,50991,164800
'15UI',10502,50991,165500
'15UI',10502,50991,170100
'15UI',10502,50991,170700
'15UI',10502,50991,171300
'15UI',10502,50991,172000
'15UI',10502,50991,172700
'15UI',10502,50991,173400
'15UI',10502,50991,174200
'15UI',10502,50991,174900
'15UI',10502,50991,175700
'15UI',10502,50991,180400
'15UI',10502,50991,181100
'15UI',10502,50991,181800
'15UI',10502,50991,182500
'15UI',10502,50991,183200
'15UI',10502,50991,183900
'15UI',10502,50991,184400
'15UI',10502,50991,184900
'15UI',10502,50991,185500
'15UI',10502,50991,190200
'15UI',10502,50991,190800
'15UI',10502,50991,191400
'15UI',10502,50991,192000
'15UI',10502,50991,192600
'15UI',10502,50991,193300
'15UI',10502,50991,193900
'15UI',10502,50991,194600
'15UI',10502,50991,195300
'15UI',10502,50991,200100
'15UI',10502,50991,201100
'15UI',10502,50991,202100
'15UI',10502,50991,203100
'15UI',10502,50991,204100
'15UI',10502,50991,205100
'15UI',10502,50991,210100
'15UI',10502,50991,211100
'15UI',10502,50991,212100
'15UI',10502,50991,213000
'15UI',10502,50991,213900
'15UI',10502,50991,214900
'15UI',10502,50991,215900
'15UI',10502,50991,220800
'15UI',10502,50991,221600
'15UI',10502,50991,222400
'15UI',10502,50991,223100
'15UI',10502,50991,223800
'15UI',10502,50991,224500
'15UI',10502,50991,225200
'15UI',10502,50991,225900
'15UI',10502,50991,230800
'15UI',10502,50991,231800
'15UI',10502,50991,232900
'15UI',10502,50991,233900
'15UI',10502,50991,234800
'15UI',10502,50991,235500
'15UI',10502,50991,240100
'15UI',10502,50991,240800
'15UI',10502,50991,241700
'15UI',10502,50991,242700
'15UI',10502,50991,243800
'15UI',10502,50991,245900
'15UI',10502,50991,252900
'15US',10502,50991,54600
'15US',10502,50991,61700
'15US',10502,50991,62700
'15US',10502,50991,63700
'15US',10502,50991,64700
'15US',10502,50991,65600
'15US',10502,50991,70900
'15US',10502,50991,72000
'15US',10502,50991,73000
'15US',10502,50991,74000
'15US',10502,50991,75000
'15US',10502,50991,80000
'15US',10502,50991,81000
'15US',10502,50991,82000
'15US',10502,50991,83000
'15US',10502,50991,84000
'15US',10502,50991,85000
'15US',10502,50991,90000
'15US',10502,50991,91000
'15US',10502,50991,92000
'15US',10502,50991,93000
'15US',10502,50991,94000
'15US',10502,50991,95000
'15US',10502,50991,100000
'15US',10502,50991,101000
'15US',10502,50991,102000
'15US',10502,50991,103000
'15US',10502,50991,104000
'15US',10502,50991,105000
'15US',10502,50991,110000
'15US',10502,50991,111000
'15US',10502,50991,112000
'15US',10502,50991,113000
'15US',10502,50991,114000
'15US',10502,50991,114900
'15US',10502,50991,115600
'15US',10502,50991,120300
'15US',10502,50991,121000
'15US',10502,50991,121600
'15US',10502,50991,122200
'15US',10502,50991,122900
'15US',10502,50991,123600
'15US',10502,50991,124300
'15US',10502,50991,125000
'15US',10502,50991,125700
'15US',10502,50991,130400
'15US',10502,50991,131200
'15US',10502,50991,131900
'15US',10502,50991,132700
'15US',10502,50991,133500
'15US',10502,50991,134200
'15US',10502,50991,134900
'15US',10502,50991,135600
'15US',10502,50991,140400
'15US',10502,50991,141200
'15US',10502,50991,142000
'15US',10502,50991,142800
'15US',10502,50991,143500
'15US',10502,50991,144200
'15US',10502,50991,145100
'15US',10502,50991,145900
'15US',10502,50991,150600
'15US',10502,50991,151300
'15US',10502,50991,152100
'15US',10502,50991,152800
'15US',10502,50991,153600
'15US',10502,50991,154400
'15US',10502,50991,155100
'15US',10502,50991,155700
'15US',10502,50991,160400
'15US',10502,50991,161100
'15US',10502,50991,161700
'15US',10502,50991,162200
'15US',10502,50991,162700
'15US',10502,50991,163200
'15US',10502,50991,163800
'15US',10502,50991,164400
'15US',10502,50991,164800
'15US',10502,50991,165200
'15US',10502,50991,165600
'15US',10502,50991,170000
'15US',10502,50991,170400
'15US',10502,50991,170800
'15US',10502,50991,171300
'15US',10502,50991,171900
'15US',10502,50991,172500
'15US',10502,50991,173000
'15US',10502,50991,173500
'15US',10502,50991,173900
'15US',10502,50991,174300
'15US',10502,50991,174700
'15US',10502,50991,175200
'15US',10502,50991,175500
'15US',10502,50991,175900
'15US',10502,50991,180300
'15US',10502,50991,180700
'15US',10502,50991,181100
'15US',10502,50991,181600
'15US',10502,50991,182200
'15US',10502,50991,182900
'15US',10502,50991,183500
'15US',10502,50991,184100
'15US',10502,50991,184600
'15US',10502,50991,185200
'15US',10502,50991,185800
'15US',10502,50991,190400
'15US',10502,50991,190900
'15US',10502,50991,191200
'15US',10502,50991,191700
'15US',10502,50991,192200
'15US',10502,50991,192700
'15US',10502,50991,193200
'15US',10502,50991,193600
'15US',10502,50991,194100
'15US',10502,50991,194700
'15US',10502,50991,195200
'15US',10502,50991,195700
'15US',10502,50991,200200
'15US',10502,50991,200800
'15US',10502,50991,201500
'15US',10502,50991,202200
'15US',10502,50991,202900
'15US',10502,50991,203600
'15US',10502,50991,204400
'15US',10502,50991,205200
'15US',10502,50991,205900
'15US',10502,50991,210600
'15US',10502,50991,211200
'15US',10502,50991,211800
'15US',10502,50991,212400
'15US',10502,50991,213000
'15US',10502,50991,213500
'15US',10502,50991,214000
'15US',10502,50991,214500
'15US',10502,50991,215100
'15US',10502,50991,215700
'15US',10502,50991,220300
'15US',10502,50991,220900
'15US',10502,50991,221600
'15US',10502,50991,222300
'15US',10502,50991,223000
'15US',10502,50991,223800
'15US',10502,50991,224500
'15US',10502,50991,225200
'15US',10502,50991,225900
'15US',10502,50991,230900
'15US',10502,50991,231900
'15US',10502,50991,232900
'15US',10502,50991,233900
'15US',10502,50991,234900
'15US',10502,50991,235900
'15US',10502,50991,240800
'15US',10502,50991,242200
'15US',10502,50991,243700
'15US',10502,50991,245200
'15US',10502,50991,250700
'15US',10502,50991,252900
'15UA',35602,50991,254700
'15UA',35602,50991,260700
'15UA',35602,50991,262700
'15UA',35602,50991,264700
'15UA',35602,50991,265900
'15UA',35602,50991,271100
'15UA',35602,50991,272300
'15UA',35602,50991,273500
'15UA',35602,50991,274400
'15UA',35602,50991,275600
'15UA',35602,50991,280800
'15UA',35602,50991,282000
'15UA',35602,50991,283200
'15UA',35602,50991,284500
'15UF1',35602,50991,254400
'15UF1',35602,50991,262600
'15UF1',35602,50991,271000
'15UF1',35602,50991,273400
'15UF1',35602,50991,275800
'15UF1',35602,50991,282200
'15UF1',35602,50991,284400
'15UF2',35602,50991,254400
'15UF2',35602,50991,262600
'15UF2',35602,50991,271000
'15UF2',35602,50991,273400
'15UF2',35602,50991,275800
'15UF2',35602,50991,282200
'15UF2',35602,50991,284400
'15UI',35602,50991,254300
'15UI',35602,50991,263000
'15UI',35602,50991,271700
'15UI',35602,50991,280200
'15UI',35602,50991,284600
'15US',35602,50991,254400
'15US',35602,50991,260500
'15US',35602,50991,262600
'15US',35602,50991,264600
'15US',35602,50991,265800
'15US',35602,50991,271000
'15US',35602,50991,272200
'15US',35602,50991,273400
'15US',35602,50991,274600
'15US',35602,50991,275800
'15US',35602,50991,281000
'15US',35602,50991,282200
'15US',35602,50991,284400
