'15MF1',19604,57167,60800
'15MF1',19604,57167,61900
'15MF1',19604,57167,63100
'15MF1',19604,57167,64100
'15MF1',19604,57167,65400
'15MF1',19604,57167,71100
'15MF1',19604,57167,72500
'15MF1',19604,57167,73900
'15MF1',19604,57167,75500
'15MF1',19604,57167,81100
'15MF1',19604,57167,84000
'15MF1',19604,57167,90900
'15MF1',19604,57167,93700
'15MF1',19604,57167,100700
'15MF1',19604,57167,103700
'15MF1',19604,57167,110700
'15MF1',19604,57167,113700
'15MF1',19604,57167,120700
'15MF1',19604,57167,123700
'15MF1',19604,57167,130700
'15MF1',19604,57167,133700
'15MF1',19604,57167,140800
'15MF1',19604,57167,144000
'15MF1',19604,57167,151000
'15MF1',19604,57167,154000
'15MF1',19604,57167,161000
'15MF1',19604,57167,164000
'15MF1',19604,57167,170900
'15MF1',19604,57167,173800
'15MF1',19604,57167,180500
'15MF1',19604,57167,183200
'15MF1',19604,57167,185700
'15MF1',19604,57167,192200
'15MF2',19604,57167,60800
'15MF2',19604,57167,61900
'15MF2',19604,57167,63100
'15MF2',19604,57167,64100
'15MF2',19604,57167,65400
'15MF2',19604,57167,71100
'15MF2',19604,57167,72500
'15MF2',19604,57167,73900
'15MF2',19604,57167,75500
'15MF2',19604,57167,81100
'15MF2',19604,57167,84000
'15MF2',19604,57167,90900
'15MF2',19604,57167,93700
'15MF2',19604,57167,100700
'15MF2',19604,57167,103700
'15MF2',19604,57167,110700
'15MF2',19604,57167,113700
'15MF2',19604,57167,120700
'15MF2',19604,57167,123700
'15MF2',19604,57167,130700
'15MF2',19604,57167,133700
'15MF2',19604,57167,140800
'15MF2',19604,57167,144000
'15MF2',19604,57167,151000
'15MF2',19604,57167,154000
'15MF2',19604,57167,161000
'15MF2',19604,57167,164000
'15MF2',19604,57167,170900
'15MF2',19604,57167,173800
'15MF2',19604,57167,180500
'15MF2',19604,57167,183200
'15MF2',19604,57167,185700
'15MF2',19604,57167,192200
'15MS',19604,57167,60800
'15MS',19604,57167,61900
'15MS',19604,57167,63100
'15MS',19604,57167,64100
'15MS',19604,57167,65400
'15MS',19604,57167,71100
'15MS',19604,57167,72500
'15MS',19604,57167,73900
'15MS',19604,57167,75500
'15MS',19604,57167,81100
'15MS',19604,57167,84000
'15MS',19604,57167,90900
'15MS',19604,57167,93700
'15MS',19604,57167,100700
'15MS',19604,57167,103700
'15MS',19604,57167,110700
'15MS',19604,57167,113700
'15MS',19604,57167,120700
'15MS',19604,57167,123700
'15MS',19604,57167,130700
'15MS',19604,57167,133700
'15MS',19604,57167,140800
'15MS',19604,57167,144000
'15MS',19604,57167,151000
'15MS',19604,57167,154000
'15MS',19604,57167,161000
'15MS',19604,57167,164000
'15MS',19604,57167,170900
'15MS',19604,57167,173800
'15MS',19604,57167,180500
'15MS',19604,57167,183200
'15MS',19604,57167,185700
'15MS',19604,57167,192200
