'14MA',14601,54338,54600
'14MA',14601,54338,61600
'14MA',14601,54338,64600
'14MA',14601,54338,71600
'14MA',14601,54338,74600
'14MA',14601,54338,81600
'14MA',14601,54338,84600
'14MA',14601,54338,91600
'14MA',14601,54338,94600
'14MA',14601,54338,101600
'14MA',14601,54338,104600
'14MA',14601,54338,111700
'14MA',14601,54338,114700
'14MA',14601,54338,121900
'14MA',14601,54338,124900
'14MA',14601,54338,132100
'14MA',14601,54338,135200
'14MA',14601,54338,142200
'14MA',14601,54338,145300
'14MA',14601,54338,152300
'14MA',14601,54338,155400
'14MA',14601,54338,162400
'14MA',14601,54338,165500
'14MA',14601,54338,172500
'14MA',14601,54338,175500
'14MA',14601,54338,182400
'14MA',14601,54338,185300
'14MA',14601,54338,192200
'14MA',14601,54338,195000
'14MA',14601,54338,201800
'14MA',14601,54338,204600
'14MA',14601,54338,211600
'14MA',14601,54338,214600
'14MA',14601,54338,221600
'14MA',14601,54338,224600
'14MA',14601,54338,231600
'14MA',14601,54338,234600
'14MA',14601,54338,241600
'14MA',14601,54338,244600
'14MA',14601,54338,251600
'14MA',14601,54338,254600
'14MF1',14601,54338,64600
'14MF1',14601,54338,71600
'14MF1',14601,54338,74600
'14MF1',14601,54338,81600
'14MF1',14601,54338,84600
'14MF1',14601,54338,91600
'14MF1',14601,54338,94600
'14MF1',14601,54338,101600
'14MF1',14601,54338,104600
'14MF1',14601,54338,111600
'14MF1',14601,54338,114600
'14MF1',14601,54338,121600
'14MF1',14601,54338,124600
'14MF1',14601,54338,131600
'14MF1',14601,54338,134600
'14MF1',14601,54338,141600
'14MF1',14601,54338,144600
'14MF1',14601,54338,151600
'14MF1',14601,54338,154600
'14MF1',14601,54338,161600
'14MF1',14601,54338,164700
'14MF1',14601,54338,171700
'14MF1',14601,54338,174800
'14MF1',14601,54338,181800
'14MF1',14601,54338,184900
'14MF1',14601,54338,191900
'14MF1',14601,54338,195000
'14MF1',14601,54338,202000
'14MF1',14601,54338,205100
'14MF1',14601,54338,212000
'14MF1',14601,54338,214900
'14MF1',14601,54338,221800
'14MF1',14601,54338,224700
'14MF1',14601,54338,231600
'14MF1',14601,54338,234600
'14MF1',14601,54338,241600
'14MF1',14601,54338,244600
'14MF1',14601,54338,251600
'14MF2',14601,54338,64600
'14MF2',14601,54338,70100
'14MF2',14601,54338,71600
'14MF2',14601,54338,73100
'14MF2',14601,54338,74600
'14MF2',14601,54338,80100
'14MF2',14601,54338,81600
'14MF2',14601,54338,83100
'14MF2',14601,54338,84600
'14MF2',14601,54338,90100
'14MF2',14601,54338,91600
'14MF2',14601,54338,93100
'14MF2',14601,54338,94600
'14MF2',14601,54338,101600
'14MF2',14601,54338,104600
'14MF2',14601,54338,111600
'14MF2',14601,54338,114600
'14MF2',14601,54338,121600
'14MF2',14601,54338,124600
'14MF2',14601,54338,131600
'14MF2',14601,54338,134600
'14MF2',14601,54338,141600
'14MF2',14601,54338,144600
'14MF2',14601,54338,151600
'14MF2',14601,54338,154600
'14MF2',14601,54338,161600
'14MF2',14601,54338,164700
'14MF2',14601,54338,171700
'14MF2',14601,54338,174800
'14MF2',14601,54338,181800
'14MF2',14601,54338,184900
'14MF2',14601,54338,191900
'14MF2',14601,54338,195000
'14MF2',14601,54338,202000
'14MF2',14601,54338,205100
'14MF2',14601,54338,212000
'14MF2',14601,54338,214900
'14MF2',14601,54338,221800
'14MF2',14601,54338,224700
'14MF2',14601,54338,231600
'14MF2',14601,54338,234600
'14MF2',14601,54338,241600
'14MF2',14601,54338,244600
'14MF2',14601,54338,251600
'14MF3',14601,54338,64600
'14MF3',14601,54338,71600
'14MF3',14601,54338,74600
'14MF3',14601,54338,81600
'14MF3',14601,54338,84600
'14MF3',14601,54338,91600
'14MF3',14601,54338,94600
'14MF3',14601,54338,101600
'14MF3',14601,54338,104600
'14MF3',14601,54338,111600
'14MF3',14601,54338,114600
'14MF3',14601,54338,121600
'14MF3',14601,54338,124600
'14MF3',14601,54338,131600
'14MF3',14601,54338,134600
'14MF3',14601,54338,141600
'14MF3',14601,54338,144600
'14MF3',14601,54338,151600
'14MF3',14601,54338,154600
'14MF3',14601,54338,161600
'14MF3',14601,54338,164700
'14MF3',14601,54338,171700
'14MF3',14601,54338,174800
'14MF3',14601,54338,181800
'14MF3',14601,54338,184900
'14MF3',14601,54338,191900
'14MF3',14601,54338,195000
'14MF3',14601,54338,202000
'14MF3',14601,54338,205100
'14MF3',14601,54338,212000
'14MF3',14601,54338,214900
'14MF3',14601,54338,221800
'14MF3',14601,54338,224700
'14MF3',14601,54338,231600
'14MF3',14601,54338,234600
'14MF3',14601,54338,241600
'14MF3',14601,54338,244600
'14MF3',14601,54338,251600
'14MI',14601,54338,64600
'14MI',14601,54338,71600
'14MI',14601,54338,74600
'14MI',14601,54338,81600
'14MI',14601,54338,84600
'14MI',14601,54338,91600
'14MI',14601,54338,94600
'14MI',14601,54338,101600
'14MI',14601,54338,104600
'14MI',14601,54338,111600
'14MI',14601,54338,114600
'14MI',14601,54338,121600
'14MI',14601,54338,124600
'14MI',14601,54338,131600
'14MI',14601,54338,134600
'14MI',14601,54338,141600
'14MI',14601,54338,144600
'14MI',14601,54338,151600
'14MI',14601,54338,154600
'14MI',14601,54338,161600
'14MI',14601,54338,164700
'14MI',14601,54338,171700
'14MI',14601,54338,174800
'14MI',14601,54338,181800
'14MI',14601,54338,184900
'14MI',14601,54338,191900
'14MI',14601,54338,195000
'14MI',14601,54338,202000
'14MI',14601,54338,205100
'14MI',14601,54338,212000
'14MI',14601,54338,214900
'14MI',14601,54338,221800
'14MI',14601,54338,224700
'14MI',14601,54338,231600
'14MI',14601,54338,234600
'14MI',14601,54338,241600
'14MI',14601,54338,244600
'14MI',14601,54338,251600
'14MS',14601,54338,54600
'14MS',14601,54338,61700
'14MS',14601,54338,64800
'14MS',14601,54338,71900
'14MS',14601,54338,73200
'14MS',14601,54338,74500
'14MS',14601,54338,80800
'14MS',14601,54338,83100
'14MS',14601,54338,84900
'14MS',14601,54338,91600
'14MS',14601,54338,94700
'14MS',14601,54338,101700
'14MS',14601,54338,104800
'14MS',14601,54338,111800
'14MS',14601,54338,114900
'14MS',14601,54338,122000
'14MS',14601,54338,125100
'14MS',14601,54338,132200
'14MS',14601,54338,135300
'14MS',14601,54338,142400
'14MS',14601,54338,145500
'14MS',14601,54338,152600
'14MS',14601,54338,155700
'14MS',14601,54338,161300
'14MS',14601,54338,163000
'14MS',14601,54338,165500
'14MS',14601,54338,172000
'14MS',14601,54338,174500
'14MS',14601,54338,181100
'14MS',14601,54338,183700
'14MS',14601,54338,190700
'14MS',14601,54338,193700
'14MS',14601,54338,200700
'14MS',14601,54338,203700
'14MS',14601,54338,210700
'14MS',14601,54338,213700
'14MS',14601,54338,220700
'14MS',14601,54338,223700
'14MS',14601,54338,230700
'14MS',14601,54338,233700
'14MS',14601,54338,240700
'14MS',14601,54338,243700
'14MS',14601,54338,250700
