'14SA',1703,51201,50200
'14SA',1703,51201,54900
'14SA',1703,51201,62600
'14SA',1703,51201,70200
'14SA',1703,51201,74100
'14SA',1703,51201,82000
'14SA',1703,51201,90100
'14SA',1703,51201,94300
'14SA',1703,51201,102700
'14SA',1703,51201,111100
'14SA',1703,51201,115700
'14SA',1703,51201,124200
'14SA',1703,51201,132800
'14SA',1703,51201,141300
'14SA',1703,51201,145800
'14SA',1703,51201,154300
'14SA',1703,51201,162700
'14SA',1703,51201,170800
'14SA',1703,51201,174900
'14SA',1703,51201,182900
'14SA',1703,51201,190900
'14SA',1703,51201,194900
'14SA',1703,51201,202900
'14SA',1703,51201,210900
'14SA',1703,51201,214900
'14SA',1703,51201,222700
'14SA',1703,51201,230400
'14SA',1703,51201,234100
'14SA',1703,51201,241400
'14SA',1703,51201,244600
'14SF1',1703,51201,50800
'14SF1',1703,51201,54800
'14SF1',1703,51201,62200
'14SF1',1703,51201,65700
'14SF1',1703,51201,73400
'14SF1',1703,51201,81100
'14SF1',1703,51201,84900
'14SF1',1703,51201,92800
'14SF1',1703,51201,100800
'14SF1',1703,51201,105000
'14SF1',1703,51201,113100
'14SF1',1703,51201,121400
'14SF1',1703,51201,125700
'14SF1',1703,51201,134300
'14SF1',1703,51201,142800
'14SF1',1703,51201,151400
'14SF1',1703,51201,160000
'14SF1',1703,51201,164500
'14SF1',1703,51201,173000
'14SF1',1703,51201,181300
'14SF1',1703,51201,185500
'14SF1',1703,51201,193600
'14SF1',1703,51201,201300
'14SF1',1703,51201,205000
'14SF1',1703,51201,212600
'14SF1',1703,51201,220100
'14SF1',1703,51201,223600
'14SF1',1703,51201,231100
'14SF1',1703,51201,234400
'14SF1',1703,51201,241600
'14SF1',1703,51201,244600
'14SF2',1703,51201,50800
'14SF2',1703,51201,54800
'14SF2',1703,51201,62200
'14SF2',1703,51201,65700
'14SF2',1703,51201,73400
'14SF2',1703,51201,81100
'14SF2',1703,51201,84900
'14SF2',1703,51201,92800
'14SF2',1703,51201,100800
'14SF2',1703,51201,105000
'14SF2',1703,51201,113100
'14SF2',1703,51201,121400
'14SF2',1703,51201,125700
'14SF2',1703,51201,134300
'14SF2',1703,51201,142800
'14SF2',1703,51201,151400
'14SF2',1703,51201,160000
'14SF2',1703,51201,164500
'14SF2',1703,51201,173000
'14SF2',1703,51201,181300
'14SF2',1703,51201,185500
'14SF2',1703,51201,193600
'14SF2',1703,51201,201300
'14SF2',1703,51201,205000
'14SF2',1703,51201,212600
'14SF2',1703,51201,220100
'14SF2',1703,51201,223600
'14SF2',1703,51201,231100
'14SF2',1703,51201,234400
'14SF2',1703,51201,241600
'14SF2',1703,51201,244600
'14SI',1703,51201,50800
'14SI',1703,51201,54800
'14SI',1703,51201,62200
'14SI',1703,51201,65700
'14SI',1703,51201,73400
'14SI',1703,51201,81100
'14SI',1703,51201,84900
'14SI',1703,51201,92800
'14SI',1703,51201,100800
'14SI',1703,51201,105000
'14SI',1703,51201,113100
'14SI',1703,51201,121400
'14SI',1703,51201,125700
'14SI',1703,51201,134300
'14SI',1703,51201,142800
'14SI',1703,51201,151400
'14SI',1703,51201,160000
'14SI',1703,51201,164500
'14SI',1703,51201,173000
'14SI',1703,51201,181300
'14SI',1703,51201,185500
'14SI',1703,51201,193600
'14SI',1703,51201,201300
'14SI',1703,51201,205000
'14SI',1703,51201,212600
'14SI',1703,51201,220100
'14SI',1703,51201,223600
'14SI',1703,51201,231100
'14SI',1703,51201,234400
'14SI',1703,51201,241600
'14SI',1703,51201,244600
'14SS',1703,51201,50200
'14SS',1703,51201,53300
'14SS',1703,51201,55800
'14SS',1703,51201,62700
'14SS',1703,51201,65600
'14SS',1703,51201,72700
'14SS',1703,51201,80400
'14SS',1703,51201,84200
'14SS',1703,51201,91600
'14SS',1703,51201,95200
'14SS',1703,51201,102700
'14SS',1703,51201,110000
'14SS',1703,51201,113300
'14SS',1703,51201,120800
'14SS',1703,51201,124100
'14SS',1703,51201,131400
'14SS',1703,51201,134600
'14SS',1703,51201,142200
'14SS',1703,51201,145600
'14SS',1703,51201,153100
'14SS',1703,51201,160400
'14SS',1703,51201,163400
'14SS',1703,51201,170400
'14SS',1703,51201,173400
'14SS',1703,51201,180500
'14SS',1703,51201,183600
'14SS',1703,51201,190800
'14SS',1703,51201,193800
'14SS',1703,51201,201000
'14SS',1703,51201,204700
'14SS',1703,51201,212500
'14SS',1703,51201,220400
'14SS',1703,51201,224000
'14SS',1703,51201,231300
'14SS',1703,51201,234500
'14SS',1703,51201,241600
'14SS',1703,51201,244600
'14SA',6303,51201,90100
'14SA',6303,51201,93300
'14SA',6303,51201,100300
'14SA',6303,51201,103400
'14SA',6303,51201,110600
'14SA',6303,51201,113700
'14SA',6303,51201,121000
'14SA',6303,51201,124200
'14SA',6303,51201,131500
'14SA',6303,51201,134700
'14SA',6303,51201,142000
'14SA',6303,51201,145200
'14SA',6303,51201,152500
'14SA',6303,51201,155600
'14SA',6303,51201,162800
'14SA',6303,51201,165900
'14SA',6303,51201,173100
'14SA',6303,51201,175900
'14SA',6303,51201,183100
'14SF1',6303,51201,90100
'14SF1',6303,51201,93300
'14SF1',6303,51201,100300
'14SF1',6303,51201,103400
'14SF1',6303,51201,110600
'14SF1',6303,51201,113700
'14SF1',6303,51201,121000
'14SF1',6303,51201,124200
'14SF1',6303,51201,131500
'14SF1',6303,51201,134700
'14SF1',6303,51201,142000
'14SF1',6303,51201,145200
'14SF1',6303,51201,152500
'14SF1',6303,51201,155600
'14SF1',6303,51201,162800
'14SF1',6303,51201,165900
'14SF1',6303,51201,173100
'14SF1',6303,51201,175900
'14SF1',6303,51201,183100
'14SF2',6303,51201,90100
'14SF2',6303,51201,93300
'14SF2',6303,51201,100300
'14SF2',6303,51201,103400
'14SF2',6303,51201,110600
'14SF2',6303,51201,113700
'14SF2',6303,51201,121000
'14SF2',6303,51201,124200
'14SF2',6303,51201,131500
'14SF2',6303,51201,134700
'14SF2',6303,51201,142000
'14SF2',6303,51201,145200
'14SF2',6303,51201,152500
'14SF2',6303,51201,155600
'14SF2',6303,51201,162800
'14SF2',6303,51201,165900
'14SF2',6303,51201,173100
'14SF2',6303,51201,175900
'14SF2',6303,51201,183100
'14SS',6303,51201,62900
'14SS',6303,51201,70100
'14SS',6303,51201,73400
'14SS',6303,51201,80500
'14SS',6303,51201,84000
'14SS',6303,51201,91400
'14SS',6303,51201,94600
'14SS',6303,51201,101800
'14SS',6303,51201,105000
'14SS',6303,51201,112200
'14SS',6303,51201,115400
'14SS',6303,51201,122600
'14SS',6303,51201,125800
'14SS',6303,51201,133000
'14SS',6303,51201,140200
'14SS',6303,51201,143600
'14SS',6303,51201,151000
'14SS',6303,51201,154600
'14SS',6303,51201,162000
'14SS',6303,51201,165600
'14SS',6303,51201,173000
'14SS',6303,51201,180500
'14SS',6303,51201,183300
'14SS',6303,51201,190600
'14SS',6303,51201,193200
'14SA',10202,51201,63600
'14SA',10202,51201,70600
'14SA',10202,51201,73600
'14SA',10202,51201,80600
'14SA',10202,51201,83600
'14SA',10202,51201,90600
'14SA',10202,51201,93600
'14SA',10202,51201,100800
'14SA',10202,51201,103900
'14SA',10202,51201,110800
'14SA',10202,51201,113800
'14SA',10202,51201,120700
'14SA',10202,51201,123700
'14SA',10202,51201,130600
'14SA',10202,51201,133600
'14SA',10202,51201,140500
'14SA',10202,51201,143500
'14SA',10202,51201,150600
'14SA',10202,51201,153600
'14SA',10202,51201,160700
'14SA',10202,51201,163800
'14SA',10202,51201,170800
'14SA',10202,51201,173900
'14SA',10202,51201,180900
'14SA',10202,51201,183800
'14SA',10202,51201,190800
'14SA',10202,51201,193700
'14SA',10202,51201,200600
'14SA',10202,51201,203600
'14SA',10202,51201,210500
'14SA',10202,51201,213400
'14SA',10202,51201,220300
'14SA',10202,51201,223500
'14SA',10202,51201,230700
'14SA',10202,51201,234000
'14SA',10202,51201,241400
'14SA',10202,51201,245200
'14SA',10202,51201,253100
'14SA',10202,51201,261600
'14SF1',10202,51201,63600
'14SF1',10202,51201,70600
'14SF1',10202,51201,73600
'14SF1',10202,51201,80600
'14SF1',10202,51201,83600
'14SF1',10202,51201,90600
'14SF1',10202,51201,93600
'14SF1',10202,51201,100600
'14SF1',10202,51201,103700
'14SF1',10202,51201,110700
'14SF1',10202,51201,113700
'14SF1',10202,51201,120700
'14SF1',10202,51201,123700
'14SF1',10202,51201,130700
'14SF1',10202,51201,133800
'14SF1',10202,51201,140800
'14SF1',10202,51201,143800
'14SF1',10202,51201,150800
'14SF1',10202,51201,153700
'14SF1',10202,51201,160700
'14SF1',10202,51201,163800
'14SF1',10202,51201,170800
'14SF1',10202,51201,173800
'14SF1',10202,51201,180800
'14SF1',10202,51201,183700
'14SF1',10202,51201,190700
'14SF1',10202,51201,193700
'14SF1',10202,51201,200600
'14SF1',10202,51201,203500
'14SF1',10202,51201,210400
'14SF1',10202,51201,213300
'14SF1',10202,51201,220100
'14SF1',10202,51201,223100
'14SF1',10202,51201,230100
'14SF1',10202,51201,233400
'14SF1',10202,51201,240700
'14SF1',10202,51201,244000
'14SF1',10202,51201,252500
'14SF2',10202,51201,63600
'14SF2',10202,51201,70600
'14SF2',10202,51201,73600
'14SF2',10202,51201,80600
'14SF2',10202,51201,83600
'14SF2',10202,51201,90600
'14SF2',10202,51201,93600
'14SF2',10202,51201,100600
'14SF2',10202,51201,103700
'14SF2',10202,51201,110700
'14SF2',10202,51201,113700
'14SF2',10202,51201,120700
'14SF2',10202,51201,123700
'14SF2',10202,51201,130700
'14SF2',10202,51201,133800
'14SF2',10202,51201,140800
'14SF2',10202,51201,143800
'14SF2',10202,51201,150800
'14SF2',10202,51201,153700
'14SF2',10202,51201,160700
'14SF2',10202,51201,163800
'14SF2',10202,51201,170800
'14SF2',10202,51201,173800
'14SF2',10202,51201,180800
'14SF2',10202,51201,183700
'14SF2',10202,51201,190700
'14SF2',10202,51201,193700
'14SF2',10202,51201,200600
'14SF2',10202,51201,203500
'14SF2',10202,51201,210400
'14SF2',10202,51201,213300
'14SF2',10202,51201,220100
'14SF2',10202,51201,223100
'14SF2',10202,51201,230100
'14SF2',10202,51201,233400
'14SF2',10202,51201,240700
'14SF2',10202,51201,244000
'14SF2',10202,51201,252500
'14SI',10202,51201,63600
'14SI',10202,51201,70600
'14SI',10202,51201,73600
'14SI',10202,51201,80600
'14SI',10202,51201,83600
'14SI',10202,51201,90600
'14SI',10202,51201,93600
'14SI',10202,51201,100600
'14SI',10202,51201,103700
'14SI',10202,51201,110700
'14SI',10202,51201,113700
'14SI',10202,51201,120700
'14SI',10202,51201,123700
'14SI',10202,51201,130700
'14SI',10202,51201,133800
'14SI',10202,51201,140800
'14SI',10202,51201,143800
'14SI',10202,51201,150800
'14SI',10202,51201,153700
'14SI',10202,51201,160700
'14SI',10202,51201,163800
'14SI',10202,51201,170800
'14SI',10202,51201,173800
'14SI',10202,51201,180800
'14SI',10202,51201,183700
'14SI',10202,51201,190700
'14SI',10202,51201,193700
'14SI',10202,51201,200600
'14SI',10202,51201,203500
'14SI',10202,51201,210400
'14SI',10202,51201,213300
'14SI',10202,51201,220100
'14SI',10202,51201,223100
'14SI',10202,51201,230100
'14SI',10202,51201,233400
'14SI',10202,51201,240700
'14SI',10202,51201,244000
'14SI',10202,51201,252500
'14SS',10202,51201,60600
'14SS',10202,51201,63600
'14SS',10202,51201,70600
'14SS',10202,51201,73600
'14SS',10202,51201,80900
'14SS',10202,51201,83900
'14SS',10202,51201,90900
'14SS',10202,51201,93800
'14SS',10202,51201,100700
'14SS',10202,51201,103700
'14SS',10202,51201,110700
'14SS',10202,51201,113700
'14SS',10202,51201,120700
'14SS',10202,51201,123700
'14SS',10202,51201,130700
'14SS',10202,51201,133700
'14SS',10202,51201,140700
'14SS',10202,51201,143700
'14SS',10202,51201,150700
'14SS',10202,51201,153900
'14SS',10202,51201,161200
'14SS',10202,51201,164500
'14SS',10202,51201,171600
'14SS',10202,51201,174900
'14SS',10202,51201,181900
'14SS',10202,51201,184800
'14SS',10202,51201,191700
'14SS',10202,51201,194500
'14SS',10202,51201,201300
'14SS',10202,51201,204000
'14SS',10202,51201,210600
'14SS',10202,51201,213600
'14SS',10202,51201,220600
'14SS',10202,51201,223600
'14SS',10202,51201,231500
'14SS',10202,51201,235300
'14SS',10202,51201,244100
'14SS',10202,51201,252500
'14SA',37103,51201,254500
'14SA',37103,51201,261500
'14SA',37103,51201,264500
'14SA',37103,51201,271500
'14SA',37103,51201,274500
'14SA',37103,51201,281500
'14SA',37103,51201,284500
'14SF1',37103,51201,254400
'14SF1',37103,51201,261500
'14SF1',37103,51201,264500
'14SF1',37103,51201,271500
'14SF1',37103,51201,274500
'14SF1',37103,51201,281500
'14SF1',37103,51201,284500
'14SF2',37103,51201,254400
'14SF2',37103,51201,261500
'14SF2',37103,51201,264500
'14SF2',37103,51201,271500
'14SF2',37103,51201,274500
'14SF2',37103,51201,281500
'14SF2',37103,51201,284500
'14SI',37103,51201,254400
'14SI',37103,51201,261500
'14SI',37103,51201,264500
'14SI',37103,51201,271500
'14SI',37103,51201,274500
'14SI',37103,51201,281500
'14SI',37103,51201,284500
'14SS',37103,51201,254500
'14SS',37103,51201,261500
'14SS',37103,51201,264500
'14SS',37103,51201,271500
'14SS',37103,51201,274500
'14SS',37103,51201,281500
'14SS',37103,51201,284500
