'15JA',14002,55101,51000
'15JA',14002,55101,54800
'15JA',14002,55101,62600
'15JA',14002,55101,65700
'15JA',14002,55101,72700
'15JA',14002,55101,75700
'15JA',14002,55101,82700
'15JA',14002,55101,85800
'15JA',14002,55101,92800
'15JA',14002,55101,95900
'15JA',14002,55101,102900
'15JA',14002,55101,105900
'15JA',14002,55101,112900
'15JA',14002,55101,115900
'15JA',14002,55101,123100
'15JA',14002,55101,130100
'15JA',14002,55101,132100
'15JA',14002,55101,134100
'15JA',14002,55101,140100
'15JA',14002,55101,143100
'15JA',14002,55101,145100
'15JA',14002,55101,151100
'15JA',14002,55101,153100
'15JA',14002,55101,160100
'15JA',14002,55101,163100
'15JA',14002,55101,170100
'15JA',14002,55101,173000
'15JA',14002,55101,180000
'15JA',14002,55101,183000
'15JA',14002,55101,190000
'15JA',14002,55101,193600
'15JA',14002,55101,201300
'15JA',14002,55101,204900
'15JA',14002,55101,212500
'15JA',14002,55101,220100
'15JA',14002,55101,223600
'15JA',14002,55101,231000
'15JA',14002,55101,234100
'15JA',14002,55101,241400
'15JA',14002,55101,244300
'15JA',14002,55101,251600
'15JA',14002,55101,254500
'15JI',14002,55101,54200
'15JI',14002,55101,61400
'15JI',14002,55101,64500
'15JI',14002,55101,71700
'15JI',14002,55101,74800
'15JI',14002,55101,82000
'15JI',14002,55101,85200
'15JI',14002,55101,91500
'15JI',14002,55101,94100
'15JI',14002,55101,100700
'15JI',14002,55101,103300
'15JI',14002,55101,105700
'15JI',14002,55101,112000
'15JI',14002,55101,114700
'15JI',14002,55101,121400
'15JI',14002,55101,124000
'15JI',14002,55101,130500
'15JI',14002,55101,132600
'15JI',14002,55101,134700
'15JI',14002,55101,141500
'15JI',14002,55101,144200
'15JI',14002,55101,150900
'15JI',14002,55101,153700
'15JI',14002,55101,160700
'15JI',14002,55101,163200
'15JI',14002,55101,165900
'15JI',14002,55101,172700
'15JI',14002,55101,175000
'15JI',14002,55101,181600
'15JI',14002,55101,184300
'15JI',14002,55101,190800
'15JI',14002,55101,194200
'15JI',14002,55101,201800
'15JI',14002,55101,205200
'15JI',14002,55101,212800
'15JI',14002,55101,220200
'15JI',14002,55101,223600
'15JI',14002,55101,230700
'15JI',14002,55101,234000
'15JI',14002,55101,240900
'15JI',14002,55101,244200
'15JI',14002,55101,251100
'15JS',14002,55101,51200
'15JS',14002,55101,54200
'15JS',14002,55101,61200
'15JS',14002,55101,63100
'15JS',14002,55101,64600
'15JS',14002,55101,70300
'15JS',14002,55101,71800
'15JS',14002,55101,73300
'15JS',14002,55101,74800
'15JS',14002,55101,80300
'15JS',14002,55101,81800
'15JS',14002,55101,83300
'15JS',14002,55101,84800
'15JS',14002,55101,90700
'15JS',14002,55101,93700
'15JS',14002,55101,100700
'15JS',14002,55101,102700
'15JS',14002,55101,104700
'15JS',14002,55101,110700
'15JS',14002,55101,112700
'15JS',14002,55101,114700
'15JS',14002,55101,120700
'15JS',14002,55101,122700
'15JS',14002,55101,124700
'15JS',14002,55101,130700
'15JS',14002,55101,132700
'15JS',14002,55101,134700
'15JS',14002,55101,140700
'15JS',14002,55101,142700
'15JS',14002,55101,144800
'15JS',14002,55101,150800
'15JS',14002,55101,152900
'15JS',14002,55101,154900
'15JS',14002,55101,160900
'15JS',14002,55101,163400
'15JS',14002,55101,170400
'15JS',14002,55101,173400
'15JS',14002,55101,180300
'15JS',14002,55101,183300
'15JS',14002,55101,190100
'15JS',14002,55101,193100
'15JS',14002,55101,195900
'15JS',14002,55101,202900
'15JS',14002,55101,205900
'15JS',14002,55101,212900
'15JS',14002,55101,215900
'15JS',14002,55101,222900
'15JS',14002,55101,225900
'15JS',14002,55101,233300
'15JS',14002,55101,240500
'15JS',14002,55101,243800
'15JS',14002,55101,251200
