'14NA',3704,56615,62700
'14NA',3704,56615,65100
'14NA',3704,56615,71600
'14NA',3704,56615,74200
'14NA',3704,56615,80700
'14NA',3704,56615,83200
'14NA',3704,56615,85800
'14NA',3704,56615,92500
'14NA',3704,56615,95400
'14NA',3704,56615,102200
'14NA',3704,56615,105100
'14NA',3704,56615,112000
'14NA',3704,56615,114900
'14NA',3704,56615,121900
'14NA',3704,56615,125000
'14NA',3704,56615,132100
'14NA',3704,56615,135200
'14NA',3704,56615,142200
'14NA',3704,56615,145300
'14NA',3704,56615,152300
'14NA',3704,56615,155400
'14NA',3704,56615,162400
'14NA',3704,56615,165400
'14NA',3704,56615,172400
'14NA',3704,56615,175500
'14NA',3704,56615,182500
'14NA',3704,56615,185400
'14NA',3704,56615,192300
'14NA',3704,56615,195100
'14NA',3704,56615,201800
'14NA',3704,56615,204600
'14NA',3704,56615,211400
'14NA',3704,56615,214200
'14NA',3704,56615,221000
'14NA',3704,56615,223700
'14NA',3704,56615,230200
'14NA',3704,56615,232700
'14NA',3704,56615,235200
'14NA',3704,56615,241800
'14NA',3704,56615,244400
'14NA',3704,56615,251500
'14NA',3704,56615,254800
'14NA',3704,56615,262000
'14NF1',3704,56615,62800
'14NF1',3704,56615,65100
'14NF1',3704,56615,71500
'14NF1',3704,56615,73900
'14NF1',3704,56615,80300
'14NF1',3704,56615,82800
'14NF1',3704,56615,85300
'14NF1',3704,56615,91800
'14NF1',3704,56615,94600
'14NF1',3704,56615,101400
'14NF1',3704,56615,104200
'14NF1',3704,56615,111000
'14NF1',3704,56615,113800
'14NF1',3704,56615,120600
'14NF1',3704,56615,123400
'14NF1',3704,56615,130300
'14NF1',3704,56615,133100
'14NF1',3704,56615,135900
'14NF1',3704,56615,142800
'14NF1',3704,56615,145700
'14NF1',3704,56615,152600
'14NF1',3704,56615,155400
'14NF1',3704,56615,162200
'14NF1',3704,56615,165100
'14NF1',3704,56615,172000
'14NF1',3704,56615,174900
'14NF1',3704,56615,181800
'14NF1',3704,56615,184500
'14NF1',3704,56615,191100
'14NF1',3704,56615,193800
'14NF1',3704,56615,200500
'14NF1',3704,56615,203200
'14NF1',3704,56615,205900
'14NF1',3704,56615,212600
'14NF1',3704,56615,215200
'14NF1',3704,56615,221800
'14NF1',3704,56615,224400
'14NF1',3704,56615,230900
'14NF1',3704,56615,233500
'14NF1',3704,56615,240000
'14NF1',3704,56615,242400
'14NF1',3704,56615,244700
'14NF1',3704,56615,251000
'14NF1',3704,56615,253400
'14NF1',3704,56615,255700
'14NF2',3704,56615,62700
'14NF2',3704,56615,65100
'14NF2',3704,56615,71600
'14NF2',3704,56615,74200
'14NF2',3704,56615,80700
'14NF2',3704,56615,83200
'14NF2',3704,56615,85800
'14NF2',3704,56615,92500
'14NF2',3704,56615,95400
'14NF2',3704,56615,102200
'14NF2',3704,56615,105100
'14NF2',3704,56615,112000
'14NF2',3704,56615,114900
'14NF2',3704,56615,121900
'14NF2',3704,56615,125000
'14NF2',3704,56615,132100
'14NF2',3704,56615,135200
'14NF2',3704,56615,142200
'14NF2',3704,56615,145300
'14NF2',3704,56615,152300
'14NF2',3704,56615,155400
'14NF2',3704,56615,162400
'14NF2',3704,56615,165400
'14NF2',3704,56615,172400
'14NF2',3704,56615,175500
'14NF2',3704,56615,182500
'14NF2',3704,56615,185400
'14NF2',3704,56615,192300
'14NF2',3704,56615,195100
'14NF2',3704,56615,201800
'14NF2',3704,56615,204600
'14NF2',3704,56615,211400
'14NF2',3704,56615,214200
'14NF2',3704,56615,221000
'14NF2',3704,56615,223700
'14NF2',3704,56615,230200
'14NF2',3704,56615,232700
'14NF2',3704,56615,235200
'14NF2',3704,56615,242000
'14NF2',3704,56615,245300
'14NF2',3704,56615,252600
'14NF2',3704,56615,255800
'14NF3',3704,56615,62800
'14NF3',3704,56615,65100
'14NF3',3704,56615,71500
'14NF3',3704,56615,73900
'14NF3',3704,56615,80300
'14NF3',3704,56615,82800
'14NF3',3704,56615,85300
'14NF3',3704,56615,91800
'14NF3',3704,56615,94600
'14NF3',3704,56615,101400
'14NF3',3704,56615,104200
'14NF3',3704,56615,111000
'14NF3',3704,56615,113800
'14NF3',3704,56615,120600
'14NF3',3704,56615,123400
'14NF3',3704,56615,130300
'14NF3',3704,56615,133100
'14NF3',3704,56615,135900
'14NF3',3704,56615,142800
'14NF3',3704,56615,145700
'14NF3',3704,56615,152600
'14NF3',3704,56615,155400
'14NF3',3704,56615,162200
'14NF3',3704,56615,165100
'14NF3',3704,56615,172000
'14NF3',3704,56615,174900
'14NF3',3704,56615,181800
'14NF3',3704,56615,184500
'14NF3',3704,56615,191100
'14NF3',3704,56615,193800
'14NF3',3704,56615,200500
'14NF3',3704,56615,203200
'14NF3',3704,56615,205900
'14NF3',3704,56615,212600
'14NF3',3704,56615,215200
'14NF3',3704,56615,221800
'14NF3',3704,56615,224400
'14NF3',3704,56615,230900
'14NF3',3704,56615,233500
'14NF3',3704,56615,240000
'14NF3',3704,56615,242400
'14NF3',3704,56615,244700
'14NF3',3704,56615,251000
'14NF3',3704,56615,253400
'14NF3',3704,56615,255700
'14NF4',3704,56615,62700
'14NF4',3704,56615,65100
'14NF4',3704,56615,71600
'14NF4',3704,56615,74200
'14NF4',3704,56615,80700
'14NF4',3704,56615,83200
'14NF4',3704,56615,85800
'14NF4',3704,56615,92500
'14NF4',3704,56615,95400
'14NF4',3704,56615,102200
'14NF4',3704,56615,105100
'14NF4',3704,56615,112000
'14NF4',3704,56615,114900
'14NF4',3704,56615,121900
'14NF4',3704,56615,125000
'14NF4',3704,56615,132100
'14NF4',3704,56615,135200
'14NF4',3704,56615,142200
'14NF4',3704,56615,145300
'14NF4',3704,56615,152300
'14NF4',3704,56615,155400
'14NF4',3704,56615,162400
'14NF4',3704,56615,165400
'14NF4',3704,56615,172400
'14NF4',3704,56615,175500
'14NF4',3704,56615,182500
'14NF4',3704,56615,185400
'14NF4',3704,56615,192300
'14NF4',3704,56615,195100
'14NF4',3704,56615,201800
'14NF4',3704,56615,204600
'14NF4',3704,56615,211400
'14NF4',3704,56615,214200
'14NF4',3704,56615,221000
'14NF4',3704,56615,223700
'14NF4',3704,56615,230200
'14NF4',3704,56615,232700
'14NF4',3704,56615,235200
'14NF4',3704,56615,242000
'14NF4',3704,56615,245300
'14NF4',3704,56615,252600
'14NF4',3704,56615,255800
'14NI',3704,56615,62800
'14NI',3704,56615,65100
'14NI',3704,56615,71500
'14NI',3704,56615,73900
'14NI',3704,56615,80300
'14NI',3704,56615,82800
'14NI',3704,56615,85300
'14NI',3704,56615,91800
'14NI',3704,56615,94600
'14NI',3704,56615,101400
'14NI',3704,56615,104200
'14NI',3704,56615,111000
'14NI',3704,56615,113800
'14NI',3704,56615,120600
'14NI',3704,56615,123400
'14NI',3704,56615,130300
'14NI',3704,56615,133100
'14NI',3704,56615,135900
'14NI',3704,56615,142800
'14NI',3704,56615,145700
'14NI',3704,56615,152600
'14NI',3704,56615,155400
'14NI',3704,56615,162200
'14NI',3704,56615,165100
'14NI',3704,56615,172000
'14NI',3704,56615,174900
'14NI',3704,56615,181800
'14NI',3704,56615,184500
'14NI',3704,56615,191100
'14NI',3704,56615,193800
'14NI',3704,56615,200500
'14NI',3704,56615,203200
'14NI',3704,56615,205900
'14NI',3704,56615,212600
'14NI',3704,56615,215200
'14NI',3704,56615,221800
'14NI',3704,56615,224400
'14NI',3704,56615,230900
'14NI',3704,56615,233500
'14NI',3704,56615,240000
'14NI',3704,56615,242400
'14NI',3704,56615,244700
'14NI',3704,56615,251000
'14NI',3704,56615,253400
'14NI',3704,56615,255700
'14NS',3704,56615,63100
'14NS',3704,56615,70700
'14NS',3704,56615,74200
'14NS',3704,56615,81000
'14NS',3704,56615,83800
'14NS',3704,56615,90100
'14NS',3704,56615,92600
'14NS',3704,56615,95000
'14NS',3704,56615,101400
'14NS',3704,56615,103900
'14NS',3704,56615,110300
'14NS',3704,56615,112700
'14NS',3704,56615,115200
'14NS',3704,56615,121700
'14NS',3704,56615,124200
'14NS',3704,56615,130700
'14NS',3704,56615,133200
'14NS',3704,56615,135800
'14NS',3704,56615,142400
'14NS',3704,56615,145100
'14NS',3704,56615,151700
'14NS',3704,56615,154400
'14NS',3704,56615,161200
'14NS',3704,56615,163900
'14NS',3704,56615,170600
'14NS',3704,56615,173300
'14NS',3704,56615,180000
'14NS',3704,56615,182800
'14NS',3704,56615,185700
'14NS',3704,56615,192700
'14NS',3704,56615,195400
'14NS',3704,56615,202300
'14NS',3704,56615,205300
'14NS',3704,56615,212300
'14NS',3704,56615,215300
'14NS',3704,56615,222300
'14NS',3704,56615,225000
'14NS',3704,56615,232000
'14NS',3704,56615,235100
'14NS',3704,56615,242000
'14NS',3704,56615,244800
'14NS',3704,56615,251800
'14NS',3704,56615,254800
