'15US',41902,58595,62600
'15US',41902,58595,70200
'15US',41902,58595,73400
'15US',41902,58595,80600
'15US',41902,58595,83800
'15US',41902,58595,90800
'15US',41902,58595,93700
'15US',41902,58595,100800
'15US',41902,58595,103900
'15US',41902,58595,111000
'15US',41902,58595,114100
'15US',41902,58595,121100
'15US',41902,58595,124100
'15US',41902,58595,131200
'15US',41902,58595,134300
'15US',41902,58595,141300
'15US',41902,58595,144300
'15US',41902,58595,151400
'15US',41902,58595,154500
'15US',41902,58595,161500
'15US',41902,58595,164500
'15US',41902,58595,171500
'15US',41902,58595,174500
'15US',41902,58595,180100
