'14MS',12601,55576,152800
'14MA',12804,55576,61200
'14MA',12804,55576,64900
'14MA',12804,55576,72300
'14MA',12804,55576,80000
'14MA',12804,55576,83600
'14MA',12804,55576,91400
'14MA',12804,55576,94900
'14MA',12804,55576,101500
'14MA',12804,55576,104200
'14MA',12804,55576,110700
'14MA',12804,55576,113300
'14MA',12804,55576,115900
'14MA',12804,55576,122500
'14MA',12804,55576,125200
'14MA',12804,55576,132000
'14MA',12804,55576,134800
'14MA',12804,55576,141400
'14MA',12804,55576,144000
'14MA',12804,55576,150600
'14MA',12804,55576,153100
'14MA',12804,55576,155700
'14MA',12804,55576,162300
'14MA',12804,55576,164900
'14MA',12804,55576,171600
'14MA',12804,55576,174400
'14MA',12804,55576,181800
'14MA',12804,55576,185600
'14MA',12804,55576,192900
'14MA',12804,55576,200100
'14MA',12804,55576,201700
'14MA',12804,55576,204600
'14MA',12804,55576,211500
'14MA',12804,55576,214600
'14MA',12804,55576,221500
'14MA',12804,55576,224400
'14MA',12804,55576,232200
'14MA',12804,55576,234300
'14MF1',12804,55576,61200
'14MF1',12804,55576,64900
'14MF1',12804,55576,72300
'14MF1',12804,55576,80000
'14MF1',12804,55576,83600
'14MF1',12804,55576,91400
'14MF1',12804,55576,94900
'14MF1',12804,55576,101500
'14MF1',12804,55576,104200
'14MF1',12804,55576,110700
'14MF1',12804,55576,113300
'14MF1',12804,55576,115900
'14MF1',12804,55576,122500
'14MF1',12804,55576,125200
'14MF1',12804,55576,132000
'14MF1',12804,55576,134800
'14MF1',12804,55576,141400
'14MF1',12804,55576,144000
'14MF1',12804,55576,150600
'14MF1',12804,55576,153100
'14MF1',12804,55576,155700
'14MF1',12804,55576,162300
'14MF1',12804,55576,164900
'14MF1',12804,55576,171600
'14MF1',12804,55576,174400
'14MF1',12804,55576,181800
'14MF1',12804,55576,185600
'14MF1',12804,55576,192900
'14MF1',12804,55576,200100
'14MF1',12804,55576,201700
'14MF1',12804,55576,204600
'14MF1',12804,55576,211500
'14MF1',12804,55576,214600
'14MF1',12804,55576,221500
'14MF1',12804,55576,224400
'14MF1',12804,55576,232200
'14MF1',12804,55576,234300
'14MF2',12804,55576,61200
'14MF2',12804,55576,64900
'14MF2',12804,55576,72300
'14MF2',12804,55576,80000
'14MF2',12804,55576,83600
'14MF2',12804,55576,91400
'14MF2',12804,55576,94900
'14MF2',12804,55576,101500
'14MF2',12804,55576,104200
'14MF2',12804,55576,110700
'14MF2',12804,55576,113300
'14MF2',12804,55576,115900
'14MF2',12804,55576,122500
'14MF2',12804,55576,125200
'14MF2',12804,55576,132000
'14MF2',12804,55576,134800
'14MF2',12804,55576,141400
'14MF2',12804,55576,144000
'14MF2',12804,55576,150600
'14MF2',12804,55576,153100
'14MF2',12804,55576,155700
'14MF2',12804,55576,162300
'14MF2',12804,55576,164900
'14MF2',12804,55576,171600
'14MF2',12804,55576,174400
'14MF2',12804,55576,181800
'14MF2',12804,55576,185600
'14MF2',12804,55576,192900
'14MF2',12804,55576,200100
'14MF2',12804,55576,201700
'14MF2',12804,55576,204600
'14MF2',12804,55576,211500
'14MF2',12804,55576,214600
'14MF2',12804,55576,221500
'14MF2',12804,55576,224400
'14MF2',12804,55576,232200
'14MF2',12804,55576,234300
'14MF3',12804,55576,61200
'14MF3',12804,55576,64900
'14MF3',12804,55576,72300
'14MF3',12804,55576,80000
'14MF3',12804,55576,83600
'14MF3',12804,55576,91400
'14MF3',12804,55576,94900
'14MF3',12804,55576,101500
'14MF3',12804,55576,104200
'14MF3',12804,55576,110700
'14MF3',12804,55576,113300
'14MF3',12804,55576,115900
'14MF3',12804,55576,122500
'14MF3',12804,55576,125200
'14MF3',12804,55576,132000
'14MF3',12804,55576,134800
'14MF3',12804,55576,141400
'14MF3',12804,55576,144000
'14MF3',12804,55576,150600
'14MF3',12804,55576,153100
'14MF3',12804,55576,155700
'14MF3',12804,55576,162300
'14MF3',12804,55576,164900
'14MF3',12804,55576,171600
'14MF3',12804,55576,174400
'14MF3',12804,55576,181800
'14MF3',12804,55576,185600
'14MF3',12804,55576,192900
'14MF3',12804,55576,200100
'14MF3',12804,55576,201700
'14MF3',12804,55576,204600
'14MF3',12804,55576,211500
'14MF3',12804,55576,214600
'14MF3',12804,55576,221500
'14MF3',12804,55576,224400
'14MF3',12804,55576,232200
'14MF3',12804,55576,234300
'14MI',12804,55576,61300
'14MI',12804,55576,65100
'14MI',12804,55576,72300
'14MI',12804,55576,75400
'14MI',12804,55576,82700
'14MI',12804,55576,90500
'14MI',12804,55576,94300
'14MI',12804,55576,102100
'14MI',12804,55576,104800
'14MI',12804,55576,111400
'14MI',12804,55576,114300
'14MI',12804,55576,121600
'14MI',12804,55576,125500
'14MI',12804,55576,132700
'14MI',12804,55576,135400
'14MI',12804,55576,141800
'14MI',12804,55576,144500
'14MI',12804,55576,151100
'14MI',12804,55576,154900
'14MI',12804,55576,162200
'14MI',12804,55576,165200
'14MI',12804,55576,172200
'14MI',12804,55576,175200
'14MI',12804,55576,182400
'14MI',12804,55576,185100
'14MI',12804,55576,191900
'14MI',12804,55576,195600
'14MI',12804,55576,201900
'14MI',12804,55576,204800
'14MI',12804,55576,211800
'14MI',12804,55576,214800
'14MI',12804,55576,221800
'14MI',12804,55576,224700
'14MI',12804,55576,231400
'14MI',12804,55576,234200
'14MS',12804,55576,54300
'14MS',12804,55576,55900
'14MS',12804,55576,62900
'14MS',12804,55576,65800
'14MS',12804,55576,73400
'14MS',12804,55576,80400
'14MS',12804,55576,83200
'14MS',12804,55576,84600
'14MS',12804,55576,92400
'14MS',12804,55576,94900
'14MS',12804,55576,101700
'14MS',12804,55576,104600
'14MS',12804,55576,112400
'14MS',12804,55576,115900
'14MS',12804,55576,123100
'14MS',12804,55576,130400
'14MS',12804,55576,134200
'14MS',12804,55576,141300
'14MS',12804,55576,144400
'14MS',12804,55576,151600
'14MS',12804,55576,154800
'14MS',12804,55576,162200
'14MS',12804,55576,165600
'14MS',12804,55576,172100
'14MS',12804,55576,174500
'14MS',12804,55576,181300
'14MS',12804,55576,184000
'14MS',12804,55576,190900
'14MS',12804,55576,194200
'14MS',12804,55576,201400
'14MS',12804,55576,203000
'14MS',12804,55576,210300
'14MS',12804,55576,213800
'14MS',12804,55576,221100
'14MS',12804,55576,224300
'14MS',12804,55576,231100
'14MS',12804,55576,234100
