'14UA',9001,50851,52900
'14UA',9001,50851,60000
'14UA',9001,50851,63200
'14UA',9001,50851,70200
'14UA',9001,50851,73100
'14UA',9001,50851,75300
'14UA',9001,50851,81000
'14UA',9001,50851,82700
'14UA',9001,50851,84600
'14UA',9001,50851,90400
'14UA',9001,50851,92100
'14UA',9001,50851,93600
'14UA',9001,50851,95100
'14UA',9001,50851,100500
'14UA',9001,50851,101900
'14UA',9001,50851,103200
'14UA',9001,50851,104500
'14UA',9001,50851,105800
'14UA',9001,50851,111100
'14UA',9001,50851,112500
'14UA',9001,50851,113800
'14UA',9001,50851,115100
'14UA',9001,50851,120500
'14UA',9001,50851,121900
'14UA',9001,50851,123400
'14UA',9001,50851,124800
'14UA',9001,50851,130300
'14UA',9001,50851,131800
'14UA',9001,50851,133300
'14UA',9001,50851,134800
'14UA',9001,50851,140300
'14UA',9001,50851,141700
'14UA',9001,50851,143200
'14UA',9001,50851,144700
'14UA',9001,50851,150300
'14UA',9001,50851,152000
'14UA',9001,50851,153700
'14UA',9001,50851,155300
'14UA',9001,50851,160900
'14UA',9001,50851,162400
'14UA',9001,50851,163900
'14UA',9001,50851,165300
'14UA',9001,50851,170700
'14UA',9001,50851,172200
'14UA',9001,50851,173700
'14UA',9001,50851,175100
'14UA',9001,50851,180600
'14UA',9001,50851,182100
'14UA',9001,50851,183700
'14UA',9001,50851,185300
'14UA',9001,50851,191800
'14UA',9001,50851,194500
'14UA',9001,50851,201300
'14UA',9001,50851,204200
'14UA',9001,50851,211300
'14UA',9001,50851,214400
'14UA',9001,50851,221400
'14UA',9001,50851,224400
'14UA',9001,50851,231500
'14UA',9001,50851,234600
'14UA',9001,50851,241700
'14UA',9001,50851,244600
'14UA',9001,50851,251400
'14UF1',9001,50851,52900
'14UF1',9001,50851,60000
'14UF1',9001,50851,63200
'14UF1',9001,50851,70200
'14UF1',9001,50851,73100
'14UF1',9001,50851,75300
'14UF1',9001,50851,81000
'14UF1',9001,50851,82700
'14UF1',9001,50851,84600
'14UF1',9001,50851,90400
'14UF1',9001,50851,92100
'14UF1',9001,50851,93600
'14UF1',9001,50851,95100
'14UF1',9001,50851,100500
'14UF1',9001,50851,101900
'14UF1',9001,50851,103200
'14UF1',9001,50851,104500
'14UF1',9001,50851,105800
'14UF1',9001,50851,111100
'14UF1',9001,50851,112500
'14UF1',9001,50851,113800
'14UF1',9001,50851,115100
'14UF1',9001,50851,120500
'14UF1',9001,50851,121900
'14UF1',9001,50851,123400
'14UF1',9001,50851,124800
'14UF1',9001,50851,130300
'14UF1',9001,50851,131800
'14UF1',9001,50851,133300
'14UF1',9001,50851,134800
'14UF1',9001,50851,140300
'14UF1',9001,50851,141700
'14UF1',9001,50851,143200
'14UF1',9001,50851,144700
'14UF1',9001,50851,150300
'14UF1',9001,50851,152000
'14UF1',9001,50851,153700
'14UF1',9001,50851,155300
'14UF1',9001,50851,160900
'14UF1',9001,50851,162400
'14UF1',9001,50851,163900
'14UF1',9001,50851,165300
'14UF1',9001,50851,170700
'14UF1',9001,50851,172200
'14UF1',9001,50851,173700
'14UF1',9001,50851,175100
'14UF1',9001,50851,180600
'14UF1',9001,50851,182100
'14UF1',9001,50851,183700
'14UF1',9001,50851,185300
'14UF1',9001,50851,191800
'14UF1',9001,50851,194500
'14UF1',9001,50851,201300
'14UF1',9001,50851,204200
'14UF1',9001,50851,211300
'14UF1',9001,50851,214400
'14UF1',9001,50851,221400
'14UF1',9001,50851,224400
'14UF1',9001,50851,231400
'14UF1',9001,50851,234400
'14UF1',9001,50851,241300
'14UF1',9001,50851,244200
'14UF1',9001,50851,251400
'14UF2',9001,50851,52900
'14UF2',9001,50851,60000
'14UF2',9001,50851,63200
'14UF2',9001,50851,70200
'14UF2',9001,50851,73100
'14UF2',9001,50851,75300
'14UF2',9001,50851,81000
'14UF2',9001,50851,82700
'14UF2',9001,50851,84600
'14UF2',9001,50851,90400
'14UF2',9001,50851,92100
'14UF2',9001,50851,93600
'14UF2',9001,50851,95100
'14UF2',9001,50851,100500
'14UF2',9001,50851,101900
'14UF2',9001,50851,103200
'14UF2',9001,50851,104500
'14UF2',9001,50851,105800
'14UF2',9001,50851,111100
'14UF2',9001,50851,112500
'14UF2',9001,50851,113800
'14UF2',9001,50851,115100
'14UF2',9001,50851,120500
'14UF2',9001,50851,121900
'14UF2',9001,50851,123400
'14UF2',9001,50851,124800
'14UF2',9001,50851,130300
'14UF2',9001,50851,131800
'14UF2',9001,50851,133300
'14UF2',9001,50851,134800
'14UF2',9001,50851,140300
'14UF2',9001,50851,141700
'14UF2',9001,50851,143200
'14UF2',9001,50851,144700
'14UF2',9001,50851,150300
'14UF2',9001,50851,152000
'14UF2',9001,50851,153700
'14UF2',9001,50851,155300
'14UF2',9001,50851,160900
'14UF2',9001,50851,162400
'14UF2',9001,50851,163900
'14UF2',9001,50851,165300
'14UF2',9001,50851,170700
'14UF2',9001,50851,172200
'14UF2',9001,50851,173700
'14UF2',9001,50851,175100
'14UF2',9001,50851,180600
'14UF2',9001,50851,182100
'14UF2',9001,50851,183700
'14UF2',9001,50851,185300
'14UF2',9001,50851,191800
'14UF2',9001,50851,194500
'14UF2',9001,50851,201300
'14UF2',9001,50851,204200
'14UF2',9001,50851,211300
'14UF2',9001,50851,214400
'14UF2',9001,50851,221400
'14UF2',9001,50851,224400
'14UF2',9001,50851,231400
'14UF2',9001,50851,234400
'14UF2',9001,50851,241300
'14UF2',9001,50851,244200
'14UF2',9001,50851,251400
'14UI',9001,50851,61100
'14UI',9001,50851,64100
'14UI',9001,50851,71100
'14UI',9001,50851,74200
'14UI',9001,50851,81300
'14UI',9001,50851,84400
'14UI',9001,50851,90900
'14UI',9001,50851,93100
'14UI',9001,50851,95200
'14UI',9001,50851,100800
'14UI',9001,50851,102300
'14UI',9001,50851,103700
'14UI',9001,50851,105200
'14UI',9001,50851,110800
'14UI',9001,50851,112400
'14UI',9001,50851,114000
'14UI',9001,50851,115600
'14UI',9001,50851,121100
'14UI',9001,50851,122600
'14UI',9001,50851,124100
'14UI',9001,50851,125500
'14UI',9001,50851,130800
'14UI',9001,50851,132200
'14UI',9001,50851,133600
'14UI',9001,50851,135000
'14UI',9001,50851,140300
'14UI',9001,50851,141600
'14UI',9001,50851,143000
'14UI',9001,50851,144300
'14UI',9001,50851,145600
'14UI',9001,50851,150900
'14UI',9001,50851,152200
'14UI',9001,50851,153600
'14UI',9001,50851,155000
'14UI',9001,50851,160500
'14UI',9001,50851,162100
'14UI',9001,50851,164100
'14UI',9001,50851,170200
'14UI',9001,50851,172300
'14UI',9001,50851,174300
'14UI',9001,50851,180900
'14UI',9001,50851,183500
'14UI',9001,50851,190000
'14UI',9001,50851,192700
'14UI',9001,50851,195600
'14UI',9001,50851,202500
'14UI',9001,50851,205400
'14UI',9001,50851,212200
'14UI',9001,50851,215000
'14UI',9001,50851,221900
'14UI',9001,50851,224700
'14UI',9001,50851,231600
'14UI',9001,50851,234700
'14UI',9001,50851,241700
'14UI',9001,50851,244500
'14UI',9001,50851,251500
'14US',9001,50851,51200
'14US',9001,50851,53500
'14US',9001,50851,55700
'14US',9001,50851,61700
'14US',9001,50851,62700
'14US',9001,50851,63800
'14US',9001,50851,64900
'14US',9001,50851,65900
'14US',9001,50851,70400
'14US',9001,50851,70900
'14US',9001,50851,71500
'14US',9001,50851,72000
'14US',9001,50851,72500
'14US',9001,50851,73000
'14US',9001,50851,73500
'14US',9001,50851,74000
'14US',9001,50851,74500
'14US',9001,50851,75000
'14US',9001,50851,75500
'14US',9001,50851,80000
'14US',9001,50851,80500
'14US',9001,50851,81000
'14US',9001,50851,82000
'14US',9001,50851,83000
'14US',9001,50851,83900
'14US',9001,50851,84800
'14US',9001,50851,85800
'14US',9001,50851,90800
'14US',9001,50851,91700
'14US',9001,50851,92700
'14US',9001,50851,93700
'14US',9001,50851,94700
'14US',9001,50851,95700
'14US',9001,50851,100700
'14US',9001,50851,101700
'14US',9001,50851,102700
'14US',9001,50851,103700
'14US',9001,50851,104700
'14US',9001,50851,105700
'14US',9001,50851,110700
'14US',9001,50851,111700
'14US',9001,50851,112700
'14US',9001,50851,113700
'14US',9001,50851,114700
'14US',9001,50851,115700
'14US',9001,50851,120700
'14US',9001,50851,121700
'14US',9001,50851,122700
'14US',9001,50851,123700
'14US',9001,50851,124700
'14US',9001,50851,125700
'14US',9001,50851,130700
'14US',9001,50851,131700
'14US',9001,50851,132700
'14US',9001,50851,133700
'14US',9001,50851,134700
'14US',9001,50851,135700
'14US',9001,50851,140700
'14US',9001,50851,141700
'14US',9001,50851,142700
'14US',9001,50851,143800
'14US',9001,50851,145300
'14US',9001,50851,150800
'14US',9001,50851,152300
'14US',9001,50851,153800
'14US',9001,50851,155300
'14US',9001,50851,161300
'14US',9001,50851,163300
'14US',9001,50851,165300
'14US',9001,50851,171300
'14US',9001,50851,173200
'14US',9001,50851,175200
'14US',9001,50851,182200
'14US',9001,50851,185000
'14US',9001,50851,192000
'14US',9001,50851,194800
'14US',9001,50851,201700
'14US',9001,50851,204600
'14US',9001,50851,211600
'14US',9001,50851,214600
'14US',9001,50851,221600
'14US',9001,50851,224500
'14US',9001,50851,231400
'14US',9001,50851,234300
'14US',9001,50851,241400
'14US',9001,50851,244400
'14US',9001,50851,251500
