'15UA',12403,50533,61700
'15UA',12403,50533,65500
'15UA',12403,50533,73300
'15UA',12403,50533,81100
'15UA',12403,50533,84500
'15UA',12403,50533,91900
'15UA',12403,50533,92900
'15UA',12403,50533,100200
'15UA',12403,50533,103600
'15UA',12403,50533,111500
'15UA',12403,50533,112800
'15UA',12403,50533,115400
'15UA',12403,50533,122100
'15UA',12403,50533,124600
'15UA',12403,50533,131100
'15UA',12403,50533,133700
'15UA',12403,50533,140700
'15UA',12403,50533,143400
'15UA',12403,50533,150000
'15UA',12403,50533,152600
'15UA',12403,50533,155100
'15UA',12403,50533,161900
'15UA',12403,50533,164300
'15UA',12403,50533,170900
'15UA',12403,50533,173500
'15UA',12403,50533,180200
'15UA',12403,50533,183000
'15UA',12403,50533,185600
'15UA',12403,50533,191600
'15UA',12403,50533,194200
'15UA',12403,50533,201600
'15UA',12403,50533,205400
'15UA',12403,50533,212800
'15UA',12403,50533,215900
'15UA',12403,50533,223100
'15UA',12403,50533,230400
'15UA',12403,50533,233200
'15UA',12403,50533,235900
'15UA',12403,50533,243700
'15UA',12403,50533,251200
'15UA',12403,50533,254600
'15UF1',12403,50533,70300
'15UF1',12403,50533,73400
'15UF1',12403,50533,81200
'15UF1',12403,50533,84800
'15UF1',12403,50533,92500
'15UF1',12403,50533,100100
'15UF1',12403,50533,103600
'15UF1',12403,50533,110900
'15UF1',12403,50533,113300
'15UF1',12403,50533,120000
'15UF1',12403,50533,123100
'15UF1',12403,50533,130300
'15UF1',12403,50533,131700
'15UF1',12403,50533,134600
'15UF1',12403,50533,141300
'15UF1',12403,50533,143800
'15UF1',12403,50533,150300
'15UF1',12403,50533,153000
'15UF1',12403,50533,155600
'15UF1',12403,50533,160900
'15UF1',12403,50533,163700
'15UF1',12403,50533,170900
'15UF1',12403,50533,173900
'15UF1',12403,50533,180900
'15UF1',12403,50533,183900
'15UF1',12403,50533,190600
'15UF1',12403,50533,193500
'15UF1',12403,50533,200300
'15UF1',12403,50533,203100
'15UF1',12403,50533,205900
'15UF1',12403,50533,213100
'15UF1',12403,50533,220100
'15UF1',12403,50533,223100
'15UF1',12403,50533,225900
'15UF1',12403,50533,232900
'15UF1',12403,50533,235700
'15UF1',12403,50533,242900
'15UF1',12403,50533,250700
'15UF1',12403,50533,254500
'15UF2',12403,50533,70300
'15UF2',12403,50533,73400
'15UF2',12403,50533,81200
'15UF2',12403,50533,84800
'15UF2',12403,50533,92500
'15UF2',12403,50533,100100
'15UF2',12403,50533,103600
'15UF2',12403,50533,110900
'15UF2',12403,50533,113300
'15UF2',12403,50533,120000
'15UF2',12403,50533,123100
'15UF2',12403,50533,130300
'15UF2',12403,50533,131700
'15UF2',12403,50533,134600
'15UF2',12403,50533,141300
'15UF2',12403,50533,143800
'15UF2',12403,50533,150300
'15UF2',12403,50533,153000
'15UF2',12403,50533,155600
'15UF2',12403,50533,160900
'15UF2',12403,50533,163700
'15UF2',12403,50533,170900
'15UF2',12403,50533,173900
'15UF2',12403,50533,180900
'15UF2',12403,50533,183900
'15UF2',12403,50533,190600
'15UF2',12403,50533,193500
'15UF2',12403,50533,200300
'15UF2',12403,50533,203100
'15UF2',12403,50533,205900
'15UF2',12403,50533,213100
'15UF2',12403,50533,220100
'15UF2',12403,50533,223100
'15UF2',12403,50533,225900
'15UF2',12403,50533,232900
'15UF2',12403,50533,235700
'15UF2',12403,50533,242900
'15UF2',12403,50533,250700
'15UF2',12403,50533,254500
'15UI',12403,50533,70300
'15UI',12403,50533,73400
'15UI',12403,50533,81200
'15UI',12403,50533,84800
'15UI',12403,50533,92500
'15UI',12403,50533,100100
'15UI',12403,50533,103600
'15UI',12403,50533,110900
'15UI',12403,50533,113300
'15UI',12403,50533,120000
'15UI',12403,50533,123100
'15UI',12403,50533,130300
'15UI',12403,50533,131700
'15UI',12403,50533,134600
'15UI',12403,50533,141300
'15UI',12403,50533,143800
'15UI',12403,50533,150300
'15UI',12403,50533,153000
'15UI',12403,50533,155600
'15UI',12403,50533,160900
'15UI',12403,50533,163700
'15UI',12403,50533,170900
'15UI',12403,50533,173900
'15UI',12403,50533,180900
'15UI',12403,50533,183900
'15UI',12403,50533,190600
'15UI',12403,50533,193500
'15UI',12403,50533,200300
'15UI',12403,50533,203100
'15UI',12403,50533,205900
'15UI',12403,50533,213100
'15UI',12403,50533,220100
'15UI',12403,50533,223100
'15UI',12403,50533,225900
'15UI',12403,50533,232900
'15UI',12403,50533,235700
'15UI',12403,50533,242900
'15UI',12403,50533,250700
'15UI',12403,50533,254500
'15US',12403,50533,55500
'15US',12403,50533,62700
'15US',12403,50533,65600
'15US',12403,50533,72600
'15US',12403,50533,75900
'15US',12403,50533,82900
'15US',12403,50533,85900
'15US',12403,50533,92800
'15US',12403,50533,95800
'15US',12403,50533,102600
'15US',12403,50533,105400
'15US',12403,50533,112300
'15US',12403,50533,115300
'15US',12403,50533,122300
'15US',12403,50533,125300
'15US',12403,50533,132300
'15US',12403,50533,135300
'15US',12403,50533,142200
'15US',12403,50533,145500
'15US',12403,50533,152600
'15US',12403,50533,155800
'15US',12403,50533,162800
'15US',12403,50533,165800
'15US',12403,50533,172900
'15US',12403,50533,175900
'15US',12403,50533,182900
'15US',12403,50533,185700
'15US',12403,50533,192700
'15US',12403,50533,195700
'15US',12403,50533,202700
'15US',12403,50533,205700
'15US',12403,50533,212800
'15US',12403,50533,215900
'15US',12403,50533,222900
'15US',12403,50533,225800
'15US',12403,50533,232800
'15US',12403,50533,240400
'15US',12403,50533,243400
'15US',12403,50533,250500
'15US',12403,50533,253700
