'15MA',19502,57289,61300
'15MA',19502,57289,64800
'15MA',19502,57289,71800
'15MA',19502,57289,74800
'15MA',19502,57289,81800
'15MA',19502,57289,85100
'15MA',19502,57289,92100
'15MA',19502,57289,95100
'15MA',19502,57289,102100
'15MA',19502,57289,105200
'15MA',19502,57289,112200
'15MA',19502,57289,115400
'15MA',19502,57289,122400
'15MA',19502,57289,125400
'15MA',19502,57289,132400
'15MA',19502,57289,135400
'15MA',19502,57289,142400
'15MA',19502,57289,145400
'15MA',19502,57289,152400
'15MA',19502,57289,155400
'15MA',19502,57289,162400
'15MA',19502,57289,165400
'15MA',19502,57289,172400
'15MA',19502,57289,175400
'15MA',19502,57289,182400
'15MA',19502,57289,185200
'15MA',19502,57289,192000
'15MA',19502,57289,195000
'15MA',19502,57289,202000
'15MA',19502,57289,205000
'15MA',19502,57289,212000
'15MA',19502,57289,215000
'15MA',19502,57289,222000
'15MA',19502,57289,225000
'15MA',19502,57289,231800
'15MA',19502,57289,234800
'15MA',19502,57289,241800
'15MA',19502,57289,244800
'15MA',19502,57289,251800
'15MA',19502,57289,254800
'15MA',19502,57289,261800
'15MA',19502,57289,264800
'15MF1',19502,57289,61300
'15MF1',19502,57289,64800
'15MF1',19502,57289,71800
'15MF1',19502,57289,74800
'15MF1',19502,57289,81800
'15MF1',19502,57289,85100
'15MF1',19502,57289,92100
'15MF1',19502,57289,95100
'15MF1',19502,57289,102100
'15MF1',19502,57289,105200
'15MF1',19502,57289,112200
'15MF1',19502,57289,115400
'15MF1',19502,57289,122400
'15MF1',19502,57289,125400
'15MF1',19502,57289,132400
'15MF1',19502,57289,135400
'15MF1',19502,57289,142400
'15MF1',19502,57289,145400
'15MF1',19502,57289,152400
'15MF1',19502,57289,155400
'15MF1',19502,57289,162400
'15MF1',19502,57289,165400
'15MF1',19502,57289,172400
'15MF1',19502,57289,175400
'15MF1',19502,57289,182400
'15MF1',19502,57289,185200
'15MF1',19502,57289,192000
'15MF1',19502,57289,195000
'15MF1',19502,57289,202000
'15MF1',19502,57289,205000
'15MF1',19502,57289,212000
'15MF1',19502,57289,215000
'15MF1',19502,57289,222000
'15MF1',19502,57289,225000
'15MF1',19502,57289,231800
'15MF1',19502,57289,234800
'15MF1',19502,57289,241800
'15MF1',19502,57289,244800
'15MF1',19502,57289,251800
'15MF1',19502,57289,254800
'15MF1',19502,57289,261800
'15MF2',19502,57289,61300
'15MF2',19502,57289,64800
'15MF2',19502,57289,71800
'15MF2',19502,57289,74800
'15MF2',19502,57289,81800
'15MF2',19502,57289,85100
'15MF2',19502,57289,92100
'15MF2',19502,57289,95100
'15MF2',19502,57289,102100
'15MF2',19502,57289,105200
'15MF2',19502,57289,112200
'15MF2',19502,57289,115400
'15MF2',19502,57289,122400
'15MF2',19502,57289,125400
'15MF2',19502,57289,132400
'15MF2',19502,57289,135400
'15MF2',19502,57289,142400
'15MF2',19502,57289,145400
'15MF2',19502,57289,152400
'15MF2',19502,57289,155400
'15MF2',19502,57289,162400
'15MF2',19502,57289,165400
'15MF2',19502,57289,172400
'15MF2',19502,57289,175400
'15MF2',19502,57289,182400
'15MF2',19502,57289,185200
'15MF2',19502,57289,192000
'15MF2',19502,57289,195000
'15MF2',19502,57289,202000
'15MF2',19502,57289,205000
'15MF2',19502,57289,212000
'15MF2',19502,57289,215000
'15MF2',19502,57289,222000
'15MF2',19502,57289,225000
'15MF2',19502,57289,231800
'15MF2',19502,57289,234800
'15MF2',19502,57289,241800
'15MF2',19502,57289,244800
'15MF2',19502,57289,251800
'15MF2',19502,57289,254800
'15MF2',19502,57289,261800
'15MF3',19502,57289,61300
'15MF3',19502,57289,63800
'15MF3',19502,57289,70300
'15MF3',19502,57289,72800
'15MF3',19502,57289,75300
'15MF3',19502,57289,81800
'15MF3',19502,57289,84500
'15MF3',19502,57289,91100
'15MF3',19502,57289,93800
'15MF3',19502,57289,100600
'15MF3',19502,57289,103300
'15MF3',19502,57289,110100
'15MF3',19502,57289,112900
'15MF3',19502,57289,115900
'15MF3',19502,57289,122800
'15MF3',19502,57289,125600
'15MF3',19502,57289,132500
'15MF3',19502,57289,135500
'15MF3',19502,57289,142400
'15MF3',19502,57289,145300
'15MF3',19502,57289,152200
'15MF3',19502,57289,155100
'15MF3',19502,57289,162000
'15MF3',19502,57289,164900
'15MF3',19502,57289,171800
'15MF3',19502,57289,174700
'15MF3',19502,57289,181300
'15MF3',19502,57289,184100
'15MF3',19502,57289,190900
'15MF3',19502,57289,193700
'15MF3',19502,57289,200500
'15MF3',19502,57289,203200
'15MF3',19502,57289,205900
'15MF3',19502,57289,212700
'15MF3',19502,57289,215400
'15MF3',19502,57289,222000
'15MF3',19502,57289,224600
'15MF3',19502,57289,231300
'15MF3',19502,57289,234000
'15MF3',19502,57289,240500
'15MF3',19502,57289,243000
'15MF3',19502,57289,245700
'15MF3',19502,57289,252300
'15MF3',19502,57289,255100
'15MF3',19502,57289,262000
'15MI',19502,57289,61300
'15MI',19502,57289,63800
'15MI',19502,57289,70300
'15MI',19502,57289,72800
'15MI',19502,57289,75300
'15MI',19502,57289,81800
'15MI',19502,57289,84500
'15MI',19502,57289,91100
'15MI',19502,57289,93800
'15MI',19502,57289,100600
'15MI',19502,57289,103300
'15MI',19502,57289,110100
'15MI',19502,57289,112900
'15MI',19502,57289,115900
'15MI',19502,57289,122800
'15MI',19502,57289,125600
'15MI',19502,57289,132500
'15MI',19502,57289,135500
'15MI',19502,57289,142400
'15MI',19502,57289,145300
'15MI',19502,57289,152200
'15MI',19502,57289,155100
'15MI',19502,57289,162000
'15MI',19502,57289,164900
'15MI',19502,57289,171800
'15MI',19502,57289,174700
'15MI',19502,57289,181300
'15MI',19502,57289,184100
'15MI',19502,57289,190900
'15MI',19502,57289,193700
'15MI',19502,57289,200500
'15MI',19502,57289,203200
'15MI',19502,57289,205900
'15MI',19502,57289,212700
'15MI',19502,57289,215400
'15MI',19502,57289,222000
'15MI',19502,57289,224600
'15MI',19502,57289,231300
'15MI',19502,57289,234000
'15MI',19502,57289,240500
'15MI',19502,57289,243000
'15MI',19502,57289,245700
'15MI',19502,57289,252300
'15MI',19502,57289,255100
'15MI',19502,57289,262000
'15MS',19502,57289,54800
'15MS',19502,57289,61800
'15MS',19502,57289,64800
'15MS',19502,57289,71200
'15MS',19502,57289,73300
'15MS',19502,57289,75400
'15MS',19502,57289,81600
'15MS',19502,57289,83300
'15MS',19502,57289,85200
'15MS',19502,57289,91600
'15MS',19502,57289,94600
'15MS',19502,57289,101600
'15MS',19502,57289,104600
'15MS',19502,57289,111600
'15MS',19502,57289,114600
'15MS',19502,57289,121500
'15MS',19502,57289,124400
'15MS',19502,57289,131600
'15MS',19502,57289,134600
'15MS',19502,57289,142000
'15MS',19502,57289,145500
'15MS',19502,57289,152600
'15MS',19502,57289,155800
'15MS',19502,57289,162700
'15MS',19502,57289,165900
'15MS',19502,57289,173100
'15MS',19502,57289,180400
'15MS',19502,57289,183200
'15MS',19502,57289,185800
'15MS',19502,57289,192800
'15MS',19502,57289,195800
'15MS',19502,57289,202600
'15MS',19502,57289,205600
'15MS',19502,57289,212600
'15MS',19502,57289,215600
'15MS',19502,57289,222600
'15MS',19502,57289,225500
'15MS',19502,57289,232400
'15MS',19502,57289,235200
'15MS',19502,57289,242000
'15MS',19502,57289,244900
'15MS',19502,57289,251500
'15MS',19502,57289,254500
'15MS',19502,57289,261500
