'14UA',12804,55919,60400
'14UA',12804,55919,63800
'14UA',12804,55919,71500
'14UA',12804,55919,74900
'14UA',12804,55919,82600
'14UA',12804,55919,90400
'14UA',12804,55919,94100
'14UA',12804,55919,101800
'14UA',12804,55919,105700
'14UA',12804,55919,112500
'14UA',12804,55919,115800
'14UA',12804,55919,123600
'14UA',12804,55919,130800
'14UA',12804,55919,133800
'14UA',12804,55919,140500
'14UA',12804,55919,143500
'14UA',12804,55919,150400
'14UA',12804,55919,152900
'14UA',12804,55919,160700
'14UA',12804,55919,163500
'14UA',12804,55919,170500
'14UA',12804,55919,173400
'14UA',12804,55919,180300
'14UA',12804,55919,183000
'14UA',12804,55919,185900
'14UA',12804,55919,193100
'14UA',12804,55919,200400
'14UA',12804,55919,203400
'14UA',12804,55919,210700
'14UA',12804,55919,213900
'14UA',12804,55919,221000
'14UA',12804,55919,224100
'14UA',12804,55919,231000
'14UA',12804,55919,233400
'14UF1',12804,55919,60400
'14UF1',12804,55919,64200
'14UF1',12804,55919,71300
'14UF1',12804,55919,74500
'14UF1',12804,55919,82000
'14UF1',12804,55919,85600
'14UF1',12804,55919,93400
'14UF1',12804,55919,101200
'14UF1',12804,55919,103900
'14UF1',12804,55919,110500
'14UF1',12804,55919,113400
'14UF1',12804,55919,120700
'14UF1',12804,55919,124500
'14UF1',12804,55919,131700
'14UF1',12804,55919,134400
'14UF1',12804,55919,140800
'14UF1',12804,55919,143500
'14UF1',12804,55919,150100
'14UF1',12804,55919,153900
'14UF1',12804,55919,161100
'14UF1',12804,55919,164200
'14UF1',12804,55919,171200
'14UF1',12804,55919,174200
'14UF1',12804,55919,181400
'14UF1',12804,55919,184100
'14UF1',12804,55919,190900
'14UF1',12804,55919,194200
'14UF1',12804,55919,201000
'14UF1',12804,55919,203900
'14UF1',12804,55919,210900
'14UF1',12804,55919,213900
'14UF1',12804,55919,220900
'14UF1',12804,55919,223900
'14UF1',12804,55919,230700
'14UF1',12804,55919,233400
'14UF2',12804,55919,60400
'14UF2',12804,55919,64200
'14UF2',12804,55919,71300
'14UF2',12804,55919,74500
'14UF2',12804,55919,82000
'14UF2',12804,55919,85600
'14UF2',12804,55919,93400
'14UF2',12804,55919,101200
'14UF2',12804,55919,103900
'14UF2',12804,55919,110500
'14UF2',12804,55919,113400
'14UF2',12804,55919,120700
'14UF2',12804,55919,124500
'14UF2',12804,55919,131700
'14UF2',12804,55919,134400
'14UF2',12804,55919,140800
'14UF2',12804,55919,143500
'14UF2',12804,55919,150100
'14UF2',12804,55919,153900
'14UF2',12804,55919,161100
'14UF2',12804,55919,164200
'14UF2',12804,55919,171200
'14UF2',12804,55919,174200
'14UF2',12804,55919,181400
'14UF2',12804,55919,184100
'14UF2',12804,55919,190900
'14UF2',12804,55919,194200
'14UF2',12804,55919,201000
'14UF2',12804,55919,203900
'14UF2',12804,55919,210900
'14UF2',12804,55919,213900
'14UF2',12804,55919,220900
'14UF2',12804,55919,223900
'14UF2',12804,55919,230700
'14UF2',12804,55919,233400
'14UI',12804,55919,60400
'14UI',12804,55919,64200
'14UI',12804,55919,71300
'14UI',12804,55919,74500
'14UI',12804,55919,82000
'14UI',12804,55919,85600
'14UI',12804,55919,93400
'14UI',12804,55919,101200
'14UI',12804,55919,103900
'14UI',12804,55919,110500
'14UI',12804,55919,113400
'14UI',12804,55919,120700
'14UI',12804,55919,124500
'14UI',12804,55919,131700
'14UI',12804,55919,134400
'14UI',12804,55919,140800
'14UI',12804,55919,143500
'14UI',12804,55919,150100
'14UI',12804,55919,153900
'14UI',12804,55919,161100
'14UI',12804,55919,164200
'14UI',12804,55919,171200
'14UI',12804,55919,174200
'14UI',12804,55919,181400
'14UI',12804,55919,184100
'14UI',12804,55919,190900
'14UI',12804,55919,194200
'14UI',12804,55919,201000
'14UI',12804,55919,203900
'14UI',12804,55919,210900
'14UI',12804,55919,213900
'14UI',12804,55919,220900
'14UI',12804,55919,223900
'14UI',12804,55919,230700
'14UI',12804,55919,233400
'14US',12804,55919,53400
'14US',12804,55919,55000
'14US',12804,55919,62300
'14US',12804,55919,64900
'14US',12804,55919,71900
'14US',12804,55919,75200
'14US',12804,55919,82100
'14US',12804,55919,84000
'14US',12804,55919,91300
'14US',12804,55919,93800
'14US',12804,55919,100600
'14US',12804,55919,103500
'14US',12804,55919,111300
'14US',12804,55919,114800
'14US',12804,55919,122000
'14US',12804,55919,125300
'14US',12804,55919,133100
'14US',12804,55919,140100
'14US',12804,55919,143300
'14US',12804,55919,150300
'14US',12804,55919,153400
'14US',12804,55919,160800
'14US',12804,55919,164400
'14US',12804,55919,170900
'14US',12804,55919,173400
'14US',12804,55919,180200
'14US',12804,55919,183000
'14US',12804,55919,190000
'14US',12804,55919,193300
'14US',12804,55919,200700
'14US',12804,55919,202100
'14US',12804,55919,205300
'14US',12804,55919,212900
'14US',12804,55919,220300
'14US',12804,55919,223500
'14US',12804,55919,230500
'14US',12804,55919,233400
