'15MA',12502,53058,53200
'15MA',12502,53058,60800
'15MA',12502,53058,64100
'15MA',12502,53058,71500
'15MA',12502,53058,74800
'15MA',12502,53058,82200
'15MA',12502,53058,85600
'15MA',12502,53058,93000
'15MA',12502,53058,100000
'15MA',12502,53058,103000
'15MA',12502,53058,110000
'15MA',12502,53058,113000
'15MA',12502,53058,115700
'15MA',12502,53058,122300
'15MA',12502,53058,125000
'15MA',12502,53058,131400
'15MA',12502,53058,133800
'15MA',12502,53058,140000
'15MA',12502,53058,141900
'15MA',12502,53058,143800
'15MA',12502,53058,145700
'15MA',12502,53058,151600
'15MA',12502,53058,153400
'15MA',12502,53058,155300
'15MA',12502,53058,161300
'15MA',12502,53058,163300
'15MA',12502,53058,165800
'15MA',12502,53058,172300
'15MA',12502,53058,175300
'15MA',12502,53058,182400
'15MA',12502,53058,185500
'15MA',12502,53058,192600
'15MA',12502,53058,195700
'15MA',12502,53058,202500
'15MA',12502,53058,205500
'15MA',12502,53058,212800
'15MA',12502,53058,220100
'15MA',12502,53058,223500
'15MA',12502,53058,231100
'15MA',12502,53058,234500
'15MA',12502,53058,242100
'15MA',12502,53058,245800
'15MA',12502,53058,253500
'15MF1',12502,53058,53200
'15MF1',12502,53058,60800
'15MF1',12502,53058,64200
'15MF1',12502,53058,71500
'15MF1',12502,53058,74800
'15MF1',12502,53058,82200
'15MF1',12502,53058,85600
'15MF1',12502,53058,93000
'15MF1',12502,53058,100000
'15MF1',12502,53058,103000
'15MF1',12502,53058,110000
'15MF1',12502,53058,113000
'15MF1',12502,53058,115700
'15MF1',12502,53058,122300
'15MF1',12502,53058,125000
'15MF1',12502,53058,131400
'15MF1',12502,53058,133800
'15MF1',12502,53058,140000
'15MF1',12502,53058,141900
'15MF1',12502,53058,143800
'15MF1',12502,53058,145700
'15MF1',12502,53058,151600
'15MF1',12502,53058,153400
'15MF1',12502,53058,155300
'15MF1',12502,53058,161300
'15MF1',12502,53058,163300
'15MF1',12502,53058,165800
'15MF1',12502,53058,172300
'15MF1',12502,53058,175300
'15MF1',12502,53058,182400
'15MF1',12502,53058,185500
'15MF1',12502,53058,192600
'15MF1',12502,53058,195500
'15MF1',12502,53058,202500
'15MF1',12502,53058,205500
'15MF1',12502,53058,212800
'15MF1',12502,53058,220100
'15MF1',12502,53058,223500
'15MF1',12502,53058,231100
'15MF1',12502,53058,234500
'15MF1',12502,53058,242100
'15MF1',12502,53058,245800
'15MF1',12502,53058,251100
'15MF2',12502,53058,53200
'15MF2',12502,53058,60800
'15MF2',12502,53058,64200
'15MF2',12502,53058,71500
'15MF2',12502,53058,74800
'15MF2',12502,53058,82200
'15MF2',12502,53058,85600
'15MF2',12502,53058,93000
'15MF2',12502,53058,100000
'15MF2',12502,53058,103000
'15MF2',12502,53058,110000
'15MF2',12502,53058,113000
'15MF2',12502,53058,115700
'15MF2',12502,53058,122300
'15MF2',12502,53058,125000
'15MF2',12502,53058,131400
'15MF2',12502,53058,133800
'15MF2',12502,53058,140000
'15MF2',12502,53058,141900
'15MF2',12502,53058,143800
'15MF2',12502,53058,145700
'15MF2',12502,53058,151600
'15MF2',12502,53058,153400
'15MF2',12502,53058,155300
'15MF2',12502,53058,161300
'15MF2',12502,53058,163300
'15MF2',12502,53058,165800
'15MF2',12502,53058,172300
'15MF2',12502,53058,175300
'15MF2',12502,53058,182400
'15MF2',12502,53058,185500
'15MF2',12502,53058,192600
'15MF2',12502,53058,195500
'15MF2',12502,53058,202500
'15MF2',12502,53058,205500
'15MF2',12502,53058,212800
'15MF2',12502,53058,220100
'15MF2',12502,53058,223500
'15MF2',12502,53058,231100
'15MF2',12502,53058,234500
'15MF2',12502,53058,242100
'15MF2',12502,53058,245800
'15MF2',12502,53058,251100
'15MF3',12502,53058,53200
'15MF3',12502,53058,60800
'15MF3',12502,53058,64200
'15MF3',12502,53058,71500
'15MF3',12502,53058,74800
'15MF3',12502,53058,82200
'15MF3',12502,53058,85600
'15MF3',12502,53058,93000
'15MF3',12502,53058,100000
'15MF3',12502,53058,103000
'15MF3',12502,53058,110000
'15MF3',12502,53058,113000
'15MF3',12502,53058,115700
'15MF3',12502,53058,122300
'15MF3',12502,53058,125000
'15MF3',12502,53058,131400
'15MF3',12502,53058,133800
'15MF3',12502,53058,140000
'15MF3',12502,53058,141900
'15MF3',12502,53058,143800
'15MF3',12502,53058,145700
'15MF3',12502,53058,151600
'15MF3',12502,53058,153400
'15MF3',12502,53058,155300
'15MF3',12502,53058,161300
'15MF3',12502,53058,163300
'15MF3',12502,53058,165800
'15MF3',12502,53058,172300
'15MF3',12502,53058,175300
'15MF3',12502,53058,182400
'15MF3',12502,53058,185500
'15MF3',12502,53058,192600
'15MF3',12502,53058,195500
'15MF3',12502,53058,202500
'15MF3',12502,53058,205500
'15MF3',12502,53058,212800
'15MF3',12502,53058,220100
'15MF3',12502,53058,223500
'15MF3',12502,53058,231100
'15MF3',12502,53058,234500
'15MF3',12502,53058,242100
'15MF3',12502,53058,245800
'15MF3',12502,53058,251100
'15MI',12502,53058,53100
'15MI',12502,53058,60500
'15MI',12502,53058,64000
'15MI',12502,53058,71400
'15MI',12502,53058,74400
'15MI',12502,53058,81400
'15MI',12502,53058,84600
'15MI',12502,53058,91800
'15MI',12502,53058,94200
'15MI',12502,53058,100700
'15MI',12502,53058,102800
'15MI',12502,53058,105400
'15MI',12502,53058,111900
'15MI',12502,53058,114500
'15MI',12502,53058,120900
'15MI',12502,53058,123200
'15MI',12502,53058,125500
'15MI',12502,53058,131700
'15MI',12502,53058,133900
'15MI',12502,53058,135900
'15MI',12502,53058,141800
'15MI',12502,53058,143700
'15MI',12502,53058,145700
'15MI',12502,53058,151700
'15MI',12502,53058,153700
'15MI',12502,53058,155900
'15MI',12502,53058,162200
'15MI',12502,53058,164700
'15MI',12502,53058,171500
'15MI',12502,53058,174300
'15MI',12502,53058,181200
'15MI',12502,53058,184100
'15MI',12502,53058,191000
'15MI',12502,53058,194000
'15MI',12502,53058,201100
'15MI',12502,53058,204600
'15MI',12502,53058,212500
'15MI',12502,53058,220300
'15MI',12502,53058,224200
'15MI',12502,53058,232000
'15MI',12502,53058,235600
'15MI',12502,53058,243400
'15MI',12502,53058,251100
'15MS',12502,53058,53500
'15MS',12502,53058,60900
'15MS',12502,53058,64000
'15MS',12502,53058,70300
'15MS',12502,53058,71200
'15MS',12502,53058,72000
'15MS',12502,53058,72900
'15MS',12502,53058,73800
'15MS',12502,53058,74600
'15MS',12502,53058,75400
'15MS',12502,53058,80100
'15MS',12502,53058,80800
'15MS',12502,53058,81500
'15MS',12502,53058,82300
'15MS',12502,53058,83200
'15MS',12502,53058,84800
'15MS',12502,53058,90800
'15MS',12502,53058,93000
'15MS',12502,53058,94900
'15MS',12502,53058,100800
'15MS',12502,53058,102800
'15MS',12502,53058,104800
'15MS',12502,53058,110800
'15MS',12502,53058,112800
'15MS',12502,53058,114800
'15MS',12502,53058,120500
'15MS',12502,53058,122200
'15MS',12502,53058,123900
'15MS',12502,53058,125800
'15MS',12502,53058,131900
'15MS',12502,53058,133900
'15MS',12502,53058,135900
'15MS',12502,53058,142100
'15MS',12502,53058,144300
'15MS',12502,53058,150300
'15MS',12502,53058,152400
'15MS',12502,53058,154300
'15MS',12502,53058,161000
'15MS',12502,53058,162600
'15MS',12502,53058,164200
'15MS',12502,53058,165700
'15MS',12502,53058,171200
'15MS',12502,53058,172700
'15MS',12502,53058,174600
'15MS',12502,53058,175900
'15MS',12502,53058,181600
'15MS',12502,53058,183200
'15MS',12502,53058,184800
'15MS',12502,53058,191900
'15MS',12502,53058,195000
'15MS',12502,53058,202100
'15MS',12502,53058,205200
'15MS',12502,53058,212200
'15MS',12502,53058,215200
'15MS',12502,53058,223000
'15MS',12502,53058,230900
'15MS',12502,53058,235200
'15MS',12502,53058,243100
'15MS',12502,53058,251100
'15MA',35504,53058,255000
'15MA',35504,53058,263500
'15MA',35504,53058,272000
'15MA',35504,53058,280200
'15MA',35504,53058,284400
'15MA',35504,53058,291300
'15MF1',35504,53058,254700
'15MF1',35504,53058,263200
'15MF1',35504,53058,271700
'15MF1',35504,53058,280200
'15MF1',35504,53058,284300
'15MF1',35504,53058,291300
'15MF2',35504,53058,254700
'15MF2',35504,53058,263200
'15MF2',35504,53058,271700
'15MF2',35504,53058,280200
'15MF2',35504,53058,284300
'15MF2',35504,53058,291300
'15MF3',35504,53058,255000
'15MF3',35504,53058,263500
'15MF3',35504,53058,271900
'15MF3',35504,53058,280500
'15MF3',35504,53058,285000
'15MF3',35504,53058,291600
'15MI',35504,53058,255000
'15MI',35504,53058,263500
'15MI',35504,53058,271900
'15MI',35504,53058,280500
'15MI',35504,53058,285000
'15MI',35504,53058,291600
'15MS',35504,53058,254700
'15MS',35504,53058,263200
'15MS',35504,53058,271700
'15MS',35504,53058,280200
'15MS',35504,53058,284300
'15MS',35504,53058,291300
