'14SA',16402,60861,55700
'14SA',16402,60861,63400
'14SA',16402,60861,71100
'14SA',16402,60861,74800
'14SA',16402,60861,82800
'14SA',16402,60861,90700
'14SA',16402,60861,94500
'14SA',16402,60861,101100
'14SA',16402,60861,103300
'14SA',16402,60861,105300
'14SA',16402,60861,111300
'14SA',16402,60861,113300
'14SA',16402,60861,115300
'14SA',16402,60861,121400
'14SA',16402,60861,123600
'14SA',16402,60861,125900
'14SA',16402,60861,132200
'14SA',16402,60861,134300
'14SA',16402,60861,140400
'14SA',16402,60861,142500
'14SA',16402,60861,144700
'14SA',16402,60861,150800
'14SA',16402,60861,152900
'14SA',16402,60861,155000
'14SA',16402,60861,161200
'14SA',16402,60861,163300
'14SA',16402,60861,165400
'14SA',16402,60861,171500
'14SA',16402,60861,173700
'14SA',16402,60861,175800
'14SA',16402,60861,181900
'14SA',16402,60861,184000
'14SA',16402,60861,190200
'14SA',16402,60861,192300
'14SA',16402,60861,194300
'14SA',16402,60861,200300
'14SA',16402,60861,202400
'14SA',16402,60861,204500
'14SA',16402,60861,210600
'14SA',16402,60861,212700
'14SA',16402,60861,214900
'14SA',16402,60861,221000
'14SA',16402,60861,223200
'14SA',16402,60861,225600
'14SA',16402,60861,232200
'14SA',16402,60861,235200
'14SA',16402,60861,242200
'14SA',16402,60861,245100
'14SA',16402,60861,252000
'14SA',16402,60861,254900
'14SA',16402,60861,261900
'14SF1',16402,60861,55500
'14SF1',16402,60861,63200
'14SF1',16402,60861,71000
'14SF1',16402,60861,74800
'14SF1',16402,60861,82700
'14SF1',16402,60861,90600
'14SF1',16402,60861,94500
'14SF1',16402,60861,101100
'14SF1',16402,60861,103300
'14SF1',16402,60861,105400
'14SF1',16402,60861,111500
'14SF1',16402,60861,113500
'14SF1',16402,60861,115500
'14SF1',16402,60861,121600
'14SF1',16402,60861,123700
'14SF1',16402,60861,125900
'14SF1',16402,60861,132100
'14SF1',16402,60861,134300
'14SF1',16402,60861,140400
'14SF1',16402,60861,142500
'14SF1',16402,60861,144700
'14SF1',16402,60861,150800
'14SF1',16402,60861,152900
'14SF1',16402,60861,155000
'14SF1',16402,60861,161200
'14SF1',16402,60861,163300
'14SF1',16402,60861,165400
'14SF1',16402,60861,171500
'14SF1',16402,60861,173700
'14SF1',16402,60861,175800
'14SF1',16402,60861,181800
'14SF1',16402,60861,183900
'14SF1',16402,60861,190000
'14SF1',16402,60861,192100
'14SF1',16402,60861,194200
'14SF1',16402,60861,200300
'14SF1',16402,60861,202400
'14SF1',16402,60861,204400
'14SF1',16402,60861,210500
'14SF1',16402,60861,212600
'14SF1',16402,60861,214800
'14SF1',16402,60861,220900
'14SF1',16402,60861,223100
'14SF1',16402,60861,225500
'14SF1',16402,60861,232100
'14SF1',16402,60861,234800
'14SF1',16402,60861,241800
'14SF1',16402,60861,244800
'14SF1',16402,60861,251600
'14SF1',16402,60861,254400
'14SF2',16402,60861,55500
'14SF2',16402,60861,63200
'14SF2',16402,60861,71000
'14SF2',16402,60861,74800
'14SF2',16402,60861,82700
'14SF2',16402,60861,90600
'14SF2',16402,60861,94500
'14SF2',16402,60861,101100
'14SF2',16402,60861,103300
'14SF2',16402,60861,105400
'14SF2',16402,60861,111500
'14SF2',16402,60861,113500
'14SF2',16402,60861,115500
'14SF2',16402,60861,121600
'14SF2',16402,60861,123700
'14SF2',16402,60861,125900
'14SF2',16402,60861,132100
'14SF2',16402,60861,134300
'14SF2',16402,60861,140400
'14SF2',16402,60861,142500
'14SF2',16402,60861,144700
'14SF2',16402,60861,150800
'14SF2',16402,60861,152900
'14SF2',16402,60861,155000
'14SF2',16402,60861,161200
'14SF2',16402,60861,163300
'14SF2',16402,60861,165400
'14SF2',16402,60861,171500
'14SF2',16402,60861,173700
'14SF2',16402,60861,175800
'14SF2',16402,60861,181800
'14SF2',16402,60861,183900
'14SF2',16402,60861,190000
'14SF2',16402,60861,192100
'14SF2',16402,60861,194200
'14SF2',16402,60861,200300
'14SF2',16402,60861,202400
'14SF2',16402,60861,204400
'14SF2',16402,60861,210500
'14SF2',16402,60861,212600
'14SF2',16402,60861,214800
'14SF2',16402,60861,220900
'14SF2',16402,60861,223100
'14SF2',16402,60861,225500
'14SF2',16402,60861,232100
'14SF2',16402,60861,234800
'14SF2',16402,60861,241800
'14SF2',16402,60861,244800
'14SF2',16402,60861,251600
'14SF2',16402,60861,254400
'14SI',16402,60861,55500
'14SI',16402,60861,63200
'14SI',16402,60861,71000
'14SI',16402,60861,74800
'14SI',16402,60861,82700
'14SI',16402,60861,90600
'14SI',16402,60861,94500
'14SI',16402,60861,101100
'14SI',16402,60861,103300
'14SI',16402,60861,105400
'14SI',16402,60861,111500
'14SI',16402,60861,113500
'14SI',16402,60861,115500
'14SI',16402,60861,121600
'14SI',16402,60861,123700
'14SI',16402,60861,125900
'14SI',16402,60861,132100
'14SI',16402,60861,134300
'14SI',16402,60861,140400
'14SI',16402,60861,142500
'14SI',16402,60861,144700
'14SI',16402,60861,150800
'14SI',16402,60861,152900
'14SI',16402,60861,155000
'14SI',16402,60861,161200
'14SI',16402,60861,163300
'14SI',16402,60861,165400
'14SI',16402,60861,171500
'14SI',16402,60861,173700
'14SI',16402,60861,175800
'14SI',16402,60861,181800
'14SI',16402,60861,183900
'14SI',16402,60861,190000
'14SI',16402,60861,192100
'14SI',16402,60861,194200
'14SI',16402,60861,200300
'14SI',16402,60861,202400
'14SI',16402,60861,204400
'14SI',16402,60861,210500
'14SI',16402,60861,212600
'14SI',16402,60861,214800
'14SI',16402,60861,220900
'14SI',16402,60861,223100
'14SI',16402,60861,225500
'14SI',16402,60861,232100
'14SI',16402,60861,234800
'14SI',16402,60861,241800
'14SI',16402,60861,244800
'14SI',16402,60861,251600
'14SI',16402,60861,254400
'14SS',16402,60861,60000
'14SS',16402,60861,64200
'14SS',16402,60861,71000
'14SS',16402,60861,73600
'14SS',16402,60861,80000
'14SS',16402,60861,81800
'14SS',16402,60861,83600
'14SS',16402,60861,85400
'14SS',16402,60861,91200
'14SS',16402,60861,93100
'14SS',16402,60861,100100
'14SS',16402,60861,103000
'14SS',16402,60861,105900
'14SS',16402,60861,112800
'14SS',16402,60861,115600
'14SS',16402,60861,122400
'14SS',16402,60861,125300
'14SS',16402,60861,131300
'14SS',16402,60861,133400
'14SS',16402,60861,135600
'14SS',16402,60861,141700
'14SS',16402,60861,143700
'14SS',16402,60861,145900
'14SS',16402,60861,152100
'14SS',16402,60861,154300
'14SS',16402,60861,155900
'14SS',16402,60861,161300
'14SS',16402,60861,162100
'14SS',16402,60861,162700
'14SS',16402,60861,163400
'14SS',16402,60861,164400
'14SS',16402,60861,165400
'14SS',16402,60861,170400
'14SS',16402,60861,171400
'14SS',16402,60861,172500
'14SS',16402,60861,173600
'14SS',16402,60861,174600
'14SS',16402,60861,175600
'14SS',16402,60861,180800
'14SS',16402,60861,182000
'14SS',16402,60861,183200
'14SS',16402,60861,184600
'14SS',16402,60861,190000
'14SS',16402,60861,191500
'14SS',16402,60861,193300
'14SS',16402,60861,195300
'14SS',16402,60861,201700
'14SS',16402,60861,204100
'14SS',16402,60861,210600
'14SS',16402,60861,213100
'14SS',16402,60861,215600
'14SS',16402,60861,222100
'14SS',16402,60861,224900
'14SS',16402,60861,232500
'14SS',16402,60861,240100
'14SS',16402,60861,243600
'14SS',16402,60861,251200
'14SS',16402,60861,254800
