'14MA',3703,56634,53400
'14MA',3703,56634,55800
'14MA',3703,56634,62200
'14MA',3703,56634,64600
'14MA',3703,56634,71000
'14MA',3703,56634,73400
'14MA',3703,56634,75900
'14MA',3703,56634,82500
'14MA',3703,56634,85100
'14MA',3703,56634,91700
'14MA',3703,56634,94500
'14MA',3703,56634,101400
'14MA',3703,56634,104300
'14MA',3703,56634,111200
'14MA',3703,56634,114200
'14MA',3703,56634,121200
'14MA',3703,56634,124200
'14MA',3703,56634,131300
'14MA',3703,56634,134400
'14MA',3703,56634,141400
'14MA',3703,56634,144500
'14MA',3703,56634,151500
'14MA',3703,56634,154600
'14MA',3703,56634,161600
'14MA',3703,56634,164700
'14MA',3703,56634,171700
'14MA',3703,56634,174600
'14MA',3703,56634,181500
'14MA',3703,56634,184500
'14MA',3703,56634,191500
'14MA',3703,56634,194100
'14MA',3703,56634,200900
'14MA',3703,56634,203700
'14MA',3703,56634,210500
'14MA',3703,56634,213200
'14MA',3703,56634,215900
'14MA',3703,56634,222700
'14MA',3703,56634,225500
'14MA',3703,56634,232200
'14MA',3703,56634,234700
'14MA',3703,56634,241400
'14MA',3703,56634,243900
'14MA',3703,56634,250600
'14MA',3703,56634,253300
'14MF1',3703,56634,53400
'14MF1',3703,56634,55800
'14MF1',3703,56634,62200
'14MF1',3703,56634,64600
'14MF1',3703,56634,71000
'14MF1',3703,56634,73400
'14MF1',3703,56634,75900
'14MF1',3703,56634,82500
'14MF1',3703,56634,85100
'14MF1',3703,56634,91700
'14MF1',3703,56634,94500
'14MF1',3703,56634,101400
'14MF1',3703,56634,104300
'14MF1',3703,56634,111200
'14MF1',3703,56634,114200
'14MF1',3703,56634,121200
'14MF1',3703,56634,124200
'14MF1',3703,56634,131300
'14MF1',3703,56634,134400
'14MF1',3703,56634,141400
'14MF1',3703,56634,144500
'14MF1',3703,56634,151500
'14MF1',3703,56634,154600
'14MF1',3703,56634,161600
'14MF1',3703,56634,164700
'14MF1',3703,56634,171700
'14MF1',3703,56634,174600
'14MF1',3703,56634,181500
'14MF1',3703,56634,184500
'14MF1',3703,56634,191500
'14MF1',3703,56634,194100
'14MF1',3703,56634,200900
'14MF1',3703,56634,203700
'14MF1',3703,56634,210500
'14MF1',3703,56634,213200
'14MF1',3703,56634,215900
'14MF1',3703,56634,222700
'14MF1',3703,56634,225500
'14MF1',3703,56634,232200
'14MF1',3703,56634,234700
'14MF1',3703,56634,241400
'14MF1',3703,56634,243800
'14MF1',3703,56634,250300
'14MF2',3703,56634,53400
'14MF2',3703,56634,55800
'14MF2',3703,56634,62200
'14MF2',3703,56634,64600
'14MF2',3703,56634,71000
'14MF2',3703,56634,73400
'14MF2',3703,56634,75900
'14MF2',3703,56634,82500
'14MF2',3703,56634,85100
'14MF2',3703,56634,91700
'14MF2',3703,56634,94500
'14MF2',3703,56634,101400
'14MF2',3703,56634,104300
'14MF2',3703,56634,111200
'14MF2',3703,56634,114200
'14MF2',3703,56634,121200
'14MF2',3703,56634,124200
'14MF2',3703,56634,131300
'14MF2',3703,56634,134400
'14MF2',3703,56634,141400
'14MF2',3703,56634,144500
'14MF2',3703,56634,151500
'14MF2',3703,56634,154600
'14MF2',3703,56634,161600
'14MF2',3703,56634,164700
'14MF2',3703,56634,171700
'14MF2',3703,56634,174600
'14MF2',3703,56634,181500
'14MF2',3703,56634,184500
'14MF2',3703,56634,191500
'14MF2',3703,56634,194100
'14MF2',3703,56634,200900
'14MF2',3703,56634,203700
'14MF2',3703,56634,210500
'14MF2',3703,56634,213200
'14MF2',3703,56634,215900
'14MF2',3703,56634,222700
'14MF2',3703,56634,225500
'14MF2',3703,56634,232200
'14MF2',3703,56634,234700
'14MF2',3703,56634,241400
'14MF2',3703,56634,243800
'14MF2',3703,56634,250300
'14MF3',3703,56634,53300
'14MF3',3703,56634,55700
'14MF3',3703,56634,62000
'14MF3',3703,56634,64300
'14MF3',3703,56634,70600
'14MF3',3703,56634,73200
'14MF3',3703,56634,75600
'14MF3',3703,56634,82000
'14MF3',3703,56634,84500
'14MF3',3703,56634,91200
'14MF3',3703,56634,93800
'14MF3',3703,56634,100600
'14MF3',3703,56634,103400
'14MF3',3703,56634,110200
'14MF3',3703,56634,113000
'14MF3',3703,56634,120000
'14MF3',3703,56634,122800
'14MF3',3703,56634,125600
'14MF3',3703,56634,132400
'14MF3',3703,56634,135300
'14MF3',3703,56634,142100
'14MF3',3703,56634,144900
'14MF3',3703,56634,151800
'14MF3',3703,56634,154700
'14MF3',3703,56634,161600
'14MF3',3703,56634,164400
'14MF3',3703,56634,171200
'14MF3',3703,56634,174100
'14MF3',3703,56634,181000
'14MF3',3703,56634,183800
'14MF3',3703,56634,190600
'14MF3',3703,56634,193400
'14MF3',3703,56634,195900
'14MF3',3703,56634,202500
'14MF3',3703,56634,205100
'14MF3',3703,56634,211800
'14MF3',3703,56634,214500
'14MF3',3703,56634,221100
'14MF3',3703,56634,223700
'14MF3',3703,56634,230300
'14MF3',3703,56634,232600
'14MF3',3703,56634,235100
'14MF3',3703,56634,241600
'14MF3',3703,56634,244100
'14MF3',3703,56634,250400
'14MI',3703,56634,53300
'14MI',3703,56634,55700
'14MI',3703,56634,62000
'14MI',3703,56634,64300
'14MI',3703,56634,70600
'14MI',3703,56634,73200
'14MI',3703,56634,75600
'14MI',3703,56634,82000
'14MI',3703,56634,84500
'14MI',3703,56634,91200
'14MI',3703,56634,93800
'14MI',3703,56634,100600
'14MI',3703,56634,103400
'14MI',3703,56634,110200
'14MI',3703,56634,113000
'14MI',3703,56634,120000
'14MI',3703,56634,122800
'14MI',3703,56634,125600
'14MI',3703,56634,132400
'14MI',3703,56634,135300
'14MI',3703,56634,142100
'14MI',3703,56634,144900
'14MI',3703,56634,151800
'14MI',3703,56634,154700
'14MI',3703,56634,161600
'14MI',3703,56634,164400
'14MI',3703,56634,171200
'14MI',3703,56634,174100
'14MI',3703,56634,181000
'14MI',3703,56634,183800
'14MI',3703,56634,190600
'14MI',3703,56634,193400
'14MI',3703,56634,195900
'14MI',3703,56634,202500
'14MI',3703,56634,205100
'14MI',3703,56634,211800
'14MI',3703,56634,214500
'14MI',3703,56634,221100
'14MI',3703,56634,223700
'14MI',3703,56634,230300
'14MI',3703,56634,232600
'14MI',3703,56634,235100
'14MI',3703,56634,241600
'14MI',3703,56634,244100
'14MI',3703,56634,250400
'14MS',3703,56634,52700
'14MS',3703,56634,60300
'14MS',3703,56634,63400
'14MS',3703,56634,65800
'14MS',3703,56634,72500
'14MS',3703,56634,75100
'14MS',3703,56634,81700
'14MS',3703,56634,84000
'14MS',3703,56634,90500
'14MS',3703,56634,92900
'14MS',3703,56634,95300
'14MS',3703,56634,101700
'14MS',3703,56634,104100
'14MS',3703,56634,110500
'14MS',3703,56634,113000
'14MS',3703,56634,115600
'14MS',3703,56634,122100
'14MS',3703,56634,124600
'14MS',3703,56634,131100
'14MS',3703,56634,133700
'14MS',3703,56634,140300
'14MS',3703,56634,142900
'14MS',3703,56634,145800
'14MS',3703,56634,152400
'14MS',3703,56634,155100
'14MS',3703,56634,161800
'14MS',3703,56634,164500
'14MS',3703,56634,171200
'14MS',3703,56634,173800
'14MS',3703,56634,180300
'14MS',3703,56634,182900
'14MS',3703,56634,185400
'14MS',3703,56634,192400
'14MS',3703,56634,195400
'14MS',3703,56634,202400
'14MS',3703,56634,205500
'14MS',3703,56634,212500
'14MS',3703,56634,215500
'14MS',3703,56634,222500
'14MS',3703,56634,225500
'14MS',3703,56634,232500
'14MS',3703,56634,235500
'14MS',3703,56634,241900
'14MS',3703,56634,244400
'14MS',3703,56634,250900
'14MS',3703,56634,253600
'14MS',3703,56634,260400
