'14UA',4902,55097,51700
'14UA',4902,55097,54200
'14UA',4902,55097,60200
'14UA',4902,55097,62000
'14UA',4902,55097,63800
'14UA',4902,55097,65700
'14UA',4902,55097,71300
'14UA',4902,55097,73000
'14UA',4902,55097,74500
'14UA',4902,55097,80000
'14UA',4902,55097,81400
'14UA',4902,55097,83100
'14UA',4902,55097,84600
'14UA',4902,55097,90200
'14UA',4902,55097,91700
'14UA',4902,55097,93300
'14UA',4902,55097,94900
'14UA',4902,55097,100700
'14UA',4902,55097,102700
'14UA',4902,55097,104600
'14UA',4902,55097,110700
'14UA',4902,55097,112700
'14UA',4902,55097,114800
'14UA',4902,55097,120700
'14UA',4902,55097,122700
'14UA',4902,55097,124700
'14UA',4902,55097,130700
'14UA',4902,55097,132700
'14UA',4902,55097,134700
'14UA',4902,55097,140700
'14UA',4902,55097,142700
'14UA',4902,55097,144700
'14UA',4902,55097,150700
'14UA',4902,55097,152700
'14UA',4902,55097,154700
'14UA',4902,55097,160700
'14UA',4902,55097,162700
'14UA',4902,55097,164700
'14UA',4902,55097,170800
'14UA',4902,55097,172800
'14UA',4902,55097,174700
'14UA',4902,55097,180700
'14UA',4902,55097,182600
'14UA',4902,55097,184500
'14UA',4902,55097,190500
'14UA',4902,55097,192600
'14UA',4902,55097,195000
'14UA',4902,55097,201900
'14UA',4902,55097,204800
'14UA',4902,55097,211800
'14UA',4902,55097,214800
'14UA',4902,55097,221800
'14UA',4902,55097,224800
'14UA',4902,55097,231800
'14UA',4902,55097,234700
'14UA',4902,55097,241600
'14UA',4902,55097,244400
'14UA',4902,55097,251200
'14UF1',4902,55097,51700
'14UF1',4902,55097,54200
'14UF1',4902,55097,60200
'14UF1',4902,55097,62000
'14UF1',4902,55097,63800
'14UF1',4902,55097,65700
'14UF1',4902,55097,71300
'14UF1',4902,55097,73000
'14UF1',4902,55097,74500
'14UF1',4902,55097,80000
'14UF1',4902,55097,81400
'14UF1',4902,55097,83100
'14UF1',4902,55097,84600
'14UF1',4902,55097,90200
'14UF1',4902,55097,91700
'14UF1',4902,55097,93300
'14UF1',4902,55097,94900
'14UF1',4902,55097,100700
'14UF1',4902,55097,102700
'14UF1',4902,55097,104600
'14UF1',4902,55097,110700
'14UF1',4902,55097,112700
'14UF1',4902,55097,114800
'14UF1',4902,55097,120700
'14UF1',4902,55097,122700
'14UF1',4902,55097,124700
'14UF1',4902,55097,130700
'14UF1',4902,55097,132700
'14UF1',4902,55097,134700
'14UF1',4902,55097,140700
'14UF1',4902,55097,142700
'14UF1',4902,55097,144700
'14UF1',4902,55097,150700
'14UF1',4902,55097,152700
'14UF1',4902,55097,154700
'14UF1',4902,55097,160700
'14UF1',4902,55097,162700
'14UF1',4902,55097,164700
'14UF1',4902,55097,170800
'14UF1',4902,55097,172800
'14UF1',4902,55097,174700
'14UF1',4902,55097,180700
'14UF1',4902,55097,182600
'14UF1',4902,55097,184500
'14UF1',4902,55097,190500
'14UF1',4902,55097,192600
'14UF1',4902,55097,195000
'14UF1',4902,55097,201900
'14UF1',4902,55097,204800
'14UF1',4902,55097,211800
'14UF1',4902,55097,214800
'14UF1',4902,55097,221800
'14UF1',4902,55097,224800
'14UF1',4902,55097,231800
'14UF1',4902,55097,234700
'14UF1',4902,55097,241600
'14UF1',4902,55097,244500
'14UF2',4902,55097,51700
'14UF2',4902,55097,54200
'14UF2',4902,55097,60200
'14UF2',4902,55097,62000
'14UF2',4902,55097,63800
'14UF2',4902,55097,65700
'14UF2',4902,55097,71300
'14UF2',4902,55097,73000
'14UF2',4902,55097,74500
'14UF2',4902,55097,80000
'14UF2',4902,55097,81400
'14UF2',4902,55097,83100
'14UF2',4902,55097,84600
'14UF2',4902,55097,90200
'14UF2',4902,55097,91700
'14UF2',4902,55097,93300
'14UF2',4902,55097,94900
'14UF2',4902,55097,100700
'14UF2',4902,55097,102700
'14UF2',4902,55097,104600
'14UF2',4902,55097,110700
'14UF2',4902,55097,112700
'14UF2',4902,55097,114800
'14UF2',4902,55097,120700
'14UF2',4902,55097,122700
'14UF2',4902,55097,124700
'14UF2',4902,55097,130700
'14UF2',4902,55097,132700
'14UF2',4902,55097,134700
'14UF2',4902,55097,140700
'14UF2',4902,55097,142700
'14UF2',4902,55097,144700
'14UF2',4902,55097,150700
'14UF2',4902,55097,152700
'14UF2',4902,55097,154700
'14UF2',4902,55097,160700
'14UF2',4902,55097,162700
'14UF2',4902,55097,164700
'14UF2',4902,55097,170800
'14UF2',4902,55097,172800
'14UF2',4902,55097,174700
'14UF2',4902,55097,180700
'14UF2',4902,55097,182600
'14UF2',4902,55097,184500
'14UF2',4902,55097,190500
'14UF2',4902,55097,192600
'14UF2',4902,55097,195000
'14UF2',4902,55097,201900
'14UF2',4902,55097,204800
'14UF2',4902,55097,211800
'14UF2',4902,55097,214800
'14UF2',4902,55097,221800
'14UF2',4902,55097,224800
'14UF2',4902,55097,231800
'14UF2',4902,55097,234700
'14UF2',4902,55097,241600
'14UF2',4902,55097,244500
'14UI',4902,55097,51800
'14UI',4902,55097,54700
'14UI',4902,55097,61500
'14UI',4902,55097,64400
'14UI',4902,55097,71400
'14UI',4902,55097,74300
'14UI',4902,55097,81100
'14UI',4902,55097,84200
'14UI',4902,55097,90800
'14UI',4902,55097,92300
'14UI',4902,55097,93500
'14UI',4902,55097,94700
'14UI',4902,55097,95800
'14UI',4902,55097,101000
'14UI',4902,55097,102200
'14UI',4902,55097,103500
'14UI',4902,55097,105000
'14UI',4902,55097,110600
'14UI',4902,55097,112500
'14UI',4902,55097,114400
'14UI',4902,55097,120300
'14UI',4902,55097,122200
'14UI',4902,55097,124100
'14UI',4902,55097,130000
'14UI',4902,55097,132000
'14UI',4902,55097,134000
'14UI',4902,55097,140000
'14UI',4902,55097,142000
'14UI',4902,55097,144000
'14UI',4902,55097,150000
'14UI',4902,55097,152000
'14UI',4902,55097,154000
'14UI',4902,55097,160000
'14UI',4902,55097,162000
'14UI',4902,55097,164000
'14UI',4902,55097,170000
'14UI',4902,55097,172000
'14UI',4902,55097,174000
'14UI',4902,55097,180100
'14UI',4902,55097,182200
'14UI',4902,55097,184300
'14UI',4902,55097,190300
'14UI',4902,55097,192400
'14UI',4902,55097,194500
'14UI',4902,55097,200600
'14UI',4902,55097,202800
'14UI',4902,55097,205000
'14UI',4902,55097,211200
'14UI',4902,55097,213400
'14UI',4902,55097,215700
'14UI',4902,55097,222000
'14UI',4902,55097,225000
'14UI',4902,55097,232000
'14UI',4902,55097,234800
'14UI',4902,55097,241600
'14UI',4902,55097,244600
'14US',4902,55097,50200
'14US',4902,55097,51200
'14US',4902,55097,52200
'14US',4902,55097,53200
'14US',4902,55097,54200
'14US',4902,55097,54700
'14US',4902,55097,55200
'14US',4902,55097,60200
'14US',4902,55097,61200
'14US',4902,55097,62500
'14US',4902,55097,63600
'14US',4902,55097,64700
'14US',4902,55097,65700
'14US',4902,55097,70800
'14US',4902,55097,71900
'14US',4902,55097,72900
'14US',4902,55097,73900
'14US',4902,55097,74900
'14US',4902,55097,75900
'14US',4902,55097,80800
'14US',4902,55097,81800
'14US',4902,55097,82800
'14US',4902,55097,83800
'14US',4902,55097,84800
'14US',4902,55097,85700
'14US',4902,55097,90700
'14US',4902,55097,91600
'14US',4902,55097,92600
'14US',4902,55097,93600
'14US',4902,55097,94600
'14US',4902,55097,95600
'14US',4902,55097,100600
'14US',4902,55097,101600
'14US',4902,55097,102600
'14US',4902,55097,103600
'14US',4902,55097,104600
'14US',4902,55097,105600
'14US',4902,55097,110600
'14US',4902,55097,111600
'14US',4902,55097,112600
'14US',4902,55097,113600
'14US',4902,55097,114600
'14US',4902,55097,115600
'14US',4902,55097,120600
'14US',4902,55097,121600
'14US',4902,55097,122600
'14US',4902,55097,123600
'14US',4902,55097,124600
'14US',4902,55097,125600
'14US',4902,55097,130600
'14US',4902,55097,131600
'14US',4902,55097,132600
'14US',4902,55097,133600
'14US',4902,55097,134600
'14US',4902,55097,135600
'14US',4902,55097,140600
'14US',4902,55097,141600
'14US',4902,55097,142600
'14US',4902,55097,143700
'14US',4902,55097,145700
'14US',4902,55097,151600
'14US',4902,55097,153500
'14US',4902,55097,155400
'14US',4902,55097,161500
'14US',4902,55097,163300
'14US',4902,55097,165300
'14US',4902,55097,171400
'14US',4902,55097,173500
'14US',4902,55097,175900
'14US',4902,55097,182300
'14US',4902,55097,184900
'14US',4902,55097,191700
'14US',4902,55097,194700
'14US',4902,55097,201700
'14US',4902,55097,204700
'14US',4902,55097,211700
'14US',4902,55097,214700
'14US',4902,55097,221700
'14US',4902,55097,224400
'14US',4902,55097,231300
'14US',4902,55097,234300
'14US',4902,55097,241300
'14US',4902,55097,244200
'14UA',4802,55097,50700
'14UA',4802,55097,53900
'14UA',4802,55097,60700
'14UA',4802,55097,63700
'14UA',4802,55097,65200
'14UA',4802,55097,70800
'14UA',4802,55097,72500
'14UA',4802,55097,73800
'14UA',4802,55097,75300
'14UA',4802,55097,81000
'14UA',4802,55097,82300
'14UA',4802,55097,83700
'14UA',4802,55097,85500
'14UA',4802,55097,90900
'14UA',4802,55097,92300
'14UA',4802,55097,93800
'14UA',4802,55097,94900
'14UA',4802,55097,100200
'14UA',4802,55097,101700
'14UA',4802,55097,102800
'14UA',4802,55097,104100
'14UA',4802,55097,105600
'14UA',4802,55097,110600
'14UA',4802,55097,111800
'14UA',4802,55097,113300
'14UA',4802,55097,114400
'14UA',4802,55097,115700
'14UA',4802,55097,121100
'14UA',4802,55097,122100
'14UA',4802,55097,123400
'14UA',4802,55097,125000
'14UA',4802,55097,130200
'14UA',4802,55097,131500
'14UA',4802,55097,133200
'14UA',4802,55097,134200
'14UA',4802,55097,135600
'14UA',4802,55097,141300
'14UA',4802,55097,142500
'14UA',4802,55097,144200
'14UA',4802,55097,145300
'14UA',4802,55097,151100
'14UA',4802,55097,152300
'14UA',4802,55097,154100
'14UA',4802,55097,155300
'14UA',4802,55097,161100
'14UA',4802,55097,162300
'14UA',4802,55097,164200
'14UA',4802,55097,165300
'14UA',4802,55097,171100
'14UA',4802,55097,172300
'14UA',4802,55097,174100
'14UA',4802,55097,175300
'14UA',4802,55097,181100
'14UA',4802,55097,182300
'14UA',4802,55097,184100
'14UA',4802,55097,185300
'14UA',4802,55097,190800
'14UA',4802,55097,192600
'14UA',4802,55097,194000
'14UA',4802,55097,195800
'14UA',4802,55097,201900
'14UA',4802,55097,203400
'14UA',4802,55097,205200
'14UA',4802,55097,211300
'14UA',4802,55097,213600
'14UA',4802,55097,220400
'14UA',4802,55097,222900
'14UA',4802,55097,230100
'14UA',4802,55097,232900
'14UA',4802,55097,240200
'14UA',4802,55097,243000
'14UA',4802,55097,250200
'14UA',4802,55097,253000
'14UF1',4802,55097,50700
'14UF1',4802,55097,53900
'14UF1',4802,55097,60700
'14UF1',4802,55097,63700
'14UF1',4802,55097,65200
'14UF1',4802,55097,70800
'14UF1',4802,55097,72500
'14UF1',4802,55097,73800
'14UF1',4802,55097,75300
'14UF1',4802,55097,81000
'14UF1',4802,55097,82300
'14UF1',4802,55097,83700
'14UF1',4802,55097,85500
'14UF1',4802,55097,90900
'14UF1',4802,55097,92300
'14UF1',4802,55097,93800
'14UF1',4802,55097,94900
'14UF1',4802,55097,100200
'14UF1',4802,55097,101700
'14UF1',4802,55097,102800
'14UF1',4802,55097,104100
'14UF1',4802,55097,105600
'14UF1',4802,55097,110600
'14UF1',4802,55097,111800
'14UF1',4802,55097,113300
'14UF1',4802,55097,114400
'14UF1',4802,55097,115700
'14UF1',4802,55097,121100
'14UF1',4802,55097,122100
'14UF1',4802,55097,123400
'14UF1',4802,55097,125000
'14UF1',4802,55097,130200
'14UF1',4802,55097,131500
'14UF1',4802,55097,133200
'14UF1',4802,55097,134200
'14UF1',4802,55097,135600
'14UF1',4802,55097,141300
'14UF1',4802,55097,142500
'14UF1',4802,55097,144200
'14UF1',4802,55097,145300
'14UF1',4802,55097,151100
'14UF1',4802,55097,152300
'14UF1',4802,55097,154100
'14UF1',4802,55097,155300
'14UF1',4802,55097,161100
'14UF1',4802,55097,162300
'14UF1',4802,55097,164200
'14UF1',4802,55097,165300
'14UF1',4802,55097,171100
'14UF1',4802,55097,172300
'14UF1',4802,55097,174100
'14UF1',4802,55097,175300
'14UF1',4802,55097,181100
'14UF1',4802,55097,182300
'14UF1',4802,55097,184100
'14UF1',4802,55097,185300
'14UF1',4802,55097,190800
'14UF1',4802,55097,192600
'14UF1',4802,55097,194000
'14UF1',4802,55097,195800
'14UF1',4802,55097,201900
'14UF1',4802,55097,203400
'14UF1',4802,55097,205200
'14UF1',4802,55097,211300
'14UF1',4802,55097,213600
'14UF1',4802,55097,220400
'14UF1',4802,55097,222900
'14UF1',4802,55097,230100
'14UF1',4802,55097,232900
'14UF1',4802,55097,240200
'14UF1',4802,55097,243000
'14UF1',4802,55097,250800
'14UF2',4802,55097,50700
'14UF2',4802,55097,53900
'14UF2',4802,55097,60700
'14UF2',4802,55097,63700
'14UF2',4802,55097,65200
'14UF2',4802,55097,70800
'14UF2',4802,55097,72500
'14UF2',4802,55097,73800
'14UF2',4802,55097,75300
'14UF2',4802,55097,81000
'14UF2',4802,55097,82300
'14UF2',4802,55097,83700
'14UF2',4802,55097,85500
'14UF2',4802,55097,90900
'14UF2',4802,55097,92300
'14UF2',4802,55097,93800
'14UF2',4802,55097,94900
'14UF2',4802,55097,100200
'14UF2',4802,55097,101700
'14UF2',4802,55097,102800
'14UF2',4802,55097,104100
'14UF2',4802,55097,105600
'14UF2',4802,55097,110600
'14UF2',4802,55097,111800
'14UF2',4802,55097,113300
'14UF2',4802,55097,114400
'14UF2',4802,55097,115700
'14UF2',4802,55097,121100
'14UF2',4802,55097,122100
'14UF2',4802,55097,123400
'14UF2',4802,55097,125000
'14UF2',4802,55097,130200
'14UF2',4802,55097,131500
'14UF2',4802,55097,133200
'14UF2',4802,55097,134200
'14UF2',4802,55097,135600
'14UF2',4802,55097,141300
'14UF2',4802,55097,142500
'14UF2',4802,55097,144200
'14UF2',4802,55097,145300
'14UF2',4802,55097,151100
'14UF2',4802,55097,152300
'14UF2',4802,55097,154100
'14UF2',4802,55097,155300
'14UF2',4802,55097,161100
'14UF2',4802,55097,162300
'14UF2',4802,55097,164200
'14UF2',4802,55097,165300
'14UF2',4802,55097,171100
'14UF2',4802,55097,172300
'14UF2',4802,55097,174100
'14UF2',4802,55097,175300
'14UF2',4802,55097,181100
'14UF2',4802,55097,182300
'14UF2',4802,55097,184100
'14UF2',4802,55097,185300
'14UF2',4802,55097,190800
'14UF2',4802,55097,192600
'14UF2',4802,55097,194000
'14UF2',4802,55097,195800
'14UF2',4802,55097,201900
'14UF2',4802,55097,203400
'14UF2',4802,55097,205200
'14UF2',4802,55097,211300
'14UF2',4802,55097,213600
'14UF2',4802,55097,220400
'14UF2',4802,55097,222900
'14UF2',4802,55097,230100
'14UF2',4802,55097,232900
'14UF2',4802,55097,240200
'14UF2',4802,55097,243000
'14UF2',4802,55097,250800
'14UI',4802,55097,50600
'14UI',4802,55097,53800
'14UI',4802,55097,55600
'14UI',4802,55097,61600
'14UI',4802,55097,63500
'14UI',4802,55097,65000
'14UI',4802,55097,70600
'14UI',4802,55097,72300
'14UI',4802,55097,74000
'14UI',4802,55097,75300
'14UI',4802,55097,80800
'14UI',4802,55097,82400
'14UI',4802,55097,84100
'14UI',4802,55097,85400
'14UI',4802,55097,91000
'14UI',4802,55097,92600
'14UI',4802,55097,94400
'14UI',4802,55097,95600
'14UI',4802,55097,101100
'14UI',4802,55097,102900
'14UI',4802,55097,103900
'14UI',4802,55097,105100
'14UI',4802,55097,110600
'14UI',4802,55097,111500
'14UI',4802,55097,112800
'14UI',4802,55097,114500
'14UI',4802,55097,115600
'14UI',4802,55097,121100
'14UI',4802,55097,122900
'14UI',4802,55097,124100
'14UI',4802,55097,125600
'14UI',4802,55097,131300
'14UI',4802,55097,132500
'14UI',4802,55097,134200
'14UI',4802,55097,135300
'14UI',4802,55097,141000
'14UI',4802,55097,142100
'14UI',4802,55097,143800
'14UI',4802,55097,144900
'14UI',4802,55097,150600
'14UI',4802,55097,151700
'14UI',4802,55097,153600
'14UI',4802,55097,154900
'14UI',4802,55097,160800
'14UI',4802,55097,162000
'14UI',4802,55097,163600
'14UI',4802,55097,164600
'14UI',4802,55097,165700
'14UI',4802,55097,171000
'14UI',4802,55097,171800
'14UI',4802,55097,173900
'14UI',4802,55097,175600
'14UI',4802,55097,181900
'14UI',4802,55097,183800
'14UI',4802,55097,190200
'14UI',4802,55097,192100
'14UI',4802,55097,194600
'14UI',4802,55097,200400
'14UI',4802,55097,202800
'14UI',4802,55097,204600
'14UI',4802,55097,211000
'14UI',4802,55097,213000
'14UI',4802,55097,215500
'14UI',4802,55097,221800
'14UI',4802,55097,224900
'14UI',4802,55097,231300
'14UI',4802,55097,234200
'14UI',4802,55097,240700
'14UI',4802,55097,243800
'14UI',4802,55097,250400
'14US',4802,55097,44800
'14US',4802,55097,50200
'14US',4802,55097,51200
'14US',4802,55097,52500
'14US',4802,55097,53300
'14US',4802,55097,54300
'14US',4802,55097,55400
'14US',4802,55097,60700
'14US',4802,55097,61400
'14US',4802,55097,62400
'14US',4802,55097,63200
'14US',4802,55097,64400
'14US',4802,55097,64800
'14US',4802,55097,65600
'14US',4802,55097,70200
'14US',4802,55097,70800
'14US',4802,55097,71400
'14US',4802,55097,72300
'14US',4802,55097,72900
'14US',4802,55097,73900
'14US',4802,55097,75200
'14US',4802,55097,75900
'14US',4802,55097,80900
'14US',4802,55097,81900
'14US',4802,55097,83200
'14US',4802,55097,83900
'14US',4802,55097,84900
'14US',4802,55097,90200
'14US',4802,55097,90800
'14US',4802,55097,91800
'14US',4802,55097,93200
'14US',4802,55097,93800
'14US',4802,55097,94800
'14US',4802,55097,100200
'14US',4802,55097,100800
'14US',4802,55097,101800
'14US',4802,55097,103200
'14US',4802,55097,103800
'14US',4802,55097,104800
'14US',4802,55097,110200
'14US',4802,55097,110800
'14US',4802,55097,111800
'14US',4802,55097,113200
'14US',4802,55097,113800
'14US',4802,55097,114800
'14US',4802,55097,120200
'14US',4802,55097,120800
'14US',4802,55097,121800
'14US',4802,55097,123200
'14US',4802,55097,123800
'14US',4802,55097,124800
'14US',4802,55097,130200
'14US',4802,55097,130800
'14US',4802,55097,131900
'14US',4802,55097,133200
'14US',4802,55097,133900
'14US',4802,55097,134900
'14US',4802,55097,140200
'14US',4802,55097,140900
'14US',4802,55097,141900
'14US',4802,55097,143200
'14US',4802,55097,143800
'14US',4802,55097,145100
'14US',4802,55097,150900
'14US',4802,55097,152200
'14US',4802,55097,153800
'14US',4802,55097,154900
'14US',4802,55097,160700
'14US',4802,55097,161900
'14US',4802,55097,163800
'14US',4802,55097,165000
'14US',4802,55097,170800
'14US',4802,55097,172000
'14US',4802,55097,173800
'14US',4802,55097,174900
'14US',4802,55097,180700
'14US',4802,55097,181800
'14US',4802,55097,183500
'14US',4802,55097,184600
'14US',4802,55097,190000
'14US',4802,55097,191900
'14US',4802,55097,193300
'14US',4802,55097,195500
'14US',4802,55097,201100
'14US',4802,55097,204000
'14US',4802,55097,210900
'14US',4802,55097,214500
'14US',4802,55097,221000
'14US',4802,55097,224300
'14US',4802,55097,230900
'14US',4802,55097,234500
'14US',4802,55097,241600
'14US',4802,55097,245300
'14UA',14001,55097,61900
'14UA',14001,55097,65400
'14UA',14001,55097,72300
'14UA',14001,55097,75400
'14UA',14001,55097,82400
'14UA',14001,55097,85800
'14UA',14001,55097,92900
'14UA',14001,55097,100000
'14UA',14001,55097,103100
'14UA',14001,55097,110200
'14UA',14001,55097,113400
'14UA',14001,55097,120400
'14UA',14001,55097,123400
'14UA',14001,55097,130400
'14UA',14001,55097,133600
'14UA',14001,55097,140600
'14UA',14001,55097,142600
'14UA',14001,55097,144600
'14UA',14001,55097,150600
'14UA',14001,55097,152600
'14UA',14001,55097,154600
'14UA',14001,55097,160600
'14UA',14001,55097,162600
'14UA',14001,55097,164700
'14UA',14001,55097,170800
'14UA',14001,55097,172900
'14UA',14001,55097,175100
'14UA',14001,55097,181300
'14UA',14001,55097,183400
'14UA',14001,55097,185100
'14UA',14001,55097,191100
'14UA',14001,55097,193200
'14UA',14001,55097,195300
'14UA',14001,55097,202900
'14UA',14001,55097,210500
'14UA',14001,55097,214100
'14UA',14001,55097,221600
'14UA',14001,55097,224900
'14UA',14001,55097,232200
'14UA',14001,55097,235600
'14UA',14001,55097,242500
'14UA',14001,55097,245800
'14UA',14001,55097,252700
'14UA',14001,55097,260000
'14UA',14001,55097,262900
'14UF1',14001,55097,61900
'14UF1',14001,55097,65400
'14UF1',14001,55097,72300
'14UF1',14001,55097,75400
'14UF1',14001,55097,82400
'14UF1',14001,55097,85800
'14UF1',14001,55097,92900
'14UF1',14001,55097,100000
'14UF1',14001,55097,103100
'14UF1',14001,55097,110200
'14UF1',14001,55097,113400
'14UF1',14001,55097,120400
'14UF1',14001,55097,123400
'14UF1',14001,55097,130400
'14UF1',14001,55097,133600
'14UF1',14001,55097,140600
'14UF1',14001,55097,142600
'14UF1',14001,55097,144600
'14UF1',14001,55097,150600
'14UF1',14001,55097,152600
'14UF1',14001,55097,154600
'14UF1',14001,55097,160600
'14UF1',14001,55097,162600
'14UF1',14001,55097,164700
'14UF1',14001,55097,170800
'14UF1',14001,55097,172900
'14UF1',14001,55097,175100
'14UF1',14001,55097,181300
'14UF1',14001,55097,183400
'14UF1',14001,55097,185100
'14UF1',14001,55097,191100
'14UF1',14001,55097,193200
'14UF1',14001,55097,195300
'14UF1',14001,55097,202900
'14UF1',14001,55097,210500
'14UF1',14001,55097,214100
'14UF1',14001,55097,221600
'14UF1',14001,55097,224900
'14UF1',14001,55097,232200
'14UF1',14001,55097,235600
'14UF1',14001,55097,242500
'14UF1',14001,55097,245800
'14UF1',14001,55097,252700
'14UF1',14001,55097,260000
'14UF2',14001,55097,61900
'14UF2',14001,55097,65400
'14UF2',14001,55097,72300
'14UF2',14001,55097,75400
'14UF2',14001,55097,82400
'14UF2',14001,55097,85800
'14UF2',14001,55097,92900
'14UF2',14001,55097,100000
'14UF2',14001,55097,103100
'14UF2',14001,55097,110200
'14UF2',14001,55097,113400
'14UF2',14001,55097,120400
'14UF2',14001,55097,123400
'14UF2',14001,55097,130400
'14UF2',14001,55097,133600
'14UF2',14001,55097,140600
'14UF2',14001,55097,142600
'14UF2',14001,55097,144600
'14UF2',14001,55097,150600
'14UF2',14001,55097,152600
'14UF2',14001,55097,154600
'14UF2',14001,55097,160600
'14UF2',14001,55097,162600
'14UF2',14001,55097,164700
'14UF2',14001,55097,170800
'14UF2',14001,55097,172900
'14UF2',14001,55097,175100
'14UF2',14001,55097,181300
'14UF2',14001,55097,183400
'14UF2',14001,55097,185100
'14UF2',14001,55097,191100
'14UF2',14001,55097,193200
'14UF2',14001,55097,195300
'14UF2',14001,55097,202900
'14UF2',14001,55097,210500
'14UF2',14001,55097,214100
'14UF2',14001,55097,221600
'14UF2',14001,55097,224900
'14UF2',14001,55097,232200
'14UF2',14001,55097,235600
'14UF2',14001,55097,242500
'14UF2',14001,55097,245800
'14UF2',14001,55097,252700
'14UF2',14001,55097,260000
'14UI',14001,55097,62600
'14UI',14001,55097,65800
'14UI',14001,55097,72900
'14UI',14001,55097,80100
'14UI',14001,55097,83200
'14UI',14001,55097,90900
'14UI',14001,55097,94400
'14UI',14001,55097,100900
'14UI',14001,55097,103500
'14UI',14001,55097,110000
'14UI',14001,55097,112500
'14UI',14001,55097,115200
'14UI',14001,55097,121700
'14UI',14001,55097,124300
'14UI',14001,55097,130000
'14UI',14001,55097,132300
'14UI',14001,55097,135300
'14UI',14001,55097,142200
'14UI',14001,55097,144700
'14UI',14001,55097,151500
'14UI',14001,55097,154500
'14UI',14001,55097,160900
'14UI',14001,55097,163600
'14UI',14001,55097,170600
'14UI',14001,55097,172800
'14UI',14001,55097,175500
'14UI',14001,55097,182200
'14UI',14001,55097,184400
'14UI',14001,55097,190800
'14UI',14001,55097,193400
'14UI',14001,55097,195700
'14UI',14001,55097,202100
'14UI',14001,55097,204500
'14UI',14001,55097,210800
'14UI',14001,55097,214200
'14UI',14001,55097,221800
'14UI',14001,55097,224900
'14UI',14001,55097,232300
'14UI',14001,55097,235200
'14UI',14001,55097,242500
'14UI',14001,55097,245300
'14UI',14001,55097,252500
'14UI',14001,55097,255400
'14US',14001,55097,60500
'14US',14001,55097,63500
'14US',14001,55097,70500
'14US',14001,55097,74100
'14US',14001,55097,81100
'14US',14001,55097,84100
'14US',14001,55097,91100
'14US',14001,55097,94100
'14US',14001,55097,101100
'14US',14001,55097,104200
'14US',14001,55097,111000
'14US',14001,55097,113900
'14US',14001,55097,120700
'14US',14001,55097,123700
'14US',14001,55097,125700
'14US',14001,55097,131700
'14US',14001,55097,133900
'14US',14001,55097,135900
'14US',14001,55097,142000
'14US',14001,55097,144000
'14US',14001,55097,150100
'14US',14001,55097,152300
'14US',14001,55097,154400
'14US',14001,55097,160700
'14US',14001,55097,163100
'14US',14001,55097,165500
'14US',14001,55097,171300
'14US',14001,55097,173200
'14US',14001,55097,175300
'14US',14001,55097,181000
'14US',14001,55097,183700
'14US',14001,55097,190300
'14US',14001,55097,193300
'14US',14001,55097,200100
'14US',14001,55097,202900
'14US',14001,55097,205400
'14US',14001,55097,212200
'14US',14001,55097,215200
'14US',14001,55097,222200
'14US',14001,55097,225200
'14US',14001,55097,231900
'14US',14001,55097,234800
'14US',14001,55097,241800
'14US',14001,55097,245300
'14US',14001,55097,252500
'14US',14001,55097,255500
