'14NA',1703,50510,50800
'14NA',1703,50510,55600
'14NA',1703,50510,63400
'14NA',1703,50510,71100
'14NA',1703,50510,75100
'14NA',1703,50510,83100
'14NA',1703,50510,91200
'14NA',1703,50510,95500
'14NA',1703,50510,104000
'14NA',1703,50510,112400
'14NA',1703,50510,121000
'14NA',1703,50510,125500
'14NA',1703,50510,134000
'14NA',1703,50510,142500
'14NA',1703,50510,150900
'14NA',1703,50510,155200
'14NA',1703,50510,163500
'14NA',1703,50510,171600
'14NA',1703,50510,175700
'14NA',1703,50510,183700
'14NA',1703,50510,191700
'14NA',1703,50510,195700
'14NA',1703,50510,203700
'14NA',1703,50510,211700
'14NA',1703,50510,215700
'14NA',1703,50510,223500
'14NA',1703,50510,231100
'14NA',1703,50510,234700
'14NA',1703,50510,242000
'14NA',1703,50510,245200
'14NF1',1703,50510,51500
'14NF1',1703,50510,55500
'14NF1',1703,50510,63000
'14NF1',1703,50510,70600
'14NF1',1703,50510,74300
'14NF1',1703,50510,82000
'14NF1',1703,50510,85900
'14NF1',1703,50510,93900
'14NF1',1703,50510,101900
'14NF1',1703,50510,110100
'14NF1',1703,50510,114300
'14NF1',1703,50510,122700
'14NF1',1703,50510,131000
'14NF1',1703,50510,135600
'14NF1',1703,50510,144100
'14NF1',1703,50510,152600
'14NF1',1703,50510,161100
'14NF1',1703,50510,165600
'14NF1',1703,50510,174100
'14NF1',1703,50510,182200
'14NF1',1703,50510,190300
'14NF1',1703,50510,194400
'14NF1',1703,50510,202100
'14NF1',1703,50510,205700
'14NF1',1703,50510,213300
'14NF1',1703,50510,220800
'14NF1',1703,50510,224300
'14NF1',1703,50510,231800
'14NF1',1703,50510,235100
'14NF1',1703,50510,242300
'14NF1',1703,50510,245300
'14NF2',1703,50510,50800
'14NF2',1703,50510,55600
'14NF2',1703,50510,63400
'14NF2',1703,50510,71100
'14NF2',1703,50510,75100
'14NF2',1703,50510,83100
'14NF2',1703,50510,91200
'14NF2',1703,50510,95500
'14NF2',1703,50510,104000
'14NF2',1703,50510,112400
'14NF2',1703,50510,121000
'14NF2',1703,50510,125500
'14NF2',1703,50510,134000
'14NF2',1703,50510,142500
'14NF2',1703,50510,150900
'14NF2',1703,50510,155200
'14NF2',1703,50510,163500
'14NF2',1703,50510,171600
'14NF2',1703,50510,175700
'14NF2',1703,50510,183700
'14NF2',1703,50510,191700
'14NF2',1703,50510,195700
'14NF2',1703,50510,203700
'14NF2',1703,50510,211700
'14NF2',1703,50510,215700
'14NF2',1703,50510,223500
'14NF2',1703,50510,231100
'14NF2',1703,50510,234700
'14NF2',1703,50510,242000
'14NF2',1703,50510,245200
'14NF3',1703,50510,51500
'14NF3',1703,50510,55500
'14NF3',1703,50510,63000
'14NF3',1703,50510,70600
'14NF3',1703,50510,74300
'14NF3',1703,50510,82000
'14NF3',1703,50510,85900
'14NF3',1703,50510,93900
'14NF3',1703,50510,101900
'14NF3',1703,50510,110100
'14NF3',1703,50510,114300
'14NF3',1703,50510,122700
'14NF3',1703,50510,131000
'14NF3',1703,50510,135600
'14NF3',1703,50510,144100
'14NF3',1703,50510,152600
'14NF3',1703,50510,161100
'14NF3',1703,50510,165600
'14NF3',1703,50510,174100
'14NF3',1703,50510,182200
'14NF3',1703,50510,190300
'14NF3',1703,50510,194400
'14NF3',1703,50510,202100
'14NF3',1703,50510,205700
'14NF3',1703,50510,213300
'14NF3',1703,50510,220800
'14NF3',1703,50510,224300
'14NF3',1703,50510,231800
'14NF3',1703,50510,235100
'14NF3',1703,50510,242300
'14NF3',1703,50510,245300
'14NF4',1703,50510,50800
'14NF4',1703,50510,55600
'14NF4',1703,50510,63400
'14NF4',1703,50510,71100
'14NF4',1703,50510,75100
'14NF4',1703,50510,83100
'14NF4',1703,50510,91200
'14NF4',1703,50510,95500
'14NF4',1703,50510,104000
'14NF4',1703,50510,112400
'14NF4',1703,50510,121000
'14NF4',1703,50510,125500
'14NF4',1703,50510,134000
'14NF4',1703,50510,142500
'14NF4',1703,50510,150900
'14NF4',1703,50510,155200
'14NF4',1703,50510,163500
'14NF4',1703,50510,171600
'14NF4',1703,50510,175700
'14NF4',1703,50510,183700
'14NF4',1703,50510,191700
'14NF4',1703,50510,195700
'14NF4',1703,50510,203700
'14NF4',1703,50510,211700
'14NF4',1703,50510,215700
'14NF4',1703,50510,223500
'14NF4',1703,50510,231100
'14NF4',1703,50510,234700
'14NF4',1703,50510,242000
'14NF4',1703,50510,245200
'14NI',1703,50510,51500
'14NI',1703,50510,55500
'14NI',1703,50510,63000
'14NI',1703,50510,70600
'14NI',1703,50510,74300
'14NI',1703,50510,82000
'14NI',1703,50510,85900
'14NI',1703,50510,93900
'14NI',1703,50510,101900
'14NI',1703,50510,110100
'14NI',1703,50510,114300
'14NI',1703,50510,122700
'14NI',1703,50510,131000
'14NI',1703,50510,135600
'14NI',1703,50510,144100
'14NI',1703,50510,152600
'14NI',1703,50510,161100
'14NI',1703,50510,165600
'14NI',1703,50510,174100
'14NI',1703,50510,182200
'14NI',1703,50510,190300
'14NI',1703,50510,194400
'14NI',1703,50510,202100
'14NI',1703,50510,205700
'14NI',1703,50510,213300
'14NI',1703,50510,220800
'14NI',1703,50510,224300
'14NI',1703,50510,231800
'14NI',1703,50510,235100
'14NI',1703,50510,242300
'14NI',1703,50510,245300
'14NS',1703,50510,51100
'14NS',1703,50510,54300
'14NS',1703,50510,60900
'14NS',1703,50510,63800
'14NS',1703,50510,70900
'14NS',1703,50510,74200
'14NS',1703,50510,82000
'14NS',1703,50510,85600
'14NS',1703,50510,93000
'14NS',1703,50510,100500
'14NS',1703,50510,104000
'14NS',1703,50510,111300
'14NS',1703,50510,114600
'14NS',1703,50510,122100
'14NS',1703,50510,125400
'14NS',1703,50510,132700
'14NS',1703,50510,135900
'14NS',1703,50510,143600
'14NS',1703,50510,151100
'14NS',1703,50510,154600
'14NS',1703,50510,161900
'14NS',1703,50510,164900
'14NS',1703,50510,171900
'14NS',1703,50510,174900
'14NS',1703,50510,181900
'14NS',1703,50510,184800
'14NS',1703,50510,191700
'14NS',1703,50510,194700
'14NS',1703,50510,201900
'14NS',1703,50510,205600
'14NS',1703,50510,213400
'14NS',1703,50510,221200
'14NS',1703,50510,224800
'14NS',1703,50510,232100
'14NS',1703,50510,235300
'14NS',1703,50510,242400
'14NS',1703,50510,245400
'14NA',9201,50510,54500
'14NA',9201,50510,61500
'14NA',9201,50510,64500
'14NA',9201,50510,71500
'14NA',9201,50510,74500
'14NA',9201,50510,81500
'14NA',9201,50510,84500
'14NA',9201,50510,91500
'14NA',9201,50510,94500
'14NA',9201,50510,101500
'14NA',9201,50510,104600
'14NA',9201,50510,111700
'14NA',9201,50510,114700
'14NA',9201,50510,121200
'14NA',9201,50510,123500
'14NA',9201,50510,125800
'14NA',9201,50510,133200
'14NA',9201,50510,140800
'14NA',9201,50510,144200
'14NA',9201,50510,151600
'14NA',9201,50510,155000
'14NA',9201,50510,162400
'14NA',9201,50510,164700
'14NA',9201,50510,170900
'14NA',9201,50510,173000
'14NA',9201,50510,180100
'14NA',9201,50510,183300
'14NA',9201,50510,190300
'14NA',9201,50510,193300
'14NA',9201,50510,200300
'14NA',9201,50510,203300
'14NA',9201,50510,210300
'14NA',9201,50510,213300
'14NA',9201,50510,220300
'14NA',9201,50510,223300
'14NA',9201,50510,230300
'14NA',9201,50510,233300
'14NA',9201,50510,240300
'14NA',9201,50510,244000
'14NF1',9201,50510,54900
'14NF1',9201,50510,61900
'14NF1',9201,50510,64900
'14NF1',9201,50510,71900
'14NF1',9201,50510,74800
'14NF1',9201,50510,81500
'14NF1',9201,50510,84200
'14NF1',9201,50510,91000
'14NF1',9201,50510,93900
'14NF1',9201,50510,100900
'14NF1',9201,50510,103900
'14NF1',9201,50510,111000
'14NF1',9201,50510,114200
'14NF1',9201,50510,121500
'14NF1',9201,50510,124900
'14NF1',9201,50510,132300
'14NF1',9201,50510,135700
'14NF1',9201,50510,143100
'14NF1',9201,50510,150500
'14NF1',9201,50510,153800
'14NF1',9201,50510,161100
'14NF1',9201,50510,164300
'14NF1',9201,50510,171600
'14NF1',9201,50510,174800
'14NF1',9201,50510,182100
'14NF1',9201,50510,185400
'14NF1',9201,50510,192500
'14NF1',9201,50510,195700
'14NF1',9201,50510,202800
'14NF1',9201,50510,205800
'14NF1',9201,50510,212800
'14NF1',9201,50510,215800
'14NF1',9201,50510,222900
'14NF1',9201,50510,230100
'14NF1',9201,50510,233400
'14NF1',9201,50510,240700
'14NF1',9201,50510,244000
'14NF2',9201,50510,54500
'14NF2',9201,50510,61500
'14NF2',9201,50510,64500
'14NF2',9201,50510,71500
'14NF2',9201,50510,74500
'14NF2',9201,50510,81500
'14NF2',9201,50510,84500
'14NF2',9201,50510,91500
'14NF2',9201,50510,94500
'14NF2',9201,50510,101500
'14NF2',9201,50510,104600
'14NF2',9201,50510,111700
'14NF2',9201,50510,114700
'14NF2',9201,50510,121200
'14NF2',9201,50510,123500
'14NF2',9201,50510,125800
'14NF2',9201,50510,133200
'14NF2',9201,50510,140800
'14NF2',9201,50510,144200
'14NF2',9201,50510,151600
'14NF2',9201,50510,155000
'14NF2',9201,50510,162400
'14NF2',9201,50510,164700
'14NF2',9201,50510,170900
'14NF2',9201,50510,173000
'14NF2',9201,50510,180100
'14NF2',9201,50510,183300
'14NF2',9201,50510,190300
'14NF2',9201,50510,193300
'14NF2',9201,50510,200300
'14NF2',9201,50510,203300
'14NF2',9201,50510,210300
'14NF2',9201,50510,213300
'14NF2',9201,50510,220300
'14NF2',9201,50510,223300
'14NF2',9201,50510,230300
'14NF2',9201,50510,233300
'14NF2',9201,50510,240300
'14NF2',9201,50510,244000
'14NF3',9201,50510,54900
'14NF3',9201,50510,61900
'14NF3',9201,50510,64900
'14NF3',9201,50510,71900
'14NF3',9201,50510,74800
'14NF3',9201,50510,81500
'14NF3',9201,50510,84200
'14NF3',9201,50510,91000
'14NF3',9201,50510,93900
'14NF3',9201,50510,100900
'14NF3',9201,50510,103900
'14NF3',9201,50510,111000
'14NF3',9201,50510,114200
'14NF3',9201,50510,121500
'14NF3',9201,50510,124900
'14NF3',9201,50510,132300
'14NF3',9201,50510,135700
'14NF3',9201,50510,143100
'14NF3',9201,50510,150500
'14NF3',9201,50510,153800
'14NF3',9201,50510,161100
'14NF3',9201,50510,164300
'14NF3',9201,50510,171600
'14NF3',9201,50510,174800
'14NF3',9201,50510,182100
'14NF3',9201,50510,185400
'14NF3',9201,50510,192500
'14NF3',9201,50510,195700
'14NF3',9201,50510,202800
'14NF3',9201,50510,205800
'14NF3',9201,50510,212800
'14NF3',9201,50510,215800
'14NF3',9201,50510,222900
'14NF3',9201,50510,230100
'14NF3',9201,50510,233400
'14NF3',9201,50510,240700
'14NF3',9201,50510,244000
'14NF4',9201,50510,54500
'14NF4',9201,50510,61500
'14NF4',9201,50510,64500
'14NF4',9201,50510,71500
'14NF4',9201,50510,74500
'14NF4',9201,50510,81500
'14NF4',9201,50510,84500
'14NF4',9201,50510,91500
'14NF4',9201,50510,94500
'14NF4',9201,50510,101500
'14NF4',9201,50510,104600
'14NF4',9201,50510,111700
'14NF4',9201,50510,114700
'14NF4',9201,50510,121200
'14NF4',9201,50510,123500
'14NF4',9201,50510,125800
'14NF4',9201,50510,133200
'14NF4',9201,50510,140800
'14NF4',9201,50510,144200
'14NF4',9201,50510,151600
'14NF4',9201,50510,155000
'14NF4',9201,50510,162400
'14NF4',9201,50510,164700
'14NF4',9201,50510,170900
'14NF4',9201,50510,173000
'14NF4',9201,50510,180100
'14NF4',9201,50510,183300
'14NF4',9201,50510,190300
'14NF4',9201,50510,193300
'14NF4',9201,50510,200300
'14NF4',9201,50510,203300
'14NF4',9201,50510,210300
'14NF4',9201,50510,213300
'14NF4',9201,50510,220300
'14NF4',9201,50510,223300
'14NF4',9201,50510,230300
'14NF4',9201,50510,233300
'14NF4',9201,50510,240300
'14NF4',9201,50510,244000
'14NI',9201,50510,54900
'14NI',9201,50510,61900
'14NI',9201,50510,64900
'14NI',9201,50510,71900
'14NI',9201,50510,74800
'14NI',9201,50510,81500
'14NI',9201,50510,84200
'14NI',9201,50510,91000
'14NI',9201,50510,93900
'14NI',9201,50510,100900
'14NI',9201,50510,103900
'14NI',9201,50510,111000
'14NI',9201,50510,114200
'14NI',9201,50510,121500
'14NI',9201,50510,124900
'14NI',9201,50510,132300
'14NI',9201,50510,135700
'14NI',9201,50510,143100
'14NI',9201,50510,150500
'14NI',9201,50510,153800
'14NI',9201,50510,161100
'14NI',9201,50510,164300
'14NI',9201,50510,171600
'14NI',9201,50510,174800
'14NI',9201,50510,182100
'14NI',9201,50510,185400
'14NI',9201,50510,192500
'14NI',9201,50510,195700
'14NI',9201,50510,202800
'14NI',9201,50510,205800
'14NI',9201,50510,212800
'14NI',9201,50510,215800
'14NI',9201,50510,222900
'14NI',9201,50510,230100
'14NI',9201,50510,233400
'14NI',9201,50510,240700
'14NI',9201,50510,244000
'14NS',9201,50510,54700
'14NS',9201,50510,61800
'14NS',9201,50510,64900
'14NS',9201,50510,71900
'14NS',9201,50510,73900
'14NS',9201,50510,75900
'14NS',9201,50510,83000
'14NS',9201,50510,90200
'14NS',9201,50510,93300
'14NS',9201,50510,100500
'14NS',9201,50510,103600
'14NS',9201,50510,110800
'14NS',9201,50510,114000
'14NS',9201,50510,121300
'14NS',9201,50510,124600
'14NS',9201,50510,131900
'14NS',9201,50510,135200
'14NS',9201,50510,141400
'14NS',9201,50510,143600
'14NS',9201,50510,145800
'14NS',9201,50510,152100
'14NS',9201,50510,154700
'14NS',9201,50510,161300
'14NS',9201,50510,163800
'14NS',9201,50510,170400
'14NS',9201,50510,173000
'14NS',9201,50510,175600
'14NS',9201,50510,182700
'14NS',9201,50510,185900
'14NS',9201,50510,193100
'14NS',9201,50510,200100
'14NS',9201,50510,203100
'14NS',9201,50510,210100
'14NS',9201,50510,213100
'14NS',9201,50510,220100
'14NS',9201,50510,223100
'14NS',9201,50510,230100
'14NS',9201,50510,233200
'14NS',9201,50510,240300
'14NS',9201,50510,244000
'14NA',37103,50510,255400
'14NA',37103,50510,262400
'14NA',37103,50510,265400
'14NA',37103,50510,272500
'14NA',37103,50510,275500
'14NA',37103,50510,282500
'14NA',37103,50510,285500
'14NF1',37103,50510,255200
'14NF1',37103,50510,262300
'14NF1',37103,50510,265300
'14NF1',37103,50510,272300
'14NF1',37103,50510,275300
'14NF1',37103,50510,282300
'14NF1',37103,50510,285300
'14NF2',37103,50510,255200
'14NF2',37103,50510,262300
'14NF2',37103,50510,265300
'14NF2',37103,50510,272300
'14NF2',37103,50510,275300
'14NF2',37103,50510,282300
'14NF2',37103,50510,285300
'14NF3',37103,50510,255200
'14NF3',37103,50510,262300
'14NF3',37103,50510,265300
'14NF3',37103,50510,272300
'14NF3',37103,50510,275300
'14NF3',37103,50510,282300
'14NF3',37103,50510,285300
'14NF4',37103,50510,255200
'14NF4',37103,50510,262300
'14NF4',37103,50510,265300
'14NF4',37103,50510,272300
'14NF4',37103,50510,275300
'14NF4',37103,50510,282300
'14NF4',37103,50510,285300
'14NI',37103,50510,255200
'14NI',37103,50510,262300
'14NI',37103,50510,265300
'14NI',37103,50510,272300
'14NI',37103,50510,275300
'14NI',37103,50510,282300
'14NI',37103,50510,285300
'14NS',37103,50510,255300
'14NS',37103,50510,262300
'14NS',37103,50510,265300
'14NS',37103,50510,272300
'14NS',37103,50510,275300
'14NS',37103,50510,282300
'14NS',37103,50510,285300
