'14UA',13801,51183,61800
'14UA',13801,51183,70300
'14UA',13801,51183,75000
'14UA',13801,51183,83500
'14UA',13801,51183,92000
'14UA',13801,51183,100700
'14UA',13801,51183,105300
'14UA',13801,51183,113800
'14UA',13801,51183,122300
'14UA',13801,51183,130900
'14UA',13801,51183,135500
'14UA',13801,51183,144100
'14UA',13801,51183,152600
'14UA',13801,51183,161100
'14UA',13801,51183,165600
'14UA',13801,51183,174200
'14UA',13801,51183,182600
'14UA',13801,51183,191000
'14UA',13801,51183,195100
'14UF1',13801,51183,62600
'14UF1',13801,51183,70500
'14UF1',13801,51183,74500
'14UF1',13801,51183,82600
'14UF1',13801,51183,91100
'14UF1',13801,51183,95400
'14UF1',13801,51183,103800
'14UF1',13801,51183,112100
'14UF1',13801,51183,120500
'14UF1',13801,51183,124800
'14UF1',13801,51183,133200
'14UF1',13801,51183,141600
'14UF1',13801,51183,150000
'14UF1',13801,51183,154500
'14UF1',13801,51183,162900
'14UF1',13801,51183,171400
'14UF1',13801,51183,175800
'14UF1',13801,51183,184000
'14UF1',13801,51183,192100
'14UF1',13801,51183,200200
'14UF2',13801,51183,62600
'14UF2',13801,51183,70500
'14UF2',13801,51183,74500
'14UF2',13801,51183,82600
'14UF2',13801,51183,91100
'14UF2',13801,51183,95400
'14UF2',13801,51183,103800
'14UF2',13801,51183,112100
'14UF2',13801,51183,120500
'14UF2',13801,51183,124800
'14UF2',13801,51183,133200
'14UF2',13801,51183,141600
'14UF2',13801,51183,150000
'14UF2',13801,51183,154500
'14UF2',13801,51183,162900
'14UF2',13801,51183,171400
'14UF2',13801,51183,175800
'14UF2',13801,51183,184000
'14UF2',13801,51183,192100
'14UF2',13801,51183,200200
'14UI',13801,51183,62600
'14UI',13801,51183,70500
'14UI',13801,51183,74500
'14UI',13801,51183,82600
'14UI',13801,51183,91100
'14UI',13801,51183,95400
'14UI',13801,51183,103800
'14UI',13801,51183,112100
'14UI',13801,51183,120500
'14UI',13801,51183,124800
'14UI',13801,51183,133200
'14UI',13801,51183,141600
'14UI',13801,51183,150000
'14UI',13801,51183,154500
'14UI',13801,51183,162900
'14UI',13801,51183,171400
'14UI',13801,51183,175800
'14UI',13801,51183,184000
'14UI',13801,51183,192100
'14UI',13801,51183,200200
'14US',13801,51183,60500
'14US',13801,51183,64500
'14US',13801,51183,72800
'14US',13801,51183,75900
'14US',13801,51183,84300
'14US',13801,51183,92200
'14US',13801,51183,95700
'14US',13801,51183,103200
'14US',13801,51183,110800
'14US',13801,51183,114400
'14US',13801,51183,122200
'14US',13801,51183,125900
'14US',13801,51183,133600
'14US',13801,51183,141400
'14US',13801,51183,145200
'14US',13801,51183,153200
'14US',13801,51183,161200
'14US',13801,51183,165100
'14US',13801,51183,172800
'14US',13801,51183,180600
'14US',13801,51183,184100
'14US',13801,51183,191700
'14US',13801,51183,195200
'14US',13801,51183,202200
'14US',13801,51183,205600
'14US',13801,51183,212900
'14US',13801,51183,220200
'14US',13801,51183,223300
'14US',13801,51183,230400
'14US',13801,51183,233300
'14US',13801,51183,240300
'14US',13801,51183,243100
'14US',13801,51183,245800
'14US',13801,51183,252300
