'14UA',10903,56912,61900
'14UA',10903,56912,64900
'14UA',10903,56912,71900
'14UA',10903,56912,75000
'14UA',10903,56912,82100
'14UA',10903,56912,85300
'14UA',10903,56912,92600
'14UA',10903,56912,100000
'14UA',10903,56912,103400
'14UA',10903,56912,110800
'14UA',10903,56912,114200
'14UA',10903,56912,121600
'14UA',10903,56912,125000
'14UA',10903,56912,132400
'14UA',10903,56912,135800
'14UA',10903,56912,143300
'14UA',10903,56912,150800
'14UA',10903,56912,154200
'14UA',10903,56912,161700
'14UA',10903,56912,165200
'14UA',10903,56912,172600
'14UA',10903,56912,175900
'14UA',10903,56912,183200
'14UA',10903,56912,190300
'14UA',10903,56912,193400
'14UA',10903,56912,200600
'14UA',10903,56912,203700
'14UA',10903,56912,210800
'14UA',10903,56912,213900
'14UA',10903,56912,221100
'14UF1',10903,56912,61900
'14UF1',10903,56912,64900
'14UF1',10903,56912,71900
'14UF1',10903,56912,74900
'14UF1',10903,56912,81900
'14UF1',10903,56912,84900
'14UF1',10903,56912,92100
'14UF1',10903,56912,95200
'14UF1',10903,56912,102500
'14UF1',10903,56912,105700
'14UF1',10903,56912,113000
'14UF1',10903,56912,120200
'14UF1',10903,56912,123500
'14UF1',10903,56912,130800
'14UF1',10903,56912,134100
'14UF1',10903,56912,141400
'14UF1',10903,56912,144700
'14UF1',10903,56912,152000
'14UF1',10903,56912,155200
'14UF1',10903,56912,162500
'14UF1',10903,56912,165600
'14UF1',10903,56912,172800
'14UF1',10903,56912,175900
'14UF1',10903,56912,183100
'14UF1',10903,56912,190200
'14UF1',10903,56912,193400
'14UF1',10903,56912,200500
'14UF1',10903,56912,203700
'14UF1',10903,56912,210800
'14UF1',10903,56912,214000
'14UF1',10903,56912,221100
'14UF2',10903,56912,61900
'14UF2',10903,56912,64900
'14UF2',10903,56912,71900
'14UF2',10903,56912,74900
'14UF2',10903,56912,81900
'14UF2',10903,56912,84900
'14UF2',10903,56912,92100
'14UF2',10903,56912,95200
'14UF2',10903,56912,102500
'14UF2',10903,56912,105700
'14UF2',10903,56912,113000
'14UF2',10903,56912,120200
'14UF2',10903,56912,123500
'14UF2',10903,56912,130800
'14UF2',10903,56912,134100
'14UF2',10903,56912,141400
'14UF2',10903,56912,144700
'14UF2',10903,56912,152000
'14UF2',10903,56912,155200
'14UF2',10903,56912,162500
'14UF2',10903,56912,165600
'14UF2',10903,56912,172800
'14UF2',10903,56912,175900
'14UF2',10903,56912,183100
'14UF2',10903,56912,190200
'14UF2',10903,56912,193400
'14UF2',10903,56912,200500
'14UF2',10903,56912,203700
'14UF2',10903,56912,210800
'14UF2',10903,56912,214000
'14UF2',10903,56912,221100
'14UI',10903,56912,61900
'14UI',10903,56912,64900
'14UI',10903,56912,71900
'14UI',10903,56912,74900
'14UI',10903,56912,81900
'14UI',10903,56912,84900
'14UI',10903,56912,92100
'14UI',10903,56912,95200
'14UI',10903,56912,102500
'14UI',10903,56912,105700
'14UI',10903,56912,113000
'14UI',10903,56912,120200
'14UI',10903,56912,123500
'14UI',10903,56912,130800
'14UI',10903,56912,134100
'14UI',10903,56912,141400
'14UI',10903,56912,144700
'14UI',10903,56912,152000
'14UI',10903,56912,155200
'14UI',10903,56912,162500
'14UI',10903,56912,165600
'14UI',10903,56912,172800
'14UI',10903,56912,175900
'14UI',10903,56912,183100
'14UI',10903,56912,190200
'14UI',10903,56912,193400
'14UI',10903,56912,200500
'14UI',10903,56912,203700
'14UI',10903,56912,210800
'14UI',10903,56912,214000
'14UI',10903,56912,221100
'14US',10903,56912,54100
'14US',10903,56912,61300
'14US',10903,56912,63400
'14US',10903,56912,65800
'14US',10903,56912,72100
'14US',10903,56912,74400
'14US',10903,56912,80800
'14US',10903,56912,83200
'14US',10903,56912,85600
'14US',10903,56912,92100
'14US',10903,56912,94600
'14US',10903,56912,101100
'14US',10903,56912,103600
'14US',10903,56912,110100
'14US',10903,56912,112600
'14US',10903,56912,115100
'14US',10903,56912,121600
'14US',10903,56912,124200
'14US',10903,56912,130700
'14US',10903,56912,133200
'14US',10903,56912,135700
'14US',10903,56912,142200
'14US',10903,56912,144700
'14US',10903,56912,151200
'14US',10903,56912,153800
'14US',10903,56912,160400
'14US',10903,56912,162900
'14US',10903,56912,165300
'14US',10903,56912,171900
'14US',10903,56912,174400
'14US',10903,56912,180800
'14US',10903,56912,183000
'14US',10903,56912,185500
'14US',10903,56912,192000
'14US',10903,56912,194500
'14US',10903,56912,200800
'14US',10903,56912,203100
'14US',10903,56912,205400
'14US',10903,56912,211700
'14US',10903,56912,214100
'14US',10903,56912,221000
'14UA',35001,56912,251200
'14UA',35001,56912,260300
'14UA',35001,56912,265400
'14UA',35001,56912,274100
'14UA',35001,56912,282700
'14UF1',35001,56912,251300
'14UF1',35001,56912,260100
'14UF1',35001,56912,264900
'14UF1',35001,56912,273500
'14UF1',35001,56912,282100
'14UF2',35001,56912,251300
'14UF2',35001,56912,260100
'14UF2',35001,56912,264900
'14UF2',35001,56912,273500
'14UF2',35001,56912,282100
'14UI',35001,56912,251200
'14UI',35001,56912,255800
'14UI',35001,56912,264500
'14UI',35001,56912,273200
'14UI',35001,56912,281900
'14US',35001,56912,251300
'14US',35001,56912,260100
'14US',35001,56912,264900
'14US',35001,56912,273500
'14US',35001,56912,282100
