'14MF1',18801,54859,60800
'14MF1',18801,54859,64300
'14MF1',18801,54859,71600
'14MF1',18801,54859,75300
'14MF1',18801,54859,82700
'14MF1',18801,54859,90000
'14MF1',18801,54859,93300
'14MF2',18801,54859,60800
'14MF2',18801,54859,64300
'14MF2',18801,54859,71600
'14MF2',18801,54859,75300
'14MF2',18801,54859,82700
'14MF2',18801,54859,90000
'14MF2',18801,54859,93300
'14MS',18801,54859,60800
'14MS',18801,54859,64300
'14MS',18801,54859,71600
'14MS',18801,54859,75300
'14MS',18801,54859,82700
'14MS',18801,54859,90000
'14MS',18801,54859,93300
