'14SA',1101,51879,81100
'14SA',1101,51879,84400
'14SA',1101,51879,91600
'14SA',1101,51879,94700
'14SA',1101,51879,101700
'14SA',1101,51879,104600
'14SA',1101,51879,111400
'14SA',1101,51879,113500
'14SA',1101,51879,115600
'14SA',1101,51879,121600
'14SA',1101,51879,123600
'14SA',1101,51879,125700
'14SA',1101,51879,131800
'14SA',1101,51879,133900
'14SA',1101,51879,135600
'14SA',1101,51879,141400
'14SA',1101,51879,143200
'14SA',1101,51879,145100
'14SA',1101,51879,150900
'14SA',1101,51879,152800
'14SA',1101,51879,154700
'14SA',1101,51879,160600
'14SA',1101,51879,162500
'14SA',1101,51879,164300
'14SA',1101,51879,170300
'14SA',1101,51879,172400
'14SA',1101,51879,174600
'14SA',1101,51879,180800
'14SA',1101,51879,183000
'14SA',1101,51879,185200
'14SA',1101,51879,192000
'14SA',1101,51879,194900
'14SA',1101,51879,201900
'14SA',1101,51879,204900
'14SA',1101,51879,212100
'14SA',1101,51879,215300
'14SA',1101,51879,222300
'14SA',1101,51879,225400
'14SA',1101,51879,232400
'14SA',1101,51879,235300
'14SA',1101,51879,242100
'14SF1',1101,51879,81100
'14SF1',1101,51879,84300
'14SF1',1101,51879,91400
'14SF1',1101,51879,94500
'14SF1',1101,51879,101600
'14SF1',1101,51879,104600
'14SF1',1101,51879,111700
'14SF1',1101,51879,114800
'14SF1',1101,51879,120900
'14SF1',1101,51879,122800
'14SF1',1101,51879,124700
'14SF1',1101,51879,130500
'14SF1',1101,51879,132300
'14SF1',1101,51879,134100
'14SF1',1101,51879,135900
'14SF1',1101,51879,141500
'14SF1',1101,51879,143100
'14SF1',1101,51879,144800
'14SF1',1101,51879,150400
'14SF1',1101,51879,152000
'14SF1',1101,51879,153600
'14SF1',1101,51879,155200
'14SF1',1101,51879,160900
'14SF1',1101,51879,162800
'14SF1',1101,51879,164800
'14SF1',1101,51879,170900
'14SF1',1101,51879,173100
'14SF1',1101,51879,175300
'14SF1',1101,51879,181500
'14SF1',1101,51879,183600
'14SF1',1101,51879,190500
'14SF1',1101,51879,193500
'14SF1',1101,51879,200500
'14SF1',1101,51879,203400
'14SF1',1101,51879,210300
'14SF1',1101,51879,213000
'14SF1',1101,51879,215800
'14SF1',1101,51879,222700
'14SF1',1101,51879,225600
'14SF1',1101,51879,232500
'14SF1',1101,51879,235400
'14SF1',1101,51879,242300
'14SF2',1101,51879,81100
'14SF2',1101,51879,84400
'14SF2',1101,51879,91600
'14SF2',1101,51879,94700
'14SF2',1101,51879,101700
'14SF2',1101,51879,104600
'14SF2',1101,51879,111400
'14SF2',1101,51879,113500
'14SF2',1101,51879,115600
'14SF2',1101,51879,121600
'14SF2',1101,51879,123600
'14SF2',1101,51879,125700
'14SF2',1101,51879,131800
'14SF2',1101,51879,133900
'14SF2',1101,51879,135600
'14SF2',1101,51879,141400
'14SF2',1101,51879,143200
'14SF2',1101,51879,145100
'14SF2',1101,51879,150900
'14SF2',1101,51879,152800
'14SF2',1101,51879,154700
'14SF2',1101,51879,160600
'14SF2',1101,51879,162500
'14SF2',1101,51879,164300
'14SF2',1101,51879,170300
'14SF2',1101,51879,172400
'14SF2',1101,51879,174600
'14SF2',1101,51879,180800
'14SF2',1101,51879,183000
'14SF2',1101,51879,185200
'14SF2',1101,51879,192000
'14SF2',1101,51879,194900
'14SF2',1101,51879,201900
'14SF2',1101,51879,204900
'14SF2',1101,51879,212100
'14SF2',1101,51879,215300
'14SF2',1101,51879,222300
'14SF2',1101,51879,225400
'14SF2',1101,51879,232400
'14SF2',1101,51879,235300
'14SF2',1101,51879,242300
'14SI',1101,51879,81100
'14SI',1101,51879,84300
'14SI',1101,51879,91400
'14SI',1101,51879,94500
'14SI',1101,51879,101600
'14SI',1101,51879,104600
'14SI',1101,51879,111700
'14SI',1101,51879,114800
'14SI',1101,51879,120900
'14SI',1101,51879,122800
'14SI',1101,51879,124700
'14SI',1101,51879,130500
'14SI',1101,51879,132300
'14SI',1101,51879,134100
'14SI',1101,51879,135900
'14SI',1101,51879,141500
'14SI',1101,51879,143100
'14SI',1101,51879,144800
'14SI',1101,51879,150400
'14SI',1101,51879,152000
'14SI',1101,51879,153600
'14SI',1101,51879,155200
'14SI',1101,51879,160900
'14SI',1101,51879,162800
'14SI',1101,51879,164800
'14SI',1101,51879,170900
'14SI',1101,51879,173100
'14SI',1101,51879,175300
'14SI',1101,51879,181500
'14SI',1101,51879,183600
'14SI',1101,51879,190500
'14SI',1101,51879,193500
'14SI',1101,51879,200500
'14SI',1101,51879,203400
'14SI',1101,51879,210300
'14SI',1101,51879,213000
'14SI',1101,51879,215800
'14SI',1101,51879,222700
'14SI',1101,51879,225600
'14SI',1101,51879,232500
'14SI',1101,51879,235400
'14SI',1101,51879,242300
'14SS',1101,51879,71900
'14SS',1101,51879,75300
'14SS',1101,51879,82300
'14SS',1101,51879,85300
'14SS',1101,51879,92200
'14SS',1101,51879,95100
'14SS',1101,51879,102000
'14SS',1101,51879,104900
'14SS',1101,51879,111900
'14SS',1101,51879,114900
'14SS',1101,51879,121900
'14SS',1101,51879,124900
'14SS',1101,51879,132000
'14SS',1101,51879,135200
'14SS',1101,51879,142500
'14SS',1101,51879,145800
'14SS',1101,51879,153100
'14SS',1101,51879,160400
'14SS',1101,51879,163700
'14SS',1101,51879,170000
'14SS',1101,51879,172200
'14SS',1101,51879,174400
'14SS',1101,51879,180600
'14SS',1101,51879,182800
'14SS',1101,51879,185000
'14SS',1101,51879,191300
'14SS',1101,51879,193600
'14SS',1101,51879,200300
'14SS',1101,51879,203300
'14SS',1101,51879,210200
'14SS',1101,51879,213000
'14SS',1101,51879,215600
'14SS',1101,51879,222500
'14SS',1101,51879,225400
'14SS',1101,51879,232300
'14SS',1101,51879,235300
'14SS',1101,51879,242300
