'15JA',3402,53285,52800
'15JA',3402,53285,55800
'15JA',3402,53285,62800
'15JA',3402,53285,65900
'15JA',3402,53285,72900
'15JA',3402,53285,75900
'15JA',3402,53285,82900
'15JA',3402,53285,85900
'15JA',3402,53285,92900
'15JA',3402,53285,95900
'15JA',3402,53285,102900
'15JA',3402,53285,105900
'15JA',3402,53285,112900
'15JA',3402,53285,115900
'15JA',3402,53285,122900
'15JA',3402,53285,125900
'15JA',3402,53285,132900
'15JA',3402,53285,135900
'15JA',3402,53285,142900
'15JA',3402,53285,145900
'15JA',3402,53285,152900
'15JA',3402,53285,160000
'15JA',3402,53285,163000
'15JA',3402,53285,170000
'15JA',3402,53285,173000
'15JA',3402,53285,180000
'15JA',3402,53285,183100
'15JA',3402,53285,185900
'15JA',3402,53285,192900
'15JA',3402,53285,195900
'15JA',3402,53285,202600
'15JA',3402,53285,205200
'15JA',3402,53285,211800
'15JA',3402,53285,214300
'15JA',3402,53285,220800
'15JA',3402,53285,223300
'15JA',3402,53285,225800
'15JA',3402,53285,232300
'15JA',3402,53285,234700
'15JA',3402,53285,241200
'15JA',3402,53285,243700
'15JA',3402,53285,250200
'15JA',3402,53285,252800
'15JI',3402,53285,52700
'15JI',3402,53285,55600
'15JI',3402,53285,62600
'15JI',3402,53285,65700
'15JI',3402,53285,72700
'15JI',3402,53285,75700
'15JI',3402,53285,82700
'15JI',3402,53285,85800
'15JI',3402,53285,92800
'15JI',3402,53285,95800
'15JI',3402,53285,102800
'15JI',3402,53285,105900
'15JI',3402,53285,112900
'15JI',3402,53285,115900
'15JI',3402,53285,122900
'15JI',3402,53285,130000
'15JI',3402,53285,132900
'15JI',3402,53285,135900
'15JI',3402,53285,142900
'15JI',3402,53285,145900
'15JI',3402,53285,152900
'15JI',3402,53285,160000
'15JI',3402,53285,163200
'15JI',3402,53285,170100
'15JI',3402,53285,173000
'15JI',3402,53285,175900
'15JI',3402,53285,182900
'15JI',3402,53285,185900
'15JI',3402,53285,192900
'15JI',3402,53285,195900
'15JI',3402,53285,202900
'15JI',3402,53285,205900
'15JI',3402,53285,212900
'15JI',3402,53285,215800
'15JI',3402,53285,222800
'15JI',3402,53285,225700
'15JI',3402,53285,232700
'15JI',3402,53285,235700
'15JI',3402,53285,242700
'15JI',3402,53285,245700
'15JI',3402,53285,252700
'15JS',3402,53285,52900
'15JS',3402,53285,54900
'15JS',3402,53285,60900
'15JS',3402,53285,62900
'15JS',3402,53285,64700
'15JS',3402,53285,70600
'15JS',3402,53285,72600
'15JS',3402,53285,74300
'15JS',3402,53285,75500
'15JS',3402,53285,80800
'15JS',3402,53285,82400
'15JS',3402,53285,84200
'15JS',3402,53285,90000
'15JS',3402,53285,91800
'15JS',3402,53285,94300
'15JS',3402,53285,101200
'15JS',3402,53285,104200
'15JS',3402,53285,111200
'15JS',3402,53285,114100
'15JS',3402,53285,120800
'15JS',3402,53285,123200
'15JS',3402,53285,125600
'15JS',3402,53285,132100
'15JS',3402,53285,134700
'15JS',3402,53285,141500
'15JS',3402,53285,144300
'15JS',3402,53285,150400
'15JS',3402,53285,152700
'15JS',3402,53285,154700
'15JS',3402,53285,160800
'15JS',3402,53285,162900
'15JS',3402,53285,165200
'15JS',3402,53285,171400
'15JS',3402,53285,173400
'15JS',3402,53285,175100
'15JS',3402,53285,180800
'15JS',3402,53285,183200
'15JS',3402,53285,185800
'15JS',3402,53285,192800
'15JS',3402,53285,195800
'15JS',3402,53285,202700
'15JS',3402,53285,205600
'15JS',3402,53285,212500
'15JS',3402,53285,215300
'15JS',3402,53285,222200
'15JS',3402,53285,225100
'15JS',3402,53285,232000
'15JS',3402,53285,234900
'15JS',3402,53285,241800
'15JS',3402,53285,244700
'15JS',3402,53285,252300
'15JA',35302,53285,254900
'15JA',35302,53285,263400
'15JA',35302,53285,271900
'15JA',35302,53285,280400
'15JA',35302,53285,284900
'15JI',35302,53285,254900
'15JI',35302,53285,263400
'15JI',35302,53285,271900
'15JI',35302,53285,280400
'15JI',35302,53285,284900
'15JS',35302,53285,254900
'15JS',35302,53285,263400
'15JS',35302,53285,271900
'15JS',35302,53285,280400
'15JS',35302,53285,284900
