'15MA',20001,58441,65000
'15MA',20001,58441,71600
'15MA',20001,58441,74200
'15MA',20001,58441,80900
'15MA',20001,58441,83600
'15MA',20001,58441,90400
'15MA',20001,58441,93200
'15MA',20001,58441,100000
'15MA',20001,58441,102800
'15MA',20001,58441,105600
'15MA',20001,58441,112300
'15MA',20001,58441,115000
'15MA',20001,58441,121800
'15MA',20001,58441,124500
'15MA',20001,58441,131200
'15MA',20001,58441,134000
'15MA',20001,58441,140700
'15MA',20001,58441,143400
'15MA',20001,58441,150200
'15MA',20001,58441,153000
'15MA',20001,58441,155700
'15MA',20001,58441,162400
'15MA',20001,58441,165100
'15MA',20001,58441,171900
'15MA',20001,58441,174700
'15MA',20001,58441,181400
'15MA',20001,58441,184100
'15MA',20001,58441,190800
'15MA',20001,58441,193500
'15MF1',20001,58441,65000
'15MF1',20001,58441,71600
'15MF1',20001,58441,74200
'15MF1',20001,58441,80900
'15MF1',20001,58441,83600
'15MF1',20001,58441,90400
'15MF1',20001,58441,93200
'15MF1',20001,58441,100000
'15MF1',20001,58441,102800
'15MF1',20001,58441,105600
'15MF1',20001,58441,112300
'15MF1',20001,58441,115000
'15MF1',20001,58441,121800
'15MF1',20001,58441,124500
'15MF1',20001,58441,131200
'15MF1',20001,58441,134000
'15MF1',20001,58441,140700
'15MF1',20001,58441,143400
'15MF1',20001,58441,150200
'15MF1',20001,58441,153000
'15MF1',20001,58441,155700
'15MF1',20001,58441,162400
'15MF1',20001,58441,165100
'15MF1',20001,58441,171900
'15MF1',20001,58441,174700
'15MF1',20001,58441,181400
'15MF1',20001,58441,184100
'15MF1',20001,58441,190800
'15MF1',20001,58441,193500
'15MF2',20001,58441,64600
'15MF2',20001,58441,71900
'15MF2',20001,58441,74900
'15MF2',20001,58441,81600
'15MF2',20001,58441,84400
'15MF2',20001,58441,91100
'15MF2',20001,58441,94000
'15MF2',20001,58441,100900
'15MF2',20001,58441,103800
'15MF2',20001,58441,110600
'15MF2',20001,58441,113400
'15MF2',20001,58441,120200
'15MF2',20001,58441,122400
'15MF2',20001,58441,124600
'15MF2',20001,58441,131000
'15MF2',20001,58441,133800
'15MF2',20001,58441,140600
'15MF2',20001,58441,143400
'15MF2',20001,58441,150100
'15MF2',20001,58441,152900
'15MF2',20001,58441,155600
'15MF2',20001,58441,162300
'15MF2',20001,58441,165800
'15MF2',20001,58441,171700
'15MF2',20001,58441,174100
'15MF2',20001,58441,175900
'15MF2',20001,58441,181500
'15MF2',20001,58441,183700
'15MF2',20001,58441,190400
'15MF2',20001,58441,193100
'15MF3',20001,58441,65000
'15MF3',20001,58441,71600
'15MF3',20001,58441,74200
'15MF3',20001,58441,80900
'15MF3',20001,58441,83600
'15MF3',20001,58441,90400
'15MF3',20001,58441,93200
'15MF3',20001,58441,100000
'15MF3',20001,58441,102800
'15MF3',20001,58441,105600
'15MF3',20001,58441,112300
'15MF3',20001,58441,115000
'15MF3',20001,58441,121800
'15MF3',20001,58441,124500
'15MF3',20001,58441,131200
'15MF3',20001,58441,134000
'15MF3',20001,58441,140700
'15MF3',20001,58441,143400
'15MF3',20001,58441,150200
'15MF3',20001,58441,153000
'15MF3',20001,58441,155700
'15MF3',20001,58441,162400
'15MF3',20001,58441,165100
'15MF3',20001,58441,171900
'15MF3',20001,58441,174700
'15MF3',20001,58441,181400
'15MF3',20001,58441,184100
'15MF3',20001,58441,190800
'15MF3',20001,58441,193500
'15MI',20001,58441,75000
'15MI',20001,58441,82000
'15MI',20001,58441,85000
'15MI',20001,58441,92000
'15MI',20001,58441,95000
'15MI',20001,58441,102000
'15MI',20001,58441,105000
'15MI',20001,58441,112000
'15MI',20001,58441,115100
'15MI',20001,58441,122100
'15MI',20001,58441,125100
'15MI',20001,58441,132100
'15MI',20001,58441,135100
'15MI',20001,58441,142100
'15MI',20001,58441,145000
'15MI',20001,58441,152000
'15MI',20001,58441,155000
'15MI',20001,58441,162000
'15MI',20001,58441,165000
'15MI',20001,58441,172000
'15MI',20001,58441,175000
'15MI',20001,58441,182000
'15MI',20001,58441,185200
'15MI',20001,58441,192400
'15MS',20001,58441,64600
'15MS',20001,58441,71900
'15MS',20001,58441,74900
'15MS',20001,58441,81600
'15MS',20001,58441,84400
'15MS',20001,58441,91100
'15MS',20001,58441,94000
'15MS',20001,58441,100900
'15MS',20001,58441,103800
'15MS',20001,58441,110700
'15MS',20001,58441,113600
'15MS',20001,58441,120600
'15MS',20001,58441,123600
'15MS',20001,58441,130600
'15MS',20001,58441,133600
'15MS',20001,58441,140600
'15MS',20001,58441,143400
'15MS',20001,58441,150200
'15MS',20001,58441,152900
'15MS',20001,58441,155600
'15MS',20001,58441,162300
'15MS',20001,58441,165800
'15MS',20001,58441,171700
'15MS',20001,58441,174100
'15MS',20001,58441,175900
'15MS',20001,58441,181500
'15MS',20001,58441,183700
'15MS',20001,58441,190400
'15MS',20001,58441,193100
'15MA',21101,58441,61600
'15MA',21101,58441,64600
'15MA',21101,58441,71300
'15MA',21101,58441,73200
'15MA',21101,58441,74800
'15MA',21101,58441,80300
'15MA',21101,58441,81800
'15MA',21101,58441,83300
'15MA',21101,58441,84900
'15MA',21101,58441,90500
'15MA',21101,58441,92200
'15MA',21101,58441,93900
'15MA',21101,58441,95500
'15MA',21101,58441,101200
'15MA',21101,58441,102900
'15MA',21101,58441,104700
'15MA',21101,58441,110400
'15MA',21101,58441,112100
'15MA',21101,58441,113400
'15MA',21101,58441,114600
'15MA',21101,58441,115800
'15MA',21101,58441,121100
'15MA',21101,58441,122400
'15MA',21101,58441,123600
'15MA',21101,58441,124800
'15MA',21101,58441,125900
'15MA',21101,58441,131000
'15MA',21101,58441,132200
'15MA',21101,58441,133400
'15MA',21101,58441,134600
'15MA',21101,58441,135800
'15MA',21101,58441,141000
'15MA',21101,58441,142300
'15MA',21101,58441,143500
'15MA',21101,58441,144700
'15MA',21101,58441,145900
'15MA',21101,58441,151100
'15MA',21101,58441,152300
'15MA',21101,58441,153600
'15MA',21101,58441,154900
'15MA',21101,58441,160200
'15MA',21101,58441,161500
'15MA',21101,58441,162800
'15MA',21101,58441,164100
'15MA',21101,58441,165100
'15MA',21101,58441,170100
'15MA',21101,58441,171100
'15MA',21101,58441,172100
'15MA',21101,58441,173000
'15MA',21101,58441,174000
'15MA',21101,58441,175000
'15MA',21101,58441,180400
'15MA',21101,58441,182100
'15MA',21101,58441,183800
'15MA',21101,58441,185500
'15MA',21101,58441,191100
'15MA',21101,58441,192700
'15MA',21101,58441,194300
'15MA',21101,58441,200000
'15MA',21101,58441,201700
'15MA',21101,58441,203500
'15MA',21101,58441,205400
'15MA',21101,58441,211500
'15MA',21101,58441,213600
'15MA',21101,58441,215800
'15MA',21101,58441,222000
'15MA',21101,58441,224200
'15MA',21101,58441,230700
'15MA',21101,58441,233300
'15MA',21101,58441,235900
'15MA',21101,58441,242500
'15MA',21101,58441,245100
'15MF1',21101,58441,61600
'15MF1',21101,58441,64600
'15MF1',21101,58441,71300
'15MF1',21101,58441,73200
'15MF1',21101,58441,74800
'15MF1',21101,58441,80300
'15MF1',21101,58441,81800
'15MF1',21101,58441,83300
'15MF1',21101,58441,84900
'15MF1',21101,58441,90500
'15MF1',21101,58441,92200
'15MF1',21101,58441,93900
'15MF1',21101,58441,95500
'15MF1',21101,58441,101200
'15MF1',21101,58441,102900
'15MF1',21101,58441,104700
'15MF1',21101,58441,110400
'15MF1',21101,58441,112100
'15MF1',21101,58441,113400
'15MF1',21101,58441,114600
'15MF1',21101,58441,115800
'15MF1',21101,58441,121100
'15MF1',21101,58441,122400
'15MF1',21101,58441,123600
'15MF1',21101,58441,124800
'15MF1',21101,58441,125900
'15MF1',21101,58441,131000
'15MF1',21101,58441,132200
'15MF1',21101,58441,133400
'15MF1',21101,58441,134600
'15MF1',21101,58441,135800
'15MF1',21101,58441,141000
'15MF1',21101,58441,142300
'15MF1',21101,58441,143500
'15MF1',21101,58441,144700
'15MF1',21101,58441,145900
'15MF1',21101,58441,151100
'15MF1',21101,58441,152300
'15MF1',21101,58441,153600
'15MF1',21101,58441,154900
'15MF1',21101,58441,160200
'15MF1',21101,58441,161500
'15MF1',21101,58441,162800
'15MF1',21101,58441,164100
'15MF1',21101,58441,165100
'15MF1',21101,58441,170100
'15MF1',21101,58441,171100
'15MF1',21101,58441,172100
'15MF1',21101,58441,173000
'15MF1',21101,58441,174000
'15MF1',21101,58441,175000
'15MF1',21101,58441,180400
'15MF1',21101,58441,182100
'15MF1',21101,58441,183800
'15MF1',21101,58441,185500
'15MF1',21101,58441,191100
'15MF1',21101,58441,192700
'15MF1',21101,58441,194300
'15MF1',21101,58441,200000
'15MF1',21101,58441,201700
'15MF1',21101,58441,203500
'15MF1',21101,58441,205400
'15MF1',21101,58441,211500
'15MF1',21101,58441,213600
'15MF1',21101,58441,215800
'15MF1',21101,58441,222000
'15MF1',21101,58441,224200
'15MF1',21101,58441,230700
'15MF1',21101,58441,233300
'15MF1',21101,58441,240300
'15MF1',21101,58441,243300
'15MF2',21101,58441,61600
'15MF2',21101,58441,64600
'15MF2',21101,58441,71300
'15MF2',21101,58441,73200
'15MF2',21101,58441,74800
'15MF2',21101,58441,80300
'15MF2',21101,58441,81800
'15MF2',21101,58441,83300
'15MF2',21101,58441,84900
'15MF2',21101,58441,90200
'15MF2',21101,58441,92200
'15MF2',21101,58441,93900
'15MF2',21101,58441,95500
'15MF2',21101,58441,101200
'15MF2',21101,58441,102900
'15MF2',21101,58441,104700
'15MF2',21101,58441,110400
'15MF2',21101,58441,112100
'15MF2',21101,58441,113400
'15MF2',21101,58441,114600
'15MF2',21101,58441,115800
'15MF2',21101,58441,121100
'15MF2',21101,58441,122400
'15MF2',21101,58441,123600
'15MF2',21101,58441,124800
'15MF2',21101,58441,125900
'15MF2',21101,58441,131000
'15MF2',21101,58441,132200
'15MF2',21101,58441,133400
'15MF2',21101,58441,134600
'15MF2',21101,58441,135800
'15MF2',21101,58441,141000
'15MF2',21101,58441,142300
'15MF2',21101,58441,143500
'15MF2',21101,58441,144700
'15MF2',21101,58441,145900
'15MF2',21101,58441,151100
'15MF2',21101,58441,152300
'15MF2',21101,58441,153600
'15MF2',21101,58441,154900
'15MF2',21101,58441,160200
'15MF2',21101,58441,161500
'15MF2',21101,58441,162800
'15MF2',21101,58441,164100
'15MF2',21101,58441,165100
'15MF2',21101,58441,170100
'15MF2',21101,58441,171100
'15MF2',21101,58441,172100
'15MF2',21101,58441,173000
'15MF2',21101,58441,174000
'15MF2',21101,58441,175000
'15MF2',21101,58441,180400
'15MF2',21101,58441,182100
'15MF2',21101,58441,183800
'15MF2',21101,58441,185500
'15MF2',21101,58441,191100
'15MF2',21101,58441,192700
'15MF2',21101,58441,194300
'15MF2',21101,58441,200000
'15MF2',21101,58441,201700
'15MF2',21101,58441,203500
'15MF2',21101,58441,205400
'15MF2',21101,58441,211500
'15MF2',21101,58441,213600
'15MF2',21101,58441,215800
'15MF2',21101,58441,222000
'15MF2',21101,58441,224200
'15MF2',21101,58441,230700
'15MF2',21101,58441,233300
'15MF2',21101,58441,240300
'15MF2',21101,58441,243300
'15MF3',21101,58441,61100
'15MF3',21101,58441,64100
'15MF3',21101,58441,71100
'15MF3',21101,58441,73800
'15MF3',21101,58441,75800
'15MF3',21101,58441,81800
'15MF3',21101,58441,83800
'15MF3',21101,58441,85600
'15MF3',21101,58441,91100
'15MF3',21101,58441,92600
'15MF3',21101,58441,94100
'15MF3',21101,58441,95600
'15MF3',21101,58441,101100
'15MF3',21101,58441,102500
'15MF3',21101,58441,104000
'15MF3',21101,58441,105500
'15MF3',21101,58441,111100
'15MF3',21101,58441,112700
'15MF3',21101,58441,114200
'15MF3',21101,58441,115700
'15MF3',21101,58441,121200
'15MF3',21101,58441,122700
'15MF3',21101,58441,124200
'15MF3',21101,58441,125700
'15MF3',21101,58441,131200
'15MF3',21101,58441,132600
'15MF3',21101,58441,134000
'15MF3',21101,58441,135200
'15MF3',21101,58441,140400
'15MF3',21101,58441,141700
'15MF3',21101,58441,143000
'15MF3',21101,58441,144400
'15MF3',21101,58441,145800
'15MF3',21101,58441,151300
'15MF3',21101,58441,152800
'15MF3',21101,58441,154300
'15MF3',21101,58441,155900
'15MF3',21101,58441,161500
'15MF3',21101,58441,163100
'15MF3',21101,58441,164700
'15MF3',21101,58441,170200
'15MF3',21101,58441,171800
'15MF3',21101,58441,173400
'15MF3',21101,58441,175200
'15MF3',21101,58441,181100
'15MF3',21101,58441,183000
'15MF3',21101,58441,185000
'15MF3',21101,58441,191100
'15MF3',21101,58441,193200
'15MF3',21101,58441,195200
'15MF3',21101,58441,201200
'15MF3',21101,58441,203100
'15MF3',21101,58441,205000
'15MF3',21101,58441,211000
'15MF3',21101,58441,213300
'15MF3',21101,58441,220300
'15MF3',21101,58441,223400
'15MF3',21101,58441,230400
'15MF3',21101,58441,233300
'15MF3',21101,58441,240200
'15MF3',21101,58441,243300
'15MI',21101,58441,61100
'15MI',21101,58441,64100
'15MI',21101,58441,71100
'15MI',21101,58441,73800
'15MI',21101,58441,75800
'15MI',21101,58441,81800
'15MI',21101,58441,83800
'15MI',21101,58441,85600
'15MI',21101,58441,91100
'15MI',21101,58441,92600
'15MI',21101,58441,94100
'15MI',21101,58441,95600
'15MI',21101,58441,101100
'15MI',21101,58441,102500
'15MI',21101,58441,104000
'15MI',21101,58441,105500
'15MI',21101,58441,111100
'15MI',21101,58441,112700
'15MI',21101,58441,114200
'15MI',21101,58441,115700
'15MI',21101,58441,121200
'15MI',21101,58441,122700
'15MI',21101,58441,124200
'15MI',21101,58441,125700
'15MI',21101,58441,131200
'15MI',21101,58441,132600
'15MI',21101,58441,134000
'15MI',21101,58441,135200
'15MI',21101,58441,140400
'15MI',21101,58441,141700
'15MI',21101,58441,143000
'15MI',21101,58441,144400
'15MI',21101,58441,145800
'15MI',21101,58441,151300
'15MI',21101,58441,152800
'15MI',21101,58441,154300
'15MI',21101,58441,155900
'15MI',21101,58441,161500
'15MI',21101,58441,163100
'15MI',21101,58441,164700
'15MI',21101,58441,170200
'15MI',21101,58441,171800
'15MI',21101,58441,173400
'15MI',21101,58441,175200
'15MI',21101,58441,181100
'15MI',21101,58441,183000
'15MI',21101,58441,185000
'15MI',21101,58441,191100
'15MI',21101,58441,193200
'15MI',21101,58441,195200
'15MI',21101,58441,201200
'15MI',21101,58441,203100
'15MI',21101,58441,205000
'15MI',21101,58441,211000
'15MI',21101,58441,213300
'15MI',21101,58441,220300
'15MI',21101,58441,223400
'15MI',21101,58441,230400
'15MI',21101,58441,233300
'15MI',21101,58441,240200
'15MI',21101,58441,243300
'15MS',21101,58441,51100
'15MS',21101,58441,54100
'15MS',21101,58441,60900
'15MS',21101,58441,63100
'15MS',21101,58441,65100
'15MS',21101,58441,71100
'15MS',21101,58441,73600
'15MS',21101,58441,80400
'15MS',21101,58441,83100
'15MS',21101,58441,85800
'15MS',21101,58441,92300
'15MS',21101,58441,94800
'15MS',21101,58441,101200
'15MS',21101,58441,103400
'15MS',21101,58441,105300
'15MS',21101,58441,111200
'15MS',21101,58441,113100
'15MS',21101,58441,115000
'15MS',21101,58441,120900
'15MS',21101,58441,122500
'15MS',21101,58441,124100
'15MS',21101,58441,125300
'15MS',21101,58441,130600
'15MS',21101,58441,131900
'15MS',21101,58441,133100
'15MS',21101,58441,134300
'15MS',21101,58441,135200
'15MS',21101,58441,140600
'15MS',21101,58441,141900
'15MS',21101,58441,143200
'15MS',21101,58441,144800
'15MS',21101,58441,150500
'15MS',21101,58441,152200
'15MS',21101,58441,154000
'15MS',21101,58441,155700
'15MS',21101,58441,161700
'15MS',21101,58441,163900
'15MS',21101,58441,170500
'15MS',21101,58441,173200
'15MS',21101,58441,175900
'15MS',21101,58441,182500
'15MS',21101,58441,185200
'15MS',21101,58441,191900
'15MS',21101,58441,194600
'15MS',21101,58441,201400
'15MS',21101,58441,204200
'15MS',21101,58441,210900
'15MS',21101,58441,213700
'15MS',21101,58441,220500
'15MS',21101,58441,223300
'15MS',21101,58441,230100
'15MS',21101,58441,232700
'15MS',21101,58441,235100
'15MS',21101,58441,241100
'15MS',21101,58441,243100
'15MS',40501,58441,60000
'15MS',40501,58441,61800
'15MS',40501,58441,63900
'15MS',40501,58441,65900
'15MS',40501,58441,71900
'15MS',40501,58441,74000
'15MS',40501,58441,80100
'15MS',40501,58441,82100
'15MS',40501,58441,84000
'15MS',40501,58441,90100
'15MS',40501,58441,92000
'15MS',40501,58441,94000
'15MS',40501,58441,100000
'15MS',40501,58441,102000
'15MS',40501,58441,104000
'15MS',40501,58441,110000
'15MS',40501,58441,111900
'15MS',40501,58441,113800
'15MS',40501,58441,115700
'15MS',40501,58441,121600
'15MS',40501,58441,123500
'15MS',40501,58441,125400
'15MS',40501,58441,131400
'15MS',40501,58441,133400
'15MS',40501,58441,135500
'15MS',40501,58441,141100
'15MS',40501,58441,143500
'15MS',40501,58441,145300
'15MS',40501,58441,151300
'15MS',40501,58441,153200
'15MS',40501,58441,155300
'15MS',40501,58441,161400
'15MS',40501,58441,163400
'15MS',40501,58441,165500
'15MS',40501,58441,171700
'15MS',40501,58441,173900
'15MS',40501,58441,180000
'15MS',40501,58441,182100
'15MS',40501,58441,184200
'15MS',40501,58441,190300
'15MS',40501,58441,192300
