'15JA',20104,57681,60500
'15JA',20104,57681,63500
'15JA',20104,57681,70500
'15JA',20104,57681,73500
'15JA',20104,57681,80500
'15JA',20104,57681,83600
'15JA',20104,57681,90700
'15JA',20104,57681,93900
'15JA',20104,57681,101000
'15JA',20104,57681,103200
'15JA',20104,57681,105400
'15JA',20104,57681,111700
'15JA',20104,57681,114100
'15JA',20104,57681,120300
'15JA',20104,57681,122500
'15JA',20104,57681,124700
'15JA',20104,57681,131000
'15JA',20104,57681,133500
'15JA',20104,57681,140000
'15JA',20104,57681,142300
'15JA',20104,57681,144500
'15JA',20104,57681,150700
'15JA',20104,57681,153000
'15JA',20104,57681,155500
'15JA',20104,57681,162000
'15JA',20104,57681,164200
'15JA',20104,57681,170400
'15JA',20104,57681,172600
'15JA',20104,57681,174700
'15JA',20104,57681,181900
'15JA',20104,57681,185100
'15JA',20104,57681,192400
'15JA',20104,57681,195600
'15JA',20104,57681,202800
'15JA',20104,57681,210000
'15JA',20104,57681,213300
'15JA',20104,57681,220500
'15JA',20104,57681,223500
'15JA',20104,57681,230500
'15JA',20104,57681,233500
'15JA',20104,57681,240500
'15JI',20104,57681,65500
'15JI',20104,57681,72700
'15JI',20104,57681,80000
'15JI',20104,57681,83200
'15JI',20104,57681,90500
'15JI',20104,57681,93700
'15JI',20104,57681,101000
'15JI',20104,57681,104200
'15JI',20104,57681,111500
'15JI',20104,57681,114700
'15JI',20104,57681,122000
'15JI',20104,57681,125300
'15JI',20104,57681,132700
'15JI',20104,57681,140100
'15JI',20104,57681,143600
'15JI',20104,57681,150900
'15JI',20104,57681,154200
'15JI',20104,57681,161600
'15JI',20104,57681,164900
'15JI',20104,57681,172100
'15JI',20104,57681,175300
'15JI',20104,57681,182400
'15JI',20104,57681,185500
'15JI',20104,57681,192400
'15JI',20104,57681,195700
'15JI',20104,57681,202900
'15JI',20104,57681,210100
'15JI',20104,57681,213300
'15JI',20104,57681,220500
'15JI',20104,57681,223500
'15JI',20104,57681,230500
'15JI',20104,57681,233400
'15JI',20104,57681,240400
'15JS',20104,57681,60000
'15JS',20104,57681,63500
'15JS',20104,57681,70600
'15JS',20104,57681,75100
'15JS',20104,57681,82900
'15JS',20104,57681,90500
'15JS',20104,57681,94100
'15JS',20104,57681,101500
'15JS',20104,57681,104800
'15JS',20104,57681,112200
'15JS',20104,57681,115700
'15JS',20104,57681,123200
'15JS',20104,57681,130600
'15JS',20104,57681,134000
'15JS',20104,57681,141600
'15JS',20104,57681,145500
'15JS',20104,57681,153400
'15JS',20104,57681,160500
'15JS',20104,57681,165300
'15JS',20104,57681,172900
'15JS',20104,57681,175300
'15JS',20104,57681,183800
'15JS',20104,57681,190400
'15JS',20104,57681,193100
'15JS',20104,57681,200300
'15JS',20104,57681,203400
'15JS',20104,57681,210500
'15JS',20104,57681,213600
'15JS',20104,57681,220600
'15JS',20104,57681,223600
'15JS',20104,57681,230600
'15JS',20104,57681,233600
'15JS',20104,57681,240500
