'15UA',20402,57779,65500
'15UA',20402,57779,73400
'15UA',20402,57779,80500
'15UA',20402,57779,83600
'15UA',20402,57779,90700
'15UA',20402,57779,93800
'15UA',20402,57779,101000
'15UA',20402,57779,104000
'15UA',20402,57779,111200
'15UA',20402,57779,114400
'15UA',20402,57779,121600
'15UA',20402,57779,124700
'15UA',20402,57779,130600
'15UA',20402,57779,132500
'15UA',20402,57779,135400
'15UA',20402,57779,142500
'15UA',20402,57779,145800
'15UA',20402,57779,153200
'15UA',20402,57779,160500
'15UA',20402,57779,163800
'15UA',20402,57779,171000
'15UA',20402,57779,174300
'15UA',20402,57779,181600
'15UA',20402,57779,184700
'15UA',20402,57779,191900
'15UA',20402,57779,195000
'15UA',20402,57779,202200
'15UA',20402,57779,205300
'15UA',20402,57779,212400
'15UA',20402,57779,215300
'15UA',20402,57779,222000
'15UA',20402,57779,224800
'15UA',20402,57779,231700
'15UA',20402,57779,234300
'15UF1',20402,57779,80300
'15UF1',20402,57779,83300
'15UF1',20402,57779,90300
'15UF1',20402,57779,93300
'15UF1',20402,57779,100300
'15UF1',20402,57779,103300
'15UF1',20402,57779,110300
'15UF1',20402,57779,113400
'15UF1',20402,57779,120500
'15UF1',20402,57779,123500
'15UF1',20402,57779,130700
'15UF1',20402,57779,133900
'15UF1',20402,57779,141000
'15UF1',20402,57779,144100
'15UF1',20402,57779,151300
'15UF1',20402,57779,154400
'15UF1',20402,57779,161700
'15UF1',20402,57779,165100
'15UF1',20402,57779,172500
'15UF1',20402,57779,175900
'15UF1',20402,57779,183200
'15UF1',20402,57779,190500
'15UF1',20402,57779,193500
'15UF1',20402,57779,200500
'15UF1',20402,57779,203500
'15UF1',20402,57779,210500
'15UF1',20402,57779,213500
'15UF1',20402,57779,220500
'15UF1',20402,57779,223500
'15UF1',20402,57779,230800
'15UF1',20402,57779,234300
'15UF2',20402,57779,80300
'15UF2',20402,57779,83300
'15UF2',20402,57779,90300
'15UF2',20402,57779,93300
'15UF2',20402,57779,100300
'15UF2',20402,57779,103300
'15UF2',20402,57779,110300
'15UF2',20402,57779,113400
'15UF2',20402,57779,120500
'15UF2',20402,57779,123500
'15UF2',20402,57779,130700
'15UF2',20402,57779,133900
'15UF2',20402,57779,141000
'15UF2',20402,57779,144100
'15UF2',20402,57779,151300
'15UF2',20402,57779,154400
'15UF2',20402,57779,161700
'15UF2',20402,57779,165100
'15UF2',20402,57779,172500
'15UF2',20402,57779,175900
'15UF2',20402,57779,183200
'15UF2',20402,57779,190500
'15UF2',20402,57779,193500
'15UF2',20402,57779,200500
'15UF2',20402,57779,203500
'15UF2',20402,57779,210500
'15UF2',20402,57779,213500
'15UF2',20402,57779,220500
'15UF2',20402,57779,223500
'15UF2',20402,57779,230800
'15UF2',20402,57779,234300
'15UI',20402,57779,80300
'15UI',20402,57779,83300
'15UI',20402,57779,90300
'15UI',20402,57779,93300
'15UI',20402,57779,100300
'15UI',20402,57779,103300
'15UI',20402,57779,110300
'15UI',20402,57779,113400
'15UI',20402,57779,120500
'15UI',20402,57779,123500
'15UI',20402,57779,130700
'15UI',20402,57779,133900
'15UI',20402,57779,141000
'15UI',20402,57779,144100
'15UI',20402,57779,151300
'15UI',20402,57779,154400
'15UI',20402,57779,161700
'15UI',20402,57779,165100
'15UI',20402,57779,172500
'15UI',20402,57779,175900
'15UI',20402,57779,183200
'15UI',20402,57779,190500
'15UI',20402,57779,193500
'15UI',20402,57779,200500
'15UI',20402,57779,203500
'15UI',20402,57779,210500
'15UI',20402,57779,213500
'15UI',20402,57779,220500
'15UI',20402,57779,223500
'15UI',20402,57779,230800
'15UI',20402,57779,234300
'15US',20402,57779,60700
'15US',20402,57779,63900
'15US',20402,57779,71100
'15US',20402,57779,74400
'15US',20402,57779,81600
'15US',20402,57779,84700
'15US',20402,57779,92800
'15US',20402,57779,100000
'15US',20402,57779,103200
'15US',20402,57779,110400
'15US',20402,57779,113600
'15US',20402,57779,120900
'15US',20402,57779,124200
'15US',20402,57779,131700
'15US',20402,57779,135100
'15US',20402,57779,142500
'15US',20402,57779,150000
'15US',20402,57779,154200
'15US',20402,57779,161700
'15US',20402,57779,165200
'15US',20402,57779,171200
'15US',20402,57779,173200
'15US',20402,57779,175200
'15US',20402,57779,181200
'15US',20402,57779,183200
'15US',20402,57779,190200
'15US',20402,57779,194100
'15US',20402,57779,201200
'15US',20402,57779,204200
'15US',20402,57779,211200
'15US',20402,57779,214200
'15US',20402,57779,221200
'15US',20402,57779,224200
'15US',20402,57779,231200
'15US',20402,57779,234300
'15UA',35402,57779,261500
'15UA',35402,57779,264500
'15UA',35402,57779,271500
'15UA',35402,57779,274500
'15UA',35402,57779,283000
'15UA',35402,57779,291500
'15UF1',35402,57779,261500
'15UF1',35402,57779,270000
'15UF1',35402,57779,274200
'15UF1',35402,57779,282700
'15UF1',35402,57779,291200
'15UF2',35402,57779,261500
'15UF2',35402,57779,270000
'15UF2',35402,57779,274200
'15UF2',35402,57779,282700
'15UF2',35402,57779,291200
'15UI',35402,57779,261500
'15UI',35402,57779,270000
'15UI',35402,57779,274200
'15UI',35402,57779,282700
'15UI',35402,57779,291200
'15US',35402,57779,261800
'15US',35402,57779,270400
'15US',35402,57779,274900
'15US',35402,57779,283500
'15US',35402,57779,292100
