'14UA',9701,52084,50500
'14UA',9701,52084,53500
'14UA',9701,52084,60500
'14UA',9701,52084,63500
'14UA',9701,52084,70600
'14UA',9701,52084,73600
'14UA',9701,52084,80700
'14UA',9701,52084,83700
'14UA',9701,52084,90700
'14UA',9701,52084,93700
'14UA',9701,52084,100700
'14UA',9701,52084,103900
'14UA',9701,52084,111100
'14UA',9701,52084,114100
'14UA',9701,52084,120400
'14UA',9701,52084,122600
'14UA',9701,52084,124700
'14UA',9701,52084,130600
'14UA',9701,52084,132400
'14UA',9701,52084,134000
'14UA',9701,52084,135600
'14UA',9701,52084,141200
'14UA',9701,52084,142800
'14UA',9701,52084,144400
'14UA',9701,52084,150000
'14UA',9701,52084,151500
'14UA',9701,52084,153000
'14UA',9701,52084,154500
'14UA',9701,52084,160000
'14UA',9701,52084,161500
'14UA',9701,52084,162800
'14UA',9701,52084,163800
'14UA',9701,52084,164800
'14UA',9701,52084,165800
'14UA',9701,52084,170800
'14UA',9701,52084,171600
'14UA',9701,52084,172400
'14UA',9701,52084,173200
'14UA',9701,52084,174000
'14UA',9701,52084,174700
'14UA',9701,52084,175900
'14UA',9701,52084,181100
'14UA',9701,52084,182400
'14UA',9701,52084,183800
'14UA',9701,52084,185300
'14UA',9701,52084,190700
'14UA',9701,52084,192100
'14UA',9701,52084,193700
'14UA',9701,52084,195700
'14UA',9701,52084,201700
'14UA',9701,52084,203700
'14UA',9701,52084,205800
'14UA',9701,52084,212000
'14UA',9701,52084,214200
'14UA',9701,52084,220400
'14UA',9701,52084,222600
'14UA',9701,52084,224800
'14UA',9701,52084,231100
'14UA',9701,52084,233900
'14UA',9701,52084,240800
'14UA',9701,52084,243600
'14UA',9701,52084,250300
'14UA',9701,52084,253000
'14UA',9701,52084,255800
'14UF1',9701,52084,50700
'14UF1',9701,52084,54300
'14UF1',9701,52084,61800
'14UF1',9701,52084,65300
'14UF1',9701,52084,72900
'14UF1',9701,52084,80400
'14UF1',9701,52084,84000
'14UF1',9701,52084,91500
'14UF1',9701,52084,95100
'14UF1',9701,52084,102200
'14UF1',9701,52084,104900
'14UF1',9701,52084,111700
'14UF1',9701,52084,114400
'14UF1',9701,52084,121000
'14UF1',9701,52084,123500
'14UF1',9701,52084,130000
'14UF1',9701,52084,132200
'14UF1',9701,52084,134300
'14UF1',9701,52084,140400
'14UF1',9701,52084,142300
'14UF1',9701,52084,144200
'14UF1',9701,52084,150300
'14UF1',9701,52084,152400
'14UF1',9701,52084,153500
'14UF1',9701,52084,154600
'14UF1',9701,52084,155800
'14UF1',9701,52084,161000
'14UF1',9701,52084,162100
'14UF1',9701,52084,163200
'14UF1',9701,52084,164300
'14UF1',9701,52084,165400
'14UF1',9701,52084,170400
'14UF1',9701,52084,171400
'14UF1',9701,52084,172300
'14UF1',9701,52084,173400
'14UF1',9701,52084,174300
'14UF1',9701,52084,175200
'14UF1',9701,52084,180200
'14UF1',9701,52084,181200
'14UF1',9701,52084,182300
'14UF1',9701,52084,184300
'14UF1',9701,52084,190300
'14UF1',9701,52084,192400
'14UF1',9701,52084,194300
'14UF1',9701,52084,200200
'14UF1',9701,52084,202100
'14UF1',9701,52084,204000
'14UF1',9701,52084,205900
'14UF1',9701,52084,211900
'14UF1',9701,52084,215500
'14UF1',9701,52084,223100
'14UF1',9701,52084,230700
'14UF1',9701,52084,234300
'14UF1',9701,52084,241900
'14UF1',9701,52084,245500
'14UF1',9701,52084,253000
'14UF2',9701,52084,50700
'14UF2',9701,52084,54300
'14UF2',9701,52084,61800
'14UF2',9701,52084,65300
'14UF2',9701,52084,72900
'14UF2',9701,52084,80400
'14UF2',9701,52084,84000
'14UF2',9701,52084,91500
'14UF2',9701,52084,95100
'14UF2',9701,52084,102200
'14UF2',9701,52084,104900
'14UF2',9701,52084,111700
'14UF2',9701,52084,114400
'14UF2',9701,52084,121000
'14UF2',9701,52084,123500
'14UF2',9701,52084,130000
'14UF2',9701,52084,132200
'14UF2',9701,52084,134300
'14UF2',9701,52084,140400
'14UF2',9701,52084,142300
'14UF2',9701,52084,144200
'14UF2',9701,52084,150300
'14UF2',9701,52084,152400
'14UF2',9701,52084,153500
'14UF2',9701,52084,154600
'14UF2',9701,52084,155800
'14UF2',9701,52084,161000
'14UF2',9701,52084,162100
'14UF2',9701,52084,163200
'14UF2',9701,52084,164300
'14UF2',9701,52084,165400
'14UF2',9701,52084,170400
'14UF2',9701,52084,171400
'14UF2',9701,52084,172300
'14UF2',9701,52084,173400
'14UF2',9701,52084,174300
'14UF2',9701,52084,175200
'14UF2',9701,52084,180200
'14UF2',9701,52084,181200
'14UF2',9701,52084,182300
'14UF2',9701,52084,184300
'14UF2',9701,52084,190300
'14UF2',9701,52084,192400
'14UF2',9701,52084,194300
'14UF2',9701,52084,200200
'14UF2',9701,52084,202100
'14UF2',9701,52084,204000
'14UF2',9701,52084,205900
'14UF2',9701,52084,211900
'14UF2',9701,52084,215500
'14UF2',9701,52084,223100
'14UF2',9701,52084,230700
'14UF2',9701,52084,234300
'14UF2',9701,52084,241900
'14UF2',9701,52084,245500
'14UF2',9701,52084,253000
'14UI',9701,52084,50700
'14UI',9701,52084,54300
'14UI',9701,52084,61800
'14UI',9701,52084,65300
'14UI',9701,52084,72900
'14UI',9701,52084,80400
'14UI',9701,52084,84000
'14UI',9701,52084,91500
'14UI',9701,52084,95100
'14UI',9701,52084,102200
'14UI',9701,52084,104900
'14UI',9701,52084,111700
'14UI',9701,52084,114400
'14UI',9701,52084,121000
'14UI',9701,52084,123500
'14UI',9701,52084,130000
'14UI',9701,52084,132200
'14UI',9701,52084,134300
'14UI',9701,52084,140400
'14UI',9701,52084,142300
'14UI',9701,52084,144200
'14UI',9701,52084,150300
'14UI',9701,52084,152400
'14UI',9701,52084,153500
'14UI',9701,52084,154600
'14UI',9701,52084,155800
'14UI',9701,52084,161000
'14UI',9701,52084,162100
'14UI',9701,52084,163200
'14UI',9701,52084,164300
'14UI',9701,52084,165400
'14UI',9701,52084,170400
'14UI',9701,52084,171400
'14UI',9701,52084,172300
'14UI',9701,52084,173400
'14UI',9701,52084,174300
'14UI',9701,52084,175200
'14UI',9701,52084,180200
'14UI',9701,52084,181200
'14UI',9701,52084,182300
'14UI',9701,52084,184300
'14UI',9701,52084,190300
'14UI',9701,52084,192400
'14UI',9701,52084,194300
'14UI',9701,52084,200200
'14UI',9701,52084,202100
'14UI',9701,52084,204000
'14UI',9701,52084,205900
'14UI',9701,52084,211900
'14UI',9701,52084,215500
'14UI',9701,52084,223100
'14UI',9701,52084,230700
'14UI',9701,52084,234300
'14UI',9701,52084,241900
'14UI',9701,52084,245500
'14UI',9701,52084,253000
'14US',9701,52084,50900
'14US',9701,52084,54400
'14US',9701,52084,61600
'14US',9701,52084,64800
'14US',9701,52084,71800
'14US',9701,52084,74800
'14US',9701,52084,81800
'14US',9701,52084,84800
'14US',9701,52084,91800
'14US',9701,52084,93300
'14US',9701,52084,94800
'14US',9701,52084,100300
'14US',9701,52084,101800
'14US',9701,52084,103300
'14US',9701,52084,104800
'14US',9701,52084,110300
'14US',9701,52084,111800
'14US',9701,52084,113300
'14US',9701,52084,114800
'14US',9701,52084,120300
'14US',9701,52084,121600
'14US',9701,52084,122800
'14US',9701,52084,124100
'14US',9701,52084,125300
'14US',9701,52084,130500
'14US',9701,52084,131600
'14US',9701,52084,132700
'14US',9701,52084,134000
'14US',9701,52084,135300
'14US',9701,52084,140500
'14US',9701,52084,141700
'14US',9701,52084,142700
'14US',9701,52084,143700
'14US',9701,52084,144700
'14US',9701,52084,145700
'14US',9701,52084,150700
'14US',9701,52084,151700
'14US',9701,52084,152800
'14US',9701,52084,153800
'14US',9701,52084,154800
'14US',9701,52084,155900
'14US',9701,52084,160900
'14US',9701,52084,161900
'14US',9701,52084,162900
'14US',9701,52084,163900
'14US',9701,52084,164900
'14US',9701,52084,165900
'14US',9701,52084,170900
'14US',9701,52084,171600
'14US',9701,52084,172300
'14US',9701,52084,173100
'14US',9701,52084,173700
'14US',9701,52084,174400
'14US',9701,52084,175200
'14US',9701,52084,180100
'14US',9701,52084,181100
'14US',9701,52084,182000
'14US',9701,52084,183000
'14US',9701,52084,184000
'14US',9701,52084,185000
'14US',9701,52084,190000
'14US',9701,52084,190900
'14US',9701,52084,191900
'14US',9701,52084,192900
'14US',9701,52084,193900
'14US',9701,52084,194900
'14US',9701,52084,195900
'14US',9701,52084,200900
'14US',9701,52084,201900
'14US',9701,52084,202900
'14US',9701,52084,203800
'14US',9701,52084,204800
'14US',9701,52084,210100
'14US',9701,52084,213100
'14US',9701,52084,220100
'14US',9701,52084,223100
'14US',9701,52084,230100
'14US',9701,52084,233100
'14US',9701,52084,240100
'14US',9701,52084,243100
'14US',9701,52084,250100
'14US',9701,52084,253000
'14UA',36801,52084,261000
'14UA',36801,52084,265500
'14UA',36801,52084,273600
'14UA',36801,52084,282100
'14UA',36801,52084,290600
'14UF1',36801,52084,260600
'14UF1',36801,52084,265000
'14UF1',36801,52084,273500
'14UF1',36801,52084,282000
'14UF1',36801,52084,290500
'14UF2',36801,52084,260600
'14UF2',36801,52084,265000
'14UF2',36801,52084,273500
'14UF2',36801,52084,282000
'14UF2',36801,52084,290500
'14UI',36801,52084,260600
'14UI',36801,52084,265000
'14UI',36801,52084,273500
'14UI',36801,52084,282000
'14UI',36801,52084,290500
'14US',36801,52084,260300
'14US',36801,52084,265000
'14US',36801,52084,273800
'14US',36801,52084,282500
'14US',36801,52084,291200
