'14MA',18502,53337,52500
'14MA',18502,53337,55600
'14MA',18502,53337,62700
'14MA',18502,53337,70000
'14MA',18502,53337,73200
'14MA',18502,53337,80100
'14MA',18502,53337,83000
'14MA',18502,53337,85900
'14MA',18502,53337,92900
'14MA',18502,53337,95900
'14MA',18502,53337,102800
'14MA',18502,53337,105700
'14MA',18502,53337,112600
'14MA',18502,53337,115500
'14MA',18502,53337,122300
'14MA',18502,53337,125100
'14MA',18502,53337,132000
'14MA',18502,53337,134800
'14MA',18502,53337,141600
'14MA',18502,53337,144500
'14MA',18502,53337,151300
'14MA',18502,53337,154100
'14MA',18502,53337,161000
'14MA',18502,53337,163800
'14MA',18502,53337,170700
'14MA',18502,53337,173600
'14MA',18502,53337,180600
'14MA',18502,53337,183600
'14MA',18502,53337,190600
'14MA',18502,53337,193500
'14MA',18502,53337,200500
'14MA',18502,53337,203500
'14MA',18502,53337,210500
'14MA',18502,53337,213500
'14MA',18502,53337,220500
'14MA',18502,53337,223500
'14MA',18502,53337,230500
'14MA',18502,53337,233500
'14MA',18502,53337,240600
'14MA',18502,53337,243900
'14MF1',18502,53337,52500
'14MF1',18502,53337,55600
'14MF1',18502,53337,62700
'14MF1',18502,53337,70000
'14MF1',18502,53337,73200
'14MF1',18502,53337,80100
'14MF1',18502,53337,83000
'14MF1',18502,53337,85900
'14MF1',18502,53337,92900
'14MF1',18502,53337,95900
'14MF1',18502,53337,102800
'14MF1',18502,53337,105700
'14MF1',18502,53337,112600
'14MF1',18502,53337,115500
'14MF1',18502,53337,122300
'14MF1',18502,53337,125100
'14MF1',18502,53337,132000
'14MF1',18502,53337,134800
'14MF1',18502,53337,141600
'14MF1',18502,53337,144500
'14MF1',18502,53337,151300
'14MF1',18502,53337,154100
'14MF1',18502,53337,161000
'14MF1',18502,53337,163800
'14MF1',18502,53337,170700
'14MF1',18502,53337,173600
'14MF1',18502,53337,180600
'14MF1',18502,53337,183600
'14MF1',18502,53337,190600
'14MF1',18502,53337,193500
'14MF1',18502,53337,200500
'14MF1',18502,53337,203500
'14MF1',18502,53337,210500
'14MF1',18502,53337,213500
'14MF1',18502,53337,220500
'14MF1',18502,53337,223500
'14MF1',18502,53337,230500
'14MF1',18502,53337,233500
'14MF1',18502,53337,240600
'14MF1',18502,53337,243800
'14MF2',18502,53337,52500
'14MF2',18502,53337,55600
'14MF2',18502,53337,62700
'14MF2',18502,53337,70000
'14MF2',18502,53337,73200
'14MF2',18502,53337,80100
'14MF2',18502,53337,83000
'14MF2',18502,53337,85900
'14MF2',18502,53337,92900
'14MF2',18502,53337,95900
'14MF2',18502,53337,102800
'14MF2',18502,53337,105700
'14MF2',18502,53337,112600
'14MF2',18502,53337,115500
'14MF2',18502,53337,122300
'14MF2',18502,53337,125100
'14MF2',18502,53337,132000
'14MF2',18502,53337,134800
'14MF2',18502,53337,141600
'14MF2',18502,53337,144500
'14MF2',18502,53337,151300
'14MF2',18502,53337,154100
'14MF2',18502,53337,161000
'14MF2',18502,53337,163800
'14MF2',18502,53337,170700
'14MF2',18502,53337,173600
'14MF2',18502,53337,180600
'14MF2',18502,53337,183600
'14MF2',18502,53337,190600
'14MF2',18502,53337,193500
'14MF2',18502,53337,200500
'14MF2',18502,53337,203500
'14MF2',18502,53337,210500
'14MF2',18502,53337,213500
'14MF2',18502,53337,220500
'14MF2',18502,53337,223500
'14MF2',18502,53337,230500
'14MF2',18502,53337,233500
'14MF2',18502,53337,240600
'14MF2',18502,53337,243800
'14MF3',18502,53337,52500
'14MF3',18502,53337,55600
'14MF3',18502,53337,62700
'14MF3',18502,53337,70000
'14MF3',18502,53337,73200
'14MF3',18502,53337,80100
'14MF3',18502,53337,83000
'14MF3',18502,53337,85900
'14MF3',18502,53337,92900
'14MF3',18502,53337,95900
'14MF3',18502,53337,102800
'14MF3',18502,53337,105700
'14MF3',18502,53337,112600
'14MF3',18502,53337,115500
'14MF3',18502,53337,122300
'14MF3',18502,53337,125100
'14MF3',18502,53337,132000
'14MF3',18502,53337,134800
'14MF3',18502,53337,141600
'14MF3',18502,53337,144500
'14MF3',18502,53337,151300
'14MF3',18502,53337,154100
'14MF3',18502,53337,161000
'14MF3',18502,53337,163800
'14MF3',18502,53337,170700
'14MF3',18502,53337,173600
'14MF3',18502,53337,180600
'14MF3',18502,53337,183600
'14MF3',18502,53337,190600
'14MF3',18502,53337,193500
'14MF3',18502,53337,200500
'14MF3',18502,53337,203500
'14MF3',18502,53337,210500
'14MF3',18502,53337,213500
'14MF3',18502,53337,220500
'14MF3',18502,53337,223500
'14MF3',18502,53337,230500
'14MF3',18502,53337,233500
'14MF3',18502,53337,240600
'14MF3',18502,53337,243800
'14MI',18502,53337,52400
'14MI',18502,53337,55400
'14MI',18502,53337,62500
'14MI',18502,53337,65600
'14MI',18502,53337,72800
'14MI',18502,53337,75900
'14MI',18502,53337,83100
'14MI',18502,53337,90500
'14MI',18502,53337,93800
'14MI',18502,53337,101200
'14MI',18502,53337,104400
'14MI',18502,53337,111400
'14MI',18502,53337,114400
'14MI',18502,53337,121400
'14MI',18502,53337,124400
'14MI',18502,53337,131400
'14MI',18502,53337,134400
'14MI',18502,53337,141400
'14MI',18502,53337,144400
'14MI',18502,53337,151400
'14MI',18502,53337,154400
'14MI',18502,53337,161400
'14MI',18502,53337,164400
'14MI',18502,53337,171400
'14MI',18502,53337,174100
'14MI',18502,53337,180900
'14MI',18502,53337,183700
'14MI',18502,53337,190500
'14MI',18502,53337,193400
'14MI',18502,53337,200400
'14MI',18502,53337,203400
'14MI',18502,53337,210400
'14MI',18502,53337,213400
'14MI',18502,53337,220400
'14MI',18502,53337,223400
'14MI',18502,53337,230400
'14MI',18502,53337,233300
'14MI',18502,53337,240500
'14MI',18502,53337,243800
'14MS',18502,53337,52000
'14MS',18502,53337,55000
'14MS',18502,53337,62200
'14MS',18502,53337,65200
'14MS',18502,53337,72000
'14MS',18502,53337,73400
'14MS',18502,53337,74300
'14MS',18502,53337,75300
'14MS',18502,53337,80300
'14MS',18502,53337,81300
'14MS',18502,53337,82800
'14MS',18502,53337,85200
'14MS',18502,53337,92200
'14MS',18502,53337,95100
'14MS',18502,53337,102100
'14MS',18502,53337,105100
'14MS',18502,53337,112100
'14MS',18502,53337,115100
'14MS',18502,53337,122100
'14MS',18502,53337,125100
'14MS',18502,53337,132100
'14MS',18502,53337,135100
'14MS',18502,53337,142100
'14MS',18502,53337,145200
'14MS',18502,53337,151700
'14MS',18502,53337,153800
'14MS',18502,53337,160900
'14MS',18502,53337,163600
'14MS',18502,53337,170600
'14MS',18502,53337,173700
'14MS',18502,53337,180800
'14MS',18502,53337,183700
'14MS',18502,53337,190700
'14MS',18502,53337,193600
'14MS',18502,53337,200600
'14MS',18502,53337,203600
'14MS',18502,53337,210600
'14MS',18502,53337,213600
'14MS',18502,53337,220600
'14MS',18502,53337,223600
'14MS',18502,53337,230600
'14MS',18502,53337,233600
'14MS',18502,53337,240800
'14MS',18502,53337,244000
'14MA',36202,53337,261400
'14MA',36202,53337,265900
'14MA',36202,53337,274400
'14MA',36202,53337,282900
'14MA',36202,53337,291400
'14MF1',36202,53337,261400
'14MF1',36202,53337,265900
'14MF1',36202,53337,274400
'14MF1',36202,53337,282900
'14MF1',36202,53337,291400
'14MF2',36202,53337,261400
'14MF2',36202,53337,265900
'14MF2',36202,53337,274400
'14MF2',36202,53337,282900
'14MF2',36202,53337,291400
'14MF3',36202,53337,261400
'14MF3',36202,53337,265900
'14MF3',36202,53337,274400
'14MF3',36202,53337,282900
'14MF3',36202,53337,291400
'14MI',36202,53337,261400
'14MI',36202,53337,265900
'14MI',36202,53337,274400
'14MI',36202,53337,282900
'14MI',36202,53337,291400
'14MS',36202,53337,261400
'14MS',36202,53337,265900
'14MS',36202,53337,274400
'14MS',36202,53337,282900
'14MS',36202,53337,291400
