'15MA',20401,57730,55900
'15MA',20401,57730,63900
'15MA',20401,57730,71200
'15MA',20401,57730,74400
'15MA',20401,57730,81500
'15MA',20401,57730,84600
'15MA',20401,57730,91800
'15MA',20401,57730,94800
'15MA',20401,57730,102000
'15MA',20401,57730,105200
'15MA',20401,57730,112200
'15MA',20401,57730,115500
'15MA',20401,57730,122700
'15MA',20401,57730,125900
'15MA',20401,57730,133200
'15MA',20401,57730,140500
'15MA',20401,57730,143700
'15MA',20401,57730,151000
'15MA',20401,57730,154300
'15MA',20401,57730,161500
'15MA',20401,57730,164800
'15MA',20401,57730,172100
'15MA',20401,57730,175300
'15MA',20401,57730,182500
'15MA',20401,57730,185700
'15MA',20401,57730,192800
'15MA',20401,57730,195900
'15MA',20401,57730,203200
'15MA',20401,57730,210200
'15MA',20401,57730,213100
'15MA',20401,57730,220200
'15MA',20401,57730,223100
'15MA',20401,57730,225700
'15MA',20401,57730,232600
'15MA',20401,57730,235200
'15MA',20401,57730,241700
'15MF1',20401,57730,55900
'15MF1',20401,57730,63900
'15MF1',20401,57730,71200
'15MF1',20401,57730,74400
'15MF1',20401,57730,81500
'15MF1',20401,57730,84600
'15MF1',20401,57730,91800
'15MF1',20401,57730,94800
'15MF1',20401,57730,102000
'15MF1',20401,57730,105200
'15MF1',20401,57730,112200
'15MF1',20401,57730,115500
'15MF1',20401,57730,122700
'15MF1',20401,57730,125900
'15MF1',20401,57730,133200
'15MF1',20401,57730,140500
'15MF1',20401,57730,143700
'15MF1',20401,57730,151000
'15MF1',20401,57730,154300
'15MF1',20401,57730,161500
'15MF1',20401,57730,164800
'15MF1',20401,57730,172100
'15MF1',20401,57730,175300
'15MF1',20401,57730,182500
'15MF1',20401,57730,185700
'15MF1',20401,57730,192800
'15MF1',20401,57730,195900
'15MF1',20401,57730,203200
'15MF1',20401,57730,210200
'15MF1',20401,57730,213100
'15MF1',20401,57730,220200
'15MF1',20401,57730,223100
'15MF1',20401,57730,225700
'15MF1',20401,57730,232600
'15MF1',20401,57730,235200
'15MF1',20401,57730,241700
'15MF2',20401,57730,55900
'15MF2',20401,57730,63900
'15MF2',20401,57730,71200
'15MF2',20401,57730,74400
'15MF2',20401,57730,81500
'15MF2',20401,57730,84600
'15MF2',20401,57730,91800
'15MF2',20401,57730,94800
'15MF2',20401,57730,102000
'15MF2',20401,57730,105200
'15MF2',20401,57730,112200
'15MF2',20401,57730,115500
'15MF2',20401,57730,122700
'15MF2',20401,57730,125900
'15MF2',20401,57730,133200
'15MF2',20401,57730,140500
'15MF2',20401,57730,143700
'15MF2',20401,57730,151000
'15MF2',20401,57730,154300
'15MF2',20401,57730,161500
'15MF2',20401,57730,164800
'15MF2',20401,57730,172100
'15MF2',20401,57730,175300
'15MF2',20401,57730,182500
'15MF2',20401,57730,185700
'15MF2',20401,57730,192800
'15MF2',20401,57730,195900
'15MF2',20401,57730,203200
'15MF2',20401,57730,210200
'15MF2',20401,57730,213100
'15MF2',20401,57730,220200
'15MF2',20401,57730,223100
'15MF2',20401,57730,225700
'15MF2',20401,57730,232600
'15MF2',20401,57730,235200
'15MF2',20401,57730,241700
'15MF3',20401,57730,55900
'15MF3',20401,57730,63900
'15MF3',20401,57730,71200
'15MF3',20401,57730,74400
'15MF3',20401,57730,81500
'15MF3',20401,57730,84600
'15MF3',20401,57730,91800
'15MF3',20401,57730,94800
'15MF3',20401,57730,102000
'15MF3',20401,57730,105200
'15MF3',20401,57730,112200
'15MF3',20401,57730,115500
'15MF3',20401,57730,122700
'15MF3',20401,57730,125900
'15MF3',20401,57730,133200
'15MF3',20401,57730,140500
'15MF3',20401,57730,143700
'15MF3',20401,57730,151000
'15MF3',20401,57730,154300
'15MF3',20401,57730,161500
'15MF3',20401,57730,164800
'15MF3',20401,57730,172100
'15MF3',20401,57730,175300
'15MF3',20401,57730,182500
'15MF3',20401,57730,185700
'15MF3',20401,57730,192800
'15MF3',20401,57730,195900
'15MF3',20401,57730,203200
'15MF3',20401,57730,210200
'15MF3',20401,57730,213100
'15MF3',20401,57730,220200
'15MF3',20401,57730,223100
'15MF3',20401,57730,225700
'15MF3',20401,57730,232600
'15MF3',20401,57730,235200
'15MF3',20401,57730,241700
'15MI',20401,57730,71200
'15MI',20401,57730,74200
'15MI',20401,57730,81200
'15MI',20401,57730,84200
'15MI',20401,57730,91200
'15MI',20401,57730,94200
'15MI',20401,57730,101200
'15MI',20401,57730,104200
'15MI',20401,57730,111200
'15MI',20401,57730,114200
'15MI',20401,57730,121300
'15MI',20401,57730,124400
'15MI',20401,57730,131500
'15MI',20401,57730,134600
'15MI',20401,57730,141800
'15MI',20401,57730,144900
'15MI',20401,57730,152000
'15MI',20401,57730,155200
'15MI',20401,57730,162400
'15MI',20401,57730,165700
'15MI',20401,57730,173000
'15MI',20401,57730,180400
'15MI',20401,57730,183800
'15MI',20401,57730,191000
'15MI',20401,57730,194200
'15MI',20401,57730,201200
'15MI',20401,57730,204200
'15MI',20401,57730,211200
'15MI',20401,57730,214200
'15MI',20401,57730,221200
'15MI',20401,57730,224200
'15MI',20401,57730,231200
'15MI',20401,57730,234200
'15MI',20401,57730,241600
'15MS',20401,57730,60800
'15MS',20401,57730,62700
'15MS',20401,57730,65600
'15MS',20401,57730,73000
'15MS',20401,57730,80400
'15MS',20401,57730,83600
'15MS',20401,57730,90800
'15MS',20401,57730,94000
'15MS',20401,57730,101300
'15MS',20401,57730,104600
'15MS',20401,57730,111900
'15MS',20401,57730,115200
'15MS',20401,57730,122500
'15MS',20401,57730,125900
'15MS',20401,57730,133200
'15MS',20401,57730,140500
'15MS',20401,57730,143900
'15MS',20401,57730,151200
'15MS',20401,57730,154600
'15MS',20401,57730,161600
'15MS',20401,57730,165000
'15MS',20401,57730,171000
'15MS',20401,57730,173000
'15MS',20401,57730,174800
'15MS',20401,57730,181000
'15MS',20401,57730,183000
'15MS',20401,57730,185900
'15MS',20401,57730,192000
'15MS',20401,57730,195000
'15MS',20401,57730,202000
'15MS',20401,57730,205000
'15MS',20401,57730,212000
'15MS',20401,57730,215000
'15MS',20401,57730,221900
'15MS',20401,57730,224800
'15MS',20401,57730,231800
'15MS',20401,57730,234800
'15MS',20401,57730,241800
