'15MA',10602,56862,51500
'15MA',10602,56862,54700
'15MA',10602,56862,61900
'15MA',10602,56862,65000
'15MA',10602,56862,72000
'15MA',10602,56862,75000
'15MA',10602,56862,81200
'15MA',10602,56862,82900
'15MA',10602,56862,84600
'15MA',10602,56862,90300
'15MA',10602,56862,91600
'15MA',10602,56862,93000
'15MA',10602,56862,94800
'15MA',10602,56862,100500
'15MA',10602,56862,101800
'15MA',10602,56862,103000
'15MA',10602,56862,103800
'15MA',10602,56862,104600
'15MA',10602,56862,105300
'15MA',10602,56862,110100
'15MA',10602,56862,110800
'15MA',10602,56862,111500
'15MA',10602,56862,112100
'15MA',10602,56862,112500
'15MA',10602,56862,113000
'15MA',10602,56862,113600
'15MA',10602,56862,114400
'15MA',10602,56862,115200
'15MA',10602,56862,115800
'15MA',10602,56862,120300
'15MA',10602,56862,120700
'15MA',10602,56862,121200
'15MA',10602,56862,121600
'15MA',10602,56862,122300
'15MA',10602,56862,123000
'15MA',10602,56862,123800
'15MA',10602,56862,124500
'15MA',10602,56862,125200
'15MA',10602,56862,130000
'15MA',10602,56862,130700
'15MA',10602,56862,131300
'15MA',10602,56862,131900
'15MA',10602,56862,132500
'15MA',10602,56862,133100
'15MA',10602,56862,133700
'15MA',10602,56862,134300
'15MA',10602,56862,135000
'15MA',10602,56862,135800
'15MA',10602,56862,140600
'15MA',10602,56862,141400
'15MA',10602,56862,142000
'15MA',10602,56862,142600
'15MA',10602,56862,143200
'15MA',10602,56862,143800
'15MA',10602,56862,144300
'15MA',10602,56862,144800
'15MA',10602,56862,145400
'15MA',10602,56862,150000
'15MA',10602,56862,150500
'15MA',10602,56862,151000
'15MA',10602,56862,151600
'15MA',10602,56862,152300
'15MA',10602,56862,153000
'15MA',10602,56862,153600
'15MA',10602,56862,154200
'15MA',10602,56862,154700
'15MA',10602,56862,155300
'15MA',10602,56862,155900
'15MA',10602,56862,160500
'15MA',10602,56862,161000
'15MA',10602,56862,161600
'15MA',10602,56862,162100
'15MA',10602,56862,162600
'15MA',10602,56862,163200
'15MA',10602,56862,163800
'15MA',10602,56862,164400
'15MA',10602,56862,165000
'15MA',10602,56862,165600
'15MA',10602,56862,170200
'15MA',10602,56862,170600
'15MA',10602,56862,171100
'15MA',10602,56862,171500
'15MA',10602,56862,172000
'15MA',10602,56862,172400
'15MA',10602,56862,172800
'15MA',10602,56862,173300
'15MA',10602,56862,173800
'15MA',10602,56862,174300
'15MA',10602,56862,174900
'15MA',10602,56862,175400
'15MA',10602,56862,180000
'15MA',10602,56862,180800
'15MA',10602,56862,181600
'15MA',10602,56862,182400
'15MA',10602,56862,183300
'15MA',10602,56862,184100
'15MA',10602,56862,185100
'15MA',10602,56862,190000
'15MA',10602,56862,190900
'15MA',10602,56862,191900
'15MA',10602,56862,192900
'15MA',10602,56862,193800
'15MA',10602,56862,194600
'15MA',10602,56862,195400
'15MA',10602,56862,200200
'15MA',10602,56862,201100
'15MA',10602,56862,202100
'15MA',10602,56862,203300
'15MA',10602,56862,204600
'15MA',10602,56862,205800
'15MA',10602,56862,211000
'15MA',10602,56862,212500
'15MA',10602,56862,214100
'15MA',10602,56862,215600
'15MA',10602,56862,221200
'15MA',10602,56862,222800
'15MA',10602,56862,224300
'15MA',10602,56862,230200
'15MA',10602,56862,232000
'15MA',10602,56862,233900
'15MA',10602,56862,235700
'15MA',10602,56862,241700
'15MA',10602,56862,243700
'15MA',10602,56862,250200
'15MA',10602,56862,253200
'15MA',10602,56862,260200
'15MF1',10602,56862,51500
'15MF1',10602,56862,54700
'15MF1',10602,56862,61900
'15MF1',10602,56862,65000
'15MF1',10602,56862,72000
'15MF1',10602,56862,75000
'15MF1',10602,56862,81200
'15MF1',10602,56862,82900
'15MF1',10602,56862,84600
'15MF1',10602,56862,90300
'15MF1',10602,56862,91600
'15MF1',10602,56862,93200
'15MF1',10602,56862,94900
'15MF1',10602,56862,100500
'15MF1',10602,56862,101800
'15MF1',10602,56862,103000
'15MF1',10602,56862,103800
'15MF1',10602,56862,104600
'15MF1',10602,56862,105300
'15MF1',10602,56862,110100
'15MF1',10602,56862,110800
'15MF1',10602,56862,111500
'15MF1',10602,56862,112100
'15MF1',10602,56862,112500
'15MF1',10602,56862,113000
'15MF1',10602,56862,113600
'15MF1',10602,56862,114400
'15MF1',10602,56862,115200
'15MF1',10602,56862,115800
'15MF1',10602,56862,120300
'15MF1',10602,56862,120700
'15MF1',10602,56862,121200
'15MF1',10602,56862,121600
'15MF1',10602,56862,122300
'15MF1',10602,56862,123000
'15MF1',10602,56862,123800
'15MF1',10602,56862,124500
'15MF1',10602,56862,125200
'15MF1',10602,56862,130000
'15MF1',10602,56862,130700
'15MF1',10602,56862,131300
'15MF1',10602,56862,131900
'15MF1',10602,56862,132500
'15MF1',10602,56862,133100
'15MF1',10602,56862,133700
'15MF1',10602,56862,134300
'15MF1',10602,56862,135000
'15MF1',10602,56862,135800
'15MF1',10602,56862,140600
'15MF1',10602,56862,141400
'15MF1',10602,56862,142000
'15MF1',10602,56862,142600
'15MF1',10602,56862,143200
'15MF1',10602,56862,143800
'15MF1',10602,56862,144300
'15MF1',10602,56862,144800
'15MF1',10602,56862,145400
'15MF1',10602,56862,150000
'15MF1',10602,56862,150500
'15MF1',10602,56862,151000
'15MF1',10602,56862,151600
'15MF1',10602,56862,152300
'15MF1',10602,56862,153000
'15MF1',10602,56862,153600
'15MF1',10602,56862,154200
'15MF1',10602,56862,154700
'15MF1',10602,56862,155300
'15MF1',10602,56862,155900
'15MF1',10602,56862,160500
'15MF1',10602,56862,161000
'15MF1',10602,56862,161600
'15MF1',10602,56862,162100
'15MF1',10602,56862,162600
'15MF1',10602,56862,163200
'15MF1',10602,56862,163800
'15MF1',10602,56862,164400
'15MF1',10602,56862,165000
'15MF1',10602,56862,165600
'15MF1',10602,56862,170200
'15MF1',10602,56862,170600
'15MF1',10602,56862,171100
'15MF1',10602,56862,171500
'15MF1',10602,56862,172000
'15MF1',10602,56862,172400
'15MF1',10602,56862,172800
'15MF1',10602,56862,173300
'15MF1',10602,56862,173800
'15MF1',10602,56862,174300
'15MF1',10602,56862,174900
'15MF1',10602,56862,175400
'15MF1',10602,56862,180000
'15MF1',10602,56862,180800
'15MF1',10602,56862,181600
'15MF1',10602,56862,182400
'15MF1',10602,56862,183300
'15MF1',10602,56862,184100
'15MF1',10602,56862,185100
'15MF1',10602,56862,190000
'15MF1',10602,56862,190900
'15MF1',10602,56862,191900
'15MF1',10602,56862,192900
'15MF1',10602,56862,193800
'15MF1',10602,56862,194600
'15MF1',10602,56862,195400
'15MF1',10602,56862,200200
'15MF1',10602,56862,201100
'15MF1',10602,56862,202100
'15MF1',10602,56862,203300
'15MF1',10602,56862,204600
'15MF1',10602,56862,205800
'15MF1',10602,56862,211000
'15MF1',10602,56862,212500
'15MF1',10602,56862,214100
'15MF1',10602,56862,215600
'15MF1',10602,56862,221200
'15MF1',10602,56862,222800
'15MF1',10602,56862,224300
'15MF1',10602,56862,230200
'15MF1',10602,56862,232000
'15MF1',10602,56862,233900
'15MF1',10602,56862,235700
'15MF1',10602,56862,241700
'15MF1',10602,56862,243800
'15MF1',10602,56862,250800
'15MF1',10602,56862,253800
'15MF2',10602,56862,51500
'15MF2',10602,56862,54700
'15MF2',10602,56862,61900
'15MF2',10602,56862,65000
'15MF2',10602,56862,72000
'15MF2',10602,56862,75000
'15MF2',10602,56862,81200
'15MF2',10602,56862,82900
'15MF2',10602,56862,84600
'15MF2',10602,56862,90300
'15MF2',10602,56862,91600
'15MF2',10602,56862,93200
'15MF2',10602,56862,94900
'15MF2',10602,56862,100500
'15MF2',10602,56862,101800
'15MF2',10602,56862,103000
'15MF2',10602,56862,103800
'15MF2',10602,56862,104600
'15MF2',10602,56862,105300
'15MF2',10602,56862,110100
'15MF2',10602,56862,110800
'15MF2',10602,56862,111500
'15MF2',10602,56862,112100
'15MF2',10602,56862,112500
'15MF2',10602,56862,113000
'15MF2',10602,56862,113600
'15MF2',10602,56862,114400
'15MF2',10602,56862,115200
'15MF2',10602,56862,115800
'15MF2',10602,56862,120300
'15MF2',10602,56862,120700
'15MF2',10602,56862,121200
'15MF2',10602,56862,121600
'15MF2',10602,56862,122300
'15MF2',10602,56862,123000
'15MF2',10602,56862,123800
'15MF2',10602,56862,124500
'15MF2',10602,56862,125200
'15MF2',10602,56862,130000
'15MF2',10602,56862,130700
'15MF2',10602,56862,131300
'15MF2',10602,56862,131900
'15MF2',10602,56862,132500
'15MF2',10602,56862,133100
'15MF2',10602,56862,133700
'15MF2',10602,56862,134300
'15MF2',10602,56862,135000
'15MF2',10602,56862,135800
'15MF2',10602,56862,140600
'15MF2',10602,56862,141400
'15MF2',10602,56862,142000
'15MF2',10602,56862,142600
'15MF2',10602,56862,143200
'15MF2',10602,56862,143800
'15MF2',10602,56862,144300
'15MF2',10602,56862,144800
'15MF2',10602,56862,145400
'15MF2',10602,56862,150000
'15MF2',10602,56862,150500
'15MF2',10602,56862,151000
'15MF2',10602,56862,151600
'15MF2',10602,56862,152300
'15MF2',10602,56862,153000
'15MF2',10602,56862,153600
'15MF2',10602,56862,154200
'15MF2',10602,56862,154700
'15MF2',10602,56862,155300
'15MF2',10602,56862,155900
'15MF2',10602,56862,160500
'15MF2',10602,56862,161000
'15MF2',10602,56862,161600
'15MF2',10602,56862,162100
'15MF2',10602,56862,162600
'15MF2',10602,56862,163200
'15MF2',10602,56862,163800
'15MF2',10602,56862,164400
'15MF2',10602,56862,165000
'15MF2',10602,56862,165600
'15MF2',10602,56862,170200
'15MF2',10602,56862,170600
'15MF2',10602,56862,171100
'15MF2',10602,56862,171500
'15MF2',10602,56862,172000
'15MF2',10602,56862,172400
'15MF2',10602,56862,172800
'15MF2',10602,56862,173300
'15MF2',10602,56862,173800
'15MF2',10602,56862,174300
'15MF2',10602,56862,174900
'15MF2',10602,56862,175400
'15MF2',10602,56862,180000
'15MF2',10602,56862,180800
'15MF2',10602,56862,181600
'15MF2',10602,56862,182400
'15MF2',10602,56862,183300
'15MF2',10602,56862,184100
'15MF2',10602,56862,185100
'15MF2',10602,56862,190000
'15MF2',10602,56862,190900
'15MF2',10602,56862,191900
'15MF2',10602,56862,192900
'15MF2',10602,56862,193800
'15MF2',10602,56862,194600
'15MF2',10602,56862,195400
'15MF2',10602,56862,200200
'15MF2',10602,56862,201100
'15MF2',10602,56862,202100
'15MF2',10602,56862,203300
'15MF2',10602,56862,204600
'15MF2',10602,56862,205800
'15MF2',10602,56862,211000
'15MF2',10602,56862,212500
'15MF2',10602,56862,214100
'15MF2',10602,56862,215600
'15MF2',10602,56862,221200
'15MF2',10602,56862,222800
'15MF2',10602,56862,224300
'15MF2',10602,56862,230200
'15MF2',10602,56862,232000
'15MF2',10602,56862,233900
'15MF2',10602,56862,235700
'15MF2',10602,56862,241700
'15MF2',10602,56862,243800
'15MF2',10602,56862,250800
'15MF2',10602,56862,253800
'15MF3',10602,56862,51800
'15MF3',10602,56862,54800
'15MF3',10602,56862,61800
'15MF3',10602,56862,64800
'15MF3',10602,56862,71800
'15MF3',10602,56862,74800
'15MF3',10602,56862,81800
'15MF3',10602,56862,84700
'15MF3',10602,56862,91500
'15MF3',10602,56862,93500
'15MF3',10602,56862,95500
'15MF3',10602,56862,100900
'15MF3',10602,56862,102300
'15MF3',10602,56862,103500
'15MF3',10602,56862,104500
'15MF3',10602,56862,105500
'15MF3',10602,56862,110500
'15MF3',10602,56862,111500
'15MF3',10602,56862,112500
'15MF3',10602,56862,113500
'15MF3',10602,56862,114300
'15MF3',10602,56862,115100
'15MF3',10602,56862,115800
'15MF3',10602,56862,120600
'15MF3',10602,56862,121500
'15MF3',10602,56862,122200
'15MF3',10602,56862,122800
'15MF3',10602,56862,123500
'15MF3',10602,56862,124300
'15MF3',10602,56862,125000
'15MF3',10602,56862,125800
'15MF3',10602,56862,130500
'15MF3',10602,56862,131100
'15MF3',10602,56862,131700
'15MF3',10602,56862,132300
'15MF3',10602,56862,132900
'15MF3',10602,56862,133600
'15MF3',10602,56862,134200
'15MF3',10602,56862,134800
'15MF3',10602,56862,135600
'15MF3',10602,56862,140300
'15MF3',10602,56862,141100
'15MF3',10602,56862,141900
'15MF3',10602,56862,142600
'15MF3',10602,56862,143200
'15MF3',10602,56862,143700
'15MF3',10602,56862,144300
'15MF3',10602,56862,145100
'15MF3',10602,56862,145900
'15MF3',10602,56862,150600
'15MF3',10602,56862,151300
'15MF3',10602,56862,152000
'15MF3',10602,56862,152700
'15MF3',10602,56862,153400
'15MF3',10602,56862,154000
'15MF3',10602,56862,154700
'15MF3',10602,56862,155500
'15MF3',10602,56862,160300
'15MF3',10602,56862,161100
'15MF3',10602,56862,161800
'15MF3',10602,56862,162500
'15MF3',10602,56862,163200
'15MF3',10602,56862,164000
'15MF3',10602,56862,164800
'15MF3',10602,56862,165600
'15MF3',10602,56862,170400
'15MF3',10602,56862,171100
'15MF3',10602,56862,171900
'15MF3',10602,56862,172600
'15MF3',10602,56862,173200
'15MF3',10602,56862,173700
'15MF3',10602,56862,174300
'15MF3',10602,56862,174800
'15MF3',10602,56862,175400
'15MF3',10602,56862,180000
'15MF3',10602,56862,180700
'15MF3',10602,56862,181700
'15MF3',10602,56862,182700
'15MF3',10602,56862,183700
'15MF3',10602,56862,184700
'15MF3',10602,56862,185700
'15MF3',10602,56862,190700
'15MF3',10602,56862,191900
'15MF3',10602,56862,193400
'15MF3',10602,56862,194900
'15MF3',10602,56862,200600
'15MF3',10602,56862,202600
'15MF3',10602,56862,204500
'15MF3',10602,56862,210500
'15MF3',10602,56862,212500
'15MF3',10602,56862,214500
'15MF3',10602,56862,220300
'15MF3',10602,56862,222100
'15MF3',10602,56862,223800
'15MF3',10602,56862,225600
'15MF3',10602,56862,231400
'15MF3',10602,56862,233200
'15MF3',10602,56862,235100
'15MF3',10602,56862,241000
'15MF3',10602,56862,243900
'15MF3',10602,56862,250600
'15MF3',10602,56862,253600
'15MI',10602,56862,51800
'15MI',10602,56862,54800
'15MI',10602,56862,61800
'15MI',10602,56862,64800
'15MI',10602,56862,71800
'15MI',10602,56862,74800
'15MI',10602,56862,81800
'15MI',10602,56862,84700
'15MI',10602,56862,91500
'15MI',10602,56862,93500
'15MI',10602,56862,95500
'15MI',10602,56862,100900
'15MI',10602,56862,102300
'15MI',10602,56862,103500
'15MI',10602,56862,104500
'15MI',10602,56862,105500
'15MI',10602,56862,110500
'15MI',10602,56862,111500
'15MI',10602,56862,112500
'15MI',10602,56862,113500
'15MI',10602,56862,114300
'15MI',10602,56862,115100
'15MI',10602,56862,115800
'15MI',10602,56862,120600
'15MI',10602,56862,121500
'15MI',10602,56862,122200
'15MI',10602,56862,122800
'15MI',10602,56862,123500
'15MI',10602,56862,124300
'15MI',10602,56862,125000
'15MI',10602,56862,125800
'15MI',10602,56862,130500
'15MI',10602,56862,131100
'15MI',10602,56862,131700
'15MI',10602,56862,132300
'15MI',10602,56862,132900
'15MI',10602,56862,133600
'15MI',10602,56862,134200
'15MI',10602,56862,134800
'15MI',10602,56862,135600
'15MI',10602,56862,140300
'15MI',10602,56862,141100
'15MI',10602,56862,141900
'15MI',10602,56862,142600
'15MI',10602,56862,143200
'15MI',10602,56862,143700
'15MI',10602,56862,144300
'15MI',10602,56862,145100
'15MI',10602,56862,145900
'15MI',10602,56862,150600
'15MI',10602,56862,151300
'15MI',10602,56862,152000
'15MI',10602,56862,152700
'15MI',10602,56862,153400
'15MI',10602,56862,154000
'15MI',10602,56862,154700
'15MI',10602,56862,155500
'15MI',10602,56862,160300
'15MI',10602,56862,161100
'15MI',10602,56862,161800
'15MI',10602,56862,162500
'15MI',10602,56862,163200
'15MI',10602,56862,164000
'15MI',10602,56862,164800
'15MI',10602,56862,165600
'15MI',10602,56862,170400
'15MI',10602,56862,171100
'15MI',10602,56862,171900
'15MI',10602,56862,172600
'15MI',10602,56862,173200
'15MI',10602,56862,173700
'15MI',10602,56862,174300
'15MI',10602,56862,174800
'15MI',10602,56862,175400
'15MI',10602,56862,180000
'15MI',10602,56862,180700
'15MI',10602,56862,181700
'15MI',10602,56862,182700
'15MI',10602,56862,183700
'15MI',10602,56862,184700
'15MI',10602,56862,185700
'15MI',10602,56862,190700
'15MI',10602,56862,191900
'15MI',10602,56862,193400
'15MI',10602,56862,194900
'15MI',10602,56862,200600
'15MI',10602,56862,202600
'15MI',10602,56862,204500
'15MI',10602,56862,210500
'15MI',10602,56862,212500
'15MI',10602,56862,214500
'15MI',10602,56862,220300
'15MI',10602,56862,222100
'15MI',10602,56862,223800
'15MI',10602,56862,225600
'15MI',10602,56862,231400
'15MI',10602,56862,233200
'15MI',10602,56862,235100
'15MI',10602,56862,241000
'15MI',10602,56862,243900
'15MI',10602,56862,250600
'15MI',10602,56862,253600
'15MS',10602,56862,52800
'15MS',10602,56862,55300
'15MS',10602,56862,61800
'15MS',10602,56862,64300
'15MS',10602,56862,71000
'15MS',10602,56862,72700
'15MS',10602,56862,74000
'15MS',10602,56862,75300
'15MS',10602,56862,80600
'15MS',10602,56862,82100
'15MS',10602,56862,83900
'15MS',10602,56862,85800
'15MS',10602,56862,91500
'15MS',10602,56862,93300
'15MS',10602,56862,95100
'15MS',10602,56862,100700
'15MS',10602,56862,101600
'15MS',10602,56862,102400
'15MS',10602,56862,103200
'15MS',10602,56862,104100
'15MS',10602,56862,104800
'15MS',10602,56862,105500
'15MS',10602,56862,110200
'15MS',10602,56862,110900
'15MS',10602,56862,111700
'15MS',10602,56862,112600
'15MS',10602,56862,113500
'15MS',10602,56862,114400
'15MS',10602,56862,115300
'15MS',10602,56862,120100
'15MS',10602,56862,120700
'15MS',10602,56862,121200
'15MS',10602,56862,121800
'15MS',10602,56862,122400
'15MS',10602,56862,123000
'15MS',10602,56862,123500
'15MS',10602,56862,124000
'15MS',10602,56862,124900
'15MS',10602,56862,125700
'15MS',10602,56862,130500
'15MS',10602,56862,131400
'15MS',10602,56862,132200
'15MS',10602,56862,132800
'15MS',10602,56862,133300
'15MS',10602,56862,133900
'15MS',10602,56862,134500
'15MS',10602,56862,135300
'15MS',10602,56862,140100
'15MS',10602,56862,140900
'15MS',10602,56862,141700
'15MS',10602,56862,142300
'15MS',10602,56862,143000
'15MS',10602,56862,143800
'15MS',10602,56862,144500
'15MS',10602,56862,145200
'15MS',10602,56862,145900
'15MS',10602,56862,150600
'15MS',10602,56862,151400
'15MS',10602,56862,152100
'15MS',10602,56862,152800
'15MS',10602,56862,153500
'15MS',10602,56862,184600
'15MS',10602,56862,185300
'15MS',10602,56862,190100
'15MS',10602,56862,190800
'15MS',10602,56862,191500
'15MS',10602,56862,192300
'15MS',10602,56862,193000
'15MS',10602,56862,193700
'15MS',10602,56862,194500
'15MS',10602,56862,195300
'15MS',10602,56862,200100
'15MS',10602,56862,200800
'15MS',10602,56862,201600
'15MS',10602,56862,202500
'15MS',10602,56862,203500
'15MS',10602,56862,204400
'15MS',10602,56862,205400
'15MS',10602,56862,210400
'15MS',10602,56862,211300
'15MS',10602,56862,212100
'15MS',10602,56862,212800
'15MS',10602,56862,213400
'15MS',10602,56862,214100
'15MS',10602,56862,214800
'15MS',10602,56862,215400
'15MS',10602,56862,220500
'15MS',10602,56862,221500
'15MS',10602,56862,222600
'15MS',10602,56862,223800
'15MS',10602,56862,225000
'15MS',10602,56862,230000
'15MS',10602,56862,231000
'15MS',10602,56862,232100
'15MS',10602,56862,233500
'15MS',10602,56862,235000
'15MS',10602,56862,241100
'15MS',10602,56862,243100
'15MS',10602,56862,245000
'15MS',10602,56862,251300
'15MS',10602,56862,253700
'15MA',35002,56862,261000
'15MA',35002,56862,265000
'15MA',35002,56862,272000
'15MA',35002,56862,274000
'15MA',35002,56862,275200
'15MA',35002,56862,280300
'15MA',35002,56862,281300
'15MA',35002,56862,282300
'15MA',35002,56862,283400
'15MA',35002,56862,284600
'15MA',35002,56862,290600
'15MA',35002,56862,293100
'15MF1',35002,56862,261000
'15MF1',35002,56862,265000
'15MF1',35002,56862,272000
'15MF1',35002,56862,274000
'15MF1',35002,56862,275200
'15MF1',35002,56862,280300
'15MF1',35002,56862,281300
'15MF1',35002,56862,282300
'15MF1',35002,56862,283400
'15MF1',35002,56862,284600
'15MF1',35002,56862,290600
'15MF1',35002,56862,293100
'15MF2',35002,56862,261000
'15MF2',35002,56862,265000
'15MF2',35002,56862,272000
'15MF2',35002,56862,274000
'15MF2',35002,56862,275200
'15MF2',35002,56862,280300
'15MF2',35002,56862,281300
'15MF2',35002,56862,282300
'15MF2',35002,56862,283400
'15MF2',35002,56862,284600
'15MF2',35002,56862,290600
'15MF2',35002,56862,293100
'15MF3',35002,56862,260000
'15MF3',35002,56862,262700
'15MF3',35002,56862,265400
'15MF3',35002,56862,272100
'15MF3',35002,56862,274800
'15MF3',35002,56862,281400
'15MF3',35002,56862,284000
'15MF3',35002,56862,290600
'15MI',35002,56862,260000
'15MI',35002,56862,262700
'15MI',35002,56862,265400
'15MI',35002,56862,272100
'15MI',35002,56862,274800
'15MI',35002,56862,281400
'15MI',35002,56862,284000
'15MI',35002,56862,290600
'15MS',35002,56862,260500
'15MS',35002,56862,265000
'15MS',35002,56862,271400
'15MS',35002,56862,273700
'15MS',35002,56862,275200
'15MS',35002,56862,280800
'15MS',35002,56862,282400
'15MS',35002,56862,283800
'15MS',35002,56862,285200
'15MS',35002,56862,291200
'15MS',40602,56862,154100
'15MS',40602,56862,154700
'15MS',40602,56862,155100
'15MS',40602,56862,155500
'15MS',40602,56862,155900
'15MS',40602,56862,160400
'15MS',40602,56862,160800
'15MS',40602,56862,161200
'15MS',40602,56862,161600
'15MS',40602,56862,162000
'15MS',40602,56862,162400
'15MS',40602,56862,162700
'15MS',40602,56862,163000
'15MS',40602,56862,163400
'15MS',40602,56862,163800
'15MS',40602,56862,164300
'15MS',40602,56862,164600
'15MS',40602,56862,165000
'15MS',40602,56862,165300
'15MS',40602,56862,165600
'15MS',40602,56862,170000
'15MS',40602,56862,170400
'15MS',40602,56862,170700
'15MS',40602,56862,171100
'15MS',40602,56862,171400
'15MS',40602,56862,171700
'15MS',40602,56862,172100
'15MS',40602,56862,172600
'15MS',40602,56862,173000
'15MS',40602,56862,173300
'15MS',40602,56862,173700
'15MS',40602,56862,174100
'15MS',40602,56862,174400
'15MS',40602,56862,174700
'15MS',40602,56862,175000
'15MS',40602,56862,175300
'15MS',40602,56862,175600
'15MS',40602,56862,180000
'15MS',40602,56862,180400
'15MS',40602,56862,180700
'15MS',40602,56862,181200
'15MS',40602,56862,181600
'15MS',40602,56862,182200
'15MS',40602,56862,182800
'15MS',40602,56862,183400
'15MS',40602,56862,184000
