'14NS',4601,51674,61500
'14NS',4601,51674,64500
'14NS',4601,51674,71600
'14NS',4601,51674,74600
'14NS',4601,51674,82000
'14NS',4601,51674,85000
'14NS',4601,51674,92200
'14NS',4601,51674,95600
'14NS',4601,51674,102700
'14NS',4601,51674,105700
'14NS',4601,51674,112700
'14NS',4601,51674,115700
'14NS',4601,51674,122700
'14NS',4601,51674,125800
'14NS',4601,51674,132900
'14NS',4601,51674,140000
'14NS',4601,51674,143100
'14NS',4601,51674,150200
'14NS',4601,51674,153700
'14NS',4601,51674,161100
'14NS',4601,51674,164500
'14NS',4601,51674,171900
'14NS',4601,51674,175300
'14NS',4601,51674,182600
'14NS',4601,51674,190000
