'14MF2',46001,50561,55800
'14MF2',46001,50561,62900
'14MF2',46001,50561,70200
'14MF2',46001,50561,71600
'14MF2',46001,50561,73900
'14MF2',46001,50561,80300
'14MF2',46001,50561,83300
'14MF2',46001,50561,90300
'14MF2',46001,50561,93200
'14MF2',46001,50561,100100
'14MF2',46001,50561,151700
'14MF2',46001,50561,153400
'14MF2',46001,50561,155400
'14MF2',46001,50561,160900
'14MF2',46001,50561,162500
'14MF2',46001,50561,164000
'14MF2',46001,50561,165500
'14MF2',46001,50561,170800
'14MF2',46001,50561,172200
'14MF2',46001,50561,173600
'14MF2',46001,50561,175000
'14MF2',46001,50561,180700
'14MF2',46001,50561,182600
'14MF2',46001,50561,184600
'14MF2',46001,50561,190600
'14MF2',46001,50561,192500
'14MF2',46001,50561,194500
'14MF2',46001,50561,200600
'14MF2',46001,50671,60200
'14MF2',46001,50671,63300
'14MF2',46001,50671,70600
'14MF2',46001,50671,72000
'14MF2',46001,50671,74300
'14MF2',46001,50671,80700
'14MF2',46001,50671,83700
'14MF2',46001,50671,90700
'14MF2',46001,50671,93600
'14MF2',46001,50671,100500
'14MF2',46001,50671,152200
'14MF2',46001,50671,153900
'14MF2',46001,50671,155900
'14MF2',46001,50671,161400
'14MF2',46001,50671,163000
'14MF2',46001,50671,164500
'14MF2',46001,50671,170000
'14MF2',46001,50671,171200
'14MF2',46001,50671,172600
'14MF2',46001,50671,174000
'14MF2',46001,50671,175400
'14MF2',46001,50671,181100
'14MF2',46001,50671,183000
'14MF2',46001,50671,185000
'14MF2',46001,50671,191000
'14MF2',46001,50671,192900
'14MF2',46001,50671,194900
'14MF2',46001,50671,201000
'14MF2',46001,50770,60400
'14MF2',46001,50770,63500
'14MF2',46001,50770,70800
'14MF2',46001,50770,72200
'14MF2',46001,50770,74500
'14MF2',46001,50770,80900
'14MF2',46001,50770,83900
'14MF2',46001,50770,90900
'14MF2',46001,50770,93700
'14MF2',46001,50770,100600
'14MF2',46001,50770,152400
'14MF2',46001,50770,154100
'14MF2',46001,50770,160100
'14MF2',46001,50770,161600
'14MF2',46001,50770,163200
'14MF2',46001,50770,164700
'14MF2',46001,50770,170200
'14MF2',46001,50770,171400
'14MF2',46001,50770,172800
'14MF2',46001,50770,174200
'14MF2',46001,50770,175500
'14MF2',46001,50770,181200
'14MF2',46001,50770,183100
'14MF2',46001,50770,185100
'14MF2',46001,50770,191100
'14MF2',46001,50770,193000
'14MF2',46001,50770,195000
'14MF2',46001,50770,201100
'14MF2',46001,50977,60600
'14MF2',46001,50977,63800
'14MF2',46001,50977,71100
'14MF2',46001,50977,72500
'14MF2',46001,50977,74800
'14MF2',46001,50977,81200
'14MF2',46001,50977,84200
'14MF2',46001,50977,91200
'14MF2',46001,50977,93900
'14MF2',46001,50977,100800
'14MF2',46001,50977,152800
'14MF2',46001,50977,154500
'14MF2',46001,50977,160500
'14MF2',46001,50977,162000
'14MF2',46001,50977,163600
'14MF2',46001,50977,165100
'14MF2',46001,50977,170600
'14MF2',46001,50977,171800
'14MF2',46001,50977,173200
'14MF2',46001,50977,174500
'14MF2',46001,50977,175800
'14MF2',46001,50977,181500
'14MF2',46001,50977,183400
'14MF2',46001,50977,185400
'14MF2',46001,50977,191300
'14MF2',46001,50977,193200
'14MF2',46001,50977,195200
'14MF2',46001,50977,201300
'14MF2',46001,51178,60800
'14MF2',46001,51178,64000
'14MF2',46001,51178,71300
'14MF2',46001,51178,72700
'14MF2',46001,51178,75000
'14MF2',46001,51178,81400
'14MF2',46001,51178,84400
'14MF2',46001,51178,91300
'14MF2',46001,51178,94100
'14MF2',46001,51178,101000
'14MF2',46001,51178,153000
'14MF2',46001,51178,154700
'14MF2',46001,51178,160700
'14MF2',46001,51178,162200
'14MF2',46001,51178,163800
'14MF2',46001,51178,165300
'14MF2',46001,51178,170800
'14MF2',46001,51178,172000
'14MF2',46001,51178,173400
'14MF2',46001,51178,174700
'14MF2',46001,51178,175900
'14MF2',46001,51178,181600
'14MF2',46001,51178,183500
'14MF2',46001,51178,185500
'14MF2',46001,51178,191500
'14MF2',46001,51178,193400
'14MF2',46001,51178,195400
'14MF2',46001,51178,201500
'14MF2',46001,51343,61000
'14MF2',46001,51343,64200
'14MF2',46001,51343,71500
'14MF2',46001,51343,73000
'14MF2',46001,51343,75300
'14MF2',46001,51343,81700
'14MF2',46001,51343,84700
'14MF2',46001,51343,91500
'14MF2',46001,51343,94300
'14MF2',46001,51343,101200
'14MF2',46001,51343,153300
'14MF2',46001,51343,155000
'14MF2',46001,51343,161000
'14MF2',46001,51343,162500
'14MF2',46001,51343,164100
'14MF2',46001,51343,165600
'14MF2',46001,51343,171100
'14MF2',46001,51343,172300
'14MF2',46001,51343,173700
'14MF2',46001,51343,174900
'14MF2',46001,51343,180100
'14MF2',46001,51343,181800
'14MF2',46001,51343,183700
'14MF2',46001,51343,185700
'14MF2',46001,51343,191700
'14MF2',46001,51343,193600
'14MF2',46001,51343,195600
'14MF2',46001,51343,201700
'14MF2',46001,51472,61100
'14MF2',46001,51472,64400
'14MF2',46001,51472,71700
'14MF2',46001,51472,73200
'14MF2',46001,51472,75500
'14MF2',46001,51472,81900
'14MF2',46001,51472,84900
'14MF2',46001,51472,91700
'14MF2',46001,51472,94400
'14MF2',46001,51472,101300
'14MF2',46001,51472,153500
'14MF2',46001,51472,155200
'14MF2',46001,51472,161200
'14MF2',46001,51472,162700
'14MF2',46001,51472,164300
'14MF2',46001,51472,165800
'14MF2',46001,51472,171300
'14MF2',46001,51472,172500
'14MF2',46001,51472,173900
'14MF2',46001,51472,175100
'14MF2',46001,51472,180300
'14MF2',46001,51472,182000
'14MF2',46001,51472,183900
'14MF2',46001,51472,185900
'14MF2',46001,51472,191800
'14MF2',46001,51472,193700
'14MF2',46001,51472,195700
'14MF2',46001,51472,201800
'14MF2',46001,51540,61200
'14MF2',46001,51540,64500
'14MF2',46001,51540,71800
'14MF2',46001,51540,73300
'14MF2',46001,51540,75600
'14MF2',46001,51540,82000
'14MF2',46001,51540,85000
'14MF2',46001,51540,91800
'14MF2',46001,51540,94500
'14MF2',46001,51540,101400
'14MF2',46001,51541,153700
'14MF2',46001,51541,155400
'14MF2',46001,51541,161400
'14MF2',46001,51541,162900
'14MF2',46001,51541,164500
'14MF2',46001,51541,170000
'14MF2',46001,51541,171500
'14MF2',46001,51541,172700
'14MF2',46001,51541,174100
'14MF2',46001,51541,175300
'14MF2',46001,51541,180500
'14MF2',46001,51541,182200
'14MF2',46001,51541,184100
'14MF2',46001,51541,190100
'14MF2',46001,51541,192000
'14MF2',46001,51541,193900
'14MF2',46001,51541,195900
'14MF2',46001,51541,202000
'14MF2',46001,51548,154000
'14MF2',46001,51548,155700
'14MF2',46001,51548,161700
'14MF2',46001,51548,163200
'14MF2',46001,51548,164800
'14MF2',46001,51548,170300
'14MF2',46001,51548,171800
'14MF2',46001,51548,173000
'14MF2',46001,51548,174400
'14MF2',46001,51548,175500
'14MF2',46001,51548,180700
'14MF2',46001,51548,182400
'14MF2',46001,51548,184300
'14MF2',46001,51548,190300
'14MF2',46001,51548,192200
'14MF2',46001,51548,194100
'14MF2',46001,51548,200100
'14MF2',46001,51548,202200
'14MF2',46001,54589,62500
'14MF2',46001,54589,65800
'14MF2',46001,54589,73100
'14MF2',46001,54589,74600
'14MF2',46001,54589,80900
'14MF2',46001,54589,83300
'14MF2',46001,54589,90300
'14MF2',46001,54589,93100
'14MF2',46001,54589,95800
'14MF2',46001,54589,102700
'14MF2',46001,54589,155700
'14MF2',46001,54589,161400
'14MF2',46001,54589,163400
'14MF2',46001,54589,164900
'14MF2',46001,54589,170500
'14MF2',46001,54589,171900
'14MF2',46001,54589,173400
'14MF2',46001,54589,174600
'14MF2',46001,54589,175900
'14MF2',46001,54589,181000
'14MF2',46001,54589,182200
'14MF2',46001,54589,183900
'14MF2',46001,54589,185800
'14MF2',46001,54589,191600
'14MF2',46001,54589,193500
'14MF2',46001,54589,195400
'14MF2',46001,54589,201400
'14MF2',46001,54589,203500
'14MF2',46001,54921,61700
'14MF2',46001,54921,65000
'14MF2',46001,54921,72300
'14MF2',46001,54921,73800
'14MF2',46001,54921,80100
'14MF2',46001,54921,82500
'14MF2',46001,54921,85500
'14MF2',46001,54921,92300
'14MF2',46001,54921,95000
'14MF2',46001,54921,101900
'14MF2',46001,54921,154700
'14MF2',46001,54921,160400
'14MF2',46001,54921,162400
'14MF2',46001,54921,163900
'14MF2',46001,54921,165500
'14MF2',46001,54921,170900
'14MF2',46001,54921,172400
'14MF2',46001,54921,173600
'14MF2',46001,54921,175000
'14MF2',46001,54921,180100
'14MF2',46001,54921,181300
'14MF2',46001,54921,183000
'14MF2',46001,54921,184900
'14MF2',46001,54921,190800
'14MF2',46001,54921,192700
'14MF2',46001,54921,194600
'14MF2',46001,54921,200600
'14MF2',46001,54921,202700
'14MF2',46001,54981,62100
'14MF2',46001,54981,65400
'14MF2',46001,54981,72700
'14MF2',46001,54981,74200
'14MF2',46001,54981,80500
'14MF2',46001,54981,82900
'14MF2',46001,54981,85900
'14MF2',46001,54981,92700
'14MF2',46001,54981,95400
'14MF2',46001,54981,102300
'14MF2',46001,54981,155200
'14MF2',46001,54981,160900
'14MF2',46001,54981,162900
'14MF2',46001,54981,164400
'14MF2',46001,54981,170000
'14MF2',46001,54981,171400
'14MF2',46001,54981,172900
'14MF2',46001,54981,174100
'14MF2',46001,54981,175500
'14MF2',46001,54981,180600
'14MF2',46001,54981,181800
'14MF2',46001,54981,183500
'14MF2',46001,54981,185400
'14MF2',46001,54981,191200
'14MF2',46001,54981,193100
'14MF2',46001,54981,195000
'14MF2',46001,54981,201000
'14MF2',46001,54981,203100
'14MF2',46001,55011,61600
'14MF2',46001,55011,64900
'14MF2',46001,55011,72200
'14MF2',46001,55011,73700
'14MF2',46001,55011,80000
'14MF2',46001,55011,82400
'14MF2',46001,55011,85400
'14MF2',46001,55011,92200
'14MF2',46001,55011,94900
'14MF2',46001,55011,101800
'14MF2',46001,55011,154400
'14MF2',46001,55011,160100
'14MF2',46001,55011,162100
'14MF2',46001,55011,163600
'14MF2',46001,55011,165200
'14MF2',46001,55011,170600
'14MF2',46001,55011,172100
'14MF2',46001,55011,173300
'14MF2',46001,55011,174700
'14MF2',46001,55011,175900
'14MF2',46001,55011,181100
'14MF2',46001,55011,182800
'14MF2',46001,55011,184700
'14MF2',46001,55011,190600
'14MF2',46001,55011,192500
'14MF2',46001,55011,194400
'14MF2',46001,55011,200400
'14MF2',46001,55011,202500
'14MF2',46001,55015,154100
'14MF2',46001,55015,155800
'14MF2',46001,55015,161800
'14MF2',46001,55015,163300
'14MF2',46001,55015,164900
'14MF2',46001,55015,170400
'14MF2',46001,55015,171900
'14MF2',46001,55015,173100
'14MF2',46001,55015,174500
'14MF2',46001,55015,175600
'14MF2',46001,55015,180800
'14MF2',46001,55015,182500
'14MF2',46001,55015,184400
'14MF2',46001,55015,190400
'14MF2',46001,55015,192300
'14MF2',46001,55015,194200
'14MF2',46001,55015,200200
'14MF2',46001,55015,202300
'14MF2',46001,55016,61400
'14MF2',46001,55016,64700
'14MF2',46001,55016,72000
'14MF2',46001,55016,73500
'14MF2',46001,55016,75800
'14MF2',46001,55016,82200
'14MF2',46001,55016,85200
'14MF2',46001,55016,92000
'14MF2',46001,55016,94700
'14MF2',46001,55016,101600
'14MF2',46001,55026,62000
'14MF2',46001,55026,65300
'14MF2',46001,55026,72600
'14MF2',46001,55026,74100
'14MF2',46001,55026,80400
'14MF2',46001,55026,82800
'14MF2',46001,55026,85800
'14MF2',46001,55026,92600
'14MF2',46001,55026,95300
'14MF2',46001,55026,102200
'14MF2',46001,55026,155100
'14MF2',46001,55026,160800
'14MF2',46001,55026,162800
'14MF2',46001,55026,164300
'14MF2',46001,55026,165900
'14MF2',46001,55026,171300
'14MF2',46001,55026,172800
'14MF2',46001,55026,174000
'14MF2',46001,55026,175400
'14MF2',46001,55026,180500
'14MF2',46001,55026,181700
'14MF2',46001,55026,183400
'14MF2',46001,55026,185300
'14MF2',46001,55026,191100
'14MF2',46001,55026,193000
'14MF2',46001,55026,194900
'14MF2',46001,55026,200900
'14MF2',46001,55026,203000
'14MF2',46001,55468,144700
'14MF2',46001,55468,150300
'14MF2',46001,55468,151900
'14MF2',46001,55468,153400
'14MF2',46001,55468,155000
'14MF2',46001,55468,160500
'14MF2',46001,55468,162000
'14MF2',46001,55468,163500
'14MF2',46001,55468,165000
'14MF2',46001,55468,170500
'14MF2',46001,55468,172000
'14MF2',46001,55468,174000
'14MF2',46001,55468,175900
'14MF2',46001,55468,181900
'14MF2',46001,55468,183900
'14MF2',46001,55468,185900
'14MF2',46001,55468,191900
'14MF2',46001,55468,194000
'14MF2',46001,55480,53900
'14MF2',46001,55480,60900
'14MF2',46001,55480,64100
'14MF2',46001,55480,65400
'14MF2',46001,55480,71600
'14MF2',46001,55480,74100
'14MF2',46001,55480,81100
'14MF2',46001,55480,84100
'14MF2',46001,55480,91100
'14MF2',46001,55480,94000
'14MF2',46001,55480,144900
'14MF2',46001,55480,150500
'14MF2',46001,55480,152100
'14MF2',46001,55480,153600
'14MF2',46001,55480,155200
'14MF2',46001,55480,160700
'14MF2',46001,55480,162200
'14MF2',46001,55480,163700
'14MF2',46001,55480,165200
'14MF2',46001,55480,170700
'14MF2',46001,55480,172200
'14MF2',46001,55480,174200
'14MF2',46001,55480,180100
'14MF2',46001,55480,182100
'14MF2',46001,55480,184100
'14MF2',46001,55480,190000
'14MF2',46001,55480,192000
'14MF2',46001,55480,194100
'14MF2',46001,55520,145000
'14MF2',46001,55520,150600
'14MF2',46001,55520,152200
'14MF2',46001,55520,153700
'14MF2',46001,55520,155300
'14MF2',46001,55520,160800
'14MF2',46001,55520,162300
'14MF2',46001,55520,163800
'14MF2',46001,55520,165300
'14MF2',46001,55520,170800
'14MF2',46001,55520,172300
'14MF2',46001,55520,174300
'14MF2',46001,55520,180200
'14MF2',46001,55520,182200
'14MF2',46001,55520,184200
'14MF2',46001,55520,190200
'14MF2',46001,55520,192200
'14MF2',46001,55520,194300
'14MF2',46001,55541,145100
'14MF2',46001,55541,150700
'14MF2',46001,55541,152300
'14MF2',46001,55541,153800
'14MF2',46001,55541,155400
'14MF2',46001,55541,160900
'14MF2',46001,55541,162400
'14MF2',46001,55541,163900
'14MF2',46001,55541,165400
'14MF2',46001,55541,170900
'14MF2',46001,55541,172400
'14MF2',46001,55541,174400
'14MF2',46001,55541,180300
'14MF2',46001,55541,182300
'14MF2',46001,55541,184300
'14MF2',46001,55541,190200
'14MF2',46001,55541,192200
'14MF2',46001,55541,194300
'14MF2',46001,55601,54200
'14MF2',46001,55601,61200
'14MF2',46001,55601,64400
'14MF2',46001,55601,65700
'14MF2',46001,55601,72000
'14MF2',46001,55601,74400
'14MF2',46001,55601,81400
'14MF2',46001,55601,84400
'14MF2',46001,55601,91400
'14MF2',46001,55601,94300
'14MF2',46001,55601,145300
'14MF2',46001,55601,150900
'14MF2',46001,55601,152500
'14MF2',46001,55601,154000
'14MF2',46001,55601,155600
'14MF2',46001,55601,161100
'14MF2',46001,55601,162600
'14MF2',46001,55601,164100
'14MF2',46001,55601,165600
'14MF2',46001,55601,171100
'14MF2',46001,55601,172600
'14MF2',46001,55601,174600
'14MF2',46001,55601,180500
'14MF2',46001,55601,182500
'14MF2',46001,55601,184500
'14MF2',46001,55601,190400
'14MF2',46001,55601,192400
'14MF2',46001,55601,194500
'14MF2',46001,55622,145400
'14MF2',46001,55622,151000
'14MF2',46001,55622,152600
'14MF2',46001,55622,154100
'14MF2',46001,55622,155700
'14MF2',46001,55622,161200
'14MF2',46001,55622,162700
'14MF2',46001,55622,164200
'14MF2',46001,55622,165700
'14MF2',46001,55622,171200
'14MF2',46001,55622,172700
'14MF2',46001,55622,174600
'14MF2',46001,55622,180500
'14MF2',46001,55622,182500
'14MF2',46001,55622,184500
'14MF2',46001,55622,190500
'14MF2',46001,55622,192500
'14MF2',46001,55622,194600
'14MF2',46001,55644,150100
'14MF2',46001,55644,151700
'14MF2',46001,55644,153300
'14MF2',46001,55644,154800
'14MF2',46001,55644,160400
'14MF2',46001,55644,161900
'14MF2',46001,55644,163400
'14MF2',46001,55644,164900
'14MF2',46001,55644,170400
'14MF2',46001,55644,171800
'14MF2',46001,55644,173300
'14MF2',46001,55644,175200
'14MF2',46001,55644,181100
'14MF2',46001,55644,183100
'14MF2',46001,55644,185100
'14MF2',46001,55644,191100
'14MF2',46001,55644,193100
'14MF2',46001,55644,195200
'14MF2',46001,55670,150200
'14MF2',46001,55670,151800
'14MF2',46001,55670,153400
'14MF2',46001,55670,154900
'14MF2',46001,55670,160500
'14MF2',46001,55670,162000
'14MF2',46001,55670,163500
'14MF2',46001,55670,165000
'14MF2',46001,55670,170500
'14MF2',46001,55670,171900
'14MF2',46001,55670,173400
'14MF2',46001,55670,175300
'14MF2',46001,55670,181200
'14MF2',46001,55670,183200
'14MF2',46001,55670,185200
'14MF2',46001,55670,191100
'14MF2',46001,55670,193100
'14MF2',46001,55670,195200
'14MF2',46001,55671,150000
'14MF2',46001,55671,151600
'14MF2',46001,55671,153200
'14MF2',46001,55671,154700
'14MF2',46001,55671,160300
'14MF2',46001,55671,161800
'14MF2',46001,55671,163300
'14MF2',46001,55671,164800
'14MF2',46001,55671,170300
'14MF2',46001,55671,171700
'14MF2',46001,55671,173200
'14MF2',46001,55671,175100
'14MF2',46001,55671,181000
'14MF2',46001,55671,183000
'14MF2',46001,55671,185000
'14MF2',46001,55671,191000
'14MF2',46001,55671,193000
'14MF2',46001,55671,195100
'14MF2',46001,55702,150300
'14MF2',46001,55702,151900
'14MF2',46001,55702,153500
'14MF2',46001,55702,155000
'14MF2',46001,55702,160600
'14MF2',46001,55702,162100
'14MF2',46001,55702,163600
'14MF2',46001,55702,165100
'14MF2',46001,55702,170600
'14MF2',46001,55702,172100
'14MF2',46001,55702,173600
'14MF2',46001,55702,175500
'14MF2',46001,55702,181400
'14MF2',46001,55702,183400
'14MF2',46001,55702,185400
'14MF2',46001,55702,191300
'14MF2',46001,55702,193300
'14MF2',46001,55702,195400
'14MF2',46001,55842,145200
'14MF2',46001,55842,150800
'14MF2',46001,55842,152400
'14MF2',46001,55842,153900
'14MF2',46001,55842,155500
'14MF2',46001,55842,161000
'14MF2',46001,55842,162500
'14MF2',46001,55842,164000
'14MF2',46001,55842,165500
'14MF2',46001,55842,171000
'14MF2',46001,55842,172500
'14MF2',46001,55842,174400
'14MF2',46001,55842,180300
'14MF2',46001,55842,182300
'14MF2',46001,55842,184300
'14MF2',46001,55842,190300
'14MF2',46001,55842,192300
'14MF2',46001,55842,194400
'14MF2',46001,55844,145300
'14MF2',46001,55844,150900
'14MF2',46001,55844,152500
'14MF2',46001,55844,154000
'14MF2',46001,55844,155600
'14MF2',46001,55844,161100
'14MF2',46001,55844,162600
'14MF2',46001,55844,164100
'14MF2',46001,55844,165600
'14MF2',46001,55844,171000
'14MF2',46001,55844,172500
'14MF2',46001,55844,174500
'14MF2',46001,55844,180400
'14MF2',46001,55844,182400
'14MF2',46001,55844,184400
'14MF2',46001,55844,190400
'14MF2',46001,55844,192400
'14MF2',46001,55844,194500
'14MF2',46001,55851,144900
'14MF2',46001,55851,150500
'14MF2',46001,55851,152100
'14MF2',46001,55851,153600
'14MF2',46001,55851,155200
'14MF2',46001,55851,160700
'14MF2',46001,55851,162200
'14MF2',46001,55851,163700
'14MF2',46001,55851,165200
'14MF2',46001,55851,170700
'14MF2',46001,55851,172200
'14MF2',46001,55851,174200
'14MF2',46001,55851,180100
'14MF2',46001,55851,182100
'14MF2',46001,55851,184100
'14MF2',46001,55851,190100
'14MF2',46001,55851,192100
'14MF2',46001,55851,194200
'14MF2',46001,55907,53900
'14MF2',46001,55907,60900
'14MF2',46001,55907,64100
'14MF2',46001,55907,65400
'14MF2',46001,55907,71600
'14MF2',46001,55907,74100
'14MF2',46001,55907,81100
'14MF2',46001,55907,84100
'14MF2',46001,55907,91100
'14MF2',46001,55907,94000
'14MF2',46001,55907,144800
'14MF2',46001,55907,150400
'14MF2',46001,55907,152000
'14MF2',46001,55907,153500
'14MF2',46001,55907,155100
'14MF2',46001,55907,160600
'14MF2',46001,55907,162100
'14MF2',46001,55907,163600
'14MF2',46001,55907,165100
'14MF2',46001,55907,170600
'14MF2',46001,55907,172100
'14MF2',46001,55907,174100
'14MF2',46001,55907,180000
'14MF2',46001,55907,182000
'14MF2',46001,55907,184000
'14MF2',46001,55907,190000
'14MF2',46001,55907,192000
'14MF2',46001,55907,194100
'14MF2',46001,55937,145800
'14MF2',46001,55937,151400
'14MF2',46001,55937,153000
'14MF2',46001,55937,154500
'14MF2',46001,55937,160100
'14MF2',46001,55937,161600
'14MF2',46001,55937,163100
'14MF2',46001,55937,164600
'14MF2',46001,55937,170100
'14MF2',46001,55937,171600
'14MF2',46001,55937,173100
'14MF2',46001,55937,175000
'14MF2',46001,55937,180900
'14MF2',46001,55937,182900
'14MF2',46001,55937,184900
'14MF2',46001,55937,190900
'14MF2',46001,55937,192900
'14MF2',46001,55937,195000
'14MF2',46001,56106,55200
'14MF2',46001,56106,62200
'14MF2',46001,56106,65500
'14MF2',46001,56106,70900
'14MF2',46001,56106,73200
'14MF2',46001,56106,75600
'14MF2',46001,56106,82600
'14MF2',46001,56106,85600
'14MF2',46001,56106,92500
'14MF2',46001,56106,95400
'14MF2',46001,56106,150900
'14MF2',46001,56106,152500
'14MF2',46001,56106,154200
'14MF2',46001,56106,155700
'14MF2',46001,56106,161300
'14MF2',46001,56106,162800
'14MF2',46001,56106,164300
'14MF2',46001,56106,165800
'14MF2',46001,56106,171200
'14MF2',46001,56106,172600
'14MF2',46001,56106,174100
'14MF2',46001,56106,180000
'14MF2',46001,56106,181900
'14MF2',46001,56106,183900
'14MF2',46001,56106,185900
'14MF2',46001,56106,191800
'14MF2',46001,56106,193800
'14MF2',46001,56106,195900
'14MF2',46001,56110,54300
'14MF2',46001,56110,61300
'14MF2',46001,56110,64600
'14MF2',46001,56110,65900
'14MF2',46001,56110,72100
'14MF2',46001,56110,74600
'14MF2',46001,56110,81600
'14MF2',46001,56110,84600
'14MF2',46001,56110,91600
'14MF2',46001,56110,94500
'14MF2',46001,56110,145500
'14MF2',46001,56110,151100
'14MF2',46001,56110,152700
'14MF2',46001,56110,154200
'14MF2',46001,56110,155800
'14MF2',46001,56110,161300
'14MF2',46001,56110,162800
'14MF2',46001,56110,164300
'14MF2',46001,56110,165800
'14MF2',46001,56110,171300
'14MF2',46001,56110,172800
'14MF2',46001,56110,174800
'14MF2',46001,56110,180700
'14MF2',46001,56110,182700
'14MF2',46001,56110,184700
'14MF2',46001,56110,190600
'14MF2',46001,56110,192600
'14MF2',46001,56110,194700
'14MF2',46001,56139,145700
'14MF2',46001,56139,151300
'14MF2',46001,56139,152900
'14MF2',46001,56139,154400
'14MF2',46001,56139,160000
'14MF2',46001,56139,161500
'14MF2',46001,56139,163000
'14MF2',46001,56139,164500
'14MF2',46001,56139,170000
'14MF2',46001,56139,171400
'14MF2',46001,56139,172900
'14MF2',46001,56139,174900
'14MF2',46001,56139,180800
'14MF2',46001,56139,182800
'14MF2',46001,56139,184800
'14MF2',46001,56139,190700
'14MF2',46001,56139,192700
'14MF2',46001,56139,194800
'14MF2',46001,56141,55300
'14MF2',46001,56141,62400
'14MF2',46001,56141,65700
'14MF2',46001,56141,71000
'14MF2',46001,56141,73300
'14MF2',46001,56141,75700
'14MF2',46001,56141,82700
'14MF2',46001,56141,85700
'14MF2',46001,56141,92700
'14MF2',46001,56141,95600
'14MF2',46001,56141,151100
'14MF2',46001,56141,152700
'14MF2',46001,56141,154500
'14MF2',46001,56141,160000
'14MF2',46001,56141,161600
'14MF2',46001,56141,163100
'14MF2',46001,56141,164600
'14MF2',46001,56141,170000
'14MF2',46001,56141,171500
'14MF2',46001,56141,172900
'14MF2',46001,56141,174300
'14MF2',46001,56141,180100
'14MF2',46001,56141,182000
'14MF2',46001,56141,184000
'14MF2',46001,56141,190000
'14MF2',46001,56141,191900
'14MF2',46001,56141,193900
'14MF2',46001,56141,200000
'14MF2',46001,56145,55500
'14MF2',46001,56145,62600
'14MF2',46001,56145,65900
'14MF2',46001,56145,71200
'14MF2',46001,56145,73500
'14MF2',46001,56145,75900
'14MF2',46001,56145,82900
'14MF2',46001,56145,85900
'14MF2',46001,56145,92900
'14MF2',46001,56145,95800
'14MF2',46001,56145,151300
'14MF2',46001,56145,153000
'14MF2',46001,56145,154800
'14MF2',46001,56145,160300
'14MF2',46001,56145,161900
'14MF2',46001,56145,163400
'14MF2',46001,56145,164900
'14MF2',46001,56145,170300
'14MF2',46001,56145,171700
'14MF2',46001,56145,173100
'14MF2',46001,56145,174600
'14MF2',46001,56145,180300
'14MF2',46001,56145,182200
'14MF2',46001,56145,184200
'14MF2',46001,56145,190200
'14MF2',46001,56145,192100
'14MF2',46001,56145,194100
'14MF2',46001,56145,200200
'14MF2',46001,57311,144500
'14MF2',46001,57311,150100
'14MF2',46001,57311,151700
'14MF2',46001,57311,153200
'14MF2',46001,57311,154800
'14MF2',46001,57311,160300
'14MF2',46001,57311,161800
'14MF2',46001,57311,163300
'14MF2',46001,57311,164800
'14MF2',46001,57311,170300
'14MF2',46001,57311,171800
'14MF2',46001,57311,173800
'14MF2',46001,57311,175700
'14MF2',46001,57311,181700
'14MF2',46001,57311,183700
'14MF2',46001,57311,185700
'14MF2',46001,57311,191700
'14MF2',46001,57311,193800
'14MF2',46001,57312,144400
'14MF2',46001,57312,150000
'14MF2',46001,57312,151600
'14MF2',46001,57312,153100
'14MF2',46001,57312,154700
'14MF2',46001,57312,160200
'14MF2',46001,57312,161700
'14MF2',46001,57312,163200
'14MF2',46001,57312,164700
'14MF2',46001,57312,170200
'14MF2',46001,57312,171700
'14MF2',46001,57312,173700
'14MF2',46001,57312,175600
'14MF2',46001,57312,181600
'14MF2',46001,57312,183600
'14MF2',46001,57312,185600
'14MF2',46001,57312,191600
'14MF2',46001,57312,193700
'14MF2',46001,57313,144300
'14MF2',46001,57313,145900
'14MF2',46001,57313,151500
'14MF2',46001,57313,153000
'14MF2',46001,57313,154500
'14MF2',46001,57313,160000
'14MF2',46001,57313,161500
'14MF2',46001,57313,163000
'14MF2',46001,57313,164500
'14MF2',46001,57313,170000
'14MF2',46001,57313,171500
'14MF2',46001,57313,173500
'14MF2',46001,57313,175500
'14MF2',46001,57313,181500
'14MF2',46001,57313,183500
'14MF2',46001,57313,185500
'14MF2',46001,57313,191500
'14MF2',46001,57313,193600
'14MF2',46001,57314,144400
'14MF2',46001,57314,150000
'14MF2',46001,57314,151600
'14MF2',46001,57314,153100
'14MF2',46001,57314,154600
'14MF2',46001,57314,160100
'14MF2',46001,57314,161600
'14MF2',46001,57314,163100
'14MF2',46001,57314,164600
'14MF2',46001,57314,170100
'14MF2',46001,57314,171600
'14MF2',46001,57314,173600
'14MF2',46001,57314,175600
'14MF2',46001,57314,181600
'14MF2',46001,57314,183600
'14MF2',46001,57314,185600
'14MF2',46001,57314,191600
'14MF2',46001,57314,193700
'14MF2',46001,57343,53700
'14MF2',46001,57343,60700
'14MF2',46001,57343,63900
'14MF2',46001,57343,65200
'14MF2',46001,57343,71400
'14MF2',46001,57343,73900
'14MF2',46001,57343,80900
'14MF2',46001,57343,83900
'14MF2',46001,57343,90900
'14MF2',46001,57343,93800
'14MF2',46001,57343,144600
'14MF2',46001,57343,150200
'14MF2',46001,57343,151800
'14MF2',46001,57343,153300
'14MF2',46001,57343,154900
'14MF2',46001,57343,160400
'14MF2',46001,57343,161900
'14MF2',46001,57343,163400
'14MF2',46001,57343,164900
'14MF2',46001,57343,170400
'14MF2',46001,57343,171900
'14MF2',46001,57343,173900
'14MF2',46001,57343,175800
'14MF2',46001,57343,181800
'14MF2',46001,57343,183800
'14MF2',46001,57343,185800
'14MF2',46001,57343,191800
'14MF2',46001,57343,193900
'14MF2',46001,57357,144600
'14MF2',46001,57357,150200
'14MF2',46001,57357,151800
'14MF2',46001,57357,153300
'14MF2',46001,57357,154900
'14MF2',46001,57357,160400
'14MF2',46001,57357,161900
'14MF2',46001,57357,163400
'14MF2',46001,57357,164900
'14MF2',46001,57357,170400
'14MF2',46001,57357,171900
'14MF2',46001,57357,173900
'14MF2',46001,57357,175800
'14MF2',46001,57357,181800
'14MF2',46001,57357,183800
'14MF2',46001,57357,185800
'14MF2',46001,57357,191800
'14MF2',46001,57357,193900
'14MF2',46001,57362,144200
'14MF2',46001,57362,145800
'14MF2',46001,57362,151400
'14MF2',46001,57362,152900
'14MF2',46001,57362,154500
'14MF2',46001,57362,160000
'14MF2',46001,57362,161500
'14MF2',46001,57362,163000
'14MF2',46001,57362,164500
'14MF2',46001,57362,170000
'14MF2',46001,57362,171500
'14MF2',46001,57362,173500
'14MF2',46001,57362,175400
'14MF2',46001,57362,181400
'14MF2',46001,57362,183400
'14MF2',46001,57362,185400
'14MF2',46001,57362,191500
'14MF2',46001,57362,193600
'14MF2',46001,57505,53000
'14MF2',46001,57505,60000
'14MF2',46001,57505,63200
'14MF2',46001,57505,64500
'14MF2',46001,57505,70600
'14MF2',46001,57505,73100
'14MF2',46001,57505,80100
'14MF2',46001,57505,83100
'14MF2',46001,57505,90100
'14MF2',46001,57505,93100
'14MF2',46001,57505,143700
'14MF2',46001,57505,145300
'14MF2',46001,57505,150900
'14MF2',46001,57505,152400
'14MF2',46001,57505,153900
'14MF2',46001,57505,155400
'14MF2',46001,57505,160900
'14MF2',46001,57505,162400
'14MF2',46001,57505,163900
'14MF2',46001,57505,165400
'14MF2',46001,57505,170900
'14MF2',46001,57505,172900
'14MF2',46001,57505,174900
'14MF2',46001,57505,180900
'14MF2',46001,57505,182900
'14MF2',46001,57505,184900
'14MF2',46001,57505,191000
'14MF2',46001,57505,193100
'14MF2',46001,57523,144200
'14MF2',46001,57523,145800
'14MF2',46001,57523,151400
'14MF2',46001,57523,152900
'14MF2',46001,57523,154400
'14MF2',46001,57523,155900
'14MF2',46001,57523,161400
'14MF2',46001,57523,162900
'14MF2',46001,57523,164400
'14MF2',46001,57523,165900
'14MF2',46001,57523,171400
'14MF2',46001,57523,173400
'14MF2',46001,57523,175400
'14MF2',46001,57523,181400
'14MF2',46001,57523,183400
'14MF2',46001,57523,185400
'14MF2',46001,57523,191400
'14MF2',46001,57523,193500
'14MF2',46001,57524,53300
'14MF2',46001,57524,60300
'14MF2',46001,57524,63500
'14MF2',46001,57524,64800
'14MF2',46001,57524,71000
'14MF2',46001,57524,73500
'14MF2',46001,57524,80500
'14MF2',46001,57524,83500
'14MF2',46001,57524,90500
'14MF2',46001,57524,93400
'14MF2',46001,57524,144100
'14MF2',46001,57524,145700
'14MF2',46001,57524,151300
'14MF2',46001,57524,152800
'14MF2',46001,57524,154300
'14MF2',46001,57524,155800
'14MF2',46001,57524,161300
'14MF2',46001,57524,162800
'14MF2',46001,57524,164300
'14MF2',46001,57524,165800
'14MF2',46001,57524,171300
'14MF2',46001,57524,173300
'14MF2',46001,57524,175300
'14MF2',46001,57524,181300
'14MF2',46001,57524,183300
'14MF2',46001,57524,185300
'14MF2',46001,57524,191400
'14MF2',46001,57524,193500
'14MF2',46001,57525,144000
'14MF2',46001,57525,145600
'14MF2',46001,57525,151200
'14MF2',46001,57525,152700
'14MF2',46001,57525,154300
'14MF2',46001,57525,155800
'14MF2',46001,57525,161300
'14MF2',46001,57525,162800
'14MF2',46001,57525,164300
'14MF2',46001,57525,165800
'14MF2',46001,57525,171300
'14MF2',46001,57525,173300
'14MF2',46001,57525,175200
'14MF2',46001,57525,181200
'14MF2',46001,57525,183200
'14MF2',46001,57525,185200
'14MF2',46001,57525,191300
'14MF2',46001,57525,193400
'14MF2',46001,60257,54900
'14MF2',46001,60257,61900
'14MF2',46001,60257,65200
'14MF2',46001,60257,70500
'14MF2',46001,60257,72800
'14MF2',46001,60257,75200
'14MF2',46001,60257,82200
'14MF2',46001,60257,85200
'14MF2',46001,60257,92200
'14MF2',46001,60257,95100
'14MF2',46001,60257,150500
'14MF2',46001,60257,152100
'14MF2',46001,60257,153700
'14MF2',46001,60257,155200
'14MF2',46001,60257,160800
'14MF2',46001,60257,162300
'14MF2',46001,60257,163800
'14MF2',46001,60257,165300
'14MF2',46001,60257,170800
'14MF2',46001,60257,172200
'14MF2',46001,60257,173700
'14MF2',46001,60257,175600
'14MF2',46001,60257,181500
'14MF2',46001,60257,183500
'14MF2',46001,60257,185500
'14MF2',46001,60257,191400
'14MF2',46001,60257,193400
'14MF2',46001,60257,195500
'14MF2',46002,50549,53000
'14MF2',46002,50549,54500
'14MF2',46002,50549,60100
'14MF2',46002,50549,61800
'14MF2',46002,50549,63400
'14MF2',46002,50549,65100
'14MF2',46002,50549,70900
'14MF2',46002,50549,72600
'14MF2',46002,50549,74200
'14MF2',46002,50549,75700
'14MF2',46002,50549,81200
'14MF2',46002,50549,82600
'14MF2',46002,50549,84200
'14MF2',46002,50549,90100
'14MF2',46002,50549,91900
'14MF2',46002,50549,93900
'14MF2',46002,50549,95900
'14MF2',46002,50549,153700
'14MF2',46002,50549,160800
'14MF2',46002,50549,163900
'14MF2',46002,50549,170800
'14MF2',46002,50549,173500
'14MF2',46002,50549,180300
'14MF2',46002,50549,182900
'14MF2',46002,50549,185900
'14MF2',46002,50549,193400
'14MF2',46002,50664,52700
'14MF2',46002,50664,54200
'14MF2',46002,50664,55800
'14MF2',46002,50664,61500
'14MF2',46002,50664,63100
'14MF2',46002,50664,64800
'14MF2',46002,50664,70600
'14MF2',46002,50664,72300
'14MF2',46002,50664,73900
'14MF2',46002,50664,75400
'14MF2',46002,50664,80900
'14MF2',46002,50664,82300
'14MF2',46002,50664,83900
'14MF2',46002,50664,85800
'14MF2',46002,50664,91600
'14MF2',46002,50664,93600
'14MF2',46002,50664,95600
'14MF2',46002,50664,153400
'14MF2',46002,50664,160500
'14MF2',46002,50664,163600
'14MF2',46002,50664,170500
'14MF2',46002,50664,173200
'14MF2',46002,50664,180000
'14MF2',46002,50664,182700
'14MF2',46002,50664,185700
'14MF2',46002,50664,193200
'14MF2',46002,50794,52600
'14MF2',46002,50794,54100
'14MF2',46002,50794,55600
'14MF2',46002,50794,61300
'14MF2',46002,50794,62900
'14MF2',46002,50794,64600
'14MF2',46002,50794,70400
'14MF2',46002,50794,72100
'14MF2',46002,50794,73700
'14MF2',46002,50794,75200
'14MF2',46002,50794,80700
'14MF2',46002,50794,82100
'14MF2',46002,50794,83700
'14MF2',46002,50794,85600
'14MF2',46002,50794,91400
'14MF2',46002,50794,93400
'14MF2',46002,50794,95400
'14MF2',46002,50794,153300
'14MF2',46002,50794,160300
'14MF2',46002,50794,163400
'14MF2',46002,50794,170400
'14MF2',46002,50794,173100
'14MF2',46002,50794,175900
'14MF2',46002,50794,182600
'14MF2',46002,50794,185600
'14MF2',46002,50794,193100
'14MF2',46002,50961,52300
'14MF2',46002,50961,53800
'14MF2',46002,50961,55300
'14MF2',46002,50961,61000
'14MF2',46002,50961,62600
'14MF2',46002,50961,64300
'14MF2',46002,50961,70100
'14MF2',46002,50961,71700
'14MF2',46002,50961,73300
'14MF2',46002,50961,74800
'14MF2',46002,50961,80300
'14MF2',46002,50961,81800
'14MF2',46002,50961,83400
'14MF2',46002,50961,85300
'14MF2',46002,50961,91100
'14MF2',46002,50961,93100
'14MF2',46002,50961,95100
'14MF2',46002,50961,152900
'14MF2',46002,50961,155900
'14MF2',46002,50961,163000
'14MF2',46002,50961,170000
'14MF2',46002,50961,172800
'14MF2',46002,50961,175600
'14MF2',46002,50961,182400
'14MF2',46002,50961,185400
'14MF2',46002,50961,192900
'14MF2',46002,51177,52100
'14MF2',46002,51177,53600
'14MF2',46002,51177,55100
'14MF2',46002,51177,60800
'14MF2',46002,51177,62400
'14MF2',46002,51177,64000
'14MF2',46002,51177,65800
'14MF2',46002,51177,71500
'14MF2',46002,51177,73100
'14MF2',46002,51177,74600
'14MF2',46002,51177,80100
'14MF2',46002,51177,81500
'14MF2',46002,51177,83100
'14MF2',46002,51177,85000
'14MF2',46002,51177,90800
'14MF2',46002,51177,92800
'14MF2',46002,51177,94800
'14MF2',46002,51177,152600
'14MF2',46002,51177,155600
'14MF2',46002,51177,162700
'14MF2',46002,51177,165700
'14MF2',46002,51177,172500
'14MF2',46002,51177,175400
'14MF2',46002,51177,182200
'14MF2',46002,51177,185200
'14MF2',46002,51177,192700
'14MF2',46002,51342,51900
'14MF2',46002,51342,53400
'14MF2',46002,51342,54900
'14MF2',46002,51342,60500
'14MF2',46002,51342,62100
'14MF2',46002,51342,63700
'14MF2',46002,51342,65500
'14MF2',46002,51342,71100
'14MF2',46002,51342,72700
'14MF2',46002,51342,74200
'14MF2',46002,51342,75700
'14MF2',46002,51342,81200
'14MF2',46002,51342,82800
'14MF2',46002,51342,84700
'14MF2',46002,51342,90500
'14MF2',46002,51342,92500
'14MF2',46002,51342,94500
'14MF2',46002,51342,152300
'14MF2',46002,51342,155300
'14MF2',46002,51342,162400
'14MF2',46002,51342,165400
'14MF2',46002,51342,172200
'14MF2',46002,51342,175200
'14MF2',46002,51342,182000
'14MF2',46002,51342,185000
'14MF2',46002,51342,192500
'14MF2',46002,51470,51700
'14MF2',46002,51470,53200
'14MF2',46002,51470,54700
'14MF2',46002,51470,60300
'14MF2',46002,51470,61900
'14MF2',46002,51470,63500
'14MF2',46002,51470,65300
'14MF2',46002,51470,70900
'14MF2',46002,51470,72500
'14MF2',46002,51470,74000
'14MF2',46002,51470,75500
'14MF2',46002,51470,81000
'14MF2',46002,51470,82600
'14MF2',46002,51470,84500
'14MF2',46002,51470,90300
'14MF2',46002,51470,92300
'14MF2',46002,51470,94300
'14MF2',46002,51470,152000
'14MF2',46002,51470,155000
'14MF2',46002,51470,162100
'14MF2',46002,51470,165100
'14MF2',46002,51470,172000
'14MF2',46002,51470,175000
'14MF2',46002,51470,181800
'14MF2',46002,51470,184800
'14MF2',46002,51470,192300
'14MF2',46002,51524,51400
'14MF2',46002,51524,52900
'14MF2',46002,51524,54400
'14MF2',46002,51524,55900
'14MF2',46002,51524,61500
'14MF2',46002,51524,63000
'14MF2',46002,51524,64800
'14MF2',46002,51524,70300
'14MF2',46002,51524,71900
'14MF2',46002,51524,73400
'14MF2',46002,51524,74900
'14MF2',46002,51524,80400
'14MF2',46002,51524,82100
'14MF2',46002,51524,84000
'14MF2',46002,51524,85900
'14MF2',46002,51524,91900
'14MF2',46002,51524,93900
'14MF2',46002,51538,151900
'14MF2',46002,51538,154900
'14MF2',46002,51538,162000
'14MF2',46002,51538,165000
'14MF2',46002,51538,171900
'14MF2',46002,51538,174900
'14MF2',46002,51538,181700
'14MF2',46002,51538,184700
'14MF2',46002,51538,192200
'14MF2',46002,51539,51600
'14MF2',46002,51539,53100
'14MF2',46002,51539,54600
'14MF2',46002,51539,60100
'14MF2',46002,51539,61700
'14MF2',46002,51539,63300
'14MF2',46002,51539,65100
'14MF2',46002,51539,70600
'14MF2',46002,51539,72200
'14MF2',46002,51539,73700
'14MF2',46002,51539,75200
'14MF2',46002,51539,80700
'14MF2',46002,51539,82400
'14MF2',46002,51539,84300
'14MF2',46002,51539,90100
'14MF2',46002,51539,92100
'14MF2',46002,51539,94100
'14MF2',46002,54553,50200
'14MF2',46002,54553,51700
'14MF2',46002,54553,53200
'14MF2',46002,54553,54700
'14MF2',46002,54553,60200
'14MF2',46002,54553,61700
'14MF2',46002,54553,63200
'14MF2',46002,54553,64700
'14MF2',46002,54553,70300
'14MF2',46002,54553,71800
'14MF2',46002,54553,73300
'14MF2',46002,54553,74800
'14MF2',46002,54553,80500
'14MF2',46002,54553,82400
'14MF2',46002,54553,84400
'14MF2',46002,54553,90400
'14MF2',46002,54553,92400
'14MF2',46002,54553,150500
'14MF2',46002,54553,153500
'14MF2',46002,54553,160600
'14MF2',46002,54553,163600
'14MF2',46002,54553,170600
'14MF2',46002,54553,173600
'14MF2',46002,54553,180500
'14MF2',46002,54553,183500
'14MF2',46002,54553,191000
'14MF2',46002,54565,50100
'14MF2',46002,54565,51600
'14MF2',46002,54565,53100
'14MF2',46002,54565,54600
'14MF2',46002,54565,60100
'14MF2',46002,54565,61600
'14MF2',46002,54565,63200
'14MF2',46002,54565,64700
'14MF2',46002,54565,70200
'14MF2',46002,54565,71700
'14MF2',46002,54565,73200
'14MF2',46002,54565,74700
'14MF2',46002,54565,80400
'14MF2',46002,54565,82400
'14MF2',46002,54565,84300
'14MF2',46002,54565,90300
'14MF2',46002,54565,92300
'14MF2',46002,54565,150500
'14MF2',46002,54565,153500
'14MF2',46002,54565,160500
'14MF2',46002,54565,163500
'14MF2',46002,54565,170500
'14MF2',46002,54565,173500
'14MF2',46002,54565,180400
'14MF2',46002,54565,183400
'14MF2',46002,54565,190900
'14MF2',46002,54578,45900
'14MF2',46002,54578,51400
'14MF2',46002,54578,52900
'14MF2',46002,54578,54400
'14MF2',46002,54578,60000
'14MF2',46002,54578,61500
'14MF2',46002,54578,63000
'14MF2',46002,54578,64500
'14MF2',46002,54578,70000
'14MF2',46002,54578,71500
'14MF2',46002,54578,73000
'14MF2',46002,54578,74500
'14MF2',46002,54578,80200
'14MF2',46002,54578,82200
'14MF2',46002,54578,84200
'14MF2',46002,54578,90200
'14MF2',46002,54578,92200
'14MF2',46002,54578,150300
'14MF2',46002,54578,153300
'14MF2',46002,54578,160300
'14MF2',46002,54578,163300
'14MF2',46002,54578,170300
'14MF2',46002,54578,173300
'14MF2',46002,54578,180300
'14MF2',46002,54578,183300
'14MF2',46002,54578,190800
'14MF2',46002,54589,45700
'14MF2',46002,54589,51200
'14MF2',46002,54589,52700
'14MF2',46002,54589,54200
'14MF2',46002,54589,55700
'14MF2',46002,54589,61200
'14MF2',46002,54589,62700
'14MF2',46002,54589,64200
'14MF2',46002,54589,65700
'14MF2',46002,54589,71200
'14MF2',46002,54589,72700
'14MF2',46002,54589,74200
'14MF2',46002,54589,75900
'14MF2',46002,54589,81900
'14MF2',46002,54589,83900
'14MF2',46002,54589,85900
'14MF2',46002,54589,91900
'14MF2',46002,54589,150000
'14MF2',46002,54589,153000
'14MF2',46002,54589,160000
'14MF2',46002,54589,163000
'14MF2',46002,54589,170000
'14MF2',46002,54589,173000
'14MF2',46002,54589,180000
'14MF2',46002,54589,183000
'14MF2',46002,54589,190500
'14MF2',46002,54697,45800
'14MF2',46002,54697,51300
'14MF2',46002,54697,52800
'14MF2',46002,54697,54300
'14MF2',46002,54697,55900
'14MF2',46002,54697,61400
'14MF2',46002,54697,62900
'14MF2',46002,54697,64400
'14MF2',46002,54697,65900
'14MF2',46002,54697,71400
'14MF2',46002,54697,72900
'14MF2',46002,54697,74400
'14MF2',46002,54697,80100
'14MF2',46002,54697,82100
'14MF2',46002,54697,84100
'14MF2',46002,54697,90100
'14MF2',46002,54697,92100
'14MF2',46002,54697,150200
'14MF2',46002,54697,153200
'14MF2',46002,54697,160200
'14MF2',46002,54697,163200
'14MF2',46002,54697,170200
'14MF2',46002,54697,173200
'14MF2',46002,54697,180200
'14MF2',46002,54697,183200
'14MF2',46002,54697,190700
'14MF2',46002,54750,50800
'14MF2',46002,54750,52300
'14MF2',46002,54750,53800
'14MF2',46002,54750,55300
'14MF2',46002,54750,60900
'14MF2',46002,54750,62400
'14MF2',46002,54750,64000
'14MF2',46002,54750,65500
'14MF2',46002,54750,71100
'14MF2',46002,54750,72600
'14MF2',46002,54750,74100
'14MF2',46002,54750,75600
'14MF2',46002,54750,81300
'14MF2',46002,54750,83200
'14MF2',46002,54750,85100
'14MF2',46002,54750,91100
'14MF2',46002,54750,93100
'14MF2',46002,54750,151300
'14MF2',46002,54750,154300
'14MF2',46002,54750,161400
'14MF2',46002,54750,164400
'14MF2',46002,54750,171400
'14MF2',46002,54750,174400
'14MF2',46002,54750,181200
'14MF2',46002,54750,184200
'14MF2',46002,54750,191700
'14MF2',46002,54751,51000
'14MF2',46002,54751,52500
'14MF2',46002,54751,54000
'14MF2',46002,54751,55500
'14MF2',46002,54751,61100
'14MF2',46002,54751,62600
'14MF2',46002,54751,64300
'14MF2',46002,54751,65800
'14MF2',46002,54751,71400
'14MF2',46002,54751,72900
'14MF2',46002,54751,74400
'14MF2',46002,54751,75900
'14MF2',46002,54751,81600
'14MF2',46002,54751,83500
'14MF2',46002,54751,85400
'14MF2',46002,54751,91400
'14MF2',46002,54751,93400
'14MF2',46002,54751,151500
'14MF2',46002,54751,154500
'14MF2',46002,54751,161600
'14MF2',46002,54751,164600
'14MF2',46002,54751,171600
'14MF2',46002,54751,174600
'14MF2',46002,54751,181400
'14MF2',46002,54751,184400
'14MF2',46002,54751,191900
'14MF2',46002,54982,50400
'14MF2',46002,54982,51900
'14MF2',46002,54982,53400
'14MF2',46002,54982,54900
'14MF2',46002,54982,60500
'14MF2',46002,54982,62000
'14MF2',46002,54982,63600
'14MF2',46002,54982,65100
'14MF2',46002,54982,70600
'14MF2',46002,54982,72100
'14MF2',46002,54982,73600
'14MF2',46002,54982,75100
'14MF2',46002,54982,80800
'14MF2',46002,54982,82800
'14MF2',46002,54982,84700
'14MF2',46002,54982,90700
'14MF2',46002,54982,92700
'14MF2',46002,54982,150900
'14MF2',46002,54982,153900
'14MF2',46002,54982,160900
'14MF2',46002,54982,163900
'14MF2',46002,54982,170900
'14MF2',46002,54982,173900
'14MF2',46002,54982,180800
'14MF2',46002,54982,183800
'14MF2',46002,54982,191300
'14MF2',46002,55014,51200
'14MF2',46002,55014,52700
'14MF2',46002,55014,54200
'14MF2',46002,55014,55700
'14MF2',46002,55014,61300
'14MF2',46002,55014,62800
'14MF2',46002,55014,64600
'14MF2',46002,55014,70100
'14MF2',46002,55014,71700
'14MF2',46002,55014,73200
'14MF2',46002,55014,74700
'14MF2',46002,55014,80200
'14MF2',46002,55014,81900
'14MF2',46002,55014,83800
'14MF2',46002,55014,85700
'14MF2',46002,55014,91700
'14MF2',46002,55014,93700
'14MF2',46002,55014,151700
'14MF2',46002,55014,154700
'14MF2',46002,55014,161800
'14MF2',46002,55014,164800
'14MF2',46002,55014,171700
'14MF2',46002,55014,174700
'14MF2',46002,55014,181500
'14MF2',46002,55014,184500
'14MF2',46002,55014,192000
'14MF2',46002,55482,55300
'14MF2',46002,55482,60900
'14MF2',46002,55482,62600
'14MF2',46002,55482,64500
'14MF2',46002,55482,70100
'14MF2',46002,55482,71800
'14MF2',46002,55482,73600
'14MF2',46002,55482,75300
'14MF2',46002,55482,80900
'14MF2',46002,55482,82300
'14MF2',46002,55482,83700
'14MF2',46002,55482,85100
'14MF2',46002,55482,90500
'14MF2',46002,55482,92400
'14MF2',46002,55482,94200
'14MF2',46002,55482,100200
'14MF2',46002,55482,102200
'14MF2',46002,55521,55200
'14MF2',46002,55521,60800
'14MF2',46002,55521,62500
'14MF2',46002,55521,64400
'14MF2',46002,55521,70000
'14MF2',46002,55521,71700
'14MF2',46002,55521,73500
'14MF2',46002,55521,75200
'14MF2',46002,55521,80800
'14MF2',46002,55521,82200
'14MF2',46002,55521,83600
'14MF2',46002,55521,85000
'14MF2',46002,55521,90400
'14MF2',46002,55521,92300
'14MF2',46002,55521,94100
'14MF2',46002,55521,100100
'14MF2',46002,55521,102100
'14MF2',46002,55602,54900
'14MF2',46002,55602,60500
'14MF2',46002,55602,62200
'14MF2',46002,55602,64100
'14MF2',46002,55602,65700
'14MF2',46002,55602,71400
'14MF2',46002,55602,73200
'14MF2',46002,55602,74900
'14MF2',46002,55602,80500
'14MF2',46002,55602,81900
'14MF2',46002,55602,83300
'14MF2',46002,55602,84700
'14MF2',46002,55602,90200
'14MF2',46002,55602,92100
'14MF2',46002,55602,93900
'14MF2',46002,55602,95900
'14MF2',46002,55602,101900
'14MF2',46002,55645,54300
'14MF2',46002,55645,55900
'14MF2',46002,55645,61600
'14MF2',46002,55645,63400
'14MF2',46002,55645,65000
'14MF2',46002,55645,70700
'14MF2',46002,55645,72500
'14MF2',46002,55645,74200
'14MF2',46002,55645,75800
'14MF2',46002,55645,81300
'14MF2',46002,55645,82800
'14MF2',46002,55645,84200
'14MF2',46002,55645,85600
'14MF2',46002,55645,91500
'14MF2',46002,55645,93300
'14MF2',46002,55645,95300
'14MF2',46002,55645,101300
'14MF2',46002,55655,54700
'14MF2',46002,55655,60300
'14MF2',46002,55655,62000
'14MF2',46002,55655,63900
'14MF2',46002,55655,65500
'14MF2',46002,55655,71200
'14MF2',46002,55655,73000
'14MF2',46002,55655,74700
'14MF2',46002,55655,80300
'14MF2',46002,55655,81700
'14MF2',46002,55655,83100
'14MF2',46002,55655,84500
'14MF2',46002,55655,90000
'14MF2',46002,55655,91900
'14MF2',46002,55655,93700
'14MF2',46002,55655,95700
'14MF2',46002,55655,101700
'14MF2',46002,55655,155100
'14MF2',46002,55655,162200
'14MF2',46002,55655,165300
'14MF2',46002,55655,172200
'14MF2',46002,55655,174700
'14MF2',46002,55655,181500
'14MF2',46002,55655,184100
'14MF2',46002,55655,191100
'14MF2',46002,55655,194600
'14MF2',46002,55669,54200
'14MF2',46002,55669,55800
'14MF2',46002,55669,61500
'14MF2',46002,55669,63400
'14MF2',46002,55669,65000
'14MF2',46002,55669,70700
'14MF2',46002,55669,72500
'14MF2',46002,55669,74200
'14MF2',46002,55669,75800
'14MF2',46002,55669,81200
'14MF2',46002,55669,82700
'14MF2',46002,55669,84100
'14MF2',46002,55669,85600
'14MF2',46002,55669,91500
'14MF2',46002,55669,93300
'14MF2',46002,55669,95300
'14MF2',46002,55669,101300
'14MF2',46002,55674,54400
'14MF2',46002,55674,60000
'14MF2',46002,55674,61700
'14MF2',46002,55674,63500
'14MF2',46002,55674,65100
'14MF2',46002,55674,70800
'14MF2',46002,55674,72600
'14MF2',46002,55674,74300
'14MF2',46002,55674,75900
'14MF2',46002,55674,81400
'14MF2',46002,55674,82900
'14MF2',46002,55674,84300
'14MF2',46002,55674,85700
'14MF2',46002,55674,91600
'14MF2',46002,55674,93400
'14MF2',46002,55674,95400
'14MF2',46002,55674,101400
'14MF2',46002,55691,54100
'14MF2',46002,55691,55700
'14MF2',46002,55691,61400
'14MF2',46002,55691,63200
'14MF2',46002,55691,64800
'14MF2',46002,55691,70500
'14MF2',46002,55691,72300
'14MF2',46002,55691,74000
'14MF2',46002,55691,75600
'14MF2',46002,55691,81100
'14MF2',46002,55691,82600
'14MF2',46002,55691,84000
'14MF2',46002,55691,85500
'14MF2',46002,55691,91400
'14MF2',46002,55691,93200
'14MF2',46002,55691,95200
'14MF2',46002,55691,101200
'14MF2',46002,55757,53600
'14MF2',46002,55757,55200
'14MF2',46002,55757,60900
'14MF2',46002,55757,62700
'14MF2',46002,55757,64300
'14MF2',46002,55757,70000
'14MF2',46002,55757,71800
'14MF2',46002,55757,73500
'14MF2',46002,55757,75100
'14MF2',46002,55757,80600
'14MF2',46002,55757,82100
'14MF2',46002,55757,83500
'14MF2',46002,55757,85000
'14MF2',46002,55757,90900
'14MF2',46002,55757,92700
'14MF2',46002,55757,94700
'14MF2',46002,55757,100700
'14MF2',46002,55757,154400
'14MF2',46002,55757,161500
'14MF2',46002,55757,164600
'14MF2',46002,55757,171500
'14MF2',46002,55757,174100
'14MF2',46002,55757,180900
'14MF2',46002,55757,183500
'14MF2',46002,55757,190500
'14MF2',46002,55757,194000
'14MF2',46002,55770,53400
'14MF2',46002,55770,55000
'14MF2',46002,55770,60600
'14MF2',46002,55770,62400
'14MF2',46002,55770,64000
'14MF2',46002,55770,65700
'14MF2',46002,55770,71500
'14MF2',46002,55770,73200
'14MF2',46002,55770,74800
'14MF2',46002,55770,80300
'14MF2',46002,55770,81800
'14MF2',46002,55770,83200
'14MF2',46002,55770,84700
'14MF2',46002,55770,90600
'14MF2',46002,55770,92400
'14MF2',46002,55770,94400
'14MF2',46002,55770,100400
'14MF2',46002,55779,55000
'14MF2',46002,55779,60600
'14MF2',46002,55779,62300
'14MF2',46002,55779,64200
'14MF2',46002,55779,65800
'14MF2',46002,55779,71500
'14MF2',46002,55779,73300
'14MF2',46002,55779,75000
'14MF2',46002,55779,80600
'14MF2',46002,55779,82000
'14MF2',46002,55779,83400
'14MF2',46002,55779,84800
'14MF2',46002,55779,90200
'14MF2',46002,55779,92100
'14MF2',46002,55779,93900
'14MF2',46002,55779,95900
'14MF2',46002,55779,101900
'14MF2',46002,55780,55400
'14MF2',46002,55780,61000
'14MF2',46002,55780,62700
'14MF2',46002,55780,64600
'14MF2',46002,55780,70200
'14MF2',46002,55780,71900
'14MF2',46002,55780,73700
'14MF2',46002,55780,75400
'14MF2',46002,55780,81000
'14MF2',46002,55780,82400
'14MF2',46002,55780,83800
'14MF2',46002,55780,85200
'14MF2',46002,55780,90600
'14MF2',46002,55780,92500
'14MF2',46002,55780,94300
'14MF2',46002,55780,100300
'14MF2',46002,55780,102300
'14MF2',46002,55827,53800
'14MF2',46002,55827,55400
'14MF2',46002,55827,61100
'14MF2',46002,55827,62900
'14MF2',46002,55827,64500
'14MF2',46002,55827,70200
'14MF2',46002,55827,72000
'14MF2',46002,55827,73700
'14MF2',46002,55827,75300
'14MF2',46002,55827,80800
'14MF2',46002,55827,82300
'14MF2',46002,55827,83700
'14MF2',46002,55827,85200
'14MF2',46002,55827,91100
'14MF2',46002,55827,92900
'14MF2',46002,55827,94900
'14MF2',46002,55827,100900
'14MF2',46002,55827,154600
'14MF2',46002,55827,161700
'14MF2',46002,55827,164800
'14MF2',46002,55827,171700
'14MF2',46002,55827,174200
'14MF2',46002,55827,181000
'14MF2',46002,55827,183600
'14MF2',46002,55827,190600
'14MF2',46002,55827,194100
'14MF2',46002,55839,154700
'14MF2',46002,55839,161800
'14MF2',46002,55839,164900
'14MF2',46002,55839,171800
'14MF2',46002,55839,174300
'14MF2',46002,55839,181100
'14MF2',46002,55839,183700
'14MF2',46002,55839,190700
'14MF2',46002,55839,194200
'14MF2',46002,55840,53900
'14MF2',46002,55840,55500
'14MF2',46002,55840,61200
'14MF2',46002,55840,63000
'14MF2',46002,55840,64600
'14MF2',46002,55840,70300
'14MF2',46002,55840,72100
'14MF2',46002,55840,73800
'14MF2',46002,55840,75400
'14MF2',46002,55840,80900
'14MF2',46002,55840,82400
'14MF2',46002,55840,83800
'14MF2',46002,55840,85300
'14MF2',46002,55840,91200
'14MF2',46002,55840,93000
'14MF2',46002,55840,95000
'14MF2',46002,55840,101000
'14MF2',46002,55843,54500
'14MF2',46002,55843,60100
'14MF2',46002,55843,61800
'14MF2',46002,55843,63700
'14MF2',46002,55843,65300
'14MF2',46002,55843,71000
'14MF2',46002,55843,72800
'14MF2',46002,55843,74500
'14MF2',46002,55843,80100
'14MF2',46002,55843,81500
'14MF2',46002,55843,83000
'14MF2',46002,55843,84400
'14MF2',46002,55843,85800
'14MF2',46002,55843,91700
'14MF2',46002,55843,93500
'14MF2',46002,55843,95500
'14MF2',46002,55843,101500
'14MF2',46002,55853,53500
'14MF2',46002,55853,55000
'14MF2',46002,55853,60700
'14MF2',46002,55853,62400
'14MF2',46002,55853,64000
'14MF2',46002,55853,65700
'14MF2',46002,55853,71500
'14MF2',46002,55853,73200
'14MF2',46002,55853,74800
'14MF2',46002,55853,80300
'14MF2',46002,55853,81800
'14MF2',46002,55853,83200
'14MF2',46002,55853,84800
'14MF2',46002,55853,90700
'14MF2',46002,55853,92500
'14MF2',46002,55853,94500
'14MF2',46002,55853,100500
'14MF2',46002,55853,154200
'14MF2',46002,55853,161300
'14MF2',46002,55853,164400
'14MF2',46002,55853,171300
'14MF2',46002,55853,173900
'14MF2',46002,55853,180700
'14MF2',46002,55853,183300
'14MF2',46002,55853,190300
'14MF2',46002,55853,193800
'14MF2',46002,55855,54800
'14MF2',46002,55855,60400
'14MF2',46002,55855,62100
'14MF2',46002,55855,64000
'14MF2',46002,55855,65600
'14MF2',46002,55855,71300
'14MF2',46002,55855,73100
'14MF2',46002,55855,74800
'14MF2',46002,55855,80400
'14MF2',46002,55855,81800
'14MF2',46002,55855,83300
'14MF2',46002,55855,84700
'14MF2',46002,55855,90100
'14MF2',46002,55855,92000
'14MF2',46002,55855,93800
'14MF2',46002,55855,95800
'14MF2',46002,55855,101800
'14MF2',46002,55856,55300
'14MF2',46002,55856,60900
'14MF2',46002,55856,62600
'14MF2',46002,55856,64500
'14MF2',46002,55856,70100
'14MF2',46002,55856,71800
'14MF2',46002,55856,73600
'14MF2',46002,55856,75300
'14MF2',46002,55856,80900
'14MF2',46002,55856,82300
'14MF2',46002,55856,83700
'14MF2',46002,55856,85100
'14MF2',46002,55856,90500
'14MF2',46002,55856,92400
'14MF2',46002,55856,94200
'14MF2',46002,55856,100200
'14MF2',46002,55856,102200
'14MF2',46002,55856,155500
'14MF2',46002,55856,162600
'14MF2',46002,55856,165700
'14MF2',46002,55856,172600
'14MF2',46002,55856,175000
'14MF2',46002,55856,181800
'14MF2',46002,55856,184400
'14MF2',46002,55856,191400
'14MF2',46002,55856,194900
'14MF2',46002,55860,55000
'14MF2',46002,55860,60600
'14MF2',46002,55860,62300
'14MF2',46002,55860,64200
'14MF2',46002,55860,65800
'14MF2',46002,55860,71500
'14MF2',46002,55860,73300
'14MF2',46002,55860,75000
'14MF2',46002,55860,80600
'14MF2',46002,55860,82000
'14MF2',46002,55860,83500
'14MF2',46002,55860,84900
'14MF2',46002,55860,90300
'14MF2',46002,55860,92200
'14MF2',46002,55860,94000
'14MF2',46002,55860,100000
'14MF2',46002,55860,102000
'14MF2',46002,57117,55900
'14MF2',46002,57117,61500
'14MF2',46002,57117,63200
'14MF2',46002,57117,65100
'14MF2',46002,57117,70700
'14MF2',46002,57117,72400
'14MF2',46002,57117,74200
'14MF2',46002,57117,75900
'14MF2',46002,57117,81500
'14MF2',46002,57117,82900
'14MF2',46002,57117,84300
'14MF2',46002,57117,85700
'14MF2',46002,57117,91100
'14MF2',46002,57117,93000
'14MF2',46002,57117,94800
'14MF2',46002,57117,100800
'14MF2',46002,57117,102800
'14MF2',46002,57477,60000
'14MF2',46002,57477,61600
'14MF2',46002,57477,63300
'14MF2',46002,57477,65200
'14MF2',46002,57477,70800
'14MF2',46002,57477,72500
'14MF2',46002,57477,74300
'14MF2',46002,57477,80000
'14MF2',46002,57477,81600
'14MF2',46002,57477,83000
'14MF2',46002,57477,84400
'14MF2',46002,57477,85800
'14MF2',46002,57477,91200
'14MF2',46002,57477,93100
'14MF2',46002,57477,94900
'14MF2',46002,57477,100900
'14MF2',46002,57477,102900
'14MF2',46002,57480,55900
'14MF2',46002,57480,61500
'14MF2',46002,57480,63200
'14MF2',46002,57480,65100
'14MF2',46002,57480,70800
'14MF2',46002,57480,72500
'14MF2',46002,57480,74300
'14MF2',46002,57480,80000
'14MF2',46002,57480,81600
'14MF2',46002,57480,82900
'14MF2',46002,57480,84300
'14MF2',46002,57480,85700
'14MF2',46002,57480,91100
'14MF2',46002,57480,93000
'14MF2',46002,57480,94800
'14MF2',46002,57480,100800
'14MF2',46002,57480,102800
'14MF2',46002,57487,55700
'14MF2',46002,57487,61300
'14MF2',46002,57487,63000
'14MF2',46002,57487,64900
'14MF2',46002,57487,70500
'14MF2',46002,57487,72200
'14MF2',46002,57487,74000
'14MF2',46002,57487,75700
'14MF2',46002,57487,81300
'14MF2',46002,57487,82700
'14MF2',46002,57487,84100
'14MF2',46002,57487,85500
'14MF2',46002,57487,90900
'14MF2',46002,57487,92800
'14MF2',46002,57487,94600
'14MF2',46002,57487,100600
'14MF2',46002,57487,102600
'14MF2',46002,57488,55600
'14MF2',46002,57488,61200
'14MF2',46002,57488,62900
'14MF2',46002,57488,64800
'14MF2',46002,57488,70500
'14MF2',46002,57488,72200
'14MF2',46002,57488,74000
'14MF2',46002,57488,75700
'14MF2',46002,57488,81300
'14MF2',46002,57488,82600
'14MF2',46002,57488,84000
'14MF2',46002,57488,85400
'14MF2',46002,57488,90800
'14MF2',46002,57488,92700
'14MF2',46002,57488,94500
'14MF2',46002,57488,100500
'14MF2',46002,57488,102500
'14MF2',46002,57489,55400
'14MF2',46002,57489,61000
'14MF2',46002,57489,62700
'14MF2',46002,57489,64600
'14MF2',46002,57489,70300
'14MF2',46002,57489,72000
'14MF2',46002,57489,73800
'14MF2',46002,57489,75500
'14MF2',46002,57489,81100
'14MF2',46002,57489,82400
'14MF2',46002,57489,83800
'14MF2',46002,57489,85200
'14MF2',46002,57489,90600
'14MF2',46002,57489,92500
'14MF2',46002,57489,94300
'14MF2',46002,57489,100300
'14MF2',46002,57489,102300
'14MF2',46002,57490,55500
'14MF2',46002,57490,61100
'14MF2',46002,57490,62800
'14MF2',46002,57490,64700
'14MF2',46002,57490,70300
'14MF2',46002,57490,72000
'14MF2',46002,57490,73800
'14MF2',46002,57490,75500
'14MF2',46002,57490,81100
'14MF2',46002,57490,82500
'14MF2',46002,57490,83900
'14MF2',46002,57490,85300
'14MF2',46002,57490,90700
'14MF2',46002,57490,92600
'14MF2',46002,57490,94400
'14MF2',46002,57490,100400
'14MF2',46002,57490,102400
'14MF2',46002,57505,60400
'14MF2',46002,57505,62000
'14MF2',46002,57505,63700
'14MF2',46002,57505,65600
'14MF2',46002,57505,71300
'14MF2',46002,57505,73000
'14MF2',46002,57505,74800
'14MF2',46002,57505,80500
'14MF2',46002,57505,82100
'14MF2',46002,57505,83400
'14MF2',46002,57505,84800
'14MF2',46002,57505,90200
'14MF2',46002,57505,91600
'14MF2',46002,57505,93500
'14MF2',46002,57505,95300
'14MF2',46002,57505,101300
'14MF2',46002,57505,103300
'14MF2',46002,57505,160700
'14MF2',46002,57505,163800
'14MF2',46002,57505,170900
'14MF2',46002,57505,173800
'14MF2',46002,57505,180100
'14MF2',46002,57505,182800
'14MF2',46002,57505,185400
'14MF2',46002,57505,192400
'14MF2',46002,57505,195900
'14MF2',46002,57526,55600
'14MF2',46002,57526,61200
'14MF2',46002,57526,62900
'14MF2',46002,57526,64800
'14MF2',46002,57526,70400
'14MF2',46002,57526,72100
'14MF2',46002,57526,73900
'14MF2',46002,57526,75600
'14MF2',46002,57526,81200
'14MF2',46002,57526,82600
'14MF2',46002,57526,84000
'14MF2',46002,57526,85400
'14MF2',46002,57526,90800
'14MF2',46002,57526,92700
'14MF2',46002,57526,94500
'14MF2',46002,57526,100500
'14MF2',46002,57526,102500
'14MF2',46002,57527,60100
'14MF2',46002,57527,61700
'14MF2',46002,57527,63400
'14MF2',46002,57527,65300
'14MF2',46002,57527,70900
'14MF2',46002,57527,72600
'14MF2',46002,57527,74400
'14MF2',46002,57527,80100
'14MF2',46002,57527,81700
'14MF2',46002,57527,83100
'14MF2',46002,57527,84500
'14MF2',46002,57527,85900
'14MF2',46002,57527,91300
'14MF2',46002,57527,93200
'14MF2',46002,57527,95000
'14MF2',46002,57527,101000
'14MF2',46002,57527,103000
'14MF2',46002,57542,55700
'14MF2',46002,57542,61300
'14MF2',46002,57542,63000
'14MF2',46002,57542,64900
'14MF2',46002,57542,70600
'14MF2',46002,57542,72300
'14MF2',46002,57542,74100
'14MF2',46002,57542,75800
'14MF2',46002,57542,81400
'14MF2',46002,57542,82700
'14MF2',46002,57542,84100
'14MF2',46002,57542,85500
'14MF2',46002,57542,90900
'14MF2',46002,57542,92800
'14MF2',46002,57542,94600
'14MF2',46002,57542,100600
'14MF2',46002,57542,102600
'14MF2',46002,57565,55800
'14MF2',46002,57565,61400
'14MF2',46002,57565,63100
'14MF2',46002,57565,65000
'14MF2',46002,57565,70600
'14MF2',46002,57565,72300
'14MF2',46002,57565,74100
'14MF2',46002,57565,75800
'14MF2',46002,57565,81400
'14MF2',46002,57565,82800
'14MF2',46002,57565,84200
'14MF2',46002,57565,85600
'14MF2',46002,57565,91000
'14MF2',46002,57565,92900
'14MF2',46002,57565,94700
'14MF2',46002,57565,100700
'14MF2',46002,57565,102700
'14MF2',46002,60711,55300
'14MF2',46002,60711,60900
'14MF2',46002,60711,62600
'14MF2',46002,60711,64500
'14MF2',46002,60711,70100
'14MF2',46002,60711,71800
'14MF2',46002,60711,73600
'14MF2',46002,60711,75300
'14MF2',46002,60711,80900
'14MF2',46002,60711,82300
'14MF2',46002,60711,83700
'14MF2',46002,60711,85100
'14MF2',46002,60711,90500
'14MF2',46002,60711,92400
'14MF2',46002,60711,94200
'14MF2',46002,60711,100200
'14MF2',46002,60711,102200
