'15US',7201,60832,65700
'15US',7201,60832,72900
'15US',7201,60832,80000
'15US',7201,60832,83300
'15US',7201,60832,90300
'15US',7201,60832,93500
'15US',7201,60832,100500
'15US',7201,60832,103600
'15US',7201,60832,110600
'15US',7201,60832,113600
'15US',7201,60832,120500
'15US',7201,60832,123500
'15US',7201,60832,130400
'15US',7201,60832,133400
'15US',7201,60832,140300
'15US',7201,60832,143200
'15US',7201,60832,145800
'15US',7201,60832,152600
'15US',7201,60832,155100
'15US',7201,60832,160100
'15US',7201,60832,161100
'15US',7201,60832,162200
'15US',7201,60832,163300
'15US',7201,60832,164400
'15US',7201,60832,164800
'15US',7201,60832,165400
'15US',7201,60832,170300
'15US',7201,60832,170900
'15US',7201,60832,172500
'15US',7201,60832,174300
'15US',7201,60832,180100
'15US',7201,60832,182600
'15US',7201,60832,185000
'15US',7201,60832,191500
