'14NA',19701,52668,51600
'14NA',19701,52668,54600
'14NA',19701,52668,61600
'14NA',19701,52668,64600
'14NA',19701,52668,71900
'14NA',19701,52668,75400
'14NA',19701,52668,82500
'14NA',19701,52668,85300
'14NA',19701,52668,92000
'14NA',19701,52668,95000
'14NA',19701,52668,102100
'14NA',19701,52668,105200
'14NA',19701,52668,112200
'14NA',19701,52668,115200
'14NA',19701,52668,121000
'14NA',19701,52668,123000
'14NA',19701,52668,125000
'14NA',19701,52668,131000
'14NA',19701,52668,133000
'14NA',19701,52668,135000
'14NA',19701,52668,141000
'14NA',19701,52668,143000
'14NA',19701,52668,145000
'14NA',19701,52668,151000
'14NA',19701,52668,153000
'14NA',19701,52668,155000
'14NA',19701,52668,161000
'14NA',19701,52668,163000
'14NA',19701,52668,165000
'14NA',19701,52668,170100
'14NA',19701,52668,171300
'14NA',19701,52668,172500
'14NA',19701,52668,173700
'14NA',19701,52668,174700
'14NA',19701,52668,175700
'14NA',19701,52668,180700
'14NA',19701,52668,181900
'14NA',19701,52668,183300
'14NA',19701,52668,184700
'14NA',19701,52668,190200
'14NA',19701,52668,191700
'14NA',19701,52668,193700
'14NA',19701,52668,195700
'14NA',19701,52668,201700
'14NA',19701,52668,203700
'14NA',19701,52668,205700
'14NA',19701,52668,212600
'14NA',19701,52668,215600
'14NA',19701,52668,222600
'14NA',19701,52668,225600
'14NA',19701,52668,232500
'14NA',19701,52668,235400
'14NA',19701,52668,242400
'14NA',19701,52668,245500
'14NA',19701,52668,252700
'14NA',19701,52668,260000
'14NF1',19701,52668,51600
'14NF1',19701,52668,54600
'14NF1',19701,52668,61600
'14NF1',19701,52668,64600
'14NF1',19701,52668,71900
'14NF1',19701,52668,75400
'14NF1',19701,52668,82500
'14NF1',19701,52668,85300
'14NF1',19701,52668,92000
'14NF1',19701,52668,95000
'14NF1',19701,52668,102100
'14NF1',19701,52668,105200
'14NF1',19701,52668,112200
'14NF1',19701,52668,115200
'14NF1',19701,52668,121000
'14NF1',19701,52668,123000
'14NF1',19701,52668,125000
'14NF1',19701,52668,131000
'14NF1',19701,52668,133000
'14NF1',19701,52668,135000
'14NF1',19701,52668,141000
'14NF1',19701,52668,143000
'14NF1',19701,52668,145000
'14NF1',19701,52668,151000
'14NF1',19701,52668,153000
'14NF1',19701,52668,155000
'14NF1',19701,52668,161000
'14NF1',19701,52668,163000
'14NF1',19701,52668,165000
'14NF1',19701,52668,170100
'14NF1',19701,52668,171300
'14NF1',19701,52668,172500
'14NF1',19701,52668,173700
'14NF1',19701,52668,174700
'14NF1',19701,52668,175700
'14NF1',19701,52668,180700
'14NF1',19701,52668,181900
'14NF1',19701,52668,183300
'14NF1',19701,52668,184700
'14NF1',19701,52668,190200
'14NF1',19701,52668,191700
'14NF1',19701,52668,193700
'14NF1',19701,52668,195700
'14NF1',19701,52668,201700
'14NF1',19701,52668,203700
'14NF1',19701,52668,205700
'14NF1',19701,52668,212600
'14NF1',19701,52668,215600
'14NF1',19701,52668,222600
'14NF1',19701,52668,225600
'14NF1',19701,52668,232500
'14NF1',19701,52668,235500
'14NF1',19701,52668,242500
'14NF1',19701,52668,245600
'14NF1',19701,52668,252800
'14NF2',19701,52668,51600
'14NF2',19701,52668,54600
'14NF2',19701,52668,61600
'14NF2',19701,52668,64600
'14NF2',19701,52668,71900
'14NF2',19701,52668,75400
'14NF2',19701,52668,82500
'14NF2',19701,52668,85300
'14NF2',19701,52668,92000
'14NF2',19701,52668,95000
'14NF2',19701,52668,102100
'14NF2',19701,52668,105200
'14NF2',19701,52668,112200
'14NF2',19701,52668,115200
'14NF2',19701,52668,121000
'14NF2',19701,52668,123000
'14NF2',19701,52668,125000
'14NF2',19701,52668,131000
'14NF2',19701,52668,133000
'14NF2',19701,52668,135000
'14NF2',19701,52668,141000
'14NF2',19701,52668,143000
'14NF2',19701,52668,145000
'14NF2',19701,52668,151000
'14NF2',19701,52668,153000
'14NF2',19701,52668,155000
'14NF2',19701,52668,161000
'14NF2',19701,52668,163000
'14NF2',19701,52668,165000
'14NF2',19701,52668,170100
'14NF2',19701,52668,171300
'14NF2',19701,52668,172500
'14NF2',19701,52668,173700
'14NF2',19701,52668,174700
'14NF2',19701,52668,175700
'14NF2',19701,52668,180700
'14NF2',19701,52668,181900
'14NF2',19701,52668,183300
'14NF2',19701,52668,184700
'14NF2',19701,52668,190200
'14NF2',19701,52668,191700
'14NF2',19701,52668,193700
'14NF2',19701,52668,195700
'14NF2',19701,52668,201700
'14NF2',19701,52668,203700
'14NF2',19701,52668,205700
'14NF2',19701,52668,212600
'14NF2',19701,52668,215600
'14NF2',19701,52668,222600
'14NF2',19701,52668,225600
'14NF2',19701,52668,232500
'14NF2',19701,52668,235500
'14NF2',19701,52668,242500
'14NF2',19701,52668,245600
'14NF2',19701,52668,252800
'14NF3',19701,52668,51600
'14NF3',19701,52668,54600
'14NF3',19701,52668,61600
'14NF3',19701,52668,64600
'14NF3',19701,52668,71900
'14NF3',19701,52668,75400
'14NF3',19701,52668,82500
'14NF3',19701,52668,85300
'14NF3',19701,52668,92000
'14NF3',19701,52668,95000
'14NF3',19701,52668,102100
'14NF3',19701,52668,105200
'14NF3',19701,52668,112200
'14NF3',19701,52668,115200
'14NF3',19701,52668,121000
'14NF3',19701,52668,123000
'14NF3',19701,52668,125000
'14NF3',19701,52668,131000
'14NF3',19701,52668,133000
'14NF3',19701,52668,135000
'14NF3',19701,52668,141000
'14NF3',19701,52668,143000
'14NF3',19701,52668,145000
'14NF3',19701,52668,151000
'14NF3',19701,52668,153000
'14NF3',19701,52668,155000
'14NF3',19701,52668,161000
'14NF3',19701,52668,163000
'14NF3',19701,52668,165000
'14NF3',19701,52668,170100
'14NF3',19701,52668,171300
'14NF3',19701,52668,172500
'14NF3',19701,52668,173700
'14NF3',19701,52668,174700
'14NF3',19701,52668,175700
'14NF3',19701,52668,180700
'14NF3',19701,52668,181900
'14NF3',19701,52668,183300
'14NF3',19701,52668,184700
'14NF3',19701,52668,190200
'14NF3',19701,52668,191700
'14NF3',19701,52668,193700
'14NF3',19701,52668,195700
'14NF3',19701,52668,201700
'14NF3',19701,52668,203700
'14NF3',19701,52668,205700
'14NF3',19701,52668,212600
'14NF3',19701,52668,215600
'14NF3',19701,52668,222600
'14NF3',19701,52668,225600
'14NF3',19701,52668,232500
'14NF3',19701,52668,235500
'14NF3',19701,52668,242500
'14NF3',19701,52668,245600
'14NF3',19701,52668,252800
'14NF4',19701,52668,51600
'14NF4',19701,52668,54600
'14NF4',19701,52668,61600
'14NF4',19701,52668,64600
'14NF4',19701,52668,71900
'14NF4',19701,52668,75400
'14NF4',19701,52668,82500
'14NF4',19701,52668,85300
'14NF4',19701,52668,92000
'14NF4',19701,52668,95000
'14NF4',19701,52668,102100
'14NF4',19701,52668,105200
'14NF4',19701,52668,112200
'14NF4',19701,52668,115200
'14NF4',19701,52668,121000
'14NF4',19701,52668,123000
'14NF4',19701,52668,125000
'14NF4',19701,52668,131000
'14NF4',19701,52668,133000
'14NF4',19701,52668,135000
'14NF4',19701,52668,141000
'14NF4',19701,52668,143000
'14NF4',19701,52668,145000
'14NF4',19701,52668,151000
'14NF4',19701,52668,153000
'14NF4',19701,52668,155000
'14NF4',19701,52668,161000
'14NF4',19701,52668,163000
'14NF4',19701,52668,165000
'14NF4',19701,52668,170100
'14NF4',19701,52668,171300
'14NF4',19701,52668,172500
'14NF4',19701,52668,173700
'14NF4',19701,52668,174700
'14NF4',19701,52668,175700
'14NF4',19701,52668,180700
'14NF4',19701,52668,181900
'14NF4',19701,52668,183300
'14NF4',19701,52668,184700
'14NF4',19701,52668,190200
'14NF4',19701,52668,191700
'14NF4',19701,52668,193700
'14NF4',19701,52668,195700
'14NF4',19701,52668,201700
'14NF4',19701,52668,203700
'14NF4',19701,52668,205700
'14NF4',19701,52668,212600
'14NF4',19701,52668,215600
'14NF4',19701,52668,222600
'14NF4',19701,52668,225600
'14NF4',19701,52668,232500
'14NF4',19701,52668,235500
'14NF4',19701,52668,242500
'14NF4',19701,52668,245600
'14NF4',19701,52668,252800
'14NI',19701,52668,51400
'14NI',19701,52668,54500
'14NI',19701,52668,61500
'14NI',19701,52668,64500
'14NI',19701,52668,71600
'14NI',19701,52668,74800
'14NI',19701,52668,81800
'14NI',19701,52668,85200
'14NI',19701,52668,92700
'14NI',19701,52668,95700
'14NI',19701,52668,102700
'14NI',19701,52668,105700
'14NI',19701,52668,112700
'14NI',19701,52668,115800
'14NI',19701,52668,122800
'14NI',19701,52668,124800
'14NI',19701,52668,130800
'14NI',19701,52668,132800
'14NI',19701,52668,134800
'14NI',19701,52668,140800
'14NI',19701,52668,142800
'14NI',19701,52668,144800
'14NI',19701,52668,150800
'14NI',19701,52668,152300
'14NI',19701,52668,153800
'14NI',19701,52668,155300
'14NI',19701,52668,161300
'14NI',19701,52668,163300
'14NI',19701,52668,165300
'14NI',19701,52668,171200
'14NI',19701,52668,172600
'14NI',19701,52668,174000
'14NI',19701,52668,175000
'14NI',19701,52668,180000
'14NI',19701,52668,181500
'14NI',19701,52668,183000
'14NI',19701,52668,184500
'14NI',19701,52668,190000
'14NI',19701,52668,192100
'14NI',19701,52668,194200
'14NI',19701,52668,200900
'14NI',19701,52668,203600
'14NI',19701,52668,210300
'14NI',19701,52668,213100
'14NI',19701,52668,215600
'14NI',19701,52668,222700
'14NI',19701,52668,225900
'14NI',19701,52668,233000
'14NI',19701,52668,240200
'14NI',19701,52668,243300
'14NI',19701,52668,250200
'14NI',19701,52668,252800
'14NS',19701,52668,51600
'14NS',19701,52668,54700
'14NS',19701,52668,61700
'14NS',19701,52668,64700
'14NS',19701,52668,71200
'14NS',19701,52668,73000
'14NS',19701,52668,74200
'14NS',19701,52668,75400
'14NS',19701,52668,80800
'14NS',19701,52668,82300
'14NS',19701,52668,83500
'14NS',19701,52668,90400
'14NS',19701,52668,93300
'14NS',19701,52668,100300
'14NS',19701,52668,103300
'14NS',19701,52668,110300
'14NS',19701,52668,112300
'14NS',19701,52668,114300
'14NS',19701,52668,120300
'14NS',19701,52668,122300
'14NS',19701,52668,124300
'14NS',19701,52668,130300
'14NS',19701,52668,132800
'14NS',19701,52668,135300
'14NS',19701,52668,141800
'14NS',19701,52668,142900
'14NS',19701,52668,143900
'14NS',19701,52668,144900
'14NS',19701,52668,145900
'14NS',19701,52668,151100
'14NS',19701,52668,152100
'14NS',19701,52668,153200
'14NS',19701,52668,154100
'14NS',19701,52668,155100
'14NS',19701,52668,160100
'14NS',19701,52668,161000
'14NS',19701,52668,161800
'14NS',19701,52668,162700
'14NS',19701,52668,163600
'14NS',19701,52668,164700
'14NS',19701,52668,165500
'14NS',19701,52668,170500
'14NS',19701,52668,171200
'14NS',19701,52668,172000
'14NS',19701,52668,172800
'14NS',19701,52668,173400
'14NS',19701,52668,174000
'14NS',19701,52668,174600
'14NS',19701,52668,175100
'14NS',19701,52668,175700
'14NS',19701,52668,180400
'14NS',19701,52668,181200
'14NS',19701,52668,182000
'14NS',19701,52668,182800
'14NS',19701,52668,183600
'14NS',19701,52668,184400
'14NS',19701,52668,185300
'14NS',19701,52668,190100
'14NS',19701,52668,191100
'14NS',19701,52668,191900
'14NS',19701,52668,192900
'14NS',19701,52668,193900
'14NS',19701,52668,194900
'14NS',19701,52668,195900
'14NS',19701,52668,200900
'14NS',19701,52668,201800
'14NS',19701,52668,202800
'14NS',19701,52668,203800
'14NS',19701,52668,204800
'14NS',19701,52668,205800
'14NS',19701,52668,210800
'14NS',19701,52668,211700
'14NS',19701,52668,212600
'14NS',19701,52668,213600
'14NS',19701,52668,214600
'14NS',19701,52668,215900
'14NS',19701,52668,221200
'14NS',19701,52668,222500
'14NS',19701,52668,224000
'14NS',19701,52668,230000
'14NS',19701,52668,232000
'14NS',19701,52668,234700
'14NS',19701,52668,241400
'14NS',19701,52668,243300
'14NS',19701,52668,250300
'14NS',19701,52668,252900
'14NA',37001,52668,255900
'14NA',37001,52668,264400
'14NA',37001,52668,272900
'14NA',37001,52668,281300
'14NA',37001,52668,285600
'14NF1',37001,52668,260200
'14NF1',37001,52668,264700
'14NF1',37001,52668,273200
'14NF1',37001,52668,281600
'14NF1',37001,52668,290000
'14NF2',37001,52668,255900
'14NF2',37001,52668,264400
'14NF2',37001,52668,272900
'14NF2',37001,52668,281300
'14NF2',37001,52668,285600
'14NF3',37001,52668,260200
'14NF3',37001,52668,264700
'14NF3',37001,52668,273200
'14NF3',37001,52668,281600
'14NF3',37001,52668,290000
'14NF4',37001,52668,255900
'14NF4',37001,52668,264400
'14NF4',37001,52668,272900
'14NF4',37001,52668,281300
'14NF4',37001,52668,285600
'14NI',37001,52668,260200
'14NI',37001,52668,264700
'14NI',37001,52668,273200
'14NI',37001,52668,281600
'14NI',37001,52668,290000
'14NS',37001,52668,260100
'14NS',37001,52668,264600
'14NS',37001,52668,273000
'14NS',37001,52668,281500
'14NS',37001,52668,290000
