'14MA',2902,52525,60900
'14MA',2902,52525,63900
'14MA',2902,52525,70900
'14MA',2902,52525,73900
'14MA',2902,52525,80900
'14MA',2902,52525,83900
'14MA',2902,52525,90900
'14MA',2902,52525,93900
'14MA',2902,52525,100900
'14MA',2902,52525,103900
'14MA',2902,52525,110900
'14MA',2902,52525,113900
'14MA',2902,52525,120900
'14MA',2902,52525,124000
'14MA',2902,52525,131000
'14MA',2902,52525,134100
'14MA',2902,52525,141100
'14MA',2902,52525,144200
'14MA',2902,52525,151200
'14MA',2902,52525,154300
'14MA',2902,52525,161300
'14MA',2902,52525,164400
'14MA',2902,52525,171400
'14MA',2902,52525,174400
'14MA',2902,52525,181500
'14MA',2902,52525,184600
'14MA',2902,52525,194100
'14MA',2902,52525,204000
'14MA',2902,52525,214300
'14MA',2902,52525,225000
'14MF1',2902,52525,60900
'14MF1',2902,52525,63900
'14MF1',2902,52525,70900
'14MF1',2902,52525,73900
'14MF1',2902,52525,80900
'14MF1',2902,52525,83900
'14MF1',2902,52525,90900
'14MF1',2902,52525,93900
'14MF1',2902,52525,100900
'14MF1',2902,52525,103900
'14MF1',2902,52525,110900
'14MF1',2902,52525,113900
'14MF1',2902,52525,120900
'14MF1',2902,52525,124000
'14MF1',2902,52525,131000
'14MF1',2902,52525,134100
'14MF1',2902,52525,141100
'14MF1',2902,52525,144200
'14MF1',2902,52525,151200
'14MF1',2902,52525,154300
'14MF1',2902,52525,161300
'14MF1',2902,52525,164400
'14MF1',2902,52525,171400
'14MF1',2902,52525,174400
'14MF1',2902,52525,181500
'14MF1',2902,52525,184600
'14MF1',2902,52525,194100
'14MF1',2902,52525,204000
'14MF1',2902,52525,214300
'14MF1',2902,52525,225000
'14MF2',2902,52525,60900
'14MF2',2902,52525,63900
'14MF2',2902,52525,70900
'14MF2',2902,52525,73900
'14MF2',2902,52525,80900
'14MF2',2902,52525,83900
'14MF2',2902,52525,90900
'14MF2',2902,52525,93900
'14MF2',2902,52525,100900
'14MF2',2902,52525,103900
'14MF2',2902,52525,110900
'14MF2',2902,52525,113900
'14MF2',2902,52525,120900
'14MF2',2902,52525,124000
'14MF2',2902,52525,131000
'14MF2',2902,52525,134100
'14MF2',2902,52525,141100
'14MF2',2902,52525,144200
'14MF2',2902,52525,151200
'14MF2',2902,52525,154300
'14MF2',2902,52525,161300
'14MF2',2902,52525,164400
'14MF2',2902,52525,171400
'14MF2',2902,52525,174400
'14MF2',2902,52525,181500
'14MF2',2902,52525,184600
'14MF2',2902,52525,194100
'14MF2',2902,52525,204000
'14MF2',2902,52525,214300
'14MF2',2902,52525,225000
'14MF3',2902,52525,60900
'14MF3',2902,52525,63900
'14MF3',2902,52525,70900
'14MF3',2902,52525,73900
'14MF3',2902,52525,80900
'14MF3',2902,52525,83900
'14MF3',2902,52525,90900
'14MF3',2902,52525,93900
'14MF3',2902,52525,100900
'14MF3',2902,52525,103900
'14MF3',2902,52525,110900
'14MF3',2902,52525,113900
'14MF3',2902,52525,120900
'14MF3',2902,52525,124000
'14MF3',2902,52525,131000
'14MF3',2902,52525,134100
'14MF3',2902,52525,141100
'14MF3',2902,52525,144200
'14MF3',2902,52525,151200
'14MF3',2902,52525,154300
'14MF3',2902,52525,161300
'14MF3',2902,52525,164400
'14MF3',2902,52525,171400
'14MF3',2902,52525,174400
'14MF3',2902,52525,181500
'14MF3',2902,52525,184600
'14MF3',2902,52525,194100
'14MF3',2902,52525,204000
'14MF3',2902,52525,214300
'14MF3',2902,52525,225000
'14MI',2902,52525,60700
'14MI',2902,52525,63700
'14MI',2902,52525,70700
'14MI',2902,52525,73800
'14MI',2902,52525,80800
'14MI',2902,52525,83800
'14MI',2902,52525,90800
'14MI',2902,52525,93900
'14MI',2902,52525,100900
'14MI',2902,52525,103900
'14MI',2902,52525,110900
'14MI',2902,52525,113900
'14MI',2902,52525,120900
'14MI',2902,52525,123900
'14MI',2902,52525,130900
'14MI',2902,52525,133900
'14MI',2902,52525,140900
'14MI',2902,52525,143900
'14MI',2902,52525,150900
'14MI',2902,52525,153900
'14MI',2902,52525,160900
'14MI',2902,52525,163900
'14MI',2902,52525,170900
'14MI',2902,52525,173900
'14MI',2902,52525,180800
'14MI',2902,52525,183800
'14MI',2902,52525,193800
'14MI',2902,52525,203800
'14MI',2902,52525,213800
'14MI',2902,52525,225000
'14MS',2902,52525,60800
'14MS',2902,52525,64000
'14MS',2902,52525,71200
'14MS',2902,52525,74400
'14MS',2902,52525,81600
'14MS',2902,52525,84900
'14MS',2902,52525,92100
'14MS',2902,52525,95200
'14MS',2902,52525,102300
'14MS',2902,52525,105300
'14MS',2902,52525,112300
'14MS',2902,52525,115300
'14MS',2902,52525,122400
'14MS',2902,52525,125400
'14MS',2902,52525,132600
'14MS',2902,52525,135600
'14MS',2902,52525,142800
'14MS',2902,52525,145800
'14MS',2902,52525,153100
'14MS',2902,52525,160300
'14MS',2902,52525,163600
'14MS',2902,52525,171200
'14MS',2902,52525,174400
'14MS',2902,52525,181500
'14MS',2902,52525,184800
'14MS',2902,52525,194500
'14MS',2902,52525,204200
'14MS',2902,52525,214000
'14MS',2902,52525,223900
'14MS',2902,52525,234400
'14MS',2902,52525,244900
