'15UA',3602,54283,50300
'15UA',3602,54283,54100
'15UA',3602,54283,61900
'15UA',3602,54283,65700
'15UA',3602,54283,73500
'15UA',3602,54283,81300
'15UA',3602,54283,85100
'15UA',3602,54283,93000
'15UA',3602,54283,101000
'15UA',3602,54283,105000
'15UA',3602,54283,113000
'15UA',3602,54283,121100
'15UA',3602,54283,125100
'15UA',3602,54283,133200
'15UA',3602,54283,141200
'15UA',3602,54283,145300
'15UA',3602,54283,153300
'15UA',3602,54283,161400
'15UA',3602,54283,165400
'15UA',3602,54283,173500
'15UA',3602,54283,181500
'15UA',3602,54283,185600
'15UA',3602,54283,193700
'15UA',3602,54283,201800
'15UA',3602,54283,210000
'15UA',3602,54283,214300
'15UA',3602,54283,222700
'15UA',3602,54283,231100
'15UA',3602,54283,235500
'15UA',3602,54283,243800
'15UF1',3602,54283,50300
'15UF1',3602,54283,54000
'15UF1',3602,54283,61800
'15UF1',3602,54283,65600
'15UF1',3602,54283,73400
'15UF1',3602,54283,81200
'15UF1',3602,54283,85000
'15UF1',3602,54283,92800
'15UF1',3602,54283,100900
'15UF1',3602,54283,104900
'15UF1',3602,54283,112900
'15UF1',3602,54283,121000
'15UF1',3602,54283,125100
'15UF1',3602,54283,133200
'15UF1',3602,54283,141200
'15UF1',3602,54283,145300
'15UF1',3602,54283,153300
'15UF1',3602,54283,161400
'15UF1',3602,54283,165400
'15UF1',3602,54283,173500
'15UF1',3602,54283,181500
'15UF1',3602,54283,185600
'15UF1',3602,54283,193500
'15UF1',3602,54283,201700
'15UF1',3602,54283,210000
'15UF1',3602,54283,214300
'15UF1',3602,54283,222700
'15UF1',3602,54283,231100
'15UF1',3602,54283,235500
'15UF1',3602,54283,243800
'15UF2',3602,54283,50300
'15UF2',3602,54283,54000
'15UF2',3602,54283,61800
'15UF2',3602,54283,65600
'15UF2',3602,54283,73400
'15UF2',3602,54283,81200
'15UF2',3602,54283,85000
'15UF2',3602,54283,92800
'15UF2',3602,54283,100900
'15UF2',3602,54283,104900
'15UF2',3602,54283,112900
'15UF2',3602,54283,121000
'15UF2',3602,54283,125100
'15UF2',3602,54283,133200
'15UF2',3602,54283,141200
'15UF2',3602,54283,145300
'15UF2',3602,54283,153300
'15UF2',3602,54283,161400
'15UF2',3602,54283,165400
'15UF2',3602,54283,173500
'15UF2',3602,54283,181500
'15UF2',3602,54283,185600
'15UF2',3602,54283,193500
'15UF2',3602,54283,201700
'15UF2',3602,54283,210000
'15UF2',3602,54283,214300
'15UF2',3602,54283,222700
'15UF2',3602,54283,231100
'15UF2',3602,54283,235500
'15UF2',3602,54283,243800
'15UI',3602,54283,50300
'15UI',3602,54283,54000
'15UI',3602,54283,61800
'15UI',3602,54283,65600
'15UI',3602,54283,73400
'15UI',3602,54283,81200
'15UI',3602,54283,85000
'15UI',3602,54283,92800
'15UI',3602,54283,100900
'15UI',3602,54283,104900
'15UI',3602,54283,112900
'15UI',3602,54283,121000
'15UI',3602,54283,125100
'15UI',3602,54283,133200
'15UI',3602,54283,141200
'15UI',3602,54283,145300
'15UI',3602,54283,153300
'15UI',3602,54283,161400
'15UI',3602,54283,165400
'15UI',3602,54283,173500
'15UI',3602,54283,181500
'15UI',3602,54283,185600
'15UI',3602,54283,193500
'15UI',3602,54283,201700
'15UI',3602,54283,210000
'15UI',3602,54283,214300
'15UI',3602,54283,222700
'15UI',3602,54283,231100
'15UI',3602,54283,235500
'15UI',3602,54283,243800
'15US',3602,54283,45800
'15US',3602,54283,52800
'15US',3602,54283,55900
'15US',3602,54283,63000
'15US',3602,54283,70000
'15US',3602,54283,73000
'15US',3602,54283,80600
'15US',3602,54283,83600
'15US',3602,54283,90200
'15US',3602,54283,93200
'15US',3602,54283,100200
'15US',3602,54283,103200
'15US',3602,54283,110200
'15US',3602,54283,113200
'15US',3602,54283,120200
'15US',3602,54283,123200
'15US',3602,54283,130300
'15US',3602,54283,133500
'15US',3602,54283,140500
'15US',3602,54283,143600
'15US',3602,54283,150900
'15US',3602,54283,153900
'15US',3602,54283,160900
'15US',3602,54283,164200
'15US',3602,54283,171200
'15US',3602,54283,174300
'15US',3602,54283,181000
'15US',3602,54283,183300
'15US',3602,54283,190200
'15US',3602,54283,193200
'15US',3602,54283,200000
'15US',3602,54283,203000
'15US',3602,54283,210000
'15US',3602,54283,213900
'15US',3602,54283,222400
'15US',3602,54283,230900
'15US',3602,54283,235400
'15US',3602,54283,243800
