'15JA',20802,58201,61800
'15JA',20802,58201,64500
'15JA',20802,58201,71300
'15JA',20802,58201,74200
'15JA',20802,58201,80900
'15JA',20802,58201,83600
'15JA',20802,58201,90700
'15JA',20802,58201,93700
'15JA',20802,58201,100700
'15JA',20802,58201,103800
'15JA',20802,58201,110000
'15JA',20802,58201,112000
'15JA',20802,58201,114000
'15JA',20802,58201,120000
'15JA',20802,58201,122200
'15JA',20802,58201,124700
'15JA',20802,58201,131500
'15JA',20802,58201,134300
'15JA',20802,58201,141000
'15JA',20802,58201,143800
'15JA',20802,58201,150600
'15JA',20802,58201,153600
'15JA',20802,58201,160600
'15JA',20802,58201,163600
'15JA',20802,58201,170400
'15JA',20802,58201,173200
'15JA',20802,58201,175800
'15JA',20802,58201,182500
'15JA',20802,58201,185300
'15JA',20802,58201,192100
'15JA',20802,58201,194900
'15JA',20802,58201,201700
'15JA',20802,58201,204600
'15JA',20802,58201,211500
'15JA',20802,58201,214300
'15JA',20802,58201,221100
'15JA',20802,58201,223900
'15JA',20802,58201,230700
'15JA',20802,58201,233500
'15JA',20802,58201,240400
'15JI',20802,58201,74500
'15JI',20802,58201,81500
'15JI',20802,58201,84600
'15JI',20802,58201,91600
'15JI',20802,58201,94600
'15JI',20802,58201,101600
'15JI',20802,58201,104600
'15JI',20802,58201,111600
'15JI',20802,58201,114700
'15JI',20802,58201,121700
'15JI',20802,58201,124800
'15JI',20802,58201,132000
'15JI',20802,58201,135200
'15JI',20802,58201,142400
'15JI',20802,58201,145600
'15JI',20802,58201,152800
'15JI',20802,58201,155900
'15JI',20802,58201,162900
'15JI',20802,58201,170000
'15JI',20802,58201,173100
'15JI',20802,58201,175000
'15JI',20802,58201,181000
'15JI',20802,58201,183000
'15JI',20802,58201,184900
'15JI',20802,58201,191600
'15JI',20802,58201,194600
'15JI',20802,58201,201600
'15JI',20802,58201,204600
'15JI',20802,58201,211600
'15JI',20802,58201,214600
'15JI',20802,58201,221600
'15JI',20802,58201,224600
'15JI',20802,58201,231500
'15JI',20802,58201,234500
'15JI',20802,58201,241500
'15JS',20802,58201,61900
'15JS',20802,58201,63900
'15JS',20802,58201,70000
'15JS',20802,58201,72400
'15JS',20802,58201,74900
'15JS',20802,58201,81400
'15JS',20802,58201,83900
'15JS',20802,58201,90600
'15JS',20802,58201,93400
'15JS',20802,58201,100200
'15JS',20802,58201,102900
'15JS',20802,58201,105700
'15JS',20802,58201,112400
'15JS',20802,58201,115200
'15JS',20802,58201,122000
'15JS',20802,58201,124800
'15JS',20802,58201,131600
'15JS',20802,58201,134400
'15JS',20802,58201,141200
'15JS',20802,58201,143900
'15JS',20802,58201,150500
'15JS',20802,58201,153400
'15JS',20802,58201,160100
'15JS',20802,58201,162200
'15JS',20802,58201,164100
'15JS',20802,58201,170700
'15JS',20802,58201,173000
'15JS',20802,58201,174700
'15JS',20802,58201,180600
'15JS',20802,58201,182700
'15JS',20802,58201,185700
'15JS',20802,58201,191900
'15JS',20802,58201,194900
'15JS',20802,58201,201800
'15JS',20802,58201,204700
'15JS',20802,58201,211600
'15JS',20802,58201,214500
'15JS',20802,58201,221500
'15JS',20802,58201,224800
'15JS',20802,58201,232400
'15JS',20802,58201,240400
'15JS',20904,58201,54800
'15JS',20904,58201,62900
'15JS',20904,58201,64200
'15JS',20904,58201,65600
'15JS',20904,58201,70900
'15JS',20904,58201,72800
'15JS',20904,58201,74300
'15JS',20904,58201,81000
'15JS',20904,58201,82100
'15JS',20904,58201,84400
'15JS',20904,58201,91100
'15JS',20904,58201,94000
'15JS',20904,58201,101200
'15JS',20904,58201,104400
'15JS',20904,58201,111700
'15JS',20904,58201,114900
'15JS',20904,58201,122200
'15JS',20904,58201,125400
'15JS',20904,58201,132700
'15JS',20904,58201,140100
'15JS',20904,58201,143400
'15JS',20904,58201,150700
'15JS',20904,58201,153400
'15JS',20904,58201,155700
'15JS',20904,58201,162100
'15JS',20904,58201,164800
'15JS',20904,58201,171400
'15JS',20904,58201,174100
'15JS',20904,58201,181100
'15JS',20904,58201,184600
'15JS',20904,58201,191900
'15JS',20904,58201,195000
'15JS',20904,58201,202400
'15JS',20904,58201,205700
'15JS',20904,58201,212900
'15JS',20904,58201,220200
'15JS',20904,58201,223500
'15JS',20904,58201,230300
'15JS',20904,58201,233100
'15JS',20904,58201,240200
