'14UF2',20903,57459,60600
'14UF2',20903,57459,63800
'14UF2',20903,57459,71300
'14UF2',20903,57459,74400
'14UF2',20903,57459,75900
'14UF2',20903,57459,82800
'14UF2',20903,57459,85800
'14UF2',20903,57459,92800
'14UF2',20903,57459,100100
'14UF2',20903,57459,103400
'14UF2',20903,57459,110600
'14UF2',20903,57459,113800
'14UF2',20903,57459,121000
'14UF2',20903,57459,124300
'14UF2',20903,57459,131600
'14UF2',20903,57459,134900
'14UF2',20903,57459,142200
'14UF2',20903,57459,145500
'14UF2',20903,57459,152100
'14UF2',20903,57459,154500
'14UF2',20903,57459,160900
'14UF2',20903,57459,163300
'14UF2',20903,57459,165900
'14UF2',20903,57459,170900
'14UF2',20903,57459,173600
'14UF2',20903,57459,180200
'14UF2',20903,57459,183500
'14UF2',20903,57459,190700
'14UF2',20903,57459,194100
'14UF2',20903,57459,201200
'14UF2',20903,57459,204400
'14UF2',20903,57459,211700
'14UF2',20903,57459,215000
'14UF2',20903,57459,222300
'14UF2',20903,57459,225400
'14UF2',20903,57459,232200
'14UF2',20903,57459,234900
'14US',20903,57459,60600
'14US',20903,57459,63800
'14US',20903,57459,71300
'14US',20903,57459,74400
'14US',20903,57459,75900
'14US',20903,57459,82800
'14US',20903,57459,85800
'14US',20903,57459,92800
'14US',20903,57459,100100
'14US',20903,57459,103400
'14US',20903,57459,110600
'14US',20903,57459,113800
'14US',20903,57459,121000
'14US',20903,57459,124300
'14US',20903,57459,131600
'14US',20903,57459,134900
'14US',20903,57459,142200
'14US',20903,57459,145500
'14US',20903,57459,152100
'14US',20903,57459,154500
'14US',20903,57459,160900
'14US',20903,57459,163300
'14US',20903,57459,165900
'14US',20903,57459,170900
'14US',20903,57459,173600
'14US',20903,57459,180200
'14US',20903,57459,183500
'14US',20903,57459,190700
'14US',20903,57459,194100
'14US',20903,57459,201200
'14US',20903,57459,204400
'14US',20903,57459,211700
'14US',20903,57459,215000
'14US',20903,57459,222300
'14US',20903,57459,225400
'14US',20903,57459,232200
'14US',20903,57459,234900
