'14SA',8502,54723,45500
'14SA',8502,54723,54000
'14SA',8502,54723,62500
'14SA',8502,54723,70700
'14SA',8502,54723,74900
'14SA',8502,54723,83200
'14SA',8502,54723,91500
'14SA',8502,54723,100100
'14SA',8502,54723,104400
'14SA',8502,54723,112400
'14SA',8502,54723,115700
'14SA',8502,54723,122800
'14SA',8502,54723,130200
'14SA',8502,54723,133400
'14SA',8502,54723,140300
'14SA',8502,54723,143800
'14SA',8502,54723,151100
'14SA',8502,54723,154400
'14SA',8502,54723,161600
'14SA',8502,54723,164900
'14SA',8502,54723,172200
'14SA',8502,54723,175400
'14SA',8502,54723,183000
'14SA',8502,54723,191700
'14SA',8502,54723,200500
'14SA',8502,54723,205300
'14SA',8502,54723,214200
'14SA',8502,54723,223100
'14SA',8502,54723,232000
'14SA',8502,54723,240700
'14SA',8502,54723,245300
'14SF1',8502,54723,45500
'14SF1',8502,54723,54000
'14SF1',8502,54723,62500
'14SF1',8502,54723,70900
'14SF1',8502,54723,75300
'14SF1',8502,54723,83500
'14SF1',8502,54723,91700
'14SF1',8502,54723,100000
'14SF1',8502,54723,104400
'14SF1',8502,54723,112300
'14SF1',8502,54723,115500
'14SF1',8502,54723,122700
'14SF1',8502,54723,125900
'14SF1',8502,54723,133200
'14SF1',8502,54723,140200
'14SF1',8502,54723,143600
'14SF1',8502,54723,150800
'14SF1',8502,54723,154100
'14SF1',8502,54723,161400
'14SF1',8502,54723,164700
'14SF1',8502,54723,171900
'14SF1',8502,54723,175200
'14SF1',8502,54723,182500
'14SF1',8502,54723,191200
'14SF1',8502,54723,195800
'14SF1',8502,54723,204400
'14SF1',8502,54723,213000
'14SF1',8502,54723,221500
'14SF1',8502,54723,230000
'14SF1',8502,54723,234600
'14SF1',8502,54723,243200
'14SF2',8502,54723,45500
'14SF2',8502,54723,54000
'14SF2',8502,54723,62500
'14SF2',8502,54723,70900
'14SF2',8502,54723,75300
'14SF2',8502,54723,83500
'14SF2',8502,54723,91700
'14SF2',8502,54723,100000
'14SF2',8502,54723,104400
'14SF2',8502,54723,112300
'14SF2',8502,54723,115500
'14SF2',8502,54723,122700
'14SF2',8502,54723,125900
'14SF2',8502,54723,133200
'14SF2',8502,54723,140200
'14SF2',8502,54723,143600
'14SF2',8502,54723,150800
'14SF2',8502,54723,154100
'14SF2',8502,54723,161400
'14SF2',8502,54723,164700
'14SF2',8502,54723,171900
'14SF2',8502,54723,175200
'14SF2',8502,54723,182500
'14SF2',8502,54723,191200
'14SF2',8502,54723,195800
'14SF2',8502,54723,204400
'14SF2',8502,54723,213000
'14SF2',8502,54723,221500
'14SF2',8502,54723,230000
'14SF2',8502,54723,234600
'14SF2',8502,54723,243200
'14SI',8502,54723,45500
'14SI',8502,54723,54000
'14SI',8502,54723,62500
'14SI',8502,54723,70900
'14SI',8502,54723,75300
'14SI',8502,54723,83500
'14SI',8502,54723,91700
'14SI',8502,54723,100000
'14SI',8502,54723,104400
'14SI',8502,54723,112300
'14SI',8502,54723,115500
'14SI',8502,54723,122700
'14SI',8502,54723,125900
'14SI',8502,54723,133200
'14SI',8502,54723,140200
'14SI',8502,54723,143600
'14SI',8502,54723,150800
'14SI',8502,54723,154100
'14SI',8502,54723,161400
'14SI',8502,54723,164700
'14SI',8502,54723,171900
'14SI',8502,54723,175200
'14SI',8502,54723,182500
'14SI',8502,54723,191200
'14SI',8502,54723,195800
'14SI',8502,54723,204400
'14SI',8502,54723,213000
'14SI',8502,54723,221500
'14SI',8502,54723,230000
'14SI',8502,54723,234600
'14SI',8502,54723,243200
'14SS',8502,54723,45000
'14SS',8502,54723,52000
'14SS',8502,54723,55000
'14SS',8502,54723,62000
'14SS',8502,54723,64700
'14SS',8502,54723,65500
'14SS',8502,54723,70300
'14SS',8502,54723,71100
'14SS',8502,54723,71900
'14SS',8502,54723,72500
'14SS',8502,54723,73100
'14SS',8502,54723,73700
'14SS',8502,54723,74200
'14SS',8502,54723,74600
'14SS',8502,54723,75600
'14SS',8502,54723,80600
'14SS',8502,54723,81600
'14SS',8502,54723,82500
'14SS',8502,54723,83200
'14SS',8502,54723,83900
'14SS',8502,54723,84600
'14SS',8502,54723,90600
'14SS',8502,54723,93400
'14SS',8502,54723,100200
'14SS',8502,54723,103100
'14SS',8502,54723,110100
'14SS',8502,54723,113100
'14SS',8502,54723,120100
'14SS',8502,54723,123100
'14SS',8502,54723,130100
'14SS',8502,54723,133100
'14SS',8502,54723,140100
'14SS',8502,54723,143100
'14SS',8502,54723,150100
'14SS',8502,54723,153100
'14SS',8502,54723,160200
'14SS',8502,54723,163400
'14SS',8502,54723,170500
'14SS',8502,54723,173500
'14SS',8502,54723,180100
'14SS',8502,54723,183100
'14SS',8502,54723,190000
'14SS',8502,54723,192900
'14SS',8502,54723,195900
'14SS',8502,54723,204400
'14SS',8502,54723,212900
'14SS',8502,54723,221600
'14SS',8502,54723,230300
'14SS',8502,54723,235100
'14SS',8502,54723,243200
