'14MA',6801,58266,61200
'14MA',6801,58266,64800
'14MA',6801,58266,72100
'14MA',6801,58266,73800
'14MA',6801,58266,75500
'14MA',6801,58266,81200
'14MA',6801,58266,82100
'14MA',6801,58266,83500
'14MA',6801,58266,85800
'14MA',6801,58266,92100
'14MA',6801,58266,94600
'14MA',6801,58266,101000
'14MA',6801,58266,103400
'14MA',6801,58266,105800
'14MA',6801,58266,112200
'14MA',6801,58266,114600
'14MA',6801,58266,120800
'14MA',6801,58266,123000
'14MA',6801,58266,125200
'14MA',6801,58266,131400
'14MA',6801,58266,133700
'14MA',6801,58266,135900
'14MA',6801,58266,142100
'14MA',6801,58266,144300
'14MA',6801,58266,150500
'14MA',6801,58266,152800
'14MA',6801,58266,155000
'14MA',6801,58266,161200
'14MA',6801,58266,163500
'14MA',6801,58266,165700
'14MA',6801,58266,171900
'14MA',6801,58266,174200
'14MA',6801,58266,180400
'14MA',6801,58266,182600
'14MA',6801,58266,184800
'14MA',6801,58266,191100
'14MA',6801,58266,193400
'14MA',6801,58266,195800
'14MA',6801,58266,202100
'14MA',6801,58266,205600
'14MA',6801,58266,212900
'14MA',6801,58266,220300
'14MA',6801,58266,223700
'14MA',6801,58266,231100
'14MA',6801,58266,234500
'14MA',6801,58266,241900
'14MA',6801,58266,245200
'14MF1',6801,58266,61200
'14MF1',6801,58266,64800
'14MF1',6801,58266,72100
'14MF1',6801,58266,74700
'14MF1',6801,58266,75500
'14MF1',6801,58266,81200
'14MF1',6801,58266,82100
'14MF1',6801,58266,83500
'14MF1',6801,58266,90700
'14MF1',6801,58266,92100
'14MF1',6801,58266,94600
'14MF1',6801,58266,101000
'14MF1',6801,58266,103400
'14MF1',6801,58266,105800
'14MF1',6801,58266,112200
'14MF1',6801,58266,114600
'14MF1',6801,58266,120800
'14MF1',6801,58266,123000
'14MF1',6801,58266,125200
'14MF1',6801,58266,131400
'14MF1',6801,58266,133700
'14MF1',6801,58266,135900
'14MF1',6801,58266,142100
'14MF1',6801,58266,144300
'14MF1',6801,58266,150500
'14MF1',6801,58266,152800
'14MF1',6801,58266,155000
'14MF1',6801,58266,161200
'14MF1',6801,58266,163500
'14MF1',6801,58266,165700
'14MF1',6801,58266,171900
'14MF1',6801,58266,174200
'14MF1',6801,58266,180400
'14MF1',6801,58266,182600
'14MF1',6801,58266,184800
'14MF1',6801,58266,191100
'14MF1',6801,58266,193400
'14MF1',6801,58266,195700
'14MF1',6801,58266,202000
'14MF1',6801,58266,205600
'14MF1',6801,58266,212900
'14MF1',6801,58266,220300
'14MF1',6801,58266,223700
'14MF1',6801,58266,231100
'14MF1',6801,58266,234500
'14MF1',6801,58266,241900
'14MF1',6801,58266,245200
'14MF2',6801,58266,61200
'14MF2',6801,58266,64800
'14MF2',6801,58266,72100
'14MF2',6801,58266,74700
'14MF2',6801,58266,75500
'14MF2',6801,58266,81200
'14MF2',6801,58266,82100
'14MF2',6801,58266,83500
'14MF2',6801,58266,90700
'14MF2',6801,58266,92100
'14MF2',6801,58266,94600
'14MF2',6801,58266,101000
'14MF2',6801,58266,103400
'14MF2',6801,58266,105800
'14MF2',6801,58266,112200
'14MF2',6801,58266,114600
'14MF2',6801,58266,120800
'14MF2',6801,58266,123000
'14MF2',6801,58266,125200
'14MF2',6801,58266,131400
'14MF2',6801,58266,133700
'14MF2',6801,58266,135900
'14MF2',6801,58266,142100
'14MF2',6801,58266,144300
'14MF2',6801,58266,150500
'14MF2',6801,58266,152800
'14MF2',6801,58266,155000
'14MF2',6801,58266,161200
'14MF2',6801,58266,163500
'14MF2',6801,58266,165700
'14MF2',6801,58266,171900
'14MF2',6801,58266,174200
'14MF2',6801,58266,180400
'14MF2',6801,58266,182600
'14MF2',6801,58266,184800
'14MF2',6801,58266,191100
'14MF2',6801,58266,193400
'14MF2',6801,58266,195700
'14MF2',6801,58266,202000
'14MF2',6801,58266,205600
'14MF2',6801,58266,212900
'14MF2',6801,58266,220300
'14MF2',6801,58266,223700
'14MF2',6801,58266,231100
'14MF2',6801,58266,234500
'14MF2',6801,58266,241900
'14MF2',6801,58266,245200
'14MF3',6801,58266,61200
'14MF3',6801,58266,64800
'14MF3',6801,58266,72100
'14MF3',6801,58266,74700
'14MF3',6801,58266,75500
'14MF3',6801,58266,81200
'14MF3',6801,58266,82100
'14MF3',6801,58266,83500
'14MF3',6801,58266,90700
'14MF3',6801,58266,92100
'14MF3',6801,58266,94600
'14MF3',6801,58266,101000
'14MF3',6801,58266,103400
'14MF3',6801,58266,105800
'14MF3',6801,58266,112200
'14MF3',6801,58266,114600
'14MF3',6801,58266,120800
'14MF3',6801,58266,123000
'14MF3',6801,58266,125200
'14MF3',6801,58266,131400
'14MF3',6801,58266,133700
'14MF3',6801,58266,135900
'14MF3',6801,58266,142100
'14MF3',6801,58266,144300
'14MF3',6801,58266,150500
'14MF3',6801,58266,152800
'14MF3',6801,58266,155000
'14MF3',6801,58266,161200
'14MF3',6801,58266,163500
'14MF3',6801,58266,165700
'14MF3',6801,58266,171900
'14MF3',6801,58266,174200
'14MF3',6801,58266,180400
'14MF3',6801,58266,182600
'14MF3',6801,58266,184800
'14MF3',6801,58266,191100
'14MF3',6801,58266,193400
'14MF3',6801,58266,195800
'14MF3',6801,58266,202100
'14MF3',6801,58266,205600
'14MF3',6801,58266,212900
'14MF3',6801,58266,220300
'14MF3',6801,58266,223700
'14MF3',6801,58266,231100
'14MF3',6801,58266,234500
'14MF3',6801,58266,241900
'14MF3',6801,58266,245200
'14MI',6801,58266,61100
'14MI',6801,58266,65100
'14MI',6801,58266,72900
'14MI',6801,58266,80600
'14MI',6801,58266,84200
'14MI',6801,58266,91300
'14MI',6801,58266,94000
'14MI',6801,58266,100700
'14MI',6801,58266,103400
'14MI',6801,58266,110100
'14MI',6801,58266,112800
'14MI',6801,58266,115600
'14MI',6801,58266,122400
'14MI',6801,58266,125200
'14MI',6801,58266,132000
'14MI',6801,58266,134800
'14MI',6801,58266,141600
'14MI',6801,58266,144400
'14MI',6801,58266,151200
'14MI',6801,58266,153900
'14MI',6801,58266,160700
'14MI',6801,58266,163500
'14MI',6801,58266,170300
'14MI',6801,58266,173100
'14MI',6801,58266,175900
'14MI',6801,58266,182600
'14MI',6801,58266,185200
'14MI',6801,58266,191900
'14MI',6801,58266,194900
'14MI',6801,58266,202400
'14MI',6801,58266,205800
'14MI',6801,58266,213300
'14MI',6801,58266,220800
'14MI',6801,58266,224200
'14MI',6801,58266,231600
'14MI',6801,58266,235000
'14MI',6801,58266,242200
'14MI',6801,58266,245200
'14MS',6801,58266,45300
'14MS',6801,58266,52500
'14MS',6801,58266,55800
'14MS',6801,58266,63000
'14MS',6801,58266,70300
'14MS',6801,58266,73700
'14MS',6801,58266,74700
'14MS',6801,58266,75800
'14MS',6801,58266,82500
'14MS',6801,58266,84800
'14MS',6801,58266,92000
'14MS',6801,58266,94900
'14MS',6801,58266,101800
'14MS',6801,58266,104700
'14MS',6801,58266,111700
'14MS',6801,58266,114600
'14MS',6801,58266,121500
'14MS',6801,58266,124300
'14MS',6801,58266,131100
'14MS',6801,58266,134000
'14MS',6801,58266,140800
'14MS',6801,58266,143600
'14MS',6801,58266,150300
'14MS',6801,58266,152900
'14MS',6801,58266,155500
'14MS',6801,58266,162100
'14MS',6801,58266,165100
'14MS',6801,58266,172100
'14MS',6801,58266,175000
'14MS',6801,58266,181700
'14MS',6801,58266,184300
'14MS',6801,58266,190900
'14MS',6801,58266,193700
'14MS',6801,58266,200400
'14MS',6801,58266,203100
'14MS',6801,58266,205600
'14MS',6801,58266,212000
'14MS',6801,58266,214400
'14MS',6801,58266,221600
'14MS',6801,58266,224900
'14MS',6801,58266,232200
'14MS',6801,58266,235500
'14MS',6801,58266,242800
'14MS',6801,58266,250100
'14MA',37601,58266,244800
'14MA',37601,58266,253300
'14MA',37601,58266,261800
'14MA',37601,58266,270300
'14MA',37601,58266,274800
'14MF1',37601,58266,244800
'14MF1',37601,58266,253300
'14MF1',37601,58266,261800
'14MF1',37601,58266,270300
'14MF1',37601,58266,274800
'14MF2',37601,58266,244800
'14MF2',37601,58266,253300
'14MF2',37601,58266,261800
'14MF2',37601,58266,270300
'14MF2',37601,58266,274800
'14MF3',37601,58266,244800
'14MF3',37601,58266,253300
'14MF3',37601,58266,261800
'14MF3',37601,58266,270300
'14MF3',37601,58266,274800
'14MI',37601,58266,244800
'14MI',37601,58266,253300
'14MI',37601,58266,261800
'14MI',37601,58266,270300
'14MI',37601,58266,274800
'14MS',37601,58266,244800
'14MS',37601,58266,253300
'14MS',37601,58266,261800
'14MS',37601,58266,270300
'14MS',37601,58266,274800
'14MF2',40701,58266,62700
'14MF2',40701,58266,65100
'14MF2',40701,58266,70900
'14MF2',40701,58266,72700
'14MF2',40701,58266,73900
'14MF2',40701,58266,75900
'14MF2',40701,58266,81300
'14MF2',40701,58266,154900
'14MF2',40701,58266,163400
'14MF2',40701,58266,165700
'14MS',40701,58266,62700
'14MS',40701,58266,65100
'14MS',40701,58266,70900
'14MS',40701,58266,72700
'14MS',40701,58266,73900
'14MS',40701,58266,75900
'14MS',40701,58266,81300
'14MS',40701,58266,154900
'14MS',40701,58266,163400
'14MS',40701,58266,165700
'14MA',47001,58266,44600
'14MA',47001,58266,51900
'14MA',47001,58266,55300
'14MA',47001,58266,62700
'14MA',47001,58266,65900
'14MA',47001,58266,72700
'14MA',47001,58266,74600
'14MA',47001,58266,80400
'14MA',47001,58266,82200
'14MA',47001,58266,83900
'14MA',47001,58266,85600
'14MA',47001,58266,91400
'14MA',47001,58266,93100
'14MA',47001,58266,94800
'14MA',47001,58266,100500
'14MA',47001,58266,102200
'14MA',47001,58266,104200
'14MA',47001,58266,110200
'14MA',47001,58266,112100
'14MA',47001,58266,114000
'14MA',47001,58266,115900
'14MA',47001,58266,121700
'14MA',47001,58266,123400
'14MA',47001,58266,125000
'14MA',47001,58266,130400
'14MA',47001,58266,131800
'14MA',47001,58266,133200
'14MA',47001,58266,134600
'14MA',47001,58266,140000
'14MA',47001,58266,141400
'14MA',47001,58266,142800
'14MA',47001,58266,144300
'14MA',47001,58266,145800
'14MA',47001,58266,151300
'14MA',47001,58266,152800
'14MA',47001,58266,154300
'14MA',47001,58266,155600
'14MA',47001,58266,160800
'14MA',47001,58266,162000
'14MA',47001,58266,163200
'14MA',47001,58266,164400
'14MA',47001,58266,165600
'14MA',47001,58266,170800
'14MA',47001,58266,172200
'14MA',47001,58266,173700
'14MA',47001,58266,180000
'14MA',47001,58266,182300
'14MA',47001,58266,184600
'14MA',47001,58266,191500
'14MA',47001,58266,194300
'14MA',47001,58266,201300
'14MA',47001,58266,204300
'14MA',47001,58266,211300
'14MA',47001,58266,214300
'14MA',47001,58266,221300
'14MA',47001,58266,224300
'14MA',47001,58266,231300
'14MA',47001,58266,234300
'14MA',47001,58266,241500
'14MF1',47001,58266,44600
'14MF1',47001,58266,51900
'14MF1',47001,58266,55300
'14MF1',47001,58266,62700
'14MF1',47001,58266,65900
'14MF1',47001,58266,72700
'14MF1',47001,58266,74600
'14MF1',47001,58266,80400
'14MF1',47001,58266,82200
'14MF1',47001,58266,83900
'14MF1',47001,58266,85600
'14MF1',47001,58266,91400
'14MF1',47001,58266,93100
'14MF1',47001,58266,94800
'14MF1',47001,58266,100500
'14MF1',47001,58266,102200
'14MF1',47001,58266,104200
'14MF1',47001,58266,110200
'14MF1',47001,58266,112100
'14MF1',47001,58266,114000
'14MF1',47001,58266,115900
'14MF1',47001,58266,121700
'14MF1',47001,58266,123400
'14MF1',47001,58266,125000
'14MF1',47001,58266,130400
'14MF1',47001,58266,131800
'14MF1',47001,58266,133200
'14MF1',47001,58266,134600
'14MF1',47001,58266,140000
'14MF1',47001,58266,141400
'14MF1',47001,58266,142800
'14MF1',47001,58266,144300
'14MF1',47001,58266,145800
'14MF1',47001,58266,151300
'14MF1',47001,58266,152800
'14MF1',47001,58266,154300
'14MF1',47001,58266,155600
'14MF1',47001,58266,160800
'14MF1',47001,58266,162000
'14MF1',47001,58266,163200
'14MF1',47001,58266,164400
'14MF1',47001,58266,165600
'14MF1',47001,58266,170800
'14MF1',47001,58266,172200
'14MF1',47001,58266,173700
'14MF1',47001,58266,180000
'14MF1',47001,58266,182300
'14MF1',47001,58266,184600
'14MF1',47001,58266,191500
'14MF1',47001,58266,194300
'14MF1',47001,58266,201300
'14MF1',47001,58266,204300
'14MF1',47001,58266,211300
'14MF1',47001,58266,214300
'14MF1',47001,58266,221300
'14MF1',47001,58266,224300
'14MF1',47001,58266,231300
'14MF1',47001,58266,234600
'14MF2',47001,58266,44600
'14MF2',47001,58266,51900
'14MF2',47001,58266,55300
'14MF2',47001,58266,62700
'14MF2',47001,58266,65900
'14MF2',47001,58266,72700
'14MF2',47001,58266,74600
'14MF2',47001,58266,80400
'14MF2',47001,58266,82200
'14MF2',47001,58266,83900
'14MF2',47001,58266,85600
'14MF2',47001,58266,91400
'14MF2',47001,58266,93100
'14MF2',47001,58266,94800
'14MF2',47001,58266,100500
'14MF2',47001,58266,102200
'14MF2',47001,58266,104200
'14MF2',47001,58266,110200
'14MF2',47001,58266,112100
'14MF2',47001,58266,114000
'14MF2',47001,58266,115900
'14MF2',47001,58266,121700
'14MF2',47001,58266,123400
'14MF2',47001,58266,125000
'14MF2',47001,58266,130400
'14MF2',47001,58266,131800
'14MF2',47001,58266,133200
'14MF2',47001,58266,134600
'14MF2',47001,58266,140000
'14MF2',47001,58266,141400
'14MF2',47001,58266,142800
'14MF2',47001,58266,144300
'14MF2',47001,58266,145800
'14MF2',47001,58266,151300
'14MF2',47001,58266,152800
'14MF2',47001,58266,154300
'14MF2',47001,58266,155600
'14MF2',47001,58266,160800
'14MF2',47001,58266,162000
'14MF2',47001,58266,163200
'14MF2',47001,58266,164400
'14MF2',47001,58266,165600
'14MF2',47001,58266,170800
'14MF2',47001,58266,172200
'14MF2',47001,58266,173700
'14MF2',47001,58266,180000
'14MF2',47001,58266,182300
'14MF2',47001,58266,184600
'14MF2',47001,58266,191500
'14MF2',47001,58266,194300
'14MF2',47001,58266,201300
'14MF2',47001,58266,204300
'14MF2',47001,58266,211300
'14MF2',47001,58266,214300
'14MF2',47001,58266,221300
'14MF2',47001,58266,224300
'14MF2',47001,58266,231300
'14MF2',47001,58266,234600
'14MF3',47001,58266,44600
'14MF3',47001,58266,51900
'14MF3',47001,58266,55300
'14MF3',47001,58266,62700
'14MF3',47001,58266,65900
'14MF3',47001,58266,72700
'14MF3',47001,58266,74600
'14MF3',47001,58266,80400
'14MF3',47001,58266,82200
'14MF3',47001,58266,83900
'14MF3',47001,58266,85600
'14MF3',47001,58266,91400
'14MF3',47001,58266,93100
'14MF3',47001,58266,94800
'14MF3',47001,58266,100500
'14MF3',47001,58266,102200
'14MF3',47001,58266,104200
'14MF3',47001,58266,110200
'14MF3',47001,58266,112100
'14MF3',47001,58266,114000
'14MF3',47001,58266,115900
'14MF3',47001,58266,121700
'14MF3',47001,58266,123400
'14MF3',47001,58266,125000
'14MF3',47001,58266,130400
'14MF3',47001,58266,131800
'14MF3',47001,58266,133200
'14MF3',47001,58266,134600
'14MF3',47001,58266,140000
'14MF3',47001,58266,141400
'14MF3',47001,58266,142800
'14MF3',47001,58266,144300
'14MF3',47001,58266,145800
'14MF3',47001,58266,151300
'14MF3',47001,58266,152800
'14MF3',47001,58266,154300
'14MF3',47001,58266,155600
'14MF3',47001,58266,160800
'14MF3',47001,58266,162000
'14MF3',47001,58266,163200
'14MF3',47001,58266,164400
'14MF3',47001,58266,165600
'14MF3',47001,58266,170800
'14MF3',47001,58266,172200
'14MF3',47001,58266,173700
'14MF3',47001,58266,180000
'14MF3',47001,58266,182300
'14MF3',47001,58266,184600
'14MF3',47001,58266,191500
'14MF3',47001,58266,194300
'14MF3',47001,58266,201300
'14MF3',47001,58266,204300
'14MF3',47001,58266,211300
'14MF3',47001,58266,214300
'14MF3',47001,58266,221300
'14MF3',47001,58266,224300
'14MF3',47001,58266,231300
'14MF3',47001,58266,234600
'14MI',47001,58266,44700
'14MI',47001,58266,52900
'14MI',47001,58266,60000
'14MI',47001,58266,63000
'14MI',47001,58266,70000
'14MI',47001,58266,73000
'14MI',47001,58266,75800
'14MI',47001,58266,81700
'14MI',47001,58266,83600
'14MI',47001,58266,85400
'14MI',47001,58266,91200
'14MI',47001,58266,93000
'14MI',47001,58266,94700
'14MI',47001,58266,100500
'14MI',47001,58266,102300
'14MI',47001,58266,104200
'14MI',47001,58266,110200
'14MI',47001,58266,112200
'14MI',47001,58266,114200
'14MI',47001,58266,120200
'14MI',47001,58266,122200
'14MI',47001,58266,124200
'14MI',47001,58266,130200
'14MI',47001,58266,132200
'14MI',47001,58266,134200
'14MI',47001,58266,140200
'14MI',47001,58266,142100
'14MI',47001,58266,144100
'14MI',47001,58266,150100
'14MI',47001,58266,152100
'14MI',47001,58266,154100
'14MI',47001,58266,160000
'14MI',47001,58266,161900
'14MI',47001,58266,163800
'14MI',47001,58266,165800
'14MI',47001,58266,171700
'14MI',47001,58266,173600
'14MI',47001,58266,180400
'14MI',47001,58266,183300
'14MI',47001,58266,190300
'14MI',47001,58266,193300
'14MI',47001,58266,200300
'14MI',47001,58266,203200
'14MI',47001,58266,210200
'14MI',47001,58266,213200
'14MI',47001,58266,220200
'14MI',47001,58266,223200
'14MI',47001,58266,230200
'14MI',47001,58266,233000
'14MI',47001,58266,234600
'14MS',47001,58266,44600
'14MS',47001,58266,51600
'14MS',47001,58266,53900
'14MS',47001,58266,55100
'14MS',47001,58266,60200
'14MS',47001,58266,61200
'14MS',47001,58266,62200
'14MS',47001,58266,63000
'14MS',47001,58266,63900
'14MS',47001,58266,64600
'14MS',47001,58266,65300
'14MS',47001,58266,70000
'14MS',47001,58266,70800
'14MS',47001,58266,71300
'14MS',47001,58266,71800
'14MS',47001,58266,72400
'14MS',47001,58266,73000
'14MS',47001,58266,73900
'14MS',47001,58266,74900
'14MS',47001,58266,75800
'14MS',47001,58266,80700
'14MS',47001,58266,81700
'14MS',47001,58266,82600
'14MS',47001,58266,83500
'14MS',47001,58266,84600
'14MS',47001,58266,85500
'14MS',47001,58266,90400
'14MS',47001,58266,91300
'14MS',47001,58266,92300
'14MS',47001,58266,93300
'14MS',47001,58266,94300
'14MS',47001,58266,95200
'14MS',47001,58266,100100
'14MS',47001,58266,101000
'14MS',47001,58266,102000
'14MS',47001,58266,103000
'14MS',47001,58266,104000
'14MS',47001,58266,105000
'14MS',47001,58266,110000
'14MS',47001,58266,111000
'14MS',47001,58266,112000
'14MS',47001,58266,113000
'14MS',47001,58266,114000
'14MS',47001,58266,115000
'14MS',47001,58266,120000
'14MS',47001,58266,121000
'14MS',47001,58266,122000
'14MS',47001,58266,122900
'14MS',47001,58266,123900
'14MS',47001,58266,124900
'14MS',47001,58266,130000
'14MS',47001,58266,131000
'14MS',47001,58266,131900
'14MS',47001,58266,132900
'14MS',47001,58266,133900
'14MS',47001,58266,134900
'14MS',47001,58266,135900
'14MS',47001,58266,140900
'14MS',47001,58266,141900
'14MS',47001,58266,143100
'14MS',47001,58266,144400
'14MS',47001,58266,145500
'14MS',47001,58266,150900
'14MS',47001,58266,152300
'14MS',47001,58266,153500
'14MS',47001,58266,154600
'14MS',47001,58266,155600
'14MS',47001,58266,160800
'14MS',47001,58266,161800
'14MS',47001,58266,162800
'14MS',47001,58266,163800
'14MS',47001,58266,164700
'14MS',47001,58266,165700
'14MS',47001,58266,170700
'14MS',47001,58266,171900
'14MS',47001,58266,173300
'14MS',47001,58266,174700
'14MS',47001,58266,180300
'14MS',47001,58266,182800
'14MS',47001,58266,185200
'14MS',47001,58266,191800
'14MS',47001,58266,194400
'14MS',47001,58266,201100
'14MS',47001,58266,203900
'14MS',47001,58266,210800
'14MS',47001,58266,213700
'14MS',47001,58266,220700
'14MS',47001,58266,223700
'14MS',47001,58266,230800
'14MS',47001,58266,234600
'14MF2',46801,58266,54200
'14MF2',46801,58266,62800
'14MF2',46801,58266,64000
'14MF2',46801,58266,64500
'14MF2',46801,58266,65100
'14MF2',46801,58266,71000
'14MF2',46801,58266,73000
'14MF2',46801,58266,74100
'14MF2',46801,58266,80000
'14MF2',46801,58266,81700
'14MF2',46801,58266,85800
'14MF2',46801,58266,92900
'14MF2',46801,58266,95900
'14MF2',46801,58266,102900
'14MF2',46801,58266,105900
'14MF2',46801,58266,112900
'14MF2',46801,58266,115900
'14MF2',46801,58266,122900
'14MF2',46801,58266,125900
'14MF2',46801,58266,132900
'14MF2',46801,58266,135800
'14MF2',46801,58266,142800
'14MF2',46801,58266,145700
'14MF2',46801,58266,152400
'14MF2',46801,58266,155200
'14MF2',46801,58266,162300
'14MF2',46801,58266,165400
'14MF2',46801,58266,172400
'14MF2',46801,58266,175400
'14MF2',46801,58266,182900
'14MS',46801,58266,54200
'14MS',46801,58266,62800
'14MS',46801,58266,63900
'14MS',46801,58266,64500
'14MS',46801,58266,65100
'14MS',46801,58266,71000
'14MS',46801,58266,73000
'14MS',46801,58266,74100
'14MS',46801,58266,80000
'14MS',46801,58266,81700
'14MS',46801,58266,85800
'14MS',46801,58266,92900
'14MS',46801,58266,95900
'14MS',46801,58266,102900
'14MS',46801,58266,105900
'14MS',46801,58266,112900
'14MS',46801,58266,115900
'14MS',46801,58266,122900
'14MS',46801,58266,125900
'14MS',46801,58266,132900
'14MS',46801,58266,135800
'14MS',46801,58266,142800
'14MS',46801,58266,145700
'14MS',46801,58266,152400
'14MS',46801,58266,155200
'14MS',46801,58266,162300
'14MS',46801,58266,165400
'14MS',46801,58266,172400
'14MS',46801,58266,175400
'14MS',46801,58266,182900
