'14MF2',46002,54750,50800
'14MF2',46002,54750,52300
'14MF2',46002,54750,53800
'14MF2',46002,54750,55300
'14MF2',46002,54750,60900
'14MF2',46002,54750,62400
'14MF2',46002,54750,64000
'14MF2',46002,54750,65500
'14MF2',46002,54750,71100
'14MF2',46002,54750,72600
'14MF2',46002,54750,74100
'14MF2',46002,54750,75600
'14MF2',46002,54750,81300
'14MF2',46002,54750,83200
'14MF2',46002,54750,85100
'14MF2',46002,54750,91100
'14MF2',46002,54750,93100
'14MF2',46002,54750,151300
'14MF2',46002,54750,154300
'14MF2',46002,54750,161400
'14MF2',46002,54750,164400
'14MF2',46002,54750,171400
'14MF2',46002,54750,174400
'14MF2',46002,54750,181200
'14MF2',46002,54750,184200
'14MF2',46002,54750,191700
'14MS',46002,54750,50800
'14MS',46002,54750,51200
'14MS',46002,54750,51600
'14MS',46002,54750,52000
'14MS',46002,54750,52400
'14MS',46002,54750,52800
'14MS',46002,54750,53300
'14MS',46002,54750,53700
'14MS',46002,54750,54100
'14MS',46002,54750,54500
'14MS',46002,54750,54900
'14MS',46002,54750,55200
'14MS',46002,54750,55600
'14MS',46002,54750,60000
'14MS',46002,54750,60500
'14MS',46002,54750,61400
'14MS',46002,54750,62100
'14MS',46002,54750,62900
'14MS',46002,54750,63700
'14MS',46002,54750,64500
'14MS',46002,54750,65200
'14MS',46002,54750,65900
'14MS',46002,54750,70600
'14MS',46002,54750,71400
'14MS',46002,54750,72200
'14MS',46002,54750,73000
'14MS',46002,54750,73600
'14MS',46002,54750,74200
'14MS',46002,54750,74800
'14MS',46002,54750,75400
'14MS',46002,54750,81300
'14MS',46002,54750,83200
'14MS',46002,54750,85100
'14MS',46002,54750,91100
'14MS',46002,54750,93100
'14MS',46002,54750,151300
'14MS',46002,54750,154300
'14MS',46002,54750,161400
'14MS',46002,54750,164400
'14MS',46002,54750,171400
'14MS',46002,54750,174400
'14MS',46002,54750,181200
'14MS',46002,54750,184200
'14MS',46002,54750,191700
