'14SA',18502,52948,54100
'14SA',18502,52948,61200
'14SA',18502,52948,64400
'14SA',18502,52948,71700
'14SA',18502,52948,75000
'14SA',18502,52948,81900
'14SA',18502,52948,84800
'14SA',18502,52948,91800
'14SA',18502,52948,95000
'14SA',18502,52948,102000
'14SA',18502,52948,105100
'14SA',18502,52948,112000
'14SA',18502,52948,114900
'14SA',18502,52948,121800
'14SA',18502,52948,124600
'14SA',18502,52948,131400
'14SA',18502,52948,134300
'14SA',18502,52948,141100
'14SA',18502,52948,143900
'14SA',18502,52948,150800
'14SA',18502,52948,153600
'14SA',18502,52948,160400
'14SA',18502,52948,163300
'14SA',18502,52948,170100
'14SA',18502,52948,172900
'14SA',18502,52948,175800
'14SA',18502,52948,182800
'14SA',18502,52948,185800
'14SA',18502,52948,192700
'14SA',18502,52948,195600
'14SA',18502,52948,202600
'14SA',18502,52948,205600
'14SA',18502,52948,212500
'14SA',18502,52948,215400
'14SA',18502,52948,222300
'14SA',18502,52948,225300
'14SA',18502,52948,232400
'14SA',18502,52948,235500
'14SA',18502,52948,242600
'14SA',18502,52948,245700
'14SF1',18502,52948,54000
'14SF1',18502,52948,61100
'14SF1',18502,52948,64200
'14SF1',18502,52948,71300
'14SF1',18502,52948,74500
'14SF1',18502,52948,81600
'14SF1',18502,52948,84800
'14SF1',18502,52948,92500
'14SF1',18502,52948,100000
'14SF1',18502,52948,103400
'14SF1',18502,52948,110500
'14SF1',18502,52948,113600
'14SF1',18502,52948,120600
'14SF1',18502,52948,123600
'14SF1',18502,52948,130700
'14SF1',18502,52948,133800
'14SF1',18502,52948,140900
'14SF1',18502,52948,144000
'14SF1',18502,52948,151100
'14SF1',18502,52948,154200
'14SF1',18502,52948,160900
'14SF1',18502,52948,163800
'14SF1',18502,52948,170600
'14SF1',18502,52948,173500
'14SF1',18502,52948,180300
'14SF1',18502,52948,183000
'14SF1',18502,52948,185800
'14SF1',18502,52948,192600
'14SF1',18502,52948,195400
'14SF1',18502,52948,202200
'14SF1',18502,52948,205200
'14SF1',18502,52948,212200
'14SF1',18502,52948,215200
'14SF1',18502,52948,222200
'14SF1',18502,52948,225200
'14SF1',18502,52948,232200
'14SF1',18502,52948,235100
'14SF1',18502,52948,242100
'14SF1',18502,52948,245400
'14SF2',18502,52948,54000
'14SF2',18502,52948,61100
'14SF2',18502,52948,64200
'14SF2',18502,52948,71300
'14SF2',18502,52948,74500
'14SF2',18502,52948,81600
'14SF2',18502,52948,84800
'14SF2',18502,52948,92500
'14SF2',18502,52948,100000
'14SF2',18502,52948,103400
'14SF2',18502,52948,110500
'14SF2',18502,52948,113600
'14SF2',18502,52948,120600
'14SF2',18502,52948,123600
'14SF2',18502,52948,130700
'14SF2',18502,52948,133800
'14SF2',18502,52948,140900
'14SF2',18502,52948,144000
'14SF2',18502,52948,151100
'14SF2',18502,52948,154200
'14SF2',18502,52948,160900
'14SF2',18502,52948,163800
'14SF2',18502,52948,170600
'14SF2',18502,52948,173500
'14SF2',18502,52948,180300
'14SF2',18502,52948,183000
'14SF2',18502,52948,185800
'14SF2',18502,52948,192600
'14SF2',18502,52948,195400
'14SF2',18502,52948,202200
'14SF2',18502,52948,205200
'14SF2',18502,52948,212200
'14SF2',18502,52948,215200
'14SF2',18502,52948,222200
'14SF2',18502,52948,225200
'14SF2',18502,52948,232200
'14SF2',18502,52948,235100
'14SF2',18502,52948,242100
'14SF2',18502,52948,245400
'14SI',18502,52948,54000
'14SI',18502,52948,61100
'14SI',18502,52948,64200
'14SI',18502,52948,71300
'14SI',18502,52948,74500
'14SI',18502,52948,81600
'14SI',18502,52948,84800
'14SI',18502,52948,92500
'14SI',18502,52948,100000
'14SI',18502,52948,103400
'14SI',18502,52948,110500
'14SI',18502,52948,113600
'14SI',18502,52948,120600
'14SI',18502,52948,123600
'14SI',18502,52948,130700
'14SI',18502,52948,133800
'14SI',18502,52948,140900
'14SI',18502,52948,144000
'14SI',18502,52948,151100
'14SI',18502,52948,154200
'14SI',18502,52948,160900
'14SI',18502,52948,163800
'14SI',18502,52948,170600
'14SI',18502,52948,173500
'14SI',18502,52948,180300
'14SI',18502,52948,183000
'14SI',18502,52948,185800
'14SI',18502,52948,192600
'14SI',18502,52948,195400
'14SI',18502,52948,202200
'14SI',18502,52948,205200
'14SI',18502,52948,212200
'14SI',18502,52948,215200
'14SI',18502,52948,222200
'14SI',18502,52948,225200
'14SI',18502,52948,232200
'14SI',18502,52948,235100
'14SI',18502,52948,242100
'14SI',18502,52948,245400
'14SS',18502,52948,53700
'14SS',18502,52948,60900
'14SS',18502,52948,64200
'14SS',18502,52948,71100
'14SS',18502,52948,74500
'14SS',18502,52948,75300
'14SS',18502,52948,81100
'14SS',18502,52948,82900
'14SS',18502,52948,83900
'14SS',18502,52948,85100
'14SS',18502,52948,91500
'14SS',18502,52948,94500
'14SS',18502,52948,101400
'14SS',18502,52948,104400
'14SS',18502,52948,111400
'14SS',18502,52948,114400
'14SS',18502,52948,121400
'14SS',18502,52948,124500
'14SS',18502,52948,131500
'14SS',18502,52948,134600
'14SS',18502,52948,141600
'14SS',18502,52948,144600
'14SS',18502,52948,150800
'14SS',18502,52948,153000
'14SS',18502,52948,154900
'14SS',18502,52948,161000
'14SS',18502,52948,163500
'14SS',18502,52948,170100
'14SS',18502,52948,173100
'14SS',18502,52948,175900
'14SS',18502,52948,182800
'14SS',18502,52948,185800
'14SS',18502,52948,192700
'14SS',18502,52948,195600
'14SS',18502,52948,202500
'14SS',18502,52948,205500
'14SS',18502,52948,212500
'14SS',18502,52948,215500
'14SS',18502,52948,222500
'14SS',18502,52948,225400
'14SS',18502,52948,232400
'14SS',18502,52948,235400
'14SS',18502,52948,242400
'14SS',18502,52948,245600
'14SA',36402,52948,251900
'14SA',36402,52948,260500
'14SA',36402,52948,264900
'14SA',36402,52948,273400
'14SA',36402,52948,281900
'14SA',36402,52948,285900
'14SF1',36402,52948,251900
'14SF1',36402,52948,260400
'14SF1',36402,52948,264900
'14SF1',36402,52948,273400
'14SF1',36402,52948,281900
'14SF2',36402,52948,251900
'14SF2',36402,52948,260400
'14SF2',36402,52948,264900
'14SF2',36402,52948,273400
'14SF2',36402,52948,281900
'14SI',36402,52948,251900
'14SI',36402,52948,260400
'14SI',36402,52948,264900
'14SI',36402,52948,273400
'14SI',36402,52948,281900
'14SS',36402,52948,251900
'14SS',36402,52948,260500
'14SS',36402,52948,265000
'14SS',36402,52948,273500
'14SS',36402,52948,281900
