'15JA',2901,52858,63200
'15JA',2901,52858,70200
'15JA',2901,52858,73300
'15JA',2901,52858,80400
'15JA',2901,52858,83500
'15JA',2901,52858,90600
'15JA',2901,52858,93700
'15JA',2901,52858,100800
'15JA',2901,52858,103900
'15JA',2901,52858,110900
'15JA',2901,52858,113900
'15JA',2901,52858,121000
'15JA',2901,52858,124000
'15JA',2901,52858,131100
'15JA',2901,52858,134100
'15JA',2901,52858,141200
'15JA',2901,52858,144200
'15JA',2901,52858,151300
'15JA',2901,52858,154300
'15JA',2901,52858,161400
'15JA',2901,52858,164400
'15JA',2901,52858,171500
'15JA',2901,52858,174500
'15JA',2901,52858,181600
'15JA',2901,52858,184600
'15JA',2901,52858,191800
'15JA',2901,52858,201100
'15JA',2901,52858,211100
'15JA',2901,52858,221300
'15JA',2901,52858,232000
'15JI',2901,52858,62900
'15JI',2901,52858,65900
'15JI',2901,52858,72900
'15JI',2901,52858,80000
'15JI',2901,52858,83100
'15JI',2901,52858,90200
'15JI',2901,52858,93300
'15JI',2901,52858,100400
'15JI',2901,52858,103400
'15JI',2901,52858,110400
'15JI',2901,52858,113500
'15JI',2901,52858,120600
'15JI',2901,52858,123600
'15JI',2901,52858,130600
'15JI',2901,52858,133600
'15JI',2901,52858,140700
'15JI',2901,52858,143800
'15JI',2901,52858,151000
'15JI',2901,52858,154000
'15JI',2901,52858,160900
'15JI',2901,52858,163900
'15JI',2901,52858,170900
'15JI',2901,52858,173800
'15JI',2901,52858,180700
'15JI',2901,52858,190500
'15JI',2901,52858,200500
'15JI',2901,52858,210500
'15JI',2901,52858,220500
'15JI',2901,52858,231700
'15JS',2901,52858,63600
'15JS',2901,52858,70900
'15JS',2901,52858,74100
'15JS',2901,52858,81400
'15JS',2901,52858,84800
'15JS',2901,52858,91900
'15JS',2901,52858,95200
'15JS',2901,52858,102300
'15JS',2901,52858,105300
'15JS',2901,52858,112400
'15JS',2901,52858,115400
'15JS',2901,52858,122500
'15JS',2901,52858,125500
'15JS',2901,52858,132600
'15JS',2901,52858,135700
'15JS',2901,52858,142800
'15JS',2901,52858,145900
'15JS',2901,52858,153200
'15JS',2901,52858,160500
'15JS',2901,52858,163900
'15JS',2901,52858,171300
'15JS',2901,52858,174800
'15JS',2901,52858,181900
'15JS',2901,52858,184900
'15JS',2901,52858,192100
'15JS',2901,52858,201700
'15JS',2901,52858,211200
'15JS',2901,52858,220700
'15JS',2901,52858,230500
'15JS',2901,52858,242000
'15JS',2901,52858,251500
'15JA',9404,52858,53000
'15JA',9404,52858,55300
'15JA',9404,52858,61600
'15JA',9404,52858,63900
'15JA',9404,52858,70400
'15JA',9404,52858,72900
'15JA',9404,52858,75400
'15JA',9404,52858,81900
'15JA',9404,52858,84400
'15JA',9404,52858,90900
'15JA',9404,52858,93500
'15JA',9404,52858,100200
'15JA',9404,52858,102900
'15JA',9404,52858,105800
'15JA',9404,52858,112700
'15JA',9404,52858,115600
'15JA',9404,52858,122500
'15JA',9404,52858,125400
'15JA',9404,52858,132400
'15JA',9404,52858,135400
'15JA',9404,52858,142400
'15JA',9404,52858,145400
'15JA',9404,52858,152400
'15JA',9404,52858,155400
'15JA',9404,52858,162300
'15JA',9404,52858,165200
'15JA',9404,52858,172100
'15JA',9404,52858,174900
'15JA',9404,52858,181700
'15JA',9404,52858,184400
'15JA',9404,52858,191200
'15JA',9404,52858,193900
'15JA',9404,52858,200500
'15JA',9404,52858,203100
'15JA',9404,52858,205600
'15JA',9404,52858,212100
'15JA',9404,52858,214500
'15JA',9404,52858,221000
'15JA',9404,52858,223500
'15JA',9404,52858,230000
'15JA',9404,52858,232500
'15JA',9404,52858,234900
'15JA',9404,52858,241200
'15JA',9404,52858,245800
'15JA',9404,52858,254400
'15JA',9404,52858,263200
'15JI',9404,52858,53000
'15JI',9404,52858,55500
'15JI',9404,52858,61900
'15JI',9404,52858,64400
'15JI',9404,52858,70800
'15JI',9404,52858,73200
'15JI',9404,52858,75600
'15JI',9404,52858,82100
'15JI',9404,52858,84700
'15JI',9404,52858,91200
'15JI',9404,52858,93700
'15JI',9404,52858,100200
'15JI',9404,52858,102800
'15JI',9404,52858,105500
'15JI',9404,52858,112200
'15JI',9404,52858,114900
'15JI',9404,52858,121600
'15JI',9404,52858,124300
'15JI',9404,52858,131000
'15JI',9404,52858,133700
'15JI',9404,52858,140400
'15JI',9404,52858,143100
'15JI',9404,52858,145800
'15JI',9404,52858,152600
'15JI',9404,52858,155400
'15JI',9404,52858,162200
'15JI',9404,52858,165000
'15JI',9404,52858,171800
'15JI',9404,52858,174500
'15JI',9404,52858,181300
'15JI',9404,52858,184000
'15JI',9404,52858,190700
'15JI',9404,52858,193300
'15JI',9404,52858,195800
'15JI',9404,52858,202400
'15JI',9404,52858,205000
'15JI',9404,52858,211500
'15JI',9404,52858,214000
'15JI',9404,52858,220500
'15JI',9404,52858,223000
'15JI',9404,52858,225500
'15JI',9404,52858,232000
'15JI',9404,52858,240600
'15JI',9404,52858,245400
'15JI',9404,52858,254300
'15JS',9404,52858,53100
'15JS',9404,52858,55700
'15JS',9404,52858,62800
'15JS',9404,52858,65700
'15JS',9404,52858,72700
'15JS',9404,52858,74700
'15JS',9404,52858,80500
'15JS',9404,52858,82300
'15JS',9404,52858,84000
'15JS',9404,52858,90000
'15JS',9404,52858,92200
'15JS',9404,52858,94200
'15JS',9404,52858,101100
'15JS',9404,52858,104100
'15JS',9404,52858,111100
'15JS',9404,52858,114100
'15JS',9404,52858,121100
'15JS',9404,52858,124100
'15JS',9404,52858,131100
'15JS',9404,52858,134100
'15JS',9404,52858,141000
'15JS',9404,52858,143100
'15JS',9404,52858,145100
'15JS',9404,52858,151200
'15JS',9404,52858,153500
'15JS',9404,52858,155800
'15JS',9404,52858,162100
'15JS',9404,52858,164400
'15JS',9404,52858,170700
'15JS',9404,52858,173000
'15JS',9404,52858,175300
'15JS',9404,52858,181300
'15JS',9404,52858,183300
'15JS',9404,52858,185400
'15JS',9404,52858,191300
'15JS',9404,52858,194100
'15JS',9404,52858,201000
'15JS',9404,52858,204000
'15JS',9404,52858,210800
'15JS',9404,52858,213500
'15JS',9404,52858,220100
'15JS',9404,52858,222700
'15JS',9404,52858,225500
'15JS',9404,52858,232400
'15JS',9404,52858,241300
'15JS',9404,52858,245500
'15JS',9404,52858,254500
'15JA',35704,52858,261400
'15JA',35704,52858,265800
'15JA',35704,52858,274200
'15JA',35704,52858,282600
'15JA',35704,52858,291100
'15JI',35704,52858,252600
'15JI',35704,52858,261100
'15JI',35704,52858,265600
'15JI',35704,52858,274100
'15JI',35704,52858,282800
'15JI',35704,52858,291500
'15JS',35704,52858,252700
'15JS',35704,52858,261200
'15JS',35704,52858,265700
'15JS',35704,52858,274300
'15JS',35704,52858,282900
'15JS',35704,52858,291500
'15JA',36801,52858,262400
'15JA',36801,52858,270800
'15JA',36801,52858,274900
'15JA',36801,52858,283400
'15JA',36801,52858,291900
'15JI',36801,52858,261700
'15JI',36801,52858,270100
'15JI',36801,52858,274600
'15JI',36801,52858,283100
'15JI',36801,52858,291600
'15JS',36801,52858,261700
'15JS',36801,52858,270100
'15JS',36801,52858,275000
'15JS',36801,52858,283600
'15JS',36801,52858,292300
