'14SS',2504,52038,64300
'14SS',2504,52038,70300
'14SS',2504,52038,72300
'14SS',2504,52038,74300
'14SS',2504,52038,80300
'14SS',2504,52038,82300
'14SS',2504,52038,84300
'14SS',2504,52038,90300
'14SS',2504,52038,92300
'14SS',2504,52038,154600
'14SS',2504,52038,160600
'14SS',2504,52038,162600
'14SS',2504,52038,164600
'14SS',2504,52038,171100
'14SS',2504,52038,173100
'14SS',2504,52038,175100
'14SS',2504,52038,181100
'14SS',2504,52038,183100
'14SA',9404,52038,52500
'14SA',9404,52038,54800
'14SA',9404,52038,61100
'14SA',9404,52038,63400
'14SA',9404,52038,65800
'14SA',9404,52038,72200
'14SA',9404,52038,74700
'14SA',9404,52038,81200
'14SA',9404,52038,83700
'14SA',9404,52038,90200
'14SA',9404,52038,92700
'14SA',9404,52038,95400
'14SA',9404,52038,102000
'14SA',9404,52038,104900
'14SA',9404,52038,111800
'14SA',9404,52038,114700
'14SA',9404,52038,121600
'14SA',9404,52038,124500
'14SA',9404,52038,131500
'14SA',9404,52038,134500
'14SA',9404,52038,141500
'14SA',9404,52038,144500
'14SA',9404,52038,151500
'14SA',9404,52038,154500
'14SA',9404,52038,161500
'14SA',9404,52038,164400
'14SA',9404,52038,171300
'14SA',9404,52038,174100
'14SA',9404,52038,180900
'14SA',9404,52038,183600
'14SA',9404,52038,190400
'14SA',9404,52038,193100
'14SA',9404,52038,195700
'14SA',9404,52038,202300
'14SA',9404,52038,204900
'14SA',9404,52038,211400
'14SA',9404,52038,213900
'14SA',9404,52038,220400
'14SA',9404,52038,222900
'14SA',9404,52038,225400
'14SA',9404,52038,231900
'14SA',9404,52038,234300
'14SA',9404,52038,240600
'14SA',9404,52038,245300
'14SA',9404,52038,253900
'14SA',9404,52038,262700
'14SF1',9404,52038,52500
'14SF1',9404,52038,55000
'14SF1',9404,52038,61400
'14SF1',9404,52038,63900
'14SF1',9404,52038,70300
'14SF1',9404,52038,72700
'14SF1',9404,52038,75100
'14SF1',9404,52038,81600
'14SF1',9404,52038,84100
'14SF1',9404,52038,90600
'14SF1',9404,52038,93100
'14SF1',9404,52038,95600
'14SF1',9404,52038,102200
'14SF1',9404,52038,104900
'14SF1',9404,52038,111600
'14SF1',9404,52038,114300
'14SF1',9404,52038,121000
'14SF1',9404,52038,123700
'14SF1',9404,52038,130400
'14SF1',9404,52038,133100
'14SF1',9404,52038,135800
'14SF1',9404,52038,142500
'14SF1',9404,52038,145200
'14SF1',9404,52038,152000
'14SF1',9404,52038,154800
'14SF1',9404,52038,161600
'14SF1',9404,52038,164400
'14SF1',9404,52038,171200
'14SF1',9404,52038,173900
'14SF1',9404,52038,180700
'14SF1',9404,52038,183400
'14SF1',9404,52038,190100
'14SF1',9404,52038,192700
'14SF1',9404,52038,195300
'14SF1',9404,52038,201900
'14SF1',9404,52038,204500
'14SF1',9404,52038,211000
'14SF1',9404,52038,213500
'14SF1',9404,52038,220000
'14SF1',9404,52038,222500
'14SF1',9404,52038,225000
'14SF1',9404,52038,231500
'14SF1',9404,52038,240100
'14SF1',9404,52038,244900
'14SF1',9404,52038,253800
'14SF2',9404,52038,52500
'14SF2',9404,52038,55000
'14SF2',9404,52038,61400
'14SF2',9404,52038,63900
'14SF2',9404,52038,70300
'14SF2',9404,52038,72700
'14SF2',9404,52038,75100
'14SF2',9404,52038,81600
'14SF2',9404,52038,84100
'14SF2',9404,52038,90600
'14SF2',9404,52038,93100
'14SF2',9404,52038,95600
'14SF2',9404,52038,102200
'14SF2',9404,52038,104900
'14SF2',9404,52038,111600
'14SF2',9404,52038,114300
'14SF2',9404,52038,121000
'14SF2',9404,52038,123700
'14SF2',9404,52038,130400
'14SF2',9404,52038,133100
'14SF2',9404,52038,135800
'14SF2',9404,52038,142500
'14SF2',9404,52038,145200
'14SF2',9404,52038,152000
'14SF2',9404,52038,154800
'14SF2',9404,52038,161600
'14SF2',9404,52038,164400
'14SF2',9404,52038,171200
'14SF2',9404,52038,173900
'14SF2',9404,52038,180700
'14SF2',9404,52038,183400
'14SF2',9404,52038,190100
'14SF2',9404,52038,192700
'14SF2',9404,52038,195300
'14SF2',9404,52038,201900
'14SF2',9404,52038,204500
'14SF2',9404,52038,211000
'14SF2',9404,52038,213500
'14SF2',9404,52038,220000
'14SF2',9404,52038,222500
'14SF2',9404,52038,225000
'14SF2',9404,52038,231500
'14SF2',9404,52038,240100
'14SF2',9404,52038,244900
'14SF2',9404,52038,253800
'14SI',9404,52038,52500
'14SI',9404,52038,55000
'14SI',9404,52038,61400
'14SI',9404,52038,63900
'14SI',9404,52038,70300
'14SI',9404,52038,72700
'14SI',9404,52038,75100
'14SI',9404,52038,81600
'14SI',9404,52038,84100
'14SI',9404,52038,90600
'14SI',9404,52038,93100
'14SI',9404,52038,95600
'14SI',9404,52038,102200
'14SI',9404,52038,104900
'14SI',9404,52038,111600
'14SI',9404,52038,114300
'14SI',9404,52038,121000
'14SI',9404,52038,123700
'14SI',9404,52038,130400
'14SI',9404,52038,133100
'14SI',9404,52038,135800
'14SI',9404,52038,142500
'14SI',9404,52038,145200
'14SI',9404,52038,152000
'14SI',9404,52038,154800
'14SI',9404,52038,161600
'14SI',9404,52038,164400
'14SI',9404,52038,171200
'14SI',9404,52038,173900
'14SI',9404,52038,180700
'14SI',9404,52038,183400
'14SI',9404,52038,190100
'14SI',9404,52038,192700
'14SI',9404,52038,195300
'14SI',9404,52038,201900
'14SI',9404,52038,204500
'14SI',9404,52038,211000
'14SI',9404,52038,213500
'14SI',9404,52038,220000
'14SI',9404,52038,222500
'14SI',9404,52038,225000
'14SI',9404,52038,231500
'14SI',9404,52038,240100
'14SI',9404,52038,244900
'14SI',9404,52038,253800
'14SS',9404,52038,52400
'14SS',9404,52038,55000
'14SS',9404,52038,62100
'14SS',9404,52038,64900
'14SS',9404,52038,71800
'14SS',9404,52038,73700
'14SS',9404,52038,75500
'14SS',9404,52038,81300
'14SS',9404,52038,83100
'14SS',9404,52038,84900
'14SS',9404,52038,90700
'14SS',9404,52038,93400
'14SS',9404,52038,100300
'14SS',9404,52038,103300
'14SS',9404,52038,110300
'14SS',9404,52038,113300
'14SS',9404,52038,120300
'14SS',9404,52038,123300
'14SS',9404,52038,130300
'14SS',9404,52038,133300
'14SS',9404,52038,140200
'14SS',9404,52038,142300
'14SS',9404,52038,144400
'14SS',9404,52038,150500
'14SS',9404,52038,152600
'14SS',9404,52038,154900
'14SS',9404,52038,161200
'14SS',9404,52038,163500
'14SS',9404,52038,165800
'14SS',9404,52038,172100
'14SS',9404,52038,174400
'14SS',9404,52038,180400
'14SS',9404,52038,182400
'14SS',9404,52038,184600
'14SS',9404,52038,190500
'14SS',9404,52038,193300
'14SS',9404,52038,200200
'14SS',9404,52038,203200
'14SS',9404,52038,210000
'14SS',9404,52038,212700
'14SS',9404,52038,215400
'14SS',9404,52038,222100
'14SS',9404,52038,224900
'14SS',9404,52038,231800
'14SS',9404,52038,240800
'14SS',9404,52038,245000
'14SS',9404,52038,254000
