'15MF2',21902,58548,62900
'15MF2',21902,58548,70500
'15MF2',21902,58548,74000
'15MF2',21902,58548,81600
'15MF2',21902,58548,84900
'15MF2',21902,58548,150900
'15MF2',21902,58548,154400
'15MF2',21902,58548,161900
'15MF2',21902,58548,165400
'15MF2',21902,58548,173000
'15MF2',21902,58548,180400
'15MS',21902,58548,62900
'15MS',21902,58548,70500
'15MS',21902,58548,74000
'15MS',21902,58548,81600
'15MS',21902,58548,84900
'15MS',21902,58548,150900
'15MS',21902,58548,154400
'15MS',21902,58548,161900
'15MS',21902,58548,165400
'15MS',21902,58548,173000
'15MS',21902,58548,180400
