'14SA',8501,54738,61100
'14SA',8501,54738,65300
'14SA',8501,54738,73700
'14SA',8501,54738,82100
'14SA',8501,54738,90500
'14SA',8501,54738,94800
'14SA',8501,54738,103200
'14SA',8501,54738,110900
'14SA',8501,54738,114200
'14SA',8501,54738,121700
'14SA',8501,54738,124900
'14SA',8501,54738,132200
'14SA',8501,54738,135300
'14SA',8501,54738,142700
'14SA',8501,54738,150000
'14SA',8501,54738,153200
'14SA',8501,54738,160500
'14SA',8501,54738,163800
'14SA',8501,54738,171100
'14SA',8501,54738,174300
'14SA',8501,54738,181500
'14SA',8501,54738,184800
'14SA',8501,54738,192100
'14SA',8501,54738,195500
'14SA',8501,54738,204200
'14SA',8501,54738,212800
'14SA',8501,54738,221600
'14SA',8501,54738,230400
'14SA',8501,54738,235100
'14SA',8501,54738,243900
'14SA',8501,54738,252700
'14SA',8501,54738,261400
'14SF1',8501,54738,61000
'14SF1',8501,54738,65200
'14SF1',8501,54738,73600
'14SF1',8501,54738,82100
'14SF1',8501,54738,90600
'14SF1',8501,54738,95000
'14SF1',8501,54738,103400
'14SF1',8501,54738,111000
'14SF1',8501,54738,114300
'14SF1',8501,54738,121500
'14SF1',8501,54738,124700
'14SF1',8501,54738,131900
'14SF1',8501,54738,135100
'14SF1',8501,54738,142300
'14SF1',8501,54738,145600
'14SF1',8501,54738,152800
'14SF1',8501,54738,160000
'14SF1',8501,54738,163200
'14SF1',8501,54738,170500
'14SF1',8501,54738,173800
'14SF1',8501,54738,181000
'14SF1',8501,54738,184200
'14SF1',8501,54738,191400
'14SF1',8501,54738,194600
'14SF1',8501,54738,202900
'14SF1',8501,54738,211200
'14SF1',8501,54738,215600
'14SF1',8501,54738,224000
'14SF1',8501,54738,232400
'14SF1',8501,54738,240900
'14SF1',8501,54738,245500
'14SF1',8501,54738,254200
'14SF2',8501,54738,61000
'14SF2',8501,54738,65200
'14SF2',8501,54738,73600
'14SF2',8501,54738,82100
'14SF2',8501,54738,90600
'14SF2',8501,54738,95000
'14SF2',8501,54738,103400
'14SF2',8501,54738,111000
'14SF2',8501,54738,114300
'14SF2',8501,54738,121500
'14SF2',8501,54738,124700
'14SF2',8501,54738,131900
'14SF2',8501,54738,135100
'14SF2',8501,54738,142300
'14SF2',8501,54738,145600
'14SF2',8501,54738,152800
'14SF2',8501,54738,160000
'14SF2',8501,54738,163200
'14SF2',8501,54738,170500
'14SF2',8501,54738,173800
'14SF2',8501,54738,181000
'14SF2',8501,54738,184200
'14SF2',8501,54738,191400
'14SF2',8501,54738,194600
'14SF2',8501,54738,202900
'14SF2',8501,54738,211200
'14SF2',8501,54738,215600
'14SF2',8501,54738,224000
'14SF2',8501,54738,232400
'14SF2',8501,54738,240900
'14SF2',8501,54738,245500
'14SF2',8501,54738,254200
'14SI',8501,54738,61000
'14SI',8501,54738,65200
'14SI',8501,54738,73600
'14SI',8501,54738,82100
'14SI',8501,54738,90600
'14SI',8501,54738,95000
'14SI',8501,54738,103400
'14SI',8501,54738,111000
'14SI',8501,54738,114300
'14SI',8501,54738,121500
'14SI',8501,54738,124700
'14SI',8501,54738,131900
'14SI',8501,54738,135100
'14SI',8501,54738,142300
'14SI',8501,54738,145600
'14SI',8501,54738,152800
'14SI',8501,54738,160000
'14SI',8501,54738,163200
'14SI',8501,54738,170500
'14SI',8501,54738,173800
'14SI',8501,54738,181000
'14SI',8501,54738,184200
'14SI',8501,54738,191400
'14SI',8501,54738,194600
'14SI',8501,54738,202900
'14SI',8501,54738,211200
'14SI',8501,54738,215600
'14SI',8501,54738,224000
'14SI',8501,54738,232400
'14SI',8501,54738,240900
'14SI',8501,54738,245500
'14SI',8501,54738,254200
'14SS',8501,54738,53900
'14SS',8501,54738,61000
'14SS',8501,54738,64400
'14SS',8501,54738,71800
'14SS',8501,54738,74400
'14SS',8501,54738,81000
'14SS',8501,54738,84100
'14SS',8501,54738,91200
'14SS',8501,54738,94300
'14SS',8501,54738,101400
'14SS',8501,54738,104500
'14SS',8501,54738,111600
'14SS',8501,54738,114600
'14SS',8501,54738,121600
'14SS',8501,54738,124700
'14SS',8501,54738,131800
'14SS',8501,54738,134900
'14SS',8501,54738,142000
'14SS',8501,54738,145000
'14SS',8501,54738,152000
'14SS',8501,54738,155000
'14SS',8501,54738,161700
'14SS',8501,54738,163600
'14SS',8501,54738,164900
'14SS',8501,54738,165900
'14SS',8501,54738,170900
'14SS',8501,54738,171900
'14SS',8501,54738,172900
'14SS',8501,54738,173900
'14SS',8501,54738,174900
'14SS',8501,54738,175900
'14SS',8501,54738,180900
'14SS',8501,54738,182000
'14SS',8501,54738,183300
'14SS',8501,54738,184600
'14SS',8501,54738,190100
'14SS',8501,54738,191600
'14SS',8501,54738,194800
'14SS',8501,54738,203300
'14SS',8501,54738,211800
'14SS',8501,54738,220300
'14SS',8501,54738,224800
'14SS',8501,54738,233200
'14SS',8501,54738,241500
'14SS',8501,54738,250100
'14SS',8501,54738,254300
