'15MA',6902,55276,44800
'15MA',6902,55276,51500
'15MA',6902,55276,54500
'15MA',6902,55276,61500
'15MA',6902,55276,64500
'15MA',6902,55276,71100
'15MA',6902,55276,72900
'15MA',6902,55276,74500
'15MA',6902,55276,80100
'15MA',6902,55276,81700
'15MA',6902,55276,83300
'15MA',6902,55276,84900
'15MA',6902,55276,90500
'15MA',6902,55276,92100
'15MA',6902,55276,93700
'15MA',6902,55276,95300
'15MA',6902,55276,100800
'15MA',6902,55276,102300
'15MA',6902,55276,103800
'15MA',6902,55276,105300
'15MA',6902,55276,110800
'15MA',6902,55276,112300
'15MA',6902,55276,113800
'15MA',6902,55276,115200
'15MA',6902,55276,120700
'15MA',6902,55276,122200
'15MA',6902,55276,123700
'15MA',6902,55276,124900
'15MA',6902,55276,130100
'15MA',6902,55276,131200
'15MA',6902,55276,132300
'15MA',6902,55276,133400
'15MA',6902,55276,134500
'15MA',6902,55276,135500
'15MA',6902,55276,140500
'15MA',6902,55276,141500
'15MA',6902,55276,142500
'15MA',6902,55276,143500
'15MA',6902,55276,144500
'15MA',6902,55276,145500
'15MA',6902,55276,150600
'15MA',6902,55276,151700
'15MA',6902,55276,152900
'15MA',6902,55276,154100
'15MA',6902,55276,155400
'15MA',6902,55276,160700
'15MA',6902,55276,162000
'15MA',6902,55276,163200
'15MA',6902,55276,164300
'15MA',6902,55276,165400
'15MA',6902,55276,170500
'15MA',6902,55276,171600
'15MA',6902,55276,172700
'15MA',6902,55276,173900
'15MA',6902,55276,175600
'15MA',6902,55276,181600
'15MA',6902,55276,183600
'15MA',6902,55276,185600
'15MA',6902,55276,191500
'15MA',6902,55276,193400
'15MA',6902,55276,195400
'15MA',6902,55276,202400
'15MA',6902,55276,205400
'15MA',6902,55276,212400
'15MA',6902,55276,215400
'15MA',6902,55276,222400
'15MA',6902,55276,225400
'15MA',6902,55276,232400
'15MA',6902,55276,235400
'15MA',6902,55276,242400
'15MA',6902,55276,245300
'15MA',6902,55276,252300
'15MF1',6902,55276,45700
'15MF1',6902,55276,53000
'15MF1',6902,55276,60200
'15MF1',6902,55276,63100
'15MF1',6902,55276,70100
'15MF1',6902,55276,73100
'15MF1',6902,55276,80000
'15MF1',6902,55276,82900
'15MF1',6902,55276,85800
'15MF1',6902,55276,92200
'15MF1',6902,55276,94600
'15MF1',6902,55276,100900
'15MF1',6902,55276,103000
'15MF1',6902,55276,105000
'15MF1',6902,55276,111000
'15MF1',6902,55276,113000
'15MF1',6902,55276,114800
'15MF1',6902,55276,120100
'15MF1',6902,55276,121400
'15MF1',6902,55276,122700
'15MF1',6902,55276,123900
'15MF1',6902,55276,125000
'15MF1',6902,55276,130000
'15MF1',6902,55276,131000
'15MF1',6902,55276,132000
'15MF1',6902,55276,133000
'15MF1',6902,55276,134000
'15MF1',6902,55276,135200
'15MF1',6902,55276,140400
'15MF1',6902,55276,141800
'15MF1',6902,55276,143300
'15MF1',6902,55276,144800
'15MF1',6902,55276,150400
'15MF1',6902,55276,151900
'15MF1',6902,55276,153400
'15MF1',6902,55276,154800
'15MF1',6902,55276,160300
'15MF1',6902,55276,161800
'15MF1',6902,55276,163300
'15MF1',6902,55276,164800
'15MF1',6902,55276,170300
'15MF1',6902,55276,171800
'15MF1',6902,55276,173300
'15MF1',6902,55276,174800
'15MF1',6902,55276,180300
'15MF1',6902,55276,182100
'15MF1',6902,55276,184100
'15MF1',6902,55276,190100
'15MF1',6902,55276,192700
'15MF1',6902,55276,195500
'15MF1',6902,55276,202300
'15MF1',6902,55276,205100
'15MF1',6902,55276,211900
'15MF1',6902,55276,214900
'15MF1',6902,55276,221900
'15MF1',6902,55276,224900
'15MF1',6902,55276,231900
'15MF1',6902,55276,234800
'15MF1',6902,55276,241800
'15MF1',6902,55276,245300
'15MF2',6902,55276,45700
'15MF2',6902,55276,53000
'15MF2',6902,55276,60200
'15MF2',6902,55276,63100
'15MF2',6902,55276,70100
'15MF2',6902,55276,73100
'15MF2',6902,55276,80000
'15MF2',6902,55276,82900
'15MF2',6902,55276,85800
'15MF2',6902,55276,92200
'15MF2',6902,55276,94600
'15MF2',6902,55276,100900
'15MF2',6902,55276,103000
'15MF2',6902,55276,105000
'15MF2',6902,55276,111000
'15MF2',6902,55276,113000
'15MF2',6902,55276,114800
'15MF2',6902,55276,120100
'15MF2',6902,55276,121400
'15MF2',6902,55276,122700
'15MF2',6902,55276,123900
'15MF2',6902,55276,125000
'15MF2',6902,55276,130000
'15MF2',6902,55276,131000
'15MF2',6902,55276,132000
'15MF2',6902,55276,133000
'15MF2',6902,55276,134000
'15MF2',6902,55276,135200
'15MF2',6902,55276,140400
'15MF2',6902,55276,141800
'15MF2',6902,55276,143300
'15MF2',6902,55276,144800
'15MF2',6902,55276,150400
'15MF2',6902,55276,151900
'15MF2',6902,55276,153400
'15MF2',6902,55276,154800
'15MF2',6902,55276,160300
'15MF2',6902,55276,161800
'15MF2',6902,55276,163300
'15MF2',6902,55276,164800
'15MF2',6902,55276,170300
'15MF2',6902,55276,171800
'15MF2',6902,55276,173300
'15MF2',6902,55276,174800
'15MF2',6902,55276,180300
'15MF2',6902,55276,182100
'15MF2',6902,55276,184100
'15MF2',6902,55276,190100
'15MF2',6902,55276,192700
'15MF2',6902,55276,195500
'15MF2',6902,55276,202300
'15MF2',6902,55276,205100
'15MF2',6902,55276,211900
'15MF2',6902,55276,214900
'15MF2',6902,55276,221900
'15MF2',6902,55276,224900
'15MF2',6902,55276,231900
'15MF2',6902,55276,234800
'15MF2',6902,55276,241800
'15MF2',6902,55276,245300
'15MF3',6902,55276,45700
'15MF3',6902,55276,53000
'15MF3',6902,55276,60200
'15MF3',6902,55276,63100
'15MF3',6902,55276,70100
'15MF3',6902,55276,73100
'15MF3',6902,55276,80000
'15MF3',6902,55276,82900
'15MF3',6902,55276,85800
'15MF3',6902,55276,92200
'15MF3',6902,55276,94600
'15MF3',6902,55276,100900
'15MF3',6902,55276,103000
'15MF3',6902,55276,105000
'15MF3',6902,55276,111000
'15MF3',6902,55276,113000
'15MF3',6902,55276,114800
'15MF3',6902,55276,120100
'15MF3',6902,55276,121400
'15MF3',6902,55276,122700
'15MF3',6902,55276,123900
'15MF3',6902,55276,125000
'15MF3',6902,55276,130000
'15MF3',6902,55276,131000
'15MF3',6902,55276,132000
'15MF3',6902,55276,133000
'15MF3',6902,55276,134000
'15MF3',6902,55276,135200
'15MF3',6902,55276,140400
'15MF3',6902,55276,141800
'15MF3',6902,55276,143300
'15MF3',6902,55276,144800
'15MF3',6902,55276,150400
'15MF3',6902,55276,151900
'15MF3',6902,55276,153400
'15MF3',6902,55276,154800
'15MF3',6902,55276,160300
'15MF3',6902,55276,161800
'15MF3',6902,55276,163300
'15MF3',6902,55276,164800
'15MF3',6902,55276,170300
'15MF3',6902,55276,171800
'15MF3',6902,55276,173300
'15MF3',6902,55276,174800
'15MF3',6902,55276,180300
'15MF3',6902,55276,182100
'15MF3',6902,55276,184100
'15MF3',6902,55276,190100
'15MF3',6902,55276,192700
'15MF3',6902,55276,195500
'15MF3',6902,55276,202300
'15MF3',6902,55276,205100
'15MF3',6902,55276,211900
'15MF3',6902,55276,214900
'15MF3',6902,55276,221900
'15MF3',6902,55276,224900
'15MF3',6902,55276,231900
'15MF3',6902,55276,234800
'15MF3',6902,55276,241800
'15MF3',6902,55276,245300
'15MI',6902,55276,45700
'15MI',6902,55276,53000
'15MI',6902,55276,60200
'15MI',6902,55276,63100
'15MI',6902,55276,70100
'15MI',6902,55276,73100
'15MI',6902,55276,80000
'15MI',6902,55276,82900
'15MI',6902,55276,85800
'15MI',6902,55276,92200
'15MI',6902,55276,94600
'15MI',6902,55276,100900
'15MI',6902,55276,103000
'15MI',6902,55276,105000
'15MI',6902,55276,111000
'15MI',6902,55276,113000
'15MI',6902,55276,114800
'15MI',6902,55276,120100
'15MI',6902,55276,121400
'15MI',6902,55276,122700
'15MI',6902,55276,123900
'15MI',6902,55276,125000
'15MI',6902,55276,130000
'15MI',6902,55276,131000
'15MI',6902,55276,132000
'15MI',6902,55276,133000
'15MI',6902,55276,134000
'15MI',6902,55276,135200
'15MI',6902,55276,140400
'15MI',6902,55276,141800
'15MI',6902,55276,143300
'15MI',6902,55276,144800
'15MI',6902,55276,150400
'15MI',6902,55276,151900
'15MI',6902,55276,153400
'15MI',6902,55276,154800
'15MI',6902,55276,160300
'15MI',6902,55276,161800
'15MI',6902,55276,163300
'15MI',6902,55276,164800
'15MI',6902,55276,170300
'15MI',6902,55276,171800
'15MI',6902,55276,173300
'15MI',6902,55276,174800
'15MI',6902,55276,180300
'15MI',6902,55276,182100
'15MI',6902,55276,184100
'15MI',6902,55276,190100
'15MI',6902,55276,192700
'15MI',6902,55276,195500
'15MI',6902,55276,202300
'15MI',6902,55276,205100
'15MI',6902,55276,211900
'15MI',6902,55276,214900
'15MI',6902,55276,221900
'15MI',6902,55276,224900
'15MI',6902,55276,231900
'15MI',6902,55276,234800
'15MI',6902,55276,241800
'15MI',6902,55276,245300
'15MS',6902,55276,44800
'15MS',6902,55276,50600
'15MS',6902,55276,52400
'15MS',6902,55276,54300
'15MS',6902,55276,60100
'15MS',6902,55276,61400
'15MS',6902,55276,62400
'15MS',6902,55276,63300
'15MS',6902,55276,64200
'15MS',6902,55276,65200
'15MS',6902,55276,70200
'15MS',6902,55276,71200
'15MS',6902,55276,72100
'15MS',6902,55276,72900
'15MS',6902,55276,73600
'15MS',6902,55276,74300
'15MS',6902,55276,75300
'15MS',6902,55276,80300
'15MS',6902,55276,81300
'15MS',6902,55276,82300
'15MS',6902,55276,83300
'15MS',6902,55276,84300
'15MS',6902,55276,85300
'15MS',6902,55276,90300
'15MS',6902,55276,91300
'15MS',6902,55276,92300
'15MS',6902,55276,93300
'15MS',6902,55276,94300
'15MS',6902,55276,95300
'15MS',6902,55276,100300
'15MS',6902,55276,101300
'15MS',6902,55276,102300
'15MS',6902,55276,103300
'15MS',6902,55276,104300
'15MS',6902,55276,105300
'15MS',6902,55276,110300
'15MS',6902,55276,111300
'15MS',6902,55276,112300
'15MS',6902,55276,113300
'15MS',6902,55276,114300
'15MS',6902,55276,115300
'15MS',6902,55276,120200
'15MS',6902,55276,121200
'15MS',6902,55276,122200
'15MS',6902,55276,123100
'15MS',6902,55276,124100
'15MS',6902,55276,125100
'15MS',6902,55276,130100
'15MS',6902,55276,131100
'15MS',6902,55276,132000
'15MS',6902,55276,133000
'15MS',6902,55276,134000
'15MS',6902,55276,134900
'15MS',6902,55276,135900
'15MS',6902,55276,140900
'15MS',6902,55276,141900
'15MS',6902,55276,142900
'15MS',6902,55276,143900
'15MS',6902,55276,144900
'15MS',6902,55276,145900
'15MS',6902,55276,150900
'15MS',6902,55276,151900
'15MS',6902,55276,152900
'15MS',6902,55276,153900
'15MS',6902,55276,154900
'15MS',6902,55276,155900
'15MS',6902,55276,160900
'15MS',6902,55276,161900
'15MS',6902,55276,162900
'15MS',6902,55276,163900
'15MS',6902,55276,164900
'15MS',6902,55276,165900
'15MS',6902,55276,170900
'15MS',6902,55276,171900
'15MS',6902,55276,172900
'15MS',6902,55276,173900
'15MS',6902,55276,174900
'15MS',6902,55276,175900
'15MS',6902,55276,180900
'15MS',6902,55276,181900
'15MS',6902,55276,182900
'15MS',6902,55276,183900
'15MS',6902,55276,184900
'15MS',6902,55276,185900
'15MS',6902,55276,190900
'15MS',6902,55276,191900
'15MS',6902,55276,192900
'15MS',6902,55276,193900
'15MS',6902,55276,194900
'15MS',6902,55276,195900
'15MS',6902,55276,200900
'15MS',6902,55276,201900
'15MS',6902,55276,202900
'15MS',6902,55276,203900
'15MS',6902,55276,204900
'15MS',6902,55276,205900
'15MS',6902,55276,211900
'15MS',6902,55276,213900
'15MS',6902,55276,215900
'15MS',6902,55276,221900
'15MS',6902,55276,224900
'15MS',6902,55276,232000
'15MS',6902,55276,235100
'15MS',6902,55276,242200
'15MS',6902,55276,245300
'15MA',38002,55276,261100
'15MA',38002,55276,265600
'15MA',38002,55276,274100
'15MA',38002,55276,282600
'15MF1',38002,55276,255400
'15MF1',38002,55276,263900
'15MF1',38002,55276,272400
'15MF1',38002,55276,281000
'15MF1',38002,55276,284300
'15MF1',38002,55276,285300
'15MF2',38002,55276,255400
'15MF2',38002,55276,263900
'15MF2',38002,55276,272400
'15MF2',38002,55276,281000
'15MF2',38002,55276,284300
'15MF2',38002,55276,285300
'15MF3',38002,55276,255200
'15MF3',38002,55276,263700
'15MF3',38002,55276,272200
'15MF3',38002,55276,280800
'15MF3',38002,55276,284100
'15MF3',38002,55276,285300
'15MI',38002,55276,255200
'15MI',38002,55276,263700
'15MI',38002,55276,272200
'15MI',38002,55276,280800
'15MI',38002,55276,284100
'15MI',38002,55276,285300
'15MS',38002,55276,255400
'15MS',38002,55276,263900
'15MS',38002,55276,272400
'15MS',38002,55276,281000
'15MS',38002,55276,284300
'15MS',38002,55276,285500
