'15MA',21501,55396,55200
'15MA',21501,55396,62200
'15MA',21501,55396,65200
'15MA',21501,55396,72200
'15MA',21501,55396,75400
'15MA',21501,55396,82200
'15MA',21501,55396,85200
'15MA',21501,55396,92200
'15MA',21501,55396,95300
'15MA',21501,55396,102300
'15MA',21501,55396,105300
'15MA',21501,55396,112400
'15MA',21501,55396,115300
'15MA',21501,55396,121700
'15MA',21501,55396,123800
'15MA',21501,55396,125900
'15MA',21501,55396,132100
'15MA',21501,55396,134400
'15MA',21501,55396,140600
'15MA',21501,55396,142900
'15MA',21501,55396,145100
'15MA',21501,55396,151300
'15MA',21501,55396,153400
'15MA',21501,55396,155300
'15MA',21501,55396,161800
'15MA',21501,55396,164300
'15MA',21501,55396,170700
'15MA',21501,55396,172900
'15MA',21501,55396,174900
'15MA',21501,55396,181000
'15MA',21501,55396,183100
'15MA',21501,55396,185400
'15MA',21501,55396,192300
'15MA',21501,55396,195100
'15MA',21501,55396,202100
'15MA',21501,55396,205100
'15MA',21501,55396,212100
'15MA',21501,55396,215100
'15MA',21501,55396,222100
'15MA',21501,55396,225100
'15MA',21501,55396,232100
'15MA',21501,55396,234900
'15MA',21501,55396,241000
'15MA',21501,55396,244900
'15MF1',21501,55396,55200
'15MF1',21501,55396,62200
'15MF1',21501,55396,65200
'15MF1',21501,55396,72200
'15MF1',21501,55396,75400
'15MF1',21501,55396,82200
'15MF1',21501,55396,85200
'15MF1',21501,55396,92200
'15MF1',21501,55396,95300
'15MF1',21501,55396,102300
'15MF1',21501,55396,105300
'15MF1',21501,55396,112400
'15MF1',21501,55396,115300
'15MF1',21501,55396,121700
'15MF1',21501,55396,123800
'15MF1',21501,55396,125900
'15MF1',21501,55396,132100
'15MF1',21501,55396,134400
'15MF1',21501,55396,140600
'15MF1',21501,55396,142900
'15MF1',21501,55396,145100
'15MF1',21501,55396,151300
'15MF1',21501,55396,153400
'15MF1',21501,55396,155300
'15MF1',21501,55396,161800
'15MF1',21501,55396,164300
'15MF1',21501,55396,170700
'15MF1',21501,55396,172900
'15MF1',21501,55396,174900
'15MF1',21501,55396,181000
'15MF1',21501,55396,183100
'15MF1',21501,55396,185400
'15MF1',21501,55396,192300
'15MF1',21501,55396,195100
'15MF1',21501,55396,202100
'15MF1',21501,55396,205100
'15MF1',21501,55396,212100
'15MF1',21501,55396,215100
'15MF1',21501,55396,222100
'15MF1',21501,55396,225100
'15MF1',21501,55396,232100
'15MF1',21501,55396,234900
'15MF1',21501,55396,241000
'15MF1',21501,55396,244900
'15MF2',21501,55396,55200
'15MF2',21501,55396,62200
'15MF2',21501,55396,65200
'15MF2',21501,55396,72200
'15MF2',21501,55396,75400
'15MF2',21501,55396,82200
'15MF2',21501,55396,85200
'15MF2',21501,55396,92200
'15MF2',21501,55396,95300
'15MF2',21501,55396,102300
'15MF2',21501,55396,105300
'15MF2',21501,55396,112400
'15MF2',21501,55396,115300
'15MF2',21501,55396,121700
'15MF2',21501,55396,123800
'15MF2',21501,55396,125900
'15MF2',21501,55396,132100
'15MF2',21501,55396,134400
'15MF2',21501,55396,140600
'15MF2',21501,55396,142900
'15MF2',21501,55396,145100
'15MF2',21501,55396,151300
'15MF2',21501,55396,153400
'15MF2',21501,55396,155300
'15MF2',21501,55396,161800
'15MF2',21501,55396,164300
'15MF2',21501,55396,170700
'15MF2',21501,55396,172900
'15MF2',21501,55396,174900
'15MF2',21501,55396,181000
'15MF2',21501,55396,183100
'15MF2',21501,55396,185400
'15MF2',21501,55396,192300
'15MF2',21501,55396,195100
'15MF2',21501,55396,202100
'15MF2',21501,55396,205100
'15MF2',21501,55396,212100
'15MF2',21501,55396,215100
'15MF2',21501,55396,222100
'15MF2',21501,55396,225100
'15MF2',21501,55396,232100
'15MF2',21501,55396,234900
'15MF2',21501,55396,241000
'15MF2',21501,55396,244900
'15MF3',21501,55396,55200
'15MF3',21501,55396,62200
'15MF3',21501,55396,65200
'15MF3',21501,55396,72200
'15MF3',21501,55396,75400
'15MF3',21501,55396,82200
'15MF3',21501,55396,85200
'15MF3',21501,55396,92200
'15MF3',21501,55396,95300
'15MF3',21501,55396,102300
'15MF3',21501,55396,105300
'15MF3',21501,55396,112400
'15MF3',21501,55396,115300
'15MF3',21501,55396,121700
'15MF3',21501,55396,123800
'15MF3',21501,55396,125900
'15MF3',21501,55396,132100
'15MF3',21501,55396,134400
'15MF3',21501,55396,140600
'15MF3',21501,55396,142900
'15MF3',21501,55396,145100
'15MF3',21501,55396,151300
'15MF3',21501,55396,153400
'15MF3',21501,55396,155300
'15MF3',21501,55396,161800
'15MF3',21501,55396,164300
'15MF3',21501,55396,170700
'15MF3',21501,55396,172900
'15MF3',21501,55396,174900
'15MF3',21501,55396,181000
'15MF3',21501,55396,183100
'15MF3',21501,55396,185400
'15MF3',21501,55396,192300
'15MF3',21501,55396,195100
'15MF3',21501,55396,202100
'15MF3',21501,55396,205100
'15MF3',21501,55396,212100
'15MF3',21501,55396,215100
'15MF3',21501,55396,222100
'15MF3',21501,55396,225100
'15MF3',21501,55396,232100
'15MF3',21501,55396,234900
'15MF3',21501,55396,241000
'15MF3',21501,55396,244900
'15MI',21501,55396,55000
'15MI',21501,55396,62000
'15MI',21501,55396,65000
'15MI',21501,55396,72000
'15MI',21501,55396,75100
'15MI',21501,55396,82100
'15MI',21501,55396,85100
'15MI',21501,55396,92100
'15MI',21501,55396,95200
'15MI',21501,55396,102200
'15MI',21501,55396,105200
'15MI',21501,55396,112200
'15MI',21501,55396,115200
'15MI',21501,55396,122200
'15MI',21501,55396,125300
'15MI',21501,55396,132300
'15MI',21501,55396,135300
'15MI',21501,55396,142300
'15MI',21501,55396,145300
'15MI',21501,55396,152300
'15MI',21501,55396,155300
'15MI',21501,55396,162300
'15MI',21501,55396,165200
'15MI',21501,55396,171200
'15MI',21501,55396,173200
'15MI',21501,55396,175200
'15MI',21501,55396,182200
'15MI',21501,55396,185000
'15MI',21501,55396,192000
'15MI',21501,55396,195000
'15MI',21501,55396,202000
'15MI',21501,55396,205000
'15MI',21501,55396,212000
'15MI',21501,55396,215000
'15MI',21501,55396,222000
'15MI',21501,55396,225000
'15MI',21501,55396,232000
'15MI',21501,55396,235000
'15MI',21501,55396,240900
'15MI',21501,55396,245000
'15MS',21501,55396,52100
'15MS',21501,55396,55100
'15MS',21501,55396,62200
'15MS',21501,55396,65300
'15MS',21501,55396,72800
'15MS',21501,55396,75700
'15MS',21501,55396,82500
'15MS',21501,55396,85400
'15MS',21501,55396,92400
'15MS',21501,55396,95400
'15MS',21501,55396,102400
'15MS',21501,55396,105400
'15MS',21501,55396,112400
'15MS',21501,55396,114500
'15MS',21501,55396,120600
'15MS',21501,55396,122600
'15MS',21501,55396,124600
'15MS',21501,55396,130800
'15MS',21501,55396,133000
'15MS',21501,55396,140000
'15MS',21501,55396,143000
'15MS',21501,55396,145200
'15MS',21501,55396,151500
'15MS',21501,55396,153300
'15MS',21501,55396,155100
'15MS',21501,55396,160300
'15MS',21501,55396,162200
'15MS',21501,55396,163900
'15MS',21501,55396,165500
'15MS',21501,55396,171100
'15MS',21501,55396,172700
'15MS',21501,55396,174600
'15MS',21501,55396,180800
'15MS',21501,55396,183600
'15MS',21501,55396,190300
'15MS',21501,55396,193100
'15MS',21501,55396,200100
'15MS',21501,55396,203100
'15MS',21501,55396,210100
'15MS',21501,55396,213100
'15MS',21501,55396,215100
'15MS',21501,55396,222100
'15MS',21501,55396,225100
'15MS',21501,55396,232000
'15MS',21501,55396,234800
'15MS',21501,55396,240900
'15MS',21501,55396,245000
