'14JS',14601,50333,60700
'14JS',14601,50333,64000
'14JS',14601,50333,71300
'14JS',14601,50333,74600
'14JS',14601,50333,80100
'14JS',14601,50333,81400
'14JS',14601,50333,83800
'14JS',14601,50333,85700
'14JS',14601,50333,91500
'14JS',14601,50333,94000
'14JS',14601,50333,101100
'14JS',14601,50333,104100
'14JS',14601,50333,111200
'14JS',14601,50333,114200
'14JS',14601,50333,121300
'14JS',14601,50333,124400
'14JS',14601,50333,131500
'14JS',14601,50333,134600
'14JS',14601,50333,141700
'14JS',14601,50333,144800
'14JS',14601,50333,152000
'14JS',14601,50333,155100
'14JS',14601,50333,162600
'14JS',14601,50333,164200
'14JS',14601,50333,165900
'14JS',14601,50333,171600
'14JS',14601,50333,173100
'14JS',14601,50333,175200
'14JS',14601,50333,181200
'14JS',14601,50333,183600
'14JS',14601,50333,190100
'14JS',14601,50333,193100
'14JS',14601,50333,200000
'14JS',14601,50333,203000
'14JS',14601,50333,210000
'14JS',14601,50333,213000
'14JS',14601,50333,220000
'14JS',14601,50333,223000
'14JS',14601,50333,230000
'14JS',14601,50333,232700
'14JS',14601,50333,235700
'14JS',14601,50333,242700
'14JS',14601,50333,245700
'14JS',14601,50333,252700
'14JS',14601,50343,54700
'14JS',14601,50343,61800
'14JS',14601,50343,64800
'14JS',14601,50343,71800
'14JS',14601,50343,73300
'14JS',14601,50343,74600
'14JS',14601,50343,81000
'14JS',14601,50343,83100
'14JS',14601,50343,85000
'14JS',14601,50343,91700
'14JS',14601,50343,94800
'14JS',14601,50343,101800
'14JS',14601,50343,104900
'14JS',14601,50343,111900
'14JS',14601,50343,115000
'14JS',14601,50343,122100
'14JS',14601,50343,125200
'14JS',14601,50343,132300
'14JS',14601,50343,135400
'14JS',14601,50343,142500
'14JS',14601,50343,145600
'14JS',14601,50343,152700
'14JS',14601,50343,155800
'14JS',14601,50343,161400
'14JS',14601,50343,163100
'14JS',14601,50343,164800
'14JS',14601,50343,170300
'14JS',14601,50343,172400
'14JS',14601,50343,174500
'14JS',14601,50343,181200
'14JS',14601,50343,183800
'14JS',14601,50343,190800
'14JS',14601,50343,193700
'14JS',14601,50343,200700
'14JS',14601,50343,203700
'14JS',14601,50343,210700
'14JS',14601,50343,213700
'14JS',14601,50343,220700
'14JS',14601,50343,223700
'14JS',14601,50343,230700
'14JS',14601,50343,233700
'14JS',14601,50343,240700
'14JS',14601,50343,243700
'14JS',14601,50343,250700
'14JS',14601,50349,60600
'14JS',14601,50349,63900
'14JS',14601,50349,71100
'14JS',14601,50349,74400
'14JS',14601,50349,75900
'14JS',14601,50349,81200
'14JS',14601,50349,83600
'14JS',14601,50349,85600
'14JS',14601,50349,91400
'14JS',14601,50349,93900
'14JS',14601,50349,101000
'14JS',14601,50349,104000
'14JS',14601,50349,111100
'14JS',14601,50349,114100
'14JS',14601,50349,121200
'14JS',14601,50349,124300
'14JS',14601,50349,131400
'14JS',14601,50349,134500
'14JS',14601,50349,141600
'14JS',14601,50349,144700
'14JS',14601,50349,151900
'14JS',14601,50349,155000
'14JS',14601,50349,162500
'14JS',14601,50349,164100
'14JS',14601,50349,165800
'14JS',14601,50349,171500
'14JS',14601,50349,173000
'14JS',14601,50349,175100
'14JS',14601,50349,181100
'14JS',14601,50349,183500
'14JS',14601,50349,190000
'14JS',14601,50349,193000
'14JS',14601,50349,195800
'14JS',14601,50349,202800
'14JS',14601,50349,205800
'14JS',14601,50349,212800
'14JS',14601,50349,215800
'14JS',14601,50349,222800
'14JS',14601,50349,225800
'14JS',14601,50349,232600
'14JS',14601,50349,235600
'14JS',14601,50349,242600
'14JS',14601,50349,245600
'14JS',14601,50349,252600
'14JS',14601,50372,54700
'14JS',14601,50372,61900
'14JS',14601,50372,64900
'14JS',14601,50372,71900
'14JS',14601,50372,73400
'14JS',14601,50372,74700
'14JS',14601,50372,81100
'14JS',14601,50372,83200
'14JS',14601,50372,85100
'14JS',14601,50372,91700
'14JS',14601,50372,94800
'14JS',14601,50372,101800
'14JS',14601,50372,104900
'14JS',14601,50372,111900
'14JS',14601,50372,115000
'14JS',14601,50372,122100
'14JS',14601,50372,125200
'14JS',14601,50372,132300
'14JS',14601,50372,135400
'14JS',14601,50372,142500
'14JS',14601,50372,145700
'14JS',14601,50372,152800
'14JS',14601,50372,155900
'14JS',14601,50372,161500
'14JS',14601,50372,163200
'14JS',14601,50372,164900
'14JS',14601,50372,170400
'14JS',14601,50372,172500
'14JS',14601,50372,174600
'14JS',14601,50372,181300
'14JS',14601,50372,183800
'14JS',14601,50372,190800
'14JS',14601,50372,193800
'14JS',14601,50372,200800
'14JS',14601,50372,203800
'14JS',14601,50372,210800
'14JS',14601,50372,213800
'14JS',14601,50372,220800
'14JS',14601,50372,223800
'14JS',14601,50372,230800
'14JS',14601,50372,233800
'14JS',14601,50372,240800
'14JS',14601,50372,243800
'14JS',14601,50372,250800
'14JS',14601,50374,60500
'14JS',14601,50374,63800
'14JS',14601,50374,71100
'14JS',14601,50374,74400
'14JS',14601,50374,75900
'14JS',14601,50374,81200
'14JS',14601,50374,83600
'14JS',14601,50374,85500
'14JS',14601,50374,91300
'14JS',14601,50374,93800
'14JS',14601,50374,100900
'14JS',14601,50374,103900
'14JS',14601,50374,111000
'14JS',14601,50374,114000
'14JS',14601,50374,121100
'14JS',14601,50374,124200
'14JS',14601,50374,131300
'14JS',14601,50374,134400
'14JS',14601,50374,141500
'14JS',14601,50374,144600
'14JS',14601,50374,151800
'14JS',14601,50374,154900
'14JS',14601,50374,162400
'14JS',14601,50374,164000
'14JS',14601,50374,165700
'14JS',14601,50374,171400
'14JS',14601,50374,172900
'14JS',14601,50374,175000
'14JS',14601,50374,181000
'14JS',14601,50374,183400
'14JS',14601,50374,185900
'14JS',14601,50374,192900
'14JS',14601,50374,195800
'14JS',14601,50374,202800
'14JS',14601,50374,205800
'14JS',14601,50374,212800
'14JS',14601,50374,215800
'14JS',14601,50374,222800
'14JS',14601,50374,225800
'14JS',14601,50374,232500
'14JS',14601,50374,235500
'14JS',14601,50374,242500
'14JS',14601,50374,245500
'14JS',14601,50374,252500
'14JS',14601,50405,54800
'14JS',14601,50405,62000
'14JS',14601,50405,65000
'14JS',14601,50405,72000
'14JS',14601,50405,73500
'14JS',14601,50405,74800
'14JS',14601,50405,81200
'14JS',14601,50405,83300
'14JS',14601,50405,85200
'14JS',14601,50405,91800
'14JS',14601,50405,94900
'14JS',14601,50405,101900
'14JS',14601,50405,105000
'14JS',14601,50405,112000
'14JS',14601,50405,115100
'14JS',14601,50405,122200
'14JS',14601,50405,125300
'14JS',14601,50405,132400
'14JS',14601,50405,135500
'14JS',14601,50405,142600
'14JS',14601,50405,145800
'14JS',14601,50405,152900
'14JS',14601,50405,160000
'14JS',14601,50405,161600
'14JS',14601,50405,163300
'14JS',14601,50405,165000
'14JS',14601,50405,170500
'14JS',14601,50405,172600
'14JS',14601,50405,174700
'14JS',14601,50405,181400
'14JS',14601,50405,183900
'14JS',14601,50405,190900
'14JS',14601,50405,193900
'14JS',14601,50405,200900
'14JS',14601,50405,203900
'14JS',14601,50405,210900
'14JS',14601,50405,213900
'14JS',14601,50405,220900
'14JS',14601,50405,223900
'14JS',14601,50405,230800
'14JS',14601,50405,233800
'14JS',14601,50405,240800
'14JS',14601,50405,243800
'14JS',14601,50405,250800
'14JS',14601,50416,60400
'14JS',14601,50416,63700
'14JS',14601,50416,71000
'14JS',14601,50416,74300
'14JS',14601,50416,75800
'14JS',14601,50416,81100
'14JS',14601,50416,83500
'14JS',14601,50416,85400
'14JS',14601,50416,91200
'14JS',14601,50416,93700
'14JS',14601,50416,100800
'14JS',14601,50416,103800
'14JS',14601,50416,110900
'14JS',14601,50416,113900
'14JS',14601,50416,121000
'14JS',14601,50416,124100
'14JS',14601,50416,131200
'14JS',14601,50416,134300
'14JS',14601,50416,141400
'14JS',14601,50416,144500
'14JS',14601,50416,151700
'14JS',14601,50416,154800
'14JS',14601,50416,162300
'14JS',14601,50416,163900
'14JS',14601,50416,165600
'14JS',14601,50416,171300
'14JS',14601,50416,172800
'14JS',14601,50416,174900
'14JS',14601,50416,180900
'14JS',14601,50416,183300
'14JS',14601,50416,185800
'14JS',14601,50416,192800
'14JS',14601,50416,195600
'14JS',14601,50416,202600
'14JS',14601,50416,205600
'14JS',14601,50416,212600
'14JS',14601,50416,215600
'14JS',14601,50416,222600
'14JS',14601,50416,225600
'14JS',14601,50416,232400
'14JS',14601,50416,235400
'14JS',14601,50416,242400
'14JS',14601,50416,245400
'14JS',14601,50416,252400
'14JS',14601,50451,54900
'14JS',14601,50451,62100
'14JS',14601,50451,65100
'14JS',14601,50451,72200
'14JS',14601,50451,73700
'14JS',14601,50451,75000
'14JS',14601,50451,81400
'14JS',14601,50451,83400
'14JS',14601,50451,85300
'14JS',14601,50451,91900
'14JS',14601,50451,95000
'14JS',14601,50451,102000
'14JS',14601,50451,105100
'14JS',14601,50451,112100
'14JS',14601,50451,115200
'14JS',14601,50451,122300
'14JS',14601,50451,125400
'14JS',14601,50451,132500
'14JS',14601,50451,135600
'14JS',14601,50451,142700
'14JS',14601,50451,145900
'14JS',14601,50451,153000
'14JS',14601,50451,160200
'14JS',14601,50451,161800
'14JS',14601,50451,163500
'14JS',14601,50451,165200
'14JS',14601,50451,170700
'14JS',14601,50451,172800
'14JS',14601,50451,174900
'14JS',14601,50451,181500
'14JS',14601,50451,184000
'14JS',14601,50451,191000
'14JS',14601,50451,194000
'14JS',14601,50451,201000
'14JS',14601,50451,204000
'14JS',14601,50451,211000
'14JS',14601,50451,214000
'14JS',14601,50451,221000
'14JS',14601,50451,224000
'14JS',14601,50451,230900
'14JS',14601,50451,233900
'14JS',14601,50451,240900
'14JS',14601,50451,243900
'14JS',14601,50451,250900
'14JS',14601,50460,60300
'14JS',14601,50460,63600
'14JS',14601,50460,70800
'14JS',14601,50460,74100
'14JS',14601,50460,75600
'14JS',14601,50460,80900
'14JS',14601,50460,83300
'14JS',14601,50460,85300
'14JS',14601,50460,91100
'14JS',14601,50460,93600
'14JS',14601,50460,100700
'14JS',14601,50460,103700
'14JS',14601,50460,110800
'14JS',14601,50460,113800
'14JS',14601,50460,120900
'14JS',14601,50460,124000
'14JS',14601,50460,131100
'14JS',14601,50460,134200
'14JS',14601,50460,141300
'14JS',14601,50460,144400
'14JS',14601,50460,151600
'14JS',14601,50460,154700
'14JS',14601,50460,162200
'14JS',14601,50460,163800
'14JS',14601,50460,165500
'14JS',14601,50460,171200
'14JS',14601,50460,172700
'14JS',14601,50460,174800
'14JS',14601,50460,180800
'14JS',14601,50460,183200
'14JS',14601,50460,185700
'14JS',14601,50460,192700
'14JS',14601,50460,195500
'14JS',14601,50460,202500
'14JS',14601,50460,205500
'14JS',14601,50460,212500
'14JS',14601,50460,215500
'14JS',14601,50460,222500
'14JS',14601,50460,225500
'14JS',14601,50460,232300
'14JS',14601,50460,235300
'14JS',14601,50460,242300
'14JS',14601,50460,245300
'14JS',14601,50460,252300
'14JS',14601,50502,60200
'14JS',14601,50502,63500
'14JS',14601,50502,70700
'14JS',14601,50502,74000
'14JS',14601,50502,75500
'14JS',14601,50502,80800
'14JS',14601,50502,83200
'14JS',14601,50502,85200
'14JS',14601,50502,91000
'14JS',14601,50502,93500
'14JS',14601,50502,100600
'14JS',14601,50502,103600
'14JS',14601,50502,110700
'14JS',14601,50502,113700
'14JS',14601,50502,120800
'14JS',14601,50502,123900
'14JS',14601,50502,131000
'14JS',14601,50502,134100
'14JS',14601,50502,141200
'14JS',14601,50502,144300
'14JS',14601,50502,151500
'14JS',14601,50502,154600
'14JS',14601,50502,162100
'14JS',14601,50502,163700
'14JS',14601,50502,165400
'14JS',14601,50502,171100
'14JS',14601,50502,172600
'14JS',14601,50502,174700
'14JS',14601,50502,180700
'14JS',14601,50502,183100
'14JS',14601,50502,185600
'14JS',14601,50502,192600
'14JS',14601,50502,195400
'14JS',14601,50502,202400
'14JS',14601,50502,205400
'14JS',14601,50502,212400
'14JS',14601,50502,215400
'14JS',14601,50502,222400
'14JS',14601,50502,225400
'14JS',14601,50502,232200
'14JS',14601,50502,235200
'14JS',14601,50502,242200
'14JS',14601,50502,245200
'14JS',14601,50502,252200
'14JS',14601,50512,55000
'14JS',14601,50512,62200
'14JS',14601,50512,65200
'14JS',14601,50512,72300
'14JS',14601,50512,73800
'14JS',14601,50512,75100
'14JS',14601,50512,81500
'14JS',14601,50512,83500
'14JS',14601,50512,85400
'14JS',14601,50512,92000
'14JS',14601,50512,95100
'14JS',14601,50512,102100
'14JS',14601,50512,105200
'14JS',14601,50512,112200
'14JS',14601,50512,115300
'14JS',14601,50512,122400
'14JS',14601,50512,125500
'14JS',14601,50512,132600
'14JS',14601,50512,135700
'14JS',14601,50512,142800
'14JS',14601,50512,150000
'14JS',14601,50512,153100
'14JS',14601,50512,160300
'14JS',14601,50512,161900
'14JS',14601,50512,163600
'14JS',14601,50512,165300
'14JS',14601,50512,170800
'14JS',14601,50512,172900
'14JS',14601,50512,175000
'14JS',14601,50512,181600
'14JS',14601,50512,184100
'14JS',14601,50512,191100
'14JS',14601,50512,194100
'14JS',14601,50512,201100
'14JS',14601,50512,204100
'14JS',14601,50512,211100
'14JS',14601,50512,214100
'14JS',14601,50512,221100
'14JS',14601,50512,224100
'14JS',14601,50512,231000
'14JS',14601,50512,234000
'14JS',14601,50512,241000
'14JS',14601,50512,244000
'14JS',14601,50512,251000
'14JS',14601,50524,55100
'14JS',14601,50524,62300
'14JS',14601,50524,65300
'14JS',14601,50524,72300
'14JS',14601,50524,73800
'14JS',14601,50524,75100
'14JS',14601,50524,81500
'14JS',14601,50524,83600
'14JS',14601,50524,85500
'14JS',14601,50524,92100
'14JS',14601,50524,95200
'14JS',14601,50524,102200
'14JS',14601,50524,105300
'14JS',14601,50524,112300
'14JS',14601,50524,115400
'14JS',14601,50524,122500
'14JS',14601,50524,125600
'14JS',14601,50524,132700
'14JS',14601,50524,135800
'14JS',14601,50524,142900
'14JS',14601,50524,150100
'14JS',14601,50524,153200
'14JS',14601,50524,160300
'14JS',14601,50524,161900
'14JS',14601,50524,163600
'14JS',14601,50524,165300
'14JS',14601,50524,170800
'14JS',14601,50524,172900
'14JS',14601,50524,175000
'14JS',14601,50524,181700
'14JS',14601,50524,184200
'14JS',14601,50524,191200
'14JS',14601,50524,194100
'14JS',14601,50524,201100
'14JS',14601,50524,204100
'14JS',14601,50524,211100
'14JS',14601,50524,214100
'14JS',14601,50524,221100
'14JS',14601,50524,224100
'14JS',14601,50524,231000
'14JS',14601,50524,234000
'14JS',14601,50524,241000
'14JS',14601,50524,244000
'14JS',14601,50524,251000
'14JS',14601,50530,55100
'14JS',14601,50530,62300
'14JS',14601,50530,65300
'14JS',14601,50530,72400
'14JS',14601,50530,73900
'14JS',14601,50530,75200
'14JS',14601,50530,81600
'14JS',14601,50530,83600
'14JS',14601,50530,85500
'14JS',14601,50530,92100
'14JS',14601,50530,95200
'14JS',14601,50530,102200
'14JS',14601,50530,105300
'14JS',14601,50530,112300
'14JS',14601,50530,115400
'14JS',14601,50530,122500
'14JS',14601,50530,125600
'14JS',14601,50530,132700
'14JS',14601,50530,135800
'14JS',14601,50530,142900
'14JS',14601,50530,150100
'14JS',14601,50530,153200
'14JS',14601,50530,160400
'14JS',14601,50530,162000
'14JS',14601,50530,163700
'14JS',14601,50530,165400
'14JS',14601,50530,170900
'14JS',14601,50530,173000
'14JS',14601,50530,175100
'14JS',14601,50530,181700
'14JS',14601,50530,184200
'14JS',14601,50530,191200
'14JS',14601,50530,194200
'14JS',14601,50530,201200
'14JS',14601,50530,204200
'14JS',14601,50530,211200
'14JS',14601,50530,214200
'14JS',14601,50530,221200
'14JS',14601,50530,224200
'14JS',14601,50530,231100
'14JS',14601,50530,234100
'14JS',14601,50530,241100
'14JS',14601,50530,244100
'14JS',14601,50530,251100
'14JS',14601,50546,55200
'14JS',14601,50546,62400
'14JS',14601,50546,65400
'14JS',14601,50546,72500
'14JS',14601,50546,74000
'14JS',14601,50546,75300
'14JS',14601,50546,81700
'14JS',14601,50546,83700
'14JS',14601,50546,85600
'14JS',14601,50546,92200
'14JS',14601,50546,95300
'14JS',14601,50546,102300
'14JS',14601,50546,105400
'14JS',14601,50546,112400
'14JS',14601,50546,115500
'14JS',14601,50546,122600
'14JS',14601,50546,125700
'14JS',14601,50546,132800
'14JS',14601,50546,135900
'14JS',14601,50546,143000
'14JS',14601,50546,150200
'14JS',14601,50546,153300
'14JS',14601,50546,160500
'14JS',14601,50546,162100
'14JS',14601,50546,163800
'14JS',14601,50546,165500
'14JS',14601,50546,171000
'14JS',14601,50546,173100
'14JS',14601,50546,175200
'14JS',14601,50546,181800
'14JS',14601,50546,184300
'14JS',14601,50546,191300
'14JS',14601,50546,194200
'14JS',14601,50546,201200
'14JS',14601,50546,204200
'14JS',14601,50546,211200
'14JS',14601,50546,214200
'14JS',14601,50546,221200
'14JS',14601,50546,224200
'14JS',14601,50546,231100
'14JS',14601,50546,234100
'14JS',14601,50546,241100
'14JS',14601,50546,244100
'14JS',14601,50546,251100
'14JS',14601,50565,55300
'14JS',14601,50565,62500
'14JS',14601,50565,65500
'14JS',14601,50565,72600
'14JS',14601,50565,74100
'14JS',14601,50565,75400
'14JS',14601,50565,81800
'14JS',14601,50565,83800
'14JS',14601,50565,85700
'14JS',14601,50565,92300
'14JS',14601,50565,95400
'14JS',14601,50565,102400
'14JS',14601,50565,105500
'14JS',14601,50565,112500
'14JS',14601,50565,115600
'14JS',14601,50565,122700
'14JS',14601,50565,125800
'14JS',14601,50565,132900
'14JS',14601,50565,140000
'14JS',14601,50565,143100
'14JS',14601,50565,150300
'14JS',14601,50565,153400
'14JS',14601,50565,160600
'14JS',14601,50565,162200
'14JS',14601,50565,163900
'14JS',14601,50565,165600
'14JS',14601,50565,171100
'14JS',14601,50565,173200
'14JS',14601,50565,175300
'14JS',14601,50565,181900
'14JS',14601,50565,184400
'14JS',14601,50565,191400
'14JS',14601,50565,194300
'14JS',14601,50565,201300
'14JS',14601,50565,204300
'14JS',14601,50565,211300
'14JS',14601,50565,214300
'14JS',14601,50565,221300
'14JS',14601,50565,224300
'14JS',14601,50565,231200
'14JS',14601,50565,234200
'14JS',14601,50565,241200
'14JS',14601,50565,244200
'14JS',14601,50565,251200
'14JS',14601,50566,55300
'14JS',14601,50566,62500
'14JS',14601,50566,65500
'14JS',14601,50566,72600
'14JS',14601,50566,74100
'14JS',14601,50566,75400
'14JS',14601,50566,81800
'14JS',14601,50566,83800
'14JS',14601,50566,85700
'14JS',14601,50566,92300
'14JS',14601,50566,95400
'14JS',14601,50566,102400
'14JS',14601,50566,105500
'14JS',14601,50566,112500
'14JS',14601,50566,115600
'14JS',14601,50566,122700
'14JS',14601,50566,125800
'14JS',14601,50566,132900
'14JS',14601,50566,140000
'14JS',14601,50566,143100
'14JS',14601,50566,150300
'14JS',14601,50566,153400
'14JS',14601,50566,160600
'14JS',14601,50566,162200
'14JS',14601,50566,163900
'14JS',14601,50566,165600
'14JS',14601,50566,171100
'14JS',14601,50566,173200
'14JS',14601,50566,175300
'14JS',14601,50566,181900
'14JS',14601,50566,184400
'14JS',14601,50566,191400
'14JS',14601,50566,194300
'14JS',14601,50566,201300
'14JS',14601,50566,204300
'14JS',14601,50566,211300
'14JS',14601,50566,214300
'14JS',14601,50566,221300
'14JS',14601,50566,224300
'14JS',14601,50566,231200
'14JS',14601,50566,234200
'14JS',14601,50566,241200
'14JS',14601,50566,244200
'14JS',14601,50566,251200
'14JS',14601,50574,60100
'14JS',14601,50574,63400
'14JS',14601,50574,70600
'14JS',14601,50574,73900
'14JS',14601,50574,75400
'14JS',14601,50574,80700
'14JS',14601,50574,83100
'14JS',14601,50574,85100
'14JS',14601,50574,90900
'14JS',14601,50574,93400
'14JS',14601,50574,100500
'14JS',14601,50574,103500
'14JS',14601,50574,110600
'14JS',14601,50574,113600
'14JS',14601,50574,120700
'14JS',14601,50574,123800
'14JS',14601,50574,130900
'14JS',14601,50574,134000
'14JS',14601,50574,141100
'14JS',14601,50574,144200
'14JS',14601,50574,151400
'14JS',14601,50574,154500
'14JS',14601,50574,162000
'14JS',14601,50574,163600
'14JS',14601,50574,165300
'14JS',14601,50574,171000
'14JS',14601,50574,172500
'14JS',14601,50574,174600
'14JS',14601,50574,180600
'14JS',14601,50574,183000
'14JS',14601,50574,185500
'14JS',14601,50574,192500
'14JS',14601,50574,195300
'14JS',14601,50574,202300
'14JS',14601,50574,205300
'14JS',14601,50574,212300
'14JS',14601,50574,215300
'14JS',14601,50574,222300
'14JS',14601,50574,225300
'14JS',14601,50574,232100
'14JS',14601,50574,235100
'14JS',14601,50574,242100
'14JS',14601,50574,245100
'14JS',14601,50574,252100
'14JS',14601,50590,55400
'14JS',14601,50590,62600
'14JS',14601,50590,65600
'14JS',14601,50590,72800
'14JS',14601,50590,74300
'14JS',14601,50590,75600
'14JS',14601,50590,82000
'14JS',14601,50590,84000
'14JS',14601,50590,85900
'14JS',14601,50590,92500
'14JS',14601,50590,95600
'14JS',14601,50590,102600
'14JS',14601,50590,105700
'14JS',14601,50590,112700
'14JS',14601,50590,115800
'14JS',14601,50590,122900
'14JS',14601,50590,130000
'14JS',14601,50590,133100
'14JS',14601,50590,140200
'14JS',14601,50590,143300
'14JS',14601,50590,150500
'14JS',14601,50590,153600
'14JS',14601,50590,160800
'14JS',14601,50590,162400
'14JS',14601,50590,164100
'14JS',14601,50590,165800
'14JS',14601,50590,171300
'14JS',14601,50590,173400
'14JS',14601,50590,175500
'14JS',14601,50590,182100
'14JS',14601,50590,184600
'14JS',14601,50590,191600
'14JS',14601,50590,194400
'14JS',14601,50590,201400
'14JS',14601,50590,204400
'14JS',14601,50590,211400
'14JS',14601,50590,214400
'14JS',14601,50590,221400
'14JS',14601,50590,224400
'14JS',14601,50590,231300
'14JS',14601,50590,234300
'14JS',14601,50590,241300
'14JS',14601,50590,244300
'14JS',14601,50590,251300
'14JS',14601,50602,55400
'14JS',14601,50602,62600
'14JS',14601,50602,65700
'14JS',14601,50602,72900
'14JS',14601,50602,74400
'14JS',14601,50602,75700
'14JS',14601,50602,82100
'14JS',14601,50602,84100
'14JS',14601,50602,90000
'14JS',14601,50602,92500
'14JS',14601,50602,95600
'14JS',14601,50602,102600
'14JS',14601,50602,105700
'14JS',14601,50602,112700
'14JS',14601,50602,115800
'14JS',14601,50602,122900
'14JS',14601,50602,130000
'14JS',14601,50602,133100
'14JS',14601,50602,140200
'14JS',14601,50602,143300
'14JS',14601,50602,150500
'14JS',14601,50602,153600
'14JS',14601,50602,160900
'14JS',14601,50602,162500
'14JS',14601,50602,164200
'14JS',14601,50602,165900
'14JS',14601,50602,171400
'14JS',14601,50602,173500
'14JS',14601,50602,175600
'14JS',14601,50602,182100
'14JS',14601,50602,184600
'14JS',14601,50602,191600
'14JS',14601,50602,194500
'14JS',14601,50602,201500
'14JS',14601,50602,204500
'14JS',14601,50602,211500
'14JS',14601,50602,214500
'14JS',14601,50602,221500
'14JS',14601,50602,224500
'14JS',14601,50602,231400
'14JS',14601,50602,234400
'14JS',14601,50602,241400
'14JS',14601,50602,244400
'14JS',14601,50602,251400
'14JS',14601,50639,60000
'14JS',14601,50639,63300
'14JS',14601,50639,70500
'14JS',14601,50639,73800
'14JS',14601,50639,75300
'14JS',14601,50639,80600
'14JS',14601,50639,83000
'14JS',14601,50639,85000
'14JS',14601,50639,90800
'14JS',14601,50639,93300
'14JS',14601,50639,100400
'14JS',14601,50639,103400
'14JS',14601,50639,110500
'14JS',14601,50639,113500
'14JS',14601,50639,120600
'14JS',14601,50639,123700
'14JS',14601,50639,130800
'14JS',14601,50639,133900
'14JS',14601,50639,141000
'14JS',14601,50639,144100
'14JS',14601,50639,151300
'14JS',14601,50639,154400
'14JS',14601,50639,161900
'14JS',14601,50639,163500
'14JS',14601,50639,165200
'14JS',14601,50639,170900
'14JS',14601,50639,172400
'14JS',14601,50639,174500
'14JS',14601,50639,180500
'14JS',14601,50639,182900
'14JS',14601,50639,185400
'14JS',14601,50639,192400
'14JS',14601,50639,195200
'14JS',14601,50639,202200
'14JS',14601,50639,205200
'14JS',14601,50639,212200
'14JS',14601,50639,215200
'14JS',14601,50639,222200
'14JS',14601,50639,225200
'14JS',14601,50639,232000
'14JS',14601,50639,235000
'14JS',14601,50639,242000
'14JS',14601,50639,245000
'14JS',14601,50639,252000
'14JS',14601,50672,55500
'14JS',14601,50672,62700
'14JS',14601,50672,65800
'14JS',14601,50672,73000
'14JS',14601,50672,74500
'14JS',14601,50672,75800
'14JS',14601,50672,82200
'14JS',14601,50672,84200
'14JS',14601,50672,90100
'14JS',14601,50672,92700
'14JS',14601,50672,95800
'14JS',14601,50672,102800
'14JS',14601,50672,105900
'14JS',14601,50672,112900
'14JS',14601,50672,120000
'14JS',14601,50672,123100
'14JS',14601,50672,130200
'14JS',14601,50672,133300
'14JS',14601,50672,140400
'14JS',14601,50672,143500
'14JS',14601,50672,150700
'14JS',14601,50672,153800
'14JS',14601,50672,161100
'14JS',14601,50672,162700
'14JS',14601,50672,164400
'14JS',14601,50672,170100
'14JS',14601,50672,171600
'14JS',14601,50672,173700
'14JS',14601,50672,175800
'14JS',14601,50672,182300
'14JS',14601,50672,184800
'14JS',14601,50672,191800
'14JS',14601,50672,194600
'14JS',14601,50672,201600
'14JS',14601,50672,204600
'14JS',14601,50672,211600
'14JS',14601,50672,214600
'14JS',14601,50672,221600
'14JS',14601,50672,224600
'14JS',14601,50672,231500
'14JS',14601,50672,234500
'14JS',14601,50672,241500
'14JS',14601,50672,244500
'14JS',14601,50672,251500
'14JS',14601,50678,55700
'14JS',14601,50678,62900
'14JS',14601,50678,70000
'14JS',14601,50678,73300
'14JS',14601,50678,74800
'14JS',14601,50678,80100
'14JS',14601,50678,82500
'14JS',14601,50678,84500
'14JS',14601,50678,90400
'14JS',14601,50678,92900
'14JS',14601,50678,100000
'14JS',14601,50678,103000
'14JS',14601,50678,110100
'14JS',14601,50678,113100
'14JS',14601,50678,120200
'14JS',14601,50678,123300
'14JS',14601,50678,130400
'14JS',14601,50678,133500
'14JS',14601,50678,140600
'14JS',14601,50678,143700
'14JS',14601,50678,150900
'14JS',14601,50678,154000
'14JS',14601,50678,161400
'14JS',14601,50678,163000
'14JS',14601,50678,164700
'14JS',14601,50678,170400
'14JS',14601,50678,171900
'14JS',14601,50678,174000
'14JS',14601,50678,180100
'14JS',14601,50678,182500
'14JS',14601,50678,185000
'14JS',14601,50678,192000
'14JS',14601,50678,194800
'14JS',14601,50678,201800
'14JS',14601,50678,204800
'14JS',14601,50678,211800
'14JS',14601,50678,214800
'14JS',14601,50678,221800
'14JS',14601,50678,224800
'14JS',14601,50678,231700
'14JS',14601,50678,234700
'14JS',14601,50678,241700
'14JS',14601,50678,244700
'14JS',14601,50678,251700
'14JS',14601,50687,55700
'14JS',14601,50687,62900
'14JS',14601,50687,70100
'14JS',14601,50687,73400
'14JS',14601,50687,74900
'14JS',14601,50687,80200
'14JS',14601,50687,82600
'14JS',14601,50687,84600
'14JS',14601,50687,90400
'14JS',14601,50687,92900
'14JS',14601,50687,100000
'14JS',14601,50687,103000
'14JS',14601,50687,110100
'14JS',14601,50687,113100
'14JS',14601,50687,120200
'14JS',14601,50687,123300
'14JS',14601,50687,130400
'14JS',14601,50687,133500
'14JS',14601,50687,140600
'14JS',14601,50687,143700
'14JS',14601,50687,150900
'14JS',14601,50687,154000
'14JS',14601,50687,161500
'14JS',14601,50687,163100
'14JS',14601,50687,164800
'14JS',14601,50687,170500
'14JS',14601,50687,172000
'14JS',14601,50687,174100
'14JS',14601,50687,180100
'14JS',14601,50687,182500
'14JS',14601,50687,185000
'14JS',14601,50687,192000
'14JS',14601,50687,194800
'14JS',14601,50687,201800
'14JS',14601,50687,204800
'14JS',14601,50687,211800
'14JS',14601,50687,214800
'14JS',14601,50687,221800
'14JS',14601,50687,224800
'14JS',14601,50687,231700
'14JS',14601,50687,234700
'14JS',14601,50687,241700
'14JS',14601,50687,244700
'14JS',14601,50687,251700
'14JS',14601,50710,55800
'14JS',14601,50710,63000
'14JS',14601,50710,70100
'14JS',14601,50710,73400
'14JS',14601,50710,74900
'14JS',14601,50710,80200
'14JS',14601,50710,82600
'14JS',14601,50710,84600
'14JS',14601,50710,90500
'14JS',14601,50710,93000
'14JS',14601,50710,100100
'14JS',14601,50710,103100
'14JS',14601,50710,110200
'14JS',14601,50710,113200
'14JS',14601,50710,120300
'14JS',14601,50710,123400
'14JS',14601,50710,130500
'14JS',14601,50710,133600
'14JS',14601,50710,140700
'14JS',14601,50710,143800
'14JS',14601,50710,151000
'14JS',14601,50710,154100
'14JS',14601,50710,161500
'14JS',14601,50710,163100
'14JS',14601,50710,164800
'14JS',14601,50710,170500
'14JS',14601,50710,172000
'14JS',14601,50710,174100
'14JS',14601,50710,180200
'14JS',14601,50710,182600
'14JS',14601,50710,185100
'14JS',14601,50710,192100
'14JS',14601,50710,194900
'14JS',14601,50710,201900
'14JS',14601,50710,204900
'14JS',14601,50710,211900
'14JS',14601,50710,214900
'14JS',14601,50710,221900
'14JS',14601,50710,224900
'14JS',14601,50710,231800
'14JS',14601,50710,234800
'14JS',14601,50710,241800
'14JS',14601,50710,244800
'14JS',14601,50710,251800
'14JS',14601,50712,60000
'14JS',14601,50712,63200
'14JS',14601,50712,70400
'14JS',14601,50712,73700
'14JS',14601,50712,75200
'14JS',14601,50712,80500
'14JS',14601,50712,82900
'14JS',14601,50712,84900
'14JS',14601,50712,90700
'14JS',14601,50712,93200
'14JS',14601,50712,100300
'14JS',14601,50712,103300
'14JS',14601,50712,110400
'14JS',14601,50712,113400
'14JS',14601,50712,120500
'14JS',14601,50712,123600
'14JS',14601,50712,130700
'14JS',14601,50712,133800
'14JS',14601,50712,140900
'14JS',14601,50712,144000
'14JS',14601,50712,151200
'14JS',14601,50712,154300
'14JS',14601,50712,161800
'14JS',14601,50712,163400
'14JS',14601,50712,165100
'14JS',14601,50712,170800
'14JS',14601,50712,172300
'14JS',14601,50712,174400
'14JS',14601,50712,180400
'14JS',14601,50712,182800
'14JS',14601,50712,185300
'14JS',14601,50712,192300
'14JS',14601,50712,195100
'14JS',14601,50712,202100
'14JS',14601,50712,205100
'14JS',14601,50712,212100
'14JS',14601,50712,215100
'14JS',14601,50712,222100
'14JS',14601,50712,225100
'14JS',14601,50712,232000
'14JS',14601,50712,235000
'14JS',14601,50712,242000
'14JS',14601,50712,245000
'14JS',14601,50712,252000
'14JS',14601,50775,55900
'14JS',14601,50775,63200
'14JS',14601,50775,70300
'14JS',14601,50775,73600
'14JS',14601,50775,75100
'14JS',14601,50775,80400
'14JS',14601,50775,82800
'14JS',14601,50775,84800
'14JS',14601,50775,90700
'14JS',14601,50775,93200
'14JS',14601,50775,100300
'14JS',14601,50775,103300
'14JS',14601,50775,110400
'14JS',14601,50775,113400
'14JS',14601,50775,120500
'14JS',14601,50775,123600
'14JS',14601,50775,130700
'14JS',14601,50775,133800
'14JS',14601,50775,140900
'14JS',14601,50775,144000
'14JS',14601,50775,151200
'14JS',14601,50775,154300
'14JS',14601,50775,161700
'14JS',14601,50775,163300
'14JS',14601,50775,165000
'14JS',14601,50775,170700
'14JS',14601,50775,172200
'14JS',14601,50775,174300
'14JS',14601,50775,180400
'14JS',14601,50775,182800
'14JS',14601,50775,185300
'14JS',14601,50775,192300
'14JS',14601,50775,195100
'14JS',14601,50775,202100
'14JS',14601,50775,205100
'14JS',14601,50775,212100
'14JS',14601,50775,215100
'14JS',14601,50775,222100
'14JS',14601,50775,225100
'14JS',14601,50775,231900
'14JS',14601,50775,234900
'14JS',14601,50775,241900
'14JS',14601,50775,244900
'14JS',14601,50775,251900
'14JS',14601,50792,55600
'14JS',14601,50792,62800
'14JS',14601,50792,65900
'14JS',14601,50792,73200
'14JS',14601,50792,74700
'14JS',14601,50792,80000
'14JS',14601,50792,82400
'14JS',14601,50792,84400
'14JS',14601,50792,90300
'14JS',14601,50792,92800
'14JS',14601,50792,95900
'14JS',14601,50792,102900
'14JS',14601,50792,110000
'14JS',14601,50792,113000
'14JS',14601,50792,120100
'14JS',14601,50792,123200
'14JS',14601,50792,130300
'14JS',14601,50792,133400
'14JS',14601,50792,140500
'14JS',14601,50792,143600
'14JS',14601,50792,150800
'14JS',14601,50792,153900
'14JS',14601,50792,161300
'14JS',14601,50792,162900
'14JS',14601,50792,164600
'14JS',14601,50792,170300
'14JS',14601,50792,171800
'14JS',14601,50792,173900
'14JS',14601,50792,180000
'14JS',14601,50792,182400
'14JS',14601,50792,184900
'14JS',14601,50792,191900
'14JS',14601,50792,194700
'14JS',14601,50792,201700
'14JS',14601,50792,204700
'14JS',14601,50792,211700
'14JS',14601,50792,214700
'14JS',14601,50792,221700
'14JS',14601,50792,224700
'14JS',14601,50792,231600
'14JS',14601,50792,234600
'14JS',14601,50792,241600
'14JS',14601,50792,244600
'14JS',14601,50792,251600
'14JS',14601,53700,55400
'14JS',14601,53700,62600
'14JS',14601,53700,65600
'14JS',14601,53700,72700
'14JS',14601,53700,74200
'14JS',14601,53700,75500
'14JS',14601,53700,81900
'14JS',14601,53700,83900
'14JS',14601,53700,85800
'14JS',14601,53700,92400
'14JS',14601,53700,95500
'14JS',14601,53700,102500
'14JS',14601,53700,105600
'14JS',14601,53700,112600
'14JS',14601,53700,115700
'14JS',14601,53700,122800
'14JS',14601,53700,125900
'14JS',14601,53700,133000
'14JS',14601,53700,140100
'14JS',14601,53700,143200
'14JS',14601,53700,150400
'14JS',14601,53700,153500
'14JS',14601,53700,160800
'14JS',14601,53700,162400
'14JS',14601,53700,164100
'14JS',14601,53700,165800
'14JS',14601,53700,171300
'14JS',14601,53700,173400
'14JS',14601,53700,175500
'14JS',14601,53700,182000
'14JS',14601,53700,184500
'14JS',14601,53700,191500
'14JS',14601,53700,194400
'14JS',14601,53700,201400
'14JS',14601,53700,204400
'14JS',14601,53700,211400
'14JS',14601,53700,214400
'14JS',14601,53700,221400
'14JS',14601,53700,224400
'14JS',14601,53700,231300
'14JS',14601,53700,234300
'14JS',14601,53700,241300
'14JS',14601,53700,244300
'14JS',14601,53700,251300
'14JS',14601,53788,55800
'14JS',14601,53788,63100
'14JS',14601,53788,70200
'14JS',14601,53788,73500
'14JS',14601,53788,75000
'14JS',14601,53788,80300
'14JS',14601,53788,82700
'14JS',14601,53788,84700
'14JS',14601,53788,90600
'14JS',14601,53788,93100
'14JS',14601,53788,100200
'14JS',14601,53788,103200
'14JS',14601,53788,110300
'14JS',14601,53788,113300
'14JS',14601,53788,120400
'14JS',14601,53788,123500
'14JS',14601,53788,130600
'14JS',14601,53788,133700
'14JS',14601,53788,140800
'14JS',14601,53788,143900
'14JS',14601,53788,151100
'14JS',14601,53788,154200
'14JS',14601,53788,161600
'14JS',14601,53788,163200
'14JS',14601,53788,164900
'14JS',14601,53788,170600
'14JS',14601,53788,172100
'14JS',14601,53788,174200
'14JS',14601,53788,180300
'14JS',14601,53788,182700
'14JS',14601,53788,185200
'14JS',14601,53788,192200
'14JS',14601,53788,195000
'14JS',14601,53788,202000
'14JS',14601,53788,205000
'14JS',14601,53788,212000
'14JS',14601,53788,215000
'14JS',14601,53788,222000
'14JS',14601,53788,225000
'14JS',14601,53788,231800
'14JS',14601,53788,234800
'14JS',14601,53788,241800
'14JS',14601,53788,244800
'14JS',14601,53788,251800
'14JS',14601,53827,200100
'14JS',14601,53827,203100
'14JS',14601,53827,210100
'14JS',14601,53827,213100
'14JS',14601,53827,220100
'14JS',14601,53827,223100
'14JS',14601,53827,230100
'14JS',14601,53827,232800
'14JS',14601,53827,235800
'14JS',14601,53827,242800
'14JS',14601,53827,245800
'14JS',14601,53827,252800
'14JS',14601,54093,60900
'14JS',14601,54093,64200
'14JS',14601,54093,71500
'14JS',14601,54093,74800
'14JS',14601,54093,80300
'14JS',14601,54093,81600
'14JS',14601,54093,84000
'14JS',14601,54093,85900
'14JS',14601,54093,91700
'14JS',14601,54093,94200
'14JS',14601,54093,101300
'14JS',14601,54093,104300
'14JS',14601,54093,111400
'14JS',14601,54093,114400
'14JS',14601,54093,121500
'14JS',14601,54093,124600
'14JS',14601,54093,131700
'14JS',14601,54093,134800
'14JS',14601,54093,141900
'14JS',14601,54093,145000
'14JS',14601,54093,152200
'14JS',14601,54093,155300
'14JS',14601,54093,162800
'14JS',14601,54093,164400
'14JS',14601,54093,170100
'14JS',14601,54093,171800
'14JS',14601,54093,173300
'14JS',14601,54093,175400
'14JS',14601,54093,181400
'14JS',14601,54093,183800
'14JS',14601,54093,190300
'14JS',14601,54093,193300
'14JS',14601,54125,54900
'14JS',14601,54125,62100
'14JS',14601,54125,65100
'14JS',14601,54125,72100
'14JS',14601,54125,73600
'14JS',14601,54125,74900
'14JS',14601,54125,81300
'14JS',14601,54125,83400
'14JS',14601,54125,85300
'14JS',14601,54125,91900
'14JS',14601,54125,95000
'14JS',14601,54125,102000
'14JS',14601,54125,105100
'14JS',14601,54125,112100
'14JS',14601,54125,115200
'14JS',14601,54125,122300
'14JS',14601,54125,125400
'14JS',14601,54125,132500
'14JS',14601,54125,135600
'14JS',14601,54125,142700
'14JS',14601,54125,145900
'14JS',14601,54125,153000
'14JS',14601,54125,160100
'14JS',14601,54125,161700
'14JS',14601,54125,163400
'14JS',14601,54125,165100
'14JS',14601,54125,170600
'14JS',14601,54125,172700
'14JS',14601,54125,174800
'14JS',14601,54125,181500
'14JS',14601,54125,184000
'14JS',14601,54125,191000
'14JS',14601,54125,194000
'14JS',14601,54125,201000
'14JS',14601,54125,204000
'14JS',14601,54125,211000
'14JS',14601,54125,214000
'14JS',14601,54125,221000
'14JS',14601,54125,224000
'14JS',14601,54125,230900
'14JS',14601,54125,233900
'14JS',14601,54125,240900
'14JS',14601,54125,243900
'14JS',14601,54125,250900
'14JS',14601,54150,54500
'14JS',14601,54150,61600
'14JS',14601,54150,64600
'14JS',14601,54150,71600
'14JS',14601,54150,73100
'14JS',14601,54150,74400
'14JS',14601,54150,80800
'14JS',14601,54150,82900
'14JS',14601,54150,84800
'14JS',14601,54150,91500
'14JS',14601,54150,94600
'14JS',14601,54150,101600
'14JS',14601,54150,104700
'14JS',14601,54150,111700
'14JS',14601,54150,114800
'14JS',14601,54150,121900
'14JS',14601,54150,125000
'14JS',14601,54150,132100
'14JS',14601,54150,135200
'14JS',14601,54150,142300
'14JS',14601,54150,145400
'14JS',14601,54150,152500
'14JS',14601,54150,155600
'14JS',14601,54150,161200
'14JS',14601,54150,162900
'14JS',14601,54150,164600
'14JS',14601,54150,170100
'14JS',14601,54150,172200
'14JS',14601,54150,174300
'14JS',14601,54150,181000
'14JS',14601,54150,183600
'14JS',14601,54150,190600
'14JS',14601,54150,193600
'14JS',14601,54150,200600
'14JS',14601,54150,203600
'14JS',14601,54150,210600
'14JS',14601,54150,213600
'14JS',14601,54150,220600
'14JS',14601,54150,223600
'14JS',14601,54150,230600
'14JS',14601,54150,233600
'14JS',14601,54150,240600
'14JS',14601,54150,243600
'14JS',14601,54150,250600
'14JS',14601,54338,54600
'14JS',14601,54338,61700
'14JS',14601,54338,64700
'14JS',14601,54338,71700
'14JS',14601,54338,73200
'14JS',14601,54338,74500
'14JS',14601,54338,80900
'14JS',14601,54338,83000
'14JS',14601,54338,84900
'14JS',14601,54338,91600
'14JS',14601,54338,94700
'14JS',14601,54338,101700
'14JS',14601,54338,104800
'14JS',14601,54338,111800
'14JS',14601,54338,114900
'14JS',14601,54338,122000
'14JS',14601,54338,125100
'14JS',14601,54338,132200
'14JS',14601,54338,135300
'14JS',14601,54338,142400
'14JS',14601,54338,145500
'14JS',14601,54338,152600
'14JS',14601,54338,155700
'14JS',14601,54338,161300
'14JS',14601,54338,163000
'14JS',14601,54338,164700
'14JS',14601,54338,170200
'14JS',14601,54338,172300
'14JS',14601,54338,174400
'14JS',14601,54338,181100
'14JS',14601,54338,183700
'14JS',14601,54338,190700
'14JS',14601,54338,193700
'14JS',14601,54338,200700
'14JS',14601,54338,203700
'14JS',14601,54338,210700
'14JS',14601,54338,213700
'14JS',14601,54338,220700
'14JS',14601,54338,223700
'14JS',14601,54338,230700
'14JS',14601,54338,233700
'14JS',14601,54338,240700
'14JS',14601,54338,243700
'14JS',14601,54338,250700
'14JS',14602,50308,53500
'14JS',14602,50308,60900
'14JS',14602,50308,64200
'14JS',14602,50308,70200
'14JS',14602,50308,72400
'14JS',14602,50308,73900
'14JS',14602,50308,74500
'14JS',14602,50308,75400
'14JS',14602,50308,80000
'14JS',14602,50308,80900
'14JS',14602,50308,81300
'14JS',14602,50308,81800
'14JS',14602,50308,82400
'14JS',14602,50308,83300
'14JS',14602,50308,84300
'14JS',14602,50308,85200
'14JS',14602,50308,90300
'14JS',14602,50308,91100
'14JS',14602,50308,92100
'14JS',14602,50308,94100
'14JS',14602,50308,101100
'14JS',14602,50308,104200
'14JS',14602,50308,111200
'14JS',14602,50308,114300
'14JS',14602,50308,121400
'14JS',14602,50308,124500
'14JS',14602,50308,131600
'14JS',14602,50308,134700
'14JS',14602,50308,141800
'14JS',14602,50308,144900
'14JS',14602,50308,152000
'14JS',14602,50308,155200
'14JS',14602,50308,162400
'14JS',14602,50308,164200
'14JS',14602,50308,171400
'14JS',14602,50308,173800
'14JS',14602,50308,180400
'14JS',14602,50308,183200
'14JS',14602,50308,190200
'14JS',14602,50308,193100
'14JS',14602,50308,200100
'14JS',14602,50308,203300
'14JS',14602,50308,210300
'14JS',14602,50308,213300
'14JS',14602,50308,220300
'14JS',14602,50308,223300
'14JS',14602,50308,230300
'14JS',14602,50308,233000
'14JS',14602,50308,240100
'14JS',14602,50308,243200
'14JS',14602,50308,250300
'14JS',14602,50308,253700
'14JS',14602,50335,51400
'14JS',14602,50335,54600
'14JS',14602,50335,61600
'14JS',14602,50335,63600
'14JS',14602,50335,65600
'14JS',14602,50335,71100
'14JS',14602,50335,72600
'14JS',14602,50335,74100
'14JS',14602,50335,75600
'14JS',14602,50335,81600
'14JS',14602,50335,83600
'14JS',14602,50335,85600
'14JS',14602,50335,91600
'14JS',14602,50335,94600
'14JS',14602,50335,101700
'14JS',14602,50335,104700
'14JS',14602,50335,111800
'14JS',14602,50335,114900
'14JS',14602,50335,122000
'14JS',14602,50335,125100
'14JS',14602,50335,132200
'14JS',14602,50335,135300
'14JS',14602,50335,142400
'14JS',14602,50335,145500
'14JS',14602,50335,152600
'14JS',14602,50335,155800
'14JS',14602,50335,161600
'14JS',14602,50335,164800
'14JS',14602,50335,171100
'14JS',14602,50335,173700
'14JS',14602,50335,180600
'14JS',14602,50335,183600
'14JS',14602,50335,190700
'14JS',14602,50335,193700
'14JS',14602,50335,201100
'14JS',14602,50335,204100
'14JS',14602,50335,211100
'14JS',14602,50335,214100
'14JS',14602,50335,221100
'14JS',14602,50335,224100
'14JS',14602,50335,231100
'14JS',14602,50335,234200
'14JS',14602,50335,241300
'14JS',14602,50335,244400
'14JS',14602,50335,251800
'14JS',14602,50340,53300
'14JS',14602,50340,60700
'14JS',14602,50340,64000
'14JS',14602,50340,70000
'14JS',14602,50340,72300
'14JS',14602,50340,73800
'14JS',14602,50340,74400
'14JS',14602,50340,75300
'14JS',14602,50340,75900
'14JS',14602,50340,80800
'14JS',14602,50340,81200
'14JS',14602,50340,81700
'14JS',14602,50340,82300
'14JS',14602,50340,83200
'14JS',14602,50340,84200
'14JS',14602,50340,85100
'14JS',14602,50340,90100
'14JS',14602,50340,90900
'14JS',14602,50340,91900
'14JS',14602,50340,93900
'14JS',14602,50340,100900
'14JS',14602,50340,104000
'14JS',14602,50340,111000
'14JS',14602,50340,114100
'14JS',14602,50340,121200
'14JS',14602,50340,124300
'14JS',14602,50340,131400
'14JS',14602,50340,134500
'14JS',14602,50340,141600
'14JS',14602,50340,144700
'14JS',14602,50340,151800
'14JS',14602,50340,155000
'14JS',14602,50340,162200
'14JS',14602,50340,164000
'14JS',14602,50340,171300
'14JS',14602,50340,173700
'14JS',14602,50340,180200
'14JS',14602,50340,183000
'14JS',14602,50340,190000
'14JS',14602,50340,192900
'14JS',14602,50340,195900
'14JS',14602,50340,203100
'14JS',14602,50340,210100
'14JS',14602,50340,213100
'14JS',14602,50340,220100
'14JS',14602,50340,223100
'14JS',14602,50340,230100
'14JS',14602,50340,232900
'14JS',14602,50340,240000
'14JS',14602,50340,243100
'14JS',14602,50340,250200
'14JS',14602,50340,253600
'14JS',14602,50351,51400
'14JS',14602,50351,54600
'14JS',14602,50351,61600
'14JS',14602,50351,63600
'14JS',14602,50351,65600
'14JS',14602,50351,71100
'14JS',14602,50351,72600
'14JS',14602,50351,74100
'14JS',14602,50351,75600
'14JS',14602,50351,81600
'14JS',14602,50351,83600
'14JS',14602,50351,85600
'14JS',14602,50351,91600
'14JS',14602,50351,94600
'14JS',14602,50351,101700
'14JS',14602,50351,104700
'14JS',14602,50351,111800
'14JS',14602,50351,114900
'14JS',14602,50351,122000
'14JS',14602,50351,125100
'14JS',14602,50351,132200
'14JS',14602,50351,135300
'14JS',14602,50351,142400
'14JS',14602,50351,145500
'14JS',14602,50351,152600
'14JS',14602,50351,155800
'14JS',14602,50351,161600
'14JS',14602,50351,164800
'14JS',14602,50351,171100
'14JS',14602,50351,173700
'14JS',14602,50351,180600
'14JS',14602,50351,183600
'14JS',14602,50351,190700
'14JS',14602,50351,193700
'14JS',14602,50351,201200
'14JS',14602,50351,204200
'14JS',14602,50351,211200
'14JS',14602,50351,214200
'14JS',14602,50351,221200
'14JS',14602,50351,224200
'14JS',14602,50351,231200
'14JS',14602,50351,234300
'14JS',14602,50351,241400
'14JS',14602,50351,244500
'14JS',14602,50351,251900
'14JS',14602,50371,53300
'14JS',14602,50371,60700
'14JS',14602,50371,63900
'14JS',14602,50371,65900
'14JS',14602,50371,72200
'14JS',14602,50371,73700
'14JS',14602,50371,74300
'14JS',14602,50371,75200
'14JS',14602,50371,75800
'14JS',14602,50371,80700
'14JS',14602,50371,81100
'14JS',14602,50371,81600
'14JS',14602,50371,82200
'14JS',14602,50371,83100
'14JS',14602,50371,84100
'14JS',14602,50371,85000
'14JS',14602,50371,90000
'14JS',14602,50371,90900
'14JS',14602,50371,91900
'14JS',14602,50371,93900
'14JS',14602,50371,100900
'14JS',14602,50371,104000
'14JS',14602,50371,111000
'14JS',14602,50371,114100
'14JS',14602,50371,121200
'14JS',14602,50371,124300
'14JS',14602,50371,131400
'14JS',14602,50371,134500
'14JS',14602,50371,141600
'14JS',14602,50371,144700
'14JS',14602,50371,151800
'14JS',14602,50371,154900
'14JS',14602,50371,162100
'14JS',14602,50371,163900
'14JS',14602,50371,171200
'14JS',14602,50371,173600
'14JS',14602,50371,180100
'14JS',14602,50371,182900
'14JS',14602,50371,185900
'14JS',14602,50371,192900
'14JS',14602,50371,195900
'14JS',14602,50371,203100
'14JS',14602,50371,210100
'14JS',14602,50371,213100
'14JS',14602,50371,220100
'14JS',14602,50371,223100
'14JS',14602,50371,230100
'14JS',14602,50371,232800
'14JS',14602,50371,235900
'14JS',14602,50371,243000
'14JS',14602,50371,250100
'14JS',14602,50371,253500
'14JS',14602,50375,51500
'14JS',14602,50375,54700
'14JS',14602,50375,61700
'14JS',14602,50375,63700
'14JS',14602,50375,65700
'14JS',14602,50375,71200
'14JS',14602,50375,72700
'14JS',14602,50375,74200
'14JS',14602,50375,75700
'14JS',14602,50375,81700
'14JS',14602,50375,83700
'14JS',14602,50375,85700
'14JS',14602,50375,91700
'14JS',14602,50375,94700
'14JS',14602,50375,101800
'14JS',14602,50375,104800
'14JS',14602,50375,111900
'14JS',14602,50375,115000
'14JS',14602,50375,122100
'14JS',14602,50375,125200
'14JS',14602,50375,132300
'14JS',14602,50375,135400
'14JS',14602,50375,142500
'14JS',14602,50375,145600
'14JS',14602,50375,152700
'14JS',14602,50375,155900
'14JS',14602,50375,161700
'14JS',14602,50375,164900
'14JS',14602,50375,171200
'14JS',14602,50375,173800
'14JS',14602,50375,180700
'14JS',14602,50375,183700
'14JS',14602,50375,190800
'14JS',14602,50375,193800
'14JS',14602,50375,201200
'14JS',14602,50375,204200
'14JS',14602,50375,211200
'14JS',14602,50375,214200
'14JS',14602,50375,221200
'14JS',14602,50375,224200
'14JS',14602,50375,231200
'14JS',14602,50375,234300
'14JS',14602,50375,241400
'14JS',14602,50375,244500
'14JS',14602,50375,251900
'14JS',14602,50418,51600
'14JS',14602,50418,54800
'14JS',14602,50418,61800
'14JS',14602,50418,63800
'14JS',14602,50418,65800
'14JS',14602,50418,71300
'14JS',14602,50418,72800
'14JS',14602,50418,74300
'14JS',14602,50418,75800
'14JS',14602,50418,81800
'14JS',14602,50418,83800
'14JS',14602,50418,85800
'14JS',14602,50418,91800
'14JS',14602,50418,94800
'14JS',14602,50418,101900
'14JS',14602,50418,104900
'14JS',14602,50418,112000
'14JS',14602,50418,115100
'14JS',14602,50418,122200
'14JS',14602,50418,125300
'14JS',14602,50418,132400
'14JS',14602,50418,135500
'14JS',14602,50418,142600
'14JS',14602,50418,145700
'14JS',14602,50418,152800
'14JS',14602,50418,160000
'14JS',14602,50418,161800
'14JS',14602,50418,165000
'14JS',14602,50418,171300
'14JS',14602,50418,173900
'14JS',14602,50418,180800
'14JS',14602,50418,183800
'14JS',14602,50418,190900
'14JS',14602,50418,193900
'14JS',14602,50418,201300
'14JS',14602,50418,204300
'14JS',14602,50418,211300
'14JS',14602,50418,214300
'14JS',14602,50418,221300
'14JS',14602,50418,224300
'14JS',14602,50418,231300
'14JS',14602,50418,234400
'14JS',14602,50418,241500
'14JS',14602,50418,244600
'14JS',14602,50418,252000
'14JS',14602,50449,53100
'14JS',14602,50449,60500
'14JS',14602,50449,63700
'14JS',14602,50449,65700
'14JS',14602,50449,72000
'14JS',14602,50449,73500
'14JS',14602,50449,74100
'14JS',14602,50449,75000
'14JS',14602,50449,75600
'14JS',14602,50449,80500
'14JS',14602,50449,80900
'14JS',14602,50449,81400
'14JS',14602,50449,82000
'14JS',14602,50449,82900
'14JS',14602,50449,83900
'14JS',14602,50449,84800
'14JS',14602,50449,85800
'14JS',14602,50449,90700
'14JS',14602,50449,91700
'14JS',14602,50449,93700
'14JS',14602,50449,100700
'14JS',14602,50449,103800
'14JS',14602,50449,110800
'14JS',14602,50449,113900
'14JS',14602,50449,121000
'14JS',14602,50449,124100
'14JS',14602,50449,131200
'14JS',14602,50449,134300
'14JS',14602,50449,141400
'14JS',14602,50449,144500
'14JS',14602,50449,151600
'14JS',14602,50449,154700
'14JS',14602,50449,161900
'14JS',14602,50449,163700
'14JS',14602,50449,171000
'14JS',14602,50449,173400
'14JS',14602,50449,175900
'14JS',14602,50449,182700
'14JS',14602,50449,185700
'14JS',14602,50449,192700
'14JS',14602,50449,195700
'14JS',14602,50449,202900
'14JS',14602,50449,205900
'14JS',14602,50449,212900
'14JS',14602,50449,215900
'14JS',14602,50449,222900
'14JS',14602,50449,225900
'14JS',14602,50449,232600
'14JS',14602,50449,235700
'14JS',14602,50449,242800
'14JS',14602,50449,245900
'14JS',14602,50449,253300
'14JS',14602,50461,51700
'14JS',14602,50461,54900
'14JS',14602,50461,61900
'14JS',14602,50461,63900
'14JS',14602,50461,65900
'14JS',14602,50461,71400
'14JS',14602,50461,72900
'14JS',14602,50461,74400
'14JS',14602,50461,75900
'14JS',14602,50461,81900
'14JS',14602,50461,83900
'14JS',14602,50461,85900
'14JS',14602,50461,91900
'14JS',14602,50461,94900
'14JS',14602,50461,102000
'14JS',14602,50461,105000
'14JS',14602,50461,112100
'14JS',14602,50461,115200
'14JS',14602,50461,122300
'14JS',14602,50461,125400
'14JS',14602,50461,132500
'14JS',14602,50461,135600
'14JS',14602,50461,142700
'14JS',14602,50461,145800
'14JS',14602,50461,152900
'14JS',14602,50461,160100
'14JS',14602,50461,161900
'14JS',14602,50461,165100
'14JS',14602,50461,171400
'14JS',14602,50461,174000
'14JS',14602,50461,180900
'14JS',14602,50461,183900
'14JS',14602,50461,191000
'14JS',14602,50461,194000
'14JS',14602,50461,201300
'14JS',14602,50461,204300
'14JS',14602,50461,211300
'14JS',14602,50461,214300
'14JS',14602,50461,221300
'14JS',14602,50461,224300
'14JS',14602,50461,231300
'14JS',14602,50461,234400
'14JS',14602,50461,241500
'14JS',14602,50461,244600
'14JS',14602,50461,252000
'14JS',14602,50498,53000
'14JS',14602,50498,60400
'14JS',14602,50498,63700
'14JS',14602,50498,65700
'14JS',14602,50498,71900
'14JS',14602,50498,73400
'14JS',14602,50498,74000
'14JS',14602,50498,74900
'14JS',14602,50498,75500
'14JS',14602,50498,80400
'14JS',14602,50498,80800
'14JS',14602,50498,81300
'14JS',14602,50498,81900
'14JS',14602,50498,82800
'14JS',14602,50498,83800
'14JS',14602,50498,84700
'14JS',14602,50498,85800
'14JS',14602,50498,90600
'14JS',14602,50498,91600
'14JS',14602,50498,93600
'14JS',14602,50498,100600
'14JS',14602,50498,103700
'14JS',14602,50498,110700
'14JS',14602,50498,113800
'14JS',14602,50498,120900
'14JS',14602,50498,124000
'14JS',14602,50498,131100
'14JS',14602,50498,134200
'14JS',14602,50498,141300
'14JS',14602,50498,144400
'14JS',14602,50498,151500
'14JS',14602,50498,154700
'14JS',14602,50498,161900
'14JS',14602,50498,163700
'14JS',14602,50498,170900
'14JS',14602,50498,173300
'14JS',14602,50498,175900
'14JS',14602,50498,182700
'14JS',14602,50498,185700
'14JS',14602,50498,192600
'14JS',14602,50498,195600
'14JS',14602,50498,202800
'14JS',14602,50498,205800
'14JS',14602,50498,212800
'14JS',14602,50498,215800
'14JS',14602,50498,222800
'14JS',14602,50498,225800
'14JS',14602,50498,232600
'14JS',14602,50498,235700
'14JS',14602,50498,242800
'14JS',14602,50498,245900
'14JS',14602,50498,253300
'14JS',14602,50504,51800
'14JS',14602,50504,55000
'14JS',14602,50504,62000
'14JS',14602,50504,64000
'14JS',14602,50504,70000
'14JS',14602,50504,71500
'14JS',14602,50504,73000
'14JS',14602,50504,74500
'14JS',14602,50504,80000
'14JS',14602,50504,82000
'14JS',14602,50504,84000
'14JS',14602,50504,90000
'14JS',14602,50504,92000
'14JS',14602,50504,95000
'14JS',14602,50504,102100
'14JS',14602,50504,105100
'14JS',14602,50504,112200
'14JS',14602,50504,115300
'14JS',14602,50504,122400
'14JS',14602,50504,125500
'14JS',14602,50504,132600
'14JS',14602,50504,135700
'14JS',14602,50504,142800
'14JS',14602,50504,145900
'14JS',14602,50504,153000
'14JS',14602,50504,160200
'14JS',14602,50504,162000
'14JS',14602,50504,165200
'14JS',14602,50504,171500
'14JS',14602,50504,174100
'14JS',14602,50504,181000
'14JS',14602,50504,184000
'14JS',14602,50504,191100
'14JS',14602,50504,194100
'14JS',14602,50504,201400
'14JS',14602,50504,204400
'14JS',14602,50504,211400
'14JS',14602,50504,214400
'14JS',14602,50504,221400
'14JS',14602,50504,224400
'14JS',14602,50504,231400
'14JS',14602,50504,234500
'14JS',14602,50504,241600
'14JS',14602,50504,244700
'14JS',14602,50504,252100
'14JS',14602,50511,52900
'14JS',14602,50511,60300
'14JS',14602,50511,63600
'14JS',14602,50511,65600
'14JS',14602,50511,71800
'14JS',14602,50511,73300
'14JS',14602,50511,73900
'14JS',14602,50511,74800
'14JS',14602,50511,75400
'14JS',14602,50511,80300
'14JS',14602,50511,80700
'14JS',14602,50511,81200
'14JS',14602,50511,81800
'14JS',14602,50511,82700
'14JS',14602,50511,83700
'14JS',14602,50511,84600
'14JS',14602,50511,85700
'14JS',14602,50511,90500
'14JS',14602,50511,91500
'14JS',14602,50511,93500
'14JS',14602,50511,100500
'14JS',14602,50511,103600
'14JS',14602,50511,110600
'14JS',14602,50511,113700
'14JS',14602,50511,120800
'14JS',14602,50511,123900
'14JS',14602,50511,131000
'14JS',14602,50511,134100
'14JS',14602,50511,141200
'14JS',14602,50511,144300
'14JS',14602,50511,151400
'14JS',14602,50511,154600
'14JS',14602,50511,161800
'14JS',14602,50511,163600
'14JS',14602,50511,170800
'14JS',14602,50511,173200
'14JS',14602,50511,175800
'14JS',14602,50511,182600
'14JS',14602,50511,185600
'14JS',14602,50511,192500
'14JS',14602,50511,195500
'14JS',14602,50511,202700
'14JS',14602,50511,205700
'14JS',14602,50511,212700
'14JS',14602,50511,215700
'14JS',14602,50511,222700
'14JS',14602,50511,225700
'14JS',14602,50511,232500
'14JS',14602,50511,235600
'14JS',14602,50511,242700
'14JS',14602,50511,245800
'14JS',14602,50511,253200
'14JS',14602,50523,52900
'14JS',14602,50523,60300
'14JS',14602,50523,63500
'14JS',14602,50523,65500
'14JS',14602,50523,71700
'14JS',14602,50523,73200
'14JS',14602,50523,73800
'14JS',14602,50523,74700
'14JS',14602,50523,75300
'14JS',14602,50523,80200
'14JS',14602,50523,80600
'14JS',14602,50523,81100
'14JS',14602,50523,81700
'14JS',14602,50523,82600
'14JS',14602,50523,83600
'14JS',14602,50523,84500
'14JS',14602,50523,85600
'14JS',14602,50523,90500
'14JS',14602,50523,91500
'14JS',14602,50523,93500
'14JS',14602,50523,100500
'14JS',14602,50523,103600
'14JS',14602,50523,110600
'14JS',14602,50523,113700
'14JS',14602,50523,120800
'14JS',14602,50523,123900
'14JS',14602,50523,131000
'14JS',14602,50523,134100
'14JS',14602,50523,141200
'14JS',14602,50523,144300
'14JS',14602,50523,151400
'14JS',14602,50523,154500
'14JS',14602,50523,161700
'14JS',14602,50523,163500
'14JS',14602,50523,170700
'14JS',14602,50523,173100
'14JS',14602,50523,175700
'14JS',14602,50523,182500
'14JS',14602,50523,185500
'14JS',14602,50523,192500
'14JS',14602,50523,195500
'14JS',14602,50523,202700
'14JS',14602,50523,205700
'14JS',14602,50523,212700
'14JS',14602,50523,215700
'14JS',14602,50523,222700
'14JS',14602,50523,225700
'14JS',14602,50523,232500
'14JS',14602,50523,235600
'14JS',14602,50523,242700
'14JS',14602,50523,245800
'14JS',14602,50523,253200
'14JS',14602,50529,52800
'14JS',14602,50529,60200
'14JS',14602,50529,63400
'14JS',14602,50529,65400
'14JS',14602,50529,71700
'14JS',14602,50529,73200
'14JS',14602,50529,73800
'14JS',14602,50529,74700
'14JS',14602,50529,75300
'14JS',14602,50529,80200
'14JS',14602,50529,80600
'14JS',14602,50529,81100
'14JS',14602,50529,81700
'14JS',14602,50529,82600
'14JS',14602,50529,83600
'14JS',14602,50529,84500
'14JS',14602,50529,85500
'14JS',14602,50529,90400
'14JS',14602,50529,91400
'14JS',14602,50529,93400
'14JS',14602,50529,100400
'14JS',14602,50529,103500
'14JS',14602,50529,110500
'14JS',14602,50529,113600
'14JS',14602,50529,120700
'14JS',14602,50529,123800
'14JS',14602,50529,130900
'14JS',14602,50529,134000
'14JS',14602,50529,141100
'14JS',14602,50529,144200
'14JS',14602,50529,151300
'14JS',14602,50529,154400
'14JS',14602,50529,161600
'14JS',14602,50529,163400
'14JS',14602,50529,170700
'14JS',14602,50529,173100
'14JS',14602,50529,175600
'14JS',14602,50529,182400
'14JS',14602,50529,185400
'14JS',14602,50529,192400
'14JS',14602,50529,195400
'14JS',14602,50529,202600
'14JS',14602,50529,205600
'14JS',14602,50529,212600
'14JS',14602,50529,215600
'14JS',14602,50529,222600
'14JS',14602,50529,225600
'14JS',14602,50529,232400
'14JS',14602,50529,235500
'14JS',14602,50529,242600
'14JS',14602,50529,245700
'14JS',14602,50529,253100
'14JS',14602,50545,52800
'14JS',14602,50545,60200
'14JS',14602,50545,63400
'14JS',14602,50545,65400
'14JS',14602,50545,71600
'14JS',14602,50545,73100
'14JS',14602,50545,73700
'14JS',14602,50545,74600
'14JS',14602,50545,75200
'14JS',14602,50545,80100
'14JS',14602,50545,80500
'14JS',14602,50545,81000
'14JS',14602,50545,81600
'14JS',14602,50545,82500
'14JS',14602,50545,83500
'14JS',14602,50545,84400
'14JS',14602,50545,85500
'14JS',14602,50545,90400
'14JS',14602,50545,91400
'14JS',14602,50545,93400
'14JS',14602,50545,100400
'14JS',14602,50545,103500
'14JS',14602,50545,110500
'14JS',14602,50545,113600
'14JS',14602,50545,120700
'14JS',14602,50545,123800
'14JS',14602,50545,130900
'14JS',14602,50545,134000
'14JS',14602,50545,141100
'14JS',14602,50545,144200
'14JS',14602,50545,151300
'14JS',14602,50545,154400
'14JS',14602,50545,161600
'14JS',14602,50545,163400
'14JS',14602,50545,170600
'14JS',14602,50545,173000
'14JS',14602,50545,175600
'14JS',14602,50545,182400
'14JS',14602,50545,185400
'14JS',14602,50545,192400
'14JS',14602,50545,195400
'14JS',14602,50545,202600
'14JS',14602,50545,205600
'14JS',14602,50545,212600
'14JS',14602,50545,215600
'14JS',14602,50545,222600
'14JS',14602,50545,225600
'14JS',14602,50545,232300
'14JS',14602,50545,235400
'14JS',14602,50545,242500
'14JS',14602,50545,245600
'14JS',14602,50545,253000
'14JS',14602,50575,51900
'14JS',14602,50575,55100
'14JS',14602,50575,62100
'14JS',14602,50575,64100
'14JS',14602,50575,70200
'14JS',14602,50575,71700
'14JS',14602,50575,73200
'14JS',14602,50575,74700
'14JS',14602,50575,80200
'14JS',14602,50575,82200
'14JS',14602,50575,84200
'14JS',14602,50575,90100
'14JS',14602,50575,92100
'14JS',14602,50575,95100
'14JS',14602,50575,102200
'14JS',14602,50575,105200
'14JS',14602,50575,112300
'14JS',14602,50575,115400
'14JS',14602,50575,122500
'14JS',14602,50575,125600
'14JS',14602,50575,132700
'14JS',14602,50575,135800
'14JS',14602,50575,142900
'14JS',14602,50575,150000
'14JS',14602,50575,153100
'14JS',14602,50575,160300
'14JS',14602,50575,162100
'14JS',14602,50575,165300
'14JS',14602,50575,171700
'14JS',14602,50575,174300
'14JS',14602,50575,181100
'14JS',14602,50575,184100
'14JS',14602,50575,191200
'14JS',14602,50575,194200
'14JS',14602,50575,201500
'14JS',14602,50575,204500
'14JS',14602,50575,211500
'14JS',14602,50575,214500
'14JS',14602,50575,221500
'14JS',14602,50575,224500
'14JS',14602,50575,231500
'14JS',14602,50575,234600
'14JS',14602,50575,241700
'14JS',14602,50575,244800
'14JS',14602,50575,252200
'14JS',14602,50619,52600
'14JS',14602,50619,60000
'14JS',14602,50619,63200
'14JS',14602,50619,65200
'14JS',14602,50619,71400
'14JS',14602,50619,72900
'14JS',14602,50619,73500
'14JS',14602,50619,74400
'14JS',14602,50619,75000
'14JS',14602,50619,75900
'14JS',14602,50619,80300
'14JS',14602,50619,80800
'14JS',14602,50619,81400
'14JS',14602,50619,82300
'14JS',14602,50619,83300
'14JS',14602,50619,84200
'14JS',14602,50619,85300
'14JS',14602,50619,90200
'14JS',14602,50619,91200
'14JS',14602,50619,93200
'14JS',14602,50619,100200
'14JS',14602,50619,103300
'14JS',14602,50619,110300
'14JS',14602,50619,113400
'14JS',14602,50619,120500
'14JS',14602,50619,123600
'14JS',14602,50619,130700
'14JS',14602,50619,133800
'14JS',14602,50619,140900
'14JS',14602,50619,144000
'14JS',14602,50619,151100
'14JS',14602,50619,154200
'14JS',14602,50619,161400
'14JS',14602,50619,163200
'14JS',14602,50619,170400
'14JS',14602,50619,172800
'14JS',14602,50619,175400
'14JS',14602,50619,182200
'14JS',14602,50619,185200
'14JS',14602,50619,192200
'14JS',14602,50619,195200
'14JS',14602,50619,202400
'14JS',14602,50619,205400
'14JS',14602,50619,212400
'14JS',14602,50619,215400
'14JS',14602,50619,222400
'14JS',14602,50619,225400
'14JS',14602,50619,232200
'14JS',14602,50619,235300
'14JS',14602,50619,242400
'14JS',14602,50619,245500
'14JS',14602,50619,252900
'14JS',14602,50640,52000
'14JS',14602,50640,55200
'14JS',14602,50640,62200
'14JS',14602,50640,64200
'14JS',14602,50640,70300
'14JS',14602,50640,71800
'14JS',14602,50640,73300
'14JS',14602,50640,74800
'14JS',14602,50640,80300
'14JS',14602,50640,82300
'14JS',14602,50640,84300
'14JS',14602,50640,90200
'14JS',14602,50640,92200
'14JS',14602,50640,95200
'14JS',14602,50640,102300
'14JS',14602,50640,105300
'14JS',14602,50640,112400
'14JS',14602,50640,115500
'14JS',14602,50640,122600
'14JS',14602,50640,125700
'14JS',14602,50640,132800
'14JS',14602,50640,135900
'14JS',14602,50640,143000
'14JS',14602,50640,150100
'14JS',14602,50640,153200
'14JS',14602,50640,160400
'14JS',14602,50640,162200
'14JS',14602,50640,165400
'14JS',14602,50640,171800
'14JS',14602,50640,174400
'14JS',14602,50640,181200
'14JS',14602,50640,184200
'14JS',14602,50640,191300
'14JS',14602,50640,194300
'14JS',14602,50640,201600
'14JS',14602,50640,204600
'14JS',14602,50640,211600
'14JS',14602,50640,214600
'14JS',14602,50640,221600
'14JS',14602,50640,224600
'14JS',14602,50640,231600
'14JS',14602,50640,234700
'14JS',14602,50640,241800
'14JS',14602,50640,244900
'14JS',14602,50640,252300
'14JS',14602,50669,52500
'14JS',14602,50669,55900
'14JS',14602,50669,63100
'14JS',14602,50669,65100
'14JS',14602,50669,71300
'14JS',14602,50669,72800
'14JS',14602,50669,73400
'14JS',14602,50669,74300
'14JS',14602,50669,74900
'14JS',14602,50669,75800
'14JS',14602,50669,80200
'14JS',14602,50669,80700
'14JS',14602,50669,81300
'14JS',14602,50669,82200
'14JS',14602,50669,83200
'14JS',14602,50669,84100
'14JS',14602,50669,85200
'14JS',14602,50669,90100
'14JS',14602,50669,91100
'14JS',14602,50669,93100
'14JS',14602,50669,100100
'14JS',14602,50669,103200
'14JS',14602,50669,110200
'14JS',14602,50669,113300
'14JS',14602,50669,120400
'14JS',14602,50669,123500
'14JS',14602,50669,130600
'14JS',14602,50669,133700
'14JS',14602,50669,140800
'14JS',14602,50669,143900
'14JS',14602,50669,151000
'14JS',14602,50669,154100
'14JS',14602,50669,161300
'14JS',14602,50669,163100
'14JS',14602,50669,170300
'14JS',14602,50669,172700
'14JS',14602,50669,175300
'14JS',14602,50669,182100
'14JS',14602,50669,185100
'14JS',14602,50669,192100
'14JS',14602,50669,195100
'14JS',14602,50669,202300
'14JS',14602,50669,205300
'14JS',14602,50669,212300
'14JS',14602,50669,215300
'14JS',14602,50669,222300
'14JS',14602,50669,225300
'14JS',14602,50669,232200
'14JS',14602,50669,235300
'14JS',14602,50669,242400
'14JS',14602,50669,245500
'14JS',14602,50669,252900
'14JS',14602,50708,52200
'14JS',14602,50708,55500
'14JS',14602,50708,62600
'14JS',14602,50708,64600
'14JS',14602,50708,70700
'14JS',14602,50708,72200
'14JS',14602,50708,73700
'14JS',14602,50708,75200
'14JS',14602,50708,80700
'14JS',14602,50708,82700
'14JS',14602,50708,84700
'14JS',14602,50708,90600
'14JS',14602,50708,92600
'14JS',14602,50708,95600
'14JS',14602,50708,102700
'14JS',14602,50708,105700
'14JS',14602,50708,112800
'14JS',14602,50708,115900
'14JS',14602,50708,123000
'14JS',14602,50708,130100
'14JS',14602,50708,133200
'14JS',14602,50708,140300
'14JS',14602,50708,143400
'14JS',14602,50708,150500
'14JS',14602,50708,153600
'14JS',14602,50708,160800
'14JS',14602,50708,162600
'14JS',14602,50708,165800
'14JS',14602,50708,172200
'14JS',14602,50708,174800
'14JS',14602,50708,181600
'14JS',14602,50708,184600
'14JS',14602,50708,191700
'14JS',14602,50708,194700
'14JS',14602,50708,201900
'14JS',14602,50708,204900
'14JS',14602,50708,211900
'14JS',14602,50708,214900
'14JS',14602,50708,221900
'14JS',14602,50708,224900
'14JS',14602,50708,231900
'14JS',14602,50708,235000
'14JS',14602,50708,242100
'14JS',14602,50708,245200
'14JS',14602,50708,252600
'14JS',14602,50713,52000
'14JS',14602,50713,55300
'14JS',14602,50713,62300
'14JS',14602,50713,64300
'14JS',14602,50713,70400
'14JS',14602,50713,71900
'14JS',14602,50713,73400
'14JS',14602,50713,74900
'14JS',14602,50713,80400
'14JS',14602,50713,82400
'14JS',14602,50713,84400
'14JS',14602,50713,90300
'14JS',14602,50713,92300
'14JS',14602,50713,95300
'14JS',14602,50713,102400
'14JS',14602,50713,105400
'14JS',14602,50713,112500
'14JS',14602,50713,115600
'14JS',14602,50713,122700
'14JS',14602,50713,125800
'14JS',14602,50713,132900
'14JS',14602,50713,140000
'14JS',14602,50713,143100
'14JS',14602,50713,150200
'14JS',14602,50713,153300
'14JS',14602,50713,160500
'14JS',14602,50713,162300
'14JS',14602,50713,165500
'14JS',14602,50713,171900
'14JS',14602,50713,174500
'14JS',14602,50713,181300
'14JS',14602,50713,184300
'14JS',14602,50713,191400
'14JS',14602,50713,194400
'14JS',14602,50713,201700
'14JS',14602,50713,204700
'14JS',14602,50713,211700
'14JS',14602,50713,214700
'14JS',14602,50713,221700
'14JS',14602,50713,224700
'14JS',14602,50713,231700
'14JS',14602,50713,234800
'14JS',14602,50713,241900
'14JS',14602,50713,245000
'14JS',14602,50713,252400
'14JS',14602,50774,52100
'14JS',14602,50774,55400
'14JS',14602,50774,62400
'14JS',14602,50774,64400
'14JS',14602,50774,70500
'14JS',14602,50774,72000
'14JS',14602,50774,73500
'14JS',14602,50774,75000
'14JS',14602,50774,80500
'14JS',14602,50774,82500
'14JS',14602,50774,84500
'14JS',14602,50774,90400
'14JS',14602,50774,92400
'14JS',14602,50774,95400
'14JS',14602,50774,102500
'14JS',14602,50774,105500
'14JS',14602,50774,112600
'14JS',14602,50774,115700
'14JS',14602,50774,122800
'14JS',14602,50774,125900
'14JS',14602,50774,133000
'14JS',14602,50774,140100
'14JS',14602,50774,143200
'14JS',14602,50774,150300
'14JS',14602,50774,153400
'14JS',14602,50774,160600
'14JS',14602,50774,162400
'14JS',14602,50774,165600
'14JS',14602,50774,172000
'14JS',14602,50774,174600
'14JS',14602,50774,181400
'14JS',14602,50774,184400
'14JS',14602,50774,191500
'14JS',14602,50774,194500
'14JS',14602,50774,201800
'14JS',14602,50774,204800
'14JS',14602,50774,211800
'14JS',14602,50774,214800
'14JS',14602,50774,221800
'14JS',14602,50774,224800
'14JS',14602,50774,231700
'14JS',14602,50774,234800
'14JS',14602,50774,241900
'14JS',14602,50774,245000
'14JS',14602,50774,252400
'14JS',14602,50812,52400
'14JS',14602,50812,55700
'14JS',14602,50812,62800
'14JS',14602,50812,64800
'14JS',14602,50812,71000
'14JS',14602,50812,72500
'14JS',14602,50812,74000
'14JS',14602,50812,75500
'14JS',14602,50812,81000
'14JS',14602,50812,82900
'14JS',14602,50812,84900
'14JS',14602,50812,90800
'14JS',14602,50812,92800
'14JS',14602,50812,95800
'14JS',14602,50812,102900
'14JS',14602,50812,105900
'14JS',14602,50812,113000
'14JS',14602,50812,120100
'14JS',14602,50812,123200
'14JS',14602,50812,130300
'14JS',14602,50812,133400
'14JS',14602,50812,140500
'14JS',14602,50812,143600
'14JS',14602,50812,150700
'14JS',14602,50812,153800
'14JS',14602,50812,161000
'14JS',14602,50812,162800
'14JS',14602,50812,170000
'14JS',14602,50812,172400
'14JS',14602,50812,175000
'14JS',14602,50812,181800
'14JS',14602,50812,184800
'14JS',14602,50812,191900
'14JS',14602,50812,194900
'14JS',14602,50812,202100
'14JS',14602,50812,205100
'14JS',14602,50812,212100
'14JS',14602,50812,215100
'14JS',14602,50812,222100
'14JS',14602,50812,225100
'14JS',14602,50812,232000
'14JS',14602,50812,235100
'14JS',14602,50812,242200
'14JS',14602,50812,245300
'14JS',14602,50812,252700
'14JS',14602,53789,52100
'14JS',14602,53789,55500
'14JS',14602,53789,62500
'14JS',14602,53789,64500
'14JS',14602,53789,70600
'14JS',14602,53789,72100
'14JS',14602,53789,73600
'14JS',14602,53789,75100
'14JS',14602,53789,80600
'14JS',14602,53789,82600
'14JS',14602,53789,84600
'14JS',14602,53789,90500
'14JS',14602,53789,92500
'14JS',14602,53789,95500
'14JS',14602,53789,102600
'14JS',14602,53789,105600
'14JS',14602,53789,112700
'14JS',14602,53789,115800
'14JS',14602,53789,122900
'14JS',14602,53789,130000
'14JS',14602,53789,133100
'14JS',14602,53789,140200
'14JS',14602,53789,143300
'14JS',14602,53789,150400
'14JS',14602,53789,153500
'14JS',14602,53789,160700
'14JS',14602,53789,162500
'14JS',14602,53789,165700
'14JS',14602,53789,172100
'14JS',14602,53789,174700
'14JS',14602,53789,181500
'14JS',14602,53789,184500
'14JS',14602,53789,191600
'14JS',14602,53789,194600
'14JS',14602,53789,201900
'14JS',14602,53789,204900
'14JS',14602,53789,211900
'14JS',14602,53789,214900
'14JS',14602,53789,221900
'14JS',14602,53789,224900
'14JS',14602,53789,231800
'14JS',14602,53789,234900
'14JS',14602,53789,242000
'14JS',14602,53789,245100
'14JS',14602,53789,252500
'14JS',14602,53827,201000
'14JS',14602,53827,204000
'14JS',14602,53827,211000
'14JS',14602,53827,214000
'14JS',14602,53827,221000
'14JS',14602,53827,224000
'14JS',14602,53827,231000
'14JS',14602,53827,234100
'14JS',14602,53827,241200
'14JS',14602,53827,244300
'14JS',14602,53827,251700
'14JS',14602,53947,52500
'14JS',14602,53947,55900
'14JS',14602,53947,63000
'14JS',14602,53947,65000
'14JS',14602,53947,71200
'14JS',14602,53947,72700
'14JS',14602,53947,73300
'14JS',14602,53947,74200
'14JS',14602,53947,74800
'14JS',14602,53947,75700
'14JS',14602,53947,80100
'14JS',14602,53947,80600
'14JS',14602,53947,81200
'14JS',14602,53947,82100
'14JS',14602,53947,83100
'14JS',14602,53947,84000
'14JS',14602,53947,85100
'14JS',14602,53947,90000
'14JS',14602,53947,91000
'14JS',14602,53947,93000
'14JS',14602,53947,100000
'14JS',14602,53947,103100
'14JS',14602,53947,110100
'14JS',14602,53947,113200
'14JS',14602,53947,120300
'14JS',14602,53947,123400
'14JS',14602,53947,130500
'14JS',14602,53947,133600
'14JS',14602,53947,140700
'14JS',14602,53947,143800
'14JS',14602,53947,150900
'14JS',14602,53947,154000
'14JS',14602,53947,161200
'14JS',14602,53947,163000
'14JS',14602,53947,170200
'14JS',14602,53947,172600
'14JS',14602,53947,175200
'14JS',14602,53947,182000
'14JS',14602,53947,185000
'14JS',14602,53947,192100
'14JS',14602,53947,195100
'14JS',14602,53947,202300
'14JS',14602,53947,205300
'14JS',14602,53947,212300
'14JS',14602,53947,215300
'14JS',14602,53947,222300
'14JS',14602,53947,225300
'14JS',14602,53947,232200
'14JS',14602,53947,235300
'14JS',14602,53947,242400
'14JS',14602,53947,245500
'14JS',14602,53947,252900
'14JS',14602,54093,51300
'14JS',14602,54093,54500
'14JS',14602,54093,61500
'14JS',14602,54093,63500
'14JS',14602,54093,65500
'14JS',14602,54093,71000
'14JS',14602,54093,72500
'14JS',14602,54093,74000
'14JS',14602,54093,75500
'14JS',14602,54093,81500
'14JS',14602,54093,83500
'14JS',14602,54093,85500
'14JS',14602,54093,91500
'14JS',14602,54093,94500
'14JS',14602,54093,101600
'14JS',14602,54093,104600
'14JS',14602,54093,111700
'14JS',14602,54093,114800
'14JS',14602,54093,121900
'14JS',14602,54093,125000
'14JS',14602,54093,132100
'14JS',14602,54093,135200
'14JS',14602,54093,142300
'14JS',14602,54093,145400
'14JS',14602,54093,152500
'14JS',14602,54093,155700
'14JS',14602,54093,161500
'14JS',14602,54093,164700
'14JS',14602,54093,171000
'14JS',14602,54093,173600
'14JS',14602,54093,180500
'14JS',14602,54093,183500
'14JS',14602,54093,190600
'14JS',14602,54093,193600
'14JS',14602,54120,52700
'14JS',14602,54120,60100
'14JS',14602,54120,63300
'14JS',14602,54120,65300
'14JS',14602,54120,71500
'14JS',14602,54120,73000
'14JS',14602,54120,73600
'14JS',14602,54120,74500
'14JS',14602,54120,75100
'14JS',14602,54120,80000
'14JS',14602,54120,80400
'14JS',14602,54120,80900
'14JS',14602,54120,81500
'14JS',14602,54120,82400
'14JS',14602,54120,83400
'14JS',14602,54120,84300
'14JS',14602,54120,85400
'14JS',14602,54120,90300
'14JS',14602,54120,91300
'14JS',14602,54120,93300
'14JS',14602,54120,100300
'14JS',14602,54120,103400
'14JS',14602,54120,110400
'14JS',14602,54120,113500
'14JS',14602,54120,120600
'14JS',14602,54120,123700
'14JS',14602,54120,130800
'14JS',14602,54120,133900
'14JS',14602,54120,141000
'14JS',14602,54120,144100
'14JS',14602,54120,151200
'14JS',14602,54120,154300
'14JS',14602,54120,161500
'14JS',14602,54120,163300
'14JS',14602,54120,170500
'14JS',14602,54120,172900
'14JS',14602,54120,175500
'14JS',14602,54120,182300
'14JS',14602,54120,185300
'14JS',14602,54120,192300
'14JS',14602,54120,195300
'14JS',14602,54120,202500
'14JS',14602,54120,205500
'14JS',14602,54120,212500
'14JS',14602,54120,215500
'14JS',14602,54120,222500
'14JS',14602,54120,225500
'14JS',14602,54120,232300
'14JS',14602,54120,235400
'14JS',14602,54120,242500
'14JS',14602,54120,245600
'14JS',14602,54120,253000
'14JS',14602,54122,53200
'14JS',14602,54122,60600
'14JS',14602,54122,63800
'14JS',14602,54122,65800
'14JS',14602,54122,72100
'14JS',14602,54122,73600
'14JS',14602,54122,74200
'14JS',14602,54122,75100
'14JS',14602,54122,75700
'14JS',14602,54122,80600
'14JS',14602,54122,81000
'14JS',14602,54122,81500
'14JS',14602,54122,82100
'14JS',14602,54122,83000
'14JS',14602,54122,84000
'14JS',14602,54122,84900
'14JS',14602,54122,85900
'14JS',14602,54122,90800
'14JS',14602,54122,91800
'14JS',14602,54122,93800
'14JS',14602,54122,100800
'14JS',14602,54122,103900
'14JS',14602,54122,110900
'14JS',14602,54122,114000
'14JS',14602,54122,121100
'14JS',14602,54122,124200
'14JS',14602,54122,131300
'14JS',14602,54122,134400
'14JS',14602,54122,141500
'14JS',14602,54122,144600
'14JS',14602,54122,151700
'14JS',14602,54122,154800
'14JS',14602,54122,162000
'14JS',14602,54122,163800
'14JS',14602,54122,171100
'14JS',14602,54122,173500
'14JS',14602,54122,180000
'14JS',14602,54122,182800
'14JS',14602,54122,185800
'14JS',14602,54122,192800
'14JS',14602,54122,195800
'14JS',14602,54122,203000
'14JS',14602,54122,210000
'14JS',14602,54122,213000
'14JS',14602,54122,220000
'14JS',14602,54122,223000
'14JS',14602,54122,230000
'14JS',14602,54122,232700
'14JS',14602,54122,235800
'14JS',14602,54122,242900
'14JS',14602,54122,250000
'14JS',14602,54122,253400
'14JS',14602,54123,53500
'14JS',14602,54123,60900
'14JS',14602,54123,64200
'14JS',14602,54123,70200
'14JS',14602,54123,72500
'14JS',14602,54123,74000
'14JS',14602,54123,74600
'14JS',14602,54123,75500
'14JS',14602,54123,80100
'14JS',14602,54123,81000
'14JS',14602,54123,81400
'14JS',14602,54123,81900
'14JS',14602,54123,82500
'14JS',14602,54123,83400
'14JS',14602,54123,84400
'14JS',14602,54123,85300
'14JS',14602,54123,90300
'14JS',14602,54123,91100
'14JS',14602,54123,92100
'14JS',14602,54123,94100
'14JS',14602,54123,101100
'14JS',14602,54123,104200
'14JS',14602,54123,111200
'14JS',14602,54123,114300
'14JS',14602,54123,121400
'14JS',14602,54123,124500
'14JS',14602,54123,131600
'14JS',14602,54123,134700
'14JS',14602,54123,141800
'14JS',14602,54123,144900
'14JS',14602,54123,152000
'14JS',14602,54123,155200
'14JS',14602,54123,162400
'14JS',14602,54123,164200
'14JS',14602,54123,171500
'14JS',14602,54123,173900
'14JS',14602,54123,180400
'14JS',14602,54123,183200
'14JS',14602,54123,190200
'14JS',14602,54123,193100
'14JS',14602,54123,200100
'14JS',14602,54123,203300
'14JS',14602,54123,210300
'14JS',14602,54123,213300
'14JS',14602,54123,220300
'14JS',14602,54123,223300
'14JS',14602,54123,230300
'14JS',14602,54123,233000
'14JS',14602,54123,240100
'14JS',14602,54123,243200
'14JS',14602,54123,250300
'14JS',14602,54123,253700
'14JS',14602,54150,53600
'14JS',14602,54150,61000
'14JS',14602,54150,64300
'14JS',14602,54150,70300
'14JS',14602,54150,72600
'14JS',14602,54150,74100
'14JS',14602,54150,74700
'14JS',14602,54150,75600
'14JS',14602,54150,80200
'14JS',14602,54150,81100
'14JS',14602,54150,81500
'14JS',14602,54150,82000
'14JS',14602,54150,82600
'14JS',14602,54150,83500
'14JS',14602,54150,84500
'14JS',14602,54150,85400
'14JS',14602,54150,90400
'14JS',14602,54150,91200
'14JS',14602,54150,92200
'14JS',14602,54150,94200
'14JS',14602,54150,101200
'14JS',14602,54150,104300
'14JS',14602,54150,111300
'14JS',14602,54150,114400
'14JS',14602,54150,121500
'14JS',14602,54150,124600
'14JS',14602,54150,131700
'14JS',14602,54150,134800
'14JS',14602,54150,141900
'14JS',14602,54150,145000
'14JS',14602,54150,152100
'14JS',14602,54150,155300
'14JS',14602,54150,162500
'14JS',14602,54150,164300
'14JS',14602,54150,171600
'14JS',14602,54150,174000
'14JS',14602,54150,180500
'14JS',14602,54150,183300
'14JS',14602,54150,190300
'14JS',14602,54150,193200
'14JS',14602,54150,200200
'14JS',14602,54150,203400
'14JS',14602,54150,210400
'14JS',14602,54150,213400
'14JS',14602,54150,220400
'14JS',14602,54150,223400
'14JS',14602,54150,230400
'14JS',14602,54150,233100
'14JS',14602,54150,240200
'14JS',14602,54150,243300
'14JS',14602,54150,250400
'14JS',14602,54150,253800
'14JS',14602,54205,52400
'14JS',14602,54205,55800
'14JS',14602,54205,62900
'14JS',14602,54205,64900
'14JS',14602,54205,71100
'14JS',14602,54205,72600
'14JS',14602,54205,73200
'14JS',14602,54205,74100
'14JS',14602,54205,74700
'14JS',14602,54205,75600
'14JS',14602,54205,80000
'14JS',14602,54205,80500
'14JS',14602,54205,81100
'14JS',14602,54205,82000
'14JS',14602,54205,83000
'14JS',14602,54205,83900
'14JS',14602,54205,85000
'14JS',14602,54205,85900
'14JS',14602,54205,90900
'14JS',14602,54205,92900
'14JS',14602,54205,95900
'14JS',14602,54205,103000
'14JS',14602,54205,110000
'14JS',14602,54205,113100
'14JS',14602,54205,120200
'14JS',14602,54205,123300
'14JS',14602,54205,130400
'14JS',14602,54205,133500
'14JS',14602,54205,140600
'14JS',14602,54205,143700
'14JS',14602,54205,150800
'14JS',14602,54205,153900
'14JS',14602,54205,161100
'14JS',14602,54205,162900
'14JS',14602,54205,170100
'14JS',14602,54205,172500
'14JS',14602,54205,175100
'14JS',14602,54205,181900
'14JS',14602,54205,184900
'14JS',14602,54205,192000
'14JS',14602,54205,195000
'14JS',14602,54205,202200
'14JS',14602,54205,205200
'14JS',14602,54205,212200
'14JS',14602,54205,215200
'14JS',14602,54205,222200
'14JS',14602,54205,225200
'14JS',14602,54205,232100
'14JS',14602,54205,235200
'14JS',14602,54205,242300
'14JS',14602,54205,245400
'14JS',14602,54205,252800
'14JS',14602,54357,52300
'14JS',14602,54357,55700
'14JS',14602,54357,62800
'14JS',14602,54357,64800
'14JS',14602,54357,71000
'14JS',14602,54357,72500
'14JS',14602,54357,74000
'14JS',14602,54357,75500
'14JS',14602,54357,81000
'14JS',14602,54357,82900
'14JS',14602,54357,84900
'14JS',14602,54357,90800
'14JS',14602,54357,92800
'14JS',14602,54357,95800
'14JS',14602,54357,102900
'14JS',14602,54357,105900
'14JS',14602,54357,113000
'14JS',14602,54357,120100
'14JS',14602,54357,123200
'14JS',14602,54357,130300
'14JS',14602,54357,133400
'14JS',14602,54357,140500
'14JS',14602,54357,143600
'14JS',14602,54357,150700
'14JS',14602,54357,153800
'14JS',14602,54357,161000
'14JS',14602,54357,162800
'14JS',14602,54357,170000
'14JS',14602,54357,172400
'14JS',14602,54357,175000
'14JS',14602,54357,181800
'14JS',14602,54357,184800
'14JS',14602,54357,191900
'14JS',14602,54357,194900
'14JS',14602,54357,202100
'14JS',14602,54357,205100
'14JS',14602,54357,212100
'14JS',14602,54357,215100
'14JS',14602,54357,222100
'14JS',14602,54357,225100
'14JS',14602,54357,232000
'14JS',14602,54357,235100
'14JS',14602,54357,242200
'14JS',14602,54357,245300
'14JS',14602,54357,252700
