'14SA',10502,51344,54200
'14SA',10502,51344,61200
'14SA',10502,51344,64100
'14SA',10502,51344,71000
'14SA',10502,51344,73900
'14SA',10502,51344,80800
'14SA',10502,51344,83500
'14SA',10502,51344,85600
'14SA',10502,51344,91500
'14SA',10502,51344,93400
'14SA',10502,51344,95200
'14SA',10502,51344,100800
'14SA',10502,51344,102400
'14SA',10502,51344,103800
'14SA',10502,51344,105200
'14SA',10502,51344,110400
'14SA',10502,51344,111500
'14SA',10502,51344,112500
'14SA',10502,51344,113500
'14SA',10502,51344,114500
'14SA',10502,51344,115500
'14SA',10502,51344,120300
'14SA',10502,51344,121100
'14SA',10502,51344,121900
'14SA',10502,51344,122700
'14SA',10502,51344,123500
'14SA',10502,51344,124300
'14SA',10502,51344,125000
'14SA',10502,51344,125700
'14SA',10502,51344,130400
'14SA',10502,51344,131100
'14SA',10502,51344,131700
'14SA',10502,51344,132400
'14SA',10502,51344,133100
'14SA',10502,51344,133800
'14SA',10502,51344,134500
'14SA',10502,51344,135200
'14SA',10502,51344,135900
'14SA',10502,51344,140600
'14SA',10502,51344,141200
'14SA',10502,51344,141800
'14SA',10502,51344,142400
'14SA',10502,51344,143000
'14SA',10502,51344,143600
'14SA',10502,51344,144100
'14SA',10502,51344,144700
'14SA',10502,51344,145300
'14SA',10502,51344,145900
'14SA',10502,51344,150500
'14SA',10502,51344,151100
'14SA',10502,51344,151700
'14SA',10502,51344,152300
'14SA',10502,51344,153000
'14SA',10502,51344,153700
'14SA',10502,51344,154400
'14SA',10502,51344,155000
'14SA',10502,51344,155600
'14SA',10502,51344,160100
'14SA',10502,51344,160600
'14SA',10502,51344,161100
'14SA',10502,51344,161600
'14SA',10502,51344,162100
'14SA',10502,51344,162600
'14SA',10502,51344,163100
'14SA',10502,51344,163600
'14SA',10502,51344,164100
'14SA',10502,51344,164600
'14SA',10502,51344,165000
'14SA',10502,51344,165400
'14SA',10502,51344,165800
'14SA',10502,51344,170200
'14SA',10502,51344,170600
'14SA',10502,51344,171000
'14SA',10502,51344,171400
'14SA',10502,51344,171800
'14SA',10502,51344,172200
'14SA',10502,51344,172600
'14SA',10502,51344,173000
'14SA',10502,51344,173400
'14SA',10502,51344,173800
'14SA',10502,51344,174200
'14SA',10502,51344,174600
'14SA',10502,51344,175000
'14SA',10502,51344,175400
'14SA',10502,51344,175800
'14SA',10502,51344,180200
'14SA',10502,51344,180600
'14SA',10502,51344,181100
'14SA',10502,51344,181600
'14SA',10502,51344,182100
'14SA',10502,51344,182600
'14SA',10502,51344,183100
'14SA',10502,51344,183600
'14SA',10502,51344,184100
'14SA',10502,51344,184600
'14SA',10502,51344,185200
'14SA',10502,51344,185900
'14SA',10502,51344,190600
'14SA',10502,51344,191300
'14SA',10502,51344,192000
'14SA',10502,51344,192800
'14SA',10502,51344,193500
'14SA',10502,51344,194300
'14SA',10502,51344,195300
'14SA',10502,51344,200300
'14SA',10502,51344,201300
'14SA',10502,51344,202300
'14SA',10502,51344,203300
'14SA',10502,51344,204300
'14SA',10502,51344,205300
'14SA',10502,51344,210300
'14SA',10502,51344,211300
'14SA',10502,51344,212300
'14SA',10502,51344,213300
'14SA',10502,51344,214300
'14SA',10502,51344,215300
'14SA',10502,51344,220300
'14SA',10502,51344,221300
'14SA',10502,51344,222300
'14SA',10502,51344,223300
'14SA',10502,51344,224500
'14SA',10502,51344,225700
'14SA',10502,51344,230900
'14SA',10502,51344,232100
'14SA',10502,51344,233300
'14SA',10502,51344,234500
'14SA',10502,51344,235700
'14SA',10502,51344,240900
'14SA',10502,51344,242100
'14SA',10502,51344,243300
'14SA',10502,51344,244600
'14SA',10502,51344,250400
'14SA',10502,51344,252900
'14SA',10502,51344,255500
'14SF1',10502,51344,54300
'14SF1',10502,51344,61100
'14SF1',10502,51344,63900
'14SF1',10502,51344,70700
'14SF1',10502,51344,73600
'14SF1',10502,51344,80500
'14SF1',10502,51344,83400
'14SF1',10502,51344,85500
'14SF1',10502,51344,91500
'14SF1',10502,51344,93500
'14SF1',10502,51344,95500
'14SF1',10502,51344,101500
'14SF1',10502,51344,103600
'14SF1',10502,51344,105400
'14SF1',10502,51344,110900
'14SF1',10502,51344,112400
'14SF1',10502,51344,113600
'14SF1',10502,51344,114800
'14SF1',10502,51344,120000
'14SF1',10502,51344,121100
'14SF1',10502,51344,122300
'14SF1',10502,51344,123600
'14SF1',10502,51344,124500
'14SF1',10502,51344,125300
'14SF1',10502,51344,130000
'14SF1',10502,51344,130700
'14SF1',10502,51344,131400
'14SF1',10502,51344,132100
'14SF1',10502,51344,132800
'14SF1',10502,51344,133600
'14SF1',10502,51344,134300
'14SF1',10502,51344,135000
'14SF1',10502,51344,135800
'14SF1',10502,51344,140600
'14SF1',10502,51344,141400
'14SF1',10502,51344,142200
'14SF1',10502,51344,143000
'14SF1',10502,51344,143800
'14SF1',10502,51344,144600
'14SF1',10502,51344,145300
'14SF1',10502,51344,150000
'14SF1',10502,51344,150600
'14SF1',10502,51344,151200
'14SF1',10502,51344,151800
'14SF1',10502,51344,152400
'14SF1',10502,51344,153000
'14SF1',10502,51344,153700
'14SF1',10502,51344,154300
'14SF1',10502,51344,154900
'14SF1',10502,51344,155500
'14SF1',10502,51344,160100
'14SF1',10502,51344,160700
'14SF1',10502,51344,161300
'14SF1',10502,51344,161900
'14SF1',10502,51344,162500
'14SF1',10502,51344,163100
'14SF1',10502,51344,163700
'14SF1',10502,51344,164300
'14SF1',10502,51344,164900
'14SF1',10502,51344,165500
'14SF1',10502,51344,170100
'14SF1',10502,51344,170700
'14SF1',10502,51344,171300
'14SF1',10502,51344,171900
'14SF1',10502,51344,172500
'14SF1',10502,51344,173100
'14SF1',10502,51344,173600
'14SF1',10502,51344,174000
'14SF1',10502,51344,174400
'14SF1',10502,51344,174800
'14SF1',10502,51344,175200
'14SF1',10502,51344,175600
'14SF1',10502,51344,180000
'14SF1',10502,51344,180500
'14SF1',10502,51344,181000
'14SF1',10502,51344,181500
'14SF1',10502,51344,182000
'14SF1',10502,51344,182500
'14SF1',10502,51344,183000
'14SF1',10502,51344,183500
'14SF1',10502,51344,184200
'14SF1',10502,51344,185000
'14SF1',10502,51344,185800
'14SF1',10502,51344,190600
'14SF1',10502,51344,191400
'14SF1',10502,51344,192200
'14SF1',10502,51344,193000
'14SF1',10502,51344,193700
'14SF1',10502,51344,194500
'14SF1',10502,51344,195400
'14SF1',10502,51344,200300
'14SF1',10502,51344,201300
'14SF1',10502,51344,202300
'14SF1',10502,51344,203300
'14SF1',10502,51344,204300
'14SF1',10502,51344,205300
'14SF1',10502,51344,210400
'14SF1',10502,51344,211400
'14SF1',10502,51344,212400
'14SF1',10502,51344,213400
'14SF1',10502,51344,214400
'14SF1',10502,51344,215400
'14SF1',10502,51344,220400
'14SF1',10502,51344,221900
'14SF1',10502,51344,223400
'14SF1',10502,51344,224900
'14SF1',10502,51344,230400
'14SF1',10502,51344,232000
'14SF1',10502,51344,233600
'14SF1',10502,51344,235400
'14SF1',10502,51344,242400
'14SF1',10502,51344,245400
'14SF1',10502,51344,252400
'14SF2',10502,51344,54300
'14SF2',10502,51344,61100
'14SF2',10502,51344,63900
'14SF2',10502,51344,70700
'14SF2',10502,51344,73600
'14SF2',10502,51344,80500
'14SF2',10502,51344,83400
'14SF2',10502,51344,85500
'14SF2',10502,51344,91500
'14SF2',10502,51344,93500
'14SF2',10502,51344,95500
'14SF2',10502,51344,101500
'14SF2',10502,51344,103600
'14SF2',10502,51344,105400
'14SF2',10502,51344,110900
'14SF2',10502,51344,112400
'14SF2',10502,51344,113600
'14SF2',10502,51344,114800
'14SF2',10502,51344,120000
'14SF2',10502,51344,121100
'14SF2',10502,51344,122300
'14SF2',10502,51344,123600
'14SF2',10502,51344,124500
'14SF2',10502,51344,125300
'14SF2',10502,51344,130000
'14SF2',10502,51344,130700
'14SF2',10502,51344,131400
'14SF2',10502,51344,132100
'14SF2',10502,51344,132800
'14SF2',10502,51344,133600
'14SF2',10502,51344,134300
'14SF2',10502,51344,135000
'14SF2',10502,51344,135800
'14SF2',10502,51344,140600
'14SF2',10502,51344,141400
'14SF2',10502,51344,142200
'14SF2',10502,51344,143000
'14SF2',10502,51344,143800
'14SF2',10502,51344,144600
'14SF2',10502,51344,145300
'14SF2',10502,51344,150000
'14SF2',10502,51344,150600
'14SF2',10502,51344,151200
'14SF2',10502,51344,151800
'14SF2',10502,51344,152400
'14SF2',10502,51344,153000
'14SF2',10502,51344,153700
'14SF2',10502,51344,154300
'14SF2',10502,51344,154900
'14SF2',10502,51344,155500
'14SF2',10502,51344,160100
'14SF2',10502,51344,160700
'14SF2',10502,51344,161300
'14SF2',10502,51344,161900
'14SF2',10502,51344,162500
'14SF2',10502,51344,163100
'14SF2',10502,51344,163700
'14SF2',10502,51344,164300
'14SF2',10502,51344,164900
'14SF2',10502,51344,165500
'14SF2',10502,51344,170100
'14SF2',10502,51344,170700
'14SF2',10502,51344,171300
'14SF2',10502,51344,171900
'14SF2',10502,51344,172500
'14SF2',10502,51344,173100
'14SF2',10502,51344,173600
'14SF2',10502,51344,174000
'14SF2',10502,51344,174400
'14SF2',10502,51344,174800
'14SF2',10502,51344,175200
'14SF2',10502,51344,175600
'14SF2',10502,51344,180000
'14SF2',10502,51344,180500
'14SF2',10502,51344,181000
'14SF2',10502,51344,181500
'14SF2',10502,51344,182000
'14SF2',10502,51344,182500
'14SF2',10502,51344,183000
'14SF2',10502,51344,183500
'14SF2',10502,51344,184200
'14SF2',10502,51344,185000
'14SF2',10502,51344,185800
'14SF2',10502,51344,190600
'14SF2',10502,51344,191400
'14SF2',10502,51344,192200
'14SF2',10502,51344,193000
'14SF2',10502,51344,193700
'14SF2',10502,51344,194500
'14SF2',10502,51344,195400
'14SF2',10502,51344,200300
'14SF2',10502,51344,201300
'14SF2',10502,51344,202300
'14SF2',10502,51344,203300
'14SF2',10502,51344,204300
'14SF2',10502,51344,205300
'14SF2',10502,51344,210400
'14SF2',10502,51344,211400
'14SF2',10502,51344,212400
'14SF2',10502,51344,213400
'14SF2',10502,51344,214400
'14SF2',10502,51344,215400
'14SF2',10502,51344,220400
'14SF2',10502,51344,221900
'14SF2',10502,51344,223400
'14SF2',10502,51344,224900
'14SF2',10502,51344,230400
'14SF2',10502,51344,232000
'14SF2',10502,51344,233600
'14SF2',10502,51344,235400
'14SF2',10502,51344,242400
'14SF2',10502,51344,245400
'14SF2',10502,51344,252400
'14SI',10502,51344,54300
'14SI',10502,51344,61100
'14SI',10502,51344,63900
'14SI',10502,51344,70700
'14SI',10502,51344,73600
'14SI',10502,51344,80500
'14SI',10502,51344,83400
'14SI',10502,51344,85500
'14SI',10502,51344,91500
'14SI',10502,51344,93500
'14SI',10502,51344,95500
'14SI',10502,51344,101500
'14SI',10502,51344,103600
'14SI',10502,51344,105400
'14SI',10502,51344,110900
'14SI',10502,51344,112400
'14SI',10502,51344,113600
'14SI',10502,51344,114800
'14SI',10502,51344,120000
'14SI',10502,51344,121100
'14SI',10502,51344,122300
'14SI',10502,51344,123600
'14SI',10502,51344,124500
'14SI',10502,51344,125300
'14SI',10502,51344,130000
'14SI',10502,51344,130700
'14SI',10502,51344,131400
'14SI',10502,51344,132100
'14SI',10502,51344,132800
'14SI',10502,51344,133600
'14SI',10502,51344,134300
'14SI',10502,51344,135000
'14SI',10502,51344,135800
'14SI',10502,51344,140600
'14SI',10502,51344,141400
'14SI',10502,51344,142200
'14SI',10502,51344,143000
'14SI',10502,51344,143800
'14SI',10502,51344,144600
'14SI',10502,51344,145300
'14SI',10502,51344,150000
'14SI',10502,51344,150600
'14SI',10502,51344,151200
'14SI',10502,51344,151800
'14SI',10502,51344,152400
'14SI',10502,51344,153000
'14SI',10502,51344,153700
'14SI',10502,51344,154300
'14SI',10502,51344,154900
'14SI',10502,51344,155500
'14SI',10502,51344,160100
'14SI',10502,51344,160700
'14SI',10502,51344,161300
'14SI',10502,51344,161900
'14SI',10502,51344,162500
'14SI',10502,51344,163100
'14SI',10502,51344,163700
'14SI',10502,51344,164300
'14SI',10502,51344,164900
'14SI',10502,51344,165500
'14SI',10502,51344,170100
'14SI',10502,51344,170700
'14SI',10502,51344,171300
'14SI',10502,51344,171900
'14SI',10502,51344,172500
'14SI',10502,51344,173100
'14SI',10502,51344,173600
'14SI',10502,51344,174000
'14SI',10502,51344,174400
'14SI',10502,51344,174800
'14SI',10502,51344,175200
'14SI',10502,51344,175600
'14SI',10502,51344,180000
'14SI',10502,51344,180500
'14SI',10502,51344,181000
'14SI',10502,51344,181500
'14SI',10502,51344,182000
'14SI',10502,51344,182500
'14SI',10502,51344,183000
'14SI',10502,51344,183500
'14SI',10502,51344,184200
'14SI',10502,51344,185000
'14SI',10502,51344,185800
'14SI',10502,51344,190600
'14SI',10502,51344,191400
'14SI',10502,51344,192200
'14SI',10502,51344,193000
'14SI',10502,51344,193700
'14SI',10502,51344,194500
'14SI',10502,51344,195400
'14SI',10502,51344,200300
'14SI',10502,51344,201300
'14SI',10502,51344,202300
'14SI',10502,51344,203300
'14SI',10502,51344,204300
'14SI',10502,51344,205300
'14SI',10502,51344,210400
'14SI',10502,51344,211400
'14SI',10502,51344,212400
'14SI',10502,51344,213400
'14SI',10502,51344,214400
'14SI',10502,51344,215400
'14SI',10502,51344,220400
'14SI',10502,51344,221900
'14SI',10502,51344,223400
'14SI',10502,51344,224900
'14SI',10502,51344,230400
'14SI',10502,51344,232000
'14SI',10502,51344,233600
'14SI',10502,51344,235400
'14SI',10502,51344,242400
'14SI',10502,51344,245400
'14SI',10502,51344,252400
'14SS',10502,51344,54100
'14SS',10502,51344,61200
'14SS',10502,51344,62200
'14SS',10502,51344,63200
'14SS',10502,51344,64200
'14SS',10502,51344,65200
'14SS',10502,51344,70300
'14SS',10502,51344,71300
'14SS',10502,51344,72200
'14SS',10502,51344,73100
'14SS',10502,51344,73900
'14SS',10502,51344,74700
'14SS',10502,51344,75600
'14SS',10502,51344,80400
'14SS',10502,51344,81000
'14SS',10502,51344,81600
'14SS',10502,51344,82200
'14SS',10502,51344,82800
'14SS',10502,51344,83400
'14SS',10502,51344,84200
'14SS',10502,51344,85000
'14SS',10502,51344,85900
'14SS',10502,51344,90900
'14SS',10502,51344,91800
'14SS',10502,51344,92700
'14SS',10502,51344,93500
'14SS',10502,51344,94000
'14SS',10502,51344,94400
'14SS',10502,51344,94800
'14SS',10502,51344,95300
'14SS',10502,51344,95800
'14SS',10502,51344,100400
'14SS',10502,51344,101400
'14SS',10502,51344,102400
'14SS',10502,51344,103400
'14SS',10502,51344,104400
'14SS',10502,51344,105200
'14SS',10502,51344,105900
'14SS',10502,51344,110600
'14SS',10502,51344,111300
'14SS',10502,51344,112000
'14SS',10502,51344,112700
'14SS',10502,51344,113400
'14SS',10502,51344,114200
'14SS',10502,51344,114900
'14SS',10502,51344,115600
'14SS',10502,51344,120200
'14SS',10502,51344,120800
'14SS',10502,51344,121400
'14SS',10502,51344,122000
'14SS',10502,51344,122600
'14SS',10502,51344,123200
'14SS',10502,51344,123800
'14SS',10502,51344,124400
'14SS',10502,51344,125000
'14SS',10502,51344,125600
'14SS',10502,51344,130200
'14SS',10502,51344,130800
'14SS',10502,51344,131400
'14SS',10502,51344,132000
'14SS',10502,51344,132700
'14SS',10502,51344,133400
'14SS',10502,51344,134100
'14SS',10502,51344,134800
'14SS',10502,51344,135400
'14SS',10502,51344,140000
'14SS',10502,51344,140500
'14SS',10502,51344,141000
'14SS',10502,51344,141500
'14SS',10502,51344,142000
'14SS',10502,51344,142500
'14SS',10502,51344,143100
'14SS',10502,51344,143700
'14SS',10502,51344,144300
'14SS',10502,51344,145000
'14SS',10502,51344,145700
'14SS',10502,51344,150400
'14SS',10502,51344,151100
'14SS',10502,51344,151700
'14SS',10502,51344,152300
'14SS',10502,51344,152900
'14SS',10502,51344,153500
'14SS',10502,51344,154000
'14SS',10502,51344,154500
'14SS',10502,51344,155000
'14SS',10502,51344,155500
'14SS',10502,51344,160000
'14SS',10502,51344,160500
'14SS',10502,51344,161000
'14SS',10502,51344,161500
'14SS',10502,51344,162000
'14SS',10502,51344,162400
'14SS',10502,51344,162800
'14SS',10502,51344,163200
'14SS',10502,51344,163600
'14SS',10502,51344,164000
'14SS',10502,51344,164400
'14SS',10502,51344,164800
'14SS',10502,51344,165200
'14SS',10502,51344,165600
'14SS',10502,51344,170000
'14SS',10502,51344,170400
'14SS',10502,51344,170800
'14SS',10502,51344,171200
'14SS',10502,51344,171600
'14SS',10502,51344,172000
'14SS',10502,51344,172400
'14SS',10502,51344,172800
'14SS',10502,51344,173200
'14SS',10502,51344,173600
'14SS',10502,51344,174000
'14SS',10502,51344,174400
'14SS',10502,51344,174800
'14SS',10502,51344,175200
'14SS',10502,51344,175600
'14SS',10502,51344,180000
'14SS',10502,51344,180400
'14SS',10502,51344,180800
'14SS',10502,51344,181200
'14SS',10502,51344,181600
'14SS',10502,51344,182000
'14SS',10502,51344,182400
'14SS',10502,51344,182800
'14SS',10502,51344,183200
'14SS',10502,51344,183600
'14SS',10502,51344,184000
'14SS',10502,51344,184400
'14SS',10502,51344,184800
'14SS',10502,51344,185200
'14SS',10502,51344,185600
'14SS',10502,51344,190000
'14SS',10502,51344,190500
'14SS',10502,51344,190900
'14SS',10502,51344,191300
'14SS',10502,51344,191700
'14SS',10502,51344,192100
'14SS',10502,51344,192500
'14SS',10502,51344,193000
'14SS',10502,51344,193500
'14SS',10502,51344,194000
'14SS',10502,51344,194500
'14SS',10502,51344,195000
'14SS',10502,51344,195600
'14SS',10502,51344,200200
'14SS',10502,51344,200800
'14SS',10502,51344,201400
'14SS',10502,51344,202000
'14SS',10502,51344,202600
'14SS',10502,51344,203200
'14SS',10502,51344,203800
'14SS',10502,51344,204400
'14SS',10502,51344,205000
'14SS',10502,51344,205600
'14SS',10502,51344,210100
'14SS',10502,51344,210600
'14SS',10502,51344,211100
'14SS',10502,51344,211700
'14SS',10502,51344,212200
'14SS',10502,51344,212700
'14SS',10502,51344,213200
'14SS',10502,51344,213800
'14SS',10502,51344,214400
'14SS',10502,51344,215000
'14SS',10502,51344,215700
'14SS',10502,51344,220400
'14SS',10502,51344,221100
'14SS',10502,51344,221800
'14SS',10502,51344,222500
'14SS',10502,51344,223200
'14SS',10502,51344,223900
'14SS',10502,51344,224700
'14SS',10502,51344,225500
'14SS',10502,51344,230300
'14SS',10502,51344,231100
'14SS',10502,51344,232000
'14SS',10502,51344,233000
'14SS',10502,51344,234000
'14SS',10502,51344,235100
'14SS',10502,51344,240200
'14SS',10502,51344,242000
'14SS',10502,51344,244100
'14SS',10502,51344,250300
'14SS',10502,51344,252500
'14SA',35602,51344,254200
'14SA',35602,51344,261700
'14SA',35602,51344,264200
'14SA',35602,51344,265400
'14SA',35602,51344,270600
'14SA',35602,51344,271800
'14SA',35602,51344,272900
'14SA',35602,51344,273900
'14SA',35602,51344,275100
'14SA',35602,51344,280300
'14SA',35602,51344,281500
'14SA',35602,51344,282700
'14SA',35602,51344,284000
'14SF1',35602,51344,253900
'14SF1',35602,51344,261800
'14SF1',35602,51344,264100
'14SF1',35602,51344,265300
'14SF1',35602,51344,270500
'14SF1',35602,51344,271700
'14SF1',35602,51344,272900
'14SF1',35602,51344,274100
'14SF1',35602,51344,275300
'14SF1',35602,51344,281600
'14SF1',35602,51344,283900
'14SF2',35602,51344,253900
'14SF2',35602,51344,261800
'14SF2',35602,51344,264100
'14SF2',35602,51344,265300
'14SF2',35602,51344,270500
'14SF2',35602,51344,271700
'14SF2',35602,51344,272900
'14SF2',35602,51344,274100
'14SF2',35602,51344,275300
'14SF2',35602,51344,281600
'14SF2',35602,51344,283900
'14SI',35602,51344,253900
'14SI',35602,51344,262600
'14SI',35602,51344,271300
'14SI',35602,51344,275800
'14SI',35602,51344,284200
'14SS',35602,51344,253900
'14SS',35602,51344,261800
'14SS',35602,51344,264100
'14SS',35602,51344,265300
'14SS',35602,51344,270500
'14SS',35602,51344,271700
'14SS',35602,51344,272900
'14SS',35602,51344,274100
'14SS',35602,51344,275300
'14SS',35602,51344,281600
'14SS',35602,51344,283900
