'15UA',18701,53466,54700
'15UA',18701,53466,62100
'15UA',18701,53466,65500
'15UA',18701,53466,72800
'15UA',18701,53466,75800
'15UA',18701,53466,82800
'15UA',18701,53466,85800
'15UA',18701,53466,92800
'15UA',18701,53466,95800
'15UA',18701,53466,102800
'15UA',18701,53466,105900
'15UA',18701,53466,113000
'15UA',18701,53466,120000
'15UA',18701,53466,122800
'15UA',18701,53466,130000
'15UA',18701,53466,132900
'15UA',18701,53466,135900
'15UA',18701,53466,142900
'15UA',18701,53466,145800
'15UA',18701,53466,152700
'15UA',18701,53466,155600
'15UA',18701,53466,161600
'15UA',18701,53466,163600
'15UA',18701,53466,165600
'15UA',18701,53466,171600
'15UA',18701,53466,173600
'15UA',18701,53466,175100
'15UA',18701,53466,180600
'15UA',18701,53466,182100
'15UA',18701,53466,184100
'15UA',18701,53466,190100
'15UA',18701,53466,192100
'15UA',18701,53466,194100
'15UA',18701,53466,200100
'15UA',18701,53466,202100
'15UA',18701,53466,204100
'15UA',18701,53466,211100
'15UA',18701,53466,214100
'15UA',18701,53466,221100
'15UA',18701,53466,224100
'15UA',18701,53466,231100
'15UA',18701,53466,234100
'15UA',18701,53466,241000
'15UA',18701,53466,243900
'15UA',18701,53466,250700
'15UA',18701,53466,253700
'15UA',18701,53466,260000
'15UA',18701,53466,262100
'15UF1',18701,53466,54700
'15UF1',18701,53466,62100
'15UF1',18701,53466,65500
'15UF1',18701,53466,72800
'15UF1',18701,53466,75800
'15UF1',18701,53466,82800
'15UF1',18701,53466,85800
'15UF1',18701,53466,92800
'15UF1',18701,53466,95800
'15UF1',18701,53466,102800
'15UF1',18701,53466,105900
'15UF1',18701,53466,113000
'15UF1',18701,53466,120000
'15UF1',18701,53466,122800
'15UF1',18701,53466,130000
'15UF1',18701,53466,132900
'15UF1',18701,53466,135900
'15UF1',18701,53466,142900
'15UF1',18701,53466,145800
'15UF1',18701,53466,152700
'15UF1',18701,53466,155600
'15UF1',18701,53466,161600
'15UF1',18701,53466,163600
'15UF1',18701,53466,165600
'15UF1',18701,53466,171600
'15UF1',18701,53466,173600
'15UF1',18701,53466,175100
'15UF1',18701,53466,180600
'15UF1',18701,53466,182100
'15UF1',18701,53466,184100
'15UF1',18701,53466,190100
'15UF1',18701,53466,192100
'15UF1',18701,53466,194100
'15UF1',18701,53466,200100
'15UF1',18701,53466,202200
'15UF1',18701,53466,205200
'15UF1',18701,53466,212200
'15UF1',18701,53466,215200
'15UF1',18701,53466,222200
'15UF1',18701,53466,225200
'15UF1',18701,53466,232200
'15UF1',18701,53466,235200
'15UF1',18701,53466,242100
'15UF1',18701,53466,245000
'15UF1',18701,53466,251800
'15UF1',18701,53466,254800
'15UF2',18701,53466,54700
'15UF2',18701,53466,62100
'15UF2',18701,53466,65500
'15UF2',18701,53466,72800
'15UF2',18701,53466,75800
'15UF2',18701,53466,82800
'15UF2',18701,53466,85800
'15UF2',18701,53466,92800
'15UF2',18701,53466,95800
'15UF2',18701,53466,102800
'15UF2',18701,53466,105900
'15UF2',18701,53466,113000
'15UF2',18701,53466,120000
'15UF2',18701,53466,122800
'15UF2',18701,53466,130000
'15UF2',18701,53466,132900
'15UF2',18701,53466,135900
'15UF2',18701,53466,142900
'15UF2',18701,53466,145800
'15UF2',18701,53466,152700
'15UF2',18701,53466,155600
'15UF2',18701,53466,161600
'15UF2',18701,53466,163600
'15UF2',18701,53466,165600
'15UF2',18701,53466,171600
'15UF2',18701,53466,173600
'15UF2',18701,53466,175100
'15UF2',18701,53466,180600
'15UF2',18701,53466,182100
'15UF2',18701,53466,184100
'15UF2',18701,53466,190100
'15UF2',18701,53466,192100
'15UF2',18701,53466,194100
'15UF2',18701,53466,200100
'15UF2',18701,53466,202200
'15UF2',18701,53466,205200
'15UF2',18701,53466,212200
'15UF2',18701,53466,215200
'15UF2',18701,53466,222200
'15UF2',18701,53466,225200
'15UF2',18701,53466,232200
'15UF2',18701,53466,235200
'15UF2',18701,53466,242100
'15UF2',18701,53466,245000
'15UF2',18701,53466,251800
'15UF2',18701,53466,254800
'15UI',18701,53466,54200
'15UI',18701,53466,61400
'15UI',18701,53466,64600
'15UI',18701,53466,71700
'15UI',18701,53466,74900
'15UI',18701,53466,82000
'15UI',18701,53466,85400
'15UI',18701,53466,92400
'15UI',18701,53466,95400
'15UI',18701,53466,102400
'15UI',18701,53466,105400
'15UI',18701,53466,112400
'15UI',18701,53466,115400
'15UI',18701,53466,122400
'15UI',18701,53466,125400
'15UI',18701,53466,132400
'15UI',18701,53466,135500
'15UI',18701,53466,142400
'15UI',18701,53466,145300
'15UI',18701,53466,151600
'15UI',18701,53466,153900
'15UI',18701,53466,155800
'15UI',18701,53466,161800
'15UI',18701,53466,163800
'15UI',18701,53466,165800
'15UI',18701,53466,171800
'15UI',18701,53466,173800
'15UI',18701,53466,175800
'15UI',18701,53466,181500
'15UI',18701,53466,183200
'15UI',18701,53466,184900
'15UI',18701,53466,190500
'15UI',18701,53466,192400
'15UI',18701,53466,195400
'15UI',18701,53466,202400
'15UI',18701,53466,205400
'15UI',18701,53466,212400
'15UI',18701,53466,215400
'15UI',18701,53466,222400
'15UI',18701,53466,225300
'15UI',18701,53466,232100
'15UI',18701,53466,235100
'15UI',18701,53466,242100
'15UI',18701,53466,245100
'15UI',18701,53466,252100
'15UI',18701,53466,254900
'15US',18701,53466,54400
'15US',18701,53466,61400
'15US',18701,53466,64600
'15US',18701,53466,71700
'15US',18701,53466,74900
'15US',18701,53466,82000
'15US',18701,53466,84800
'15US',18701,53466,91900
'15US',18701,53466,94800
'15US',18701,53466,101700
'15US',18701,53466,104700
'15US',18701,53466,111700
'15US',18701,53466,114700
'15US',18701,53466,121700
'15US',18701,53466,124700
'15US',18701,53466,131700
'15US',18701,53466,134700
'15US',18701,53466,141700
'15US',18701,53466,143200
'15US',18701,53466,144200
'15US',18701,53466,145200
'15US',18701,53466,150200
'15US',18701,53466,151200
'15US',18701,53466,152300
'15US',18701,53466,153400
'15US',18701,53466,154400
'15US',18701,53466,155400
'15US',18701,53466,160400
'15US',18701,53466,161400
'15US',18701,53466,162400
'15US',18701,53466,163400
'15US',18701,53466,164400
'15US',18701,53466,165400
'15US',18701,53466,170400
'15US',18701,53466,171400
'15US',18701,53466,172400
'15US',18701,53466,173400
'15US',18701,53466,174400
'15US',18701,53466,175400
'15US',18701,53466,180200
'15US',18701,53466,181100
'15US',18701,53466,182100
'15US',18701,53466,183100
'15US',18701,53466,184100
'15US',18701,53466,185100
'15US',18701,53466,190100
'15US',18701,53466,191100
'15US',18701,53466,192100
'15US',18701,53466,193000
'15US',18701,53466,194000
'15US',18701,53466,195000
'15US',18701,53466,200000
'15US',18701,53466,201000
'15US',18701,53466,202000
'15US',18701,53466,203000
'15US',18701,53466,204000
'15US',18701,53466,205000
'15US',18701,53466,210000
'15US',18701,53466,211000
'15US',18701,53466,212000
'15US',18701,53466,213500
'15US',18701,53466,215000
'15US',18701,53466,220500
'15US',18701,53466,222000
'15US',18701,53466,223500
'15US',18701,53466,225100
'15US',18701,53466,232100
'15US',18701,53466,235100
'15US',18701,53466,242000
'15US',18701,53466,244900
'15US',18701,53466,251900
'15US',18701,53466,254900
