'14MF1',3901,54520,62800
'14MF1',3901,54520,73000
'14MF1',3901,54520,82700
'14MF1',3901,54520,85700
'14MF1',3901,54520,154700
'14MF1',3901,54520,164700
'14MF1',3901,54520,174600
'14MF1',3901,54520,181600
'14MF2',3901,54520,62800
'14MF2',3901,54520,73000
'14MF2',3901,54520,82700
'14MF2',3901,54520,85700
'14MF2',3901,54520,154700
'14MF2',3901,54520,164700
'14MF2',3901,54520,174600
'14MF2',3901,54520,181600
'14MS',3901,54520,62800
'14MS',3901,54520,70000
'14MS',3901,54520,73000
'14MS',3901,54520,75900
'14MS',3901,54520,82700
'14MS',3901,54520,85700
'14MS',3901,54520,154700
'14MS',3901,54520,161700
'14MS',3901,54520,164700
'14MS',3901,54520,171700
'14MS',3901,54520,174600
'14MS',3901,54520,181600
'14MA',4403,54520,53500
'14MA',4403,54520,60700
'14MA',4403,54520,63700
'14MA',4403,54520,70900
'14MA',4403,54520,74200
'14MA',4403,54520,80300
'14MA',4403,54520,82200
'14MA',4403,54520,84100
'14MA',4403,54520,90000
'14MA',4403,54520,91900
'14MA',4403,54520,93900
'14MA',4403,54520,100000
'14MA',4403,54520,101900
'14MA',4403,54520,103500
'14MA',4403,54520,105100
'14MA',4403,54520,110700
'14MA',4403,54520,112300
'14MA',4403,54520,113800
'14MA',4403,54520,115300
'14MA',4403,54520,120800
'14MA',4403,54520,122000
'14MA',4403,54520,123100
'14MA',4403,54520,124200
'14MA',4403,54520,125300
'14MA',4403,54520,130300
'14MA',4403,54520,131300
'14MA',4403,54520,132200
'14MA',4403,54520,133200
'14MA',4403,54520,134200
'14MA',4403,54520,135200
'14MA',4403,54520,140200
'14MA',4403,54520,141400
'14MA',4403,54520,142600
'14MA',4403,54520,143500
'14MA',4403,54520,144600
'14MA',4403,54520,145600
'14MA',4403,54520,150600
'14MA',4403,54520,151600
'14MA',4403,54520,152600
'14MA',4403,54520,153400
'14MA',4403,54520,154100
'14MA',4403,54520,154800
'14MA',4403,54520,155600
'14MA',4403,54520,160600
'14MA',4403,54520,161500
'14MA',4403,54520,162500
'14MA',4403,54520,163400
'14MA',4403,54520,164400
'14MA',4403,54520,165300
'14MA',4403,54520,170000
'14MA',4403,54520,170700
'14MA',4403,54520,171400
'14MA',4403,54520,172100
'14MA',4403,54520,172700
'14MA',4403,54520,173300
'14MA',4403,54520,173900
'14MA',4403,54520,174400
'14MA',4403,54520,174900
'14MA',4403,54520,175700
'14MA',4403,54520,180500
'14MA',4403,54520,181300
'14MA',4403,54520,182100
'14MA',4403,54520,182900
'14MA',4403,54520,183800
'14MA',4403,54520,185300
'14MA',4403,54520,190800
'14MA',4403,54520,192300
'14MA',4403,54520,193800
'14MA',4403,54520,195400
'14MA',4403,54520,201600
'14MA',4403,54520,203700
'14MA',4403,54520,205600
'14MA',4403,54520,211500
'14MA',4403,54520,213400
'14MA',4403,54520,215400
'14MA',4403,54520,221600
'14MA',4403,54520,223900
'14MA',4403,54520,230000
'14MA',4403,54520,232300
'14MA',4403,54520,234900
'14MA',4403,54520,241900
'14MA',4403,54520,245000
'14MA',4403,54520,252000
'14MA',4403,54520,255100
'14MA',4403,54520,261400
'14MF1',4403,54520,54100
'14MF1',4403,54520,60300
'14MF1',4403,54520,62600
'14MF1',4403,54520,64900
'14MF1',4403,54520,70800
'14MF1',4403,54520,72400
'14MF1',4403,54520,73900
'14MF1',4403,54520,75400
'14MF1',4403,54520,80900
'14MF1',4403,54520,82400
'14MF1',4403,54520,83900
'14MF1',4403,54520,85600
'14MF1',4403,54520,91500
'14MF1',4403,54520,93500
'14MF1',4403,54520,95500
'14MF1',4403,54520,101500
'14MF1',4403,54520,103500
'14MF1',4403,54520,105100
'14MF1',4403,54520,110700
'14MF1',4403,54520,112200
'14MF1',4403,54520,113600
'14MF1',4403,54520,115200
'14MF1',4403,54520,120700
'14MF1',4403,54520,122200
'14MF1',4403,54520,123700
'14MF1',4403,54520,125200
'14MF1',4403,54520,130700
'14MF1',4403,54520,132100
'14MF1',4403,54520,133300
'14MF1',4403,54520,134500
'14MF1',4403,54520,135700
'14MF1',4403,54520,140900
'14MF1',4403,54520,142100
'14MF1',4403,54520,143300
'14MF1',4403,54520,144500
'14MF1',4403,54520,145700
'14MF1',4403,54520,150900
'14MF1',4403,54520,152000
'14MF1',4403,54520,153000
'14MF1',4403,54520,154000
'14MF1',4403,54520,155000
'14MF1',4403,54520,160000
'14MF1',4403,54520,161000
'14MF1',4403,54520,162000
'14MF1',4403,54520,163000
'14MF1',4403,54520,164000
'14MF1',4403,54520,164900
'14MF1',4403,54520,165700
'14MF1',4403,54520,170400
'14MF1',4403,54520,171200
'14MF1',4403,54520,171900
'14MF1',4403,54520,172700
'14MF1',4403,54520,173400
'14MF1',4403,54520,174200
'14MF1',4403,54520,174900
'14MF1',4403,54520,175700
'14MF1',4403,54520,180300
'14MF1',4403,54520,181000
'14MF1',4403,54520,181600
'14MF1',4403,54520,182400
'14MF1',4403,54520,183400
'14MF1',4403,54520,184400
'14MF1',4403,54520,185400
'14MF1',4403,54520,190400
'14MF1',4403,54520,191400
'14MF1',4403,54520,192400
'14MF1',4403,54520,193400
'14MF1',4403,54520,194400
'14MF1',4403,54520,195400
'14MF1',4403,54520,200400
'14MF1',4403,54520,201400
'14MF1',4403,54520,202400
'14MF1',4403,54520,203400
'14MF1',4403,54520,204400
'14MF1',4403,54520,205400
'14MF1',4403,54520,210500
'14MF1',4403,54520,211500
'14MF1',4403,54520,212700
'14MF1',4403,54520,214200
'14MF1',4403,54520,215600
'14MF1',4403,54520,221100
'14MF1',4403,54520,222600
'14MF1',4403,54520,224300
'14MF1',4403,54520,230300
'14MF1',4403,54520,232300
'14MF1',4403,54520,234100
'14MF1',4403,54520,240100
'14MF1',4403,54520,242100
'14MF1',4403,54520,245100
'14MF1',4403,54520,252200
'14MF1',4403,54520,255400
'14MF2',4403,54520,54100
'14MF2',4403,54520,60300
'14MF2',4403,54520,62600
'14MF2',4403,54520,64900
'14MF2',4403,54520,70800
'14MF2',4403,54520,72400
'14MF2',4403,54520,73900
'14MF2',4403,54520,75400
'14MF2',4403,54520,80900
'14MF2',4403,54520,82400
'14MF2',4403,54520,83900
'14MF2',4403,54520,85600
'14MF2',4403,54520,91500
'14MF2',4403,54520,93500
'14MF2',4403,54520,95500
'14MF2',4403,54520,101500
'14MF2',4403,54520,103500
'14MF2',4403,54520,105100
'14MF2',4403,54520,110700
'14MF2',4403,54520,112200
'14MF2',4403,54520,113600
'14MF2',4403,54520,115200
'14MF2',4403,54520,120700
'14MF2',4403,54520,122200
'14MF2',4403,54520,123700
'14MF2',4403,54520,125200
'14MF2',4403,54520,130700
'14MF2',4403,54520,132100
'14MF2',4403,54520,133300
'14MF2',4403,54520,134500
'14MF2',4403,54520,135700
'14MF2',4403,54520,140900
'14MF2',4403,54520,142100
'14MF2',4403,54520,143300
'14MF2',4403,54520,144500
'14MF2',4403,54520,145700
'14MF2',4403,54520,150900
'14MF2',4403,54520,152000
'14MF2',4403,54520,153000
'14MF2',4403,54520,154000
'14MF2',4403,54520,155000
'14MF2',4403,54520,160000
'14MF2',4403,54520,161000
'14MF2',4403,54520,162000
'14MF2',4403,54520,163000
'14MF2',4403,54520,164000
'14MF2',4403,54520,164900
'14MF2',4403,54520,165700
'14MF2',4403,54520,170400
'14MF2',4403,54520,171200
'14MF2',4403,54520,171900
'14MF2',4403,54520,172700
'14MF2',4403,54520,173400
'14MF2',4403,54520,174200
'14MF2',4403,54520,174900
'14MF2',4403,54520,175700
'14MF2',4403,54520,180300
'14MF2',4403,54520,181000
'14MF2',4403,54520,181600
'14MF2',4403,54520,182400
'14MF2',4403,54520,183400
'14MF2',4403,54520,184400
'14MF2',4403,54520,185400
'14MF2',4403,54520,190400
'14MF2',4403,54520,191400
'14MF2',4403,54520,192400
'14MF2',4403,54520,193400
'14MF2',4403,54520,194400
'14MF2',4403,54520,195400
'14MF2',4403,54520,200400
'14MF2',4403,54520,201400
'14MF2',4403,54520,202400
'14MF2',4403,54520,203400
'14MF2',4403,54520,204400
'14MF2',4403,54520,205400
'14MF2',4403,54520,210500
'14MF2',4403,54520,211500
'14MF2',4403,54520,212700
'14MF2',4403,54520,214200
'14MF2',4403,54520,215600
'14MF2',4403,54520,221100
'14MF2',4403,54520,222600
'14MF2',4403,54520,224300
'14MF2',4403,54520,230300
'14MF2',4403,54520,232300
'14MF2',4403,54520,234100
'14MF2',4403,54520,240100
'14MF2',4403,54520,242100
'14MF2',4403,54520,245100
'14MF2',4403,54520,252200
'14MF2',4403,54520,255400
'14MF3',4403,54520,54000
'14MF3',4403,54520,61000
'14MF3',4403,54520,64100
'14MF3',4403,54520,71100
'14MF3',4403,54520,74200
'14MF3',4403,54520,81500
'14MF3',4403,54520,84400
'14MF3',4403,54520,91300
'14MF3',4403,54520,94400
'14MF3',4403,54520,101100
'14MF3',4403,54520,103500
'14MF3',4403,54520,105900
'14MF3',4403,54520,111900
'14MF3',4403,54520,113500
'14MF3',4403,54520,115000
'14MF3',4403,54520,120600
'14MF3',4403,54520,122200
'14MF3',4403,54520,123700
'14MF3',4403,54520,125200
'14MF3',4403,54520,130700
'14MF3',4403,54520,132200
'14MF3',4403,54520,133700
'14MF3',4403,54520,134700
'14MF3',4403,54520,135800
'14MF3',4403,54520,140800
'14MF3',4403,54520,141800
'14MF3',4403,54520,142800
'14MF3',4403,54520,143900
'14MF3',4403,54520,144800
'14MF3',4403,54520,145800
'14MF3',4403,54520,150800
'14MF3',4403,54520,151800
'14MF3',4403,54520,152800
'14MF3',4403,54520,153800
'14MF3',4403,54520,154800
'14MF3',4403,54520,155700
'14MF3',4403,54520,160700
'14MF3',4403,54520,161700
'14MF3',4403,54520,162800
'14MF3',4403,54520,163800
'14MF3',4403,54520,164800
'14MF3',4403,54520,165800
'14MF3',4403,54520,170700
'14MF3',4403,54520,171500
'14MF3',4403,54520,172300
'14MF3',4403,54520,173100
'14MF3',4403,54520,173900
'14MF3',4403,54520,174700
'14MF3',4403,54520,175500
'14MF3',4403,54520,180500
'14MF3',4403,54520,181400
'14MF3',4403,54520,182500
'14MF3',4403,54520,183800
'14MF3',4403,54520,185400
'14MF3',4403,54520,191000
'14MF3',4403,54520,192600
'14MF3',4403,54520,194300
'14MF3',4403,54520,200300
'14MF3',4403,54520,202300
'14MF3',4403,54520,204300
'14MF3',4403,54520,210300
'14MF3',4403,54520,212400
'14MF3',4403,54520,214600
'14MF3',4403,54520,220800
'14MF3',4403,54520,223000
'14MF3',4403,54520,225200
'14MF3',4403,54520,231200
'14MF3',4403,54520,234400
'14MF3',4403,54520,241500
'14MF3',4403,54520,244600
'14MF3',4403,54520,251900
'14MF3',4403,54520,255200
'14MI',4403,54520,54000
'14MI',4403,54520,61000
'14MI',4403,54520,64100
'14MI',4403,54520,71100
'14MI',4403,54520,74200
'14MI',4403,54520,81500
'14MI',4403,54520,84400
'14MI',4403,54520,91300
'14MI',4403,54520,94400
'14MI',4403,54520,101100
'14MI',4403,54520,103500
'14MI',4403,54520,105900
'14MI',4403,54520,111900
'14MI',4403,54520,113500
'14MI',4403,54520,115000
'14MI',4403,54520,120600
'14MI',4403,54520,122200
'14MI',4403,54520,123700
'14MI',4403,54520,125200
'14MI',4403,54520,130700
'14MI',4403,54520,132200
'14MI',4403,54520,133700
'14MI',4403,54520,134700
'14MI',4403,54520,135800
'14MI',4403,54520,140800
'14MI',4403,54520,141800
'14MI',4403,54520,142800
'14MI',4403,54520,143900
'14MI',4403,54520,144800
'14MI',4403,54520,145800
'14MI',4403,54520,150800
'14MI',4403,54520,151800
'14MI',4403,54520,152800
'14MI',4403,54520,153800
'14MI',4403,54520,154800
'14MI',4403,54520,155700
'14MI',4403,54520,160700
'14MI',4403,54520,161700
'14MI',4403,54520,162800
'14MI',4403,54520,163800
'14MI',4403,54520,164800
'14MI',4403,54520,165800
'14MI',4403,54520,170700
'14MI',4403,54520,171500
'14MI',4403,54520,172300
'14MI',4403,54520,173100
'14MI',4403,54520,173900
'14MI',4403,54520,174700
'14MI',4403,54520,175500
'14MI',4403,54520,180500
'14MI',4403,54520,181400
'14MI',4403,54520,182500
'14MI',4403,54520,183800
'14MI',4403,54520,185400
'14MI',4403,54520,191000
'14MI',4403,54520,192600
'14MI',4403,54520,194300
'14MI',4403,54520,200300
'14MI',4403,54520,202300
'14MI',4403,54520,204300
'14MI',4403,54520,210300
'14MI',4403,54520,212400
'14MI',4403,54520,214600
'14MI',4403,54520,220800
'14MI',4403,54520,223000
'14MI',4403,54520,225200
'14MI',4403,54520,231200
'14MI',4403,54520,234400
'14MI',4403,54520,241500
'14MI',4403,54520,244600
'14MI',4403,54520,251900
'14MI',4403,54520,255200
'14MS',4403,54520,54100
'14MS',4403,54520,60300
'14MS',4403,54520,62600
'14MS',4403,54520,64900
'14MS',4403,54520,70700
'14MS',4403,54520,72300
'14MS',4403,54520,73900
'14MS',4403,54520,75400
'14MS',4403,54520,80900
'14MS',4403,54520,82400
'14MS',4403,54520,83900
'14MS',4403,54520,85600
'14MS',4403,54520,91600
'14MS',4403,54520,93600
'14MS',4403,54520,95600
'14MS',4403,54520,101600
'14MS',4403,54520,103600
'14MS',4403,54520,105200
'14MS',4403,54520,110700
'14MS',4403,54520,112200
'14MS',4403,54520,113600
'14MS',4403,54520,115300
'14MS',4403,54520,120700
'14MS',4403,54520,122100
'14MS',4403,54520,123300
'14MS',4403,54520,124500
'14MS',4403,54520,125700
'14MS',4403,54520,130900
'14MS',4403,54520,132100
'14MS',4403,54520,133300
'14MS',4403,54520,134500
'14MS',4403,54520,135500
'14MS',4403,54520,140500
'14MS',4403,54520,141500
'14MS',4403,54520,142500
'14MS',4403,54520,143500
'14MS',4403,54520,144500
'14MS',4403,54520,145500
'14MS',4403,54520,150500
'14MS',4403,54520,151500
'14MS',4403,54520,152500
'14MS',4403,54520,153400
'14MS',4403,54520,154400
'14MS',4403,54520,155400
'14MS',4403,54520,160400
'14MS',4403,54520,161300
'14MS',4403,54520,162200
'14MS',4403,54520,163100
'14MS',4403,54520,164000
'14MS',4403,54520,164800
'14MS',4403,54520,165600
'14MS',4403,54520,170300
'14MS',4403,54520,171100
'14MS',4403,54520,171800
'14MS',4403,54520,172600
'14MS',4403,54520,173300
'14MS',4403,54520,173900
'14MS',4403,54520,174600
'14MS',4403,54520,175400
'14MS',4403,54520,180200
'14MS',4403,54520,180900
'14MS',4403,54520,181500
'14MS',4403,54520,182500
'14MS',4403,54520,183500
'14MS',4403,54520,184500
'14MS',4403,54520,185500
'14MS',4403,54520,190500
'14MS',4403,54520,191500
'14MS',4403,54520,192500
'14MS',4403,54520,193500
'14MS',4403,54520,194500
'14MS',4403,54520,195500
'14MS',4403,54520,200500
'14MS',4403,54520,201400
'14MS',4403,54520,202400
'14MS',4403,54520,203400
'14MS',4403,54520,204400
'14MS',4403,54520,205400
'14MS',4403,54520,210400
'14MS',4403,54520,211400
'14MS',4403,54520,212400
'14MS',4403,54520,213400
'14MS',4403,54520,214300
'14MS',4403,54520,215300
'14MS',4403,54520,220300
'14MS',4403,54520,221600
'14MS',4403,54520,223300
'14MS',4403,54520,224700
'14MS',4403,54520,230300
'14MS',4403,54520,232300
'14MS',4403,54520,234100
'14MS',4403,54520,240100
'14MS',4403,54520,242500
'14MS',4403,54520,245400
'14MS',4403,54520,252400
'14MS',4403,54520,255300
'14MA',19201,54520,60000
'14MA',19201,54520,63100
'14MA',19201,54520,70100
'14MA',19201,54520,73100
'14MA',19201,54520,80100
'14MA',19201,54520,83400
'14MA',19201,54520,90400
'14MA',19201,54520,93400
'14MA',19201,54520,100400
'14MA',19201,54520,103400
'14MA',19201,54520,110400
'14MA',19201,54520,113400
'14MA',19201,54520,120400
'14MA',19201,54520,123500
'14MA',19201,54520,130600
'14MA',19201,54520,133600
'14MA',19201,54520,140600
'14MA',19201,54520,143600
'14MA',19201,54520,150600
'14MA',19201,54520,153600
'14MA',19201,54520,160500
'14MA',19201,54520,163500
'14MA',19201,54520,170500
'14MA',19201,54520,173500
'14MA',19201,54520,180500
'14MA',19201,54520,183400
'14MA',19201,54520,190200
'14MA',19201,54520,193200
'14MA',19201,54520,200200
'14MA',19201,54520,203100
'14MA',19201,54520,210100
'14MA',19201,54520,213100
'14MA',19201,54520,220100
'14MA',19201,54520,223100
'14MA',19201,54520,225900
'14MA',19201,54520,232900
'14MA',19201,54520,235900
'14MA',19201,54520,242900
'14MA',19201,54520,245900
'14MA',19201,54520,252900
'14MA',19201,54520,260900
'14MF1',19201,54520,60700
'14MF1',19201,54520,62500
'14MF1',19201,54520,64300
'14MF1',19201,54520,70100
'14MF1',19201,54520,72100
'14MF1',19201,54520,74400
'14MF1',19201,54520,80400
'14MF1',19201,54520,82500
'14MF1',19201,54520,85200
'14MF1',19201,54520,92000
'14MF1',19201,54520,94600
'14MF1',19201,54520,101500
'14MF1',19201,54520,104500
'14MF1',19201,54520,111500
'14MF1',19201,54520,114500
'14MF1',19201,54520,121500
'14MF1',19201,54520,124500
'14MF1',19201,54520,131400
'14MF1',19201,54520,134200
'14MF1',19201,54520,141000
'14MF1',19201,54520,144300
'14MF1',19201,54520,151200
'14MF1',19201,54520,154200
'14MF1',19201,54520,161200
'14MF1',19201,54520,164100
'14MF1',19201,54520,170900
'14MF1',19201,54520,173500
'14MF1',19201,54520,175800
'14MF1',19201,54520,182300
'14MF1',19201,54520,184700
'14MF1',19201,54520,191100
'14MF1',19201,54520,194100
'14MF1',19201,54520,201100
'14MF1',19201,54520,204000
'14MF1',19201,54520,211000
'14MF1',19201,54520,214000
'14MF1',19201,54520,221000
'14MF1',19201,54520,223700
'14MF1',19201,54520,230500
'14MF1',19201,54520,233500
'14MF1',19201,54520,240500
'14MF1',19201,54520,243200
'14MF1',19201,54520,250200
'14MF1',19201,54520,253200
'14MF1',19201,54520,255800
'14MF2',19201,54520,60700
'14MF2',19201,54520,62500
'14MF2',19201,54520,64300
'14MF2',19201,54520,70100
'14MF2',19201,54520,72100
'14MF2',19201,54520,74400
'14MF2',19201,54520,80400
'14MF2',19201,54520,82500
'14MF2',19201,54520,85200
'14MF2',19201,54520,92000
'14MF2',19201,54520,94600
'14MF2',19201,54520,101500
'14MF2',19201,54520,104500
'14MF2',19201,54520,111500
'14MF2',19201,54520,114500
'14MF2',19201,54520,121500
'14MF2',19201,54520,124500
'14MF2',19201,54520,131400
'14MF2',19201,54520,134200
'14MF2',19201,54520,141000
'14MF2',19201,54520,144300
'14MF2',19201,54520,151200
'14MF2',19201,54520,154200
'14MF2',19201,54520,161200
'14MF2',19201,54520,164100
'14MF2',19201,54520,170900
'14MF2',19201,54520,173500
'14MF2',19201,54520,175800
'14MF2',19201,54520,182300
'14MF2',19201,54520,184700
'14MF2',19201,54520,191100
'14MF2',19201,54520,194100
'14MF2',19201,54520,201100
'14MF2',19201,54520,204000
'14MF2',19201,54520,211000
'14MF2',19201,54520,214000
'14MF2',19201,54520,221000
'14MF2',19201,54520,223700
'14MF2',19201,54520,230500
'14MF2',19201,54520,233500
'14MF2',19201,54520,240500
'14MF2',19201,54520,243200
'14MF2',19201,54520,250200
'14MF2',19201,54520,253200
'14MF2',19201,54520,255800
'14MF3',19201,54520,55800
'14MF3',19201,54520,62800
'14MF3',19201,54520,65800
'14MF3',19201,54520,72800
'14MF3',19201,54520,75900
'14MF3',19201,54520,83300
'14MF3',19201,54520,90300
'14MF3',19201,54520,93300
'14MF3',19201,54520,100300
'14MF3',19201,54520,103300
'14MF3',19201,54520,110300
'14MF3',19201,54520,113300
'14MF3',19201,54520,120300
'14MF3',19201,54520,123300
'14MF3',19201,54520,130300
'14MF3',19201,54520,133300
'14MF3',19201,54520,140300
'14MF3',19201,54520,143300
'14MF3',19201,54520,150300
'14MF3',19201,54520,153300
'14MF3',19201,54520,160300
'14MF3',19201,54520,163300
'14MF3',19201,54520,170300
'14MF3',19201,54520,173300
'14MF3',19201,54520,180300
'14MF3',19201,54520,183200
'14MF3',19201,54520,190200
'14MF3',19201,54520,193200
'14MF3',19201,54520,200200
'14MF3',19201,54520,203200
'14MF3',19201,54520,210200
'14MF3',19201,54520,213200
'14MF3',19201,54520,220000
'14MF3',19201,54520,223000
'14MF3',19201,54520,230000
'14MF3',19201,54520,233000
'14MF3',19201,54520,240000
'14MF3',19201,54520,243000
'14MF3',19201,54520,250000
'14MF3',19201,54520,253000
'14MF3',19201,54520,260000
'14MI',19201,54520,55800
'14MI',19201,54520,62800
'14MI',19201,54520,65800
'14MI',19201,54520,72800
'14MI',19201,54520,75900
'14MI',19201,54520,83300
'14MI',19201,54520,90300
'14MI',19201,54520,93300
'14MI',19201,54520,100300
'14MI',19201,54520,103300
'14MI',19201,54520,110300
'14MI',19201,54520,113300
'14MI',19201,54520,120300
'14MI',19201,54520,123300
'14MI',19201,54520,130300
'14MI',19201,54520,133300
'14MI',19201,54520,140300
'14MI',19201,54520,143300
'14MI',19201,54520,150300
'14MI',19201,54520,153300
'14MI',19201,54520,160300
'14MI',19201,54520,163300
'14MI',19201,54520,170300
'14MI',19201,54520,173300
'14MI',19201,54520,180300
'14MI',19201,54520,183200
'14MI',19201,54520,190200
'14MI',19201,54520,193200
'14MI',19201,54520,200200
'14MI',19201,54520,203200
'14MI',19201,54520,210200
'14MI',19201,54520,213200
'14MI',19201,54520,220000
'14MI',19201,54520,223000
'14MI',19201,54520,230000
'14MI',19201,54520,233000
'14MI',19201,54520,240000
'14MI',19201,54520,243000
'14MI',19201,54520,250000
'14MI',19201,54520,253000
'14MI',19201,54520,260000
'14MS',19201,54520,60700
'14MS',19201,54520,62600
'14MS',19201,54520,64300
'14MS',19201,54520,70100
'14MS',19201,54520,72100
'14MS',19201,54520,74400
'14MS',19201,54520,80400
'14MS',19201,54520,82600
'14MS',19201,54520,85100
'14MS',19201,54520,91600
'14MS',19201,54520,94500
'14MS',19201,54520,101500
'14MS',19201,54520,104500
'14MS',19201,54520,111500
'14MS',19201,54520,114500
'14MS',19201,54520,121500
'14MS',19201,54520,124500
'14MS',19201,54520,131400
'14MS',19201,54520,134200
'14MS',19201,54520,141000
'14MS',19201,54520,144300
'14MS',19201,54520,151200
'14MS',19201,54520,154200
'14MS',19201,54520,161200
'14MS',19201,54520,164100
'14MS',19201,54520,170900
'14MS',19201,54520,173500
'14MS',19201,54520,175700
'14MS',19201,54520,182100
'14MS',19201,54520,184500
'14MS',19201,54520,191100
'14MS',19201,54520,194100
'14MS',19201,54520,201100
'14MS',19201,54520,204000
'14MS',19201,54520,211000
'14MS',19201,54520,214000
'14MS',19201,54520,221000
'14MS',19201,54520,223700
'14MS',19201,54520,230500
'14MS',19201,54520,233500
'14MS',19201,54520,240500
'14MS',19201,54520,243200
'14MS',19201,54520,250200
'14MS',19201,54520,253200
'14MS',19201,54520,260300
'14MA',37201,54520,260100
'14MA',37201,54520,264600
'14MA',37201,54520,273100
'14MA',37201,54520,281600
'14MA',37201,54520,290100
'14MF1',37201,54520,260100
'14MF1',37201,54520,264600
'14MF1',37201,54520,273100
'14MF1',37201,54520,281600
'14MF1',37201,54520,290300
'14MF2',37201,54520,260100
'14MF2',37201,54520,264600
'14MF2',37201,54520,273100
'14MF2',37201,54520,281600
'14MF2',37201,54520,290300
'14MF3',37201,54520,260100
'14MF3',37201,54520,264600
'14MF3',37201,54520,273100
'14MF3',37201,54520,281600
'14MF3',37201,54520,290100
'14MI',37201,54520,260100
'14MI',37201,54520,264600
'14MI',37201,54520,273100
'14MI',37201,54520,281600
'14MI',37201,54520,290100
'14MS',37201,54520,260300
'14MS',37201,54520,264600
'14MS',37201,54520,273500
'14MS',37201,54520,282000
'14MS',37201,54520,290300
