'14SA',3103,50979,50900
'14SA',3103,50979,55400
'14SA',3103,50979,62400
'14SA',3103,50979,65400
'14SA',3103,50979,72400
'14SA',3103,50979,75400
'14SA',3103,50979,82400
'14SA',3103,50979,85400
'14SA',3103,50979,92400
'14SA',3103,50979,95500
'14SA',3103,50979,102500
'14SA',3103,50979,105500
'14SA',3103,50979,112500
'14SA',3103,50979,115500
'14SA',3103,50979,122500
'14SA',3103,50979,125500
'14SA',3103,50979,132500
'14SA',3103,50979,135500
'14SA',3103,50979,142500
'14SA',3103,50979,145500
'14SA',3103,50979,152500
'14SA',3103,50979,155500
'14SA',3103,50979,162500
'14SA',3103,50979,165500
'14SA',3103,50979,172500
'14SA',3103,50979,175500
'14SA',3103,50979,182500
'14SA',3103,50979,185500
'14SA',3103,50979,192500
'14SF1',3103,50979,50800
'14SF1',3103,50979,55300
'14SF1',3103,50979,62300
'14SF1',3103,50979,65400
'14SF1',3103,50979,72400
'14SF1',3103,50979,75400
'14SF1',3103,50979,82400
'14SF1',3103,50979,85400
'14SF1',3103,50979,92400
'14SF1',3103,50979,95400
'14SF1',3103,50979,102400
'14SF1',3103,50979,105400
'14SF1',3103,50979,112400
'14SF1',3103,50979,115400
'14SF1',3103,50979,122500
'14SF1',3103,50979,125500
'14SF1',3103,50979,132500
'14SF1',3103,50979,135500
'14SF1',3103,50979,142500
'14SF1',3103,50979,145500
'14SF1',3103,50979,152500
'14SF1',3103,50979,155500
'14SF1',3103,50979,162500
'14SF1',3103,50979,165500
'14SF1',3103,50979,172500
'14SF1',3103,50979,175500
'14SF1',3103,50979,182500
'14SF1',3103,50979,185500
'14SF1',3103,50979,192400
'14SF2',3103,50979,50900
'14SF2',3103,50979,55400
'14SF2',3103,50979,62400
'14SF2',3103,50979,65400
'14SF2',3103,50979,72400
'14SF2',3103,50979,75400
'14SF2',3103,50979,82400
'14SF2',3103,50979,85400
'14SF2',3103,50979,92400
'14SF2',3103,50979,95500
'14SF2',3103,50979,102500
'14SF2',3103,50979,105500
'14SF2',3103,50979,112500
'14SF2',3103,50979,115500
'14SF2',3103,50979,122500
'14SF2',3103,50979,125500
'14SF2',3103,50979,132500
'14SF2',3103,50979,135500
'14SF2',3103,50979,142500
'14SF2',3103,50979,145500
'14SF2',3103,50979,152500
'14SF2',3103,50979,155500
'14SF2',3103,50979,162500
'14SF2',3103,50979,165500
'14SF2',3103,50979,172500
'14SF2',3103,50979,175500
'14SF2',3103,50979,182500
'14SF2',3103,50979,185500
'14SF2',3103,50979,192500
'14SI',3103,50979,50800
'14SI',3103,50979,55300
'14SI',3103,50979,62300
'14SI',3103,50979,65400
'14SI',3103,50979,72400
'14SI',3103,50979,75400
'14SI',3103,50979,82400
'14SI',3103,50979,85400
'14SI',3103,50979,92400
'14SI',3103,50979,95400
'14SI',3103,50979,102400
'14SI',3103,50979,105400
'14SI',3103,50979,112400
'14SI',3103,50979,115400
'14SI',3103,50979,122500
'14SI',3103,50979,125500
'14SI',3103,50979,132500
'14SI',3103,50979,135500
'14SI',3103,50979,142500
'14SI',3103,50979,145500
'14SI',3103,50979,152500
'14SI',3103,50979,155500
'14SI',3103,50979,162500
'14SI',3103,50979,165500
'14SI',3103,50979,172500
'14SI',3103,50979,175500
'14SI',3103,50979,182500
'14SI',3103,50979,185500
'14SI',3103,50979,192400
'14SS',3103,50979,51000
'14SS',3103,50979,54300
'14SS',3103,50979,61500
'14SS',3103,50979,64700
'14SS',3103,50979,71900
'14SS',3103,50979,75200
'14SS',3103,50979,82400
'14SS',3103,50979,85500
'14SS',3103,50979,92500
'14SS',3103,50979,95400
'14SS',3103,50979,102400
'14SS',3103,50979,105300
'14SS',3103,50979,112300
'14SS',3103,50979,115300
'14SS',3103,50979,122300
'14SS',3103,50979,125300
'14SS',3103,50979,132300
'14SS',3103,50979,135300
'14SS',3103,50979,142400
'14SS',3103,50979,145500
'14SS',3103,50979,152600
'14SS',3103,50979,155700
'14SS',3103,50979,163100
'14SS',3103,50979,170500
'14SS',3103,50979,173900
'14SS',3103,50979,181100
'14SS',3103,50979,184200
'14SS',3103,50979,191100
'14SS',3103,50979,193900
'14SS',3103,50979,200700
'14SS',3103,50979,203300
'14SS',3103,50979,205900
'14SS',3103,50979,212500
'14SS',3103,50979,215100
'14SS',3103,50979,221700
'14SS',3103,50979,224300
'14SS',3103,50979,230900
'14SS',3103,50979,233500
'14SS',3103,50979,240100
'14SS',3103,50979,242700
'14SS',3103,50979,245400
'14SS',3103,50979,252100
'14SA',36103,50979,253100
'14SA',36103,50979,254100
'14SA',36103,50979,255100
'14SA',36103,50979,260100
'14SA',36103,50979,260700
'14SA',36103,50979,261200
'14SA',36103,50979,261700
'14SA',36103,50979,262200
'14SA',36103,50979,262700
'14SA',36103,50979,263300
'14SA',36103,50979,264000
'14SA',36103,50979,264600
'14SA',36103,50979,265200
'14SA',36103,50979,265800
'14SA',36103,50979,270300
'14SA',36103,50979,270700
'14SA',36103,50979,271100
'14SA',36103,50979,271500
'14SA',36103,50979,271900
'14SA',36103,50979,272300
'14SA',36103,50979,272700
'14SA',36103,50979,273100
'14SA',36103,50979,273500
'14SA',36103,50979,273900
'14SA',36103,50979,274400
'14SA',36103,50979,274800
'14SA',36103,50979,275200
'14SA',36103,50979,275700
'14SA',36103,50979,280500
'14SA',36103,50979,281400
'14SA',36103,50979,282300
'14SA',36103,50979,283300
'14SA',36103,50979,284400
'14SA',36103,50979,285900
'14SF1',36103,50979,250800
'14SF1',36103,50979,255400
'14SF1',36103,50979,263900
'14SF1',36103,50979,272300
'14SF1',36103,50979,280800
'14SF1',36103,50979,285300
'14SF2',36103,50979,253100
'14SF2',36103,50979,254100
'14SF2',36103,50979,255100
'14SF2',36103,50979,260100
'14SF2',36103,50979,260700
'14SF2',36103,50979,261200
'14SF2',36103,50979,261700
'14SF2',36103,50979,262200
'14SF2',36103,50979,262700
'14SF2',36103,50979,263300
'14SF2',36103,50979,264000
'14SF2',36103,50979,264600
'14SF2',36103,50979,265200
'14SF2',36103,50979,265800
'14SF2',36103,50979,270300
'14SF2',36103,50979,270700
'14SF2',36103,50979,271100
'14SF2',36103,50979,271500
'14SF2',36103,50979,271900
'14SF2',36103,50979,272300
'14SF2',36103,50979,272700
'14SF2',36103,50979,273100
'14SF2',36103,50979,273500
'14SF2',36103,50979,273900
'14SF2',36103,50979,274400
'14SF2',36103,50979,274800
'14SF2',36103,50979,275200
'14SF2',36103,50979,275700
'14SF2',36103,50979,280500
'14SF2',36103,50979,281400
'14SF2',36103,50979,282300
'14SF2',36103,50979,283300
'14SF2',36103,50979,284400
'14SF2',36103,50979,285900
'14SI',36103,50979,250800
'14SI',36103,50979,255400
'14SI',36103,50979,263900
'14SI',36103,50979,272300
'14SI',36103,50979,280800
'14SI',36103,50979,285300
'14SS',36103,50979,251400
'14SS',36103,50979,252200
'14SS',36103,50979,252700
'14SS',36103,50979,253200
'14SS',36103,50979,253700
'14SS',36103,50979,254400
'14SS',36103,50979,254600
'14SS',36103,50979,254800
'14SS',36103,50979,255300
'14SS',36103,50979,255700
'14SS',36103,50979,260200
'14SS',36103,50979,260700
'14SS',36103,50979,261100
'14SS',36103,50979,261500
'14SS',36103,50979,262000
'14SS',36103,50979,262500
'14SS',36103,50979,263000
'14SS',36103,50979,263500
'14SS',36103,50979,264200
'14SS',36103,50979,264800
'14SS',36103,50979,265400
'14SS',36103,50979,270000
'14SS',36103,50979,270600
'14SS',36103,50979,271200
'14SS',36103,50979,272000
'14SS',36103,50979,272800
'14SS',36103,50979,273200
'14SS',36103,50979,273600
'14SS',36103,50979,274600
'14SS',36103,50979,275100
'14SS',36103,50979,275600
'14SS',36103,50979,280400
'14SS',36103,50979,281100
'14SS',36103,50979,285500
