'14NS',48701,54116,65800
'14NS',48701,54116,72900
'14NS',48701,54116,80000
'14NS',48701,54116,82800
'14NS',48701,54116,90100
'14NS',48701,54116,153500
'14NS',48701,54116,160600
'14NS',48701,54116,163700
'14NS',48701,54116,164900
'14NS',48701,54116,170100
'14NS',48701,54116,171300
'14NS',48701,54116,172500
'14NS',48701,54116,173700
'14NS',48701,54116,174700
'14NS',48701,54116,175900
'14NS',48701,54116,181200
'14NS',48701,54116,183100
'14NS',48701,54116,190000
'14NS',48701,54116,192700
'14NS',48701,54116,195700
'14NS',48702,54116,54500
'14NS',48702,54116,60000
'14NS',48702,54116,61400
'14NS',48702,54116,62400
'14NS',48702,54116,63000
'14NS',48702,54116,63500
'14NS',48702,54116,64100
'14NS',48702,54116,64800
'14NS',48702,54116,65500
'14NS',48702,54116,70200
'14NS',48702,54116,70700
'14NS',48702,54116,71300
'14NS',48702,54116,72000
'14NS',48702,54116,72700
'14NS',48702,54116,74200
'14NS',48702,54116,75900
'14NS',48702,54116,81500
'14NS',48702,54116,83500
'14NS',48702,54116,85500
'14NS',48702,54116,91500
'14NS',48702,54116,154600
'14NS',48702,54116,161600
'14NS',48702,54116,164600
'14NS',48702,54116,171700
'14NS',48702,54116,174800
'14NS',48702,54116,181900
'14NS',48702,54116,185000
