'15MA',8004,51094,52200
'15MA',8004,51094,55200
'15MA',8004,51094,62200
'15MA',8004,51094,65400
'15MA',8004,51094,72400
'15MA',8004,51094,75300
'15MA',8004,51094,81200
'15MA',8004,51094,82900
'15MA',8004,51094,84500
'15MA',8004,51094,90100
'15MA',8004,51094,91600
'15MA',8004,51094,93200
'15MA',8004,51094,94800
'15MA',8004,51094,100300
'15MA',8004,51094,101400
'15MA',8004,51094,102500
'15MA',8004,51094,103500
'15MA',8004,51094,104500
'15MA',8004,51094,105500
'15MA',8004,51094,110500
'15MA',8004,51094,111600
'15MA',8004,51094,112700
'15MA',8004,51094,113800
'15MA',8004,51094,114700
'15MA',8004,51094,115600
'15MA',8004,51094,120500
'15MA',8004,51094,121600
'15MA',8004,51094,122700
'15MA',8004,51094,123700
'15MA',8004,51094,124500
'15MA',8004,51094,125300
'15MA',8004,51094,130200
'15MA',8004,51094,131200
'15MA',8004,51094,132200
'15MA',8004,51094,133100
'15MA',8004,51094,133700
'15MA',8004,51094,134300
'15MA',8004,51094,134900
'15MA',8004,51094,135500
'15MA',8004,51094,140100
'15MA',8004,51094,140800
'15MA',8004,51094,141600
'15MA',8004,51094,142500
'15MA',8004,51094,143400
'15MA',8004,51094,144200
'15MA',8004,51094,145000
'15MA',8004,51094,145700
'15MA',8004,51094,150400
'15MA',8004,51094,151200
'15MA',8004,51094,151900
'15MA',8004,51094,152600
'15MA',8004,51094,153300
'15MA',8004,51094,154000
'15MA',8004,51094,154900
'15MA',8004,51094,160000
'15MA',8004,51094,161100
'15MA',8004,51094,162100
'15MA',8004,51094,163200
'15MA',8004,51094,164300
'15MA',8004,51094,165400
'15MA',8004,51094,170500
'15MA',8004,51094,171500
'15MA',8004,51094,172400
'15MA',8004,51094,173400
'15MA',8004,51094,174400
'15MA',8004,51094,175400
'15MA',8004,51094,180500
'15MA',8004,51094,181600
'15MA',8004,51094,182700
'15MA',8004,51094,183900
'15MA',8004,51094,185000
'15MA',8004,51094,190300
'15MA',8004,51094,191600
'15MA',8004,51094,193300
'15MA',8004,51094,195200
'15MA',8004,51094,201200
'15MA',8004,51094,203200
'15MA',8004,51094,205200
'15MA',8004,51094,211200
'15MA',8004,51094,213400
'15MA',8004,51094,215700
'15MA',8004,51094,222300
'15MA',8004,51094,225000
'15MA',8004,51094,232000
'15MA',8004,51094,235000
'15MA',8004,51094,241900
'15MA',8004,51094,244600
'15MA',8004,51094,251600
'15MF1',8004,51094,52300
'15MF1',8004,51094,55600
'15MF1',8004,51094,62800
'15MF1',8004,51094,70100
'15MF1',8004,51094,73300
'15MF1',8004,51094,80700
'15MF1',8004,51094,83800
'15MF1',8004,51094,85300
'15MF1',8004,51094,90800
'15MF1',8004,51094,92300
'15MF1',8004,51094,93800
'15MF1',8004,51094,95300
'15MF1',8004,51094,100800
'15MF1',8004,51094,102300
'15MF1',8004,51094,103800
'15MF1',8004,51094,105300
'15MF1',8004,51094,110800
'15MF1',8004,51094,112300
'15MF1',8004,51094,113500
'15MF1',8004,51094,114700
'15MF1',8004,51094,115900
'15MF1',8004,51094,121000
'15MF1',8004,51094,122100
'15MF1',8004,51094,123200
'15MF1',8004,51094,124200
'15MF1',8004,51094,125100
'15MF1',8004,51094,130100
'15MF1',8004,51094,131100
'15MF1',8004,51094,132100
'15MF1',8004,51094,133100
'15MF1',8004,51094,134200
'15MF1',8004,51094,135200
'15MF1',8004,51094,140300
'15MF1',8004,51094,141300
'15MF1',8004,51094,142200
'15MF1',8004,51094,143000
'15MF1',8004,51094,143700
'15MF1',8004,51094,144500
'15MF1',8004,51094,145300
'15MF1',8004,51094,150300
'15MF1',8004,51094,151300
'15MF1',8004,51094,152300
'15MF1',8004,51094,153400
'15MF1',8004,51094,154300
'15MF1',8004,51094,155200
'15MF1',8004,51094,160200
'15MF1',8004,51094,161300
'15MF1',8004,51094,162300
'15MF1',8004,51094,163300
'15MF1',8004,51094,164300
'15MF1',8004,51094,165300
'15MF1',8004,51094,170300
'15MF1',8004,51094,171300
'15MF1',8004,51094,172300
'15MF1',8004,51094,173500
'15MF1',8004,51094,174700
'15MF1',8004,51094,175900
'15MF1',8004,51094,181200
'15MF1',8004,51094,182400
'15MF1',8004,51094,183600
'15MF1',8004,51094,184900
'15MF1',8004,51094,190100
'15MF1',8004,51094,191400
'15MF1',8004,51094,192800
'15MF1',8004,51094,194200
'15MF1',8004,51094,200200
'15MF1',8004,51094,202400
'15MF1',8004,51094,205300
'15MF1',8004,51094,212200
'15MF1',8004,51094,215300
'15MF1',8004,51094,222500
'15MF1',8004,51094,225600
'15MF1',8004,51094,232700
'15MF1',8004,51094,235700
'15MF1',8004,51094,242700
'15MF1',8004,51094,245800
'15MF2',8004,51094,52300
'15MF2',8004,51094,55600
'15MF2',8004,51094,62800
'15MF2',8004,51094,70100
'15MF2',8004,51094,73300
'15MF2',8004,51094,80700
'15MF2',8004,51094,83800
'15MF2',8004,51094,85300
'15MF2',8004,51094,90800
'15MF2',8004,51094,92300
'15MF2',8004,51094,93800
'15MF2',8004,51094,95300
'15MF2',8004,51094,100800
'15MF2',8004,51094,102300
'15MF2',8004,51094,103800
'15MF2',8004,51094,105300
'15MF2',8004,51094,110800
'15MF2',8004,51094,112300
'15MF2',8004,51094,113500
'15MF2',8004,51094,114700
'15MF2',8004,51094,115900
'15MF2',8004,51094,121000
'15MF2',8004,51094,122100
'15MF2',8004,51094,123200
'15MF2',8004,51094,124200
'15MF2',8004,51094,125100
'15MF2',8004,51094,130100
'15MF2',8004,51094,131100
'15MF2',8004,51094,132100
'15MF2',8004,51094,133100
'15MF2',8004,51094,134200
'15MF2',8004,51094,135200
'15MF2',8004,51094,140300
'15MF2',8004,51094,141300
'15MF2',8004,51094,142200
'15MF2',8004,51094,143000
'15MF2',8004,51094,143700
'15MF2',8004,51094,144500
'15MF2',8004,51094,145300
'15MF2',8004,51094,150300
'15MF2',8004,51094,151300
'15MF2',8004,51094,152300
'15MF2',8004,51094,153400
'15MF2',8004,51094,154300
'15MF2',8004,51094,155200
'15MF2',8004,51094,160200
'15MF2',8004,51094,161300
'15MF2',8004,51094,162300
'15MF2',8004,51094,163300
'15MF2',8004,51094,164300
'15MF2',8004,51094,165300
'15MF2',8004,51094,170300
'15MF2',8004,51094,171300
'15MF2',8004,51094,172300
'15MF2',8004,51094,173500
'15MF2',8004,51094,174700
'15MF2',8004,51094,175900
'15MF2',8004,51094,181200
'15MF2',8004,51094,182400
'15MF2',8004,51094,183600
'15MF2',8004,51094,184900
'15MF2',8004,51094,190100
'15MF2',8004,51094,191400
'15MF2',8004,51094,192800
'15MF2',8004,51094,194200
'15MF2',8004,51094,200200
'15MF2',8004,51094,202400
'15MF2',8004,51094,205300
'15MF2',8004,51094,212200
'15MF2',8004,51094,215300
'15MF2',8004,51094,222500
'15MF2',8004,51094,225600
'15MF2',8004,51094,232700
'15MF2',8004,51094,235700
'15MF2',8004,51094,242700
'15MF2',8004,51094,245800
'15MF3',8004,51094,52300
'15MF3',8004,51094,55600
'15MF3',8004,51094,62800
'15MF3',8004,51094,70100
'15MF3',8004,51094,73300
'15MF3',8004,51094,80700
'15MF3',8004,51094,83800
'15MF3',8004,51094,85300
'15MF3',8004,51094,90800
'15MF3',8004,51094,92300
'15MF3',8004,51094,93800
'15MF3',8004,51094,95300
'15MF3',8004,51094,100800
'15MF3',8004,51094,102300
'15MF3',8004,51094,103800
'15MF3',8004,51094,105300
'15MF3',8004,51094,110800
'15MF3',8004,51094,112300
'15MF3',8004,51094,113500
'15MF3',8004,51094,114700
'15MF3',8004,51094,115900
'15MF3',8004,51094,121000
'15MF3',8004,51094,122100
'15MF3',8004,51094,123200
'15MF3',8004,51094,124200
'15MF3',8004,51094,125100
'15MF3',8004,51094,130100
'15MF3',8004,51094,131100
'15MF3',8004,51094,132100
'15MF3',8004,51094,133100
'15MF3',8004,51094,134200
'15MF3',8004,51094,135200
'15MF3',8004,51094,140300
'15MF3',8004,51094,141300
'15MF3',8004,51094,142200
'15MF3',8004,51094,143000
'15MF3',8004,51094,143700
'15MF3',8004,51094,144500
'15MF3',8004,51094,145300
'15MF3',8004,51094,150300
'15MF3',8004,51094,151300
'15MF3',8004,51094,152300
'15MF3',8004,51094,153400
'15MF3',8004,51094,154300
'15MF3',8004,51094,155200
'15MF3',8004,51094,160200
'15MF3',8004,51094,161300
'15MF3',8004,51094,162300
'15MF3',8004,51094,163300
'15MF3',8004,51094,164300
'15MF3',8004,51094,165300
'15MF3',8004,51094,170300
'15MF3',8004,51094,171300
'15MF3',8004,51094,172300
'15MF3',8004,51094,173500
'15MF3',8004,51094,174700
'15MF3',8004,51094,175900
'15MF3',8004,51094,181200
'15MF3',8004,51094,182400
'15MF3',8004,51094,183600
'15MF3',8004,51094,184900
'15MF3',8004,51094,190100
'15MF3',8004,51094,191400
'15MF3',8004,51094,192800
'15MF3',8004,51094,194200
'15MF3',8004,51094,200200
'15MF3',8004,51094,202400
'15MF3',8004,51094,205300
'15MF3',8004,51094,212200
'15MF3',8004,51094,215300
'15MF3',8004,51094,222500
'15MF3',8004,51094,225600
'15MF3',8004,51094,232700
'15MF3',8004,51094,235700
'15MF3',8004,51094,242700
'15MF3',8004,51094,245800
'15MI',8004,51094,52300
'15MI',8004,51094,55600
'15MI',8004,51094,62800
'15MI',8004,51094,70100
'15MI',8004,51094,73300
'15MI',8004,51094,80700
'15MI',8004,51094,83300
'15MI',8004,51094,85400
'15MI',8004,51094,91500
'15MI',8004,51094,93500
'15MI',8004,51094,95400
'15MI',8004,51094,100900
'15MI',8004,51094,102300
'15MI',8004,51094,103800
'15MI',8004,51094,105300
'15MI',8004,51094,110800
'15MI',8004,51094,112300
'15MI',8004,51094,113500
'15MI',8004,51094,114700
'15MI',8004,51094,115900
'15MI',8004,51094,121000
'15MI',8004,51094,122100
'15MI',8004,51094,123200
'15MI',8004,51094,124200
'15MI',8004,51094,125100
'15MI',8004,51094,130100
'15MI',8004,51094,131100
'15MI',8004,51094,132100
'15MI',8004,51094,133100
'15MI',8004,51094,134200
'15MI',8004,51094,135200
'15MI',8004,51094,140300
'15MI',8004,51094,141300
'15MI',8004,51094,142200
'15MI',8004,51094,143000
'15MI',8004,51094,143700
'15MI',8004,51094,144500
'15MI',8004,51094,145300
'15MI',8004,51094,150300
'15MI',8004,51094,151300
'15MI',8004,51094,152300
'15MI',8004,51094,153400
'15MI',8004,51094,154300
'15MI',8004,51094,155200
'15MI',8004,51094,160200
'15MI',8004,51094,161300
'15MI',8004,51094,162300
'15MI',8004,51094,163300
'15MI',8004,51094,164300
'15MI',8004,51094,165300
'15MI',8004,51094,170300
'15MI',8004,51094,171300
'15MI',8004,51094,172300
'15MI',8004,51094,173500
'15MI',8004,51094,174700
'15MI',8004,51094,175900
'15MI',8004,51094,181200
'15MI',8004,51094,182400
'15MI',8004,51094,183600
'15MI',8004,51094,184900
'15MI',8004,51094,190100
'15MI',8004,51094,191400
'15MI',8004,51094,192800
'15MI',8004,51094,194200
'15MI',8004,51094,200200
'15MI',8004,51094,202400
'15MI',8004,51094,205300
'15MI',8004,51094,212200
'15MI',8004,51094,215300
'15MI',8004,51094,222500
'15MI',8004,51094,225600
'15MI',8004,51094,232700
'15MI',8004,51094,235700
'15MI',8004,51094,242700
'15MI',8004,51094,245800
'15MS',8004,51094,52300
'15MS',8004,51094,55300
'15MS',8004,51094,61300
'15MS',8004,51094,62300
'15MS',8004,51094,63300
'15MS',8004,51094,64300
'15MS',8004,51094,65400
'15MS',8004,51094,70400
'15MS',8004,51094,71400
'15MS',8004,51094,72500
'15MS',8004,51094,73500
'15MS',8004,51094,74500
'15MS',8004,51094,75500
'15MS',8004,51094,80200
'15MS',8004,51094,80900
'15MS',8004,51094,81600
'15MS',8004,51094,82300
'15MS',8004,51094,83200
'15MS',8004,51094,84200
'15MS',8004,51094,85200
'15MS',8004,51094,90200
'15MS',8004,51094,91200
'15MS',8004,51094,92000
'15MS',8004,51094,92600
'15MS',8004,51094,93200
'15MS',8004,51094,93700
'15MS',8004,51094,94300
'15MS',8004,51094,95100
'15MS',8004,51094,95900
'15MS',8004,51094,100700
'15MS',8004,51094,101500
'15MS',8004,51094,102300
'15MS',8004,51094,103100
'15MS',8004,51094,103900
'15MS',8004,51094,104700
'15MS',8004,51094,105500
'15MS',8004,51094,110300
'15MS',8004,51094,111100
'15MS',8004,51094,111900
'15MS',8004,51094,112700
'15MS',8004,51094,113500
'15MS',8004,51094,114400
'15MS',8004,51094,115400
'15MS',8004,51094,120300
'15MS',8004,51094,121200
'15MS',8004,51094,122100
'15MS',8004,51094,123000
'15MS',8004,51094,123900
'15MS',8004,51094,124800
'15MS',8004,51094,125600
'15MS',8004,51094,130400
'15MS',8004,51094,131300
'15MS',8004,51094,132200
'15MS',8004,51094,133100
'15MS',8004,51094,134100
'15MS',8004,51094,135100
'15MS',8004,51094,140100
'15MS',8004,51094,141100
'15MS',8004,51094,142100
'15MS',8004,51094,143100
'15MS',8004,51094,144100
'15MS',8004,51094,145100
'15MS',8004,51094,150100
'15MS',8004,51094,151100
'15MS',8004,51094,152100
'15MS',8004,51094,153100
'15MS',8004,51094,154100
'15MS',8004,51094,155100
'15MS',8004,51094,160100
'15MS',8004,51094,161100
'15MS',8004,51094,162100
'15MS',8004,51094,163100
'15MS',8004,51094,164100
'15MS',8004,51094,165100
'15MS',8004,51094,170100
'15MS',8004,51094,171100
'15MS',8004,51094,172100
'15MS',8004,51094,173100
'15MS',8004,51094,174100
'15MS',8004,51094,175100
'15MS',8004,51094,180100
'15MS',8004,51094,181100
'15MS',8004,51094,182100
'15MS',8004,51094,183100
'15MS',8004,51094,184000
'15MS',8004,51094,185000
'15MS',8004,51094,190000
'15MS',8004,51094,191000
'15MS',8004,51094,192000
'15MS',8004,51094,193000
'15MS',8004,51094,194000
'15MS',8004,51094,195000
'15MS',8004,51094,200000
'15MS',8004,51094,201000
'15MS',8004,51094,202000
'15MS',8004,51094,203000
'15MS',8004,51094,204000
'15MS',8004,51094,204900
'15MS',8004,51094,205900
'15MS',8004,51094,211900
'15MS',8004,51094,214100
'15MS',8004,51094,220900
'15MS',8004,51094,223700
'15MS',8004,51094,230600
'15MS',8004,51094,233400
'15MS',8004,51094,240500
'15MS',8004,51094,243600
'15MS',8004,51094,250700
'15MS',43502,51094,61400
'15MS',43502,51094,62800
'15MS',43502,51094,63800
'15MS',43502,51094,64800
'15MS',43502,51094,65800
'15MS',43502,51094,70800
'15MS',43502,51094,71900
'15MS',43502,51094,72600
'15MS',43502,51094,73400
'15MS',43502,51094,75500
'15MS',43502,51094,80300
'15MS',43502,51094,81300
'15MS',43502,51094,83000
'15MS',43502,51094,84400
'15MS',43502,51094,85500
'15MS',43502,51094,90700
'15MS',43502,51094,92300
'15MS',43502,51094,93000
'15MS',43502,51094,144000
'15MS',43502,51094,145700
'15MS',43502,51094,151500
'15MS',43502,51094,152700
'15MS',43502,51094,154500
'15MS',43502,51094,155600
'15MS',43502,51094,160300
'15MS',43502,51094,161500
'15MS',43502,51094,161700
'15MS',43502,51094,162800
'15MS',43502,51094,164000
'15MS',43502,51094,165200
'15MS',43502,51094,170100
'15MS',43502,51094,171700
'15MS',43502,51094,173200
'15MS',43502,51094,180600
'15MS',43502,51094,183700
'15MS',43502,51094,190200
