'14SA',10801,52243,51500
'14SA',10801,52243,54500
'14SA',10801,52243,61500
'14SA',10801,52243,64500
'14SA',10801,52243,71500
'14SA',10801,52243,74700
'14SA',10801,52243,81800
'14SA',10801,52243,84800
'14SA',10801,52243,91800
'14SA',10801,52243,94900
'14SA',10801,52243,101900
'14SA',10801,52243,104900
'14SA',10801,52243,111900
'14SA',10801,52243,114900
'14SA',10801,52243,122000
'14SA',10801,52243,125000
'14SA',10801,52243,132000
'14SA',10801,52243,135000
'14SA',10801,52243,142000
'14SA',10801,52243,145000
'14SA',10801,52243,152000
'14SA',10801,52243,155000
'14SA',10801,52243,162000
'14SA',10801,52243,165000
'14SA',10801,52243,171900
'14SA',10801,52243,174900
'14SA',10801,52243,181900
'14SA',10801,52243,184900
'14SA',10801,52243,191900
'14SA',10801,52243,194800
'14SA',10801,52243,201800
'14SA',10801,52243,204800
'14SA',10801,52243,211800
'14SA',10801,52243,214800
'14SA',10801,52243,221800
'14SA',10801,52243,224800
'14SA',10801,52243,231800
'14SA',10801,52243,234700
'14SA',10801,52243,241600
'14SA',10801,52243,244600
'14SA',10801,52243,251600
'14SF1',10801,52243,51500
'14SF1',10801,52243,54500
'14SF1',10801,52243,61500
'14SF1',10801,52243,64500
'14SF1',10801,52243,71500
'14SF1',10801,52243,74500
'14SF1',10801,52243,81700
'14SF1',10801,52243,84700
'14SF1',10801,52243,91700
'14SF1',10801,52243,94800
'14SF1',10801,52243,101900
'14SF1',10801,52243,104900
'14SF1',10801,52243,111900
'14SF1',10801,52243,115000
'14SF1',10801,52243,122000
'14SF1',10801,52243,125000
'14SF1',10801,52243,132000
'14SF1',10801,52243,134900
'14SF1',10801,52243,141800
'14SF1',10801,52243,144800
'14SF1',10801,52243,151800
'14SF1',10801,52243,154800
'14SF1',10801,52243,161800
'14SF1',10801,52243,164800
'14SF1',10801,52243,171800
'14SF1',10801,52243,174700
'14SF1',10801,52243,181600
'14SF1',10801,52243,184600
'14SF1',10801,52243,191600
'14SF1',10801,52243,194600
'14SF1',10801,52243,201600
'14SF1',10801,52243,204600
'14SF1',10801,52243,211600
'14SF1',10801,52243,214600
'14SF1',10801,52243,221600
'14SF1',10801,52243,224600
'14SF1',10801,52243,231600
'14SF1',10801,52243,234600
'14SF1',10801,52243,241600
'14SF1',10801,52243,244600
'14SF2',10801,52243,51500
'14SF2',10801,52243,54500
'14SF2',10801,52243,61500
'14SF2',10801,52243,64500
'14SF2',10801,52243,71500
'14SF2',10801,52243,74500
'14SF2',10801,52243,81700
'14SF2',10801,52243,84700
'14SF2',10801,52243,91700
'14SF2',10801,52243,94800
'14SF2',10801,52243,101900
'14SF2',10801,52243,104900
'14SF2',10801,52243,111900
'14SF2',10801,52243,115000
'14SF2',10801,52243,122000
'14SF2',10801,52243,125000
'14SF2',10801,52243,132000
'14SF2',10801,52243,134900
'14SF2',10801,52243,141800
'14SF2',10801,52243,144800
'14SF2',10801,52243,151800
'14SF2',10801,52243,154800
'14SF2',10801,52243,161800
'14SF2',10801,52243,164800
'14SF2',10801,52243,171800
'14SF2',10801,52243,174700
'14SF2',10801,52243,181600
'14SF2',10801,52243,184600
'14SF2',10801,52243,191600
'14SF2',10801,52243,194600
'14SF2',10801,52243,201600
'14SF2',10801,52243,204600
'14SF2',10801,52243,211600
'14SF2',10801,52243,214600
'14SF2',10801,52243,221600
'14SF2',10801,52243,224600
'14SF2',10801,52243,231600
'14SF2',10801,52243,234600
'14SF2',10801,52243,241600
'14SF2',10801,52243,244600
'14SI',10801,52243,51500
'14SI',10801,52243,54500
'14SI',10801,52243,61500
'14SI',10801,52243,64500
'14SI',10801,52243,71500
'14SI',10801,52243,74500
'14SI',10801,52243,81700
'14SI',10801,52243,84700
'14SI',10801,52243,91700
'14SI',10801,52243,94800
'14SI',10801,52243,101900
'14SI',10801,52243,104900
'14SI',10801,52243,111900
'14SI',10801,52243,115000
'14SI',10801,52243,122000
'14SI',10801,52243,125000
'14SI',10801,52243,132000
'14SI',10801,52243,134900
'14SI',10801,52243,141800
'14SI',10801,52243,144800
'14SI',10801,52243,151800
'14SI',10801,52243,154800
'14SI',10801,52243,161800
'14SI',10801,52243,164800
'14SI',10801,52243,171800
'14SI',10801,52243,174700
'14SI',10801,52243,181600
'14SI',10801,52243,184600
'14SI',10801,52243,191600
'14SI',10801,52243,194600
'14SI',10801,52243,201600
'14SI',10801,52243,204600
'14SI',10801,52243,211600
'14SI',10801,52243,214600
'14SI',10801,52243,221600
'14SI',10801,52243,224600
'14SI',10801,52243,231600
'14SI',10801,52243,234600
'14SI',10801,52243,241600
'14SI',10801,52243,244600
'14SS',10801,52243,51600
'14SS',10801,52243,54900
'14SS',10801,52243,61900
'14SS',10801,52243,65000
'14SS',10801,52243,72100
'14SS',10801,52243,74300
'14SS',10801,52243,80300
'14SS',10801,52243,82300
'14SS',10801,52243,85300
'14SS',10801,52243,92100
'14SS',10801,52243,95100
'14SS',10801,52243,102000
'14SS',10801,52243,105000
'14SS',10801,52243,112000
'14SS',10801,52243,115000
'14SS',10801,52243,122000
'14SS',10801,52243,125000
'14SS',10801,52243,132000
'14SS',10801,52243,135100
'14SS',10801,52243,142200
'14SS',10801,52243,145200
'14SS',10801,52243,152200
'14SS',10801,52243,155300
'14SS',10801,52243,162400
'14SS',10801,52243,165600
'14SS',10801,52243,172700
'14SS',10801,52243,175700
'14SS',10801,52243,182600
'14SS',10801,52243,185500
'14SS',10801,52243,192200
'14SS',10801,52243,195100
'14SS',10801,52243,201900
'14SS',10801,52243,204800
'14SS',10801,52243,211700
'14SS',10801,52243,214600
'14SS',10801,52243,221600
'14SS',10801,52243,224600
'14SS',10801,52243,231600
'14SS',10801,52243,234500
'14SS',10801,52243,241500
'14SS',10801,52243,244500
'14SA',35001,52243,255400
'14SA',35001,52243,264500
'14SA',35001,52243,273600
'14SA',35001,52243,282300
'14SA',35001,52243,290900
'14SF1',35001,52243,255300
'14SF1',35001,52243,264000
'14SF1',35001,52243,272800
'14SF1',35001,52243,281400
'14SF1',35001,52243,290000
'14SF2',35001,52243,255300
'14SF2',35001,52243,264000
'14SF2',35001,52243,272800
'14SF2',35001,52243,281400
'14SF2',35001,52243,290000
'14SI',35001,52243,255100
'14SI',35001,52243,263700
'14SI',35001,52243,272300
'14SI',35001,52243,280900
'14SI',35001,52243,285600
'14SS',35001,52243,255300
'14SS',35001,52243,264000
'14SS',35001,52243,272800
'14SS',35001,52243,281400
'14SS',35001,52243,290000
