'14SA',4701,51974,60000
'14SA',4701,51974,62200
'14SA',4701,51974,64400
'14SA',4701,51974,70600
'14SA',4701,51974,72800
'14SA',4701,51974,75100
'14SA',4701,51974,81400
'14SA',4701,51974,83700
'14SA',4701,51974,90000
'14SA',4701,51974,92300
'14SA',4701,51974,94600
'14SA',4701,51974,101100
'14SA',4701,51974,103600
'14SA',4701,51974,110200
'14SA',4701,51974,112800
'14SA',4701,51974,115400
'14SA',4701,51974,122000
'14SA',4701,51974,124600
'14SA',4701,51974,131200
'14SA',4701,51974,133800
'14SA',4701,51974,140100
'14SA',4701,51974,142400
'14SA',4701,51974,144800
'14SA',4701,51974,151300
'14SA',4701,51974,153700
'14SA',4701,51974,155900
'14SA',4701,51974,162000
'14SA',4701,51974,163900
'14SA',4701,51974,165700
'14SA',4701,51974,171500
'14SA',4701,51974,173300
'14SA',4701,51974,174400
'14SA',4701,51974,175500
'14SA',4701,51974,180700
'14SA',4701,51974,181800
'14SA',4701,51974,183700
'14SA',4701,51974,190100
'14SA',4701,51974,192500
'14SA',4701,51974,194900
'14SA',4701,51974,201300
'14SA',4701,51974,203700
'14SA',4701,51974,210000
'14SA',4701,51974,212500
'14SA',4701,51974,215000
'14SA',4701,51974,221700
'14SA',4701,51974,224500
'14SA',4701,51974,231800
'14SA',4701,51974,240400
'14SA',4701,51974,245100
'14SA',4701,51974,253800
'14SA',4702,51974,61800
'14SA',4702,51974,64200
'14SA',4702,51974,70400
'14SA',4702,51974,72600
'14SA',4702,51974,74800
'14SA',4702,51974,81000
'14SA',4702,51974,83400
'14SA',4702,51974,85800
'14SA',4702,51974,92100
'14SA',4702,51974,94400
'14SA',4702,51974,100900
'14SA',4702,51974,103400
'14SA',4702,51974,110000
'14SA',4702,51974,112600
'14SA',4702,51974,115200
'14SA',4702,51974,121800
'14SA',4702,51974,123700
'14SA',4702,51974,125600
'14SA',4702,51974,131600
'14SA',4702,51974,133600
'14SA',4702,51974,135600
'14SA',4702,51974,141600
'14SA',4702,51974,143600
'14SA',4702,51974,145600
'14SA',4702,51974,151600
'14SA',4702,51974,153500
'14SA',4702,51974,155500
'14SA',4702,51974,161500
'14SA',4702,51974,163400
'14SA',4702,51974,165400
'14SA',4702,51974,171300
'14SA',4702,51974,172900
'14SA',4702,51974,174700
'14SA',4702,51974,181100
'14SA',4702,51974,183500
'14SA',4702,51974,185800
'14SA',4702,51974,192100
'14SA',4702,51974,194500
'14SA',4702,51974,201000
'14SA',4702,51974,203500
'14SA',4702,51974,205800
'14SA',4702,51974,212200
'14SA',4702,51974,214700
'14SA',4702,51974,221200
'14SA',4702,51974,223800
'14SA',4702,51974,231400
'14SA',4702,51974,240200
'14SA',4702,51974,244900
'14SA',4702,51974,253600
'14SF1',4701,51974,53800
'14SF1',4701,51974,62200
'14SF1',4701,51974,70600
'14SF1',4701,51974,75000
'14SF1',4701,51974,83600
'14SF1',4701,51974,92200
'14SF1',4701,51974,94600
'14SF1',4701,51974,101000
'14SF1',4701,51974,103400
'14SF1',4701,51974,105900
'14SF1',4701,51974,112300
'14SF1',4701,51974,114800
'14SF1',4701,51974,121200
'14SF1',4701,51974,123700
'14SF1',4701,51974,130100
'14SF1',4701,51974,132600
'14SF1',4701,51974,135100
'14SF1',4701,51974,141500
'14SF1',4701,51974,144000
'14SF1',4701,51974,150400
'14SF1',4701,51974,152900
'14SF1',4701,51974,155300
'14SF1',4701,51974,161800
'14SF1',4701,51974,164300
'14SF1',4701,51974,170800
'14SF1',4701,51974,173300
'14SF1',4701,51974,175900
'14SF1',4701,51974,182500
'14SF1',4701,51974,185100
'14SF1',4701,51974,191700
'14SF1',4701,51974,194300
'14SF1',4701,51974,200900
'14SF1',4701,51974,203400
'14SF1',4701,51974,205900
'14SF1',4701,51974,212400
'14SF1',4701,51974,214900
'14SF1',4701,51974,221500
'14SF1',4701,51974,230000
'14SF1',4701,51974,234500
'14SF1',4701,51974,243000
'14SF1',4701,51974,251500
'14SF1',4702,51974,62000
'14SF1',4702,51974,70400
'14SF1',4702,51974,74800
'14SF1',4702,51974,83400
'14SF1',4702,51974,92000
'14SF1',4702,51974,100500
'14SF1',4702,51974,103100
'14SF1',4702,51974,105700
'14SF1',4702,51974,112100
'14SF1',4702,51974,114600
'14SF1',4702,51974,121000
'14SF1',4702,51974,123500
'14SF1',4702,51974,125900
'14SF1',4702,51974,132400
'14SF1',4702,51974,134900
'14SF1',4702,51974,141300
'14SF1',4702,51974,143800
'14SF1',4702,51974,150200
'14SF1',4702,51974,152700
'14SF1',4702,51974,155100
'14SF1',4702,51974,161600
'14SF1',4702,51974,164000
'14SF1',4702,51974,170500
'14SF1',4702,51974,173000
'14SF1',4702,51974,175600
'14SF1',4702,51974,182200
'14SF1',4702,51974,184800
'14SF1',4702,51974,191500
'14SF1',4702,51974,194100
'14SF1',4702,51974,200700
'14SF1',4702,51974,203200
'14SF1',4702,51974,205600
'14SF1',4702,51974,212100
'14SF1',4702,51974,214700
'14SF1',4702,51974,221300
'14SF1',4702,51974,225700
'14SF1',4702,51974,234200
'14SF1',4702,51974,242700
'14SF1',4702,51974,251200
'14SF2',4701,51974,60000
'14SF2',4701,51974,62200
'14SF2',4701,51974,64400
'14SF2',4701,51974,70600
'14SF2',4701,51974,72800
'14SF2',4701,51974,75100
'14SF2',4701,51974,81400
'14SF2',4701,51974,83700
'14SF2',4701,51974,90000
'14SF2',4701,51974,92300
'14SF2',4701,51974,94600
'14SF2',4701,51974,101100
'14SF2',4701,51974,103600
'14SF2',4701,51974,110200
'14SF2',4701,51974,112800
'14SF2',4701,51974,115400
'14SF2',4701,51974,122000
'14SF2',4701,51974,124600
'14SF2',4701,51974,131200
'14SF2',4701,51974,133800
'14SF2',4701,51974,140100
'14SF2',4701,51974,142400
'14SF2',4701,51974,144800
'14SF2',4701,51974,151300
'14SF2',4701,51974,153700
'14SF2',4701,51974,155900
'14SF2',4701,51974,162000
'14SF2',4701,51974,163900
'14SF2',4701,51974,165700
'14SF2',4701,51974,171500
'14SF2',4701,51974,173300
'14SF2',4701,51974,174400
'14SF2',4701,51974,175500
'14SF2',4701,51974,180700
'14SF2',4701,51974,181800
'14SF2',4701,51974,183700
'14SF2',4701,51974,190100
'14SF2',4701,51974,192500
'14SF2',4701,51974,194900
'14SF2',4701,51974,201300
'14SF2',4701,51974,203700
'14SF2',4701,51974,210000
'14SF2',4701,51974,212500
'14SF2',4701,51974,215000
'14SF2',4701,51974,221700
'14SF2',4701,51974,224500
'14SF2',4701,51974,231800
'14SF2',4701,51974,240400
'14SF2',4701,51974,245100
'14SF2',4701,51974,251500
'14SF2',4702,51974,61800
'14SF2',4702,51974,64200
'14SF2',4702,51974,70400
'14SF2',4702,51974,72600
'14SF2',4702,51974,74800
'14SF2',4702,51974,81000
'14SF2',4702,51974,83400
'14SF2',4702,51974,85800
'14SF2',4702,51974,92100
'14SF2',4702,51974,94400
'14SF2',4702,51974,100900
'14SF2',4702,51974,103400
'14SF2',4702,51974,110000
'14SF2',4702,51974,112600
'14SF2',4702,51974,115200
'14SF2',4702,51974,121800
'14SF2',4702,51974,123700
'14SF2',4702,51974,125600
'14SF2',4702,51974,131600
'14SF2',4702,51974,133600
'14SF2',4702,51974,135600
'14SF2',4702,51974,141600
'14SF2',4702,51974,143600
'14SF2',4702,51974,145600
'14SF2',4702,51974,151600
'14SF2',4702,51974,153500
'14SF2',4702,51974,155500
'14SF2',4702,51974,161500
'14SF2',4702,51974,163400
'14SF2',4702,51974,165400
'14SF2',4702,51974,171300
'14SF2',4702,51974,172900
'14SF2',4702,51974,174700
'14SF2',4702,51974,181100
'14SF2',4702,51974,183500
'14SF2',4702,51974,185800
'14SF2',4702,51974,192100
'14SF2',4702,51974,194500
'14SF2',4702,51974,201000
'14SF2',4702,51974,203500
'14SF2',4702,51974,205800
'14SF2',4702,51974,212200
'14SF2',4702,51974,214700
'14SF2',4702,51974,221200
'14SF2',4702,51974,223800
'14SF2',4702,51974,231400
'14SF2',4702,51974,240200
'14SF2',4702,51974,244900
'14SF2',4702,51974,251200
'14SI',4701,51974,53800
'14SI',4701,51974,62200
'14SI',4701,51974,70600
'14SI',4701,51974,75000
'14SI',4701,51974,83600
'14SI',4701,51974,92200
'14SI',4701,51974,94600
'14SI',4701,51974,101000
'14SI',4701,51974,103400
'14SI',4701,51974,105900
'14SI',4701,51974,112300
'14SI',4701,51974,114800
'14SI',4701,51974,121200
'14SI',4701,51974,123700
'14SI',4701,51974,130100
'14SI',4701,51974,132600
'14SI',4701,51974,135100
'14SI',4701,51974,141500
'14SI',4701,51974,144000
'14SI',4701,51974,150400
'14SI',4701,51974,152900
'14SI',4701,51974,155300
'14SI',4701,51974,161800
'14SI',4701,51974,164300
'14SI',4701,51974,170800
'14SI',4701,51974,173300
'14SI',4701,51974,175900
'14SI',4701,51974,182500
'14SI',4701,51974,185100
'14SI',4701,51974,191700
'14SI',4701,51974,194300
'14SI',4701,51974,200900
'14SI',4701,51974,203400
'14SI',4701,51974,205900
'14SI',4701,51974,212400
'14SI',4701,51974,214900
'14SI',4701,51974,221500
'14SI',4701,51974,230000
'14SI',4701,51974,234500
'14SI',4701,51974,243000
'14SI',4701,51974,251500
'14SI',4702,51974,62000
'14SI',4702,51974,70400
'14SI',4702,51974,74800
'14SI',4702,51974,83400
'14SI',4702,51974,92000
'14SI',4702,51974,100500
'14SI',4702,51974,103100
'14SI',4702,51974,105700
'14SI',4702,51974,112100
'14SI',4702,51974,114600
'14SI',4702,51974,121000
'14SI',4702,51974,123500
'14SI',4702,51974,125900
'14SI',4702,51974,132400
'14SI',4702,51974,134900
'14SI',4702,51974,141300
'14SI',4702,51974,143800
'14SI',4702,51974,150200
'14SI',4702,51974,152700
'14SI',4702,51974,155100
'14SI',4702,51974,161600
'14SI',4702,51974,164000
'14SI',4702,51974,170500
'14SI',4702,51974,173000
'14SI',4702,51974,175600
'14SI',4702,51974,182200
'14SI',4702,51974,184800
'14SI',4702,51974,191500
'14SI',4702,51974,194100
'14SI',4702,51974,200700
'14SI',4702,51974,203200
'14SI',4702,51974,205600
'14SI',4702,51974,212100
'14SI',4702,51974,214700
'14SI',4702,51974,221300
'14SI',4702,51974,225700
'14SI',4702,51974,234200
'14SI',4702,51974,242700
'14SI',4702,51974,251200
'14SS',4701,51974,53800
'14SS',4701,51974,60900
'14SS',4701,51974,64000
'14SS',4701,51974,71100
'14SS',4701,51974,74400
'14SS',4701,51974,81500
'14SS',4701,51974,84500
'14SS',4701,51974,91400
'14SS',4701,51974,94300
'14SS',4701,51974,101200
'14SS',4701,51974,104100
'14SS',4701,51974,111000
'14SS',4701,51974,113900
'14SS',4701,51974,120900
'14SS',4701,51974,123900
'14SS',4701,51974,130800
'14SS',4701,51974,133800
'14SS',4701,51974,140800
'14SS',4701,51974,143700
'14SS',4701,51974,150600
'14SS',4701,51974,153500
'14SS',4701,51974,160500
'14SS',4701,51974,162400
'14SS',4701,51974,163900
'14SS',4701,51974,165000
'14SS',4701,51974,170100
'14SS',4701,51974,171200
'14SS',4701,51974,172300
'14SS',4701,51974,173400
'14SS',4701,51974,174500
'14SS',4701,51974,175600
'14SS',4701,51974,180800
'14SS',4701,51974,182400
'14SS',4701,51974,184200
'14SS',4701,51974,190100
'14SS',4701,51974,192100
'14SS',4701,51974,194100
'14SS',4701,51974,200100
'14SS',4701,51974,202100
'14SS',4701,51974,204100
'14SS',4701,51974,210100
'14SS',4701,51974,212100
'14SS',4701,51974,214100
'14SS',4701,51974,220100
'14SS',4701,51974,222200
'14SS',4701,51974,224600
'14SS',4701,51974,231600
'14SS',4701,51974,234600
'14SS',4701,51974,241600
'14SS',4701,51974,244600
'14SS',4701,51974,251600
'14SS',4702,51974,53600
'14SS',4702,51974,60600
'14SS',4702,51974,63600
'14SS',4702,51974,70200
'14SS',4702,51974,72800
'14SS',4702,51974,74100
'14SS',4702,51974,75200
'14SS',4702,51974,80200
'14SS',4702,51974,81200
'14SS',4702,51974,82200
'14SS',4702,51974,83200
'14SS',4702,51974,84200
'14SS',4702,51974,85500
'14SS',4702,51974,90600
'14SS',4702,51974,92100
'14SS',4702,51974,94100
'14SS',4702,51974,100500
'14SS',4702,51974,103100
'14SS',4702,51974,110000
'14SS',4702,51974,112900
'14SS',4702,51974,115800
'14SS',4702,51974,122700
'14SS',4702,51974,125100
'14SS',4702,51974,131300
'14SS',4702,51974,133500
'14SS',4702,51974,140300
'14SS',4702,51974,143300
'14SS',4702,51974,150300
'14SS',4702,51974,153200
'14SS',4702,51974,160200
'14SS',4702,51974,163100
'14SS',4702,51974,165800
'14SS',4702,51974,172600
'14SS',4702,51974,175300
'14SS',4702,51974,181900
'14SS',4702,51974,184500
'14SS',4702,51974,191100
'14SS',4702,51974,193900
'14SS',4702,51974,200900
'14SS',4702,51974,203900
'14SS',4702,51974,210900
'14SS',4702,51974,213900
'14SS',4702,51974,220800
'14SS',4702,51974,223800
'14SS',4702,51974,230800
'14SS',4702,51974,233800
'14SS',4702,51974,241000
'14SS',4702,51974,244200
'14SS',4702,51974,251400
