'14UA',17904,54355,62300
'14UA',17904,54355,65300
'14UA',17904,54355,72300
'14UA',17904,54355,75300
'14UA',17904,54355,82300
'14UA',17904,54355,85700
'14UA',17904,54355,92700
'14UA',17904,54355,94700
'14UA',17904,54355,100700
'14UA',17904,54355,102800
'14UA',17904,54355,105200
'14UA',17904,54355,111300
'14UA',17904,54355,113400
'14UA',17904,54355,114800
'14UA',17904,54355,120200
'14UA',17904,54355,121600
'14UA',17904,54355,123100
'14UA',17904,54355,124600
'14UA',17904,54355,130100
'14UA',17904,54355,131600
'14UA',17904,54355,133100
'14UA',17904,54355,134300
'14UA',17904,54355,135500
'14UA',17904,54355,140500
'14UA',17904,54355,141500
'14UA',17904,54355,142600
'14UA',17904,54355,143600
'14UA',17904,54355,144700
'14UA',17904,54355,145700
'14UA',17904,54355,150700
'14UA',17904,54355,151700
'14UA',17904,54355,152700
'14UA',17904,54355,153700
'14UA',17904,54355,154700
'14UA',17904,54355,155700
'14UA',17904,54355,160700
'14UA',17904,54355,161700
'14UA',17904,54355,162700
'14UA',17904,54355,163600
'14UA',17904,54355,164300
'14UA',17904,54355,165100
'14UA',17904,54355,165800
'14UA',17904,54355,170600
'14UA',17904,54355,171700
'14UA',17904,54355,172700
'14UA',17904,54355,173700
'14UA',17904,54355,174700
'14UA',17904,54355,175900
'14UA',17904,54355,181200
'14UA',17904,54355,182500
'14UA',17904,54355,184200
'14UA',17904,54355,190300
'14UA',17904,54355,193300
'14UA',17904,54355,200100
'14UA',17904,54355,203100
'14UA',17904,54355,210000
'14UA',17904,54355,212900
'14UA',17904,54355,215800
'14UA',17904,54355,222700
'14UA',17904,54355,225600
'14UA',17904,54355,232600
'14UA',17904,54355,235600
'14UA',17904,54355,242600
'14UA',17904,54355,245300
'14UA',17904,54355,252000
'14UF1',17904,54355,71600
'14UF1',17904,54355,75000
'14UF1',17904,54355,82000
'14UF1',17904,54355,85100
'14UF1',17904,54355,92200
'14UF1',17904,54355,95300
'14UF1',17904,54355,102300
'14UF1',17904,54355,105300
'14UF1',17904,54355,112200
'14UF1',17904,54355,113900
'14UF1',17904,54355,115700
'14UF1',17904,54355,121300
'14UF1',17904,54355,122700
'14UF1',17904,54355,124200
'14UF1',17904,54355,125800
'14UF1',17904,54355,131400
'14UF1',17904,54355,133000
'14UF1',17904,54355,134500
'14UF1',17904,54355,135800
'14UF1',17904,54355,141100
'14UF1',17904,54355,142400
'14UF1',17904,54355,143800
'14UF1',17904,54355,145200
'14UF1',17904,54355,150500
'14UF1',17904,54355,151600
'14UF1',17904,54355,152700
'14UF1',17904,54355,153700
'14UF1',17904,54355,154700
'14UF1',17904,54355,155700
'14UF1',17904,54355,160800
'14UF1',17904,54355,162000
'14UF1',17904,54355,163200
'14UF1',17904,54355,164400
'14UF1',17904,54355,165400
'14UF1',17904,54355,170300
'14UF1',17904,54355,171300
'14UF1',17904,54355,172300
'14UF1',17904,54355,173200
'14UF1',17904,54355,174200
'14UF1',17904,54355,180700
'14UF1',17904,54355,183400
'14UF1',17904,54355,185700
'14UF1',17904,54355,192400
'14UF1',17904,54355,195300
'14UF1',17904,54355,202100
'14UF1',17904,54355,205100
'14UF1',17904,54355,212100
'14UF1',17904,54355,214800
'14UF1',17904,54355,221900
'14UF1',17904,54355,225000
'14UF1',17904,54355,232000
'14UF1',17904,54355,235100
'14UF1',17904,54355,242100
'14UF1',17904,54355,244700
'14UF1',17904,54355,251600
'14UF2',17904,54355,71600
'14UF2',17904,54355,75000
'14UF2',17904,54355,82000
'14UF2',17904,54355,85100
'14UF2',17904,54355,92200
'14UF2',17904,54355,95300
'14UF2',17904,54355,102300
'14UF2',17904,54355,105300
'14UF2',17904,54355,112200
'14UF2',17904,54355,113900
'14UF2',17904,54355,115700
'14UF2',17904,54355,121300
'14UF2',17904,54355,122700
'14UF2',17904,54355,124200
'14UF2',17904,54355,125800
'14UF2',17904,54355,131400
'14UF2',17904,54355,133000
'14UF2',17904,54355,134500
'14UF2',17904,54355,135800
'14UF2',17904,54355,141100
'14UF2',17904,54355,142400
'14UF2',17904,54355,143800
'14UF2',17904,54355,145200
'14UF2',17904,54355,150500
'14UF2',17904,54355,151600
'14UF2',17904,54355,152700
'14UF2',17904,54355,153700
'14UF2',17904,54355,154700
'14UF2',17904,54355,155700
'14UF2',17904,54355,160800
'14UF2',17904,54355,162000
'14UF2',17904,54355,163200
'14UF2',17904,54355,164400
'14UF2',17904,54355,165400
'14UF2',17904,54355,170300
'14UF2',17904,54355,171300
'14UF2',17904,54355,172300
'14UF2',17904,54355,173200
'14UF2',17904,54355,174200
'14UF2',17904,54355,180700
'14UF2',17904,54355,183400
'14UF2',17904,54355,185700
'14UF2',17904,54355,192400
'14UF2',17904,54355,195300
'14UF2',17904,54355,202100
'14UF2',17904,54355,205100
'14UF2',17904,54355,212100
'14UF2',17904,54355,214800
'14UF2',17904,54355,221900
'14UF2',17904,54355,225000
'14UF2',17904,54355,232000
'14UF2',17904,54355,235100
'14UF2',17904,54355,242100
'14UF2',17904,54355,244700
'14UF2',17904,54355,251600
'14UI',17904,54355,71600
'14UI',17904,54355,75000
'14UI',17904,54355,82000
'14UI',17904,54355,85100
'14UI',17904,54355,92200
'14UI',17904,54355,95300
'14UI',17904,54355,102300
'14UI',17904,54355,105300
'14UI',17904,54355,112200
'14UI',17904,54355,113900
'14UI',17904,54355,115700
'14UI',17904,54355,121300
'14UI',17904,54355,122700
'14UI',17904,54355,124200
'14UI',17904,54355,125800
'14UI',17904,54355,131400
'14UI',17904,54355,133000
'14UI',17904,54355,134500
'14UI',17904,54355,135800
'14UI',17904,54355,141100
'14UI',17904,54355,142400
'14UI',17904,54355,143800
'14UI',17904,54355,145200
'14UI',17904,54355,150500
'14UI',17904,54355,151600
'14UI',17904,54355,152700
'14UI',17904,54355,153700
'14UI',17904,54355,154700
'14UI',17904,54355,155700
'14UI',17904,54355,160800
'14UI',17904,54355,162000
'14UI',17904,54355,163200
'14UI',17904,54355,164400
'14UI',17904,54355,165400
'14UI',17904,54355,170300
'14UI',17904,54355,171300
'14UI',17904,54355,172300
'14UI',17904,54355,173200
'14UI',17904,54355,174200
'14UI',17904,54355,180700
'14UI',17904,54355,183400
'14UI',17904,54355,185700
'14UI',17904,54355,192400
'14UI',17904,54355,195300
'14UI',17904,54355,202100
'14UI',17904,54355,205100
'14UI',17904,54355,212100
'14UI',17904,54355,214800
'14UI',17904,54355,221900
'14UI',17904,54355,225000
'14UI',17904,54355,232000
'14UI',17904,54355,235100
'14UI',17904,54355,242100
'14UI',17904,54355,244700
'14UI',17904,54355,251600
'14US',17904,54355,52900
'14US',17904,54355,60200
'14US',17904,54355,62400
'14US',17904,54355,65600
'14US',17904,54355,72900
'14US',17904,54355,74400
'14US',17904,54355,75900
'14US',17904,54355,81500
'14US',17904,54355,83200
'14US',17904,54355,84800
'14US',17904,54355,91100
'14US',17904,54355,93400
'14US',17904,54355,95700
'14US',17904,54355,102000
'14US',17904,54355,104400
'14US',17904,54355,110300
'14US',17904,54355,112200
'14US',17904,54355,114000
'14US',17904,54355,120000
'14US',17904,54355,122100
'14US',17904,54355,123700
'14US',17904,54355,125200
'14US',17904,54355,130700
'14US',17904,54355,132200
'14US',17904,54355,133600
'14US',17904,54355,135000
'14US',17904,54355,140500
'14US',17904,54355,142000
'14US',17904,54355,143400
'14US',17904,54355,144700
'14US',17904,54355,150100
'14US',17904,54355,151800
'14US',17904,54355,153300
'14US',17904,54355,154900
'14US',17904,54355,160600
'14US',17904,54355,162200
'14US',17904,54355,163900
'14US',17904,54355,165300
'14US',17904,54355,170600
'14US',17904,54355,171900
'14US',17904,54355,173500
'14US',17904,54355,175200
'14US',17904,54355,180900
'14US',17904,54355,182800
'14US',17904,54355,185000
'14US',17904,54355,191400
'14US',17904,54355,193800
'14US',17904,54355,195900
'14US',17904,54355,202200
'14US',17904,54355,204500
'14US',17904,54355,210800
'14US',17904,54355,213000
'14US',17904,54355,220000
'14US',17904,54355,222900
'14US',17904,54355,225900
'14US',17904,54355,232900
'14US',17904,54355,235600
'14US',17904,54355,242600
'14US',17904,54355,245500
'14US',17904,54355,252400
