'15UA',18501,53482,61800
'15UA',18501,53482,65000
'15UA',18501,53482,72300
'15UA',18501,53482,80000
'15UA',18501,53482,83200
'15UA',18501,53482,90700
'15UA',18501,53482,93800
'15UA',18501,53482,101200
'15UA',18501,53482,104300
'15UA',18501,53482,111300
'15UA',18501,53482,114300
'15UA',18501,53482,121200
'15UA',18501,53482,124100
'15UA',18501,53482,131000
'15UA',18501,53482,133800
'15UA',18501,53482,140600
'15UA',18501,53482,143500
'15UA',18501,53482,150300
'15UA',18501,53482,153100
'15UA',18501,53482,160000
'15UA',18501,53482,162800
'15UA',18501,53482,165600
'15UA',18501,53482,172500
'15UA',18501,53482,175300
'15UA',18501,53482,182100
'15UA',18501,53482,185000
'15UA',18501,53482,191500
'15UA',18501,53482,194400
'15UA',18501,53482,201400
'15UA',18501,53482,204400
'15UA',18501,53482,211400
'15UA',18501,53482,214400
'15UA',18501,53482,221400
'15UA',18501,53482,224400
'15UA',18501,53482,231000
'15UA',18501,53482,234000
'15UA',18501,53482,241000
'15UA',18501,53482,244000
'15UA',18501,53482,251000
'15UA',18501,53482,254000
'15UA',18502,53482,52000
'15UA',18502,53482,55100
'15UA',18502,53482,62200
'15UA',18502,53482,65400
'15UA',18502,53482,72600
'15UA',18502,53482,75600
'15UA',18502,53482,82500
'15UA',18502,53482,85400
'15UA',18502,53482,92400
'15UA',18502,53482,95300
'15UA',18502,53482,102200
'15UA',18502,53482,105100
'15UA',18502,53482,112000
'15UA',18502,53482,114900
'15UA',18502,53482,121700
'15UA',18502,53482,124500
'15UA',18502,53482,131400
'15UA',18502,53482,134200
'15UA',18502,53482,141000
'15UA',18502,53482,143900
'15UA',18502,53482,150700
'15UA',18502,53482,153500
'15UA',18502,53482,160400
'15UA',18502,53482,162600
'15UA',18502,53482,164700
'15UA',18502,53482,170800
'15UA',18502,53482,173000
'15UA',18502,53482,175700
'15UA',18502,53482,182700
'15UA',18502,53482,185700
'15UA',18502,53482,192700
'15UA',18502,53482,195700
'15UA',18502,53482,202700
'15UA',18502,53482,205800
'15UA',18502,53482,212800
'15UA',18502,53482,215900
'15UA',18502,53482,223000
'15UA',18502,53482,230100
'15UA',18502,53482,233200
'15UA',18502,53482,240300
'15UA',18502,53482,243400
'15UF1',18501,53482,61800
'15UF1',18501,53482,65000
'15UF1',18501,53482,72300
'15UF1',18501,53482,80000
'15UF1',18501,53482,83200
'15UF1',18501,53482,90700
'15UF1',18501,53482,93800
'15UF1',18501,53482,101200
'15UF1',18501,53482,104300
'15UF1',18501,53482,111300
'15UF1',18501,53482,114300
'15UF1',18501,53482,121200
'15UF1',18501,53482,124100
'15UF1',18501,53482,131000
'15UF1',18501,53482,133800
'15UF1',18501,53482,140600
'15UF1',18501,53482,143500
'15UF1',18501,53482,150300
'15UF1',18501,53482,153100
'15UF1',18501,53482,160000
'15UF1',18501,53482,162800
'15UF1',18501,53482,165600
'15UF1',18501,53482,172500
'15UF1',18501,53482,175300
'15UF1',18501,53482,182100
'15UF1',18501,53482,185000
'15UF1',18501,53482,191500
'15UF1',18501,53482,194400
'15UF1',18501,53482,201400
'15UF1',18501,53482,204400
'15UF1',18501,53482,211400
'15UF1',18501,53482,214400
'15UF1',18501,53482,221400
'15UF1',18501,53482,224400
'15UF1',18501,53482,231000
'15UF1',18501,53482,234000
'15UF1',18501,53482,241000
'15UF1',18501,53482,244000
'15UF1',18501,53482,251000
'15UF1',18501,53482,254000
'15UF1',18502,53482,52000
'15UF1',18502,53482,55100
'15UF1',18502,53482,62200
'15UF1',18502,53482,65400
'15UF1',18502,53482,72600
'15UF1',18502,53482,75600
'15UF1',18502,53482,82500
'15UF1',18502,53482,85400
'15UF1',18502,53482,92400
'15UF1',18502,53482,95300
'15UF1',18502,53482,102200
'15UF1',18502,53482,105100
'15UF1',18502,53482,112000
'15UF1',18502,53482,114900
'15UF1',18502,53482,121700
'15UF1',18502,53482,124500
'15UF1',18502,53482,131400
'15UF1',18502,53482,134200
'15UF1',18502,53482,141000
'15UF1',18502,53482,143900
'15UF1',18502,53482,150700
'15UF1',18502,53482,153500
'15UF1',18502,53482,160400
'15UF1',18502,53482,162600
'15UF1',18502,53482,164700
'15UF1',18502,53482,170800
'15UF1',18502,53482,173000
'15UF1',18502,53482,175700
'15UF1',18502,53482,182700
'15UF1',18502,53482,185700
'15UF1',18502,53482,192700
'15UF1',18502,53482,195700
'15UF1',18502,53482,202700
'15UF1',18502,53482,205800
'15UF1',18502,53482,212800
'15UF1',18502,53482,215900
'15UF1',18502,53482,223000
'15UF1',18502,53482,230100
'15UF1',18502,53482,233200
'15UF1',18502,53482,240300
'15UF1',18502,53482,243400
'15UF2',18501,53482,61800
'15UF2',18501,53482,65000
'15UF2',18501,53482,72300
'15UF2',18501,53482,80000
'15UF2',18501,53482,83200
'15UF2',18501,53482,90700
'15UF2',18501,53482,93800
'15UF2',18501,53482,101200
'15UF2',18501,53482,104300
'15UF2',18501,53482,111300
'15UF2',18501,53482,114300
'15UF2',18501,53482,121200
'15UF2',18501,53482,124100
'15UF2',18501,53482,131000
'15UF2',18501,53482,133800
'15UF2',18501,53482,140600
'15UF2',18501,53482,143500
'15UF2',18501,53482,150300
'15UF2',18501,53482,153100
'15UF2',18501,53482,160000
'15UF2',18501,53482,162800
'15UF2',18501,53482,165600
'15UF2',18501,53482,172500
'15UF2',18501,53482,175300
'15UF2',18501,53482,182100
'15UF2',18501,53482,185000
'15UF2',18501,53482,191500
'15UF2',18501,53482,194400
'15UF2',18501,53482,201400
'15UF2',18501,53482,204400
'15UF2',18501,53482,211400
'15UF2',18501,53482,214400
'15UF2',18501,53482,221400
'15UF2',18501,53482,224400
'15UF2',18501,53482,231000
'15UF2',18501,53482,234000
'15UF2',18501,53482,241000
'15UF2',18501,53482,244000
'15UF2',18501,53482,251000
'15UF2',18501,53482,254000
'15UF2',18502,53482,52000
'15UF2',18502,53482,55100
'15UF2',18502,53482,62200
'15UF2',18502,53482,65400
'15UF2',18502,53482,72600
'15UF2',18502,53482,75600
'15UF2',18502,53482,82500
'15UF2',18502,53482,85400
'15UF2',18502,53482,92400
'15UF2',18502,53482,95300
'15UF2',18502,53482,102200
'15UF2',18502,53482,105100
'15UF2',18502,53482,112000
'15UF2',18502,53482,114900
'15UF2',18502,53482,121700
'15UF2',18502,53482,124500
'15UF2',18502,53482,131400
'15UF2',18502,53482,134200
'15UF2',18502,53482,141000
'15UF2',18502,53482,143900
'15UF2',18502,53482,150700
'15UF2',18502,53482,153500
'15UF2',18502,53482,160400
'15UF2',18502,53482,162600
'15UF2',18502,53482,164700
'15UF2',18502,53482,170800
'15UF2',18502,53482,173000
'15UF2',18502,53482,175700
'15UF2',18502,53482,182700
'15UF2',18502,53482,185700
'15UF2',18502,53482,192700
'15UF2',18502,53482,195700
'15UF2',18502,53482,202700
'15UF2',18502,53482,205800
'15UF2',18502,53482,212800
'15UF2',18502,53482,215900
'15UF2',18502,53482,223000
'15UF2',18502,53482,230100
'15UF2',18502,53482,233200
'15UF2',18502,53482,240300
'15UF2',18502,53482,243400
'15UI',18501,53482,61600
'15UI',18501,53482,64700
'15UI',18501,53482,71900
'15UI',18501,53482,75000
'15UI',18501,53482,82200
'15UI',18501,53482,85700
'15UI',18501,53482,93000
'15UI',18501,53482,100200
'15UI',18501,53482,103200
'15UI',18501,53482,110200
'15UI',18501,53482,113300
'15UI',18501,53482,120400
'15UI',18501,53482,123400
'15UI',18501,53482,130400
'15UI',18501,53482,133400
'15UI',18501,53482,140400
'15UI',18501,53482,143400
'15UI',18501,53482,150400
'15UI',18501,53482,153400
'15UI',18501,53482,160400
'15UI',18501,53482,163400
'15UI',18501,53482,170300
'15UI',18501,53482,173100
'15UI',18501,53482,180000
'15UI',18501,53482,182900
'15UI',18501,53482,185700
'15UI',18501,53482,192600
'15UI',18501,53482,195600
'15UI',18501,53482,202500
'15UI',18501,53482,205500
'15UI',18501,53482,212500
'15UI',18501,53482,215500
'15UI',18501,53482,222600
'15UI',18501,53482,225500
'15UI',18501,53482,232600
'15UI',18501,53482,235800
'15UI',18501,53482,243100
'15UI',18501,53482,250500
'15UI',18501,53482,254000
'15UI',18502,53482,52000
'15UI',18502,53482,55100
'15UI',18502,53482,62100
'15UI',18502,53482,65100
'15UI',18502,53482,72200
'15UI',18502,53482,75400
'15UI',18502,53482,82600
'15UI',18502,53482,90000
'15UI',18502,53482,93300
'15UI',18502,53482,100600
'15UI',18502,53482,103700
'15UI',18502,53482,110800
'15UI',18502,53482,113800
'15UI',18502,53482,120800
'15UI',18502,53482,123800
'15UI',18502,53482,130800
'15UI',18502,53482,133800
'15UI',18502,53482,140900
'15UI',18502,53482,143900
'15UI',18502,53482,150800
'15UI',18502,53482,153800
'15UI',18502,53482,160800
'15UI',18502,53482,163800
'15UI',18502,53482,170700
'15UI',18502,53482,173600
'15UI',18502,53482,180400
'15UI',18502,53482,183300
'15UI',18502,53482,190100
'15UI',18502,53482,193000
'15UI',18502,53482,195900
'15UI',18502,53482,202900
'15UI',18502,53482,205900
'15UI',18502,53482,212900
'15UI',18502,53482,215900
'15UI',18502,53482,222900
'15UI',18502,53482,225900
'15UI',18502,53482,232900
'15UI',18502,53482,240100
'15UI',18502,53482,243400
'15US',18501,53482,63300
'15US',18501,53482,70500
'15US',18501,53482,73800
'15US',18501,53482,81200
'15US',18501,53482,84000
'15US',18501,53482,90900
'15US',18501,53482,94000
'15US',18501,53482,100900
'15US',18501,53482,103800
'15US',18501,53482,110800
'15US',18501,53482,113800
'15US',18501,53482,120800
'15US',18501,53482,123800
'15US',18501,53482,130800
'15US',18501,53482,133800
'15US',18501,53482,140800
'15US',18501,53482,144000
'15US',18501,53482,151200
'15US',18501,53482,154400
'15US',18501,53482,161700
'15US',18501,53482,164800
'15US',18501,53482,171900
'15US',18501,53482,174900
'15US',18501,53482,181700
'15US',18501,53482,184900
'15US',18501,53482,191700
'15US',18501,53482,194800
'15US',18501,53482,201600
'15US',18501,53482,204700
'15US',18501,53482,211800
'15US',18501,53482,214700
'15US',18501,53482,221600
'15US',18501,53482,224400
'15US',18501,53482,231000
'15US',18501,53482,233700
'15US',18501,53482,240200
'15US',18501,53482,243200
'15US',18501,53482,250500
'15US',18501,53482,253800
'15US',18502,53482,51500
'15US',18502,53482,54500
'15US',18502,53482,61500
'15US',18502,53482,64500
'15US',18502,53482,71500
'15US',18502,53482,73100
'15US',18502,53482,74700
'15US',18502,53482,80200
'15US',18502,53482,81800
'15US',18502,53482,84700
'15US',18502,53482,91600
'15US',18502,53482,94600
'15US',18502,53482,101600
'15US',18502,53482,104500
'15US',18502,53482,111400
'15US',18502,53482,114400
'15US',18502,53482,121400
'15US',18502,53482,124400
'15US',18502,53482,131400
'15US',18502,53482,134400
'15US',18502,53482,141500
'15US',18502,53482,144600
'15US',18502,53482,151400
'15US',18502,53482,154100
'15US',18502,53482,160600
'15US',18502,53482,163200
'15US',18502,53482,165800
'15US',18502,53482,172500
'15US',18502,53482,175500
'15US',18502,53482,182500
'15US',18502,53482,185600
'15US',18502,53482,192700
'15US',18502,53482,195800
'15US',18502,53482,202900
'15US',18502,53482,210000
'15US',18502,53482,213000
'15US',18502,53482,220000
'15US',18502,53482,223000
'15US',18502,53482,230000
'15US',18502,53482,233300
'15US',18502,53482,240500
'15US',18502,53482,243500
