'14UF2',19603,57152,54900
'14UF2',19603,57152,61900
'14UF2',19603,57152,65000
'14UF2',19603,57152,72000
'14UF2',19603,57152,75000
'14UF2',19603,57152,82000
'14UF2',19603,57152,85000
'14UF2',19603,57152,91900
'14UF2',19603,57152,94900
'14UF2',19603,57152,101900
'14UF2',19603,57152,104900
'14UF2',19603,57152,111900
'14UF2',19603,57152,114900
'14UF2',19603,57152,121900
'14UF2',19603,57152,124900
'14UF2',19603,57152,131900
'14UF2',19603,57152,134900
'14UF2',19603,57152,141900
'14UF2',19603,57152,144900
'14UF2',19603,57152,150400
'14UF2',19603,57152,151900
'14UF2',19603,57152,153400
'14UF2',19603,57152,154900
'14UF2',19603,57152,160900
'14UF2',19603,57152,163100
'14UF2',19603,57152,164800
'14UF2',19603,57152,171000
'14UF2',19603,57152,174200
'14UF2',19603,57152,181300
'14UF2',19603,57152,184300
'14UF2',19603,57152,191400
'14US',19603,57152,54900
'14US',19603,57152,61900
'14US',19603,57152,65000
'14US',19603,57152,72000
'14US',19603,57152,75000
'14US',19603,57152,82000
'14US',19603,57152,85000
'14US',19603,57152,91900
'14US',19603,57152,94900
'14US',19603,57152,101900
'14US',19603,57152,104900
'14US',19603,57152,111900
'14US',19603,57152,114900
'14US',19603,57152,121900
'14US',19603,57152,124900
'14US',19603,57152,131900
'14US',19603,57152,134900
'14US',19603,57152,141900
'14US',19603,57152,144900
'14US',19603,57152,150400
'14US',19603,57152,151900
'14US',19603,57152,153400
'14US',19603,57152,154900
'14US',19603,57152,160900
'14US',19603,57152,163100
'14US',19603,57152,164800
'14US',19603,57152,171000
'14US',19603,57152,174200
'14US',19603,57152,181300
'14US',19603,57152,184300
'14US',19603,57152,191400
'14UA',35602,57152,261100
'14UA',35602,57152,264600
'14UA',35602,57152,271100
'14UA',35602,57152,272300
'14UA',35602,57152,273500
'14UA',35602,57152,274700
'14UA',35602,57152,275800
'14UA',35602,57152,280800
'14UA',35602,57152,282000
'14UA',35602,57152,283200
'14UA',35602,57152,284400
'14UA',35602,57152,285600
'14UA',35602,57152,290900
'14UF1',35602,57152,260800
'14UF1',35602,57152,264700
'14UF1',35602,57152,271000
'14UF1',35602,57152,273400
'14UF1',35602,57152,275800
'14UF1',35602,57152,282200
'14UF1',35602,57152,284500
'14UF1',35602,57152,291100
'14UF2',35602,57152,260800
'14UF2',35602,57152,264700
'14UF2',35602,57152,271000
'14UF2',35602,57152,273400
'14UF2',35602,57152,275800
'14UF2',35602,57152,282200
'14UF2',35602,57152,284500
'14UF2',35602,57152,291100
'14UI',35602,57152,260600
'14UI',35602,57152,265300
'14UI',35602,57152,273900
'14UI',35602,57152,282400
'14UI',35602,57152,290800
'14US',35602,57152,260800
'14US',35602,57152,264700
'14US',35602,57152,271000
'14US',35602,57152,273400
'14US',35602,57152,275800
'14US',35602,57152,282200
'14US',35602,57152,284500
'14US',35602,57152,290800
'14US',49602,57152,65000
'14US',49602,57152,72000
'14US',49602,57152,75300
'14US',49602,57152,82300
'14US',49602,57152,85100
'14US',49602,57152,92100
'14US',49602,57152,95100
'14US',49602,57152,102000
'14US',49602,57152,104900
'14US',49602,57152,112000
'14US',49602,57152,115000
'14US',49602,57152,122000
'14US',49602,57152,125000
'14US',49602,57152,131800
'14US',49602,57152,134700
'14US',49602,57152,141700
'14US',49602,57152,144500
'14US',49602,57152,151400
'14US',49602,57152,154200
'14US',49602,57152,160700
'14US',49602,57152,162800
'14US',49602,57152,164500
'14US',49602,57152,165600
'14US',49602,57152,170700
'14US',49602,57152,171800
'14US',49602,57152,172800
'14US',49602,57152,173900
'14US',49602,57152,174800
'14US',49602,57152,175700
'14US',49602,57152,180700
'14US',49602,57152,181800
'14US',49602,57152,182900
'14US',49602,57152,184100
'14US',49602,57152,185800
'14US',49602,57152,191900
'14US',49602,57152,194000
'14US',49602,57152,200200
'14US',49602,57152,202100
'14US',49602,57152,204000
'14US',49602,57152,210200
'14US',49602,57152,212400
'14US',49602,57152,214600
'14US',49602,57152,220800
'14US',49602,57152,223000
'14US',49502,57152,62000
'14US',49502,57152,65000
'14US',49502,57152,72100
'14US',49502,57152,75000
'14US',49502,57152,82000
'14US',49502,57152,84600
'14US',49502,57152,91200
'14US',49502,57152,94000
'14US',49502,57152,100800
'14US',49502,57152,103400
'14US',49502,57152,110000
'14US',49502,57152,112700
'14US',49502,57152,115500
'14US',49502,57152,122300
'14US',49502,57152,125100
'14US',49502,57152,131800
'14US',49502,57152,134400
'14US',49502,57152,141100
'14US',49502,57152,144000
'14US',49502,57152,150700
'14US',49502,57152,153700
'14US',49502,57152,160600
'14US',49502,57152,163600
'14US',49502,57152,170400
'14US',49502,57152,173100
'14US',49502,57152,175900
'14US',49502,57152,182700
'14US',49502,57152,185400
'14US',49502,57152,192200
'14US',49502,57152,195100
'14US',49502,57152,201900
'14US',49502,57152,204700
'14US',49502,57152,211500
'14US',49502,57152,214300
'14US',49502,57152,221100
'14US',49502,57152,223900
'14US',49502,57152,230700
'14US',49502,57152,233700
'14US',49502,57152,240700
'14US',49502,57152,243500
'14US',49502,57152,250500
'14US',49502,57152,253500
'14US',49502,57152,260500
