'15JA',16002,50629,54300
'15JA',16002,50629,61800
'15JA',16002,50629,65200
'15JA',16002,50629,72500
'15JA',16002,50629,75800
'15JA',16002,50629,83200
'15JA',16002,50629,90800
'15JA',16002,50629,94400
'15JA',16002,50629,102200
'15JA',16002,50629,105800
'15JA',16002,50629,113000
'15JA',16002,50629,115700
'15JA',16002,50629,122300
'15JA',16002,50629,124900
'15JA',16002,50629,131000
'15JA',16002,50629,133100
'15JA',16002,50629,135200
'15JA',16002,50629,141200
'15JA',16002,50629,143200
'15JA',16002,50629,145200
'15JA',16002,50629,151200
'15JA',16002,50629,153200
'15JA',16002,50629,155200
'15JA',16002,50629,161200
'15JA',16002,50629,163200
'15JA',16002,50629,165200
'15JA',16002,50629,171200
'15JA',16002,50629,173200
'15JA',16002,50629,175200
'15JA',16002,50629,182300
'15JA',16002,50629,185400
'15JA',16002,50629,192700
'15JA',16002,50629,195700
'15JA',16002,50629,203100
'15JA',16002,50629,210500
'15JA',16002,50629,214100
'15JA',16002,50629,221600
'15JA',16002,50629,225000
'15JA',16002,50629,232400
'15JA',16002,50629,235800
'15JA',16002,50629,243200
'15JA',16002,50629,250400
'15JA',16002,50629,253500
'15JA',16002,50629,260500
'15JI',16002,50629,65700
'15JI',16002,50629,73100
'15JI',16002,50629,80400
'15JI',16002,50629,83900
'15JI',16002,50629,91500
'15JI',16002,50629,94900
'15JI',16002,50629,101300
'15JI',16002,50629,103600
'15JI',16002,50629,110000
'15JI',16002,50629,112400
'15JI',16002,50629,114600
'15JI',16002,50629,120800
'15JI',16002,50629,123000
'15JI',16002,50629,125100
'15JI',16002,50629,131200
'15JI',16002,50629,133200
'15JI',16002,50629,135200
'15JI',16002,50629,141200
'15JI',16002,50629,143300
'15JI',16002,50629,145400
'15JI',16002,50629,151500
'15JI',16002,50629,153500
'15JI',16002,50629,155500
'15JI',16002,50629,161600
'15JI',16002,50629,163700
'15JI',16002,50629,165900
'15JI',16002,50629,172600
'15JI',16002,50629,175400
'15JI',16002,50629,182200
'15JI',16002,50629,185100
'15JI',16002,50629,192000
'15JI',16002,50629,194800
'15JI',16002,50629,201800
'15JI',16002,50629,204900
'15JI',16002,50629,212200
'15JI',16002,50629,215600
'15JI',16002,50629,223000
'15JI',16002,50629,230300
'15JI',16002,50629,233500
'15JI',16002,50629,240500
'15JI',16002,50629,243600
'15JI',16002,50629,250500
'15JI',16002,50629,253400
'15JS',16002,50629,54800
'15JS',16002,50629,60600
'15JS',16002,50629,62300
'15JS',16002,50629,64100
'15JS',16002,50629,65600
'15JS',16002,50629,70900
'15JS',16002,50629,71900
'15JS',16002,50629,73000
'15JS',16002,50629,74100
'15JS',16002,50629,75200
'15JS',16002,50629,75900
'15JS',16002,50629,80900
'15JS',16002,50629,81600
'15JS',16002,50629,83000
'15JS',16002,50629,84600
'15JS',16002,50629,90900
'15JS',16002,50629,93100
'15JS',16002,50629,95300
'15JS',16002,50629,101600
'15JS',16002,50629,103800
'15JS',16002,50629,110000
'15JS',16002,50629,112300
'15JS',16002,50629,114800
'15JS',16002,50629,121100
'15JS',16002,50629,123300
'15JS',16002,50629,125100
'15JS',16002,50629,130800
'15JS',16002,50629,132600
'15JS',16002,50629,134400
'15JS',16002,50629,140200
'15JS',16002,50629,142200
'15JS',16002,50629,145500
'15JS',16002,50629,152700
'15JS',16002,50629,155900
'15JS',16002,50629,163100
'15JS',16002,50629,170200
'15JS',16002,50629,173100
'15JS',16002,50629,180100
'15JS',16002,50629,183100
'15JS',16002,50629,190300
'15JS',16002,50629,193500
'15JS',16002,50629,200300
'15JS',16002,50629,203400
'15JS',16002,50629,210200
'15JS',16002,50629,212900
'15JS',16002,50629,215700
'15JS',16002,50629,222100
'15JS',16002,50629,224800
'15JS',16002,50629,232100
'15JS',16002,50629,235600
'15JS',16002,50629,243100
'15JS',16002,50629,250300
'15JS',16002,50629,253700
