'15MA',5801,56617,51500
'15MA',5801,56617,54500
'15MA',5801,56617,61500
'15MA',5801,56617,64500
'15MA',5801,56617,71500
'15MA',5801,56617,74500
'15MA',5801,56617,81500
'15MA',5801,56617,84600
'15MA',5801,56617,91600
'15MA',5801,56617,94600
'15MA',5801,56617,101600
'15MA',5801,56617,103700
'15MA',5801,56617,105700
'15MA',5801,56617,111800
'15MA',5801,56617,114900
'15MA',5801,56617,121300
'15MA',5801,56617,123600
'15MA',5801,56617,125900
'15MA',5801,56617,132200
'15MA',5801,56617,134500
'15MA',5801,56617,140600
'15MA',5801,56617,142700
'15MA',5801,56617,144800
'15MA',5801,56617,150900
'15MA',5801,56617,153000
'15MA',5801,56617,155100
'15MA',5801,56617,161900
'15MA',5801,56617,164700
'15MA',5801,56617,171500
'15MA',5801,56617,174200
'15MA',5801,56617,181200
'15MA',5801,56617,184300
'15MA',5801,56617,191300
'15MA',5801,56617,194300
'15MA',5801,56617,201400
'15MA',5801,56617,204400
'15MA',5801,56617,211400
'15MA',5801,56617,214400
'15MA',5801,56617,221500
'15MA',5801,56617,224500
'15MA',5801,56617,231500
'15MA',5801,56617,234400
'15MA',5801,56617,241400
'15MA',5801,56617,244400
'15MA',5801,56617,251400
'15MF1',5801,56617,51500
'15MF1',5801,56617,54500
'15MF1',5801,56617,61500
'15MF1',5801,56617,64500
'15MF1',5801,56617,71500
'15MF1',5801,56617,74500
'15MF1',5801,56617,81500
'15MF1',5801,56617,84600
'15MF1',5801,56617,91600
'15MF1',5801,56617,94600
'15MF1',5801,56617,101600
'15MF1',5801,56617,103700
'15MF1',5801,56617,105700
'15MF1',5801,56617,111800
'15MF1',5801,56617,114900
'15MF1',5801,56617,121300
'15MF1',5801,56617,123600
'15MF1',5801,56617,125900
'15MF1',5801,56617,132200
'15MF1',5801,56617,134500
'15MF1',5801,56617,140600
'15MF1',5801,56617,142700
'15MF1',5801,56617,144800
'15MF1',5801,56617,150900
'15MF1',5801,56617,153000
'15MF1',5801,56617,155100
'15MF1',5801,56617,161900
'15MF1',5801,56617,164700
'15MF1',5801,56617,171500
'15MF1',5801,56617,174200
'15MF1',5801,56617,181200
'15MF1',5801,56617,184300
'15MF1',5801,56617,191300
'15MF1',5801,56617,194300
'15MF1',5801,56617,201400
'15MF1',5801,56617,204400
'15MF1',5801,56617,211400
'15MF1',5801,56617,214400
'15MF1',5801,56617,221500
'15MF1',5801,56617,224500
'15MF1',5801,56617,231500
'15MF1',5801,56617,234400
'15MF1',5801,56617,241400
'15MF1',5801,56617,244400
'15MF1',5801,56617,251400
'15MF2',5801,56617,51500
'15MF2',5801,56617,54500
'15MF2',5801,56617,61500
'15MF2',5801,56617,64500
'15MF2',5801,56617,71500
'15MF2',5801,56617,74500
'15MF2',5801,56617,81500
'15MF2',5801,56617,84600
'15MF2',5801,56617,91600
'15MF2',5801,56617,94600
'15MF2',5801,56617,101600
'15MF2',5801,56617,103700
'15MF2',5801,56617,105700
'15MF2',5801,56617,111800
'15MF2',5801,56617,114900
'15MF2',5801,56617,121300
'15MF2',5801,56617,123600
'15MF2',5801,56617,125900
'15MF2',5801,56617,132200
'15MF2',5801,56617,134500
'15MF2',5801,56617,140600
'15MF2',5801,56617,142700
'15MF2',5801,56617,144800
'15MF2',5801,56617,150900
'15MF2',5801,56617,153000
'15MF2',5801,56617,155100
'15MF2',5801,56617,161900
'15MF2',5801,56617,164700
'15MF2',5801,56617,171500
'15MF2',5801,56617,174200
'15MF2',5801,56617,181200
'15MF2',5801,56617,184300
'15MF2',5801,56617,191300
'15MF2',5801,56617,194300
'15MF2',5801,56617,201400
'15MF2',5801,56617,204400
'15MF2',5801,56617,211400
'15MF2',5801,56617,214400
'15MF2',5801,56617,221500
'15MF2',5801,56617,224500
'15MF2',5801,56617,231500
'15MF2',5801,56617,234400
'15MF2',5801,56617,241400
'15MF2',5801,56617,244400
'15MF2',5801,56617,251400
'15MF3',5801,56617,51400
'15MF3',5801,56617,54400
'15MF3',5801,56617,61400
'15MF3',5801,56617,64500
'15MF3',5801,56617,71600
'15MF3',5801,56617,74700
'15MF3',5801,56617,81800
'15MF3',5801,56617,85000
'15MF3',5801,56617,92000
'15MF3',5801,56617,95300
'15MF3',5801,56617,102400
'15MF3',5801,56617,105600
'15MF3',5801,56617,112800
'15MF3',5801,56617,120000
'15MF3',5801,56617,123200
'15MF3',5801,56617,130200
'15MF3',5801,56617,133400
'15MF3',5801,56617,140600
'15MF3',5801,56617,143800
'15MF3',5801,56617,151000
'15MF3',5801,56617,153100
'15MF3',5801,56617,155200
'15MF3',5801,56617,161300
'15MF3',5801,56617,163500
'15MF3',5801,56617,165700
'15MF3',5801,56617,172000
'15MF3',5801,56617,175000
'15MF3',5801,56617,182200
'15MF3',5801,56617,185400
'15MF3',5801,56617,192600
'15MF3',5801,56617,195800
'15MF3',5801,56617,203000
'15MF3',5801,56617,210200
'15MF3',5801,56617,213400
'15MF3',5801,56617,220600
'15MF3',5801,56617,223700
'15MF3',5801,56617,230900
'15MF3',5801,56617,234100
'15MF3',5801,56617,241300
'15MF3',5801,56617,244200
'15MF3',5801,56617,251300
'15MI',5801,56617,51400
'15MI',5801,56617,54400
'15MI',5801,56617,61400
'15MI',5801,56617,64500
'15MI',5801,56617,71600
'15MI',5801,56617,74700
'15MI',5801,56617,81800
'15MI',5801,56617,85000
'15MI',5801,56617,92000
'15MI',5801,56617,95300
'15MI',5801,56617,102400
'15MI',5801,56617,105600
'15MI',5801,56617,112800
'15MI',5801,56617,120000
'15MI',5801,56617,123200
'15MI',5801,56617,130200
'15MI',5801,56617,133400
'15MI',5801,56617,140600
'15MI',5801,56617,143800
'15MI',5801,56617,151000
'15MI',5801,56617,153100
'15MI',5801,56617,155200
'15MI',5801,56617,161300
'15MI',5801,56617,163500
'15MI',5801,56617,165700
'15MI',5801,56617,172000
'15MI',5801,56617,175000
'15MI',5801,56617,182200
'15MI',5801,56617,185400
'15MI',5801,56617,192600
'15MI',5801,56617,195800
'15MI',5801,56617,203000
'15MI',5801,56617,210200
'15MI',5801,56617,213400
'15MI',5801,56617,220600
'15MI',5801,56617,223700
'15MI',5801,56617,230900
'15MI',5801,56617,234100
'15MI',5801,56617,241300
'15MI',5801,56617,244200
'15MI',5801,56617,251300
'15MS',5801,56617,51400
'15MS',5801,56617,54600
'15MS',5801,56617,61600
'15MS',5801,56617,63900
'15MS',5801,56617,70000
'15MS',5801,56617,71800
'15MS',5801,56617,72600
'15MS',5801,56617,73300
'15MS',5801,56617,74200
'15MS',5801,56617,75000
'15MS',5801,56617,75800
'15MS',5801,56617,80600
'15MS',5801,56617,81400
'15MS',5801,56617,82100
'15MS',5801,56617,83400
'15MS',5801,56617,84700
'15MS',5801,56617,90200
'15MS',5801,56617,92100
'15MS',5801,56617,94100
'15MS',5801,56617,100100
'15MS',5801,56617,102100
'15MS',5801,56617,104100
'15MS',5801,56617,110100
'15MS',5801,56617,112100
'15MS',5801,56617,114100
'15MS',5801,56617,120100
'15MS',5801,56617,122300
'15MS',5801,56617,124500
'15MS',5801,56617,130800
'15MS',5801,56617,133100
'15MS',5801,56617,135300
'15MS',5801,56617,141500
'15MS',5801,56617,143700
'15MS',5801,56617,145900
'15MS',5801,56617,152100
'15MS',5801,56617,154300
'15MS',5801,56617,160600
'15MS',5801,56617,162900
'15MS',5801,56617,165700
'15MS',5801,56617,172600
'15MS',5801,56617,175600
'15MS',5801,56617,182400
'15MS',5801,56617,185400
'15MS',5801,56617,192200
'15MS',5801,56617,195100
'15MS',5801,56617,202100
'15MS',5801,56617,205000
'15MS',5801,56617,211800
'15MS',5801,56617,214700
'15MS',5801,56617,221700
'15MS',5801,56617,224600
'15MS',5801,56617,231500
'15MS',5801,56617,234400
'15MS',5801,56617,241300
'15MS',5801,56617,244300
'15MS',5801,56617,251300
