'15UA',38201,58135,261100
'15UA',38201,58135,265700
'15UA',38201,58135,274200
'15UA',38201,58135,282700
'15UF1',38201,58135,261300
'15UF1',38201,58135,265800
'15UF1',38201,58135,274300
'15UF1',38201,58135,282800
'15UF2',38201,58135,261300
'15UF2',38201,58135,265800
'15UF2',38201,58135,274300
'15UF2',38201,58135,282800
'15UI',38201,58135,261300
'15UI',38201,58135,265800
'15UI',38201,58135,274300
'15UI',38201,58135,282800
'15US',38201,58135,261100
'15US',38201,58135,265600
'15US',38201,58135,274100
'15US',38201,58135,282600
'15US',40904,58135,53100
'15US',40904,58135,60200
'15US',40904,58135,63300
'15US',40904,58135,70500
'15US',40904,58135,72800
'15US',40904,58135,75000
'15US',40904,58135,81100
'15US',40904,58135,83600
'15US',40904,58135,90600
'15US',40904,58135,93600
'15US',40904,58135,100200
'15US',40904,58135,150000
'15US',40904,58135,153000
'15US',40904,58135,160100
'15US',40904,58135,163300
'15US',40904,58135,170500
'15US',40904,58135,173700
'15US',40904,58135,180900
