'14SA',3703,52228,53600
'14SA',3703,52228,60000
'14SA',3703,52228,62400
'14SA',3703,52228,64800
'14SA',3703,52228,71200
'14SA',3703,52228,73700
'14SA',3703,52228,80200
'14SA',3703,52228,82900
'14SA',3703,52228,85600
'14SA',3703,52228,92200
'14SA',3703,52228,94900
'14SA',3703,52228,101800
'14SA',3703,52228,104700
'14SA',3703,52228,111600
'14SA',3703,52228,114700
'14SA',3703,52228,121800
'14SA',3703,52228,124800
'14SA',3703,52228,131800
'14SA',3703,52228,134900
'14SA',3703,52228,141900
'14SA',3703,52228,145000
'14SA',3703,52228,152000
'14SA',3703,52228,155100
'14SA',3703,52228,162100
'14SA',3703,52228,165200
'14SA',3703,52228,172200
'14SA',3703,52228,175000
'14SA',3703,52228,181900
'14SA',3703,52228,184900
'14SA',3703,52228,191900
'14SA',3703,52228,194600
'14SA',3703,52228,201400
'14SA',3703,52228,204200
'14SA',3703,52228,211000
'14SA',3703,52228,213800
'14SA',3703,52228,220600
'14SA',3703,52228,223300
'14SA',3703,52228,230000
'14SA',3703,52228,232700
'14SA',3703,52228,235200
'14SA',3703,52228,241900
'14SA',3703,52228,244500
'14SA',3703,52228,250800
'14SA',3703,52228,253100
'14SF1',3703,52228,53600
'14SF1',3703,52228,60000
'14SF1',3703,52228,62300
'14SF1',3703,52228,64600
'14SF1',3703,52228,71100
'14SF1',3703,52228,73600
'14SF1',3703,52228,80000
'14SF1',3703,52228,82400
'14SF1',3703,52228,84900
'14SF1',3703,52228,91600
'14SF1',3703,52228,94200
'14SF1',3703,52228,101000
'14SF1',3703,52228,103800
'14SF1',3703,52228,110600
'14SF1',3703,52228,113500
'14SF1',3703,52228,120500
'14SF1',3703,52228,123300
'14SF1',3703,52228,130100
'14SF1',3703,52228,132900
'14SF1',3703,52228,135800
'14SF1',3703,52228,142600
'14SF1',3703,52228,145400
'14SF1',3703,52228,152300
'14SF1',3703,52228,155200
'14SF1',3703,52228,162100
'14SF1',3703,52228,164900
'14SF1',3703,52228,171700
'14SF1',3703,52228,174600
'14SF1',3703,52228,181500
'14SF1',3703,52228,184300
'14SF1',3703,52228,191100
'14SF1',3703,52228,193800
'14SF1',3703,52228,200400
'14SF1',3703,52228,202900
'14SF1',3703,52228,205500
'14SF1',3703,52228,212200
'14SF1',3703,52228,214900
'14SF1',3703,52228,221500
'14SF1',3703,52228,224100
'14SF1',3703,52228,230600
'14SF1',3703,52228,233000
'14SF1',3703,52228,235400
'14SF1',3703,52228,241900
'14SF1',3703,52228,244400
'14SF1',3703,52228,250700
'14SF2',3703,52228,53600
'14SF2',3703,52228,60000
'14SF2',3703,52228,62300
'14SF2',3703,52228,64600
'14SF2',3703,52228,71100
'14SF2',3703,52228,73600
'14SF2',3703,52228,80000
'14SF2',3703,52228,82400
'14SF2',3703,52228,84900
'14SF2',3703,52228,91600
'14SF2',3703,52228,94200
'14SF2',3703,52228,101000
'14SF2',3703,52228,103800
'14SF2',3703,52228,110600
'14SF2',3703,52228,113500
'14SF2',3703,52228,120500
'14SF2',3703,52228,123300
'14SF2',3703,52228,130100
'14SF2',3703,52228,132900
'14SF2',3703,52228,135800
'14SF2',3703,52228,142600
'14SF2',3703,52228,145400
'14SF2',3703,52228,152300
'14SF2',3703,52228,155200
'14SF2',3703,52228,162100
'14SF2',3703,52228,164900
'14SF2',3703,52228,171700
'14SF2',3703,52228,174600
'14SF2',3703,52228,181500
'14SF2',3703,52228,184300
'14SF2',3703,52228,191100
'14SF2',3703,52228,193800
'14SF2',3703,52228,200400
'14SF2',3703,52228,202900
'14SF2',3703,52228,205500
'14SF2',3703,52228,212200
'14SF2',3703,52228,214900
'14SF2',3703,52228,221500
'14SF2',3703,52228,224100
'14SF2',3703,52228,230600
'14SF2',3703,52228,233000
'14SF2',3703,52228,235400
'14SF2',3703,52228,241900
'14SF2',3703,52228,244400
'14SF2',3703,52228,250700
'14SI',3703,52228,53600
'14SI',3703,52228,60000
'14SI',3703,52228,62300
'14SI',3703,52228,64600
'14SI',3703,52228,71100
'14SI',3703,52228,73600
'14SI',3703,52228,80000
'14SI',3703,52228,82400
'14SI',3703,52228,84900
'14SI',3703,52228,91600
'14SI',3703,52228,94200
'14SI',3703,52228,101000
'14SI',3703,52228,103800
'14SI',3703,52228,110600
'14SI',3703,52228,113500
'14SI',3703,52228,120500
'14SI',3703,52228,123300
'14SI',3703,52228,130100
'14SI',3703,52228,132900
'14SI',3703,52228,135800
'14SI',3703,52228,142600
'14SI',3703,52228,145400
'14SI',3703,52228,152300
'14SI',3703,52228,155200
'14SI',3703,52228,162100
'14SI',3703,52228,164900
'14SI',3703,52228,171700
'14SI',3703,52228,174600
'14SI',3703,52228,181500
'14SI',3703,52228,184300
'14SI',3703,52228,191100
'14SI',3703,52228,193800
'14SI',3703,52228,200400
'14SI',3703,52228,202900
'14SI',3703,52228,205500
'14SI',3703,52228,212200
'14SI',3703,52228,214900
'14SI',3703,52228,221500
'14SI',3703,52228,224100
'14SI',3703,52228,230600
'14SI',3703,52228,233000
'14SI',3703,52228,235400
'14SI',3703,52228,241900
'14SI',3703,52228,244400
'14SI',3703,52228,250700
'14SS',3703,52228,53100
'14SS',3703,52228,60700
'14SS',3703,52228,63900
'14SS',3703,52228,70400
'14SS',3703,52228,73100
'14SS',3703,52228,75700
'14SS',3703,52228,82200
'14SS',3703,52228,84400
'14SS',3703,52228,90900
'14SS',3703,52228,93400
'14SS',3703,52228,95800
'14SS',3703,52228,102200
'14SS',3703,52228,104600
'14SS',3703,52228,111000
'14SS',3703,52228,113500
'14SS',3703,52228,120100
'14SS',3703,52228,122600
'14SS',3703,52228,125100
'14SS',3703,52228,131600
'14SS',3703,52228,134200
'14SS',3703,52228,140800
'14SS',3703,52228,143400
'14SS',3703,52228,150300
'14SS',3703,52228,152900
'14SS',3703,52228,155600
'14SS',3703,52228,162300
'14SS',3703,52228,165000
'14SS',3703,52228,171700
'14SS',3703,52228,174300
'14SS',3703,52228,180800
'14SS',3703,52228,183300
'14SS',3703,52228,185800
'14SS',3703,52228,192800
'14SS',3703,52228,195800
'14SS',3703,52228,202800
'14SS',3703,52228,205900
'14SS',3703,52228,212900
'14SS',3703,52228,215900
'14SS',3703,52228,222900
'14SS',3703,52228,230000
'14SS',3703,52228,232900
'14SS',3703,52228,235900
'14SS',3703,52228,242300
'14SS',3703,52228,244800
'14SS',3703,52228,251300
'14SS',3703,52228,254000
'14SS',3703,52228,260800
