'15MA',2402,56279,55400
'15MA',2402,56279,62500
'15MA',2402,56279,65600
'15MA',2402,56279,72700
'15MA',2402,56279,75800
'15MA',2402,56279,82800
'15MA',2402,56279,84300
'15MA',2402,56279,85900
'15MA',2402,56279,91500
'15MA',2402,56279,93000
'15MA',2402,56279,94300
'15MA',2402,56279,95600
'15MA',2402,56279,100800
'15MA',2402,56279,102000
'15MA',2402,56279,103200
'15MA',2402,56279,104500
'15MA',2402,56279,110100
'15MA',2402,56279,111400
'15MA',2402,56279,112600
'15MA',2402,56279,113600
'15MA',2402,56279,114500
'15MA',2402,56279,115400
'15MA',2402,56279,120300
'15MA',2402,56279,121200
'15MA',2402,56279,122000
'15MA',2402,56279,122800
'15MA',2402,56279,123600
'15MA',2402,56279,124600
'15MA',2402,56279,125600
'15MA',2402,56279,130600
'15MA',2402,56279,131600
'15MA',2402,56279,132600
'15MA',2402,56279,133700
'15MA',2402,56279,134700
'15MA',2402,56279,135800
'15MA',2402,56279,140800
'15MA',2402,56279,141800
'15MA',2402,56279,142800
'15MA',2402,56279,143800
'15MA',2402,56279,144800
'15MA',2402,56279,145600
'15MA',2402,56279,150400
'15MA',2402,56279,151200
'15MA',2402,56279,152100
'15MA',2402,56279,153000
'15MA',2402,56279,153900
'15MA',2402,56279,154800
'15MA',2402,56279,155800
'15MA',2402,56279,160600
'15MA',2402,56279,161400
'15MA',2402,56279,162200
'15MA',2402,56279,163000
'15MA',2402,56279,163800
'15MA',2402,56279,164600
'15MA',2402,56279,165600
'15MA',2402,56279,170600
'15MA',2402,56279,171700
'15MA',2402,56279,172800
'15MA',2402,56279,174100
'15MA',2402,56279,175400
'15MA',2402,56279,180800
'15MA',2402,56279,182000
'15MA',2402,56279,183200
'15MA',2402,56279,184400
'15MA',2402,56279,185500
'15MA',2402,56279,190700
'15MA',2402,56279,191800
'15MA',2402,56279,193100
'15MA',2402,56279,194600
'15MA',2402,56279,200100
'15MA',2402,56279,201700
'15MA',2402,56279,203400
'15MA',2402,56279,205000
'15MA',2402,56279,210300
'15MA',2402,56279,211500
'15MA',2402,56279,212700
'15MA',2402,56279,213900
'15MA',2402,56279,215600
'15MA',2402,56279,221300
'15MA',2402,56279,223000
'15MA',2402,56279,225100
'15MA',2402,56279,231400
'15MA',2402,56279,234000
'15MA',2402,56279,240600
'15MA',2402,56279,243000
'15MA',2402,56279,245300
'15MA',2402,56279,251600
'15MA',2402,56279,253900
'15MA',2402,56279,260400
'15MF1',2402,56279,55400
'15MF1',2402,56279,62500
'15MF1',2402,56279,65600
'15MF1',2402,56279,72700
'15MF1',2402,56279,75800
'15MF1',2402,56279,82800
'15MF1',2402,56279,84300
'15MF1',2402,56279,85900
'15MF1',2402,56279,91500
'15MF1',2402,56279,93000
'15MF1',2402,56279,94300
'15MF1',2402,56279,95600
'15MF1',2402,56279,100800
'15MF1',2402,56279,102000
'15MF1',2402,56279,103200
'15MF1',2402,56279,104500
'15MF1',2402,56279,110100
'15MF1',2402,56279,111400
'15MF1',2402,56279,112600
'15MF1',2402,56279,113600
'15MF1',2402,56279,114500
'15MF1',2402,56279,115400
'15MF1',2402,56279,120300
'15MF1',2402,56279,121200
'15MF1',2402,56279,122000
'15MF1',2402,56279,122800
'15MF1',2402,56279,123600
'15MF1',2402,56279,124600
'15MF1',2402,56279,125600
'15MF1',2402,56279,130600
'15MF1',2402,56279,131600
'15MF1',2402,56279,132600
'15MF1',2402,56279,133700
'15MF1',2402,56279,134700
'15MF1',2402,56279,135800
'15MF1',2402,56279,140800
'15MF1',2402,56279,141800
'15MF1',2402,56279,142800
'15MF1',2402,56279,143800
'15MF1',2402,56279,144800
'15MF1',2402,56279,145600
'15MF1',2402,56279,150400
'15MF1',2402,56279,151200
'15MF1',2402,56279,152100
'15MF1',2402,56279,153000
'15MF1',2402,56279,153900
'15MF1',2402,56279,154800
'15MF1',2402,56279,155800
'15MF1',2402,56279,160600
'15MF1',2402,56279,161400
'15MF1',2402,56279,162200
'15MF1',2402,56279,163000
'15MF1',2402,56279,163800
'15MF1',2402,56279,164600
'15MF1',2402,56279,165600
'15MF1',2402,56279,170600
'15MF1',2402,56279,171700
'15MF1',2402,56279,172800
'15MF1',2402,56279,174100
'15MF1',2402,56279,175400
'15MF1',2402,56279,180800
'15MF1',2402,56279,182000
'15MF1',2402,56279,183200
'15MF1',2402,56279,184400
'15MF1',2402,56279,185500
'15MF1',2402,56279,190700
'15MF1',2402,56279,191800
'15MF1',2402,56279,193100
'15MF1',2402,56279,194600
'15MF1',2402,56279,200100
'15MF1',2402,56279,201700
'15MF1',2402,56279,203400
'15MF1',2402,56279,205000
'15MF1',2402,56279,210300
'15MF1',2402,56279,211500
'15MF1',2402,56279,212700
'15MF1',2402,56279,213900
'15MF1',2402,56279,215600
'15MF1',2402,56279,221300
'15MF1',2402,56279,223000
'15MF1',2402,56279,225100
'15MF1',2402,56279,231400
'15MF1',2402,56279,234000
'15MF1',2402,56279,240600
'15MF1',2402,56279,243000
'15MF1',2402,56279,245300
'15MF1',2402,56279,252000
'15MF2',2402,56279,55400
'15MF2',2402,56279,62500
'15MF2',2402,56279,65600
'15MF2',2402,56279,72700
'15MF2',2402,56279,75800
'15MF2',2402,56279,82800
'15MF2',2402,56279,84300
'15MF2',2402,56279,85900
'15MF2',2402,56279,91500
'15MF2',2402,56279,93000
'15MF2',2402,56279,94300
'15MF2',2402,56279,95600
'15MF2',2402,56279,100800
'15MF2',2402,56279,102000
'15MF2',2402,56279,103200
'15MF2',2402,56279,104500
'15MF2',2402,56279,110100
'15MF2',2402,56279,111400
'15MF2',2402,56279,112600
'15MF2',2402,56279,113600
'15MF2',2402,56279,114500
'15MF2',2402,56279,115400
'15MF2',2402,56279,120300
'15MF2',2402,56279,121200
'15MF2',2402,56279,122000
'15MF2',2402,56279,122800
'15MF2',2402,56279,123600
'15MF2',2402,56279,124600
'15MF2',2402,56279,125600
'15MF2',2402,56279,130600
'15MF2',2402,56279,131600
'15MF2',2402,56279,132600
'15MF2',2402,56279,133700
'15MF2',2402,56279,134700
'15MF2',2402,56279,135800
'15MF2',2402,56279,140800
'15MF2',2402,56279,141800
'15MF2',2402,56279,142800
'15MF2',2402,56279,143800
'15MF2',2402,56279,144800
'15MF2',2402,56279,145600
'15MF2',2402,56279,150400
'15MF2',2402,56279,151200
'15MF2',2402,56279,152100
'15MF2',2402,56279,153000
'15MF2',2402,56279,153900
'15MF2',2402,56279,154800
'15MF2',2402,56279,155800
'15MF2',2402,56279,160600
'15MF2',2402,56279,161400
'15MF2',2402,56279,162200
'15MF2',2402,56279,163000
'15MF2',2402,56279,163800
'15MF2',2402,56279,164600
'15MF2',2402,56279,165600
'15MF2',2402,56279,170600
'15MF2',2402,56279,171700
'15MF2',2402,56279,172800
'15MF2',2402,56279,174100
'15MF2',2402,56279,175400
'15MF2',2402,56279,180800
'15MF2',2402,56279,182000
'15MF2',2402,56279,183200
'15MF2',2402,56279,184400
'15MF2',2402,56279,185500
'15MF2',2402,56279,190700
'15MF2',2402,56279,191800
'15MF2',2402,56279,193100
'15MF2',2402,56279,194600
'15MF2',2402,56279,200100
'15MF2',2402,56279,201700
'15MF2',2402,56279,203400
'15MF2',2402,56279,205000
'15MF2',2402,56279,210300
'15MF2',2402,56279,211500
'15MF2',2402,56279,212700
'15MF2',2402,56279,213900
'15MF2',2402,56279,215600
'15MF2',2402,56279,221300
'15MF2',2402,56279,223000
'15MF2',2402,56279,225100
'15MF2',2402,56279,231400
'15MF2',2402,56279,234000
'15MF2',2402,56279,240600
'15MF2',2402,56279,243000
'15MF2',2402,56279,245300
'15MF2',2402,56279,252000
'15MF3',2402,56279,55400
'15MF3',2402,56279,62500
'15MF3',2402,56279,65600
'15MF3',2402,56279,72700
'15MF3',2402,56279,75800
'15MF3',2402,56279,82800
'15MF3',2402,56279,84300
'15MF3',2402,56279,85900
'15MF3',2402,56279,91500
'15MF3',2402,56279,93000
'15MF3',2402,56279,94300
'15MF3',2402,56279,95600
'15MF3',2402,56279,100800
'15MF3',2402,56279,102000
'15MF3',2402,56279,103200
'15MF3',2402,56279,104500
'15MF3',2402,56279,110100
'15MF3',2402,56279,111400
'15MF3',2402,56279,112600
'15MF3',2402,56279,113600
'15MF3',2402,56279,114500
'15MF3',2402,56279,115400
'15MF3',2402,56279,120300
'15MF3',2402,56279,121200
'15MF3',2402,56279,122000
'15MF3',2402,56279,122800
'15MF3',2402,56279,123600
'15MF3',2402,56279,124600
'15MF3',2402,56279,125600
'15MF3',2402,56279,130600
'15MF3',2402,56279,131600
'15MF3',2402,56279,132600
'15MF3',2402,56279,133700
'15MF3',2402,56279,134700
'15MF3',2402,56279,135800
'15MF3',2402,56279,140800
'15MF3',2402,56279,141800
'15MF3',2402,56279,142800
'15MF3',2402,56279,143800
'15MF3',2402,56279,144800
'15MF3',2402,56279,145600
'15MF3',2402,56279,150400
'15MF3',2402,56279,151200
'15MF3',2402,56279,152100
'15MF3',2402,56279,153000
'15MF3',2402,56279,153900
'15MF3',2402,56279,154800
'15MF3',2402,56279,155800
'15MF3',2402,56279,160600
'15MF3',2402,56279,161400
'15MF3',2402,56279,162200
'15MF3',2402,56279,163000
'15MF3',2402,56279,163800
'15MF3',2402,56279,164600
'15MF3',2402,56279,165600
'15MF3',2402,56279,170600
'15MF3',2402,56279,171700
'15MF3',2402,56279,172800
'15MF3',2402,56279,174100
'15MF3',2402,56279,175400
'15MF3',2402,56279,180800
'15MF3',2402,56279,182000
'15MF3',2402,56279,183200
'15MF3',2402,56279,184400
'15MF3',2402,56279,185500
'15MF3',2402,56279,190700
'15MF3',2402,56279,191800
'15MF3',2402,56279,193100
'15MF3',2402,56279,194600
'15MF3',2402,56279,200100
'15MF3',2402,56279,201700
'15MF3',2402,56279,203400
'15MF3',2402,56279,205000
'15MF3',2402,56279,210300
'15MF3',2402,56279,211500
'15MF3',2402,56279,212700
'15MF3',2402,56279,213900
'15MF3',2402,56279,215600
'15MF3',2402,56279,221300
'15MF3',2402,56279,223000
'15MF3',2402,56279,225100
'15MF3',2402,56279,231400
'15MF3',2402,56279,234000
'15MF3',2402,56279,240600
'15MF3',2402,56279,243000
'15MF3',2402,56279,245300
'15MF3',2402,56279,252000
'15MI',2402,56279,55300
'15MI',2402,56279,62300
'15MI',2402,56279,65500
'15MI',2402,56279,72500
'15MI',2402,56279,75600
'15MI',2402,56279,82600
'15MI',2402,56279,85700
'15MI',2402,56279,92400
'15MI',2402,56279,94200
'15MI',2402,56279,95800
'15MI',2402,56279,101500
'15MI',2402,56279,103200
'15MI',2402,56279,104900
'15MI',2402,56279,110400
'15MI',2402,56279,111400
'15MI',2402,56279,112400
'15MI',2402,56279,113500
'15MI',2402,56279,115100
'15MI',2402,56279,120700
'15MI',2402,56279,122200
'15MI',2402,56279,123500
'15MI',2402,56279,124500
'15MI',2402,56279,125500
'15MI',2402,56279,130500
'15MI',2402,56279,131500
'15MI',2402,56279,132400
'15MI',2402,56279,133300
'15MI',2402,56279,134200
'15MI',2402,56279,135200
'15MI',2402,56279,140200
'15MI',2402,56279,141100
'15MI',2402,56279,142000
'15MI',2402,56279,142900
'15MI',2402,56279,143700
'15MI',2402,56279,144500
'15MI',2402,56279,145300
'15MI',2402,56279,150200
'15MI',2402,56279,151200
'15MI',2402,56279,152300
'15MI',2402,56279,153500
'15MI',2402,56279,154700
'15MI',2402,56279,160100
'15MI',2402,56279,161600
'15MI',2402,56279,163100
'15MI',2402,56279,164500
'15MI',2402,56279,165900
'15MI',2402,56279,171200
'15MI',2402,56279,172500
'15MI',2402,56279,173700
'15MI',2402,56279,175000
'15MI',2402,56279,180300
'15MI',2402,56279,181600
'15MI',2402,56279,183100
'15MI',2402,56279,184600
'15MI',2402,56279,190000
'15MI',2402,56279,191500
'15MI',2402,56279,193000
'15MI',2402,56279,194400
'15MI',2402,56279,200000
'15MI',2402,56279,202600
'15MI',2402,56279,205600
'15MI',2402,56279,212600
'15MI',2402,56279,215600
'15MI',2402,56279,222600
'15MI',2402,56279,225500
'15MI',2402,56279,232300
'15MI',2402,56279,235200
'15MI',2402,56279,242200
'15MI',2402,56279,245100
'15MI',2402,56279,252000
'15MS',2402,56279,53900
'15MS',2402,56279,60300
'15MS',2402,56279,62900
'15MS',2402,56279,64000
'15MS',2402,56279,65000
'15MS',2402,56279,70200
'15MS',2402,56279,71300
'15MS',2402,56279,72500
'15MS',2402,56279,73600
'15MS',2402,56279,74700
'15MS',2402,56279,75300
'15MS',2402,56279,75800
'15MS',2402,56279,80300
'15MS',2402,56279,80800
'15MS',2402,56279,81300
'15MS',2402,56279,81800
'15MS',2402,56279,82300
'15MS',2402,56279,82800
'15MS',2402,56279,83300
'15MS',2402,56279,83700
'15MS',2402,56279,84200
'15MS',2402,56279,84600
'15MS',2402,56279,85000
'15MS',2402,56279,85300
'15MS',2402,56279,85600
'15MS',2402,56279,85900
'15MS',2402,56279,90400
'15MS',2402,56279,90800
'15MS',2402,56279,91300
'15MS',2402,56279,91700
'15MS',2402,56279,92200
'15MS',2402,56279,92800
'15MS',2402,56279,93400
'15MS',2402,56279,94000
'15MS',2402,56279,94500
'15MS',2402,56279,95000
'15MS',2402,56279,95400
'15MS',2402,56279,95800
'15MS',2402,56279,100300
'15MS',2402,56279,100800
'15MS',2402,56279,101400
'15MS',2402,56279,101900
'15MS',2402,56279,102400
'15MS',2402,56279,102900
'15MS',2402,56279,103500
'15MS',2402,56279,104100
'15MS',2402,56279,104700
'15MS',2402,56279,105300
'15MS',2402,56279,105900
'15MS',2402,56279,110500
'15MS',2402,56279,111400
'15MS',2402,56279,112200
'15MS',2402,56279,112900
'15MS',2402,56279,113600
'15MS',2402,56279,114300
'15MS',2402,56279,114900
'15MS',2402,56279,115500
'15MS',2402,56279,120300
'15MS',2402,56279,121100
'15MS',2402,56279,121900
'15MS',2402,56279,122600
'15MS',2402,56279,123300
'15MS',2402,56279,124000
'15MS',2402,56279,124600
'15MS',2402,56279,125300
'15MS',2402,56279,125900
'15MS',2402,56279,130500
'15MS',2402,56279,131100
'15MS',2402,56279,131700
'15MS',2402,56279,132300
'15MS',2402,56279,132900
'15MS',2402,56279,133700
'15MS',2402,56279,134500
'15MS',2402,56279,135300
'15MS',2402,56279,140200
'15MS',2402,56279,141000
'15MS',2402,56279,141900
'15MS',2402,56279,142800
'15MS',2402,56279,143900
'15MS',2402,56279,144800
'15MS',2402,56279,145700
'15MS',2402,56279,150600
'15MS',2402,56279,151400
'15MS',2402,56279,152200
'15MS',2402,56279,153000
'15MS',2402,56279,153800
'15MS',2402,56279,154600
'15MS',2402,56279,155400
'15MS',2402,56279,160200
'15MS',2402,56279,161000
'15MS',2402,56279,161800
'15MS',2402,56279,162400
'15MS',2402,56279,163000
'15MS',2402,56279,163700
'15MS',2402,56279,164400
'15MS',2402,56279,165100
'15MS',2402,56279,165900
'15MS',2402,56279,170500
'15MS',2402,56279,171500
'15MS',2402,56279,172500
'15MS',2402,56279,173500
'15MS',2402,56279,174500
'15MS',2402,56279,175500
'15MS',2402,56279,180500
'15MS',2402,56279,181500
'15MS',2402,56279,182500
'15MS',2402,56279,183200
'15MS',2402,56279,184200
'15MS',2402,56279,185200
'15MS',2402,56279,190200
'15MS',2402,56279,191200
'15MS',2402,56279,192200
'15MS',2402,56279,192900
'15MS',2402,56279,193600
'15MS',2402,56279,194600
'15MS',2402,56279,195600
'15MS',2402,56279,200600
'15MS',2402,56279,201600
'15MS',2402,56279,202600
'15MS',2402,56279,203600
'15MS',2402,56279,204600
'15MS',2402,56279,205600
'15MS',2402,56279,210600
'15MS',2402,56279,211500
'15MS',2402,56279,212500
'15MS',2402,56279,214300
'15MS',2402,56279,220200
'15MS',2402,56279,222600
'15MS',2402,56279,225200
'15MS',2402,56279,232100
'15MS',2402,56279,235300
'15MS',2402,56279,242200
'15MS',2402,56279,245300
'15MS',2402,56279,252400
'15MA',10402,56279,54600
'15MA',10402,56279,61200
'15MA',10402,56279,64300
'15MA',10402,56279,71200
'15MA',10402,56279,74100
'15MA',10402,56279,81300
'15MA',10402,56279,84600
'15MA',10402,56279,92000
'15MA',10402,56279,95100
'15MA',10402,56279,102400
'15MA',10402,56279,105800
'15MA',10402,56279,113200
'15MA',10402,56279,120500
'15MA',10402,56279,123900
'15MA',10402,56279,131400
'15MA',10402,56279,134700
'15MA',10402,56279,142000
'15MA',10402,56279,145500
'15MA',10402,56279,152900
'15MA',10402,56279,160200
'15MA',10402,56279,163600
'15MA',10402,56279,170900
'15MA',10402,56279,174200
'15MA',10402,56279,181500
'15MA',10402,56279,184800
'15MA',10402,56279,192100
'15MA',10402,56279,195300
'15MA',10402,56279,202400
'15MA',10402,56279,205500
'15MA',10402,56279,212600
'15MA',10402,56279,215500
'15MA',10402,56279,222600
'15MA',10402,56279,225700
'15MA',10402,56279,232600
'15MA',10402,56279,235800
'15MA',10402,56279,242500
'15MA',10402,56279,245500
'15MA',10402,56279,252500
'15MA',10402,56279,255400
'15MF1',10402,56279,54600
'15MF1',10402,56279,61200
'15MF1',10402,56279,64300
'15MF1',10402,56279,71200
'15MF1',10402,56279,74100
'15MF1',10402,56279,81300
'15MF1',10402,56279,84600
'15MF1',10402,56279,92000
'15MF1',10402,56279,95100
'15MF1',10402,56279,102400
'15MF1',10402,56279,105800
'15MF1',10402,56279,113200
'15MF1',10402,56279,120500
'15MF1',10402,56279,123900
'15MF1',10402,56279,131400
'15MF1',10402,56279,134700
'15MF1',10402,56279,142000
'15MF1',10402,56279,145500
'15MF1',10402,56279,152900
'15MF1',10402,56279,160200
'15MF1',10402,56279,163600
'15MF1',10402,56279,170900
'15MF1',10402,56279,174200
'15MF1',10402,56279,181500
'15MF1',10402,56279,184800
'15MF1',10402,56279,192100
'15MF1',10402,56279,195300
'15MF1',10402,56279,202400
'15MF1',10402,56279,205500
'15MF1',10402,56279,212600
'15MF1',10402,56279,215500
'15MF1',10402,56279,222600
'15MF1',10402,56279,225700
'15MF1',10402,56279,232600
'15MF1',10402,56279,235800
'15MF1',10402,56279,242500
'15MF1',10402,56279,245500
'15MF1',10402,56279,252900
'15MF2',10402,56279,54600
'15MF2',10402,56279,61200
'15MF2',10402,56279,64300
'15MF2',10402,56279,71200
'15MF2',10402,56279,74100
'15MF2',10402,56279,81300
'15MF2',10402,56279,84600
'15MF2',10402,56279,92000
'15MF2',10402,56279,95100
'15MF2',10402,56279,102400
'15MF2',10402,56279,105800
'15MF2',10402,56279,113200
'15MF2',10402,56279,120500
'15MF2',10402,56279,123900
'15MF2',10402,56279,131400
'15MF2',10402,56279,134700
'15MF2',10402,56279,142000
'15MF2',10402,56279,145500
'15MF2',10402,56279,152900
'15MF2',10402,56279,160200
'15MF2',10402,56279,163600
'15MF2',10402,56279,170900
'15MF2',10402,56279,174200
'15MF2',10402,56279,181500
'15MF2',10402,56279,184800
'15MF2',10402,56279,192100
'15MF2',10402,56279,195300
'15MF2',10402,56279,202400
'15MF2',10402,56279,205500
'15MF2',10402,56279,212600
'15MF2',10402,56279,215500
'15MF2',10402,56279,222600
'15MF2',10402,56279,225700
'15MF2',10402,56279,232600
'15MF2',10402,56279,235800
'15MF2',10402,56279,242500
'15MF2',10402,56279,245500
'15MF2',10402,56279,252900
'15MF3',10402,56279,60200
'15MF3',10402,56279,63300
'15MF3',10402,56279,70400
'15MF3',10402,56279,73600
'15MF3',10402,56279,80800
'15MF3',10402,56279,84000
'15MF3',10402,56279,91300
'15MF3',10402,56279,94700
'15MF3',10402,56279,101800
'15MF3',10402,56279,105500
'15MF3',10402,56279,113100
'15MF3',10402,56279,120600
'15MF3',10402,56279,124000
'15MF3',10402,56279,131400
'15MF3',10402,56279,134900
'15MF3',10402,56279,142400
'15MF3',10402,56279,145900
'15MF3',10402,56279,153400
'15MF3',10402,56279,160900
'15MF3',10402,56279,164400
'15MF3',10402,56279,171900
'15MF3',10402,56279,175500
'15MF3',10402,56279,183100
'15MF3',10402,56279,190400
'15MF3',10402,56279,193700
'15MF3',10402,56279,200900
'15MF3',10402,56279,204100
'15MF3',10402,56279,211300
'15MF3',10402,56279,214500
'15MF3',10402,56279,221700
'15MF3',10402,56279,224900
'15MF3',10402,56279,232100
'15MF3',10402,56279,235200
'15MF3',10402,56279,242400
'15MF3',10402,56279,245600
'15MF3',10402,56279,252900
'15MI',10402,56279,60200
'15MI',10402,56279,63300
'15MI',10402,56279,70400
'15MI',10402,56279,73600
'15MI',10402,56279,80800
'15MI',10402,56279,84000
'15MI',10402,56279,91300
'15MI',10402,56279,94700
'15MI',10402,56279,101800
'15MI',10402,56279,105500
'15MI',10402,56279,113100
'15MI',10402,56279,120600
'15MI',10402,56279,124000
'15MI',10402,56279,131400
'15MI',10402,56279,134900
'15MI',10402,56279,142400
'15MI',10402,56279,145900
'15MI',10402,56279,153400
'15MI',10402,56279,160900
'15MI',10402,56279,164400
'15MI',10402,56279,171900
'15MI',10402,56279,175500
'15MI',10402,56279,183100
'15MI',10402,56279,190400
'15MI',10402,56279,193700
'15MI',10402,56279,200900
'15MI',10402,56279,204100
'15MI',10402,56279,211300
'15MI',10402,56279,214500
'15MI',10402,56279,221700
'15MI',10402,56279,224900
'15MI',10402,56279,232100
'15MI',10402,56279,235200
'15MI',10402,56279,242400
'15MI',10402,56279,245600
'15MI',10402,56279,252900
'15MS',10402,56279,53400
'15MS',10402,56279,55700
'15MS',10402,56279,63400
'15MS',10402,56279,71200
'15MS',10402,56279,75200
'15MS',10402,56279,83000
'15MS',10402,56279,90700
'15MS',10402,56279,94300
'15MS',10402,56279,101800
'15MS',10402,56279,105400
'15MS',10402,56279,113000
'15MS',10402,56279,120700
'15MS',10402,56279,124400
'15MS',10402,56279,132100
'15MS',10402,56279,135800
'15MS',10402,56279,143800
'15MS',10402,56279,151600
'15MS',10402,56279,155500
'15MS',10402,56279,163400
'15MS',10402,56279,171300
'15MS',10402,56279,175200
'15MS',10402,56279,182900
'15MS',10402,56279,190500
'15MS',10402,56279,193900
'15MS',10402,56279,201300
'15MS',10402,56279,204600
'15MS',10402,56279,211800
'15MS',10402,56279,215000
'15MS',10402,56279,222100
'15MS',10402,56279,225200
'15MS',10402,56279,232200
'15MS',10402,56279,235200
'15MS',10402,56279,242000
'15MS',10402,56279,244800
'15MS',10402,56279,251600
'15MS',10402,56279,254200
'15MA',13802,56279,60800
'15MA',13802,56279,65400
'15MA',13802,56279,73800
'15MA',13802,56279,82300
'15MA',13802,56279,90800
'15MA',13802,56279,95300
'15MA',13802,56279,103800
'15MA',13802,56279,112400
'15MA',13802,56279,120800
'15MA',13802,56279,125400
'15MA',13802,56279,134000
'15MA',13802,56279,142500
'15MA',13802,56279,151100
'15MA',13802,56279,155600
'15MA',13802,56279,164200
'15MA',13802,56279,172600
'15MA',13802,56279,181200
'15MA',13802,56279,185600
'15MA',13802,56279,194000
'15MF1',13802,56279,60800
'15MF1',13802,56279,65400
'15MF1',13802,56279,73800
'15MF1',13802,56279,82300
'15MF1',13802,56279,90800
'15MF1',13802,56279,95300
'15MF1',13802,56279,103800
'15MF1',13802,56279,112400
'15MF1',13802,56279,120800
'15MF1',13802,56279,125400
'15MF1',13802,56279,134000
'15MF1',13802,56279,142500
'15MF1',13802,56279,151100
'15MF1',13802,56279,155600
'15MF1',13802,56279,164200
'15MF1',13802,56279,172600
'15MF1',13802,56279,181200
'15MF1',13802,56279,185600
'15MF1',13802,56279,194000
'15MF2',13802,56279,60800
'15MF2',13802,56279,65400
'15MF2',13802,56279,73800
'15MF2',13802,56279,82300
'15MF2',13802,56279,90800
'15MF2',13802,56279,95300
'15MF2',13802,56279,103800
'15MF2',13802,56279,112400
'15MF2',13802,56279,120800
'15MF2',13802,56279,125400
'15MF2',13802,56279,134000
'15MF2',13802,56279,142500
'15MF2',13802,56279,151100
'15MF2',13802,56279,155600
'15MF2',13802,56279,164200
'15MF2',13802,56279,172600
'15MF2',13802,56279,181200
'15MF2',13802,56279,185600
'15MF2',13802,56279,194000
'15MF3',13802,56279,65000
'15MF3',13802,56279,72900
'15MF3',13802,56279,81300
'15MF3',13802,56279,85600
'15MF3',13802,56279,94000
'15MF3',13802,56279,102400
'15MF3',13802,56279,110800
'15MF3',13802,56279,115100
'15MF3',13802,56279,123400
'15MF3',13802,56279,131800
'15MF3',13802,56279,140100
'15MF3',13802,56279,144500
'15MF3',13802,56279,152900
'15MF3',13802,56279,161400
'15MF3',13802,56279,165800
'15MF3',13802,56279,174300
'15MF3',13802,56279,182600
'15MF3',13802,56279,190700
'15MF3',13802,56279,194700
'15MI',13802,56279,65000
'15MI',13802,56279,72900
'15MI',13802,56279,81300
'15MI',13802,56279,85600
'15MI',13802,56279,94000
'15MI',13802,56279,102400
'15MI',13802,56279,110800
'15MI',13802,56279,115100
'15MI',13802,56279,123400
'15MI',13802,56279,131800
'15MI',13802,56279,140100
'15MI',13802,56279,144500
'15MI',13802,56279,152900
'15MI',13802,56279,161400
'15MI',13802,56279,165800
'15MI',13802,56279,174300
'15MI',13802,56279,182600
'15MI',13802,56279,190700
'15MI',13802,56279,194700
'15MS',13802,56279,55100
'15MS',13802,56279,62000
'15MS',13802,56279,65300
'15MS',13802,56279,73200
'15MS',13802,56279,81000
'15MS',13802,56279,84800
'15MS',13802,56279,92500
'15MS',13802,56279,100000
'15MS',13802,56279,103600
'15MS',13802,56279,111200
'15MS',13802,56279,114800
'15MS',13802,56279,122400
'15MS',13802,56279,130100
'15MS',13802,56279,133900
'15MS',13802,56279,141800
'15MS',13802,56279,145700
'15MS',13802,56279,153500
'15MS',13802,56279,161300
'15MS',13802,56279,165300
'15MS',13802,56279,173100
'15MS',13802,56279,181000
'15MS',13802,56279,184800
'15MS',13802,56279,192300
'15MS',13802,56279,195700
'15MS',13802,56279,203000
'15MS',13802,56279,210200
'15MS',13802,56279,213400
'15MS',13802,56279,220600
'15MS',13802,56279,223600
'15MS',13802,56279,230700
'15MS',13802,56279,233700
'15MS',13802,56279,240600
'15MS',13802,56279,243300
'15MS',13802,56279,250100
'15MS',13802,56279,252900
'15MA',35602,56279,253400
'15MA',35602,56279,255400
'15MA',35602,56279,261400
'15MA',35602,56279,263400
'15MA',35602,56279,264600
'15MA',35602,56279,265800
'15MA',35602,56279,271000
'15MA',35602,56279,272200
'15MA',35602,56279,273100
'15MA',35602,56279,274300
'15MA',35602,56279,275500
'15MA',35602,56279,280700
'15MA',35602,56279,281900
'15MA',35602,56279,283200
'15MF1',35602,56279,253100
'15MF1',35602,56279,255200
'15MF1',35602,56279,261300
'15MF1',35602,56279,263300
'15MF1',35602,56279,264500
'15MF1',35602,56279,265700
'15MF1',35602,56279,270900
'15MF1',35602,56279,272100
'15MF1',35602,56279,273300
'15MF1',35602,56279,274500
'15MF1',35602,56279,275700
'15MF1',35602,56279,280900
'15MF1',35602,56279,283400
'15MF2',35602,56279,253100
'15MF2',35602,56279,261300
'15MF2',35602,56279,265700
'15MF2',35602,56279,272100
'15MF2',35602,56279,274500
'15MF2',35602,56279,280900
'15MF2',35602,56279,283400
'15MF3',35602,56279,253100
'15MF3',35602,56279,261800
'15MF3',35602,56279,270500
'15MF3',35602,56279,275000
'15MF3',35602,56279,283400
'15MI',35602,56279,253100
'15MI',35602,56279,261800
'15MI',35602,56279,270500
'15MI',35602,56279,275000
'15MI',35602,56279,283400
'15MS',35602,56279,253100
'15MS',35602,56279,255200
'15MS',35602,56279,261300
'15MS',35602,56279,263300
'15MS',35602,56279,264500
'15MS',35602,56279,265700
'15MS',35602,56279,270900
'15MS',35602,56279,272100
'15MS',35602,56279,273300
'15MS',35602,56279,274500
'15MS',35602,56279,275700
'15MS',35602,56279,280900
'15MS',35602,56279,283100
