'15MA',20301,57407,62500
'15MA',20301,57407,65500
'15MA',20301,57407,72500
'15MA',20301,57407,75500
'15MA',20301,57407,82500
'15MA',20301,57407,85600
'15MA',20301,57407,92700
'15MA',20301,57407,95800
'15MA',20301,57407,102900
'15MA',20301,57407,110000
'15MA',20301,57407,113000
'15MA',20301,57407,120000
'15MA',20301,57407,123000
'15MA',20301,57407,130000
'15MA',20301,57407,133100
'15MA',20301,57407,140100
'15MA',20301,57407,143200
'15MA',20301,57407,150300
'15MA',20301,57407,153300
'15MA',20301,57407,160300
'15MA',20301,57407,163400
'15MA',20301,57407,170400
'15MA',20301,57407,173400
'15MA',20301,57407,180400
'15MA',20301,57407,183300
'15MA',20301,57407,190200
'15MA',20301,57407,193000
'15MA',20301,57407,195900
'15MA',20301,57407,202800
'15MA',20301,57407,205700
'15MA',20301,57407,212700
'15MA',20301,57407,215600
'15MA',20301,57407,222600
'15MA',20301,57407,225600
'15MA',20301,57407,232500
'15MA',20301,57407,235500
'15MA',20301,57407,242500
'15MF1',20301,57407,62500
'15MF1',20301,57407,65500
'15MF1',20301,57407,72500
'15MF1',20301,57407,75500
'15MF1',20301,57407,82500
'15MF1',20301,57407,85600
'15MF1',20301,57407,92700
'15MF1',20301,57407,95800
'15MF1',20301,57407,102900
'15MF1',20301,57407,110000
'15MF1',20301,57407,113000
'15MF1',20301,57407,120000
'15MF1',20301,57407,123000
'15MF1',20301,57407,130000
'15MF1',20301,57407,133100
'15MF1',20301,57407,140100
'15MF1',20301,57407,143200
'15MF1',20301,57407,150300
'15MF1',20301,57407,153300
'15MF1',20301,57407,160300
'15MF1',20301,57407,163400
'15MF1',20301,57407,170400
'15MF1',20301,57407,173400
'15MF1',20301,57407,180400
'15MF1',20301,57407,183300
'15MF1',20301,57407,190200
'15MF1',20301,57407,193000
'15MF1',20301,57407,195900
'15MF1',20301,57407,202800
'15MF1',20301,57407,205700
'15MF1',20301,57407,212700
'15MF1',20301,57407,215600
'15MF1',20301,57407,222600
'15MF1',20301,57407,225600
'15MF1',20301,57407,232500
'15MF1',20301,57407,235500
'15MF1',20301,57407,242500
'15MF2',20301,57407,62500
'15MF2',20301,57407,65500
'15MF2',20301,57407,72500
'15MF2',20301,57407,75500
'15MF2',20301,57407,82500
'15MF2',20301,57407,85600
'15MF2',20301,57407,92700
'15MF2',20301,57407,95800
'15MF2',20301,57407,102900
'15MF2',20301,57407,110000
'15MF2',20301,57407,113000
'15MF2',20301,57407,120000
'15MF2',20301,57407,123000
'15MF2',20301,57407,130000
'15MF2',20301,57407,133100
'15MF2',20301,57407,140100
'15MF2',20301,57407,143200
'15MF2',20301,57407,150300
'15MF2',20301,57407,153300
'15MF2',20301,57407,160300
'15MF2',20301,57407,163400
'15MF2',20301,57407,170400
'15MF2',20301,57407,173400
'15MF2',20301,57407,180400
'15MF2',20301,57407,183300
'15MF2',20301,57407,190200
'15MF2',20301,57407,193000
'15MF2',20301,57407,195900
'15MF2',20301,57407,202800
'15MF2',20301,57407,205700
'15MF2',20301,57407,212700
'15MF2',20301,57407,215600
'15MF2',20301,57407,222600
'15MF2',20301,57407,225600
'15MF2',20301,57407,232500
'15MF2',20301,57407,235500
'15MF2',20301,57407,242500
'15MF3',20301,57407,62500
'15MF3',20301,57407,65500
'15MF3',20301,57407,72500
'15MF3',20301,57407,75500
'15MF3',20301,57407,82500
'15MF3',20301,57407,85600
'15MF3',20301,57407,92700
'15MF3',20301,57407,95800
'15MF3',20301,57407,102900
'15MF3',20301,57407,110000
'15MF3',20301,57407,113000
'15MF3',20301,57407,120000
'15MF3',20301,57407,123000
'15MF3',20301,57407,130000
'15MF3',20301,57407,133100
'15MF3',20301,57407,140100
'15MF3',20301,57407,143200
'15MF3',20301,57407,150300
'15MF3',20301,57407,153300
'15MF3',20301,57407,160300
'15MF3',20301,57407,163400
'15MF3',20301,57407,170400
'15MF3',20301,57407,173400
'15MF3',20301,57407,180400
'15MF3',20301,57407,183300
'15MF3',20301,57407,190200
'15MF3',20301,57407,193000
'15MF3',20301,57407,195900
'15MF3',20301,57407,202800
'15MF3',20301,57407,205700
'15MF3',20301,57407,212700
'15MF3',20301,57407,215600
'15MF3',20301,57407,222600
'15MF3',20301,57407,225600
'15MF3',20301,57407,232500
'15MF3',20301,57407,235500
'15MF3',20301,57407,242500
'15MI',20301,57407,72500
'15MI',20301,57407,75500
'15MI',20301,57407,82500
'15MI',20301,57407,85500
'15MI',20301,57407,92600
'15MI',20301,57407,95700
'15MI',20301,57407,102700
'15MI',20301,57407,105700
'15MI',20301,57407,112700
'15MI',20301,57407,115800
'15MI',20301,57407,122900
'15MI',20301,57407,125900
'15MI',20301,57407,132900
'15MI',20301,57407,135900
'15MI',20301,57407,142900
'15MI',20301,57407,145900
'15MI',20301,57407,152900
'15MI',20301,57407,155900
'15MI',20301,57407,162900
'15MI',20301,57407,165900
'15MI',20301,57407,172800
'15MI',20301,57407,175800
'15MI',20301,57407,182800
'15MI',20301,57407,185700
'15MI',20301,57407,192600
'15MI',20301,57407,195500
'15MI',20301,57407,202500
'15MI',20301,57407,205500
'15MI',20301,57407,212500
'15MI',20301,57407,215400
'15MI',20301,57407,222300
'15MI',20301,57407,225300
'15MI',20301,57407,232300
'15MI',20301,57407,235300
'15MI',20301,57407,242300
'15MS',20301,57407,62000
'15MS',20301,57407,65900
'15MS',20301,57407,71700
'15MS',20301,57407,73100
'15MS',20301,57407,74400
'15MS',20301,57407,80500
'15MS',20301,57407,81900
'15MS',20301,57407,84300
'15MS',20301,57407,85600
'15MS',20301,57407,92800
'15MS',20301,57407,95900
'15MS',20301,57407,103100
'15MS',20301,57407,110300
'15MS',20301,57407,113400
'15MS',20301,57407,120300
'15MS',20301,57407,123100
'15MS',20301,57407,130300
'15MS',20301,57407,133500
'15MS',20301,57407,140700
'15MS',20301,57407,143900
'15MS',20301,57407,150700
'15MS',20301,57407,153400
'15MS',20301,57407,160100
'15MS',20301,57407,162800
'15MS',20301,57407,165400
'15MS',20301,57407,171600
'15MS',20301,57407,173800
'15MS',20301,57407,180600
'15MS',20301,57407,183500
'15MS',20301,57407,190500
'15MS',20301,57407,193500
'15MS',20301,57407,200400
'15MS',20301,57407,203200
'15MS',20301,57407,210100
'15MS',20301,57407,213000
'15MS',20301,57407,220000
'15MS',20301,57407,222800
'15MS',20301,57407,225800
'15MS',20301,57407,232800
'15MS',20301,57407,235800
'15MS',20301,57407,242700
