'15MA',1003,51308,55700
'15MA',1003,51308,62400
'15MA',1003,51308,65100
'15MA',1003,51308,71900
'15MA',1003,51308,74700
'15MA',1003,51308,81600
'15MA',1003,51308,84500
'15MA',1003,51308,91400
'15MA',1003,51308,94300
'15MA',1003,51308,101200
'15MA',1003,51308,104100
'15MA',1003,51308,111000
'15MA',1003,51308,113900
'15MA',1003,51308,120800
'15MA',1003,51308,123800
'15MA',1003,51308,130800
'15MA',1003,51308,133700
'15MA',1003,51308,140600
'15MA',1003,51308,143500
'15MA',1003,51308,150400
'15MA',1003,51308,153300
'15MA',1003,51308,160200
'15MA',1003,51308,163200
'15MA',1003,51308,170200
'15MA',1003,51308,173100
'15MA',1003,51308,180000
'15MA',1003,51308,182800
'15MA',1003,51308,185500
'15MA',1003,51308,192200
'15MA',1003,51308,195000
'15MA',1003,51308,201700
'15MA',1003,51308,204400
'15MA',1003,51308,211100
'15MA',1003,51308,213800
'15MA',1003,51308,220500
'15MA',1003,51308,223200
'15MA',1003,51308,225900
'15MA',1003,51308,232700
'15MA',1003,51308,235500
'15MA',1003,51308,242400
'15MA',1003,51308,245200
'15MA',1003,51308,251900
'15MA',1003,51308,255200
'15MF1',1003,51308,55700
'15MF1',1003,51308,62400
'15MF1',1003,51308,65100
'15MF1',1003,51308,71900
'15MF1',1003,51308,74700
'15MF1',1003,51308,81600
'15MF1',1003,51308,84500
'15MF1',1003,51308,91400
'15MF1',1003,51308,94300
'15MF1',1003,51308,101200
'15MF1',1003,51308,104100
'15MF1',1003,51308,111000
'15MF1',1003,51308,113900
'15MF1',1003,51308,120800
'15MF1',1003,51308,123800
'15MF1',1003,51308,130800
'15MF1',1003,51308,133700
'15MF1',1003,51308,140600
'15MF1',1003,51308,143500
'15MF1',1003,51308,150400
'15MF1',1003,51308,153300
'15MF1',1003,51308,160200
'15MF1',1003,51308,163200
'15MF1',1003,51308,170200
'15MF1',1003,51308,173100
'15MF1',1003,51308,180000
'15MF1',1003,51308,182800
'15MF1',1003,51308,185500
'15MF1',1003,51308,192200
'15MF1',1003,51308,195000
'15MF1',1003,51308,201700
'15MF1',1003,51308,204400
'15MF1',1003,51308,211100
'15MF1',1003,51308,213800
'15MF1',1003,51308,220500
'15MF1',1003,51308,223200
'15MF1',1003,51308,225900
'15MF1',1003,51308,232700
'15MF1',1003,51308,235500
'15MF1',1003,51308,242400
'15MF1',1003,51308,245200
'15MF1',1003,51308,252400
'15MF2',1003,51308,55700
'15MF2',1003,51308,62400
'15MF2',1003,51308,65100
'15MF2',1003,51308,71900
'15MF2',1003,51308,74700
'15MF2',1003,51308,81600
'15MF2',1003,51308,84500
'15MF2',1003,51308,91400
'15MF2',1003,51308,94300
'15MF2',1003,51308,101200
'15MF2',1003,51308,104100
'15MF2',1003,51308,111000
'15MF2',1003,51308,113900
'15MF2',1003,51308,120800
'15MF2',1003,51308,123800
'15MF2',1003,51308,130800
'15MF2',1003,51308,133700
'15MF2',1003,51308,140600
'15MF2',1003,51308,143500
'15MF2',1003,51308,150400
'15MF2',1003,51308,153300
'15MF2',1003,51308,160200
'15MF2',1003,51308,163200
'15MF2',1003,51308,170200
'15MF2',1003,51308,173100
'15MF2',1003,51308,180000
'15MF2',1003,51308,182800
'15MF2',1003,51308,185500
'15MF2',1003,51308,192200
'15MF2',1003,51308,195000
'15MF2',1003,51308,201700
'15MF2',1003,51308,204400
'15MF2',1003,51308,211100
'15MF2',1003,51308,213800
'15MF2',1003,51308,220500
'15MF2',1003,51308,223200
'15MF2',1003,51308,225900
'15MF2',1003,51308,232700
'15MF2',1003,51308,235500
'15MF2',1003,51308,242400
'15MF2',1003,51308,245200
'15MF2',1003,51308,252400
'15MF3',1003,51308,55700
'15MF3',1003,51308,62400
'15MF3',1003,51308,65100
'15MF3',1003,51308,71900
'15MF3',1003,51308,74700
'15MF3',1003,51308,81600
'15MF3',1003,51308,84500
'15MF3',1003,51308,91400
'15MF3',1003,51308,94300
'15MF3',1003,51308,101200
'15MF3',1003,51308,104100
'15MF3',1003,51308,111000
'15MF3',1003,51308,113900
'15MF3',1003,51308,120800
'15MF3',1003,51308,123800
'15MF3',1003,51308,130800
'15MF3',1003,51308,133700
'15MF3',1003,51308,140600
'15MF3',1003,51308,143500
'15MF3',1003,51308,150400
'15MF3',1003,51308,153300
'15MF3',1003,51308,160200
'15MF3',1003,51308,163200
'15MF3',1003,51308,170200
'15MF3',1003,51308,173100
'15MF3',1003,51308,180000
'15MF3',1003,51308,182800
'15MF3',1003,51308,185500
'15MF3',1003,51308,192200
'15MF3',1003,51308,195000
'15MF3',1003,51308,201700
'15MF3',1003,51308,204400
'15MF3',1003,51308,211100
'15MF3',1003,51308,213800
'15MF3',1003,51308,220500
'15MF3',1003,51308,223200
'15MF3',1003,51308,225900
'15MF3',1003,51308,232700
'15MF3',1003,51308,235500
'15MF3',1003,51308,242400
'15MF3',1003,51308,245200
'15MF3',1003,51308,252400
'15MI',1003,51308,55500
'15MI',1003,51308,62500
'15MI',1003,51308,65400
'15MI',1003,51308,72400
'15MI',1003,51308,75400
'15MI',1003,51308,82500
'15MI',1003,51308,85600
'15MI',1003,51308,92600
'15MI',1003,51308,95600
'15MI',1003,51308,102600
'15MI',1003,51308,105600
'15MI',1003,51308,112600
'15MI',1003,51308,115700
'15MI',1003,51308,122800
'15MI',1003,51308,125900
'15MI',1003,51308,132900
'15MI',1003,51308,135900
'15MI',1003,51308,142900
'15MI',1003,51308,145900
'15MI',1003,51308,152900
'15MI',1003,51308,155900
'15MI',1003,51308,162900
'15MI',1003,51308,165900
'15MI',1003,51308,172900
'15MI',1003,51308,175900
'15MI',1003,51308,182900
'15MI',1003,51308,185700
'15MI',1003,51308,192500
'15MI',1003,51308,195200
'15MI',1003,51308,201900
'15MI',1003,51308,204600
'15MI',1003,51308,211400
'15MI',1003,51308,214200
'15MI',1003,51308,221000
'15MI',1003,51308,223700
'15MI',1003,51308,230400
'15MI',1003,51308,233200
'15MI',1003,51308,240000
'15MI',1003,51308,242800
'15MI',1003,51308,245600
'15MI',1003,51308,252400
'15MS',1003,51308,55700
'15MS',1003,51308,62600
'15MS',1003,51308,65800
'15MS',1003,51308,73500
'15MS',1003,51308,80500
'15MS',1003,51308,83600
'15MS',1003,51308,90400
'15MS',1003,51308,93100
'15MS',1003,51308,95700
'15MS',1003,51308,102100
'15MS',1003,51308,104500
'15MS',1003,51308,110900
'15MS',1003,51308,113200
'15MS',1003,51308,115500
'15MS',1003,51308,121800
'15MS',1003,51308,124400
'15MS',1003,51308,130900
'15MS',1003,51308,133400
'15MS',1003,51308,135800
'15MS',1003,51308,142300
'15MS',1003,51308,144900
'15MS',1003,51308,151800
'15MS',1003,51308,154700
'15MS',1003,51308,161500
'15MS',1003,51308,164200
'15MS',1003,51308,170900
'15MS',1003,51308,173600
'15MS',1003,51308,175400
'15MS',1003,51308,181300
'15MS',1003,51308,183900
'15MS',1003,51308,190600
'15MS',1003,51308,193600
'15MS',1003,51308,200300
'15MS',1003,51308,203200
'15MS',1003,51308,210200
'15MS',1003,51308,213200
'15MS',1003,51308,220200
'15MS',1003,51308,223200
'15MS',1003,51308,230200
'15MS',1003,51308,233100
'15MS',1003,51308,240000
'15MS',1003,51308,243000
'15MS',1003,51308,245600
'15MS',1003,51308,252300
