'15UA',11704,55698,73200
'15UA',11704,55698,81600
'15UA',11704,55698,90000
'15UA',11704,55698,94400
'15UA',11704,55698,102800
'15UA',11704,55698,111300
'15UA',11704,55698,115800
'15UA',11704,55698,124300
'15UA',11704,55698,132900
'15UA',11704,55698,141400
'15UA',11704,55698,145900
'15UA',11704,55698,154400
'15UA',11704,55698,162900
'15UA',11704,55698,171600
'15UA',11704,55698,175900
'15UA',11704,55698,184200
'15UA',11704,55698,192700
'15UF1',11704,55698,92700
'15UF1',11704,55698,101100
'15UF1',11704,55698,105500
'15UF1',11704,55698,114000
'15UF1',11704,55698,122500
'15UF1',11704,55698,131100
'15UF1',11704,55698,135600
'15UF1',11704,55698,144100
'15UF1',11704,55698,152700
'15UF1',11704,55698,161200
'15UF1',11704,55698,165600
'15UF1',11704,55698,174100
'15UF1',11704,55698,182400
'15UF1',11704,55698,190700
'15UF1',11704,55698,194800
'15UF2',11704,55698,92700
'15UF2',11704,55698,101100
'15UF2',11704,55698,105500
'15UF2',11704,55698,114000
'15UF2',11704,55698,122500
'15UF2',11704,55698,131100
'15UF2',11704,55698,135600
'15UF2',11704,55698,144100
'15UF2',11704,55698,152700
'15UF2',11704,55698,161200
'15UF2',11704,55698,165600
'15UF2',11704,55698,174100
'15UF2',11704,55698,182400
'15UF2',11704,55698,190700
'15UF2',11704,55698,194800
'15UI',11704,55698,92700
'15UI',11704,55698,101100
'15UI',11704,55698,105500
'15UI',11704,55698,114000
'15UI',11704,55698,122500
'15UI',11704,55698,131100
'15UI',11704,55698,135600
'15UI',11704,55698,144100
'15UI',11704,55698,152600
'15UI',11704,55698,161200
'15UI',11704,55698,165700
'15UI',11704,55698,174200
'15UI',11704,55698,182400
'15UI',11704,55698,190700
'15UI',11704,55698,194800
'15US',11704,55698,62000
'15US',11704,55698,70600
'15US',11704,55698,75000
'15US',11704,55698,80400
'15US',11704,55698,82700
'15US',11704,55698,83600
'15US',11704,55698,85300
'15US',11704,55698,92500
'15US',11704,55698,95500
'15US',11704,55698,102500
'15US',11704,55698,110600
'15US',11704,55698,114800
'15US',11704,55698,123300
'15US',11704,55698,131800
'15US',11704,55698,140500
'15US',11704,55698,145100
'15US',11704,55698,152400
'15US',11704,55698,155500
'15US',11704,55698,162500
'15US',11704,55698,165500
'15US',11704,55698,172500
'15US',11704,55698,175500
'15US',11704,55698,182400
'15US',11704,55698,191000
'15UA',36801,55698,252600
'15UA',36801,55698,261100
'15UA',36801,55698,265600
'15UA',36801,55698,274100
'15UA',36801,55698,282600
'15UF1',36801,55698,252600
'15UF1',36801,55698,261100
'15UF1',36801,55698,265600
'15UF1',36801,55698,274100
'15UF1',36801,55698,282600
'15UF2',36801,55698,252600
'15UF2',36801,55698,261100
'15UF2',36801,55698,265600
'15UF2',36801,55698,274100
'15UF2',36801,55698,282600
'15UI',36801,55698,252600
'15UI',36801,55698,261100
'15UI',36801,55698,265600
'15UI',36801,55698,274100
'15UI',36801,55698,282600
'15US',36801,55698,252400
'15US',36801,55698,261000
'15US',36801,55698,270100
'15US',36801,55698,274800
'15US',36801,55698,283600
