'15MA',20104,57853,64600
'15MA',20104,57853,71600
'15MA',20104,57853,74600
'15MA',20104,57853,81900
'15MA',20104,57853,84900
'15MA',20104,57853,92000
'15MA',20104,57853,95100
'15MA',20104,57853,102600
'15MA',20104,57853,105700
'15MA',20104,57853,111900
'15MA',20104,57853,114100
'15MA',20104,57853,120500
'15MA',20104,57853,123100
'15MA',20104,57853,125300
'15MA',20104,57853,131500
'15MA',20104,57853,133700
'15MA',20104,57853,140000
'15MA',20104,57853,142500
'15MA',20104,57853,145000
'15MA',20104,57853,151300
'15MA',20104,57853,153500
'15MA',20104,57853,155700
'15MA',20104,57853,162000
'15MA',20104,57853,164500
'15MA',20104,57853,170900
'15MA',20104,57853,173000
'15MA',20104,57853,175200
'15MA',20104,57853,181400
'15MA',20104,57853,184000
'15MA',20104,57853,191300
'15MA',20104,57853,194400
'15MA',20104,57853,201000
'15MA',20104,57853,204100
'15MA',20104,57853,211300
'15MA',20104,57853,214300
'15MA',20104,57853,221600
'15MA',20104,57853,224800
'15MA',20104,57853,231800
'15MA',20104,57853,234800
'15MA',20104,57853,241800
'15MA',20104,57853,244800
'15MF1',20104,57853,64600
'15MF1',20104,57853,71600
'15MF1',20104,57853,74600
'15MF1',20104,57853,81900
'15MF1',20104,57853,84900
'15MF1',20104,57853,92000
'15MF1',20104,57853,95100
'15MF1',20104,57853,102600
'15MF1',20104,57853,105700
'15MF1',20104,57853,111900
'15MF1',20104,57853,114100
'15MF1',20104,57853,120500
'15MF1',20104,57853,123100
'15MF1',20104,57853,125300
'15MF1',20104,57853,131500
'15MF1',20104,57853,133700
'15MF1',20104,57853,140000
'15MF1',20104,57853,142500
'15MF1',20104,57853,145000
'15MF1',20104,57853,151300
'15MF1',20104,57853,153500
'15MF1',20104,57853,155700
'15MF1',20104,57853,162000
'15MF1',20104,57853,164500
'15MF1',20104,57853,170900
'15MF1',20104,57853,173000
'15MF1',20104,57853,175200
'15MF1',20104,57853,181400
'15MF1',20104,57853,184000
'15MF1',20104,57853,191300
'15MF1',20104,57853,194400
'15MF1',20104,57853,201000
'15MF1',20104,57853,204100
'15MF1',20104,57853,211300
'15MF1',20104,57853,214300
'15MF1',20104,57853,221600
'15MF1',20104,57853,224800
'15MF1',20104,57853,231800
'15MF1',20104,57853,234800
'15MF1',20104,57853,241800
'15MF1',20104,57853,244800
'15MF2',20104,57853,64600
'15MF2',20104,57853,71600
'15MF2',20104,57853,74600
'15MF2',20104,57853,81900
'15MF2',20104,57853,84900
'15MF2',20104,57853,92000
'15MF2',20104,57853,95100
'15MF2',20104,57853,102600
'15MF2',20104,57853,105700
'15MF2',20104,57853,111900
'15MF2',20104,57853,114100
'15MF2',20104,57853,120500
'15MF2',20104,57853,123100
'15MF2',20104,57853,125300
'15MF2',20104,57853,131500
'15MF2',20104,57853,133700
'15MF2',20104,57853,140000
'15MF2',20104,57853,142500
'15MF2',20104,57853,145000
'15MF2',20104,57853,151300
'15MF2',20104,57853,153500
'15MF2',20104,57853,155700
'15MF2',20104,57853,162000
'15MF2',20104,57853,164500
'15MF2',20104,57853,170900
'15MF2',20104,57853,173000
'15MF2',20104,57853,175200
'15MF2',20104,57853,181400
'15MF2',20104,57853,184000
'15MF2',20104,57853,191300
'15MF2',20104,57853,194400
'15MF2',20104,57853,201000
'15MF2',20104,57853,204100
'15MF2',20104,57853,211300
'15MF2',20104,57853,214300
'15MF2',20104,57853,221600
'15MF2',20104,57853,224800
'15MF2',20104,57853,231800
'15MF2',20104,57853,234800
'15MF2',20104,57853,241800
'15MF2',20104,57853,244800
'15MF3',20104,57853,64600
'15MF3',20104,57853,71600
'15MF3',20104,57853,74600
'15MF3',20104,57853,81900
'15MF3',20104,57853,84900
'15MF3',20104,57853,92000
'15MF3',20104,57853,95100
'15MF3',20104,57853,102600
'15MF3',20104,57853,105700
'15MF3',20104,57853,111900
'15MF3',20104,57853,114100
'15MF3',20104,57853,120500
'15MF3',20104,57853,123100
'15MF3',20104,57853,125300
'15MF3',20104,57853,131500
'15MF3',20104,57853,133700
'15MF3',20104,57853,140000
'15MF3',20104,57853,142500
'15MF3',20104,57853,145000
'15MF3',20104,57853,151300
'15MF3',20104,57853,153500
'15MF3',20104,57853,155700
'15MF3',20104,57853,162000
'15MF3',20104,57853,164500
'15MF3',20104,57853,170900
'15MF3',20104,57853,173000
'15MF3',20104,57853,175200
'15MF3',20104,57853,181400
'15MF3',20104,57853,184000
'15MF3',20104,57853,191300
'15MF3',20104,57853,194400
'15MF3',20104,57853,201000
'15MF3',20104,57853,204100
'15MF3',20104,57853,211300
'15MF3',20104,57853,214300
'15MF3',20104,57853,221600
'15MF3',20104,57853,224800
'15MF3',20104,57853,231800
'15MF3',20104,57853,234800
'15MF3',20104,57853,241800
'15MF3',20104,57853,244800
'15MI',20104,57853,73900
'15MI',20104,57853,81100
'15MI',20104,57853,84500
'15MI',20104,57853,91800
'15MI',20104,57853,95100
'15MI',20104,57853,102300
'15MI',20104,57853,105600
'15MI',20104,57853,112900
'15MI',20104,57853,120200
'15MI',20104,57853,123600
'15MI',20104,57853,131000
'15MI',20104,57853,134300
'15MI',20104,57853,141700
'15MI',20104,57853,145100
'15MI',20104,57853,152600
'15MI',20104,57853,155900
'15MI',20104,57853,163100
'15MI',20104,57853,170300
'15MI',20104,57853,173400
'15MI',20104,57853,180400
'15MI',20104,57853,183600
'15MI',20104,57853,190700
'15MI',20104,57853,193800
'15MI',20104,57853,200800
'15MI',20104,57853,204000
'15MI',20104,57853,211100
'15MI',20104,57853,214300
'15MI',20104,57853,221500
'15MI',20104,57853,224700
'15MI',20104,57853,231700
'15MI',20104,57853,234500
'15MI',20104,57853,241400
'15MI',20104,57853,244500
'15MS',20104,57853,64600
'15MS',20104,57853,72500
'15MS',20104,57853,80000
'15MS',20104,57853,84300
'15MS',20104,57853,92500
'15MS',20104,57853,95400
'15MS',20104,57853,102900
'15MS',20104,57853,110300
'15MS',20104,57853,113600
'15MS',20104,57853,121100
'15MS',20104,57853,124800
'15MS',20104,57853,132200
'15MS',20104,57853,135700
'15MS',20104,57853,143200
'15MS',20104,57853,151200
'15MS',20104,57853,155200
'15MS',20104,57853,163100
'15MS',20104,57853,170200
'15MS',20104,57853,175000
'15MS',20104,57853,181600
'15MS',20104,57853,183800
'15MS',20104,57853,192000
'15MS',20104,57853,194900
'15MS',20104,57853,201600
'15MS',20104,57853,204800
'15MS',20104,57853,211900
'15MS',20104,57853,215000
'15MS',20104,57853,222000
'15MS',20104,57853,224900
'15MS',20104,57853,231900
'15MS',20104,57853,234600
'15MS',20104,57853,241600
'15MS',20104,57853,244500
'15MA',20502,57853,51900
'15MA',20502,57853,54900
'15MA',20502,57853,62000
'15MA',20502,57853,65000
'15MA',20502,57853,72200
'15MA',20502,57853,75200
'15MA',20502,57853,82300
'15MA',20502,57853,85400
'15MA',20502,57853,92600
'15MA',20502,57853,95700
'15MA',20502,57853,102700
'15MA',20502,57853,105900
'15MA',20502,57853,113400
'15MA',20502,57853,121000
'15MA',20502,57853,124600
'15MA',20502,57853,132200
'15MA',20502,57853,135800
'15MA',20502,57853,143400
'15MA',20502,57853,151000
'15MA',20502,57853,154600
'15MA',20502,57853,162200
'15MA',20502,57853,170500
'15MA',20502,57853,173400
'15MA',20502,57853,180900
'15MA',20502,57853,184400
'15MA',20502,57853,191800
'15MA',20502,57853,195200
'15MA',20502,57853,202500
'15MA',20502,57853,205800
'15MA',20502,57853,213100
'15MA',20502,57853,220500
'15MA',20502,57853,223900
'15MA',20502,57853,231300
'15MA',20502,57853,234600
'15MA',20502,57853,242000
'15MF1',20502,57853,51900
'15MF1',20502,57853,54900
'15MF1',20502,57853,62000
'15MF1',20502,57853,65000
'15MF1',20502,57853,72200
'15MF1',20502,57853,75200
'15MF1',20502,57853,82300
'15MF1',20502,57853,85400
'15MF1',20502,57853,92600
'15MF1',20502,57853,95700
'15MF1',20502,57853,102700
'15MF1',20502,57853,105900
'15MF1',20502,57853,113400
'15MF1',20502,57853,121000
'15MF1',20502,57853,124600
'15MF1',20502,57853,132200
'15MF1',20502,57853,135800
'15MF1',20502,57853,143400
'15MF1',20502,57853,151000
'15MF1',20502,57853,154600
'15MF1',20502,57853,162200
'15MF1',20502,57853,170500
'15MF1',20502,57853,173400
'15MF1',20502,57853,180900
'15MF1',20502,57853,184400
'15MF1',20502,57853,191800
'15MF1',20502,57853,195200
'15MF1',20502,57853,202500
'15MF1',20502,57853,205800
'15MF1',20502,57853,213100
'15MF1',20502,57853,220500
'15MF1',20502,57853,223900
'15MF1',20502,57853,231300
'15MF1',20502,57853,234600
'15MF1',20502,57853,242000
'15MF2',20502,57853,51900
'15MF2',20502,57853,54900
'15MF2',20502,57853,62000
'15MF2',20502,57853,65000
'15MF2',20502,57853,72200
'15MF2',20502,57853,75200
'15MF2',20502,57853,82300
'15MF2',20502,57853,85400
'15MF2',20502,57853,92600
'15MF2',20502,57853,95700
'15MF2',20502,57853,102700
'15MF2',20502,57853,105900
'15MF2',20502,57853,113400
'15MF2',20502,57853,121000
'15MF2',20502,57853,124600
'15MF2',20502,57853,132200
'15MF2',20502,57853,135800
'15MF2',20502,57853,143400
'15MF2',20502,57853,151000
'15MF2',20502,57853,154600
'15MF2',20502,57853,162200
'15MF2',20502,57853,170500
'15MF2',20502,57853,173400
'15MF2',20502,57853,180900
'15MF2',20502,57853,184400
'15MF2',20502,57853,191800
'15MF2',20502,57853,195200
'15MF2',20502,57853,202500
'15MF2',20502,57853,205800
'15MF2',20502,57853,213100
'15MF2',20502,57853,220500
'15MF2',20502,57853,223900
'15MF2',20502,57853,231300
'15MF2',20502,57853,234600
'15MF2',20502,57853,242000
'15MF3',20502,57853,51900
'15MF3',20502,57853,54900
'15MF3',20502,57853,62000
'15MF3',20502,57853,65000
'15MF3',20502,57853,72200
'15MF3',20502,57853,75200
'15MF3',20502,57853,82300
'15MF3',20502,57853,85400
'15MF3',20502,57853,92600
'15MF3',20502,57853,95700
'15MF3',20502,57853,102700
'15MF3',20502,57853,105900
'15MF3',20502,57853,113400
'15MF3',20502,57853,121000
'15MF3',20502,57853,124600
'15MF3',20502,57853,132200
'15MF3',20502,57853,135800
'15MF3',20502,57853,143400
'15MF3',20502,57853,151000
'15MF3',20502,57853,154600
'15MF3',20502,57853,162200
'15MF3',20502,57853,170500
'15MF3',20502,57853,173400
'15MF3',20502,57853,180900
'15MF3',20502,57853,184400
'15MF3',20502,57853,191800
'15MF3',20502,57853,195200
'15MF3',20502,57853,202500
'15MF3',20502,57853,205800
'15MF3',20502,57853,213100
'15MF3',20502,57853,220500
'15MF3',20502,57853,223900
'15MF3',20502,57853,231300
'15MF3',20502,57853,234600
'15MF3',20502,57853,242000
'15MI',20502,57853,63400
'15MI',20502,57853,70500
'15MI',20502,57853,73500
'15MI',20502,57853,80500
'15MI',20502,57853,83500
'15MI',20502,57853,90600
'15MI',20502,57853,93600
'15MI',20502,57853,100700
'15MI',20502,57853,103700
'15MI',20502,57853,110900
'15MI',20502,57853,114200
'15MI',20502,57853,121600
'15MI',20502,57853,125100
'15MI',20502,57853,132600
'15MI',20502,57853,140100
'15MI',20502,57853,143700
'15MI',20502,57853,151400
'15MI',20502,57853,155100
'15MI',20502,57853,162700
'15MI',20502,57853,170300
'15MI',20502,57853,173900
'15MI',20502,57853,181500
'15MI',20502,57853,185100
'15MI',20502,57853,192700
'15MI',20502,57853,200000
'15MI',20502,57853,203300
'15MI',20502,57853,210700
'15MI',20502,57853,214000
'15MI',20502,57853,221300
'15MI',20502,57853,224600
'15MI',20502,57853,231800
'15MI',20502,57853,235000
'15MI',20502,57853,242100
'15MS',20502,57853,44800
'15MS',20502,57853,51800
'15MS',20502,57853,54900
'15MS',20502,57853,62000
'15MS',20502,57853,65500
'15MS',20502,57853,71800
'15MS',20502,57853,74200
'15MS',20502,57853,80400
'15MS',20502,57853,82900
'15MS',20502,57853,85400
'15MS',20502,57853,92000
'15MS',20502,57853,94700
'15MS',20502,57853,101600
'15MS',20502,57853,104600
'15MS',20502,57853,111600
'15MS',20502,57853,114600
'15MS',20502,57853,121600
'15MS',20502,57853,124600
'15MS',20502,57853,132400
'15MS',20502,57853,135900
'15MS',20502,57853,143700
'15MS',20502,57853,151300
'15MS',20502,57853,155500
'15MS',20502,57853,161400
'15MS',20502,57853,164300
'15MS',20502,57853,170600
'15MS',20502,57853,173000
'15MS',20502,57853,175200
'15MS',20502,57853,181000
'15MS',20502,57853,182700
'15MS',20502,57853,184600
'15MS',20502,57853,191800
'15MS',20502,57853,195900
'15MS',20502,57853,203200
'15MS',20502,57853,210500
'15MS',20502,57853,213900
'15MS',20502,57853,221900
'15MS',20502,57853,225000
'15MS',20502,57853,232100
'15MS',20502,57853,235000
'15MS',20502,57853,242200
'15MA',37601,57853,245400
'15MA',37601,57853,253900
'15MA',37601,57853,262500
'15MA',37601,57853,271000
'15MA',37601,57853,275500
'15MF1',37601,57853,245400
'15MF1',37601,57853,253900
'15MF1',37601,57853,262400
'15MF1',37601,57853,270900
'15MF1',37601,57853,275400
'15MF2',37601,57853,245400
'15MF2',37601,57853,253900
'15MF2',37601,57853,262400
'15MF2',37601,57853,270900
'15MF2',37601,57853,275400
'15MF3',37601,57853,245400
'15MF3',37601,57853,253900
'15MF3',37601,57853,262400
'15MF3',37601,57853,270900
'15MF3',37601,57853,275400
'15MI',37601,57853,245400
'15MI',37601,57853,253900
'15MI',37601,57853,262400
'15MI',37601,57853,270900
'15MI',37601,57853,275400
'15MS',37601,57853,245400
'15MS',37601,57853,253900
'15MS',37601,57853,262400
'15MS',37601,57853,270900
'15MS',37601,57853,275400
'15MA',38202,57853,263000
'15MA',38202,57853,271500
'15MA',38202,57853,280000
'15MA',38202,57853,284500
'15MF1',38202,57853,262800
'15MF1',38202,57853,271300
'15MF1',38202,57853,275800
'15MF1',38202,57853,284300
'15MF2',38202,57853,262700
'15MF2',38202,57853,271200
'15MF2',38202,57853,275700
'15MF2',38202,57853,284200
'15MF3',38202,57853,262800
'15MF3',38202,57853,271300
'15MF3',38202,57853,275800
'15MF3',38202,57853,284300
'15MI',38202,57853,262800
'15MI',38202,57853,271300
'15MI',38202,57853,275800
'15MI',38202,57853,284300
'15MS',38202,57853,262700
'15MS',38202,57853,271200
'15MS',38202,57853,275700
'15MS',38202,57853,284200
'15MA',47001,57853,45400
'15MA',47001,57853,52400
'15MA',47001,57853,55400
'15MA',47001,57853,62400
'15MA',47001,57853,65000
'15MA',47001,57853,71000
'15MA',47001,57853,73000
'15MA',47001,57853,74900
'15MA',47001,57853,80800
'15MA',47001,57853,82700
'15MA',47001,57853,84700
'15MA',47001,57853,90700
'15MA',47001,57853,92500
'15MA',47001,57853,94300
'15MA',47001,57853,100100
'15MA',47001,57853,101900
'15MA',47001,57853,103800
'15MA',47001,57853,105700
'15MA',47001,57853,111600
'15MA',47001,57853,113400
'15MA',47001,57853,115000
'15MA',47001,57853,120500
'15MA',47001,57853,122100
'15MA',47001,57853,123700
'15MA',47001,57853,125300
'15MA',47001,57853,130900
'15MA',47001,57853,132600
'15MA',47001,57853,134300
'15MA',47001,57853,140000
'15MA',47001,57853,141700
'15MA',47001,57853,143200
'15MA',47001,57853,144700
'15MA',47001,57853,150200
'15MA',47001,57853,151800
'15MA',47001,57853,153300
'15MA',47001,57853,154700
'15MA',47001,57853,155800
'15MA',47001,57853,161000
'15MA',47001,57853,162200
'15MA',47001,57853,163400
'15MA',47001,57853,164800
'15MA',47001,57853,170200
'15MA',47001,57853,171700
'15MA',47001,57853,173100
'15MA',47001,57853,174500
'15MA',47001,57853,180500
'15MA',47001,57853,183100
'15MA',47001,57853,185700
'15MA',47001,57853,192400
'15MA',47001,57853,195000
'15MA',47001,57853,201700
'15MA',47001,57853,204500
'15MA',47001,57853,211600
'15MA',47001,57853,214800
'15MA',47001,57853,221900
'15MA',47001,57853,225000
'15MA',47001,57853,232100
'15MA',47001,57853,235200
'15MA',47001,57853,242300
'15MF1',47001,57853,45400
'15MF1',47001,57853,52400
'15MF1',47001,57853,55400
'15MF1',47001,57853,62400
'15MF1',47001,57853,65000
'15MF1',47001,57853,71000
'15MF1',47001,57853,73000
'15MF1',47001,57853,74900
'15MF1',47001,57853,80800
'15MF1',47001,57853,82700
'15MF1',47001,57853,84700
'15MF1',47001,57853,90700
'15MF1',47001,57853,92500
'15MF1',47001,57853,94300
'15MF1',47001,57853,100100
'15MF1',47001,57853,101900
'15MF1',47001,57853,103800
'15MF1',47001,57853,105700
'15MF1',47001,57853,111600
'15MF1',47001,57853,113400
'15MF1',47001,57853,115000
'15MF1',47001,57853,120500
'15MF1',47001,57853,122100
'15MF1',47001,57853,123700
'15MF1',47001,57853,125300
'15MF1',47001,57853,130900
'15MF1',47001,57853,132600
'15MF1',47001,57853,134300
'15MF1',47001,57853,140000
'15MF1',47001,57853,141700
'15MF1',47001,57853,143200
'15MF1',47001,57853,144700
'15MF1',47001,57853,150200
'15MF1',47001,57853,151800
'15MF1',47001,57853,153300
'15MF1',47001,57853,154700
'15MF1',47001,57853,155800
'15MF1',47001,57853,161000
'15MF1',47001,57853,162200
'15MF1',47001,57853,163400
'15MF1',47001,57853,164800
'15MF1',47001,57853,170200
'15MF1',47001,57853,171700
'15MF1',47001,57853,173100
'15MF1',47001,57853,174500
'15MF1',47001,57853,180500
'15MF1',47001,57853,183100
'15MF1',47001,57853,185700
'15MF1',47001,57853,192400
'15MF1',47001,57853,195000
'15MF1',47001,57853,201700
'15MF1',47001,57853,204500
'15MF1',47001,57853,211600
'15MF1',47001,57853,214800
'15MF1',47001,57853,221900
'15MF1',47001,57853,225000
'15MF1',47001,57853,232100
'15MF1',47001,57853,235400
'15MF2',47001,57853,45400
'15MF2',47001,57853,52400
'15MF2',47001,57853,55400
'15MF2',47001,57853,62400
'15MF2',47001,57853,65000
'15MF2',47001,57853,71000
'15MF2',47001,57853,73000
'15MF2',47001,57853,74900
'15MF2',47001,57853,80800
'15MF2',47001,57853,82700
'15MF2',47001,57853,84700
'15MF2',47001,57853,90700
'15MF2',47001,57853,92500
'15MF2',47001,57853,94300
'15MF2',47001,57853,100100
'15MF2',47001,57853,101900
'15MF2',47001,57853,103800
'15MF2',47001,57853,105700
'15MF2',47001,57853,111600
'15MF2',47001,57853,113400
'15MF2',47001,57853,115000
'15MF2',47001,57853,120500
'15MF2',47001,57853,122100
'15MF2',47001,57853,123700
'15MF2',47001,57853,125300
'15MF2',47001,57853,130900
'15MF2',47001,57853,132600
'15MF2',47001,57853,134300
'15MF2',47001,57853,140000
'15MF2',47001,57853,141700
'15MF2',47001,57853,143200
'15MF2',47001,57853,144700
'15MF2',47001,57853,150200
'15MF2',47001,57853,151800
'15MF2',47001,57853,153300
'15MF2',47001,57853,154700
'15MF2',47001,57853,155800
'15MF2',47001,57853,161000
'15MF2',47001,57853,162200
'15MF2',47001,57853,163400
'15MF2',47001,57853,164800
'15MF2',47001,57853,170200
'15MF2',47001,57853,171700
'15MF2',47001,57853,173100
'15MF2',47001,57853,174500
'15MF2',47001,57853,180500
'15MF2',47001,57853,183100
'15MF2',47001,57853,185700
'15MF2',47001,57853,192400
'15MF2',47001,57853,195000
'15MF2',47001,57853,201700
'15MF2',47001,57853,204500
'15MF2',47001,57853,211600
'15MF2',47001,57853,214800
'15MF2',47001,57853,221900
'15MF2',47001,57853,225000
'15MF2',47001,57853,232100
'15MF2',47001,57853,235400
'15MF3',47001,57853,45400
'15MF3',47001,57853,52400
'15MF3',47001,57853,55400
'15MF3',47001,57853,62400
'15MF3',47001,57853,65000
'15MF3',47001,57853,71000
'15MF3',47001,57853,73000
'15MF3',47001,57853,74900
'15MF3',47001,57853,80800
'15MF3',47001,57853,82700
'15MF3',47001,57853,84700
'15MF3',47001,57853,90700
'15MF3',47001,57853,92500
'15MF3',47001,57853,94300
'15MF3',47001,57853,100100
'15MF3',47001,57853,101900
'15MF3',47001,57853,103800
'15MF3',47001,57853,105700
'15MF3',47001,57853,111600
'15MF3',47001,57853,113400
'15MF3',47001,57853,115000
'15MF3',47001,57853,120500
'15MF3',47001,57853,122100
'15MF3',47001,57853,123700
'15MF3',47001,57853,125300
'15MF3',47001,57853,130900
'15MF3',47001,57853,132600
'15MF3',47001,57853,134300
'15MF3',47001,57853,140000
'15MF3',47001,57853,141700
'15MF3',47001,57853,143200
'15MF3',47001,57853,144700
'15MF3',47001,57853,150200
'15MF3',47001,57853,151800
'15MF3',47001,57853,153300
'15MF3',47001,57853,154700
'15MF3',47001,57853,155800
'15MF3',47001,57853,161000
'15MF3',47001,57853,162200
'15MF3',47001,57853,163400
'15MF3',47001,57853,164800
'15MF3',47001,57853,170200
'15MF3',47001,57853,171700
'15MF3',47001,57853,173100
'15MF3',47001,57853,174500
'15MF3',47001,57853,180500
'15MF3',47001,57853,183100
'15MF3',47001,57853,185700
'15MF3',47001,57853,192400
'15MF3',47001,57853,195000
'15MF3',47001,57853,201700
'15MF3',47001,57853,204500
'15MF3',47001,57853,211600
'15MF3',47001,57853,214800
'15MF3',47001,57853,221900
'15MF3',47001,57853,225000
'15MF3',47001,57853,232100
'15MF3',47001,57853,235400
'15MI',47001,57853,45500
'15MI',47001,57853,53800
'15MI',47001,57853,60800
'15MI',47001,57853,63800
'15MI',47001,57853,70800
'15MI',47001,57853,73600
'15MI',47001,57853,80000
'15MI',47001,57853,82300
'15MI',47001,57853,84700
'15MI',47001,57853,91200
'15MI',47001,57853,93800
'15MI',47001,57853,100300
'15MI',47001,57853,102800
'15MI',47001,57853,104900
'15MI',47001,57853,110900
'15MI',47001,57853,112800
'15MI',47001,57853,114800
'15MI',47001,57853,120800
'15MI',47001,57853,122800
'15MI',47001,57853,124800
'15MI',47001,57853,130300
'15MI',47001,57853,131700
'15MI',47001,57853,133200
'15MI',47001,57853,134900
'15MI',47001,57853,140700
'15MI',47001,57853,142600
'15MI',47001,57853,144600
'15MI',47001,57853,150600
'15MI',47001,57853,152600
'15MI',47001,57853,154600
'15MI',47001,57853,160600
'15MI',47001,57853,162600
'15MI',47001,57853,164600
'15MI',47001,57853,170100
'15MI',47001,57853,171500
'15MI',47001,57853,173000
'15MI',47001,57853,174500
'15MI',47001,57853,181100
'15MI',47001,57853,184100
'15MI',47001,57853,191100
'15MI',47001,57853,194100
'15MI',47001,57853,201200
'15MI',47001,57853,204300
'15MI',47001,57853,211200
'15MI',47001,57853,214200
'15MI',47001,57853,221200
'15MI',47001,57853,224100
'15MI',47001,57853,231000
'15MI',47001,57853,233800
'15MI',47001,57853,235400
'15MS',47001,57853,45300
'15MS',47001,57853,52500
'15MS',47001,57853,54800
'15MS',47001,57853,55800
'15MS',47001,57853,60800
'15MS',47001,57853,61800
'15MS',47001,57853,62800
'15MS',47001,57853,63900
'15MS',47001,57853,64900
'15MS',47001,57853,65600
'15MS',47001,57853,70200
'15MS',47001,57853,71000
'15MS',47001,57853,71500
'15MS',47001,57853,72000
'15MS',47001,57853,72500
'15MS',47001,57853,73000
'15MS',47001,57853,73400
'15MS',47001,57853,74000
'15MS',47001,57853,74700
'15MS',47001,57853,75700
'15MS',47001,57853,80700
'15MS',47001,57853,81700
'15MS',47001,57853,82600
'15MS',47001,57853,83500
'15MS',47001,57853,84500
'15MS',47001,57853,85500
'15MS',47001,57853,90500
'15MS',47001,57853,91400
'15MS',47001,57853,92400
'15MS',47001,57853,93100
'15MS',47001,57853,94100
'15MS',47001,57853,95100
'15MS',47001,57853,100100
'15MS',47001,57853,101100
'15MS',47001,57853,102100
'15MS',47001,57853,103100
'15MS',47001,57853,104100
'15MS',47001,57853,105100
'15MS',47001,57853,110100
'15MS',47001,57853,111100
'15MS',47001,57853,112100
'15MS',47001,57853,113100
'15MS',47001,57853,114100
'15MS',47001,57853,115100
'15MS',47001,57853,120100
'15MS',47001,57853,121100
'15MS',47001,57853,122100
'15MS',47001,57853,123100
'15MS',47001,57853,124100
'15MS',47001,57853,125100
'15MS',47001,57853,130100
'15MS',47001,57853,131100
'15MS',47001,57853,132100
'15MS',47001,57853,133100
'15MS',47001,57853,134100
'15MS',47001,57853,135100
'15MS',47001,57853,140100
'15MS',47001,57853,141100
'15MS',47001,57853,142200
'15MS',47001,57853,143600
'15MS',47001,57853,145000
'15MS',47001,57853,150500
'15MS',47001,57853,152000
'15MS',47001,57853,153100
'15MS',47001,57853,154100
'15MS',47001,57853,155300
'15MS',47001,57853,160500
'15MS',47001,57853,161600
'15MS',47001,57853,162700
'15MS',47001,57853,163700
'15MS',47001,57853,164800
'15MS',47001,57853,170000
'15MS',47001,57853,171100
'15MS',47001,57853,172600
'15MS',47001,57853,174100
'15MS',47001,57853,175700
'15MS',47001,57853,181300
'15MS',47001,57853,183700
'15MS',47001,57853,190200
'15MS',47001,57853,192600
'15MS',47001,57853,195100
'15MS',47001,57853,201600
'15MS',47001,57853,204100
'15MS',47001,57853,210600
'15MS',47001,57853,213100
'15MS',47001,57853,215600
'15MS',47001,57853,222500
'15MS',47001,57853,225400
'15MS',47001,57853,232400
'15MS',47001,57853,235400
