'15JA',6801,50135,63800
'15JA',6801,50135,71400
'15JA',6801,50135,74800
'15JA',6801,50135,80600
'15JA',6801,50135,82300
'15JA',6801,50135,84000
'15JA',6801,50135,84900
'15JA',6801,50135,90300
'15JA',6801,50135,92600
'15JA',6801,50135,95000
'15JA',6801,50135,101600
'15JA',6801,50135,104000
'15JA',6801,50135,110400
'15JA',6801,50135,112800
'15JA',6801,50135,115200
'15JA',6801,50135,121600
'15JA',6801,50135,123800
'15JA',6801,50135,130000
'15JA',6801,50135,132200
'15JA',6801,50135,134400
'15JA',6801,50135,140700
'15JA',6801,50135,142900
'15JA',6801,50135,145100
'15JA',6801,50135,151300
'15JA',6801,50135,153500
'15JA',6801,50135,155800
'15JA',6801,50135,162000
'15JA',6801,50135,164200
'15JA',6801,50135,170500
'15JA',6801,50135,172700
'15JA',6801,50135,174900
'15JA',6801,50135,181200
'15JA',6801,50135,183400
'15JA',6801,50135,185500
'15JA',6801,50135,191800
'15JA',6801,50135,193900
'15JA',6801,50135,200100
'15JA',6801,50135,202300
'15JA',6801,50135,204600
'15JA',6801,50135,212100
'15JA',6801,50135,215200
'15JA',6801,50135,222600
'15JA',6801,50135,230000
'15JA',6801,50135,233400
'15JA',6801,50135,240800
'15JA',6801,50135,244200
'15JA',6801,50135,251500
'15JI',6801,50135,63600
'15JI',6801,50135,71600
'15JI',6801,50135,75400
'15JI',6801,50135,83200
'15JI',6801,50135,91000
'15JI',6801,50135,94100
'15JI',6801,50135,100800
'15JI',6801,50135,103500
'15JI',6801,50135,110200
'15JI',6801,50135,112900
'15JI',6801,50135,115600
'15JI',6801,50135,122400
'15JI',6801,50135,125300
'15JI',6801,50135,132100
'15JI',6801,50135,134900
'15JI',6801,50135,141700
'15JI',6801,50135,144500
'15JI',6801,50135,151300
'15JI',6801,50135,154100
'15JI',6801,50135,160800
'15JI',6801,50135,163600
'15JI',6801,50135,170400
'15JI',6801,50135,173200
'15JI',6801,50135,180000
'15JI',6801,50135,182800
'15JI',6801,50135,185400
'15JI',6801,50135,192000
'15JI',6801,50135,194600
'15JI',6801,50135,201500
'15JI',6801,50135,204900
'15JI',6801,50135,212300
'15JI',6801,50135,215800
'15JI',6801,50135,223300
'15JI',6801,50135,230700
'15JI',6801,50135,234000
'15JI',6801,50135,241200
'15JI',6801,50135,244400
'15JI',6801,50135,251400
'15JS',6801,50135,51900
'15JS',6801,50135,55400
'15JS',6801,50135,62900
'15JS',6801,50135,70500
'15JS',6801,50135,74200
'15JS',6801,50135,81200
'15JS',6801,50135,82800
'15JS',6801,50135,85700
'15JS',6801,50135,92300
'15JS',6801,50135,95000
'15JS',6801,50135,101900
'15JS',6801,50135,104800
'15JS',6801,50135,111700
'15JS',6801,50135,114700
'15JS',6801,50135,121600
'15JS',6801,50135,124500
'15JS',6801,50135,131300
'15JS',6801,50135,134100
'15JS',6801,50135,141100
'15JS',6801,50135,144100
'15JS',6801,50135,150900
'15JS',6801,50135,153700
'15JS',6801,50135,160400
'15JS',6801,50135,163000
'15JS',6801,50135,165600
'15JS',6801,50135,172400
'15JS',6801,50135,175200
'15JS',6801,50135,182000
'15JS',6801,50135,184700
'15JS',6801,50135,191300
'15JS',6801,50135,193900
'15JS',6801,50135,200500
'15JS',6801,50135,203100
'15JS',6801,50135,205600
'15JS',6801,50135,212100
'15JS',6801,50135,214500
'15JS',6801,50135,220900
'15JS',6801,50135,224100
'15JS',6801,50135,231400
'15JS',6801,50135,234400
'15JS',6801,50135,241800
'15JS',6801,50135,245000
'15JS',6801,50135,252200
'15JA',38201,50135,262800
'15JA',38201,50135,271500
'15JA',38201,50135,280000
'15JA',38201,50135,284500
'15JI',38201,50135,263100
'15JI',38201,50135,271600
'15JI',38201,50135,280100
'15JI',38201,50135,284600
'15JS',38201,50135,263000
'15JS',38201,50135,271500
'15JS',38201,50135,280100
'15JS',38201,50135,284600
'15JS',46801,50135,61200
'15JS',46801,50135,63800
'15JS',46801,50135,70300
'15JS',46801,50135,71200
'15JS',46801,50135,72100
'15JS',46801,50135,73000
'15JS',46801,50135,75200
'15JS',46801,50135,80500
'15JS',46801,50135,81500
'15JS',46801,50135,83300
'15JS',46801,50135,85200
'15JS',46801,50135,93000
'15JS',46801,50135,95900
'15JS',46801,50135,102800
'15JS',46801,50135,105800
'15JS',46801,50135,112800
'15JS',46801,50135,115800
'15JS',46801,50135,122800
'15JS',46801,50135,125800
'15JS',46801,50135,132800
'15JS',46801,50135,135800
'15JS',46801,50135,143000
'15JS',46801,50135,150000
'15JS',46801,50135,152900
'15JS',46801,50135,155600
'15JS',46801,50135,162400
'15JS',46801,50135,165600
'15JS',46801,50135,172700
'15JS',46801,50135,175600
'15JS',46801,50135,182300
'15JS',46801,50135,185800
