'14UA',3401,53223,53900
'14UA',3401,53223,60900
'14UA',3401,53223,63900
'14UA',3401,53223,70900
'14UA',3401,53223,74000
'14UA',3401,53223,81100
'14UA',3401,53223,84200
'14UA',3401,53223,91200
'14UA',3401,53223,94200
'14UA',3401,53223,101200
'14UA',3401,53223,104100
'14UA',3401,53223,111200
'14UA',3401,53223,114300
'14UA',3401,53223,121400
'14UA',3401,53223,124400
'14UA',3401,53223,131300
'14UA',3401,53223,134300
'14UA',3401,53223,141300
'14UA',3401,53223,144300
'14UA',3401,53223,151300
'14UA',3401,53223,154300
'14UA',3401,53223,161300
'14UA',3401,53223,164300
'14UA',3401,53223,171400
'14UA',3401,53223,174400
'14UA',3401,53223,181400
'14UA',3401,53223,184400
'14UA',3401,53223,191300
'14UA',3401,53223,194000
'14UA',3401,53223,200700
'14UA',3401,53223,203400
'14UA',3401,53223,210100
'14UA',3401,53223,212700
'14UA',3401,53223,215300
'14UA',3401,53223,221800
'14UA',3401,53223,224200
'14UA',3401,53223,230600
'14UA',3401,53223,233000
'14UA',3401,53223,235500
'14UA',3401,53223,242000
'14UA',3401,53223,244500
'14UA',3401,53223,250900
'14UA',3401,53223,253400
'14UA',3401,53223,255800
'14UF1',3401,53223,53900
'14UF1',3401,53223,60900
'14UF1',3401,53223,63900
'14UF1',3401,53223,70900
'14UF1',3401,53223,74000
'14UF1',3401,53223,81100
'14UF1',3401,53223,84200
'14UF1',3401,53223,91200
'14UF1',3401,53223,94200
'14UF1',3401,53223,101200
'14UF1',3401,53223,104100
'14UF1',3401,53223,111200
'14UF1',3401,53223,114300
'14UF1',3401,53223,121400
'14UF1',3401,53223,124400
'14UF1',3401,53223,131300
'14UF1',3401,53223,134300
'14UF1',3401,53223,141300
'14UF1',3401,53223,144300
'14UF1',3401,53223,151300
'14UF1',3401,53223,154300
'14UF1',3401,53223,161300
'14UF1',3401,53223,164300
'14UF1',3401,53223,171400
'14UF1',3401,53223,174400
'14UF1',3401,53223,181400
'14UF1',3401,53223,184400
'14UF1',3401,53223,191300
'14UF1',3401,53223,194000
'14UF1',3401,53223,200700
'14UF1',3401,53223,203400
'14UF1',3401,53223,210100
'14UF1',3401,53223,212700
'14UF1',3401,53223,215300
'14UF1',3401,53223,221800
'14UF1',3401,53223,224200
'14UF1',3401,53223,230600
'14UF1',3401,53223,233000
'14UF1',3401,53223,235500
'14UF1',3401,53223,242000
'14UF1',3401,53223,244500
'14UF1',3401,53223,250700
'14UF1',3401,53223,252900
'14UF2',3401,53223,53900
'14UF2',3401,53223,60900
'14UF2',3401,53223,63900
'14UF2',3401,53223,70900
'14UF2',3401,53223,74000
'14UF2',3401,53223,81100
'14UF2',3401,53223,84200
'14UF2',3401,53223,91200
'14UF2',3401,53223,94200
'14UF2',3401,53223,101200
'14UF2',3401,53223,104100
'14UF2',3401,53223,111200
'14UF2',3401,53223,114300
'14UF2',3401,53223,121400
'14UF2',3401,53223,124400
'14UF2',3401,53223,131300
'14UF2',3401,53223,134300
'14UF2',3401,53223,141300
'14UF2',3401,53223,144300
'14UF2',3401,53223,151300
'14UF2',3401,53223,154300
'14UF2',3401,53223,161300
'14UF2',3401,53223,164300
'14UF2',3401,53223,171400
'14UF2',3401,53223,174400
'14UF2',3401,53223,181400
'14UF2',3401,53223,184400
'14UF2',3401,53223,191300
'14UF2',3401,53223,194000
'14UF2',3401,53223,200700
'14UF2',3401,53223,203400
'14UF2',3401,53223,210100
'14UF2',3401,53223,212700
'14UF2',3401,53223,215300
'14UF2',3401,53223,221800
'14UF2',3401,53223,224200
'14UF2',3401,53223,230600
'14UF2',3401,53223,233000
'14UF2',3401,53223,235500
'14UF2',3401,53223,242000
'14UF2',3401,53223,244500
'14UF2',3401,53223,250700
'14UF2',3401,53223,252900
'14UI',3401,53223,53600
'14UI',3401,53223,60600
'14UI',3401,53223,63600
'14UI',3401,53223,70600
'14UI',3401,53223,73600
'14UI',3401,53223,80600
'14UI',3401,53223,83600
'14UI',3401,53223,90600
'14UI',3401,53223,93600
'14UI',3401,53223,100800
'14UI',3401,53223,103800
'14UI',3401,53223,110900
'14UI',3401,53223,114000
'14UI',3401,53223,121100
'14UI',3401,53223,124100
'14UI',3401,53223,131100
'14UI',3401,53223,134100
'14UI',3401,53223,141100
'14UI',3401,53223,144100
'14UI',3401,53223,151100
'14UI',3401,53223,154100
'14UI',3401,53223,161100
'14UI',3401,53223,164100
'14UI',3401,53223,171000
'14UI',3401,53223,174000
'14UI',3401,53223,180900
'14UI',3401,53223,183600
'14UI',3401,53223,190300
'14UI',3401,53223,193200
'14UI',3401,53223,200200
'14UI',3401,53223,203300
'14UI',3401,53223,210300
'14UI',3401,53223,213300
'14UI',3401,53223,220200
'14UI',3401,53223,223100
'14UI',3401,53223,230100
'14UI',3401,53223,233000
'14UI',3401,53223,235900
'14UI',3401,53223,242900
'14UI',3401,53223,245900
'14UI',3401,53223,252900
'14US',3401,53223,51500
'14US',3401,53223,54300
'14US',3401,53223,61100
'14US',3401,53223,64100
'14US',3401,53223,71000
'14US',3401,53223,74000
'14US',3401,53223,81000
'14US',3401,53223,83900
'14US',3401,53223,90300
'14US',3401,53223,92900
'14US',3401,53223,95600
'14US',3401,53223,102300
'14US',3401,53223,105100
'14US',3401,53223,112000
'14US',3401,53223,115000
'14US',3401,53223,122300
'14US',3401,53223,125300
'14US',3401,53223,132300
'14US',3401,53223,135300
'14US',3401,53223,142300
'14US',3401,53223,145300
'14US',3401,53223,152400
'14US',3401,53223,155500
'14US',3401,53223,162700
'14US',3401,53223,165500
'14US',3401,53223,171100
'14US',3401,53223,172600
'14US',3401,53223,174200
'14US',3401,53223,175900
'14US',3401,53223,181600
'14US',3401,53223,183300
'14US',3401,53223,185400
'14US',3401,53223,191400
'14US',3401,53223,193400
'14US',3401,53223,195600
'14US',3401,53223,202400
'14US',3401,53223,205400
'14US',3401,53223,212400
'14US',3401,53223,215400
'14US',3401,53223,222400
'14US',3401,53223,225400
'14US',3401,53223,232400
'14US',3401,53223,235400
'14US',3401,53223,242400
'14US',3401,53223,245300
'14US',3401,53223,252100
'14UA',12501,53223,54700
'14UA',12501,53223,62200
'14UA',12501,53223,65600
'14UA',12501,53223,73000
'14UA',12501,53223,80400
'14UA',12501,53223,83900
'14UA',12501,53223,91800
'14UA',12501,53223,95700
'14UA',12501,53223,103100
'14UA',12501,53223,110100
'14UA',12501,53223,113200
'14UA',12501,53223,120300
'14UA',12501,53223,123200
'14UA',12501,53223,130000
'14UA',12501,53223,132900
'14UA',12501,53223,135800
'14UA',12501,53223,142700
'14UA',12501,53223,145500
'14UA',12501,53223,152400
'14UA',12501,53223,155400
'14UA',12501,53223,162400
'14UA',12501,53223,165400
'14UA',12501,53223,171800
'14UA',12501,53223,174100
'14UA',12501,53223,180400
'14UA',12501,53223,182600
'14UA',12501,53223,184700
'14UA',12501,53223,190700
'14UA',12501,53223,192900
'14UA',12501,53223,195600
'14UA',12501,53223,202700
'14UA',12501,53223,205800
'14UA',12501,53223,213600
'14UA',12501,53223,221500
'14UA',12501,53223,225400
'14UA',12501,53223,233200
'14UA',12501,53223,240700
'14UA',12501,53223,244200
'14UA',12501,53223,251600
'14UA',12501,53223,253600
'14UA',12501,53223,255200
'14UF1',12501,53223,54700
'14UF1',12501,53223,62200
'14UF1',12501,53223,65600
'14UF1',12501,53223,73000
'14UF1',12501,53223,80400
'14UF1',12501,53223,83900
'14UF1',12501,53223,91800
'14UF1',12501,53223,95700
'14UF1',12501,53223,103100
'14UF1',12501,53223,110100
'14UF1',12501,53223,113200
'14UF1',12501,53223,120300
'14UF1',12501,53223,123200
'14UF1',12501,53223,130000
'14UF1',12501,53223,132900
'14UF1',12501,53223,135800
'14UF1',12501,53223,142700
'14UF1',12501,53223,145500
'14UF1',12501,53223,152400
'14UF1',12501,53223,155400
'14UF1',12501,53223,162400
'14UF1',12501,53223,165400
'14UF1',12501,53223,171800
'14UF1',12501,53223,174100
'14UF1',12501,53223,180400
'14UF1',12501,53223,182600
'14UF1',12501,53223,184700
'14UF1',12501,53223,190700
'14UF1',12501,53223,192900
'14UF1',12501,53223,195600
'14UF1',12501,53223,202700
'14UF1',12501,53223,205800
'14UF1',12501,53223,213600
'14UF1',12501,53223,221500
'14UF1',12501,53223,225400
'14UF1',12501,53223,233200
'14UF1',12501,53223,240700
'14UF1',12501,53223,244200
'14UF1',12501,53223,251600
'14UF1',12501,53223,254400
'14UF2',12501,53223,54700
'14UF2',12501,53223,62200
'14UF2',12501,53223,65600
'14UF2',12501,53223,73000
'14UF2',12501,53223,80400
'14UF2',12501,53223,83900
'14UF2',12501,53223,91800
'14UF2',12501,53223,95700
'14UF2',12501,53223,103100
'14UF2',12501,53223,110100
'14UF2',12501,53223,113200
'14UF2',12501,53223,120300
'14UF2',12501,53223,123200
'14UF2',12501,53223,130000
'14UF2',12501,53223,132900
'14UF2',12501,53223,135800
'14UF2',12501,53223,142700
'14UF2',12501,53223,145500
'14UF2',12501,53223,152400
'14UF2',12501,53223,155400
'14UF2',12501,53223,162400
'14UF2',12501,53223,165400
'14UF2',12501,53223,171800
'14UF2',12501,53223,174100
'14UF2',12501,53223,180400
'14UF2',12501,53223,182600
'14UF2',12501,53223,184700
'14UF2',12501,53223,190700
'14UF2',12501,53223,192900
'14UF2',12501,53223,195600
'14UF2',12501,53223,202700
'14UF2',12501,53223,205800
'14UF2',12501,53223,213600
'14UF2',12501,53223,221500
'14UF2',12501,53223,225400
'14UF2',12501,53223,233200
'14UF2',12501,53223,240700
'14UF2',12501,53223,244200
'14UF2',12501,53223,251600
'14UF2',12501,53223,254400
'14UI',12501,53223,54400
'14UI',12501,53223,61600
'14UI',12501,53223,64800
'14UI',12501,53223,72000
'14UI',12501,53223,75300
'14UI',12501,53223,82700
'14UI',12501,53223,90300
'14UI',12501,53223,93900
'14UI',12501,53223,101600
'14UI',12501,53223,105100
'14UI',12501,53223,112800
'14UI',12501,53223,120300
'14UI',12501,53223,123600
'14UI',12501,53223,130600
'14UI',12501,53223,133500
'14UI',12501,53223,140400
'14UI',12501,53223,143300
'14UI',12501,53223,150300
'14UI',12501,53223,153200
'14UI',12501,53223,160100
'14UI',12501,53223,162500
'14UI',12501,53223,164800
'14UI',12501,53223,171200
'14UI',12501,53223,173600
'14UI',12501,53223,180100
'14UI',12501,53223,182500
'14UI',12501,53223,184800
'14UI',12501,53223,191400
'14UI',12501,53223,194000
'14UI',12501,53223,200500
'14UI',12501,53223,203000
'14UI',12501,53223,210600
'14UI',12501,53223,214200
'14UI',12501,53223,222000
'14UI',12501,53223,225800
'14UI',12501,53223,233700
'14UI',12501,53223,241500
'14UI',12501,53223,245400
'14UI',12501,53223,254400
'14US',12501,53223,54600
'14US',12501,53223,61400
'14US',12501,53223,64500
'14US',12501,53223,71600
'14US',12501,53223,74600
'14US',12501,53223,81900
'14US',12501,53223,84900
'14US',12501,53223,91800
'14US',12501,53223,94700
'14US',12501,53223,101700
'14US',12501,53223,104600
'14US',12501,53223,111500
'14US',12501,53223,114500
'14US',12501,53223,121600
'14US',12501,53223,124700
'14US',12501,53223,131700
'14US',12501,53223,134500
'14US',12501,53223,141400
'14US',12501,53223,144300
'14US',12501,53223,151400
'14US',12501,53223,154500
'14US',12501,53223,161600
'14US',12501,53223,163100
'14US',12501,53223,164600
'14US',12501,53223,170000
'14US',12501,53223,171500
'14US',12501,53223,173100
'14US',12501,53223,174600
'14US',12501,53223,175900
'14US',12501,53223,181200
'14US',12501,53223,182400
'14US',12501,53223,185400
'14US',12501,53223,192300
'14US',12501,53223,195200
'14US',12501,53223,202200
'14US',12501,53223,205200
'14US',12501,53223,212200
'14US',12501,53223,215100
'14US',12501,53223,222100
'14US',12501,53223,225200
'14US',12501,53223,233100
'14US',12501,53223,241000
'14US',12501,53223,245300
'14US',12501,53223,254500
'14UA',35301,53223,263000
'14UA',35301,53223,271500
'14UA',35301,53223,280000
'14UA',35301,53223,284000
'14UF1',35301,53223,254500
'14UF1',35301,53223,263000
'14UF1',35301,53223,271500
'14UF1',35301,53223,280000
'14UF1',35301,53223,284000
'14UF2',35301,53223,254500
'14UF2',35301,53223,263000
'14UF2',35301,53223,271500
'14UF2',35301,53223,280000
'14UF2',35301,53223,284000
'14UI',35301,53223,254500
'14UI',35301,53223,263000
'14UI',35301,53223,271500
'14UI',35301,53223,280000
'14UI',35301,53223,284000
'14US',35301,53223,254500
'14US',35301,53223,263000
'14US',35301,53223,271500
'14US',35301,53223,280000
'14US',35301,53223,284000
