'14UA',5102,51003,52800
'14UA',5102,51003,55900
'14UA',5102,51003,62900
'14UA',5102,51003,70200
'14UA',5102,51003,73500
'14UA',5102,51003,81100
'14UA',5102,51003,83900
'14UA',5102,51003,90600
'14UA',5102,51003,92900
'14UA',5102,51003,95100
'14UA',5102,51003,101400
'14UA',5102,51003,103700
'14UA',5102,51003,105500
'14UA',5102,51003,111000
'14UA',5102,51003,112400
'14UA',5102,51003,113800
'14UA',5102,51003,115300
'14UA',5102,51003,120700
'14UA',5102,51003,122000
'14UA',5102,51003,123300
'14UA',5102,51003,124300
'14UA',5102,51003,125300
'14UA',5102,51003,130200
'14UA',5102,51003,131100
'14UA',5102,51003,132000
'14UA',5102,51003,132900
'14UA',5102,51003,133700
'14UA',5102,51003,134600
'14UA',5102,51003,135600
'14UA',5102,51003,140600
'14UA',5102,51003,141600
'14UA',5102,51003,142600
'14UA',5102,51003,143500
'14UA',5102,51003,144300
'14UA',5102,51003,145100
'14UA',5102,51003,145900
'14UA',5102,51003,150700
'14UA',5102,51003,151500
'14UA',5102,51003,152300
'14UA',5102,51003,153200
'14UA',5102,51003,154000
'14UA',5102,51003,154800
'14UA',5102,51003,155600
'14UA',5102,51003,160400
'14UA',5102,51003,161200
'14UA',5102,51003,161900
'14UA',5102,51003,162500
'14UA',5102,51003,163100
'14UA',5102,51003,163800
'14UA',5102,51003,164600
'14UA',5102,51003,165300
'14UA',5102,51003,170100
'14UA',5102,51003,170800
'14UA',5102,51003,171400
'14UA',5102,51003,172000
'14UA',5102,51003,172600
'14UA',5102,51003,173200
'14UA',5102,51003,173800
'14UA',5102,51003,174400
'14UA',5102,51003,175000
'14UA',5102,51003,175600
'14UA',5102,51003,180200
'14UA',5102,51003,180800
'14UA',5102,51003,181400
'14UA',5102,51003,181900
'14UA',5102,51003,182600
'14UA',5102,51003,183300
'14UA',5102,51003,183900
'14UA',5102,51003,184500
'14UA',5102,51003,185100
'14UA',5102,51003,185700
'14UA',5102,51003,190400
'14UA',5102,51003,191100
'14UA',5102,51003,191700
'14UA',5102,51003,192400
'14UA',5102,51003,193300
'14UA',5102,51003,194200
'14UA',5102,51003,195100
'14UA',5102,51003,200000
'14UA',5102,51003,200900
'14UA',5102,51003,201700
'14UA',5102,51003,202400
'14UA',5102,51003,203100
'14UA',5102,51003,204100
'14UA',5102,51003,205100
'14UA',5102,51003,210200
'14UA',5102,51003,211300
'14UA',5102,51003,212500
'14UA',5102,51003,213400
'14UA',5102,51003,214200
'14UA',5102,51003,215000
'14UA',5102,51003,215800
'14UA',5102,51003,220800
'14UA',5102,51003,221900
'14UA',5102,51003,222900
'14UA',5102,51003,223800
'14UA',5102,51003,224700
'14UA',5102,51003,225700
'14UA',5102,51003,230600
'14UA',5102,51003,231600
'14UA',5102,51003,232700
'14UA',5102,51003,233700
'14UA',5102,51003,234600
'14UA',5102,51003,235600
'14UA',5102,51003,240700
'14UA',5102,51003,241700
'14UA',5102,51003,242700
'14UA',5102,51003,244200
'14UA',5102,51003,250200
'14UA',5102,51003,252200
'14UA',5102,51003,254200
'14UA',5102,51003,260600
'14UF1',5102,51003,52700
'14UF1',5102,51003,55500
'14UF1',5102,51003,62500
'14UF1',5102,51003,65600
'14UF1',5102,51003,72800
'14UF1',5102,51003,75800
'14UF1',5102,51003,82900
'14UF1',5102,51003,90100
'14UF1',5102,51003,93000
'14UF1',5102,51003,95200
'14UF1',5102,51003,101100
'14UF1',5102,51003,103000
'14UF1',5102,51003,105200
'14UF1',5102,51003,111300
'14UF1',5102,51003,113300
'14UF1',5102,51003,114800
'14UF1',5102,51003,120300
'14UF1',5102,51003,121800
'14UF1',5102,51003,123300
'14UF1',5102,51003,124100
'14UF1',5102,51003,124900
'14UF1',5102,51003,125700
'14UF1',5102,51003,130500
'14UF1',5102,51003,131400
'14UF1',5102,51003,132300
'14UF1',5102,51003,133300
'14UF1',5102,51003,134200
'14UF1',5102,51003,135200
'14UF1',5102,51003,140300
'14UF1',5102,51003,141300
'14UF1',5102,51003,142300
'14UF1',5102,51003,143300
'14UF1',5102,51003,144300
'14UF1',5102,51003,145100
'14UF1',5102,51003,145800
'14UF1',5102,51003,150600
'14UF1',5102,51003,151500
'14UF1',5102,51003,152400
'14UF1',5102,51003,153300
'14UF1',5102,51003,154100
'14UF1',5102,51003,154800
'14UF1',5102,51003,155500
'14UF1',5102,51003,160200
'14UF1',5102,51003,161000
'14UF1',5102,51003,161800
'14UF1',5102,51003,162700
'14UF1',5102,51003,163600
'14UF1',5102,51003,164300
'14UF1',5102,51003,165000
'14UF1',5102,51003,165700
'14UF1',5102,51003,170400
'14UF1',5102,51003,171200
'14UF1',5102,51003,172000
'14UF1',5102,51003,172500
'14UF1',5102,51003,173000
'14UF1',5102,51003,173500
'14UF1',5102,51003,174000
'14UF1',5102,51003,174600
'14UF1',5102,51003,175100
'14UF1',5102,51003,175600
'14UF1',5102,51003,180100
'14UF1',5102,51003,180700
'14UF1',5102,51003,181300
'14UF1',5102,51003,182100
'14UF1',5102,51003,182800
'14UF1',5102,51003,183600
'14UF1',5102,51003,184300
'14UF1',5102,51003,185100
'14UF1',5102,51003,185800
'14UF1',5102,51003,190500
'14UF1',5102,51003,191200
'14UF1',5102,51003,192100
'14UF1',5102,51003,193100
'14UF1',5102,51003,194100
'14UF1',5102,51003,195200
'14UF1',5102,51003,200200
'14UF1',5102,51003,201200
'14UF1',5102,51003,202100
'14UF1',5102,51003,203100
'14UF1',5102,51003,204100
'14UF1',5102,51003,205100
'14UF1',5102,51003,210100
'14UF1',5102,51003,211000
'14UF1',5102,51003,212000
'14UF1',5102,51003,213000
'14UF1',5102,51003,214000
'14UF1',5102,51003,215000
'14UF1',5102,51003,220000
'14UF1',5102,51003,221000
'14UF1',5102,51003,222000
'14UF1',5102,51003,223700
'14UF1',5102,51003,225500
'14UF1',5102,51003,231400
'14UF1',5102,51003,233300
'14UF1',5102,51003,235200
'14UF1',5102,51003,240800
'14UF1',5102,51003,243700
'14UF1',5102,51003,250900
'14UF1',5102,51003,254100
'14UF2',5102,51003,52700
'14UF2',5102,51003,55500
'14UF2',5102,51003,62500
'14UF2',5102,51003,65600
'14UF2',5102,51003,72800
'14UF2',5102,51003,75800
'14UF2',5102,51003,82900
'14UF2',5102,51003,90100
'14UF2',5102,51003,93000
'14UF2',5102,51003,95200
'14UF2',5102,51003,101100
'14UF2',5102,51003,103000
'14UF2',5102,51003,105200
'14UF2',5102,51003,111300
'14UF2',5102,51003,113300
'14UF2',5102,51003,114800
'14UF2',5102,51003,120300
'14UF2',5102,51003,121800
'14UF2',5102,51003,123300
'14UF2',5102,51003,124100
'14UF2',5102,51003,124900
'14UF2',5102,51003,125700
'14UF2',5102,51003,130500
'14UF2',5102,51003,131400
'14UF2',5102,51003,132300
'14UF2',5102,51003,133300
'14UF2',5102,51003,134200
'14UF2',5102,51003,135200
'14UF2',5102,51003,140300
'14UF2',5102,51003,141300
'14UF2',5102,51003,142300
'14UF2',5102,51003,143300
'14UF2',5102,51003,144300
'14UF2',5102,51003,145100
'14UF2',5102,51003,145800
'14UF2',5102,51003,150600
'14UF2',5102,51003,151500
'14UF2',5102,51003,152400
'14UF2',5102,51003,153300
'14UF2',5102,51003,154100
'14UF2',5102,51003,154800
'14UF2',5102,51003,155500
'14UF2',5102,51003,160200
'14UF2',5102,51003,161000
'14UF2',5102,51003,161800
'14UF2',5102,51003,162700
'14UF2',5102,51003,163600
'14UF2',5102,51003,164300
'14UF2',5102,51003,165000
'14UF2',5102,51003,165700
'14UF2',5102,51003,170400
'14UF2',5102,51003,171200
'14UF2',5102,51003,172000
'14UF2',5102,51003,172500
'14UF2',5102,51003,173000
'14UF2',5102,51003,173500
'14UF2',5102,51003,174000
'14UF2',5102,51003,174600
'14UF2',5102,51003,175100
'14UF2',5102,51003,175600
'14UF2',5102,51003,180100
'14UF2',5102,51003,180700
'14UF2',5102,51003,181300
'14UF2',5102,51003,182100
'14UF2',5102,51003,182800
'14UF2',5102,51003,183600
'14UF2',5102,51003,184300
'14UF2',5102,51003,185100
'14UF2',5102,51003,185800
'14UF2',5102,51003,190500
'14UF2',5102,51003,191200
'14UF2',5102,51003,192100
'14UF2',5102,51003,193100
'14UF2',5102,51003,194100
'14UF2',5102,51003,195200
'14UF2',5102,51003,200200
'14UF2',5102,51003,201200
'14UF2',5102,51003,202100
'14UF2',5102,51003,203100
'14UF2',5102,51003,204100
'14UF2',5102,51003,205100
'14UF2',5102,51003,210100
'14UF2',5102,51003,211000
'14UF2',5102,51003,212000
'14UF2',5102,51003,213000
'14UF2',5102,51003,214000
'14UF2',5102,51003,215000
'14UF2',5102,51003,220000
'14UF2',5102,51003,221000
'14UF2',5102,51003,222000
'14UF2',5102,51003,223700
'14UF2',5102,51003,225500
'14UF2',5102,51003,231400
'14UF2',5102,51003,233300
'14UF2',5102,51003,235200
'14UF2',5102,51003,240800
'14UF2',5102,51003,243700
'14UF2',5102,51003,250900
'14UF2',5102,51003,254100
'14UI',5102,51003,52700
'14UI',5102,51003,55500
'14UI',5102,51003,62500
'14UI',5102,51003,65600
'14UI',5102,51003,72800
'14UI',5102,51003,75800
'14UI',5102,51003,82900
'14UI',5102,51003,90100
'14UI',5102,51003,93000
'14UI',5102,51003,95200
'14UI',5102,51003,101100
'14UI',5102,51003,103000
'14UI',5102,51003,105200
'14UI',5102,51003,111300
'14UI',5102,51003,113300
'14UI',5102,51003,114800
'14UI',5102,51003,120300
'14UI',5102,51003,121800
'14UI',5102,51003,123300
'14UI',5102,51003,124100
'14UI',5102,51003,124900
'14UI',5102,51003,125700
'14UI',5102,51003,130500
'14UI',5102,51003,131400
'14UI',5102,51003,132300
'14UI',5102,51003,133300
'14UI',5102,51003,134200
'14UI',5102,51003,135200
'14UI',5102,51003,140300
'14UI',5102,51003,141300
'14UI',5102,51003,142300
'14UI',5102,51003,143300
'14UI',5102,51003,144300
'14UI',5102,51003,145100
'14UI',5102,51003,145800
'14UI',5102,51003,150600
'14UI',5102,51003,151500
'14UI',5102,51003,152400
'14UI',5102,51003,153300
'14UI',5102,51003,154100
'14UI',5102,51003,154800
'14UI',5102,51003,155500
'14UI',5102,51003,160200
'14UI',5102,51003,161000
'14UI',5102,51003,161800
'14UI',5102,51003,162700
'14UI',5102,51003,163600
'14UI',5102,51003,164300
'14UI',5102,51003,165000
'14UI',5102,51003,165700
'14UI',5102,51003,170400
'14UI',5102,51003,171200
'14UI',5102,51003,172000
'14UI',5102,51003,172500
'14UI',5102,51003,173000
'14UI',5102,51003,173500
'14UI',5102,51003,174000
'14UI',5102,51003,174600
'14UI',5102,51003,175100
'14UI',5102,51003,175600
'14UI',5102,51003,180100
'14UI',5102,51003,180700
'14UI',5102,51003,181300
'14UI',5102,51003,182100
'14UI',5102,51003,182800
'14UI',5102,51003,183600
'14UI',5102,51003,184300
'14UI',5102,51003,185100
'14UI',5102,51003,185800
'14UI',5102,51003,190500
'14UI',5102,51003,191200
'14UI',5102,51003,192100
'14UI',5102,51003,193100
'14UI',5102,51003,194100
'14UI',5102,51003,195200
'14UI',5102,51003,200200
'14UI',5102,51003,201200
'14UI',5102,51003,202100
'14UI',5102,51003,203100
'14UI',5102,51003,204100
'14UI',5102,51003,205100
'14UI',5102,51003,210100
'14UI',5102,51003,211000
'14UI',5102,51003,212000
'14UI',5102,51003,213000
'14UI',5102,51003,214000
'14UI',5102,51003,215000
'14UI',5102,51003,220000
'14UI',5102,51003,221000
'14UI',5102,51003,222000
'14UI',5102,51003,223700
'14UI',5102,51003,225500
'14UI',5102,51003,231400
'14UI',5102,51003,233300
'14UI',5102,51003,235200
'14UI',5102,51003,240800
'14UI',5102,51003,243700
'14UI',5102,51003,250900
'14UI',5102,51003,254100
'14US',5102,51003,52800
'14US',5102,51003,55800
'14US',5102,51003,62400
'14US',5102,51003,63400
'14US',5102,51003,64400
'14US',5102,51003,65600
'14US',5102,51003,70700
'14US',5102,51003,71900
'14US',5102,51003,73200
'14US',5102,51003,74400
'14US',5102,51003,75400
'14US',5102,51003,80400
'14US',5102,51003,81400
'14US',5102,51003,82400
'14US',5102,51003,83400
'14US',5102,51003,84400
'14US',5102,51003,85300
'14US',5102,51003,90300
'14US',5102,51003,91300
'14US',5102,51003,92300
'14US',5102,51003,93300
'14US',5102,51003,94300
'14US',5102,51003,95300
'14US',5102,51003,100300
'14US',5102,51003,101300
'14US',5102,51003,102300
'14US',5102,51003,103300
'14US',5102,51003,104300
'14US',5102,51003,105300
'14US',5102,51003,110300
'14US',5102,51003,111300
'14US',5102,51003,112300
'14US',5102,51003,113300
'14US',5102,51003,114300
'14US',5102,51003,115300
'14US',5102,51003,120300
'14US',5102,51003,121300
'14US',5102,51003,122300
'14US',5102,51003,123300
'14US',5102,51003,124300
'14US',5102,51003,125100
'14US',5102,51003,125800
'14US',5102,51003,130500
'14US',5102,51003,131200
'14US',5102,51003,132000
'14US',5102,51003,132800
'14US',5102,51003,133600
'14US',5102,51003,134600
'14US',5102,51003,135600
'14US',5102,51003,140500
'14US',5102,51003,141300
'14US',5102,51003,142100
'14US',5102,51003,142900
'14US',5102,51003,143700
'14US',5102,51003,144500
'14US',5102,51003,145200
'14US',5102,51003,150100
'14US',5102,51003,150800
'14US',5102,51003,151400
'14US',5102,51003,152000
'14US',5102,51003,152600
'14US',5102,51003,153300
'14US',5102,51003,154000
'14US',5102,51003,154700
'14US',5102,51003,155400
'14US',5102,51003,160000
'14US',5102,51003,160700
'14US',5102,51003,161400
'14US',5102,51003,162000
'14US',5102,51003,162700
'14US',5102,51003,163300
'14US',5102,51003,163800
'14US',5102,51003,164300
'14US',5102,51003,164800
'14US',5102,51003,165300
'14US',5102,51003,165800
'14US',5102,51003,170300
'14US',5102,51003,170800
'14US',5102,51003,171300
'14US',5102,51003,171800
'14US',5102,51003,172300
'14US',5102,51003,172800
'14US',5102,51003,173200
'14US',5102,51003,173700
'14US',5102,51003,174200
'14US',5102,51003,174700
'14US',5102,51003,175200
'14US',5102,51003,175700
'14US',5102,51003,180200
'14US',5102,51003,180700
'14US',5102,51003,181300
'14US',5102,51003,181900
'14US',5102,51003,182500
'14US',5102,51003,183200
'14US',5102,51003,183900
'14US',5102,51003,184600
'14US',5102,51003,185200
'14US',5102,51003,190000
'14US',5102,51003,190800
'14US',5102,51003,191600
'14US',5102,51003,192500
'14US',5102,51003,193300
'14US',5102,51003,193900
'14US',5102,51003,194500
'14US',5102,51003,195200
'14US',5102,51003,195700
'14US',5102,51003,200200
'14US',5102,51003,201000
'14US',5102,51003,201800
'14US',5102,51003,202500
'14US',5102,51003,203200
'14US',5102,51003,204000
'14US',5102,51003,204800
'14US',5102,51003,205600
'14US',5102,51003,210300
'14US',5102,51003,211000
'14US',5102,51003,211800
'14US',5102,51003,212500
'14US',5102,51003,213200
'14US',5102,51003,213800
'14US',5102,51003,214500
'14US',5102,51003,215200
'14US',5102,51003,220000
'14US',5102,51003,220800
'14US',5102,51003,221600
'14US',5102,51003,222700
'14US',5102,51003,223700
'14US',5102,51003,224700
'14US',5102,51003,225700
'14US',5102,51003,230700
'14US',5102,51003,232100
'14US',5102,51003,233800
'14US',5102,51003,235500
'14US',5102,51003,241500
'14US',5102,51003,243800
'14US',5102,51003,250200
'14US',5102,51003,252700
'14US',5102,51003,255200
'14UA',16603,51003,84600
'14UA',16603,51003,91900
'14UA',16603,51003,95200
'14UA',16603,51003,102300
'14UA',16603,51003,105600
'14UA',16603,51003,112900
'14UA',16603,51003,120200
'14UA',16603,51003,123500
'14UA',16603,51003,130800
'14UA',16603,51003,134100
'14UA',16603,51003,141400
'14UA',16603,51003,144700
'14UA',16603,51003,152200
'14UA',16603,51003,155500
'14UA',16603,51003,162900
'14UA',16603,51003,170200
'14UA',16603,51003,173600
'14UA',16603,51003,180900
'14UA',16603,51003,184000
'14UA',16603,51003,191200
'14UA',16603,51003,194300
'14UA',16603,51003,201500
'14UA',16603,51003,204600
'14UA',16603,51003,212100
'14UA',16603,51003,215600
'14UA',16603,51003,223400
'14UA',16603,51003,231200
'14UA',16603,51003,235000
'14UA',16603,51003,242800
'14UA',16603,51003,250600
'14UF1',16603,51003,91600
'14UF1',16603,51003,94900
'14UF1',16603,51003,102300
'14UF1',16603,51003,105700
'14UF1',16603,51003,113000
'14UF1',16603,51003,120300
'14UF1',16603,51003,123600
'14UF1',16603,51003,130900
'14UF1',16603,51003,134200
'14UF1',16603,51003,141500
'14UF1',16603,51003,144800
'14UF1',16603,51003,152200
'14UF1',16603,51003,155500
'14UF1',16603,51003,162900
'14UF1',16603,51003,170200
'14UF1',16603,51003,173500
'14UF1',16603,51003,180800
'14UF1',16603,51003,184000
'14UF1',16603,51003,191200
'14UF1',16603,51003,194400
'14UF1',16603,51003,201500
'14UF1',16603,51003,204700
'14UF1',16603,51003,212100
'14UF1',16603,51003,215600
'14UF1',16603,51003,223300
'14UF1',16603,51003,230900
'14UF1',16603,51003,234500
'14UF1',16603,51003,242300
'14UF1',16603,51003,250000
'14UF2',16603,51003,91600
'14UF2',16603,51003,94900
'14UF2',16603,51003,102300
'14UF2',16603,51003,105700
'14UF2',16603,51003,113000
'14UF2',16603,51003,120300
'14UF2',16603,51003,123600
'14UF2',16603,51003,130900
'14UF2',16603,51003,134200
'14UF2',16603,51003,141500
'14UF2',16603,51003,144800
'14UF2',16603,51003,152200
'14UF2',16603,51003,155500
'14UF2',16603,51003,162900
'14UF2',16603,51003,170200
'14UF2',16603,51003,173500
'14UF2',16603,51003,180800
'14UF2',16603,51003,184000
'14UF2',16603,51003,191200
'14UF2',16603,51003,194400
'14UF2',16603,51003,201500
'14UF2',16603,51003,204700
'14UF2',16603,51003,212100
'14UF2',16603,51003,215600
'14UF2',16603,51003,223300
'14UF2',16603,51003,230900
'14UF2',16603,51003,234500
'14UF2',16603,51003,242300
'14UF2',16603,51003,250000
'14UI',16603,51003,91600
'14UI',16603,51003,94900
'14UI',16603,51003,102300
'14UI',16603,51003,105700
'14UI',16603,51003,113000
'14UI',16603,51003,120300
'14UI',16603,51003,123600
'14UI',16603,51003,130900
'14UI',16603,51003,134200
'14UI',16603,51003,141500
'14UI',16603,51003,144800
'14UI',16603,51003,152200
'14UI',16603,51003,155500
'14UI',16603,51003,162900
'14UI',16603,51003,170200
'14UI',16603,51003,173500
'14UI',16603,51003,180800
'14UI',16603,51003,184000
'14UI',16603,51003,191200
'14UI',16603,51003,194400
'14UI',16603,51003,201500
'14UI',16603,51003,204700
'14UI',16603,51003,212100
'14UI',16603,51003,215600
'14UI',16603,51003,223300
'14UI',16603,51003,230900
'14UI',16603,51003,234500
'14UI',16603,51003,242300
'14UI',16603,51003,250000
'14US',16603,51003,63600
'14US',16603,51003,71000
'14US',16603,51003,74300
'14US',16603,51003,81300
'14US',16603,51003,84200
'14US',16603,51003,91000
'14US',16603,51003,93700
'14US',16603,51003,100500
'14US',16603,51003,103400
'14US',16603,51003,110300
'14US',16603,51003,113200
'14US',16603,51003,120200
'14US',16603,51003,123200
'14US',16603,51003,130200
'14US',16603,51003,133300
'14US',16603,51003,140400
'14US',16603,51003,143400
'14US',16603,51003,150500
'14US',16603,51003,153500
'14US',16603,51003,160700
'14US',16603,51003,163800
'14US',16603,51003,170800
'14US',16603,51003,173700
'14US',16603,51003,180600
'14US',16603,51003,183500
'14US',16603,51003,190400
'14US',16603,51003,193300
'14US',16603,51003,200000
'14US',16603,51003,202800
'14US',16603,51003,205600
'14US',16603,51003,212900
'14US',16603,51003,221200
'14US',16603,51003,224900
'14US',16603,51003,232700
'14US',16603,51003,240400
'14US',16603,51003,244100
'14US',16603,51003,251800
