'14NA',20502,58178,51100
'14NA',20502,58178,54100
'14NA',20502,58178,61200
'14NA',20502,58178,64200
'14NA',20502,58178,71300
'14NA',20502,58178,74400
'14NA',20502,58178,81500
'14NA',20502,58178,84600
'14NA',20502,58178,91700
'14NA',20502,58178,94800
'14NA',20502,58178,101800
'14NA',20502,58178,105000
'14NA',20502,58178,112500
'14NA',20502,58178,120100
'14NA',20502,58178,123700
'14NA',20502,58178,131300
'14NA',20502,58178,134900
'14NA',20502,58178,142500
'14NA',20502,58178,150100
'14NA',20502,58178,153700
'14NA',20502,58178,161300
'14NA',20502,58178,164900
'14NA',20502,58178,172500
'14NA',20502,58178,180000
'14NA',20502,58178,183500
'14NA',20502,58178,190900
'14NA',20502,58178,194300
'14NA',20502,58178,201600
'14NA',20502,58178,204900
'14NA',20502,58178,212200
'14NA',20502,58178,215600
'14NA',20502,58178,223000
'14NA',20502,58178,230400
'14NA',20502,58178,233800
'14NA',20502,58178,241100
'14NF1',20502,58178,62600
'14NF1',20502,58178,65700
'14NF1',20502,58178,72700
'14NF1',20502,58178,75700
'14NF1',20502,58178,82700
'14NF1',20502,58178,85800
'14NF1',20502,58178,92800
'14NF1',20502,58178,95800
'14NF1',20502,58178,102800
'14NF1',20502,58178,105900
'14NF1',20502,58178,113100
'14NF1',20502,58178,120500
'14NF1',20502,58178,124100
'14NF1',20502,58178,131700
'14NF1',20502,58178,135300
'14NF1',20502,58178,142900
'14NF1',20502,58178,150500
'14NF1',20502,58178,154100
'14NF1',20502,58178,161700
'14NF1',20502,58178,165300
'14NF1',20502,58178,172900
'14NF1',20502,58178,180500
'14NF1',20502,58178,184100
'14NF1',20502,58178,191700
'14NF1',20502,58178,195100
'14NF1',20502,58178,202400
'14NF1',20502,58178,205800
'14NF1',20502,58178,213100
'14NF1',20502,58178,220400
'14NF1',20502,58178,223700
'14NF1',20502,58178,230900
'14NF1',20502,58178,234100
'14NF1',20502,58178,241200
'14NF2',20502,58178,51100
'14NF2',20502,58178,54100
'14NF2',20502,58178,61200
'14NF2',20502,58178,64200
'14NF2',20502,58178,71300
'14NF2',20502,58178,74400
'14NF2',20502,58178,81500
'14NF2',20502,58178,84600
'14NF2',20502,58178,91700
'14NF2',20502,58178,94800
'14NF2',20502,58178,101800
'14NF2',20502,58178,105000
'14NF2',20502,58178,112500
'14NF2',20502,58178,120100
'14NF2',20502,58178,123700
'14NF2',20502,58178,131300
'14NF2',20502,58178,134900
'14NF2',20502,58178,142500
'14NF2',20502,58178,150100
'14NF2',20502,58178,153700
'14NF2',20502,58178,161300
'14NF2',20502,58178,164900
'14NF2',20502,58178,172500
'14NF2',20502,58178,180000
'14NF2',20502,58178,183500
'14NF2',20502,58178,190900
'14NF2',20502,58178,194300
'14NF2',20502,58178,201600
'14NF2',20502,58178,204900
'14NF2',20502,58178,212200
'14NF2',20502,58178,215600
'14NF2',20502,58178,223000
'14NF2',20502,58178,230400
'14NF2',20502,58178,233800
'14NF2',20502,58178,241100
'14NF3',20502,58178,62600
'14NF3',20502,58178,65700
'14NF3',20502,58178,72700
'14NF3',20502,58178,75700
'14NF3',20502,58178,82700
'14NF3',20502,58178,85800
'14NF3',20502,58178,92800
'14NF3',20502,58178,95800
'14NF3',20502,58178,102800
'14NF3',20502,58178,105900
'14NF3',20502,58178,113100
'14NF3',20502,58178,120500
'14NF3',20502,58178,124100
'14NF3',20502,58178,131700
'14NF3',20502,58178,135300
'14NF3',20502,58178,142900
'14NF3',20502,58178,150500
'14NF3',20502,58178,154100
'14NF3',20502,58178,161700
'14NF3',20502,58178,165300
'14NF3',20502,58178,172900
'14NF3',20502,58178,180500
'14NF3',20502,58178,184100
'14NF3',20502,58178,191700
'14NF3',20502,58178,195100
'14NF3',20502,58178,202400
'14NF3',20502,58178,205800
'14NF3',20502,58178,213100
'14NF3',20502,58178,220400
'14NF3',20502,58178,223700
'14NF3',20502,58178,230900
'14NF3',20502,58178,234100
'14NF3',20502,58178,241200
'14NF4',20502,58178,51100
'14NF4',20502,58178,54100
'14NF4',20502,58178,61200
'14NF4',20502,58178,64200
'14NF4',20502,58178,71300
'14NF4',20502,58178,74400
'14NF4',20502,58178,81500
'14NF4',20502,58178,84600
'14NF4',20502,58178,91700
'14NF4',20502,58178,94800
'14NF4',20502,58178,101800
'14NF4',20502,58178,105000
'14NF4',20502,58178,112500
'14NF4',20502,58178,120100
'14NF4',20502,58178,123700
'14NF4',20502,58178,131300
'14NF4',20502,58178,134900
'14NF4',20502,58178,142500
'14NF4',20502,58178,150100
'14NF4',20502,58178,153700
'14NF4',20502,58178,161300
'14NF4',20502,58178,164900
'14NF4',20502,58178,172500
'14NF4',20502,58178,180000
'14NF4',20502,58178,183500
'14NF4',20502,58178,190900
'14NF4',20502,58178,194300
'14NF4',20502,58178,201600
'14NF4',20502,58178,204900
'14NF4',20502,58178,212200
'14NF4',20502,58178,215600
'14NF4',20502,58178,223000
'14NF4',20502,58178,230400
'14NF4',20502,58178,233800
'14NF4',20502,58178,241100
'14NI',20502,58178,62600
'14NI',20502,58178,65700
'14NI',20502,58178,72700
'14NI',20502,58178,75700
'14NI',20502,58178,82700
'14NI',20502,58178,85800
'14NI',20502,58178,92800
'14NI',20502,58178,95800
'14NI',20502,58178,102800
'14NI',20502,58178,105900
'14NI',20502,58178,113100
'14NI',20502,58178,120500
'14NI',20502,58178,124100
'14NI',20502,58178,131700
'14NI',20502,58178,135300
'14NI',20502,58178,142900
'14NI',20502,58178,150500
'14NI',20502,58178,154100
'14NI',20502,58178,161700
'14NI',20502,58178,165300
'14NI',20502,58178,172900
'14NI',20502,58178,180500
'14NI',20502,58178,184100
'14NI',20502,58178,191700
'14NI',20502,58178,195100
'14NI',20502,58178,202400
'14NI',20502,58178,205800
'14NI',20502,58178,213100
'14NI',20502,58178,220400
'14NI',20502,58178,223700
'14NI',20502,58178,230900
'14NI',20502,58178,234100
'14NI',20502,58178,241200
'14NS',20502,58178,44000
'14NS',20502,58178,51000
'14NS',20502,58178,54000
'14NS',20502,58178,61200
'14NS',20502,58178,64400
'14NS',20502,58178,70800
'14NS',20502,58178,73000
'14NS',20502,58178,75300
'14NS',20502,58178,81600
'14NS',20502,58178,84000
'14NS',20502,58178,90400
'14NS',20502,58178,92900
'14NS',20502,58178,95500
'14NS',20502,58178,102000
'14NS',20502,58178,104600
'14NS',20502,58178,112200
'14NS',20502,58178,115900
'14NS',20502,58178,123600
'14NS',20502,58178,131400
'14NS',20502,58178,135000
'14NS',20502,58178,142600
'14NS',20502,58178,150200
'14NS',20502,58178,154200
'14NS',20502,58178,160200
'14NS',20502,58178,163200
'14NS',20502,58178,165500
'14NS',20502,58178,171900
'14NS',20502,58178,174100
'14NS',20502,58178,175900
'14NS',20502,58178,181700
'14NS',20502,58178,183600
'14NS',20502,58178,190800
'14NS',20502,58178,194800
'14NS',20502,58178,202400
'14NS',20502,58178,205600
'14NS',20502,58178,213100
'14NS',20502,58178,221100
'14NS',20502,58178,223900
'14NS',20502,58178,231300
'14NS',20502,58178,234400
'14NS',20502,58178,241400
