'13NS',2201,53139,53100
'13NS',2201,53139,60700
'13NS',2201,53139,64200
'13NS',2201,53139,71500
'13NS',2201,53139,74800
'13NS',2201,53139,82100
'13NS',2201,53139,85400
'13NS',2201,53139,92600
'13NS',2201,53139,95700
'13NS',2201,53139,102800
'13NS',2201,53139,105900
'13NS',2201,53139,113100
'13NS',2201,53139,120300
'13NS',2201,53139,123500
'13NS',2201,53139,130700
'13NS',2201,53139,133900
'13NS',2201,53139,141100
'13NS',2201,53139,144300
'13NS',2201,53139,151500
'13NS',2201,53139,154700
'13NS',2201,53139,161700
'13NS',2201,53139,164700
'13NS',2201,53139,171800
'13NS',2201,53139,174900
'13NS',2201,53139,182000
'13NS',2201,53139,185000
'13NS',2201,53139,192000
'13NS',2201,53139,195000
'13NS',2201,53139,202000
'13NS',2201,53139,210900
'13NS',2201,53139,220400
'13NS',2201,53139,225900
'13NS',2201,53139,235400
'13NS',2201,53139,244500
'13NS',2201,53139,253600
'13NS',2201,53183,53200
'13NS',2201,53183,60800
'13NS',2201,53183,64300
'13NS',2201,53183,71600
'13NS',2201,53183,74900
'13NS',2201,53183,82200
'13NS',2201,53183,85400
'13NS',2201,53183,92600
'13NS',2201,53183,95700
'13NS',2201,53183,102800
'13NS',2201,53183,105900
'13NS',2201,53183,113100
'13NS',2201,53183,120300
'13NS',2201,53183,123500
'13NS',2201,53183,130700
'13NS',2201,53183,133900
'13NS',2201,53183,141100
'13NS',2201,53183,144300
'13NS',2201,53183,151500
'13NS',2201,53183,154800
'13NS',2201,53183,161800
'13NS',2201,53183,164800
'13NS',2201,53183,171900
'13NS',2201,53183,175000
'13NS',2201,53183,182100
'13NS',2201,53183,185000
'13NS',2201,53183,192000
'13NS',2201,53183,195000
'13NS',2201,53183,202000
'13NS',2201,53183,210900
'13NS',2201,53183,220400
'13NS',2201,53183,225900
'13NS',2201,53183,235500
'13NS',2201,53183,244600
'13NS',2201,53183,253700
'13NS',2201,53229,53300
'13NS',2201,53229,60900
'13NS',2201,53229,64400
'13NS',2201,53229,71700
'13NS',2201,53229,75000
'13NS',2201,53229,82300
'13NS',2201,53229,85500
'13NS',2201,53229,92700
'13NS',2201,53229,95800
'13NS',2201,53229,102900
'13NS',2201,53229,110000
'13NS',2201,53229,113200
'13NS',2201,53229,120400
'13NS',2201,53229,123600
'13NS',2201,53229,130800
'13NS',2201,53229,134000
'13NS',2201,53229,141200
'13NS',2201,53229,144400
'13NS',2201,53229,151600
'13NS',2201,53229,154900
'13NS',2201,53229,161900
'13NS',2201,53229,164900
'13NS',2201,53229,172000
'13NS',2201,53229,175100
'13NS',2201,53229,182200
'13NS',2201,53229,185100
'13NS',2201,53229,192100
'13NS',2201,53229,195100
'13NS',2201,53229,202100
'13NS',2201,53229,211000
'13NS',2201,53229,220500
'13NS',2201,53229,230000
'13NS',2201,53229,235600
'13NS',2201,53229,244700
'13NS',2201,53229,253800
'13NS',2201,53249,53300
'13NS',2201,53249,60900
'13NS',2201,53249,64400
'13NS',2201,53249,71700
'13NS',2201,53249,75000
'13NS',2201,53249,82300
'13NS',2201,53249,85600
'13NS',2201,53249,92800
'13NS',2201,53249,95900
'13NS',2201,53249,103000
'13NS',2201,53249,110100
'13NS',2201,53249,113300
'13NS',2201,53249,120500
'13NS',2201,53249,123700
'13NS',2201,53249,130900
'13NS',2201,53249,134100
'13NS',2201,53249,141300
'13NS',2201,53249,144500
'13NS',2201,53249,151700
'13NS',2201,53249,154900
'13NS',2201,53249,161900
'13NS',2201,53249,164900
'13NS',2201,53249,172000
'13NS',2201,53249,175100
'13NS',2201,53249,182200
'13NS',2201,53249,185200
'13NS',2201,53249,192200
'13NS',2201,53249,195200
'13NS',2201,53249,202200
'13NS',2201,53249,211100
'13NS',2201,53249,220600
'13NS',2201,53249,230100
'13NS',2201,53249,235600
'13NS',2201,53249,244700
'13NS',2201,53249,253800
'13NS',2201,53366,53700
'13NS',2201,53366,61300
'13NS',2201,53366,64800
'13NS',2201,53366,72100
'13NS',2201,53366,75400
'13NS',2201,53366,82700
'13NS',2201,53366,85900
'13NS',2201,53366,93100
'13NS',2201,53366,100200
'13NS',2201,53366,103300
'13NS',2201,53366,110400
'13NS',2201,53366,113600
'13NS',2201,53366,120800
'13NS',2201,53366,124000
'13NS',2201,53366,131200
'13NS',2201,53366,134400
'13NS',2201,53366,141600
'13NS',2201,53366,144800
'13NS',2201,53366,152000
'13NS',2201,53366,155300
'13NS',2201,53366,162300
'13NS',2201,53366,165300
'13NS',2201,53366,172400
'13NS',2201,53366,175500
'13NS',2201,53366,182600
'13NS',2201,53366,185500
'13NS',2201,53366,192500
'13NS',2201,53366,195500
'13NS',2201,53366,202500
'13NS',2201,53366,211400
'13NS',2201,53366,220900
'13NS',2201,53366,230400
'13NS',2201,53366,235900
'13NS',2201,53366,245000
'13NS',2201,53366,254100
'13NS',2201,53378,53800
'13NS',2201,53378,61400
'13NS',2201,53378,64900
'13NS',2201,53378,72200
'13NS',2201,53378,75500
'13NS',2201,53378,82800
'13NS',2201,53378,90000
'13NS',2201,53378,93200
'13NS',2201,53378,100300
'13NS',2201,53378,103400
'13NS',2201,53378,110500
'13NS',2201,53378,113700
'13NS',2201,53378,120900
'13NS',2201,53378,124100
'13NS',2201,53378,131300
'13NS',2201,53378,134500
'13NS',2201,53378,141700
'13NS',2201,53378,144900
'13NS',2201,53378,152100
'13NS',2201,53378,155400
'13NS',2201,53378,162400
'13NS',2201,53378,165400
'13NS',2201,53378,172500
'13NS',2201,53378,175600
'13NS',2201,53378,182700
'13NS',2201,53378,185600
'13NS',2201,53378,192600
'13NS',2201,53378,195600
'13NS',2201,53378,202600
'13NS',2201,53378,211500
'13NS',2201,53378,221000
'13NS',2201,53378,230500
'13NS',2201,53378,240000
'13NS',2201,53378,245100
'13NS',2201,53378,254200
'13NS',2201,53384,53800
'13NS',2201,53384,61400
'13NS',2201,53384,64900
'13NS',2201,53384,72200
'13NS',2201,53384,75500
'13NS',2201,53384,82800
'13NS',2201,53384,90000
'13NS',2201,53384,93200
'13NS',2201,53384,100300
'13NS',2201,53384,103400
'13NS',2201,53384,110500
'13NS',2201,53384,113700
'13NS',2201,53384,120900
'13NS',2201,53384,124100
'13NS',2201,53384,131300
'13NS',2201,53384,134500
'13NS',2201,53384,141700
'13NS',2201,53384,144900
'13NS',2201,53384,152100
'13NS',2201,53384,155400
'13NS',2201,53384,162400
'13NS',2201,53384,165400
'13NS',2201,53384,172500
'13NS',2201,53384,175600
'13NS',2201,53384,182700
'13NS',2201,53384,185600
'13NS',2201,53384,192600
'13NS',2201,53384,195600
'13NS',2201,53384,202600
'13NS',2201,53384,211500
'13NS',2201,53384,221000
'13NS',2201,53384,230500
'13NS',2201,53384,240000
'13NS',2201,53384,245100
'13NS',2201,53384,254200
'13NS',2201,53410,53900
'13NS',2201,53410,61500
'13NS',2201,53410,65000
'13NS',2201,53410,72300
'13NS',2201,53410,75600
'13NS',2201,53410,82900
'13NS',2201,53410,90100
'13NS',2201,53410,93300
'13NS',2201,53410,100400
'13NS',2201,53410,103500
'13NS',2201,53410,110600
'13NS',2201,53410,113800
'13NS',2201,53410,121000
'13NS',2201,53410,124200
'13NS',2201,53410,131400
'13NS',2201,53410,134600
'13NS',2201,53410,141800
'13NS',2201,53410,145000
'13NS',2201,53410,152200
'13NS',2201,53410,155500
'13NS',2201,53410,162500
'13NS',2201,53410,165500
'13NS',2201,53410,172600
'13NS',2201,53410,175700
'13NS',2201,53410,182800
'13NS',2201,53410,185700
'13NS',2201,53410,192700
'13NS',2201,53410,195700
'13NS',2201,53410,202700
'13NS',2201,53410,211600
'13NS',2201,53410,221100
'13NS',2201,53410,230600
'13NS',2201,53410,240100
'13NS',2201,53410,245200
'13NS',2201,53410,254300
'13NS',2201,53433,54000
'13NS',2201,53433,61600
'13NS',2201,53433,65100
'13NS',2201,53433,72400
'13NS',2201,53433,75700
'13NS',2201,53433,83000
'13NS',2201,53433,90200
'13NS',2201,53433,93400
'13NS',2201,53433,100500
'13NS',2201,53433,103600
'13NS',2201,53433,110700
'13NS',2201,53433,113900
'13NS',2201,53433,121100
'13NS',2201,53433,124300
'13NS',2201,53433,131500
'13NS',2201,53433,134700
'13NS',2201,53433,141900
'13NS',2201,53433,145100
'13NS',2201,53433,152300
'13NS',2201,53433,155600
'13NS',2201,53433,162600
'13NS',2201,53433,165600
'13NS',2201,53433,172700
'13NS',2201,53433,175800
'13NS',2201,53433,182900
'13NS',2201,53433,185800
'13NS',2201,53433,192800
'13NS',2201,53433,195800
'13NS',2201,53433,202800
'13NS',2201,53433,211700
'13NS',2201,53433,221200
'13NS',2201,53433,230700
'13NS',2201,53433,240200
'13NS',2201,53433,245300
'13NS',2201,53433,254400
'13NS',2201,53440,54100
'13NS',2201,53440,61700
'13NS',2201,53440,65200
'13NS',2201,53440,72500
'13NS',2201,53440,75800
'13NS',2201,53440,83100
'13NS',2201,53440,90300
'13NS',2201,53440,93400
'13NS',2201,53440,100500
'13NS',2201,53440,103600
'13NS',2201,53440,110800
'13NS',2201,53440,114000
'13NS',2201,53440,121200
'13NS',2201,53440,124400
'13NS',2201,53440,131600
'13NS',2201,53440,134800
'13NS',2201,53440,142000
'13NS',2201,53440,145200
'13NS',2201,53440,152400
'13NS',2201,53440,155700
'13NS',2201,53440,162700
'13NS',2201,53440,165700
'13NS',2201,53440,172800
'13NS',2201,53440,175800
'13NS',2201,53440,182900
'13NS',2201,53440,185800
'13NS',2201,53440,192800
'13NS',2201,53440,195800
'13NS',2201,53440,202800
'13NS',2201,53440,211700
'13NS',2201,53440,221200
'13NS',2201,53440,230700
'13NS',2201,53440,240200
'13NS',2201,53440,245300
'13NS',2201,53440,254400
'13NS',2201,53442,55500
'13NS',2201,53442,63100
'13NS',2201,53442,70600
'13NS',2201,53442,73900
'13NS',2201,53442,81200
'13NS',2201,53442,84500
'13NS',2201,53442,91700
'13NS',2201,53442,94800
'13NS',2201,53442,101900
'13NS',2201,53442,105000
'13NS',2201,53442,112300
'13NS',2201,53442,115500
'13NS',2201,53442,122700
'13NS',2201,53442,125900
'13NS',2201,53442,133100
'13NS',2201,53442,140300
'13NS',2201,53442,143500
'13NS',2201,53442,150700
'13NS',2201,53442,153900
'13NS',2201,53442,161200
'13NS',2201,53442,164200
'13NS',2201,53442,171200
'13NS',2201,53442,174200
'13NS',2201,53442,181200
'13NS',2201,53442,184200
'13NS',2201,53442,191100
'13NS',2201,53442,194100
'13NS',2201,53442,201100
'13NS',2201,53442,204000
'13NS',2201,53442,212900
'13NS',2201,53442,222400
'13NS',2201,53442,231900
'13NS',2201,53442,241300
'13NS',2201,53442,250400
'13NS',2201,53442,255500
'13NS',2201,53444,55400
'13NS',2201,53444,63000
'13NS',2201,53444,70500
'13NS',2201,53444,73900
'13NS',2201,53444,81200
'13NS',2201,53444,84500
'13NS',2201,53444,91600
'13NS',2201,53444,94700
'13NS',2201,53444,101800
'13NS',2201,53444,104900
'13NS',2201,53444,112200
'13NS',2201,53444,115400
'13NS',2201,53444,122600
'13NS',2201,53444,125800
'13NS',2201,53444,133000
'13NS',2201,53444,140200
'13NS',2201,53444,143400
'13NS',2201,53444,150600
'13NS',2201,53444,153800
'13NS',2201,53444,161100
'13NS',2201,53444,164100
'13NS',2201,53444,171100
'13NS',2201,53444,174100
'13NS',2201,53444,181100
'13NS',2201,53444,184100
'13NS',2201,53444,191000
'13NS',2201,53444,194000
'13NS',2201,53444,201000
'13NS',2201,53444,204000
'13NS',2201,53444,212900
'13NS',2201,53444,222400
'13NS',2201,53444,231900
'13NS',2201,53444,241300
'13NS',2201,53444,250400
'13NS',2201,53444,255500
'13NS',2201,53446,55500
'13NS',2201,53446,63100
'13NS',2201,53446,70600
'13NS',2201,53446,74000
'13NS',2201,53446,81300
'13NS',2201,53446,84600
'13NS',2201,53446,91700
'13NS',2201,53446,94800
'13NS',2201,53446,101900
'13NS',2201,53446,105000
'13NS',2201,53446,112300
'13NS',2201,53446,115500
'13NS',2201,53446,122700
'13NS',2201,53446,125900
'13NS',2201,53446,133100
'13NS',2201,53446,140300
'13NS',2201,53446,143500
'13NS',2201,53446,150700
'13NS',2201,53446,153900
'13NS',2201,53446,161200
'13NS',2201,53446,164200
'13NS',2201,53446,171200
'13NS',2201,53446,174200
'13NS',2201,53446,181200
'13NS',2201,53446,184200
'13NS',2201,53446,191100
'13NS',2201,53446,194100
'13NS',2201,53446,201100
'13NS',2201,53446,204100
'13NS',2201,53446,213000
'13NS',2201,53446,222500
'13NS',2201,53446,232000
'13NS',2201,53446,241400
'13NS',2201,53446,250500
'13NS',2201,53446,255600
'13NS',2201,53451,55300
'13NS',2201,53451,62900
'13NS',2201,53451,70400
'13NS',2201,53451,73800
'13NS',2201,53451,81100
'13NS',2201,53451,84400
'13NS',2201,53451,91500
'13NS',2201,53451,94600
'13NS',2201,53451,101700
'13NS',2201,53451,104800
'13NS',2201,53451,112100
'13NS',2201,53451,115300
'13NS',2201,53451,122500
'13NS',2201,53451,125700
'13NS',2201,53451,132900
'13NS',2201,53451,140100
'13NS',2201,53451,143300
'13NS',2201,53451,150500
'13NS',2201,53451,153700
'13NS',2201,53451,161000
'13NS',2201,53451,164000
'13NS',2201,53451,171000
'13NS',2201,53451,174000
'13NS',2201,53451,181000
'13NS',2201,53451,184000
'13NS',2201,53451,190900
'13NS',2201,53451,193900
'13NS',2201,53451,200900
'13NS',2201,53451,203900
'13NS',2201,53451,212800
'13NS',2201,53451,222300
'13NS',2201,53451,231800
'13NS',2201,53451,241200
'13NS',2201,53451,250300
'13NS',2201,53451,255400
'13NS',2201,53460,55600
'13NS',2201,53460,63200
'13NS',2201,53460,70700
'13NS',2201,53460,74100
'13NS',2201,53460,81400
'13NS',2201,53460,84700
'13NS',2201,53460,91800
'13NS',2201,53460,94900
'13NS',2201,53460,102000
'13NS',2201,53460,105100
'13NS',2201,53460,112400
'13NS',2201,53460,115600
'13NS',2201,53460,122800
'13NS',2201,53460,130000
'13NS',2201,53460,133200
'13NS',2201,53460,140400
'13NS',2201,53460,143600
'13NS',2201,53460,150800
'13NS',2201,53460,154000
'13NS',2201,53460,161300
'13NS',2201,53460,164300
'13NS',2201,53460,171300
'13NS',2201,53460,174300
'13NS',2201,53460,181300
'13NS',2201,53460,184300
'13NS',2201,53460,191200
'13NS',2201,53460,194200
'13NS',2201,53460,201200
'13NS',2201,53460,204200
'13NS',2201,53460,213100
'13NS',2201,53460,222600
'13NS',2201,53460,232100
'13NS',2201,53460,241500
'13NS',2201,53460,250600
'13NS',2201,53460,255700
'13NS',2201,53463,55200
'13NS',2201,53463,62800
'13NS',2201,53463,70300
'13NS',2201,53463,73700
'13NS',2201,53463,81000
'13NS',2201,53463,84300
'13NS',2201,53463,91400
'13NS',2201,53463,94500
'13NS',2201,53463,101600
'13NS',2201,53463,104700
'13NS',2201,53463,112000
'13NS',2201,53463,115200
'13NS',2201,53463,122400
'13NS',2201,53463,125600
'13NS',2201,53463,132800
'13NS',2201,53463,140000
'13NS',2201,53463,143200
'13NS',2201,53463,150400
'13NS',2201,53463,153600
'13NS',2201,53463,160900
'13NS',2201,53463,163900
'13NS',2201,53463,170900
'13NS',2201,53463,173900
'13NS',2201,53463,180900
'13NS',2201,53463,183900
'13NS',2201,53463,190800
'13NS',2201,53463,193800
'13NS',2201,53463,200800
'13NS',2201,53463,203800
'13NS',2201,53463,212700
'13NS',2201,53463,222200
'13NS',2201,53463,231700
'13NS',2201,53463,241100
'13NS',2201,53463,250200
'13NS',2201,53463,255300
'13NS',2201,53468,55700
'13NS',2201,53468,63300
'13NS',2201,53468,70800
'13NS',2201,53468,74200
'13NS',2201,53468,81500
'13NS',2201,53468,84800
'13NS',2201,53468,91900
'13NS',2201,53468,95000
'13NS',2201,53468,102100
'13NS',2201,53468,105200
'13NS',2201,53468,112500
'13NS',2201,53468,115700
'13NS',2201,53468,122900
'13NS',2201,53468,130100
'13NS',2201,53468,133300
'13NS',2201,53468,140500
'13NS',2201,53468,143700
'13NS',2201,53468,150900
'13NS',2201,53468,154100
'13NS',2201,53468,161400
'13NS',2201,53468,164400
'13NS',2201,53468,171400
'13NS',2201,53468,174400
'13NS',2201,53468,181400
'13NS',2201,53468,184400
'13NS',2201,53468,191300
'13NS',2201,53468,194300
'13NS',2201,53468,201300
'13NS',2201,53468,204200
'13NS',2201,53468,213100
'13NS',2201,53468,222600
'13NS',2201,53468,232100
'13NS',2201,53468,241500
'13NS',2201,53468,250600
'13NS',2201,53468,255700
'13NS',2201,53472,55200
'13NS',2201,53472,62800
'13NS',2201,53472,70300
'13NS',2201,53472,73600
'13NS',2201,53472,80900
'13NS',2201,53472,84200
'13NS',2201,53472,91400
'13NS',2201,53472,94500
'13NS',2201,53472,101600
'13NS',2201,53472,104700
'13NS',2201,53472,112000
'13NS',2201,53472,115200
'13NS',2201,53472,122400
'13NS',2201,53472,125600
'13NS',2201,53472,132800
'13NS',2201,53472,140000
'13NS',2201,53472,143200
'13NS',2201,53472,150400
'13NS',2201,53472,153600
'13NS',2201,53472,160900
'13NS',2201,53472,163900
'13NS',2201,53472,170900
'13NS',2201,53472,173900
'13NS',2201,53472,180900
'13NS',2201,53472,183900
'13NS',2201,53472,190800
'13NS',2201,53472,193800
'13NS',2201,53472,200800
'13NS',2201,53472,203800
'13NS',2201,53472,212700
'13NS',2201,53472,222200
'13NS',2201,53472,231700
'13NS',2201,53472,241100
'13NS',2201,53472,250200
'13NS',2201,53472,255300
'13NS',2201,53479,54100
'13NS',2201,53479,61700
'13NS',2201,53479,65200
'13NS',2201,53479,72500
'13NS',2201,53479,75800
'13NS',2201,53479,83100
'13NS',2201,53479,90300
'13NS',2201,53479,93500
'13NS',2201,53479,100600
'13NS',2201,53479,103700
'13NS',2201,53479,110900
'13NS',2201,53479,114100
'13NS',2201,53479,121300
'13NS',2201,53479,124500
'13NS',2201,53479,131700
'13NS',2201,53479,134900
'13NS',2201,53479,142100
'13NS',2201,53479,145300
'13NS',2201,53479,152500
'13NS',2201,53479,155800
'13NS',2201,53479,162800
'13NS',2201,53479,165800
'13NS',2201,53479,172800
'13NS',2201,53479,175900
'13NS',2201,53479,183000
'13NS',2201,53479,185900
'13NS',2201,53479,192900
'13NS',2201,53479,195900
'13NS',2201,53479,202900
'13NS',2201,53479,211800
'13NS',2201,53479,221300
'13NS',2201,53479,230800
'13NS',2201,53479,240300
'13NS',2201,53479,245400
'13NS',2201,53479,254500
'13NS',2201,53484,55100
'13NS',2201,53484,62700
'13NS',2201,53484,70200
'13NS',2201,53484,73500
'13NS',2201,53484,80800
'13NS',2201,53484,84100
'13NS',2201,53484,91300
'13NS',2201,53484,94400
'13NS',2201,53484,101500
'13NS',2201,53484,104600
'13NS',2201,53484,111900
'13NS',2201,53484,115100
'13NS',2201,53484,122300
'13NS',2201,53484,125500
'13NS',2201,53484,132700
'13NS',2201,53484,135900
'13NS',2201,53484,143100
'13NS',2201,53484,150300
'13NS',2201,53484,153500
'13NS',2201,53484,160800
'13NS',2201,53484,163800
'13NS',2201,53484,170800
'13NS',2201,53484,173800
'13NS',2201,53484,180800
'13NS',2201,53484,183800
'13NS',2201,53484,190700
'13NS',2201,53484,193700
'13NS',2201,53484,200700
'13NS',2201,53484,203700
'13NS',2201,53484,212600
'13NS',2201,53484,222100
'13NS',2201,53484,231600
'13NS',2201,53484,241000
'13NS',2201,53484,250100
'13NS',2201,53484,255200
'13NS',2201,53488,55100
'13NS',2201,53488,62700
'13NS',2201,53488,70200
'13NS',2201,53488,73500
'13NS',2201,53488,80800
'13NS',2201,53488,84100
'13NS',2201,53488,91300
'13NS',2201,53488,94400
'13NS',2201,53488,101500
'13NS',2201,53488,104600
'13NS',2201,53488,111900
'13NS',2201,53488,115100
'13NS',2201,53488,122300
'13NS',2201,53488,125500
'13NS',2201,53488,132700
'13NS',2201,53488,135900
'13NS',2201,53488,143100
'13NS',2201,53488,150300
'13NS',2201,53488,153500
'13NS',2201,53488,160800
'13NS',2201,53488,163800
'13NS',2201,53488,170800
'13NS',2201,53488,173800
'13NS',2201,53488,180800
'13NS',2201,53488,183800
'13NS',2201,53488,190700
'13NS',2201,53488,193700
'13NS',2201,53488,200700
'13NS',2201,53488,203700
'13NS',2201,53488,212600
'13NS',2201,53488,222100
'13NS',2201,53488,231600
'13NS',2201,53488,241000
'13NS',2201,53488,250100
'13NS',2201,53488,255200
'13NS',2201,53497,55000
'13NS',2201,53497,62600
'13NS',2201,53497,70100
'13NS',2201,53497,73400
'13NS',2201,53497,80700
'13NS',2201,53497,84000
'13NS',2201,53497,91200
'13NS',2201,53497,94300
'13NS',2201,53497,101400
'13NS',2201,53497,104500
'13NS',2201,53497,111800
'13NS',2201,53497,115000
'13NS',2201,53497,122200
'13NS',2201,53497,125400
'13NS',2201,53497,132600
'13NS',2201,53497,135800
'13NS',2201,53497,143000
'13NS',2201,53497,150200
'13NS',2201,53497,153400
'13NS',2201,53497,160700
'13NS',2201,53497,163700
'13NS',2201,53497,170700
'13NS',2201,53497,173700
'13NS',2201,53497,180700
'13NS',2201,53497,183700
'13NS',2201,53497,190600
'13NS',2201,53497,193600
'13NS',2201,53497,200600
'13NS',2201,53497,203600
'13NS',2201,53497,212500
'13NS',2201,53497,222000
'13NS',2201,53497,231500
'13NS',2201,53497,240900
'13NS',2201,53497,250000
'13NS',2201,53497,255100
'13NS',2201,53500,54900
'13NS',2201,53500,62500
'13NS',2201,53500,70000
'13NS',2201,53500,73300
'13NS',2201,53500,80600
'13NS',2201,53500,83900
'13NS',2201,53500,91100
'13NS',2201,53500,94300
'13NS',2201,53500,101400
'13NS',2201,53500,104500
'13NS',2201,53500,111700
'13NS',2201,53500,114900
'13NS',2201,53500,122100
'13NS',2201,53500,125300
'13NS',2201,53500,132500
'13NS',2201,53500,135700
'13NS',2201,53500,142900
'13NS',2201,53500,150100
'13NS',2201,53500,153300
'13NS',2201,53500,160600
'13NS',2201,53500,163600
'13NS',2201,53500,170600
'13NS',2201,53500,173600
'13NS',2201,53500,180700
'13NS',2201,53500,183700
'13NS',2201,53500,190600
'13NS',2201,53500,193600
'13NS',2201,53500,200600
'13NS',2201,53500,203600
'13NS',2201,53500,212500
'13NS',2201,53500,222000
'13NS',2201,53500,231500
'13NS',2201,53500,240900
'13NS',2201,53500,250000
'13NS',2201,53500,255100
'13NS',2201,53502,55000
'13NS',2201,53502,62600
'13NS',2201,53502,70100
'13NS',2201,53502,73400
'13NS',2201,53502,80700
'13NS',2201,53502,84000
'13NS',2201,53502,91200
'13NS',2201,53502,94300
'13NS',2201,53502,101400
'13NS',2201,53502,104500
'13NS',2201,53502,111800
'13NS',2201,53502,115000
'13NS',2201,53502,122200
'13NS',2201,53502,125400
'13NS',2201,53502,132600
'13NS',2201,53502,135800
'13NS',2201,53502,143000
'13NS',2201,53502,150200
'13NS',2201,53502,153400
'13NS',2201,53502,160700
'13NS',2201,53502,163700
'13NS',2201,53502,170700
'13NS',2201,53502,173700
'13NS',2201,53502,180700
'13NS',2201,53502,183700
'13NS',2201,53502,190600
'13NS',2201,53502,193600
'13NS',2201,53502,200600
'13NS',2201,53502,203600
'13NS',2201,53502,212500
'13NS',2201,53502,222000
'13NS',2201,53502,231500
'13NS',2201,53502,240900
'13NS',2201,53502,250000
'13NS',2201,53502,255100
'13NS',2201,53680,53500
'13NS',2201,53680,61100
'13NS',2201,53680,64600
'13NS',2201,53680,71900
'13NS',2201,53680,75200
'13NS',2201,53680,82500
'13NS',2201,53680,85700
'13NS',2201,53680,92900
'13NS',2201,53680,100000
'13NS',2201,53680,103100
'13NS',2201,53680,110200
'13NS',2201,53680,113400
'13NS',2201,53680,120600
'13NS',2201,53680,123800
'13NS',2201,53680,131000
'13NS',2201,53680,134200
'13NS',2201,53680,141400
'13NS',2201,53680,144600
'13NS',2201,53680,151800
'13NS',2201,53680,155100
'13NS',2201,53680,162100
'13NS',2201,53680,165100
'13NS',2201,53680,172200
'13NS',2201,53680,175300
'13NS',2201,53680,182400
'13NS',2201,53680,185300
'13NS',2201,53680,192300
'13NS',2201,53680,195300
'13NS',2201,53680,202300
'13NS',2201,53680,211200
'13NS',2201,53680,220700
'13NS',2201,53680,230200
'13NS',2201,53680,235700
'13NS',2201,53680,244800
'13NS',2201,53680,253900
'13NS',2201,53874,53500
'13NS',2201,53874,61100
'13NS',2201,53874,64600
'13NS',2201,53874,71900
'13NS',2201,53874,75200
'13NS',2201,53874,82500
'13NS',2201,53874,85800
'13NS',2201,53874,93000
'13NS',2201,53874,100100
'13NS',2201,53874,103200
'13NS',2201,53874,110300
'13NS',2201,53874,113500
'13NS',2201,53874,120700
'13NS',2201,53874,123900
'13NS',2201,53874,131100
'13NS',2201,53874,134300
'13NS',2201,53874,141500
'13NS',2201,53874,144700
'13NS',2201,53874,151900
'13NS',2201,53874,155100
'13NS',2201,53874,162100
'13NS',2201,53874,165100
'13NS',2201,53874,172200
'13NS',2201,53874,175300
'13NS',2201,53874,182400
'13NS',2201,53874,185400
'13NS',2201,53874,192400
'13NS',2201,53874,195400
'13NS',2201,53874,202400
'13NS',2201,53874,211300
'13NS',2201,53874,220800
'13NS',2201,53874,230300
'13NS',2201,53874,235800
'13NS',2201,53874,244900
'13NS',2201,53874,254000
'13NS',2201,53921,54100
'13NS',2201,53921,61700
'13NS',2201,53921,65200
'13NS',2201,53921,72500
'13NS',2201,53921,75800
'13NS',2201,53921,83100
'13NS',2201,53921,90300
'13NS',2201,53921,93500
'13NS',2201,53921,100600
'13NS',2201,53921,103700
'13NS',2201,53921,110800
'13NS',2201,53921,114000
'13NS',2201,53921,121200
'13NS',2201,53921,124400
'13NS',2201,53921,131600
'13NS',2201,53921,134800
'13NS',2201,53921,142000
'13NS',2201,53921,145200
'13NS',2201,53921,152400
'13NS',2201,53921,155700
'13NS',2201,53921,162700
'13NS',2201,53921,165700
'13NS',2201,53921,172800
'13NS',2201,53921,175900
'13NS',2201,53921,183000
'13NS',2201,53921,185900
'13NS',2201,53921,192900
'13NS',2201,53921,195900
'13NS',2201,53921,202900
'13NS',2201,53921,211800
'13NS',2201,53921,221300
'13NS',2201,53921,230800
'13NS',2201,53921,240200
'13NS',2201,53921,245300
'13NS',2201,53921,254400
'13NS',2201,53922,53900
'13NS',2201,53922,61500
'13NS',2201,53922,65000
'13NS',2201,53922,72300
'13NS',2201,53922,75600
'13NS',2201,53922,82900
'13NS',2201,53922,90100
'13NS',2201,53922,93300
'13NS',2201,53922,100400
'13NS',2201,53922,103500
'13NS',2201,53922,110600
'13NS',2201,53922,113800
'13NS',2201,53922,121000
'13NS',2201,53922,124200
'13NS',2201,53922,131400
'13NS',2201,53922,134600
'13NS',2201,53922,141800
'13NS',2201,53922,145000
'13NS',2201,53922,152200
'13NS',2201,53922,155500
'13NS',2201,53922,162500
'13NS',2201,53922,165500
'13NS',2201,53922,172600
'13NS',2201,53922,175700
'13NS',2201,53922,182800
'13NS',2201,53922,185700
'13NS',2201,53922,192700
'13NS',2201,53922,195700
'13NS',2201,53922,202700
'13NS',2201,53922,211600
'13NS',2201,53922,221100
'13NS',2201,53922,230600
'13NS',2201,53922,240100
'13NS',2201,53922,245200
'13NS',2201,53922,254300
'13NS',2201,53924,54000
'13NS',2201,53924,61600
'13NS',2201,53924,65100
'13NS',2201,53924,72400
'13NS',2201,53924,75700
'13NS',2201,53924,83000
'13NS',2201,53924,90200
'13NS',2201,53924,93400
'13NS',2201,53924,100500
'13NS',2201,53924,103600
'13NS',2201,53924,110700
'13NS',2201,53924,113900
'13NS',2201,53924,121100
'13NS',2201,53924,124300
'13NS',2201,53924,131500
'13NS',2201,53924,134700
'13NS',2201,53924,141900
'13NS',2201,53924,145100
'13NS',2201,53924,152300
'13NS',2201,53924,155600
'13NS',2201,53924,162600
'13NS',2201,53924,165600
'13NS',2201,53924,172700
'13NS',2201,53924,175800
'13NS',2201,53924,182800
'13NS',2201,53924,185700
'13NS',2201,53924,192700
'13NS',2201,53924,195700
'13NS',2201,53924,202700
'13NS',2201,53924,211600
'13NS',2201,53924,221100
'13NS',2201,53924,230600
'13NS',2201,53924,240100
'13NS',2201,53924,245200
'13NS',2201,53924,254300
'13NS',2201,53925,53900
'13NS',2201,53925,61500
'13NS',2201,53925,65000
'13NS',2201,53925,72300
'13NS',2201,53925,75600
'13NS',2201,53925,82900
'13NS',2201,53925,90100
'13NS',2201,53925,93300
'13NS',2201,53925,100400
'13NS',2201,53925,103500
'13NS',2201,53925,110700
'13NS',2201,53925,113900
'13NS',2201,53925,121100
'13NS',2201,53925,124300
'13NS',2201,53925,131500
'13NS',2201,53925,134700
'13NS',2201,53925,141900
'13NS',2201,53925,145100
'13NS',2201,53925,152300
'13NS',2201,53925,155600
'13NS',2201,53925,162600
'13NS',2201,53925,165600
'13NS',2201,53925,172600
'13NS',2201,53925,175700
'13NS',2201,53925,182800
'13NS',2201,53925,185700
'13NS',2201,53925,192700
'13NS',2201,53925,195700
'13NS',2201,53925,202700
'13NS',2201,53925,211600
'13NS',2201,53925,221100
'13NS',2201,53925,230600
'13NS',2201,53925,240100
'13NS',2201,53925,245200
'13NS',2201,53925,254300
'13NS',2201,54193,53400
'13NS',2201,54193,61000
'13NS',2201,54193,64500
'13NS',2201,54193,71800
'13NS',2201,54193,75100
'13NS',2201,54193,82400
'13NS',2201,54193,85700
'13NS',2201,54193,92900
'13NS',2201,54193,100000
'13NS',2201,54193,103100
'13NS',2201,54193,110200
'13NS',2201,54193,113400
'13NS',2201,54193,120600
'13NS',2201,54193,123800
'13NS',2201,54193,131000
'13NS',2201,54193,134200
'13NS',2201,54193,141400
'13NS',2201,54193,144600
'13NS',2201,54193,151800
'13NS',2201,54193,155000
'13NS',2201,54193,162000
'13NS',2201,54193,165000
'13NS',2201,54193,172100
'13NS',2201,54193,175200
'13NS',2201,54193,182300
'13NS',2201,54193,185300
'13NS',2201,54193,192300
'13NS',2201,54193,195300
'13NS',2201,54193,202300
'13NS',2201,54193,211200
'13NS',2201,54193,220700
'13NS',2201,54193,230200
'13NS',2201,54193,235700
'13NS',2201,54193,244800
'13NS',2201,54193,253900
'13NS',2201,54196,53800
'13NS',2201,54196,61400
'13NS',2201,54196,64900
'13NS',2201,54196,72200
'13NS',2201,54196,75500
'13NS',2201,54196,82800
'13NS',2201,54196,90000
'13NS',2201,54196,93200
'13NS',2201,54196,100300
'13NS',2201,54196,103400
'13NS',2201,54196,110500
'13NS',2201,54196,113700
'13NS',2201,54196,120900
'13NS',2201,54196,124100
'13NS',2201,54196,131300
'13NS',2201,54196,134500
'13NS',2201,54196,141700
'13NS',2201,54196,144900
'13NS',2201,54196,152100
'13NS',2201,54196,155400
'13NS',2201,54196,162400
'13NS',2201,54196,165400
'13NS',2201,54196,172500
'13NS',2201,54196,175600
'13NS',2201,54196,182700
'13NS',2201,54196,185600
'13NS',2201,54196,192600
'13NS',2201,54196,195600
'13NS',2201,54196,202600
'13NS',2201,54196,211500
'13NS',2201,54196,221000
'13NS',2201,54196,230500
'13NS',2201,54196,240000
'13NS',2201,54196,245100
'13NS',2201,54196,254200
'13NS',2201,54288,53000
'13NS',2201,54288,60600
'13NS',2201,54288,64100
'13NS',2201,54288,71400
'13NS',2201,54288,74700
'13NS',2201,54288,82000
'13NS',2201,54288,85300
'13NS',2201,54288,92500
'13NS',2201,54288,95600
'13NS',2201,54288,102700
'13NS',2201,54288,105800
'13NS',2201,54288,113000
'13NS',2201,54288,120200
'13NS',2201,54288,123400
'13NS',2201,54288,130600
'13NS',2201,54288,133800
'13NS',2201,54288,141000
'13NS',2201,54288,144200
'13NS',2201,54288,151400
'13NS',2201,54288,154600
'13NS',2201,54288,161600
'13NS',2201,54288,164600
'13NS',2201,54288,171700
'13NS',2201,54288,174800
'13NS',2201,54288,181900
'13NS',2201,54288,184900
'13NS',2201,54288,191900
'13NS',2201,54288,194900
'13NS',2201,54288,201900
'13NS',2201,54288,210800
'13NS',2201,54288,220300
'13NS',2201,54288,225800
'13NS',2201,54288,235400
'13NS',2201,54288,244500
'13NS',2201,54288,253600
'13NS',2201,54306,52900
'13NS',2201,54306,60500
'13NS',2201,54306,64000
'13NS',2201,54306,71300
'13NS',2201,54306,74600
'13NS',2201,54306,81900
'13NS',2201,54306,85200
'13NS',2201,54306,92400
'13NS',2201,54306,95500
'13NS',2201,54306,102600
'13NS',2201,54306,105700
'13NS',2201,54306,112900
'13NS',2201,54306,120100
'13NS',2201,54306,123300
'13NS',2201,54306,130500
'13NS',2201,54306,133700
'13NS',2201,54306,140900
'13NS',2201,54306,144100
'13NS',2201,54306,151300
'13NS',2201,54306,154500
'13NS',2201,54306,161500
'13NS',2201,54306,164500
'13NS',2201,54306,171600
'13NS',2201,54306,174700
'13NS',2201,54306,181800
'13NS',2201,54306,184800
'13NS',2201,54306,191800
'13NS',2201,54306,194800
'13NS',2201,54306,201800
'13NS',2201,54306,210700
'13NS',2201,54306,220200
'13NS',2201,54306,225700
'13NS',2201,54306,235300
'13NS',2201,54306,244400
'13NS',2201,54306,253500
'13NS',2201,54310,54900
'13NS',2201,54310,62500
'13NS',2201,54310,70000
'13NS',2201,54310,73300
'13NS',2201,54310,80600
'13NS',2201,54310,83900
'13NS',2201,54310,91100
'13NS',2201,54310,94200
'13NS',2201,54310,101300
'13NS',2201,54310,104400
'13NS',2201,54310,111700
'13NS',2201,54310,114900
'13NS',2201,54310,122100
'13NS',2201,54310,125300
'13NS',2201,54310,132500
'13NS',2201,54310,135700
'13NS',2201,54310,142900
'13NS',2201,54310,150100
'13NS',2201,54310,153300
'13NS',2201,54310,160600
'13NS',2201,54310,163600
'13NS',2201,54310,170600
'13NS',2201,54310,173600
'13NS',2201,54310,180600
'13NS',2201,54310,183600
'13NS',2201,54310,190500
'13NS',2201,54310,193500
'13NS',2201,54310,200500
'13NS',2201,54310,203500
'13NS',2201,54310,212400
'13NS',2201,54310,221900
'13NS',2201,54310,231400
'13NS',2201,54310,240800
'13NS',2201,54310,245900
'13NS',2201,54310,255000
'13NS',2201,54339,54700
'13NS',2201,54339,62300
'13NS',2201,54339,65800
'13NS',2201,54339,73100
'13NS',2201,54339,80400
'13NS',2201,54339,83700
'13NS',2201,54339,90900
'13NS',2201,54339,94000
'13NS',2201,54339,101100
'13NS',2201,54339,104200
'13NS',2201,54339,111400
'13NS',2201,54339,114600
'13NS',2201,54339,121800
'13NS',2201,54339,125000
'13NS',2201,54339,132200
'13NS',2201,54339,135400
'13NS',2201,54339,142600
'13NS',2201,54339,145800
'13NS',2201,54339,153000
'13NS',2201,54339,160300
'13NS',2201,54339,163300
'13NS',2201,54339,170300
'13NS',2201,54339,173400
'13NS',2201,54339,180400
'13NS',2201,54339,183400
'13NS',2201,54339,190300
'13NS',2201,54339,193300
'13NS',2201,54339,200300
'13NS',2201,54339,203300
'13NS',2201,54339,212200
'13NS',2201,54339,221700
'13NS',2201,54339,231200
'13NS',2201,54339,240700
'13NS',2201,54339,245800
'13NS',2201,54339,254900
'13NS',2201,54428,55800
'13NS',2201,54428,63400
'13NS',2201,54428,70900
'13NS',2201,54428,74300
'13NS',2201,54428,81600
'13NS',2201,54428,84900
'13NS',2201,54428,92000
'13NS',2201,54428,95100
'13NS',2201,54428,102200
'13NS',2201,54428,105300
'13NS',2201,54428,112600
'13NS',2201,54428,115800
'13NS',2201,54428,123000
'13NS',2201,54428,130200
'13NS',2201,54428,133400
'13NS',2201,54428,140600
'13NS',2201,54428,143800
'13NS',2201,54428,151000
'13NS',2201,54428,154200
'13NS',2201,54428,161500
'13NS',2201,54428,164500
'13NS',2201,54428,171500
'13NS',2201,54428,174500
'13NS',2201,54428,181500
'13NS',2201,54428,184500
'13NS',2201,54428,191400
'13NS',2201,54428,194400
'13NS',2201,54428,201400
'13NS',2201,54428,204300
'13NS',2201,54428,213200
'13NS',2201,54428,222700
'13NS',2201,54428,232200
'13NS',2201,54428,241600
'13NS',2201,54428,250700
'13NS',2201,54428,255800
'13NS',2201,60692,54200
'13NS',2201,60692,61800
'13NS',2201,60692,65300
'13NS',2201,60692,72600
'13NS',2201,60692,75900
'13NS',2201,60692,83200
'13NS',2201,60692,90400
'13NS',2201,60692,93500
'13NS',2201,60692,100600
'13NS',2201,60692,103700
'13NS',2201,60692,110900
'13NS',2201,60692,114100
'13NS',2201,60692,121300
'13NS',2201,60692,124500
'13NS',2201,60692,131700
'13NS',2201,60692,134900
'13NS',2201,60692,142100
'13NS',2201,60692,145300
'13NS',2201,60692,152500
'13NS',2201,60692,155800
'13NS',2201,60692,162800
'13NS',2201,60692,165800
'13NS',2201,60692,172900
'13NS',2201,60692,175900
'13NS',2201,60692,183000
'13NS',2201,60692,185900
'13NS',2201,60692,192900
'13NS',2201,60692,195900
'13NS',2201,60692,202900
'13NS',2201,60692,211800
'13NS',2201,60692,221300
'13NS',2201,60692,230800
'13NS',2201,60692,240300
'13NS',2201,60692,245400
'13NS',2201,60692,254500
'13NS',2202,53138,52300
'13NS',2202,53138,60000
'13NS',2202,53138,63300
'13NS',2202,53138,70600
'13NS',2202,53138,74000
'13NS',2202,53138,81300
'13NS',2202,53138,84500
'13NS',2202,53138,91700
'13NS',2202,53138,94900
'13NS',2202,53138,102000
'13NS',2202,53138,105200
'13NS',2202,53138,112400
'13NS',2202,53138,115600
'13NS',2202,53138,122800
'13NS',2202,53138,130000
'13NS',2202,53138,133200
'13NS',2202,53138,140400
'13NS',2202,53138,143600
'13NS',2202,53138,150800
'13NS',2202,53138,154000
'13NS',2202,53138,161300
'13NS',2202,53138,164600
'13NS',2202,53138,171500
'13NS',2202,53138,174400
'13NS',2202,53138,181300
'13NS',2202,53138,184300
'13NS',2202,53138,191200
'13NS',2202,53138,194100
'13NS',2202,53138,201100
'13NS',2202,53138,204100
'13NS',2202,53138,211100
'13NS',2202,53138,215700
'13NS',2202,53138,225200
'13NS',2202,53138,234600
'13NS',2202,53138,244000
'13NS',2202,53138,253100
'13NS',2202,53182,52300
'13NS',2202,53182,55900
'13NS',2202,53182,63200
'13NS',2202,53182,70500
'13NS',2202,53182,73900
'13NS',2202,53182,81200
'13NS',2202,53182,84500
'13NS',2202,53182,91700
'13NS',2202,53182,94900
'13NS',2202,53182,102000
'13NS',2202,53182,105100
'13NS',2202,53182,112300
'13NS',2202,53182,115500
'13NS',2202,53182,122700
'13NS',2202,53182,125900
'13NS',2202,53182,133100
'13NS',2202,53182,140300
'13NS',2202,53182,143500
'13NS',2202,53182,150700
'13NS',2202,53182,153900
'13NS',2202,53182,161200
'13NS',2202,53182,164500
'13NS',2202,53182,171400
'13NS',2202,53182,174300
'13NS',2202,53182,181200
'13NS',2202,53182,184200
'13NS',2202,53182,191200
'13NS',2202,53182,194100
'13NS',2202,53182,201100
'13NS',2202,53182,204100
'13NS',2202,53182,211100
'13NS',2202,53182,215700
'13NS',2202,53182,225200
'13NS',2202,53182,234600
'13NS',2202,53182,244000
'13NS',2202,53182,253100
'13NS',2202,53230,52200
'13NS',2202,53230,55800
'13NS',2202,53230,63100
'13NS',2202,53230,70400
'13NS',2202,53230,73800
'13NS',2202,53230,81100
'13NS',2202,53230,84400
'13NS',2202,53230,91600
'13NS',2202,53230,94800
'13NS',2202,53230,101900
'13NS',2202,53230,105000
'13NS',2202,53230,112200
'13NS',2202,53230,115400
'13NS',2202,53230,122600
'13NS',2202,53230,125800
'13NS',2202,53230,133000
'13NS',2202,53230,140200
'13NS',2202,53230,143400
'13NS',2202,53230,150600
'13NS',2202,53230,153800
'13NS',2202,53230,161100
'13NS',2202,53230,164400
'13NS',2202,53230,171300
'13NS',2202,53230,174200
'13NS',2202,53230,181100
'13NS',2202,53230,184100
'13NS',2202,53230,191100
'13NS',2202,53230,194000
'13NS',2202,53230,201000
'13NS',2202,53230,204000
'13NS',2202,53230,211000
'13NS',2202,53230,215600
'13NS',2202,53230,225100
'13NS',2202,53230,234500
'13NS',2202,53230,243900
'13NS',2202,53230,253000
'13NS',2202,53250,52100
'13NS',2202,53250,55800
'13NS',2202,53250,63100
'13NS',2202,53250,70400
'13NS',2202,53250,73800
'13NS',2202,53250,81100
'13NS',2202,53250,84300
'13NS',2202,53250,91500
'13NS',2202,53250,94700
'13NS',2202,53250,101800
'13NS',2202,53250,105000
'13NS',2202,53250,112200
'13NS',2202,53250,115400
'13NS',2202,53250,122600
'13NS',2202,53250,125800
'13NS',2202,53250,133000
'13NS',2202,53250,140200
'13NS',2202,53250,143400
'13NS',2202,53250,150600
'13NS',2202,53250,153800
'13NS',2202,53250,161100
'13NS',2202,53250,164400
'13NS',2202,53250,171300
'13NS',2202,53250,174200
'13NS',2202,53250,181100
'13NS',2202,53250,184100
'13NS',2202,53250,191000
'13NS',2202,53250,193900
'13NS',2202,53250,200900
'13NS',2202,53250,203900
'13NS',2202,53250,210900
'13NS',2202,53250,215500
'13NS',2202,53250,225000
'13NS',2202,53250,234400
'13NS',2202,53250,243800
'13NS',2202,53250,252900
'13NS',2202,53367,51700
'13NS',2202,53367,55400
'13NS',2202,53367,62700
'13NS',2202,53367,70000
'13NS',2202,53367,73400
'13NS',2202,53367,80700
'13NS',2202,53367,83900
'13NS',2202,53367,91100
'13NS',2202,53367,94300
'13NS',2202,53367,101400
'13NS',2202,53367,104600
'13NS',2202,53367,111800
'13NS',2202,53367,115000
'13NS',2202,53367,122200
'13NS',2202,53367,125400
'13NS',2202,53367,132600
'13NS',2202,53367,135800
'13NS',2202,53367,143000
'13NS',2202,53367,150200
'13NS',2202,53367,153400
'13NS',2202,53367,160700
'13NS',2202,53367,164000
'13NS',2202,53367,170900
'13NS',2202,53367,173800
'13NS',2202,53367,180700
'13NS',2202,53367,183700
'13NS',2202,53367,190600
'13NS',2202,53367,193500
'13NS',2202,53367,200500
'13NS',2202,53367,203500
'13NS',2202,53367,210500
'13NS',2202,53367,215100
'13NS',2202,53367,224600
'13NS',2202,53367,234000
'13NS',2202,53367,243400
'13NS',2202,53367,252500
'13NS',2202,53376,51600
'13NS',2202,53376,55200
'13NS',2202,53376,62500
'13NS',2202,53376,65800
'13NS',2202,53376,73200
'13NS',2202,53376,80500
'13NS',2202,53376,83800
'13NS',2202,53376,91000
'13NS',2202,53376,94200
'13NS',2202,53376,101300
'13NS',2202,53376,104400
'13NS',2202,53376,111600
'13NS',2202,53376,114800
'13NS',2202,53376,122000
'13NS',2202,53376,125200
'13NS',2202,53376,132400
'13NS',2202,53376,135600
'13NS',2202,53376,142800
'13NS',2202,53376,150000
'13NS',2202,53376,153200
'13NS',2202,53376,160500
'13NS',2202,53376,163800
'13NS',2202,53376,170700
'13NS',2202,53376,173600
'13NS',2202,53376,180500
'13NS',2202,53376,183500
'13NS',2202,53376,190500
'13NS',2202,53376,193400
'13NS',2202,53376,200400
'13NS',2202,53376,203400
'13NS',2202,53376,210400
'13NS',2202,53376,215000
'13NS',2202,53376,224500
'13NS',2202,53376,233900
'13NS',2202,53376,243300
'13NS',2202,53376,252400
'13NS',2202,53383,51600
'13NS',2202,53383,55200
'13NS',2202,53383,62500
'13NS',2202,53383,65800
'13NS',2202,53383,73200
'13NS',2202,53383,80500
'13NS',2202,53383,83800
'13NS',2202,53383,91000
'13NS',2202,53383,94200
'13NS',2202,53383,101300
'13NS',2202,53383,104400
'13NS',2202,53383,111600
'13NS',2202,53383,114800
'13NS',2202,53383,122000
'13NS',2202,53383,125200
'13NS',2202,53383,132400
'13NS',2202,53383,135600
'13NS',2202,53383,142800
'13NS',2202,53383,150000
'13NS',2202,53383,153200
'13NS',2202,53383,160400
'13NS',2202,53383,163700
'13NS',2202,53383,170600
'13NS',2202,53383,173600
'13NS',2202,53383,180500
'13NS',2202,53383,183500
'13NS',2202,53383,190500
'13NS',2202,53383,193400
'13NS',2202,53383,200400
'13NS',2202,53383,203400
'13NS',2202,53383,210400
'13NS',2202,53383,215000
'13NS',2202,53383,224500
'13NS',2202,53383,233900
'13NS',2202,53383,243300
'13NS',2202,53383,252400
'13NS',2202,53396,51500
'13NS',2202,53396,55100
'13NS',2202,53396,62400
'13NS',2202,53396,65700
'13NS',2202,53396,73100
'13NS',2202,53396,80400
'13NS',2202,53396,83700
'13NS',2202,53396,90900
'13NS',2202,53396,94100
'13NS',2202,53396,101200
'13NS',2202,53396,104300
'13NS',2202,53396,111500
'13NS',2202,53396,114700
'13NS',2202,53396,121900
'13NS',2202,53396,125100
'13NS',2202,53396,132300
'13NS',2202,53396,135500
'13NS',2202,53396,142700
'13NS',2202,53396,145900
'13NS',2202,53396,153100
'13NS',2202,53396,160400
'13NS',2202,53396,163700
'13NS',2202,53396,170600
'13NS',2202,53396,173500
'13NS',2202,53396,180400
'13NS',2202,53396,183400
'13NS',2202,53396,190400
'13NS',2202,53396,193300
'13NS',2202,53396,200300
'13NS',2202,53396,203300
'13NS',2202,53396,210300
'13NS',2202,53396,214900
'13NS',2202,53396,224400
'13NS',2202,53396,233800
'13NS',2202,53396,243200
'13NS',2202,53396,252300
'13NS',2202,53419,51500
'13NS',2202,53419,55100
'13NS',2202,53419,62400
'13NS',2202,53419,65700
'13NS',2202,53419,73100
'13NS',2202,53419,80400
'13NS',2202,53419,83700
'13NS',2202,53419,90900
'13NS',2202,53419,94100
'13NS',2202,53419,101200
'13NS',2202,53419,104300
'13NS',2202,53419,111500
'13NS',2202,53419,114700
'13NS',2202,53419,121900
'13NS',2202,53419,125100
'13NS',2202,53419,132300
'13NS',2202,53419,135500
'13NS',2202,53419,142700
'13NS',2202,53419,145900
'13NS',2202,53419,153100
'13NS',2202,53419,160300
'13NS',2202,53419,163600
'13NS',2202,53419,170500
'13NS',2202,53419,173500
'13NS',2202,53419,180400
'13NS',2202,53419,183400
'13NS',2202,53419,190400
'13NS',2202,53419,193300
'13NS',2202,53419,200300
'13NS',2202,53419,203300
'13NS',2202,53419,210300
'13NS',2202,53419,214900
'13NS',2202,53419,224400
'13NS',2202,53419,233800
'13NS',2202,53419,243200
'13NS',2202,53419,252300
'13NS',2202,53430,51400
'13NS',2202,53430,55000
'13NS',2202,53430,62300
'13NS',2202,53430,65600
'13NS',2202,53430,73000
'13NS',2202,53430,80300
'13NS',2202,53430,83600
'13NS',2202,53430,90800
'13NS',2202,53430,94000
'13NS',2202,53430,101100
'13NS',2202,53430,104200
'13NS',2202,53430,111400
'13NS',2202,53430,114600
'13NS',2202,53430,121800
'13NS',2202,53430,125000
'13NS',2202,53430,132200
'13NS',2202,53430,135400
'13NS',2202,53430,142600
'13NS',2202,53430,145800
'13NS',2202,53430,153000
'13NS',2202,53430,160300
'13NS',2202,53430,163600
'13NS',2202,53430,170500
'13NS',2202,53430,173400
'13NS',2202,53430,180300
'13NS',2202,53430,183300
'13NS',2202,53430,190300
'13NS',2202,53430,193200
'13NS',2202,53430,200200
'13NS',2202,53430,203200
'13NS',2202,53430,210200
'13NS',2202,53430,214800
'13NS',2202,53430,224300
'13NS',2202,53430,233800
'13NS',2202,53430,243200
'13NS',2202,53430,252300
'13NS',2202,53431,51400
'13NS',2202,53431,55000
'13NS',2202,53431,62300
'13NS',2202,53431,65600
'13NS',2202,53431,73000
'13NS',2202,53431,80300
'13NS',2202,53431,83600
'13NS',2202,53431,90800
'13NS',2202,53431,94000
'13NS',2202,53431,101100
'13NS',2202,53431,104200
'13NS',2202,53431,111400
'13NS',2202,53431,114600
'13NS',2202,53431,121800
'13NS',2202,53431,125000
'13NS',2202,53431,132200
'13NS',2202,53431,135400
'13NS',2202,53431,142600
'13NS',2202,53431,145800
'13NS',2202,53431,153000
'13NS',2202,53431,160200
'13NS',2202,53431,163500
'13NS',2202,53431,170400
'13NS',2202,53431,173400
'13NS',2202,53431,180300
'13NS',2202,53431,183300
'13NS',2202,53431,190300
'13NS',2202,53431,193200
'13NS',2202,53431,200200
'13NS',2202,53431,203200
'13NS',2202,53431,210200
'13NS',2202,53431,214800
'13NS',2202,53431,224300
'13NS',2202,53431,233700
'13NS',2202,53431,243100
'13NS',2202,53431,252200
'13NS',2202,53439,51400
'13NS',2202,53439,54900
'13NS',2202,53439,62200
'13NS',2202,53439,65500
'13NS',2202,53439,72900
'13NS',2202,53439,80200
'13NS',2202,53439,83500
'13NS',2202,53439,90700
'13NS',2202,53439,93900
'13NS',2202,53439,101000
'13NS',2202,53439,104100
'13NS',2202,53439,111300
'13NS',2202,53439,114500
'13NS',2202,53439,121700
'13NS',2202,53439,124900
'13NS',2202,53439,132100
'13NS',2202,53439,135300
'13NS',2202,53439,142500
'13NS',2202,53439,145700
'13NS',2202,53439,152900
'13NS',2202,53439,160200
'13NS',2202,53439,163500
'13NS',2202,53439,170400
'13NS',2202,53439,173300
'13NS',2202,53439,180200
'13NS',2202,53439,183200
'13NS',2202,53439,190200
'13NS',2202,53439,193200
'13NS',2202,53439,200200
'13NS',2202,53439,203200
'13NS',2202,53439,210200
'13NS',2202,53439,214800
'13NS',2202,53439,224300
'13NS',2202,53439,233700
'13NS',2202,53439,243100
'13NS',2202,53439,252200
'13NS',2202,53441,50300
'13NS',2202,53441,53700
'13NS',2202,53441,61000
'13NS',2202,53441,64300
'13NS',2202,53441,71700
'13NS',2202,53441,75000
'13NS',2202,53441,82300
'13NS',2202,53441,85500
'13NS',2202,53441,92700
'13NS',2202,53441,95800
'13NS',2202,53441,102900
'13NS',2202,53441,110100
'13NS',2202,53441,113300
'13NS',2202,53441,120500
'13NS',2202,53441,123700
'13NS',2202,53441,130900
'13NS',2202,53441,134100
'13NS',2202,53441,141300
'13NS',2202,53441,144500
'13NS',2202,53441,151700
'13NS',2202,53441,154900
'13NS',2202,53441,162200
'13NS',2202,53441,165100
'13NS',2202,53441,172100
'13NS',2202,53441,175100
'13NS',2202,53441,182100
'13NS',2202,53441,185100
'13NS',2202,53441,192100
'13NS',2202,53441,195100
'13NS',2202,53441,202100
'13NS',2202,53441,205100
'13NS',2202,53441,213800
'13NS',2202,53441,223300
'13NS',2202,53441,232800
'13NS',2202,53441,242200
'13NS',2202,53441,251300
'13NS',2202,53443,50300
'13NS',2202,53443,53700
'13NS',2202,53443,61000
'13NS',2202,53443,64300
'13NS',2202,53443,71700
'13NS',2202,53443,75000
'13NS',2202,53443,82300
'13NS',2202,53443,85500
'13NS',2202,53443,92700
'13NS',2202,53443,95800
'13NS',2202,53443,102900
'13NS',2202,53443,110100
'13NS',2202,53443,113300
'13NS',2202,53443,120500
'13NS',2202,53443,123700
'13NS',2202,53443,130900
'13NS',2202,53443,134100
'13NS',2202,53443,141300
'13NS',2202,53443,144500
'13NS',2202,53443,151700
'13NS',2202,53443,154900
'13NS',2202,53443,162200
'13NS',2202,53443,165100
'13NS',2202,53443,172100
'13NS',2202,53443,175100
'13NS',2202,53443,182100
'13NS',2202,53443,185100
'13NS',2202,53443,192100
'13NS',2202,53443,195100
'13NS',2202,53443,202100
'13NS',2202,53443,205100
'13NS',2202,53443,213800
'13NS',2202,53443,223300
'13NS',2202,53443,232800
'13NS',2202,53443,242200
'13NS',2202,53443,251300
'13NS',2202,53445,50200
'13NS',2202,53445,53600
'13NS',2202,53445,60900
'13NS',2202,53445,64200
'13NS',2202,53445,71600
'13NS',2202,53445,74900
'13NS',2202,53445,82200
'13NS',2202,53445,85400
'13NS',2202,53445,92600
'13NS',2202,53445,95700
'13NS',2202,53445,102800
'13NS',2202,53445,110000
'13NS',2202,53445,113200
'13NS',2202,53445,120400
'13NS',2202,53445,123600
'13NS',2202,53445,130800
'13NS',2202,53445,134000
'13NS',2202,53445,141200
'13NS',2202,53445,144400
'13NS',2202,53445,151600
'13NS',2202,53445,154800
'13NS',2202,53445,162100
'13NS',2202,53445,165000
'13NS',2202,53445,172000
'13NS',2202,53445,175000
'13NS',2202,53445,182000
'13NS',2202,53445,185000
'13NS',2202,53445,192000
'13NS',2202,53445,195000
'13NS',2202,53445,202000
'13NS',2202,53445,205000
'13NS',2202,53445,213700
'13NS',2202,53445,223200
'13NS',2202,53445,232700
'13NS',2202,53445,242100
'13NS',2202,53445,251200
'13NS',2202,53449,50400
'13NS',2202,53449,53800
'13NS',2202,53449,61100
'13NS',2202,53449,64400
'13NS',2202,53449,71800
'13NS',2202,53449,75100
'13NS',2202,53449,82400
'13NS',2202,53449,85600
'13NS',2202,53449,92800
'13NS',2202,53449,95900
'13NS',2202,53449,103000
'13NS',2202,53449,110200
'13NS',2202,53449,113400
'13NS',2202,53449,120600
'13NS',2202,53449,123800
'13NS',2202,53449,131000
'13NS',2202,53449,134200
'13NS',2202,53449,141400
'13NS',2202,53449,144600
'13NS',2202,53449,151800
'13NS',2202,53449,155000
'13NS',2202,53449,162300
'13NS',2202,53449,165200
'13NS',2202,53449,172200
'13NS',2202,53449,175200
'13NS',2202,53449,182200
'13NS',2202,53449,185200
'13NS',2202,53449,192200
'13NS',2202,53449,195200
'13NS',2202,53449,202200
'13NS',2202,53449,205200
'13NS',2202,53449,213800
'13NS',2202,53449,223300
'13NS',2202,53449,232800
'13NS',2202,53449,242200
'13NS',2202,53449,251300
'13NS',2202,53459,50200
'13NS',2202,53459,53500
'13NS',2202,53459,60800
'13NS',2202,53459,64100
'13NS',2202,53459,71500
'13NS',2202,53459,74800
'13NS',2202,53459,82100
'13NS',2202,53459,85400
'13NS',2202,53459,92600
'13NS',2202,53459,95700
'13NS',2202,53459,102800
'13NS',2202,53459,105900
'13NS',2202,53459,113100
'13NS',2202,53459,120300
'13NS',2202,53459,123500
'13NS',2202,53459,130700
'13NS',2202,53459,133900
'13NS',2202,53459,141100
'13NS',2202,53459,144300
'13NS',2202,53459,151500
'13NS',2202,53459,154700
'13NS',2202,53459,162000
'13NS',2202,53459,165000
'13NS',2202,53459,172000
'13NS',2202,53459,175000
'13NS',2202,53459,182000
'13NS',2202,53459,185000
'13NS',2202,53459,192000
'13NS',2202,53459,195000
'13NS',2202,53459,202000
'13NS',2202,53459,205000
'13NS',2202,53459,213600
'13NS',2202,53459,223100
'13NS',2202,53459,232600
'13NS',2202,53459,242000
'13NS',2202,53459,251100
'13NS',2202,53462,50500
'13NS',2202,53462,53800
'13NS',2202,53462,61100
'13NS',2202,53462,64400
'13NS',2202,53462,71800
'13NS',2202,53462,75100
'13NS',2202,53462,82400
'13NS',2202,53462,85700
'13NS',2202,53462,92900
'13NS',2202,53462,100000
'13NS',2202,53462,103100
'13NS',2202,53462,110200
'13NS',2202,53462,113400
'13NS',2202,53462,120600
'13NS',2202,53462,123800
'13NS',2202,53462,131000
'13NS',2202,53462,134200
'13NS',2202,53462,141400
'13NS',2202,53462,144600
'13NS',2202,53462,151800
'13NS',2202,53462,155000
'13NS',2202,53462,162300
'13NS',2202,53462,165300
'13NS',2202,53462,172300
'13NS',2202,53462,175300
'13NS',2202,53462,182300
'13NS',2202,53462,185300
'13NS',2202,53462,192300
'13NS',2202,53462,195300
'13NS',2202,53462,202300
'13NS',2202,53462,205300
'13NS',2202,53462,213900
'13NS',2202,53462,223400
'13NS',2202,53462,232900
'13NS',2202,53462,242300
'13NS',2202,53462,251400
'13NS',2202,53464,50100
'13NS',2202,53464,53400
'13NS',2202,53464,60700
'13NS',2202,53464,64000
'13NS',2202,53464,71400
'13NS',2202,53464,74700
'13NS',2202,53464,82000
'13NS',2202,53464,85300
'13NS',2202,53464,92500
'13NS',2202,53464,95600
'13NS',2202,53464,102700
'13NS',2202,53464,105800
'13NS',2202,53464,113000
'13NS',2202,53464,120200
'13NS',2202,53464,123400
'13NS',2202,53464,130600
'13NS',2202,53464,133800
'13NS',2202,53464,141000
'13NS',2202,53464,144200
'13NS',2202,53464,151400
'13NS',2202,53464,154600
'13NS',2202,53464,161900
'13NS',2202,53464,164900
'13NS',2202,53464,171900
'13NS',2202,53464,174900
'13NS',2202,53464,181900
'13NS',2202,53464,184900
'13NS',2202,53464,191900
'13NS',2202,53464,194900
'13NS',2202,53464,201900
'13NS',2202,53464,204900
'13NS',2202,53464,213600
'13NS',2202,53464,223100
'13NS',2202,53464,232600
'13NS',2202,53464,242000
'13NS',2202,53464,251100
'13NS',2202,53471,50500
'13NS',2202,53471,53900
'13NS',2202,53471,61200
'13NS',2202,53471,64500
'13NS',2202,53471,71900
'13NS',2202,53471,75200
'13NS',2202,53471,82500
'13NS',2202,53471,85700
'13NS',2202,53471,92900
'13NS',2202,53471,100000
'13NS',2202,53471,103100
'13NS',2202,53471,110300
'13NS',2202,53471,113500
'13NS',2202,53471,120700
'13NS',2202,53471,123900
'13NS',2202,53471,131100
'13NS',2202,53471,134300
'13NS',2202,53471,141500
'13NS',2202,53471,144700
'13NS',2202,53471,151900
'13NS',2202,53471,155100
'13NS',2202,53471,162400
'13NS',2202,53471,165300
'13NS',2202,53471,172300
'13NS',2202,53471,175300
'13NS',2202,53471,182300
'13NS',2202,53471,185300
'13NS',2202,53471,192300
'13NS',2202,53471,195300
'13NS',2202,53471,202300
'13NS',2202,53471,205300
'13NS',2202,53471,213900
'13NS',2202,53471,223400
'13NS',2202,53471,232900
'13NS',2202,53471,242300
'13NS',2202,53471,251400
'13NS',2202,53473,51300
'13NS',2202,53473,54900
'13NS',2202,53473,62200
'13NS',2202,53473,65500
'13NS',2202,53473,72900
'13NS',2202,53473,80200
'13NS',2202,53473,83500
'13NS',2202,53473,90700
'13NS',2202,53473,93900
'13NS',2202,53473,101000
'13NS',2202,53473,104100
'13NS',2202,53473,111300
'13NS',2202,53473,114500
'13NS',2202,53473,121700
'13NS',2202,53473,124900
'13NS',2202,53473,132100
'13NS',2202,53473,135300
'13NS',2202,53473,142500
'13NS',2202,53473,145700
'13NS',2202,53473,152900
'13NS',2202,53473,160100
'13NS',2202,53473,163400
'13NS',2202,53473,170300
'13NS',2202,53473,173300
'13NS',2202,53473,180200
'13NS',2202,53473,183200
'13NS',2202,53473,190200
'13NS',2202,53473,193100
'13NS',2202,53473,200100
'13NS',2202,53473,203100
'13NS',2202,53473,210100
'13NS',2202,53473,214700
'13NS',2202,53473,224200
'13NS',2202,53473,233600
'13NS',2202,53473,243000
'13NS',2202,53473,252100
'13NS',2202,53478,51300
'13NS',2202,53478,54800
'13NS',2202,53478,62100
'13NS',2202,53478,65400
'13NS',2202,53478,72800
'13NS',2202,53478,80100
'13NS',2202,53478,83400
'13NS',2202,53478,90600
'13NS',2202,53478,93800
'13NS',2202,53478,100900
'13NS',2202,53478,104000
'13NS',2202,53478,111200
'13NS',2202,53478,114400
'13NS',2202,53478,121600
'13NS',2202,53478,124800
'13NS',2202,53478,132000
'13NS',2202,53478,135200
'13NS',2202,53478,142400
'13NS',2202,53478,145600
'13NS',2202,53478,152800
'13NS',2202,53478,160100
'13NS',2202,53478,163400
'13NS',2202,53478,170300
'13NS',2202,53478,173200
'13NS',2202,53478,180200
'13NS',2202,53478,183200
'13NS',2202,53478,190200
'13NS',2202,53478,193100
'13NS',2202,53478,200100
'13NS',2202,53478,203100
'13NS',2202,53478,210100
'13NS',2202,53478,214700
'13NS',2202,53478,224200
'13NS',2202,53478,233600
'13NS',2202,53478,243000
'13NS',2202,53478,252100
'13NS',2202,53483,50600
'13NS',2202,53483,54000
'13NS',2202,53483,61300
'13NS',2202,53483,64600
'13NS',2202,53483,72000
'13NS',2202,53483,75300
'13NS',2202,53483,82600
'13NS',2202,53483,85800
'13NS',2202,53483,93000
'13NS',2202,53483,100100
'13NS',2202,53483,103200
'13NS',2202,53483,110400
'13NS',2202,53483,113600
'13NS',2202,53483,120800
'13NS',2202,53483,124000
'13NS',2202,53483,131200
'13NS',2202,53483,134400
'13NS',2202,53483,141600
'13NS',2202,53483,144800
'13NS',2202,53483,152000
'13NS',2202,53483,155200
'13NS',2202,53483,162500
'13NS',2202,53483,165400
'13NS',2202,53483,172400
'13NS',2202,53483,175400
'13NS',2202,53483,182400
'13NS',2202,53483,185400
'13NS',2202,53483,192400
'13NS',2202,53483,195400
'13NS',2202,53483,202400
'13NS',2202,53483,205400
'13NS',2202,53483,214000
'13NS',2202,53483,223500
'13NS',2202,53483,233000
'13NS',2202,53483,242400
'13NS',2202,53483,251500
'13NS',2202,53489,50600
'13NS',2202,53489,54000
'13NS',2202,53489,61300
'13NS',2202,53489,64600
'13NS',2202,53489,72000
'13NS',2202,53489,75300
'13NS',2202,53489,82600
'13NS',2202,53489,85800
'13NS',2202,53489,93000
'13NS',2202,53489,100100
'13NS',2202,53489,103200
'13NS',2202,53489,110400
'13NS',2202,53489,113600
'13NS',2202,53489,120800
'13NS',2202,53489,124000
'13NS',2202,53489,131200
'13NS',2202,53489,134400
'13NS',2202,53489,141600
'13NS',2202,53489,144800
'13NS',2202,53489,152000
'13NS',2202,53489,155300
'13NS',2202,53489,162600
'13NS',2202,53489,165500
'13NS',2202,53489,172400
'13NS',2202,53489,175400
'13NS',2202,53489,182400
'13NS',2202,53489,185400
'13NS',2202,53489,192400
'13NS',2202,53489,195400
'13NS',2202,53489,202400
'13NS',2202,53489,205400
'13NS',2202,53489,214000
'13NS',2202,53489,223500
'13NS',2202,53489,233000
'13NS',2202,53489,242400
'13NS',2202,53489,251500
'13NS',2202,53496,50700
'13NS',2202,53496,54100
'13NS',2202,53496,61400
'13NS',2202,53496,64700
'13NS',2202,53496,72100
'13NS',2202,53496,75400
'13NS',2202,53496,82700
'13NS',2202,53496,85900
'13NS',2202,53496,93100
'13NS',2202,53496,100200
'13NS',2202,53496,103300
'13NS',2202,53496,110500
'13NS',2202,53496,113700
'13NS',2202,53496,120900
'13NS',2202,53496,124100
'13NS',2202,53496,131300
'13NS',2202,53496,134500
'13NS',2202,53496,141700
'13NS',2202,53496,144900
'13NS',2202,53496,152100
'13NS',2202,53496,155300
'13NS',2202,53496,162600
'13NS',2202,53496,165500
'13NS',2202,53496,172500
'13NS',2202,53496,175500
'13NS',2202,53496,182500
'13NS',2202,53496,185500
'13NS',2202,53496,192500
'13NS',2202,53496,195500
'13NS',2202,53496,202500
'13NS',2202,53496,205500
'13NS',2202,53496,214100
'13NS',2202,53496,223600
'13NS',2202,53496,233100
'13NS',2202,53496,242500
'13NS',2202,53496,251600
'13NS',2202,53499,51200
'13NS',2202,53499,54800
'13NS',2202,53499,62100
'13NS',2202,53499,65400
'13NS',2202,53499,72800
'13NS',2202,53499,80100
'13NS',2202,53499,83400
'13NS',2202,53499,90600
'13NS',2202,53499,93800
'13NS',2202,53499,100900
'13NS',2202,53499,104000
'13NS',2202,53499,111200
'13NS',2202,53499,114400
'13NS',2202,53499,121600
'13NS',2202,53499,124800
'13NS',2202,53499,132000
'13NS',2202,53499,135200
'13NS',2202,53499,142400
'13NS',2202,53499,145600
'13NS',2202,53499,152800
'13NS',2202,53499,160000
'13NS',2202,53499,163300
'13NS',2202,53499,170200
'13NS',2202,53499,173200
'13NS',2202,53499,180100
'13NS',2202,53499,183100
'13NS',2202,53499,190100
'13NS',2202,53499,193000
'13NS',2202,53499,200000
'13NS',2202,53499,203000
'13NS',2202,53499,210000
'13NS',2202,53499,214600
'13NS',2202,53499,224100
'13NS',2202,53499,233600
'13NS',2202,53499,243000
'13NS',2202,53499,252100
'13NS',2202,53505,50700
'13NS',2202,53505,54200
'13NS',2202,53505,61500
'13NS',2202,53505,64800
'13NS',2202,53505,72200
'13NS',2202,53505,75500
'13NS',2202,53505,82800
'13NS',2202,53505,90000
'13NS',2202,53505,93200
'13NS',2202,53505,100300
'13NS',2202,53505,103400
'13NS',2202,53505,110600
'13NS',2202,53505,113800
'13NS',2202,53505,121000
'13NS',2202,53505,124200
'13NS',2202,53505,131400
'13NS',2202,53505,134600
'13NS',2202,53505,141800
'13NS',2202,53505,145000
'13NS',2202,53505,152200
'13NS',2202,53505,155400
'13NS',2202,53505,162700
'13NS',2202,53505,165600
'13NS',2202,53505,172600
'13NS',2202,53505,175500
'13NS',2202,53505,182500
'13NS',2202,53505,185500
'13NS',2202,53505,192500
'13NS',2202,53505,195500
'13NS',2202,53505,202500
'13NS',2202,53505,205500
'13NS',2202,53505,214100
'13NS',2202,53505,223600
'13NS',2202,53505,233100
'13NS',2202,53505,242500
'13NS',2202,53505,251600
'13NS',2202,53873,51900
'13NS',2202,53873,55500
'13NS',2202,53873,62800
'13NS',2202,53873,70100
'13NS',2202,53873,73500
'13NS',2202,53873,80800
'13NS',2202,53873,84100
'13NS',2202,53873,91300
'13NS',2202,53873,94500
'13NS',2202,53873,101600
'13NS',2202,53873,104700
'13NS',2202,53873,111900
'13NS',2202,53873,115100
'13NS',2202,53873,122300
'13NS',2202,53873,125500
'13NS',2202,53873,132700
'13NS',2202,53873,135900
'13NS',2202,53873,143100
'13NS',2202,53873,150300
'13NS',2202,53873,153500
'13NS',2202,53873,160800
'13NS',2202,53873,164100
'13NS',2202,53873,171000
'13NS',2202,53873,173900
'13NS',2202,53873,180800
'13NS',2202,53873,183800
'13NS',2202,53873,190800
'13NS',2202,53873,193700
'13NS',2202,53873,200700
'13NS',2202,53873,203700
'13NS',2202,53873,210700
'13NS',2202,53873,215300
'13NS',2202,53873,224800
'13NS',2202,53873,234200
'13NS',2202,53873,243600
'13NS',2202,53873,252700
'13NS',2202,53923,51500
'13NS',2202,53923,55100
'13NS',2202,53923,62400
'13NS',2202,53923,65700
'13NS',2202,53923,73100
'13NS',2202,53923,80400
'13NS',2202,53923,83700
'13NS',2202,53923,90900
'13NS',2202,53923,94100
'13NS',2202,53923,101200
'13NS',2202,53923,104300
'13NS',2202,53923,111500
'13NS',2202,53923,114700
'13NS',2202,53923,121900
'13NS',2202,53923,125100
'13NS',2202,53923,132300
'13NS',2202,53923,135500
'13NS',2202,53923,142700
'13NS',2202,53923,145900
'13NS',2202,53923,153100
'13NS',2202,53923,160400
'13NS',2202,53923,163700
'13NS',2202,53923,170600
'13NS',2202,53923,173500
'13NS',2202,53923,180400
'13NS',2202,53923,183400
'13NS',2202,53923,190400
'13NS',2202,53923,193300
'13NS',2202,53923,200300
'13NS',2202,53923,203300
'13NS',2202,53923,210300
'13NS',2202,53923,214900
'13NS',2202,53923,224400
'13NS',2202,53923,233800
'13NS',2202,53923,243200
'13NS',2202,53923,252300
'13NS',2202,54192,52000
'13NS',2202,54192,55600
'13NS',2202,54192,62900
'13NS',2202,54192,70200
'13NS',2202,54192,73600
'13NS',2202,54192,80900
'13NS',2202,54192,84200
'13NS',2202,54192,91400
'13NS',2202,54192,94600
'13NS',2202,54192,101700
'13NS',2202,54192,104800
'13NS',2202,54192,112000
'13NS',2202,54192,115200
'13NS',2202,54192,122400
'13NS',2202,54192,125600
'13NS',2202,54192,132800
'13NS',2202,54192,140000
'13NS',2202,54192,143200
'13NS',2202,54192,150400
'13NS',2202,54192,153600
'13NS',2202,54192,160900
'13NS',2202,54192,164200
'13NS',2202,54192,171100
'13NS',2202,54192,174000
'13NS',2202,54192,180900
'13NS',2202,54192,183900
'13NS',2202,54192,190900
'13NS',2202,54192,193800
'13NS',2202,54192,200800
'13NS',2202,54192,203800
'13NS',2202,54192,210800
'13NS',2202,54192,215400
'13NS',2202,54192,224900
'13NS',2202,54192,234300
'13NS',2202,54192,243700
'13NS',2202,54192,252800
'13NS',2202,54197,51700
'13NS',2202,54197,55300
'13NS',2202,54197,62600
'13NS',2202,54197,65900
'13NS',2202,54197,73300
'13NS',2202,54197,80600
'13NS',2202,54197,83900
'13NS',2202,54197,91100
'13NS',2202,54197,94300
'13NS',2202,54197,101400
'13NS',2202,54197,104500
'13NS',2202,54197,111700
'13NS',2202,54197,114900
'13NS',2202,54197,122100
'13NS',2202,54197,125300
'13NS',2202,54197,132500
'13NS',2202,54197,135700
'13NS',2202,54197,142900
'13NS',2202,54197,150100
'13NS',2202,54197,153300
'13NS',2202,54197,160600
'13NS',2202,54197,163900
'13NS',2202,54197,170800
'13NS',2202,54197,173700
'13NS',2202,54197,180600
'13NS',2202,54197,183600
'13NS',2202,54197,190600
'13NS',2202,54197,193500
'13NS',2202,54197,200500
'13NS',2202,54197,203500
'13NS',2202,54197,210500
'13NS',2202,54197,215100
'13NS',2202,54197,224600
'13NS',2202,54197,234000
'13NS',2202,54197,243400
'13NS',2202,54197,252500
'13NS',2202,54306,52500
'13NS',2202,54306,60200
'13NS',2202,54306,63500
'13NS',2202,54306,70800
'13NS',2202,54306,74200
'13NS',2202,54306,81500
'13NS',2202,54306,84700
'13NS',2202,54306,91900
'13NS',2202,54306,95100
'13NS',2202,54306,102200
'13NS',2202,54306,105400
'13NS',2202,54306,112600
'13NS',2202,54306,115800
'13NS',2202,54306,123000
'13NS',2202,54306,130200
'13NS',2202,54306,133400
'13NS',2202,54306,140600
'13NS',2202,54306,143800
'13NS',2202,54306,151000
'13NS',2202,54306,154200
'13NS',2202,54306,161500
'13NS',2202,54306,164800
'13NS',2202,54306,171700
'13NS',2202,54306,174600
'13NS',2202,54306,181500
'13NS',2202,54306,184500
'13NS',2202,54306,191400
'13NS',2202,54306,194300
'13NS',2202,54306,201300
'13NS',2202,54306,204300
'13NS',2202,54306,211300
'13NS',2202,54306,215900
'13NS',2202,54306,225400
'13NS',2202,54306,234800
'13NS',2202,54306,244200
'13NS',2202,54306,253300
'13NS',2202,54340,51000
'13NS',2202,54340,54500
'13NS',2202,54340,61800
'13NS',2202,54340,65100
'13NS',2202,54340,72500
'13NS',2202,54340,75800
'13NS',2202,54340,83100
'13NS',2202,54340,90300
'13NS',2202,54340,93500
'13NS',2202,54340,100600
'13NS',2202,54340,103700
'13NS',2202,54340,110900
'13NS',2202,54340,114100
'13NS',2202,54340,121300
'13NS',2202,54340,124500
'13NS',2202,54340,131700
'13NS',2202,54340,134900
'13NS',2202,54340,142100
'13NS',2202,54340,145300
'13NS',2202,54340,152500
'13NS',2202,54340,155700
'13NS',2202,54340,163000
'13NS',2202,54340,165900
'13NS',2202,54340,172900
'13NS',2202,54340,175900
'13NS',2202,54340,182900
'13NS',2202,54340,185900
'13NS',2202,54340,192800
'13NS',2202,54340,195800
'13NS',2202,54340,202800
'13NS',2202,54340,205800
'13NS',2202,54340,214400
'13NS',2202,54340,223900
'13NS',2202,54340,233400
'13NS',2202,54340,242800
'13NS',2202,54340,251900
'13NS',2202,54365,51200
'13NS',2202,54365,54700
'13NS',2202,54365,62000
'13NS',2202,54365,65300
'13NS',2202,54365,72700
'13NS',2202,54365,80000
'13NS',2202,54365,83300
'13NS',2202,54365,90500
'13NS',2202,54365,93700
'13NS',2202,54365,100800
'13NS',2202,54365,103900
'13NS',2202,54365,111100
'13NS',2202,54365,114300
'13NS',2202,54365,121500
'13NS',2202,54365,124700
'13NS',2202,54365,131900
'13NS',2202,54365,135100
'13NS',2202,54365,142300
'13NS',2202,54365,145500
'13NS',2202,54365,152700
'13NS',2202,54365,160000
'13NS',2202,54365,163300
'13NS',2202,54365,170200
'13NS',2202,54365,173100
'13NS',2202,54365,180100
'13NS',2202,54365,183100
'13NS',2202,54365,190100
'13NS',2202,54365,193000
'13NS',2202,54365,200000
'13NS',2202,54365,203000
'13NS',2202,54365,210000
'13NS',2202,54365,214600
'13NS',2202,54365,224100
'13NS',2202,54365,233500
'13NS',2202,54365,242900
'13NS',2202,54365,252000
'13NS',2202,54428,50000
'13NS',2202,54428,53300
'13NS',2202,54428,60600
'13NS',2202,54428,63900
'13NS',2202,54428,71300
'13NS',2202,54428,74600
'13NS',2202,54428,81900
'13NS',2202,54428,85200
'13NS',2202,54428,92400
'13NS',2202,54428,95500
'13NS',2202,54428,102600
'13NS',2202,54428,105700
'13NS',2202,54428,112900
'13NS',2202,54428,120100
'13NS',2202,54428,123300
'13NS',2202,54428,130500
'13NS',2202,54428,133700
'13NS',2202,54428,140900
'13NS',2202,54428,144100
'13NS',2202,54428,151300
'13NS',2202,54428,154500
'13NS',2202,54428,161800
'13NS',2202,54428,164800
'13NS',2202,54428,171800
'13NS',2202,54428,174800
'13NS',2202,54428,181800
'13NS',2202,54428,184800
'13NS',2202,54428,191800
'13NS',2202,54428,194800
'13NS',2202,54428,201800
'13NS',2202,54428,204800
'13NS',2202,54428,213500
'13NS',2202,54428,223000
'13NS',2202,54428,232500
'13NS',2202,54428,241900
'13NS',2202,54428,251000
'13NS',2202,60436,50100
'13NS',2202,60436,53400
'13NS',2202,60436,60700
'13NS',2202,60436,64000
'13NS',2202,60436,71400
'13NS',2202,60436,74700
'13NS',2202,60436,82000
'13NS',2202,60436,85300
'13NS',2202,60436,92500
'13NS',2202,60436,95600
'13NS',2202,60436,102700
'13NS',2202,60436,105800
'13NS',2202,60436,113000
'13NS',2202,60436,120200
'13NS',2202,60436,123400
'13NS',2202,60436,130600
'13NS',2202,60436,133800
'13NS',2202,60436,141000
'13NS',2202,60436,144200
'13NS',2202,60436,151400
'13NS',2202,60436,154600
'13NS',2202,60436,161900
'13NS',2202,60436,164900
'13NS',2202,60436,171900
'13NS',2202,60436,174900
'13NS',2202,60436,181900
'13NS',2202,60436,184900
'13NS',2202,60436,191900
'13NS',2202,60436,194900
'13NS',2202,60436,201900
'13NS',2202,60436,204900
'13NS',2202,60436,213600
'13NS',2202,60436,223100
'13NS',2202,60436,232600
'13NS',2202,60436,242000
'13NS',2202,60436,251100
