'15JA',37601,60536,245100
'15JA',37601,60536,253600
'15JA',37601,60536,262200
'15JA',37601,60536,270700
'15JA',37601,60536,275200
'15JI',37601,60536,245100
'15JI',37601,60536,253600
'15JI',37601,60536,262100
'15JI',37601,60536,270600
'15JI',37601,60536,275100
'15JS',37601,60536,245100
'15JS',37601,60536,253600
'15JS',37601,60536,262100
'15JS',37601,60536,270600
'15JS',37601,60536,275100
'15JA',38202,60536,262800
'15JA',38202,60536,271300
'15JA',38202,60536,275800
'15JA',38202,60536,284300
'15JI',38202,60536,262500
'15JI',38202,60536,271000
'15JI',38202,60536,275500
'15JI',38202,60536,284000
'15JS',38202,60536,262500
'15JS',38202,60536,271000
'15JS',38202,60536,275500
'15JS',38202,60536,284000
'15JA',47001,60536,45000
'15JA',47001,60536,52200
'15JA',47001,60536,55600
'15JA',47001,60536,63100
'15JA',47001,60536,70400
'15JA',47001,60536,72600
'15JA',47001,60536,74600
'15JA',47001,60536,80600
'15JA',47001,60536,82400
'15JA',47001,60536,84300
'15JA',47001,60536,90700
'15JA',47001,60536,93100
'15JA',47001,60536,95500
'15JA',47001,60536,101900
'15JA',47001,60536,104300
'15JA',47001,60536,110600
'15JA',47001,60536,112600
'15JA',47001,60536,114600
'15JA',47001,60536,120600
'15JA',47001,60536,122500
'15JA',47001,60536,124300
'15JA',47001,60536,130100
'15JA',47001,60536,131900
'15JA',47001,60536,133800
'15JA',47001,60536,135600
'15JA',47001,60536,141100
'15JA',47001,60536,142600
'15JA',47001,60536,144100
'15JA',47001,60536,145600
'15JA',47001,60536,151100
'15JA',47001,60536,152500
'15JA',47001,60536,154000
'15JA',47001,60536,155400
'15JA',47001,60536,160600
'15JA',47001,60536,161800
'15JA',47001,60536,163000
'15JA',47001,60536,164200
'15JA',47001,60536,165500
'15JA',47001,60536,170900
'15JA',47001,60536,172400
'15JA',47001,60536,173900
'15JA',47001,60536,175600
'15JA',47001,60536,181600
'15JA',47001,60536,183700
'15JA',47001,60536,190100
'15JA',47001,60536,192500
'15JA',47001,60536,194800
'15JA',47001,60536,201800
'15JA',47001,60536,204700
'15JA',47001,60536,211700
'15JA',47001,60536,214700
'15JA',47001,60536,221700
'15JA',47001,60536,224700
'15JA',47001,60536,231700
'15JA',47001,60536,234800
'15JA',47001,60536,241900
'15JI',47001,60536,45100
'15JI',47001,60536,53400
'15JI',47001,60536,60400
'15JI',47001,60536,63400
'15JI',47001,60536,70400
'15JI',47001,60536,73400
'15JI',47001,60536,80400
'15JI',47001,60536,83400
'15JI',47001,60536,85400
'15JI',47001,60536,91400
'15JI',47001,60536,93400
'15JI',47001,60536,95300
'15JI',47001,60536,101200
'15JI',47001,60536,103100
'15JI',47001,60536,104900
'15JI',47001,60536,110800
'15JI',47001,60536,112700
'15JI',47001,60536,114600
'15JI',47001,60536,120600
'15JI',47001,60536,122600
'15JI',47001,60536,124600
'15JI',47001,60536,130600
'15JI',47001,60536,132500
'15JI',47001,60536,134400
'15JI',47001,60536,140300
'15JI',47001,60536,142200
'15JI',47001,60536,144200
'15JI',47001,60536,150200
'15JI',47001,60536,152200
'15JI',47001,60536,154200
'15JI',47001,60536,160000
'15JI',47001,60536,161700
'15JI',47001,60536,163400
'15JI',47001,60536,165100
'15JI',47001,60536,170800
'15JI',47001,60536,172500
'15JI',47001,60536,174100
'15JI',47001,60536,180600
'15JI',47001,60536,183600
'15JI',47001,60536,190600
'15JI',47001,60536,193600
'15JI',47001,60536,200600
'15JI',47001,60536,203600
'15JI',47001,60536,210600
'15JI',47001,60536,213600
'15JI',47001,60536,220600
'15JI',47001,60536,223500
'15JI',47001,60536,230500
'15JI',47001,60536,233400
'15JI',47001,60536,235000
'15JS',47001,60536,45000
'15JS',47001,60536,52200
'15JS',47001,60536,54500
'15JS',47001,60536,55500
'15JS',47001,60536,60500
'15JS',47001,60536,61500
'15JS',47001,60536,62500
'15JS',47001,60536,63500
'15JS',47001,60536,64500
'15JS',47001,60536,65100
'15JS',47001,60536,65600
'15JS',47001,60536,70000
'15JS',47001,60536,70600
'15JS',47001,60536,71000
'15JS',47001,60536,71400
'15JS',47001,60536,72000
'15JS',47001,60536,72600
'15JS',47001,60536,73000
'15JS',47001,60536,73600
'15JS',47001,60536,74300
'15JS',47001,60536,75200
'15JS',47001,60536,80100
'15JS',47001,60536,81000
'15JS',47001,60536,82000
'15JS',47001,60536,83000
'15JS',47001,60536,84000
'15JS',47001,60536,85000
'15JS',47001,60536,85800
'15JS',47001,60536,90800
'15JS',47001,60536,91700
'15JS',47001,60536,92700
'15JS',47001,60536,93700
'15JS',47001,60536,94700
'15JS',47001,60536,95700
'15JS',47001,60536,100700
'15JS',47001,60536,101700
'15JS',47001,60536,102700
'15JS',47001,60536,103700
'15JS',47001,60536,104700
'15JS',47001,60536,105700
'15JS',47001,60536,110700
'15JS',47001,60536,111700
'15JS',47001,60536,112700
'15JS',47001,60536,113700
'15JS',47001,60536,114700
'15JS',47001,60536,115700
'15JS',47001,60536,120700
'15JS',47001,60536,121700
'15JS',47001,60536,122700
'15JS',47001,60536,123700
'15JS',47001,60536,124600
'15JS',47001,60536,125500
'15JS',47001,60536,130400
'15JS',47001,60536,131300
'15JS',47001,60536,132200
'15JS',47001,60536,133200
'15JS',47001,60536,134200
'15JS',47001,60536,135100
'15JS',47001,60536,140100
'15JS',47001,60536,141400
'15JS',47001,60536,142900
'15JS',47001,60536,144400
'15JS',47001,60536,145900
'15JS',47001,60536,151400
'15JS',47001,60536,152700
'15JS',47001,60536,153800
'15JS',47001,60536,154900
'15JS',47001,60536,160000
'15JS',47001,60536,161100
'15JS',47001,60536,162200
'15JS',47001,60536,163300
'15JS',47001,60536,164400
'15JS',47001,60536,165800
'15JS',47001,60536,171200
'15JS',47001,60536,172900
'15JS',47001,60536,174600
'15JS',47001,60536,180300
'15JS',47001,60536,181900
'15JS',47001,60536,183700
'15JS',47001,60536,185900
'15JS',47001,60536,192300
'15JS',47001,60536,194800
'15JS',47001,60536,201200
'15JS',47001,60536,203600
'15JS',47001,60536,205700
'15JS',47001,60536,211800
'15JS',47001,60536,214000
'15JS',47001,60536,220100
'15JS',47001,60536,222200
'15JS',47001,60536,225100
'15JS',47001,60536,232100
'15JS',47001,60536,235100
