'14UA',2201,54196,53700
'14UA',2201,54196,60700
'14UA',2201,54196,63700
'14UA',2201,54196,70700
'14UA',2201,54196,73700
'14UA',2201,54196,80700
'14UA',2201,54196,83700
'14UA',2201,54196,90700
'14UA',2201,54196,93700
'14UA',2201,54196,100700
'14UA',2201,54196,103700
'14UA',2201,54196,110700
'14UA',2201,54196,113700
'14UA',2201,54196,120700
'14UA',2201,54196,123700
'14UA',2201,54196,130700
'14UA',2201,54196,133700
'14UA',2201,54196,140700
'14UA',2201,54196,143700
'14UA',2201,54196,150700
'14UA',2201,54196,153700
'14UA',2201,54196,160700
'14UA',2201,54196,163700
'14UA',2201,54196,170700
'14UA',2201,54196,173700
'14UA',2201,54196,180700
'14UA',2201,54196,183700
'14UA',2201,54196,190700
'14UA',2201,54196,200700
'14UA',2201,54196,210700
'14UA',2201,54196,220700
'14UA',2201,54196,230700
'14UA',2201,54196,240700
'14UA',2201,54196,250700
'14UA',2201,54196,260700
'14UF1',2201,54196,53700
'14UF1',2201,54196,60700
'14UF1',2201,54196,63700
'14UF1',2201,54196,70700
'14UF1',2201,54196,73700
'14UF1',2201,54196,80700
'14UF1',2201,54196,83700
'14UF1',2201,54196,90700
'14UF1',2201,54196,93700
'14UF1',2201,54196,100700
'14UF1',2201,54196,103700
'14UF1',2201,54196,110700
'14UF1',2201,54196,113700
'14UF1',2201,54196,120700
'14UF1',2201,54196,123700
'14UF1',2201,54196,130700
'14UF1',2201,54196,133700
'14UF1',2201,54196,140700
'14UF1',2201,54196,143700
'14UF1',2201,54196,150700
'14UF1',2201,54196,153700
'14UF1',2201,54196,160700
'14UF1',2201,54196,163700
'14UF1',2201,54196,170700
'14UF1',2201,54196,173700
'14UF1',2201,54196,180700
'14UF1',2201,54196,183700
'14UF1',2201,54196,190700
'14UF1',2201,54196,200700
'14UF1',2201,54196,210700
'14UF1',2201,54196,220700
'14UF1',2201,54196,231100
'14UF1',2201,54196,241500
'14UF1',2201,54196,252100
'14UF2',2201,54196,53700
'14UF2',2201,54196,60700
'14UF2',2201,54196,63700
'14UF2',2201,54196,70700
'14UF2',2201,54196,73700
'14UF2',2201,54196,80700
'14UF2',2201,54196,83700
'14UF2',2201,54196,90700
'14UF2',2201,54196,93700
'14UF2',2201,54196,100700
'14UF2',2201,54196,103700
'14UF2',2201,54196,110700
'14UF2',2201,54196,113700
'14UF2',2201,54196,120700
'14UF2',2201,54196,123700
'14UF2',2201,54196,130700
'14UF2',2201,54196,133700
'14UF2',2201,54196,140700
'14UF2',2201,54196,143700
'14UF2',2201,54196,150700
'14UF2',2201,54196,153700
'14UF2',2201,54196,160700
'14UF2',2201,54196,163700
'14UF2',2201,54196,170700
'14UF2',2201,54196,173700
'14UF2',2201,54196,180700
'14UF2',2201,54196,183700
'14UF2',2201,54196,190700
'14UF2',2201,54196,200700
'14UF2',2201,54196,210700
'14UF2',2201,54196,220700
'14UF2',2201,54196,231100
'14UF2',2201,54196,241500
'14UF2',2201,54196,252100
'14UI',2201,54196,53700
'14UI',2201,54196,60700
'14UI',2201,54196,63700
'14UI',2201,54196,70700
'14UI',2201,54196,73700
'14UI',2201,54196,80700
'14UI',2201,54196,83700
'14UI',2201,54196,90700
'14UI',2201,54196,93700
'14UI',2201,54196,100700
'14UI',2201,54196,103700
'14UI',2201,54196,110700
'14UI',2201,54196,113700
'14UI',2201,54196,120700
'14UI',2201,54196,123700
'14UI',2201,54196,130700
'14UI',2201,54196,133700
'14UI',2201,54196,140700
'14UI',2201,54196,143700
'14UI',2201,54196,150700
'14UI',2201,54196,153700
'14UI',2201,54196,160700
'14UI',2201,54196,163700
'14UI',2201,54196,170700
'14UI',2201,54196,173700
'14UI',2201,54196,180700
'14UI',2201,54196,183700
'14UI',2201,54196,192100
'14UI',2201,54196,202100
'14UI',2201,54196,212100
'14UI',2201,54196,222100
'14UI',2201,54196,232100
'14UI',2201,54196,242100
'14UI',2201,54196,252100
'14US',2201,54196,53800
'14US',2201,54196,61400
'14US',2201,54196,64900
'14US',2201,54196,72200
'14US',2201,54196,75500
'14US',2201,54196,82800
'14US',2201,54196,90000
'14US',2201,54196,93200
'14US',2201,54196,100300
'14US',2201,54196,103400
'14US',2201,54196,110500
'14US',2201,54196,113700
'14US',2201,54196,120900
'14US',2201,54196,124100
'14US',2201,54196,131300
'14US',2201,54196,134500
'14US',2201,54196,141700
'14US',2201,54196,144900
'14US',2201,54196,152100
'14US',2201,54196,155400
'14US',2201,54196,162700
'14US',2201,54196,165900
'14US',2201,54196,173200
'14US',2201,54196,180200
'14US',2201,54196,183200
'14US',2201,54196,190100
'14US',2201,54196,193000
'14US',2201,54196,200000
'14US',2201,54196,203000
'14US',2201,54196,211500
'14US',2201,54196,221000
'14US',2201,54196,230500
'14US',2201,54196,240000
'14US',2201,54196,245100
'14US',2201,54196,254200
