'15JS',11501,56135,150700
'15JS',11501,56135,154200
'15JS',11501,56135,161700
'15JS',11501,56135,164200
'15JS',11501,56135,165800
'15JS',11501,56135,171700
'15JS',11501,56135,174600
'15JS',11501,56135,181600
'15JS',11501,56135,184600
'15JS',11502,56135,61000
'15JS',11502,56135,64000
'15JS',11502,56135,65500
'15JS',11502,56135,71100
'15JS',11502,56135,71800
'15JS',11502,56135,72500
'15JS',11502,56135,73300
'15JS',11502,56135,74100
'15JS',11502,56135,74700
'15JS',11502,56135,75300
'15JS',11502,56135,80000
'15JS',11502,56135,80600
'15JS',11502,56135,81300
'15JS',11502,56135,82000
'15JS',11502,56135,82800
'15JS',11502,56135,83500
'15JS',11502,56135,84300
'15JS',11502,56135,85100
'15JS',11502,56135,85900
'15JS',11502,56135,90700
'15JS',11502,56135,91600
'15JS',11502,56135,92500
