'14UA',11201,57077,50300
'14UA',11201,57077,53300
'14UA',11201,57077,60300
'14UA',11201,57077,63300
'14UA',11201,57077,70300
'14UA',11201,57077,73300
'14UA',11201,57077,80300
'14UA',11201,57077,83300
'14UA',11201,57077,90300
'14UA',11201,57077,93300
'14UA',11201,57077,100400
'14UA',11201,57077,102800
'14UA',11201,57077,105000
'14UA',11201,57077,111200
'14UA',11201,57077,113400
'14UA',11201,57077,115500
'14UA',11201,57077,121700
'14UA',11201,57077,123900
'14UA',11201,57077,130100
'14UA',11201,57077,132300
'14UA',11201,57077,134500
'14UA',11201,57077,140700
'14UA',11201,57077,142900
'14UA',11201,57077,145100
'14UA',11201,57077,151400
'14UA',11201,57077,153600
'14UA',11201,57077,155800
'14UA',11201,57077,162100
'14UA',11201,57077,164300
'14UA',11201,57077,170500
'14UA',11201,57077,172800
'14UA',11201,57077,175000
'14UA',11201,57077,181200
'14UA',11201,57077,183500
'14UA',11201,57077,185600
'14UA',11201,57077,191600
'14UA',11201,57077,193700
'14UA',11201,57077,200300
'14UA',11201,57077,203400
'14UA',11201,57077,210400
'14UA',11201,57077,213500
'14UA',11201,57077,220500
'14UA',11201,57077,223600
'14UA',11201,57077,230600
'14UA',11201,57077,233600
'14UA',11201,57077,240600
'14UA',11201,57077,243600
'14UA',11201,57077,250600
'14UA',11201,57077,253500
'14UF1',11201,57077,50300
'14UF1',11201,57077,53300
'14UF1',11201,57077,60300
'14UF1',11201,57077,63300
'14UF1',11201,57077,70300
'14UF1',11201,57077,73300
'14UF1',11201,57077,80300
'14UF1',11201,57077,83300
'14UF1',11201,57077,90300
'14UF1',11201,57077,93300
'14UF1',11201,57077,100400
'14UF1',11201,57077,102800
'14UF1',11201,57077,105000
'14UF1',11201,57077,111200
'14UF1',11201,57077,113400
'14UF1',11201,57077,115500
'14UF1',11201,57077,121700
'14UF1',11201,57077,123900
'14UF1',11201,57077,130100
'14UF1',11201,57077,132300
'14UF1',11201,57077,134500
'14UF1',11201,57077,140700
'14UF1',11201,57077,142900
'14UF1',11201,57077,145100
'14UF1',11201,57077,151400
'14UF1',11201,57077,153600
'14UF1',11201,57077,155800
'14UF1',11201,57077,162100
'14UF1',11201,57077,164300
'14UF1',11201,57077,170500
'14UF1',11201,57077,172800
'14UF1',11201,57077,175000
'14UF1',11201,57077,181200
'14UF1',11201,57077,183500
'14UF1',11201,57077,185600
'14UF1',11201,57077,191600
'14UF1',11201,57077,193700
'14UF1',11201,57077,200300
'14UF1',11201,57077,203400
'14UF1',11201,57077,210400
'14UF1',11201,57077,213500
'14UF1',11201,57077,220500
'14UF1',11201,57077,223600
'14UF1',11201,57077,230600
'14UF1',11201,57077,233600
'14UF1',11201,57077,240600
'14UF1',11201,57077,243600
'14UF1',11201,57077,250600
'14UF2',11201,57077,50300
'14UF2',11201,57077,53300
'14UF2',11201,57077,60300
'14UF2',11201,57077,63300
'14UF2',11201,57077,70300
'14UF2',11201,57077,73300
'14UF2',11201,57077,80300
'14UF2',11201,57077,83300
'14UF2',11201,57077,90300
'14UF2',11201,57077,93300
'14UF2',11201,57077,100400
'14UF2',11201,57077,102800
'14UF2',11201,57077,105000
'14UF2',11201,57077,111200
'14UF2',11201,57077,113400
'14UF2',11201,57077,115500
'14UF2',11201,57077,121700
'14UF2',11201,57077,123900
'14UF2',11201,57077,130100
'14UF2',11201,57077,132300
'14UF2',11201,57077,134500
'14UF2',11201,57077,140700
'14UF2',11201,57077,142900
'14UF2',11201,57077,145100
'14UF2',11201,57077,151400
'14UF2',11201,57077,153600
'14UF2',11201,57077,155800
'14UF2',11201,57077,162100
'14UF2',11201,57077,164300
'14UF2',11201,57077,170500
'14UF2',11201,57077,172800
'14UF2',11201,57077,175000
'14UF2',11201,57077,181200
'14UF2',11201,57077,183500
'14UF2',11201,57077,185600
'14UF2',11201,57077,191600
'14UF2',11201,57077,193700
'14UF2',11201,57077,200300
'14UF2',11201,57077,203400
'14UF2',11201,57077,210400
'14UF2',11201,57077,213500
'14UF2',11201,57077,220500
'14UF2',11201,57077,223600
'14UF2',11201,57077,230600
'14UF2',11201,57077,233600
'14UF2',11201,57077,240600
'14UF2',11201,57077,243600
'14UF2',11201,57077,250600
'14UI',11201,57077,50400
'14UI',11201,57077,53400
'14UI',11201,57077,60400
'14UI',11201,57077,63400
'14UI',11201,57077,70400
'14UI',11201,57077,73400
'14UI',11201,57077,80400
'14UI',11201,57077,83400
'14UI',11201,57077,90400
'14UI',11201,57077,93500
'14UI',11201,57077,100500
'14UI',11201,57077,103000
'14UI',11201,57077,105100
'14UI',11201,57077,111200
'14UI',11201,57077,113300
'14UI',11201,57077,115400
'14UI',11201,57077,121600
'14UI',11201,57077,123700
'14UI',11201,57077,125800
'14UI',11201,57077,131900
'14UI',11201,57077,134000
'14UI',11201,57077,140100
'14UI',11201,57077,142200
'14UI',11201,57077,144400
'14UI',11201,57077,150600
'14UI',11201,57077,152800
'14UI',11201,57077,155100
'14UI',11201,57077,161500
'14UI',11201,57077,163900
'14UI',11201,57077,170300
'14UI',11201,57077,173000
'14UI',11201,57077,180100
'14UI',11201,57077,183200
'14UI',11201,57077,190300
'14UI',11201,57077,193400
'14UI',11201,57077,200500
'14UI',11201,57077,203500
'14UI',11201,57077,210600
'14UI',11201,57077,213700
'14UI',11201,57077,220800
'14UI',11201,57077,223900
'14UI',11201,57077,231000
'14UI',11201,57077,234100
'14UI',11201,57077,241200
'14UI',11201,57077,243900
'14UI',11201,57077,250600
'14US',11201,57077,50400
'14US',11201,57077,52000
'14US',11201,57077,53600
'14US',11201,57077,55200
'14US',11201,57077,60800
'14US',11201,57077,62400
'14US',11201,57077,64000
'14US',11201,57077,65600
'14US',11201,57077,70600
'14US',11201,57077,71600
'14US',11201,57077,72600
'14US',11201,57077,73600
'14US',11201,57077,74500
'14US',11201,57077,75400
'14US',11201,57077,80200
'14US',11201,57077,81200
'14US',11201,57077,82500
'14US',11201,57077,84400
'14US',11201,57077,90900
'14US',11201,57077,93400
'14US',11201,57077,95800
'14US',11201,57077,101800
'14US',11201,57077,103600
'14US',11201,57077,105400
'14US',11201,57077,111200
'14US',11201,57077,113000
'14US',11201,57077,114700
'14US',11201,57077,120500
'14US',11201,57077,122500
'14US',11201,57077,124500
'14US',11201,57077,130200
'14US',11201,57077,131900
'14US',11201,57077,133600
'14US',11201,57077,135400
'14US',11201,57077,141300
'14US',11201,57077,143100
'14US',11201,57077,144900
'14US',11201,57077,150700
'14US',11201,57077,152400
'14US',11201,57077,154100
'14US',11201,57077,155900
'14US',11201,57077,162200
'14US',11201,57077,164400
'14US',11201,57077,170800
'14US',11201,57077,173600
'14US',11201,57077,180400
'14US',11201,57077,183400
'14US',11201,57077,190400
'14US',11201,57077,193400
'14US',11201,57077,200100
'14US',11201,57077,202400
'14US',11201,57077,204700
'14US',11201,57077,211300
'14US',11201,57077,214100
'14US',11201,57077,221100
'14US',11201,57077,224100
'14US',11201,57077,231000
'14US',11201,57077,234000
'14US',11201,57077,240900
'14US',11201,57077,243800
'14US',11201,57077,250400
