'15UA',16401,50256,55500
'15UA',16401,50256,63000
'15UA',16401,50256,70800
'15UA',16401,50256,74600
'15UA',16401,50256,82000
'15UA',16401,50256,85000
'15UA',16401,50256,92000
'15UA',16401,50256,95100
'15UA',16401,50256,102000
'15UA',16401,50256,104600
'15UA',16401,50256,110800
'15UA',16401,50256,112900
'15UA',16401,50256,115000
'15UA',16401,50256,121100
'15UA',16401,50256,123300
'15UA',16401,50256,125400
'15UA',16401,50256,131500
'15UA',16401,50256,133600
'15UA',16401,50256,135800
'15UA',16401,50256,141900
'15UA',16401,50256,144000
'15UA',16401,50256,150100
'15UA',16401,50256,152300
'15UA',16401,50256,154300
'15UA',16401,50256,160300
'15UA',16401,50256,162400
'15UA',16401,50256,164600
'15UA',16401,50256,170700
'15UA',16401,50256,172800
'15UA',16401,50256,174900
'15UA',16401,50256,181100
'15UA',16401,50256,183200
'15UA',16401,50256,185300
'15UA',16401,50256,191400
'15UA',16401,50256,193600
'15UA',16401,50256,195700
'15UA',16401,50256,201800
'15UA',16401,50256,203900
'15UA',16401,50256,210100
'15UA',16401,50256,212200
'15UA',16401,50256,214300
'15UA',16401,50256,220600
'15UA',16401,50256,223400
'15UA',16401,50256,230400
'15UA',16401,50256,233400
'15UA',16401,50256,240300
'15UA',16401,50256,243500
'15UA',16401,50256,250800
'15UA',16401,50256,254300
'15UF1',16401,50256,55200
'15UF1',16401,50256,63100
'15UF1',16401,50256,70800
'15UF1',16401,50256,74500
'15UF1',16401,50256,82300
'15UF1',16401,50256,90100
'15UF1',16401,50256,93800
'15UF1',16401,50256,101600
'15UF1',16401,50256,104700
'15UF1',16401,50256,111800
'15UF1',16401,50256,114700
'15UF1',16401,50256,121600
'15UF1',16401,50256,124500
'15UF1',16401,50256,131400
'15UF1',16401,50256,134300
'15UF1',16401,50256,141300
'15UF1',16401,50256,144200
'15UF1',16401,50256,151100
'15UF1',16401,50256,153900
'15UF1',16401,50256,160800
'15UF1',16401,50256,163700
'15UF1',16401,50256,170700
'15UF1',16401,50256,173600
'15UF1',16401,50256,180400
'15UF1',16401,50256,183100
'15UF1',16401,50256,190000
'15UF1',16401,50256,192900
'15UF1',16401,50256,195700
'15UF1',16401,50256,202500
'15UF1',16401,50256,205400
'15UF1',16401,50256,212400
'15UF1',16401,50256,215400
'15UF1',16401,50256,222400
'15UF1',16401,50256,225300
'15UF1',16401,50256,232500
'15UF1',16401,50256,235800
'15UF1',16401,50256,243200
'15UF1',16401,50256,250700
'15UF2',16401,50256,55200
'15UF2',16401,50256,63100
'15UF2',16401,50256,70800
'15UF2',16401,50256,74500
'15UF2',16401,50256,82300
'15UF2',16401,50256,90100
'15UF2',16401,50256,93800
'15UF2',16401,50256,101600
'15UF2',16401,50256,104700
'15UF2',16401,50256,111800
'15UF2',16401,50256,114700
'15UF2',16401,50256,121600
'15UF2',16401,50256,124500
'15UF2',16401,50256,131400
'15UF2',16401,50256,134300
'15UF2',16401,50256,141300
'15UF2',16401,50256,144200
'15UF2',16401,50256,151100
'15UF2',16401,50256,153900
'15UF2',16401,50256,160800
'15UF2',16401,50256,163700
'15UF2',16401,50256,170700
'15UF2',16401,50256,173600
'15UF2',16401,50256,180400
'15UF2',16401,50256,183100
'15UF2',16401,50256,190000
'15UF2',16401,50256,192900
'15UF2',16401,50256,195700
'15UF2',16401,50256,202500
'15UF2',16401,50256,205400
'15UF2',16401,50256,212400
'15UF2',16401,50256,215400
'15UF2',16401,50256,222400
'15UF2',16401,50256,225300
'15UF2',16401,50256,232500
'15UF2',16401,50256,235800
'15UF2',16401,50256,243200
'15UF2',16401,50256,250700
'15UI',16401,50256,55200
'15UI',16401,50256,63100
'15UI',16401,50256,70800
'15UI',16401,50256,74500
'15UI',16401,50256,82300
'15UI',16401,50256,90100
'15UI',16401,50256,93800
'15UI',16401,50256,101600
'15UI',16401,50256,104700
'15UI',16401,50256,111800
'15UI',16401,50256,114700
'15UI',16401,50256,121600
'15UI',16401,50256,124500
'15UI',16401,50256,131400
'15UI',16401,50256,134300
'15UI',16401,50256,141300
'15UI',16401,50256,144200
'15UI',16401,50256,151100
'15UI',16401,50256,153900
'15UI',16401,50256,160800
'15UI',16401,50256,163700
'15UI',16401,50256,170700
'15UI',16401,50256,173600
'15UI',16401,50256,180400
'15UI',16401,50256,183100
'15UI',16401,50256,190000
'15UI',16401,50256,192900
'15UI',16401,50256,195700
'15UI',16401,50256,202500
'15UI',16401,50256,205400
'15UI',16401,50256,212400
'15UI',16401,50256,215400
'15UI',16401,50256,222400
'15UI',16401,50256,225300
'15UI',16401,50256,232500
'15UI',16401,50256,235800
'15UI',16401,50256,243200
'15UI',16401,50256,250700
'15US',16401,50256,55200
'15US',16401,50256,62200
'15US',16401,50256,65400
'15US',16401,50256,71100
'15US',16401,50256,72700
'15US',16401,50256,74500
'15US',16401,50256,75900
'15US',16401,50256,81400
'15US',16401,50256,82900
'15US',16401,50256,84300
'15US',16401,50256,90200
'15US',16401,50256,92100
'15US',16401,50256,94400
'15US',16401,50256,100700
'15US',16401,50256,102800
'15US',16401,50256,104900
'15US',16401,50256,111000
'15US',16401,50256,113000
'15US',16401,50256,115100
'15US',16401,50256,121200
'15US',16401,50256,123200
'15US',16401,50256,130000
'15US',16401,50256,132800
'15US',16401,50256,135600
'15US',16401,50256,141800
'15US',16401,50256,144000
'15US',16401,50256,150200
'15US',16401,50256,151900
'15US',16401,50256,154500
'15US',16401,50256,161300
'15US',16401,50256,163900
'15US',16401,50256,170600
'15US',16401,50256,173600
'15US',16401,50256,180300
'15US',16401,50256,183000
'15US',16401,50256,185800
'15US',16401,50256,192700
'15US',16401,50256,195700
'15US',16401,50256,202700
'15US',16401,50256,205800
'15US',16401,50256,213200
'15US',16401,50256,220800
'15US',16401,50256,224200
'15US',16401,50256,231800
'15US',16401,50256,235500
'15US',16401,50256,243200
'15US',16401,50256,251200
