'14MI',10703,52176,52700
'14MI',10703,52176,55200
'14MI',10703,52176,61600
'14MI',10703,52176,64100
'14MI',10703,52176,70700
'14MI',10703,52176,73200
'14MI',10703,52176,75700
'14MI',10703,52176,82300
'14MI',10703,52176,85000
'14MI',10703,52176,91700
'14MI',10703,52176,94400
'14MI',10703,52176,101200
'14MI',10703,52176,103900
'14MI',10703,52176,110700
'14MI',10703,52176,113500
'14MI',10703,52176,120500
'14MI',10703,52176,123500
'14MI',10703,52176,130400
'14MI',10703,52176,133300
'14MI',10703,52176,140300
'14MI',10703,52176,143300
'14MI',10703,52176,150200
'14MI',10703,52176,153200
'14MI',10703,52176,160200
'14MI',10703,52176,163100
'14MI',10703,52176,170100
'14MI',10703,52176,173000
'14MI',10703,52176,175900
'14MI',10703,52176,182700
'14MI',10703,52176,185500
'14MI',10703,52176,192200
'14MI',10703,52176,194900
'14MI',10703,52176,201600
'14MI',10703,52176,204300
'14MI',10703,52176,211000
'14MI',10703,52176,213700
'14MI',10703,52176,220400
'14MI',10703,52176,223100
'14MI',10703,52176,225800
'14MI',10703,52176,232500
'14MI',10703,52176,235100
'14MI',10703,52176,241700
'14MI',10703,52176,244300
'14MI',10703,52176,251000
'14MI',10703,52275,52600
'14MI',10703,52275,55100
'14MI',10703,52275,61500
'14MI',10703,52275,64000
'14MI',10703,52275,70600
'14MI',10703,52275,73100
'14MI',10703,52275,75600
'14MI',10703,52275,82200
'14MI',10703,52275,84900
'14MI',10703,52275,91600
'14MI',10703,52275,94300
'14MI',10703,52275,101100
'14MI',10703,52275,103800
'14MI',10703,52275,110600
'14MI',10703,52275,113400
'14MI',10703,52275,120400
'14MI',10703,52275,123400
'14MI',10703,52275,130300
'14MI',10703,52275,133200
'14MI',10703,52275,140200
'14MI',10703,52275,143200
'14MI',10703,52275,150100
'14MI',10703,52275,153100
'14MI',10703,52275,160100
'14MI',10703,52275,163000
'14MI',10703,52275,170000
'14MI',10703,52275,172900
'14MI',10703,52275,175800
'14MI',10703,52275,182600
'14MI',10703,52275,185400
'14MI',10703,52275,192100
'14MI',10703,52275,194800
'14MI',10703,52275,201500
'14MI',10703,52275,204200
'14MI',10703,52275,210900
'14MI',10703,52275,213600
'14MI',10703,52275,220300
'14MI',10703,52275,223000
'14MI',10703,52275,225700
'14MI',10703,52275,232400
'14MI',10703,52275,235000
'14MI',10703,52275,241600
'14MI',10703,52275,244200
'14MI',10703,52275,250900
'14MI',10703,52336,52600
'14MI',10703,52336,55000
'14MI',10703,52336,61400
'14MI',10703,52336,63900
'14MI',10703,52336,70500
'14MI',10703,52336,73000
'14MI',10703,52336,75500
'14MI',10703,52336,82100
'14MI',10703,52336,84800
'14MI',10703,52336,91500
'14MI',10703,52336,94200
'14MI',10703,52336,101000
'14MI',10703,52336,103700
'14MI',10703,52336,110500
'14MI',10703,52336,113300
'14MI',10703,52336,120300
'14MI',10703,52336,123300
'14MI',10703,52336,130200
'14MI',10703,52336,133100
'14MI',10703,52336,140100
'14MI',10703,52336,143100
'14MI',10703,52336,150000
'14MI',10703,52336,153000
'14MI',10703,52336,160000
'14MI',10703,52336,162900
'14MI',10703,52336,165900
'14MI',10703,52336,172900
'14MI',10703,52336,175800
'14MI',10703,52336,182500
'14MI',10703,52336,185300
'14MI',10703,52336,192000
'14MI',10703,52336,194700
'14MI',10703,52336,201400
'14MI',10703,52336,204100
'14MI',10703,52336,210800
'14MI',10703,52336,213500
'14MI',10703,52336,220200
'14MI',10703,52336,222900
'14MI',10703,52336,225600
'14MI',10703,52336,232300
'14MI',10703,52336,234900
'14MI',10703,52336,241500
'14MI',10703,52336,244100
'14MI',10703,52336,250800
'14MI',10703,52397,52500
'14MI',10703,52397,54900
'14MI',10703,52397,61300
'14MI',10703,52397,63800
'14MI',10703,52397,70400
'14MI',10703,52397,72900
'14MI',10703,52397,75400
'14MI',10703,52397,82000
'14MI',10703,52397,84700
'14MI',10703,52397,91400
'14MI',10703,52397,94100
'14MI',10703,52397,100900
'14MI',10703,52397,103600
'14MI',10703,52397,110400
'14MI',10703,52397,113200
'14MI',10703,52397,120200
'14MI',10703,52397,123200
'14MI',10703,52397,130100
'14MI',10703,52397,133000
'14MI',10703,52397,140000
'14MI',10703,52397,143000
'14MI',10703,52397,145900
'14MI',10703,52397,152900
'14MI',10703,52397,155900
'14MI',10703,52397,162800
'14MI',10703,52397,165800
'14MI',10703,52397,172800
'14MI',10703,52397,175700
'14MI',10703,52397,182400
'14MI',10703,52397,185200
'14MI',10703,52397,191900
'14MI',10703,52397,194600
'14MI',10703,52397,201300
'14MI',10703,52397,204000
'14MI',10703,52397,210700
'14MI',10703,52397,213400
'14MI',10703,52397,220100
'14MI',10703,52397,222800
'14MI',10703,52397,225500
'14MI',10703,52397,232200
'14MI',10703,52397,234800
'14MI',10703,52397,241400
'14MI',10703,52397,244000
'14MI',10703,52397,250700
'14MI',10703,52460,51300
'14MI',10703,52460,53800
'14MI',10703,52460,60200
'14MI',10703,52460,62700
'14MI',10703,52460,65300
'14MI',10703,52460,71800
'14MI',10703,52460,74300
'14MI',10703,52460,80700
'14MI',10703,52460,83300
'14MI',10703,52460,90000
'14MI',10703,52460,92600
'14MI',10703,52460,95400
'14MI',10703,52460,102100
'14MI',10703,52460,104900
'14MI',10703,52460,111700
'14MI',10703,52460,114700
'14MI',10703,52460,121700
'14MI',10703,52460,124600
'14MI',10703,52460,131500
'14MI',10703,52460,134500
'14MI',10703,52460,141500
'14MI',10703,52460,144400
'14MI',10703,52460,151400
'14MI',10703,52460,154400
'14MI',10703,52460,161300
'14MI',10703,52460,164300
'14MI',10703,52460,171300
'14MI',10703,52460,174200
'14MI',10703,52460,181000
'14MI',10703,52460,183800
'14MI',10703,52460,190500
'14MI',10703,52460,193200
'14MI',10703,52460,195900
'14MI',10703,52460,202600
'14MI',10703,52460,205300
'14MI',10703,52460,212000
'14MI',10703,52460,214700
'14MI',10703,52460,221400
'14MI',10703,52460,224100
'14MI',10703,52460,230800
'14MI',10703,52460,233600
'14MI',10703,52460,240200
'14MI',10703,52460,242800
'14MI',10703,52460,245500
'14MI',10703,52482,52400
'14MI',10703,52482,54800
'14MI',10703,52482,61200
'14MI',10703,52482,63700
'14MI',10703,52482,70300
'14MI',10703,52482,72800
'14MI',10703,52482,75300
'14MI',10703,52482,81900
'14MI',10703,52482,84600
'14MI',10703,52482,91300
'14MI',10703,52482,94000
'14MI',10703,52482,100800
'14MI',10703,52482,103500
'14MI',10703,52482,110300
'14MI',10703,52482,113100
'14MI',10703,52482,120100
'14MI',10703,52482,123100
'14MI',10703,52482,130000
'14MI',10703,52482,132900
'14MI',10703,52482,135900
'14MI',10703,52482,142900
'14MI',10703,52482,145800
'14MI',10703,52482,152800
'14MI',10703,52482,155800
'14MI',10703,52482,162700
'14MI',10703,52482,165700
'14MI',10703,52482,172700
'14MI',10703,52482,175600
'14MI',10703,52482,182300
'14MI',10703,52482,185100
'14MI',10703,52482,191800
'14MI',10703,52482,194500
'14MI',10703,52482,201200
'14MI',10703,52482,203900
'14MI',10703,52482,210600
'14MI',10703,52482,213300
'14MI',10703,52482,220000
'14MI',10703,52482,222700
'14MI',10703,52482,225400
'14MI',10703,52482,232100
'14MI',10703,52482,234700
'14MI',10703,52482,241300
'14MI',10703,52482,243900
'14MI',10703,52482,250600
'14MI',10703,52505,51300
'14MI',10703,52505,53800
'14MI',10703,52505,60200
'14MI',10703,52505,62700
'14MI',10703,52505,65300
'14MI',10703,52505,71800
'14MI',10703,52505,74300
'14MI',10703,52505,80700
'14MI',10703,52505,83300
'14MI',10703,52505,90000
'14MI',10703,52505,92600
'14MI',10703,52505,95400
'14MI',10703,52505,102100
'14MI',10703,52505,104900
'14MI',10703,52505,111700
'14MI',10703,52505,114700
'14MI',10703,52505,121700
'14MI',10703,52505,124600
'14MI',10703,52505,131500
'14MI',10703,52505,134500
'14MI',10703,52505,141500
'14MI',10703,52505,144400
'14MI',10703,52505,151400
'14MI',10703,52505,154400
'14MI',10703,52505,161300
'14MI',10703,52505,164300
'14MI',10703,52505,171300
'14MI',10703,52505,174200
'14MI',10703,52505,181000
'14MI',10703,52505,183800
'14MI',10703,52505,190500
'14MI',10703,52505,193200
'14MI',10703,52505,195900
'14MI',10703,52505,202600
'14MI',10703,52505,205300
'14MI',10703,52505,212000
'14MI',10703,52505,214700
'14MI',10703,52505,221400
'14MI',10703,52505,224100
'14MI',10703,52505,230800
'14MI',10703,52505,233600
'14MI',10703,52505,240200
'14MI',10703,52505,242800
'14MI',10703,52505,245500
'14MI',10703,52547,51400
'14MI',10703,52547,53900
'14MI',10703,52547,60300
'14MI',10703,52547,62800
'14MI',10703,52547,65400
'14MI',10703,52547,71900
'14MI',10703,52547,74400
'14MI',10703,52547,80800
'14MI',10703,52547,83400
'14MI',10703,52547,90100
'14MI',10703,52547,92700
'14MI',10703,52547,95500
'14MI',10703,52547,102200
'14MI',10703,52547,105000
'14MI',10703,52547,111800
'14MI',10703,52547,114800
'14MI',10703,52547,121800
'14MI',10703,52547,124700
'14MI',10703,52547,131600
'14MI',10703,52547,134600
'14MI',10703,52547,141600
'14MI',10703,52547,144500
'14MI',10703,52547,151500
'14MI',10703,52547,154500
'14MI',10703,52547,161400
'14MI',10703,52547,164400
'14MI',10703,52547,171400
'14MI',10703,52547,174300
'14MI',10703,52547,181100
'14MI',10703,52547,183900
'14MI',10703,52547,190600
'14MI',10703,52547,193300
'14MI',10703,52547,200000
'14MI',10703,52547,202700
'14MI',10703,52547,205400
'14MI',10703,52547,212100
'14MI',10703,52547,214800
'14MI',10703,52547,221500
'14MI',10703,52547,224200
'14MI',10703,52547,230900
'14MI',10703,52547,233700
'14MI',10703,52547,240300
'14MI',10703,52547,242900
'14MI',10703,52547,245600
'14MI',10703,52550,52300
'14MI',10703,52550,54800
'14MI',10703,52550,61200
'14MI',10703,52550,63700
'14MI',10703,52550,70300
'14MI',10703,52550,72800
'14MI',10703,52550,75300
'14MI',10703,52550,81900
'14MI',10703,52550,84600
'14MI',10703,52550,91300
'14MI',10703,52550,94000
'14MI',10703,52550,100800
'14MI',10703,52550,103500
'14MI',10703,52550,110300
'14MI',10703,52550,113100
'14MI',10703,52550,120100
'14MI',10703,52550,123100
'14MI',10703,52550,130000
'14MI',10703,52550,132900
'14MI',10703,52550,135900
'14MI',10703,52550,142900
'14MI',10703,52550,145800
'14MI',10703,52550,152800
'14MI',10703,52550,155800
'14MI',10703,52550,162700
'14MI',10703,52550,165700
'14MI',10703,52550,172600
'14MI',10703,52550,175500
'14MI',10703,52550,182300
'14MI',10703,52550,185100
'14MI',10703,52550,191800
'14MI',10703,52550,194500
'14MI',10703,52550,201200
'14MI',10703,52550,203900
'14MI',10703,52550,210600
'14MI',10703,52550,213300
'14MI',10703,52550,220000
'14MI',10703,52550,222700
'14MI',10703,52550,225400
'14MI',10703,52550,232100
'14MI',10703,52550,234700
'14MI',10703,52550,241300
'14MI',10703,52550,243900
'14MI',10703,52550,250600
'14MI',10703,52617,52200
'14MI',10703,52617,54700
'14MI',10703,52617,61100
'14MI',10703,52617,63600
'14MI',10703,52617,70200
'14MI',10703,52617,72700
'14MI',10703,52617,75200
'14MI',10703,52617,81800
'14MI',10703,52617,84500
'14MI',10703,52617,91200
'14MI',10703,52617,93900
'14MI',10703,52617,100700
'14MI',10703,52617,103400
'14MI',10703,52617,110200
'14MI',10703,52617,113000
'14MI',10703,52617,120000
'14MI',10703,52617,123000
'14MI',10703,52617,125900
'14MI',10703,52617,132800
'14MI',10703,52617,135800
'14MI',10703,52617,142800
'14MI',10703,52617,145700
'14MI',10703,52617,152700
'14MI',10703,52617,155700
'14MI',10703,52617,162600
'14MI',10703,52617,165600
'14MI',10703,52617,172500
'14MI',10703,52617,175400
'14MI',10703,52617,182200
'14MI',10703,52617,185000
'14MI',10703,52617,191700
'14MI',10703,52617,194400
'14MI',10703,52617,201100
'14MI',10703,52617,203800
'14MI',10703,52617,210500
'14MI',10703,52617,213200
'14MI',10703,52617,215900
'14MI',10703,52617,222600
'14MI',10703,52617,225300
'14MI',10703,52617,232000
'14MI',10703,52617,234600
'14MI',10703,52617,241200
'14MI',10703,52617,243800
'14MI',10703,52617,250500
'14MI',10703,52624,51500
'14MI',10703,52624,54000
'14MI',10703,52624,60400
'14MI',10703,52624,62900
'14MI',10703,52624,65500
'14MI',10703,52624,72000
'14MI',10703,52624,74500
'14MI',10703,52624,80900
'14MI',10703,52624,83500
'14MI',10703,52624,90200
'14MI',10703,52624,92800
'14MI',10703,52624,95600
'14MI',10703,52624,102300
'14MI',10703,52624,105100
'14MI',10703,52624,111900
'14MI',10703,52624,114900
'14MI',10703,52624,121900
'14MI',10703,52624,124800
'14MI',10703,52624,131700
'14MI',10703,52624,134700
'14MI',10703,52624,141700
'14MI',10703,52624,144600
'14MI',10703,52624,151600
'14MI',10703,52624,154600
'14MI',10703,52624,161500
'14MI',10703,52624,164500
'14MI',10703,52624,171500
'14MI',10703,52624,174400
'14MI',10703,52624,181200
'14MI',10703,52624,184000
'14MI',10703,52624,190700
'14MI',10703,52624,193400
'14MI',10703,52624,200100
'14MI',10703,52624,202800
'14MI',10703,52624,205500
'14MI',10703,52624,212200
'14MI',10703,52624,214900
'14MI',10703,52624,221600
'14MI',10703,52624,224300
'14MI',10703,52624,231000
'14MI',10703,52624,233800
'14MI',10703,52624,240400
'14MI',10703,52624,243000
'14MI',10703,52624,245700
'14MI',10703,52659,52200
'14MI',10703,52659,54700
'14MI',10703,52659,61100
'14MI',10703,52659,63600
'14MI',10703,52659,70200
'14MI',10703,52659,72700
'14MI',10703,52659,75200
'14MI',10703,52659,81800
'14MI',10703,52659,84500
'14MI',10703,52659,91200
'14MI',10703,52659,93800
'14MI',10703,52659,100600
'14MI',10703,52659,103300
'14MI',10703,52659,110100
'14MI',10703,52659,112900
'14MI',10703,52659,115900
'14MI',10703,52659,122900
'14MI',10703,52659,125800
'14MI',10703,52659,132700
'14MI',10703,52659,135700
'14MI',10703,52659,142700
'14MI',10703,52659,145600
'14MI',10703,52659,152600
'14MI',10703,52659,155600
'14MI',10703,52659,162500
'14MI',10703,52659,165500
'14MI',10703,52659,172500
'14MI',10703,52659,175400
'14MI',10703,52659,182200
'14MI',10703,52659,185000
'14MI',10703,52659,191700
'14MI',10703,52659,194400
'14MI',10703,52659,201100
'14MI',10703,52659,203800
'14MI',10703,52659,210500
'14MI',10703,52659,213200
'14MI',10703,52659,215900
'14MI',10703,52659,222600
'14MI',10703,52659,225300
'14MI',10703,52659,232000
'14MI',10703,52659,234600
'14MI',10703,52659,241200
'14MI',10703,52659,243800
'14MI',10703,52659,250500
'14MI',10703,52717,51600
'14MI',10703,52717,54100
'14MI',10703,52717,60500
'14MI',10703,52717,63000
'14MI',10703,52717,65600
'14MI',10703,52717,72100
'14MI',10703,52717,74600
'14MI',10703,52717,81000
'14MI',10703,52717,83600
'14MI',10703,52717,90300
'14MI',10703,52717,92900
'14MI',10703,52717,95700
'14MI',10703,52717,102400
'14MI',10703,52717,105200
'14MI',10703,52717,112000
'14MI',10703,52717,115000
'14MI',10703,52717,122000
'14MI',10703,52717,124900
'14MI',10703,52717,131800
'14MI',10703,52717,134800
'14MI',10703,52717,141800
'14MI',10703,52717,144700
'14MI',10703,52717,151700
'14MI',10703,52717,154700
'14MI',10703,52717,161600
'14MI',10703,52717,164600
'14MI',10703,52717,171600
'14MI',10703,52717,174500
'14MI',10703,52717,181300
'14MI',10703,52717,184100
'14MI',10703,52717,190800
'14MI',10703,52717,193500
'14MI',10703,52717,200200
'14MI',10703,52717,202900
'14MI',10703,52717,205600
'14MI',10703,52717,212300
'14MI',10703,52717,215000
'14MI',10703,52717,221700
'14MI',10703,52717,224400
'14MI',10703,52717,231100
'14MI',10703,52717,233900
'14MI',10703,52717,240500
'14MI',10703,52717,243100
'14MI',10703,52717,245800
'14MI',10703,52743,52100
'14MI',10703,52743,54600
'14MI',10703,52743,61000
'14MI',10703,52743,63500
'14MI',10703,52743,70100
'14MI',10703,52743,72600
'14MI',10703,52743,75100
'14MI',10703,52743,81700
'14MI',10703,52743,84400
'14MI',10703,52743,91100
'14MI',10703,52743,93700
'14MI',10703,52743,100500
'14MI',10703,52743,103200
'14MI',10703,52743,110000
'14MI',10703,52743,112800
'14MI',10703,52743,115800
'14MI',10703,52743,122800
'14MI',10703,52743,125700
'14MI',10703,52743,132600
'14MI',10703,52743,135600
'14MI',10703,52743,142600
'14MI',10703,52743,145500
'14MI',10703,52743,152500
'14MI',10703,52743,155500
'14MI',10703,52743,162400
'14MI',10703,52743,165400
'14MI',10703,52743,172400
'14MI',10703,52743,175300
'14MI',10703,52743,182100
'14MI',10703,52743,184900
'14MI',10703,52743,191600
'14MI',10703,52743,194300
'14MI',10703,52743,201000
'14MI',10703,52743,203700
'14MI',10703,52743,210400
'14MI',10703,52743,213100
'14MI',10703,52743,215800
'14MI',10703,52743,222500
'14MI',10703,52743,225200
'14MI',10703,52743,231900
'14MI',10703,52743,234500
'14MI',10703,52743,241100
'14MI',10703,52743,243700
'14MI',10703,52743,250400
'14MI',10703,52798,51600
'14MI',10703,52798,54100
'14MI',10703,52798,60500
'14MI',10703,52798,63000
'14MI',10703,52798,65600
'14MI',10703,52798,72100
'14MI',10703,52798,74600
'14MI',10703,52798,81100
'14MI',10703,52798,83700
'14MI',10703,52798,90400
'14MI',10703,52798,93000
'14MI',10703,52798,95800
'14MI',10703,52798,102500
'14MI',10703,52798,105300
'14MI',10703,52798,112100
'14MI',10703,52798,115100
'14MI',10703,52798,122100
'14MI',10703,52798,125000
'14MI',10703,52798,131900
'14MI',10703,52798,134900
'14MI',10703,52798,141900
'14MI',10703,52798,144800
'14MI',10703,52798,151800
'14MI',10703,52798,154800
'14MI',10703,52798,161700
'14MI',10703,52798,164700
'14MI',10703,52798,171700
'14MI',10703,52798,174600
'14MI',10703,52798,181400
'14MI',10703,52798,184200
'14MI',10703,52798,190900
'14MI',10703,52798,193600
'14MI',10703,52798,200300
'14MI',10703,52798,203000
'14MI',10703,52798,205700
'14MI',10703,52798,212400
'14MI',10703,52798,215100
'14MI',10703,52798,221800
'14MI',10703,52798,224500
'14MI',10703,52798,231200
'14MI',10703,52798,234000
'14MI',10703,52798,240600
'14MI',10703,52798,243200
'14MI',10703,52798,245900
'14MI',10703,52913,51900
'14MI',10703,52913,54400
'14MI',10703,52913,60800
'14MI',10703,52913,63300
'14MI',10703,52913,65900
'14MI',10703,52913,72400
'14MI',10703,52913,74900
'14MI',10703,52913,81500
'14MI',10703,52913,84100
'14MI',10703,52913,90800
'14MI',10703,52913,93400
'14MI',10703,52913,100200
'14MI',10703,52913,102900
'14MI',10703,52913,105700
'14MI',10703,52913,112500
'14MI',10703,52913,115500
'14MI',10703,52913,122500
'14MI',10703,52913,125400
'14MI',10703,52913,132300
'14MI',10703,52913,135300
'14MI',10703,52913,142300
'14MI',10703,52913,145200
'14MI',10703,52913,152200
'14MI',10703,52913,155200
'14MI',10703,52913,162100
'14MI',10703,52913,165100
'14MI',10703,52913,172100
'14MI',10703,52913,175000
'14MI',10703,52913,181800
'14MI',10703,52913,184600
'14MI',10703,52913,191300
'14MI',10703,52913,194000
'14MI',10703,52913,200700
'14MI',10703,52913,203400
'14MI',10703,52913,210100
'14MI',10703,52913,212800
'14MI',10703,52913,215500
'14MI',10703,52913,222200
'14MI',10703,52913,224900
'14MI',10703,52913,231600
'14MI',10703,52913,234300
'14MI',10703,52913,240900
'14MI',10703,52913,243500
'14MI',10703,52913,250200
'14MI',10703,52921,52000
'14MI',10703,52921,54500
'14MI',10703,52921,60900
'14MI',10703,52921,63400
'14MI',10703,52921,70000
'14MI',10703,52921,72500
'14MI',10703,52921,75000
'14MI',10703,52921,81500
'14MI',10703,52921,84200
'14MI',10703,52921,90900
'14MI',10703,52921,93500
'14MI',10703,52921,100300
'14MI',10703,52921,103000
'14MI',10703,52921,105800
'14MI',10703,52921,112600
'14MI',10703,52921,115600
'14MI',10703,52921,122600
'14MI',10703,52921,125500
'14MI',10703,52921,132400
'14MI',10703,52921,135400
'14MI',10703,52921,142400
'14MI',10703,52921,145300
'14MI',10703,52921,152300
'14MI',10703,52921,155300
'14MI',10703,52921,162200
'14MI',10703,52921,165200
'14MI',10703,52921,172200
'14MI',10703,52921,175100
'14MI',10703,52921,181900
'14MI',10703,52921,184700
'14MI',10703,52921,191400
'14MI',10703,52921,194100
'14MI',10703,52921,200800
'14MI',10703,52921,203500
'14MI',10703,52921,210200
'14MI',10703,52921,212900
'14MI',10703,52921,215600
'14MI',10703,52921,222300
'14MI',10703,52921,225000
'14MI',10703,52921,231700
'14MI',10703,52921,234300
'14MI',10703,52921,240900
'14MI',10703,52921,243500
'14MI',10703,52921,250200
'14MI',10703,52926,51900
'14MI',10703,52926,54400
'14MI',10703,52926,60800
'14MI',10703,52926,63300
'14MI',10703,52926,65900
'14MI',10703,52926,72400
'14MI',10703,52926,74900
'14MI',10703,52926,81400
'14MI',10703,52926,84100
'14MI',10703,52926,90800
'14MI',10703,52926,93400
'14MI',10703,52926,100200
'14MI',10703,52926,102900
'14MI',10703,52926,105700
'14MI',10703,52926,112500
'14MI',10703,52926,115500
'14MI',10703,52926,122500
'14MI',10703,52926,125400
'14MI',10703,52926,132300
'14MI',10703,52926,135300
'14MI',10703,52926,142300
'14MI',10703,52926,145200
'14MI',10703,52926,152200
'14MI',10703,52926,155200
'14MI',10703,52926,162100
'14MI',10703,52926,165100
'14MI',10703,52926,172100
'14MI',10703,52926,175000
'14MI',10703,52926,181800
'14MI',10703,52926,184600
'14MI',10703,52926,191300
'14MI',10703,52926,194000
'14MI',10703,52926,200700
'14MI',10703,52926,203400
'14MI',10703,52926,210100
'14MI',10703,52926,212800
'14MI',10703,52926,215500
'14MI',10703,52926,222200
'14MI',10703,52926,224900
'14MI',10703,52926,231600
'14MI',10703,52926,234200
'14MI',10703,52926,240800
'14MI',10703,52926,243400
'14MI',10703,52926,250100
'14MI',10703,53676,51700
'14MI',10703,53676,54200
'14MI',10703,53676,60600
'14MI',10703,53676,63100
'14MI',10703,53676,65700
'14MI',10703,53676,72200
'14MI',10703,53676,74700
'14MI',10703,53676,81200
'14MI',10703,53676,83800
'14MI',10703,53676,90500
'14MI',10703,53676,93100
'14MI',10703,53676,95900
'14MI',10703,53676,102600
'14MI',10703,53676,105400
'14MI',10703,53676,112200
'14MI',10703,53676,115200
'14MI',10703,53676,122200
'14MI',10703,53676,125100
'14MI',10703,53676,132000
'14MI',10703,53676,135000
'14MI',10703,53676,142000
'14MI',10703,53676,144900
'14MI',10703,53676,151900
'14MI',10703,53676,154900
'14MI',10703,53676,161800
'14MI',10703,53676,164800
'14MI',10703,53676,171800
'14MI',10703,53676,174700
'14MI',10703,53676,181500
'14MI',10703,53676,184300
'14MI',10703,53676,191000
'14MI',10703,53676,193700
'14MI',10703,53676,200400
'14MI',10703,53676,203100
'14MI',10703,53676,205800
'14MI',10703,53676,212500
'14MI',10703,53676,215200
'14MI',10703,53676,221900
'14MI',10703,53676,224600
'14MI',10703,53676,231300
'14MI',10703,53676,234000
'14MI',10703,53676,240600
'14MI',10703,53676,243200
'14MI',10703,53676,245900
'14MI',10703,53843,52900
'14MI',10703,53843,55300
'14MI',10703,53843,61700
'14MI',10703,53843,64200
'14MI',10703,53843,70800
'14MI',10703,53843,73300
'14MI',10703,53843,75800
'14MI',10703,53843,82400
'14MI',10703,53843,85100
'14MI',10703,53843,91800
'14MI',10703,53843,94500
'14MI',10703,53843,101300
'14MI',10703,53843,104000
'14MI',10703,53843,110800
'14MI',10703,53843,113600
'14MI',10703,53843,120600
'14MI',10703,53843,123600
'14MI',10703,53843,130500
'14MI',10703,53843,133400
'14MI',10703,53843,140400
'14MI',10703,53843,143400
'14MI',10703,53843,150300
'14MI',10703,53843,153300
'14MI',10703,53843,160300
'14MI',10703,53843,163200
'14MI',10703,53843,170200
'14MI',10703,53843,173200
'14MI',10703,53843,180100
'14MI',10703,53843,182800
'14MI',10703,53843,185600
'14MI',10703,53843,192300
'14MI',10703,53843,195000
'14MI',10703,53843,201700
'14MI',10703,53843,204400
'14MI',10703,53843,211100
'14MI',10703,53843,213800
'14MI',10703,53843,220500
'14MI',10703,53843,223200
'14MI',10703,53843,225900
'14MI',10703,53843,232600
'14MI',10703,53843,235200
'14MI',10703,53843,241800
'14MI',10703,53843,244400
'14MI',10703,53843,251100
'14MI',10703,53872,52000
'14MI',10703,53872,54500
'14MI',10703,53872,60900
'14MI',10703,53872,63400
'14MI',10703,53872,70000
'14MI',10703,53872,72500
'14MI',10703,53872,75000
'14MI',10703,53872,81600
'14MI',10703,53872,84300
'14MI',10703,53872,91000
'14MI',10703,53872,93600
'14MI',10703,53872,100400
'14MI',10703,53872,103100
'14MI',10703,53872,105900
'14MI',10703,53872,112700
'14MI',10703,53872,115700
'14MI',10703,53872,122700
'14MI',10703,53872,125600
'14MI',10703,53872,132500
'14MI',10703,53872,135500
'14MI',10703,53872,142500
'14MI',10703,53872,145400
'14MI',10703,53872,152400
'14MI',10703,53872,155400
'14MI',10703,53872,162300
'14MI',10703,53872,165300
'14MI',10703,53872,172300
'14MI',10703,53872,175200
'14MI',10703,53872,182000
'14MI',10703,53872,184800
'14MI',10703,53872,191500
'14MI',10703,53872,194200
'14MI',10703,53872,200900
'14MI',10703,53872,203600
'14MI',10703,53872,210300
'14MI',10703,53872,213000
'14MI',10703,53872,215700
'14MI',10703,53872,222400
'14MI',10703,53872,225100
'14MI',10703,53872,231800
'14MI',10703,53872,234400
'14MI',10703,53872,241000
'14MI',10703,53872,243600
'14MI',10703,53872,250300
'14MI',10703,54103,51800
'14MI',10703,54103,54300
'14MI',10703,54103,60700
'14MI',10703,54103,63200
'14MI',10703,54103,65800
'14MI',10703,54103,72300
'14MI',10703,54103,74800
'14MI',10703,54103,81300
'14MI',10703,54103,83900
'14MI',10703,54103,90600
'14MI',10703,54103,93200
'14MI',10703,54103,100000
'14MI',10703,54103,102700
'14MI',10703,54103,105500
'14MI',10703,54103,112300
'14MI',10703,54103,115300
'14MI',10703,54103,122300
'14MI',10703,54103,125200
'14MI',10703,54103,132100
'14MI',10703,54103,135100
'14MI',10703,54103,142100
'14MI',10703,54103,145000
'14MI',10703,54103,152000
'14MI',10703,54103,155000
'14MI',10703,54103,161900
'14MI',10703,54103,164900
'14MI',10703,54103,171900
'14MI',10703,54103,174800
'14MI',10703,54103,181600
'14MI',10703,54103,184400
'14MI',10703,54103,191100
'14MI',10703,54103,193800
'14MI',10703,54103,200500
'14MI',10703,54103,203200
'14MI',10703,54103,205900
'14MI',10703,54103,212600
'14MI',10703,54103,215300
'14MI',10703,54103,222000
'14MI',10703,54103,224700
'14MI',10703,54103,231400
'14MI',10703,54103,234100
'14MI',10703,54103,240700
'14MI',10703,54103,243300
'14MI',10703,54103,250000
'14MI',10703,54346,53000
'14MI',10703,54346,55400
'14MI',10703,54346,61800
'14MI',10703,54346,64300
'14MI',10703,54346,70900
'14MI',10703,54346,73400
'14MI',10703,54346,75900
'14MI',10703,54346,82500
'14MI',10703,54346,85200
'14MI',10703,54346,91900
'14MI',10703,54346,94700
'14MI',10703,54346,101500
'14MI',10703,54346,104200
'14MI',10703,54346,111000
'14MI',10703,54346,113800
'14MI',10703,54346,120800
'14MI',10703,54346,123800
'14MI',10703,54346,130700
'14MI',10703,54346,133600
'14MI',10703,54346,140600
'14MI',10703,54346,143600
'14MI',10703,54346,150500
'14MI',10703,54346,153500
'14MI',10703,54346,160500
'14MI',10703,54346,163400
'14MI',10703,54346,170400
'14MI',10703,54346,173300
'14MI',10703,54346,180200
'14MI',10703,54346,182900
'14MI',10703,54346,185700
'14MI',10703,54346,192400
'14MI',10703,54346,195100
'14MI',10703,54346,201800
'14MI',10703,54346,204500
'14MI',10703,54346,211200
'14MI',10703,54346,213900
'14MI',10703,54346,220600
'14MI',10703,54346,223300
'14MI',10703,54346,230000
'14MI',10703,54346,232700
'14MI',10703,54346,235300
'14MI',10703,54346,241900
'14MI',10703,54346,244500
'14MI',10703,54346,251200
'14MI',10703,56552,50000
'14MI',10703,56552,52500
'14MI',10703,56552,54900
'14MI',10703,56552,61400
'14MI',10703,56552,64000
'14MI',10703,56552,70500
'14MI',10703,56552,73000
'14MI',10703,56552,75400
'14MI',10703,56552,82000
'14MI',10703,56552,84600
'14MI',10703,56552,91200
'14MI',10703,56552,93900
'14MI',10703,56552,100600
'14MI',10703,56552,103400
'14MI',10703,56552,110200
'14MI',10703,56552,113200
'14MI',10703,56552,120200
'14MI',10703,56552,123100
'14MI',10703,56552,130000
'14MI',10703,56552,133000
'14MI',10703,56552,140000
'14MI',10703,56552,142900
'14MI',10703,56552,145900
'14MI',10703,56552,152900
'14MI',10703,56552,155800
'14MI',10703,56552,162800
'14MI',10703,56552,165800
'14MI',10703,56552,172800
'14MI',10703,56552,175600
'14MI',10703,56552,182400
'14MI',10703,56552,185100
'14MI',10703,56552,191800
'14MI',10703,56552,194500
'14MI',10703,56552,201200
'14MI',10703,56552,203900
'14MI',10703,56552,210600
'14MI',10703,56552,213300
'14MI',10703,56552,220000
'14MI',10703,56552,222700
'14MI',10703,56552,225400
'14MI',10703,56552,232200
'14MI',10703,56552,234900
'14MI',10703,56552,241600
'14MI',10703,56552,244300
'14MI',10703,56566,50100
'14MI',10703,56566,52600
'14MI',10703,56566,55000
'14MI',10703,56566,61500
'14MI',10703,56566,64100
'14MI',10703,56566,70600
'14MI',10703,56566,73100
'14MI',10703,56566,75500
'14MI',10703,56566,82100
'14MI',10703,56566,84700
'14MI',10703,56566,91300
'14MI',10703,56566,94000
'14MI',10703,56566,100700
'14MI',10703,56566,103500
'14MI',10703,56566,110300
'14MI',10703,56566,113300
'14MI',10703,56566,120300
'14MI',10703,56566,123200
'14MI',10703,56566,130100
'14MI',10703,56566,133100
'14MI',10703,56566,140100
'14MI',10703,56566,143000
'14MI',10703,56566,150000
'14MI',10703,56566,153000
'14MI',10703,56566,155900
'14MI',10703,56566,162900
'14MI',10703,56566,165900
'14MI',10703,56566,172900
'14MI',10703,56566,175700
'14MI',10703,56566,182500
'14MI',10703,56566,185200
'14MI',10703,56566,191900
'14MI',10703,56566,194600
'14MI',10703,56566,201300
'14MI',10703,56566,204000
'14MI',10703,56566,210700
'14MI',10703,56566,213400
'14MI',10703,56566,220100
'14MI',10703,56566,222800
'14MI',10703,56566,225500
'14MI',10703,56566,232300
'14MI',10703,56566,235000
'14MI',10703,56566,241700
'14MI',10703,56566,244400
'14MI',10703,56573,50200
'14MI',10703,56573,52700
'14MI',10703,56573,55100
'14MI',10703,56573,61600
'14MI',10703,56573,64200
'14MI',10703,56573,70700
'14MI',10703,56573,73200
'14MI',10703,56573,75600
'14MI',10703,56573,82200
'14MI',10703,56573,84900
'14MI',10703,56573,91500
'14MI',10703,56573,94200
'14MI',10703,56573,100900
'14MI',10703,56573,103700
'14MI',10703,56573,110500
'14MI',10703,56573,113500
'14MI',10703,56573,120500
'14MI',10703,56573,123400
'14MI',10703,56573,130300
'14MI',10703,56573,133300
'14MI',10703,56573,140300
'14MI',10703,56573,143200
'14MI',10703,56573,150200
'14MI',10703,56573,153200
'14MI',10703,56573,160100
'14MI',10703,56573,163100
'14MI',10703,56573,170100
'14MI',10703,56573,173100
'14MI',10703,56573,175900
'14MI',10703,56573,182700
'14MI',10703,56573,185400
'14MI',10703,56573,192100
'14MI',10703,56573,194800
'14MI',10703,56573,201500
'14MI',10703,56573,204200
'14MI',10703,56573,210900
'14MI',10703,56573,213600
'14MI',10703,56573,220300
'14MI',10703,56573,223000
'14MI',10703,56573,225700
'14MI',10703,56573,232500
'14MI',10703,56573,235200
'14MI',10703,56573,241800
'14MI',10703,56573,244500
'14MI',10703,56577,50300
'14MI',10703,56577,52800
'14MI',10703,56577,55200
'14MI',10703,56577,61700
'14MI',10703,56577,64300
'14MI',10703,56577,70800
'14MI',10703,56577,73300
'14MI',10703,56577,75700
'14MI',10703,56577,82300
'14MI',10703,56577,84900
'14MI',10703,56577,91500
'14MI',10703,56577,94300
'14MI',10703,56577,101000
'14MI',10703,56577,103800
'14MI',10703,56577,110600
'14MI',10703,56577,113600
'14MI',10703,56577,120600
'14MI',10703,56577,123500
'14MI',10703,56577,130400
'14MI',10703,56577,133400
'14MI',10703,56577,140400
'14MI',10703,56577,143300
'14MI',10703,56577,150300
'14MI',10703,56577,153300
'14MI',10703,56577,160200
'14MI',10703,56577,163200
'14MI',10703,56577,170200
'14MI',10703,56577,173100
'14MI',10703,56577,175900
'14MI',10703,56577,182700
'14MI',10703,56577,185400
'14MI',10703,56577,192100
'14MI',10703,56577,194800
'14MI',10703,56577,201500
'14MI',10703,56577,204200
'14MI',10703,56577,210900
'14MI',10703,56577,213600
'14MI',10703,56577,220300
'14MI',10703,56577,223000
'14MI',10703,56577,225700
'14MI',10703,56577,232500
'14MI',10703,56577,235200
'14MI',10703,56577,241900
'14MI',10703,56577,244600
'14MI',10703,56580,50300
'14MI',10703,56580,52800
'14MI',10703,56580,55200
'14MI',10703,56580,61700
'14MI',10703,56580,64300
'14MI',10703,56580,70800
'14MI',10703,56580,73300
'14MI',10703,56580,75700
'14MI',10703,56580,82300
'14MI',10703,56580,85000
'14MI',10703,56580,91600
'14MI',10703,56580,94300
'14MI',10703,56580,101000
'14MI',10703,56580,103800
'14MI',10703,56580,110600
'14MI',10703,56580,113600
'14MI',10703,56580,120600
'14MI',10703,56580,123500
'14MI',10703,56580,130400
'14MI',10703,56580,133400
'14MI',10703,56580,140400
'14MI',10703,56580,143300
'14MI',10703,56580,150300
'14MI',10703,56580,153300
'14MI',10703,56580,160200
'14MI',10703,56580,163200
'14MI',10703,56580,170200
'14MI',10703,56580,173200
'14MI',10703,56580,180000
'14MI',10703,56580,182800
'14MI',10703,56580,185500
'14MI',10703,56580,192200
'14MI',10703,56580,194900
'14MI',10703,56580,201600
'14MI',10703,56580,204300
'14MI',10703,56580,211000
'14MI',10703,56580,213700
'14MI',10703,56580,220400
'14MI',10703,56580,223100
'14MI',10703,56580,225800
'14MI',10703,56580,232600
'14MI',10703,56580,235300
'14MI',10703,56580,241900
'14MI',10703,56580,244600
'14MI',10703,56583,50400
'14MI',10703,56583,52900
'14MI',10703,56583,55300
'14MI',10703,56583,61800
'14MI',10703,56583,64400
'14MI',10703,56583,70900
'14MI',10703,56583,73400
'14MI',10703,56583,75800
'14MI',10703,56583,82400
'14MI',10703,56583,85000
'14MI',10703,56583,91600
'14MI',10703,56583,94400
'14MI',10703,56583,101100
'14MI',10703,56583,103900
'14MI',10703,56583,110700
'14MI',10703,56583,113700
'14MI',10703,56583,120700
'14MI',10703,56583,123600
'14MI',10703,56583,130500
'14MI',10703,56583,133500
'14MI',10703,56583,140500
'14MI',10703,56583,143400
'14MI',10703,56583,150400
'14MI',10703,56583,153400
'14MI',10703,56583,160300
'14MI',10703,56583,163300
'14MI',10703,56583,170300
'14MI',10703,56583,173200
'14MI',10703,56583,180000
'14MI',10703,56583,182800
'14MI',10703,56583,185500
'14MI',10703,56583,192200
'14MI',10703,56583,194900
'14MI',10703,56583,201600
'14MI',10703,56583,204300
'14MI',10703,56583,211000
'14MI',10703,56583,213700
'14MI',10703,56583,220400
'14MI',10703,56583,223100
'14MI',10703,56583,225800
'14MI',10703,56583,232600
'14MI',10703,56583,235300
'14MI',10703,56583,242000
'14MI',10703,56583,244700
'14MI',10703,56584,50400
'14MI',10703,56584,52900
'14MI',10703,56584,55300
'14MI',10703,56584,61800
'14MI',10703,56584,64400
'14MI',10703,56584,70900
'14MI',10703,56584,73400
'14MI',10703,56584,75800
'14MI',10703,56584,82400
'14MI',10703,56584,85100
'14MI',10703,56584,91700
'14MI',10703,56584,94500
'14MI',10703,56584,101200
'14MI',10703,56584,104000
'14MI',10703,56584,110800
'14MI',10703,56584,113800
'14MI',10703,56584,120800
'14MI',10703,56584,123700
'14MI',10703,56584,130600
'14MI',10703,56584,133600
'14MI',10703,56584,140600
'14MI',10703,56584,143500
'14MI',10703,56584,150500
'14MI',10703,56584,153500
'14MI',10703,56584,160400
'14MI',10703,56584,163400
'14MI',10703,56584,170400
'14MI',10703,56584,173300
'14MI',10703,56584,180100
'14MI',10703,56584,182900
'14MI',10703,56584,185600
'14MI',10703,56584,192300
'14MI',10703,56584,195000
'14MI',10703,56584,201700
'14MI',10703,56584,204400
'14MI',10703,56584,211100
'14MI',10703,56584,213800
'14MI',10703,56584,220500
'14MI',10703,56584,223200
'14MI',10703,56584,225900
'14MI',10703,56584,232700
'14MI',10703,56584,235400
'14MI',10703,56584,242000
'14MI',10703,56584,244700
'14MI',10703,56587,50500
'14MI',10703,56587,53000
'14MI',10703,56587,55400
'14MI',10703,56587,61900
'14MI',10703,56587,64500
'14MI',10703,56587,71000
'14MI',10703,56587,73500
'14MI',10703,56587,75900
'14MI',10703,56587,82500
'14MI',10703,56587,85200
'14MI',10703,56587,91800
'14MI',10703,56587,94600
'14MI',10703,56587,101300
'14MI',10703,56587,104100
'14MI',10703,56587,110900
'14MI',10703,56587,113900
'14MI',10703,56587,120900
'14MI',10703,56587,123800
'14MI',10703,56587,130700
'14MI',10703,56587,133700
'14MI',10703,56587,140700
'14MI',10703,56587,143600
'14MI',10703,56587,150600
'14MI',10703,56587,153600
'14MI',10703,56587,160500
'14MI',10703,56587,163500
'14MI',10703,56587,170500
'14MI',10703,56587,173400
'14MI',10703,56587,180200
'14MI',10703,56587,183000
'14MI',10703,56587,185700
'14MI',10703,56587,192400
'14MI',10703,56587,195100
'14MI',10703,56587,201800
'14MI',10703,56587,204500
'14MI',10703,56587,211200
'14MI',10703,56587,213900
'14MI',10703,56587,220600
'14MI',10703,56587,223300
'14MI',10703,56587,230000
'14MI',10703,56587,232800
'14MI',10703,56587,235500
'14MI',10703,56587,242100
'14MI',10703,56587,244800
'14MI',10703,56590,50600
'14MI',10703,56590,53100
'14MI',10703,56590,55500
'14MI',10703,56590,62000
'14MI',10703,56590,64600
'14MI',10703,56590,71100
'14MI',10703,56590,73600
'14MI',10703,56590,80000
'14MI',10703,56590,82600
'14MI',10703,56590,85300
'14MI',10703,56590,91900
'14MI',10703,56590,94700
'14MI',10703,56590,101400
'14MI',10703,56590,104200
'14MI',10703,56590,111000
'14MI',10703,56590,114000
'14MI',10703,56590,121000
'14MI',10703,56590,123900
'14MI',10703,56590,130800
'14MI',10703,56590,133800
'14MI',10703,56590,140800
'14MI',10703,56590,143700
'14MI',10703,56590,150700
'14MI',10703,56590,153700
'14MI',10703,56590,160600
'14MI',10703,56590,163600
'14MI',10703,56590,170600
'14MI',10703,56590,173500
'14MI',10703,56590,180300
'14MI',10703,56590,183100
'14MI',10703,56590,185800
'14MI',10703,56590,192500
'14MI',10703,56590,195200
'14MI',10703,56590,201900
'14MI',10703,56590,204600
'14MI',10703,56590,211300
'14MI',10703,56590,214000
'14MI',10703,56590,220700
'14MI',10703,56590,223400
'14MI',10703,56590,230100
'14MI',10703,56590,232900
'14MI',10703,56590,235600
'14MI',10703,56590,242200
'14MI',10703,56590,244900
'14MI',10703,56593,50700
'14MI',10703,56593,53200
'14MI',10703,56593,55600
'14MI',10703,56593,62100
'14MI',10703,56593,64700
'14MI',10703,56593,71200
'14MI',10703,56593,73700
'14MI',10703,56593,80100
'14MI',10703,56593,82700
'14MI',10703,56593,85400
'14MI',10703,56593,92000
'14MI',10703,56593,94800
'14MI',10703,56593,101500
'14MI',10703,56593,104300
'14MI',10703,56593,111100
'14MI',10703,56593,114100
'14MI',10703,56593,121100
'14MI',10703,56593,124000
'14MI',10703,56593,130900
'14MI',10703,56593,133900
'14MI',10703,56593,140900
'14MI',10703,56593,143800
'14MI',10703,56593,150800
'14MI',10703,56593,153800
'14MI',10703,56593,160700
'14MI',10703,56593,163700
'14MI',10703,56593,170700
'14MI',10703,56593,173600
'14MI',10703,56593,180400
'14MI',10703,56593,183200
'14MI',10703,56593,185900
'14MI',10703,56593,192600
'14MI',10703,56593,195300
'14MI',10703,56593,202000
'14MI',10703,56593,204700
'14MI',10703,56593,211400
'14MI',10703,56593,214100
'14MI',10703,56593,220800
'14MI',10703,56593,223500
'14MI',10703,56593,230200
'14MI',10703,56593,233000
'14MI',10703,56593,235600
'14MI',10703,56593,242200
'14MI',10703,56593,244900
'14MI',10703,56595,50800
'14MI',10703,56595,53300
'14MI',10703,56595,55700
'14MI',10703,56595,62200
'14MI',10703,56595,64800
'14MI',10703,56595,71300
'14MI',10703,56595,73800
'14MI',10703,56595,80200
'14MI',10703,56595,82800
'14MI',10703,56595,85500
'14MI',10703,56595,92100
'14MI',10703,56595,94900
'14MI',10703,56595,101600
'14MI',10703,56595,104400
'14MI',10703,56595,111200
'14MI',10703,56595,114200
'14MI',10703,56595,121200
'14MI',10703,56595,124100
'14MI',10703,56595,131000
'14MI',10703,56595,134000
'14MI',10703,56595,141000
'14MI',10703,56595,143900
'14MI',10703,56595,150900
'14MI',10703,56595,153900
'14MI',10703,56595,160800
'14MI',10703,56595,163800
'14MI',10703,56595,170800
'14MI',10703,56595,173700
'14MI',10703,56595,180500
'14MI',10703,56595,183300
'14MI',10703,56595,190000
'14MI',10703,56595,192700
'14MI',10703,56595,195400
'14MI',10703,56595,202100
'14MI',10703,56595,204800
'14MI',10703,56595,211500
'14MI',10703,56595,214200
'14MI',10703,56595,220900
'14MI',10703,56595,223600
'14MI',10703,56595,230300
'14MI',10703,56595,233100
'14MI',10703,56595,235700
'14MI',10703,56595,242300
'14MI',10703,56595,245000
'14MI',10703,56597,50800
'14MI',10703,56597,53300
'14MI',10703,56597,55700
'14MI',10703,56597,62200
'14MI',10703,56597,64800
'14MI',10703,56597,71300
'14MI',10703,56597,73800
'14MI',10703,56597,80200
'14MI',10703,56597,82800
'14MI',10703,56597,85500
'14MI',10703,56597,92100
'14MI',10703,56597,94900
'14MI',10703,56597,101600
'14MI',10703,56597,104400
'14MI',10703,56597,111200
'14MI',10703,56597,114200
'14MI',10703,56597,121200
'14MI',10703,56597,124100
'14MI',10703,56597,131000
'14MI',10703,56597,134000
'14MI',10703,56597,141000
'14MI',10703,56597,143900
'14MI',10703,56597,150900
'14MI',10703,56597,153900
'14MI',10703,56597,160800
'14MI',10703,56597,163800
'14MI',10703,56597,170800
'14MI',10703,56597,173700
'14MI',10703,56597,180500
'14MI',10703,56597,183300
'14MI',10703,56597,190000
'14MI',10703,56597,192700
'14MI',10703,56597,195400
'14MI',10703,56597,202100
'14MI',10703,56597,204800
'14MI',10703,56597,211500
'14MI',10703,56597,214200
'14MI',10703,56597,220900
'14MI',10703,56597,223600
'14MI',10703,56597,230300
'14MI',10703,56597,233100
'14MI',10703,56597,235800
'14MI',10703,56597,242400
'14MI',10703,56597,245100
'14MI',10703,56600,50900
'14MI',10703,56600,53400
'14MI',10703,56600,55800
'14MI',10703,56600,62300
'14MI',10703,56600,64900
'14MI',10703,56600,71400
'14MI',10703,56600,73900
'14MI',10703,56600,80300
'14MI',10703,56600,82900
'14MI',10703,56600,85600
'14MI',10703,56600,92200
'14MI',10703,56600,95000
'14MI',10703,56600,101700
'14MI',10703,56600,104500
'14MI',10703,56600,111300
'14MI',10703,56600,114300
'14MI',10703,56600,121300
'14MI',10703,56600,124200
'14MI',10703,56600,131100
'14MI',10703,56600,134100
'14MI',10703,56600,141100
'14MI',10703,56600,144000
'14MI',10703,56600,151000
'14MI',10703,56600,154000
'14MI',10703,56600,160900
'14MI',10703,56600,163900
'14MI',10703,56600,170900
'14MI',10703,56600,173800
'14MI',10703,56600,180600
'14MI',10703,56600,183400
'14MI',10703,56600,190100
'14MI',10703,56600,192800
'14MI',10703,56600,195500
'14MI',10703,56600,202200
'14MI',10703,56600,204900
'14MI',10703,56600,211600
'14MI',10703,56600,214300
'14MI',10703,56600,221000
'14MI',10703,56600,223700
'14MI',10703,56600,230400
'14MI',10703,56600,233200
'14MI',10703,56600,235900
'14MI',10703,56600,242500
'14MI',10703,56600,245200
'14MI',10703,56603,51000
'14MI',10703,56603,53500
'14MI',10703,56603,55900
'14MI',10703,56603,62400
'14MI',10703,56603,65000
'14MI',10703,56603,71500
'14MI',10703,56603,74000
'14MI',10703,56603,80400
'14MI',10703,56603,83000
'14MI',10703,56603,85700
'14MI',10703,56603,92300
'14MI',10703,56603,95100
'14MI',10703,56603,101800
'14MI',10703,56603,104600
'14MI',10703,56603,111400
'14MI',10703,56603,114400
'14MI',10703,56603,121400
'14MI',10703,56603,124300
'14MI',10703,56603,131200
'14MI',10703,56603,134200
'14MI',10703,56603,141200
'14MI',10703,56603,144100
'14MI',10703,56603,151100
'14MI',10703,56603,154100
'14MI',10703,56603,161000
'14MI',10703,56603,164000
'14MI',10703,56603,171000
'14MI',10703,56603,173900
'14MI',10703,56603,180700
'14MI',10703,56603,183500
'14MI',10703,56603,190200
'14MI',10703,56603,192900
'14MI',10703,56603,195600
'14MI',10703,56603,202300
'14MI',10703,56603,205000
'14MI',10703,56603,211700
'14MI',10703,56603,214400
'14MI',10703,56603,221100
'14MI',10703,56603,223800
'14MI',10703,56603,230500
'14MI',10703,56603,233300
'14MI',10703,56603,235900
'14MI',10703,56603,242500
'14MI',10703,56603,245200
'14MI',10703,56605,51100
'14MI',10703,56605,53600
'14MI',10703,56605,60000
'14MI',10703,56605,62500
'14MI',10703,56605,65100
'14MI',10703,56605,71600
'14MI',10703,56605,74100
'14MI',10703,56605,80500
'14MI',10703,56605,83100
'14MI',10703,56605,85800
'14MI',10703,56605,92400
'14MI',10703,56605,95200
'14MI',10703,56605,101900
'14MI',10703,56605,104700
'14MI',10703,56605,111500
'14MI',10703,56605,114500
'14MI',10703,56605,121500
'14MI',10703,56605,124400
'14MI',10703,56605,131300
'14MI',10703,56605,134300
'14MI',10703,56605,141300
'14MI',10703,56605,144200
'14MI',10703,56605,151200
'14MI',10703,56605,154200
'14MI',10703,56605,161100
'14MI',10703,56605,164100
'14MI',10703,56605,171100
'14MI',10703,56605,174000
'14MI',10703,56605,180800
'14MI',10703,56605,183600
'14MI',10703,56605,190300
'14MI',10703,56605,193000
'14MI',10703,56605,195700
'14MI',10703,56605,202400
'14MI',10703,56605,205100
'14MI',10703,56605,211800
'14MI',10703,56605,214500
'14MI',10703,56605,221200
'14MI',10703,56605,223900
'14MI',10703,56605,230600
'14MI',10703,56605,233400
'14MI',10703,56605,240000
'14MI',10703,56605,242600
'14MI',10703,56605,245300
'14MI',10703,56607,51200
'14MI',10703,56607,53700
'14MI',10703,56607,60100
'14MI',10703,56607,62600
'14MI',10703,56607,65200
'14MI',10703,56607,71700
'14MI',10703,56607,74200
'14MI',10703,56607,80600
'14MI',10703,56607,83200
'14MI',10703,56607,85900
'14MI',10703,56607,92500
'14MI',10703,56607,95300
'14MI',10703,56607,102000
'14MI',10703,56607,104800
'14MI',10703,56607,111600
'14MI',10703,56607,114600
'14MI',10703,56607,121600
'14MI',10703,56607,124500
'14MI',10703,56607,131400
'14MI',10703,56607,134400
'14MI',10703,56607,141400
'14MI',10703,56607,144300
'14MI',10703,56607,151300
'14MI',10703,56607,154300
'14MI',10703,56607,161200
'14MI',10703,56607,164200
'14MI',10703,56607,171200
'14MI',10703,56607,174100
'14MI',10703,56607,180900
'14MI',10703,56607,183700
'14MI',10703,56607,190400
'14MI',10703,56607,193100
'14MI',10703,56607,195800
'14MI',10703,56607,202500
'14MI',10703,56607,205200
'14MI',10703,56607,211900
'14MI',10703,56607,214600
'14MI',10703,56607,221300
'14MI',10703,56607,224000
'14MI',10703,56607,230700
'14MI',10703,56607,233500
'14MI',10703,56607,240100
'14MI',10703,56607,242700
'14MI',10703,56607,245400
'14MI',10703,56685,50500
'14MI',10703,56685,53000
'14MI',10703,56685,55400
'14MI',10703,56685,61900
'14MI',10703,56685,64500
'14MI',10703,56685,71000
'14MI',10703,56685,73500
'14MI',10703,56685,75900
'14MI',10703,56685,82500
'14MI',10703,56685,85200
'14MI',10703,56685,91800
'14MI',10703,56685,94600
'14MI',10703,56685,101300
'14MI',10703,56685,104100
'14MI',10703,56685,110900
'14MI',10703,56685,113900
'14MI',10703,56685,120900
'14MI',10703,56685,123800
'14MI',10703,56685,130700
'14MI',10703,56685,133700
'14MI',10703,56685,140700
'14MI',10703,56685,143600
'14MI',10703,56685,150600
'14MI',10703,56685,153600
'14MI',10703,56685,160500
'14MI',10703,56685,163500
'14MI',10703,56685,170500
'14MI',10703,56685,173400
'14MI',10703,56685,180200
'14MI',10703,56685,183000
'14MI',10703,56685,185700
'14MI',10703,56685,192400
'14MI',10703,56685,195100
'14MI',10703,56685,201800
'14MI',10703,56685,204500
'14MI',10703,56685,211200
'14MI',10703,56685,213900
'14MI',10703,56685,220600
'14MI',10703,56685,223300
'14MI',10703,56685,230000
'14MI',10703,56685,232800
'14MI',10703,56685,235500
'14MI',10703,56685,242100
'14MI',10703,56685,244800
'14MI',10703,56693,50200
'14MI',10703,56693,52700
'14MI',10703,56693,55100
'14MI',10703,56693,61600
'14MI',10703,56693,64200
'14MI',10703,56693,70700
'14MI',10703,56693,73200
'14MI',10703,56693,75600
'14MI',10703,56693,82200
'14MI',10703,56693,84800
'14MI',10703,56693,91400
'14MI',10703,56693,94100
'14MI',10703,56693,100800
'14MI',10703,56693,103600
'14MI',10703,56693,110400
'14MI',10703,56693,113400
'14MI',10703,56693,120400
'14MI',10703,56693,123300
'14MI',10703,56693,130200
'14MI',10703,56693,133200
'14MI',10703,56693,140200
'14MI',10703,56693,143100
'14MI',10703,56693,150100
'14MI',10703,56693,153100
'14MI',10703,56693,160000
'14MI',10703,56693,163000
'14MI',10703,56693,170000
'14MI',10703,56693,173000
'14MI',10703,56693,175800
'14MI',10703,56693,182600
'14MI',10703,56693,185300
'14MI',10703,56693,192000
'14MI',10703,56693,194700
'14MI',10703,56693,201400
'14MI',10703,56693,204100
'14MI',10703,56693,210800
'14MI',10703,56693,213500
'14MI',10703,56693,220200
'14MI',10703,56693,222900
'14MI',10703,56693,225600
'14MI',10703,56693,232400
'14MI',10703,56693,235100
'14MI',10703,56693,241800
'14MI',10703,56693,244500
'14MI',10704,52106,53100
'14MI',10704,52106,55500
'14MI',10704,52106,61900
'14MI',10704,52106,64400
'14MI',10704,52106,71000
'14MI',10704,52106,73500
'14MI',10704,52106,80000
'14MI',10704,52106,82600
'14MI',10704,52106,85300
'14MI',10704,52106,92000
'14MI',10704,52106,94800
'14MI',10704,52106,101600
'14MI',10704,52106,104300
'14MI',10704,52106,111100
'14MI',10704,52106,113900
'14MI',10704,52106,120900
'14MI',10704,52106,123900
'14MI',10704,52106,130800
'14MI',10704,52106,133700
'14MI',10704,52106,140700
'14MI',10704,52106,143700
'14MI',10704,52106,150600
'14MI',10704,52106,153600
'14MI',10704,52106,160600
'14MI',10704,52106,163500
'14MI',10704,52106,170500
'14MI',10704,52106,173400
'14MI',10704,52106,180300
'14MI',10704,52106,183100
'14MI',10704,52106,185800
'14MI',10704,52106,192500
'14MI',10704,52106,195200
'14MI',10704,52106,201900
'14MI',10704,52106,204600
'14MI',10704,52106,211300
'14MI',10704,52106,214000
'14MI',10704,52106,220700
'14MI',10704,52106,223400
'14MI',10704,52106,230100
'14MI',10704,52106,232800
'14MI',10704,52106,235400
'14MI',10704,52106,242000
'14MI',10704,52106,244600
'14MI',10704,52106,251300
'14MI',10704,52177,53200
'14MI',10704,52177,55600
'14MI',10704,52177,62000
'14MI',10704,52177,64500
'14MI',10704,52177,71100
'14MI',10704,52177,73600
'14MI',10704,52177,80100
'14MI',10704,52177,82700
'14MI',10704,52177,85400
'14MI',10704,52177,92100
'14MI',10704,52177,94900
'14MI',10704,52177,101700
'14MI',10704,52177,104400
'14MI',10704,52177,111200
'14MI',10704,52177,114000
'14MI',10704,52177,121000
'14MI',10704,52177,124000
'14MI',10704,52177,130900
'14MI',10704,52177,133800
'14MI',10704,52177,140800
'14MI',10704,52177,143800
'14MI',10704,52177,150700
'14MI',10704,52177,153700
'14MI',10704,52177,160700
'14MI',10704,52177,163600
'14MI',10704,52177,170600
'14MI',10704,52177,173500
'14MI',10704,52177,180400
'14MI',10704,52177,183200
'14MI',10704,52177,185900
'14MI',10704,52177,192600
'14MI',10704,52177,195300
'14MI',10704,52177,202000
'14MI',10704,52177,204700
'14MI',10704,52177,211400
'14MI',10704,52177,214100
'14MI',10704,52177,220800
'14MI',10704,52177,223500
'14MI',10704,52177,230200
'14MI',10704,52177,232900
'14MI',10704,52177,235500
'14MI',10704,52177,242100
'14MI',10704,52177,244700
'14MI',10704,52177,251400
'14MI',10704,52276,53300
'14MI',10704,52276,55700
'14MI',10704,52276,62100
'14MI',10704,52276,64600
'14MI',10704,52276,71200
'14MI',10704,52276,73700
'14MI',10704,52276,80200
'14MI',10704,52276,82800
'14MI',10704,52276,85500
'14MI',10704,52276,92200
'14MI',10704,52276,95000
'14MI',10704,52276,101800
'14MI',10704,52276,104500
'14MI',10704,52276,111300
'14MI',10704,52276,114100
'14MI',10704,52276,121100
'14MI',10704,52276,124100
'14MI',10704,52276,131000
'14MI',10704,52276,133900
'14MI',10704,52276,140900
'14MI',10704,52276,143900
'14MI',10704,52276,150800
'14MI',10704,52276,153800
'14MI',10704,52276,160800
'14MI',10704,52276,163700
'14MI',10704,52276,170700
'14MI',10704,52276,173600
'14MI',10704,52276,180500
'14MI',10704,52276,183300
'14MI',10704,52276,190000
'14MI',10704,52276,192700
'14MI',10704,52276,195400
'14MI',10704,52276,202100
'14MI',10704,52276,204800
'14MI',10704,52276,211500
'14MI',10704,52276,214200
'14MI',10704,52276,220900
'14MI',10704,52276,223600
'14MI',10704,52276,230300
'14MI',10704,52276,233000
'14MI',10704,52276,235600
'14MI',10704,52276,242200
'14MI',10704,52276,244800
'14MI',10704,52276,251500
'14MI',10704,52338,53300
'14MI',10704,52338,55700
'14MI',10704,52338,62100
'14MI',10704,52338,64600
'14MI',10704,52338,71200
'14MI',10704,52338,73700
'14MI',10704,52338,80200
'14MI',10704,52338,82800
'14MI',10704,52338,85500
'14MI',10704,52338,92200
'14MI',10704,52338,95000
'14MI',10704,52338,101800
'14MI',10704,52338,104500
'14MI',10704,52338,111300
'14MI',10704,52338,114100
'14MI',10704,52338,121100
'14MI',10704,52338,124200
'14MI',10704,52338,131100
'14MI',10704,52338,134000
'14MI',10704,52338,141000
'14MI',10704,52338,144000
'14MI',10704,52338,150900
'14MI',10704,52338,153900
'14MI',10704,52338,160900
'14MI',10704,52338,163800
'14MI',10704,52338,170800
'14MI',10704,52338,173700
'14MI',10704,52338,180600
'14MI',10704,52338,183400
'14MI',10704,52338,190100
'14MI',10704,52338,192800
'14MI',10704,52338,195400
'14MI',10704,52338,202100
'14MI',10704,52338,204800
'14MI',10704,52338,211500
'14MI',10704,52338,214200
'14MI',10704,52338,220900
'14MI',10704,52338,223600
'14MI',10704,52338,230300
'14MI',10704,52338,233000
'14MI',10704,52338,235600
'14MI',10704,52338,242200
'14MI',10704,52338,244800
'14MI',10704,52338,251500
'14MI',10704,52398,53400
'14MI',10704,52398,55800
'14MI',10704,52398,62200
'14MI',10704,52398,64700
'14MI',10704,52398,71300
'14MI',10704,52398,73800
'14MI',10704,52398,80300
'14MI',10704,52398,82900
'14MI',10704,52398,85600
'14MI',10704,52398,92300
'14MI',10704,52398,95100
'14MI',10704,52398,101900
'14MI',10704,52398,104600
'14MI',10704,52398,111400
'14MI',10704,52398,114200
'14MI',10704,52398,121200
'14MI',10704,52398,124200
'14MI',10704,52398,131200
'14MI',10704,52398,134100
'14MI',10704,52398,141100
'14MI',10704,52398,144100
'14MI',10704,52398,151000
'14MI',10704,52398,154000
'14MI',10704,52398,161000
'14MI',10704,52398,163900
'14MI',10704,52398,170900
'14MI',10704,52398,173800
'14MI',10704,52398,180700
'14MI',10704,52398,183500
'14MI',10704,52398,190200
'14MI',10704,52398,192900
'14MI',10704,52398,195500
'14MI',10704,52398,202200
'14MI',10704,52398,204900
'14MI',10704,52398,211600
'14MI',10704,52398,214300
'14MI',10704,52398,221000
'14MI',10704,52398,223700
'14MI',10704,52398,230400
'14MI',10704,52398,233100
'14MI',10704,52398,235700
'14MI',10704,52398,242300
'14MI',10704,52398,244900
'14MI',10704,52398,251600
'14MI',10704,52484,53500
'14MI',10704,52484,55900
'14MI',10704,52484,62300
'14MI',10704,52484,64800
'14MI',10704,52484,71400
'14MI',10704,52484,73900
'14MI',10704,52484,80400
'14MI',10704,52484,83000
'14MI',10704,52484,85700
'14MI',10704,52484,92400
'14MI',10704,52484,95200
'14MI',10704,52484,102000
'14MI',10704,52484,104700
'14MI',10704,52484,111500
'14MI',10704,52484,114300
'14MI',10704,52484,121300
'14MI',10704,52484,124300
'14MI',10704,52484,131300
'14MI',10704,52484,134200
'14MI',10704,52484,141200
'14MI',10704,52484,144200
'14MI',10704,52484,151100
'14MI',10704,52484,154100
'14MI',10704,52484,161100
'14MI',10704,52484,164000
'14MI',10704,52484,171000
'14MI',10704,52484,173900
'14MI',10704,52484,180800
'14MI',10704,52484,183600
'14MI',10704,52484,190300
'14MI',10704,52484,193000
'14MI',10704,52484,195600
'14MI',10704,52484,202300
'14MI',10704,52484,205000
'14MI',10704,52484,211700
'14MI',10704,52484,214400
'14MI',10704,52484,221100
'14MI',10704,52484,223800
'14MI',10704,52484,230500
'14MI',10704,52484,233200
'14MI',10704,52484,235800
'14MI',10704,52484,242400
'14MI',10704,52484,245000
'14MI',10704,52484,251700
'14MI',10704,52556,53500
'14MI',10704,52556,55900
'14MI',10704,52556,62300
'14MI',10704,52556,64800
'14MI',10704,52556,71400
'14MI',10704,52556,73900
'14MI',10704,52556,80400
'14MI',10704,52556,83000
'14MI',10704,52556,85700
'14MI',10704,52556,92400
'14MI',10704,52556,95200
'14MI',10704,52556,102000
'14MI',10704,52556,104700
'14MI',10704,52556,111500
'14MI',10704,52556,114300
'14MI',10704,52556,121300
'14MI',10704,52556,124400
'14MI',10704,52556,131400
'14MI',10704,52556,134300
'14MI',10704,52556,141300
'14MI',10704,52556,144300
'14MI',10704,52556,151200
'14MI',10704,52556,154200
'14MI',10704,52556,161200
'14MI',10704,52556,164100
'14MI',10704,52556,171100
'14MI',10704,52556,174000
'14MI',10704,52556,180900
'14MI',10704,52556,183700
'14MI',10704,52556,190400
'14MI',10704,52556,193100
'14MI',10704,52556,195600
'14MI',10704,52556,202300
'14MI',10704,52556,205000
'14MI',10704,52556,211700
'14MI',10704,52556,214400
'14MI',10704,52556,221100
'14MI',10704,52556,223800
'14MI',10704,52556,230500
'14MI',10704,52556,233200
'14MI',10704,52556,235800
'14MI',10704,52556,242400
'14MI',10704,52556,245000
'14MI',10704,52556,251700
'14MI',10704,52599,54500
'14MI',10704,52599,60900
'14MI',10704,52599,63300
'14MI',10704,52599,65800
'14MI',10704,52599,72400
'14MI',10704,52599,74900
'14MI',10704,52599,81400
'14MI',10704,52599,84000
'14MI',10704,52599,90700
'14MI',10704,52599,93400
'14MI',10704,52599,100300
'14MI',10704,52599,103100
'14MI',10704,52599,105800
'14MI',10704,52599,112600
'14MI',10704,52599,115400
'14MI',10704,52599,122400
'14MI',10704,52599,125500
'14MI',10704,52599,132500
'14MI',10704,52599,135400
'14MI',10704,52599,142400
'14MI',10704,52599,145400
'14MI',10704,52599,152300
'14MI',10704,52599,155300
'14MI',10704,52599,162300
'14MI',10704,52599,165200
'14MI',10704,52599,172200
'14MI',10704,52599,175100
'14MI',10704,52599,182000
'14MI',10704,52599,184800
'14MI',10704,52599,191500
'14MI',10704,52599,194200
'14MI',10704,52599,200700
'14MI',10704,52599,203400
'14MI',10704,52599,210100
'14MI',10704,52599,212800
'14MI',10704,52599,215500
'14MI',10704,52599,222200
'14MI',10704,52599,224900
'14MI',10704,52599,231600
'14MI',10704,52599,234300
'14MI',10704,52599,240900
'14MI',10704,52599,243500
'14MI',10704,52599,250100
'14MI',10704,52599,252800
'14MI',10704,52619,53600
'14MI',10704,52619,60000
'14MI',10704,52619,62400
'14MI',10704,52619,64900
'14MI',10704,52619,71500
'14MI',10704,52619,74000
'14MI',10704,52619,80500
'14MI',10704,52619,83100
'14MI',10704,52619,85800
'14MI',10704,52619,92500
'14MI',10704,52619,95300
'14MI',10704,52619,102100
'14MI',10704,52619,104800
'14MI',10704,52619,111600
'14MI',10704,52619,114400
'14MI',10704,52619,121400
'14MI',10704,52619,124500
'14MI',10704,52619,131400
'14MI',10704,52619,134300
'14MI',10704,52619,141300
'14MI',10704,52619,144300
'14MI',10704,52619,151200
'14MI',10704,52619,154200
'14MI',10704,52619,161200
'14MI',10704,52619,164100
'14MI',10704,52619,171100
'14MI',10704,52619,174000
'14MI',10704,52619,180900
'14MI',10704,52619,183700
'14MI',10704,52619,190400
'14MI',10704,52619,193100
'14MI',10704,52619,195700
'14MI',10704,52619,202400
'14MI',10704,52619,205100
'14MI',10704,52619,211800
'14MI',10704,52619,214500
'14MI',10704,52619,221200
'14MI',10704,52619,223900
'14MI',10704,52619,230600
'14MI',10704,52619,233300
'14MI',10704,52619,235900
'14MI',10704,52619,242500
'14MI',10704,52619,245100
'14MI',10704,52619,251800
'14MI',10704,52623,54400
'14MI',10704,52623,60800
'14MI',10704,52623,63200
'14MI',10704,52623,65700
'14MI',10704,52623,72300
'14MI',10704,52623,74800
'14MI',10704,52623,81300
'14MI',10704,52623,83900
'14MI',10704,52623,90600
'14MI',10704,52623,93300
'14MI',10704,52623,100200
'14MI',10704,52623,103000
'14MI',10704,52623,105700
'14MI',10704,52623,112500
'14MI',10704,52623,115300
'14MI',10704,52623,122300
'14MI',10704,52623,125400
'14MI',10704,52623,132400
'14MI',10704,52623,135300
'14MI',10704,52623,142300
'14MI',10704,52623,145300
'14MI',10704,52623,152200
'14MI',10704,52623,155200
'14MI',10704,52623,162200
'14MI',10704,52623,165100
'14MI',10704,52623,172100
'14MI',10704,52623,175000
'14MI',10704,52623,181900
'14MI',10704,52623,184700
'14MI',10704,52623,191400
'14MI',10704,52623,194100
'14MI',10704,52623,200600
'14MI',10704,52623,203300
'14MI',10704,52623,210000
'14MI',10704,52623,212700
'14MI',10704,52623,215400
'14MI',10704,52623,222100
'14MI',10704,52623,224800
'14MI',10704,52623,231500
'14MI',10704,52623,234200
'14MI',10704,52623,240800
'14MI',10704,52623,243400
'14MI',10704,52623,250000
'14MI',10704,52623,252700
'14MI',10704,52661,53600
'14MI',10704,52661,60000
'14MI',10704,52661,62400
'14MI',10704,52661,64900
'14MI',10704,52661,71500
'14MI',10704,52661,74000
'14MI',10704,52661,80500
'14MI',10704,52661,83100
'14MI',10704,52661,85800
'14MI',10704,52661,92500
'14MI',10704,52661,95300
'14MI',10704,52661,102100
'14MI',10704,52661,104800
'14MI',10704,52661,111600
'14MI',10704,52661,114400
'14MI',10704,52661,121400
'14MI',10704,52661,124500
'14MI',10704,52661,131500
'14MI',10704,52661,134400
'14MI',10704,52661,141400
'14MI',10704,52661,144400
'14MI',10704,52661,151300
'14MI',10704,52661,154300
'14MI',10704,52661,161300
'14MI',10704,52661,164200
'14MI',10704,52661,171200
'14MI',10704,52661,174100
'14MI',10704,52661,181000
'14MI',10704,52661,183800
'14MI',10704,52661,190500
'14MI',10704,52661,193200
'14MI',10704,52661,195700
'14MI',10704,52661,202400
'14MI',10704,52661,205100
'14MI',10704,52661,211800
'14MI',10704,52661,214500
'14MI',10704,52661,221200
'14MI',10704,52661,223900
'14MI',10704,52661,230600
'14MI',10704,52661,233300
'14MI',10704,52661,235900
'14MI',10704,52661,242500
'14MI',10704,52661,245100
'14MI',10704,52661,251800
'14MI',10704,52716,54300
'14MI',10704,52716,60700
'14MI',10704,52716,63100
'14MI',10704,52716,65600
'14MI',10704,52716,72200
'14MI',10704,52716,74700
'14MI',10704,52716,81200
'14MI',10704,52716,83800
'14MI',10704,52716,90500
'14MI',10704,52716,93200
'14MI',10704,52716,100100
'14MI',10704,52716,102900
'14MI',10704,52716,105600
'14MI',10704,52716,112400
'14MI',10704,52716,115200
'14MI',10704,52716,122200
'14MI',10704,52716,125300
'14MI',10704,52716,132300
'14MI',10704,52716,135200
'14MI',10704,52716,142200
'14MI',10704,52716,145200
'14MI',10704,52716,152100
'14MI',10704,52716,155100
'14MI',10704,52716,162100
'14MI',10704,52716,165000
'14MI',10704,52716,172000
'14MI',10704,52716,174900
'14MI',10704,52716,181800
'14MI',10704,52716,184600
'14MI',10704,52716,191300
'14MI',10704,52716,194000
'14MI',10704,52716,200500
'14MI',10704,52716,203200
'14MI',10704,52716,205900
'14MI',10704,52716,212600
'14MI',10704,52716,215300
'14MI',10704,52716,222000
'14MI',10704,52716,224700
'14MI',10704,52716,231400
'14MI',10704,52716,234100
'14MI',10704,52716,240700
'14MI',10704,52716,243300
'14MI',10704,52716,245900
'14MI',10704,52716,252600
'14MI',10704,52744,53700
'14MI',10704,52744,60100
'14MI',10704,52744,62500
'14MI',10704,52744,65000
'14MI',10704,52744,71600
'14MI',10704,52744,74100
'14MI',10704,52744,80600
'14MI',10704,52744,83200
'14MI',10704,52744,85900
'14MI',10704,52744,92600
'14MI',10704,52744,95400
'14MI',10704,52744,102200
'14MI',10704,52744,104900
'14MI',10704,52744,111700
'14MI',10704,52744,114500
'14MI',10704,52744,121500
'14MI',10704,52744,124600
'14MI',10704,52744,131600
'14MI',10704,52744,134500
'14MI',10704,52744,141500
'14MI',10704,52744,144500
'14MI',10704,52744,151400
'14MI',10704,52744,154400
'14MI',10704,52744,161400
'14MI',10704,52744,164300
'14MI',10704,52744,171300
'14MI',10704,52744,174200
'14MI',10704,52744,181100
'14MI',10704,52744,183900
'14MI',10704,52744,190600
'14MI',10704,52744,193300
'14MI',10704,52744,195800
'14MI',10704,52744,202500
'14MI',10704,52744,205200
'14MI',10704,52744,211900
'14MI',10704,52744,214600
'14MI',10704,52744,221300
'14MI',10704,52744,224000
'14MI',10704,52744,230700
'14MI',10704,52744,233400
'14MI',10704,52744,240000
'14MI',10704,52744,242600
'14MI',10704,52744,245200
'14MI',10704,52744,251900
'14MI',10704,52796,54300
'14MI',10704,52796,60700
'14MI',10704,52796,63100
'14MI',10704,52796,65600
'14MI',10704,52796,72200
'14MI',10704,52796,74700
'14MI',10704,52796,81200
'14MI',10704,52796,83800
'14MI',10704,52796,90500
'14MI',10704,52796,93200
'14MI',10704,52796,100000
'14MI',10704,52796,102800
'14MI',10704,52796,105500
'14MI',10704,52796,112300
'14MI',10704,52796,115100
'14MI',10704,52796,122100
'14MI',10704,52796,125200
'14MI',10704,52796,132200
'14MI',10704,52796,135100
'14MI',10704,52796,142100
'14MI',10704,52796,145100
'14MI',10704,52796,152000
'14MI',10704,52796,155000
'14MI',10704,52796,162000
'14MI',10704,52796,164900
'14MI',10704,52796,171900
'14MI',10704,52796,174800
'14MI',10704,52796,181700
'14MI',10704,52796,184500
'14MI',10704,52796,191200
'14MI',10704,52796,193900
'14MI',10704,52796,200400
'14MI',10704,52796,203100
'14MI',10704,52796,205800
'14MI',10704,52796,212500
'14MI',10704,52796,215200
'14MI',10704,52796,221900
'14MI',10704,52796,224600
'14MI',10704,52796,231300
'14MI',10704,52796,234000
'14MI',10704,52796,240600
'14MI',10704,52796,243200
'14MI',10704,52796,245800
'14MI',10704,52796,252500
'14MI',10704,52829,54200
'14MI',10704,52829,60600
'14MI',10704,52829,63000
'14MI',10704,52829,65500
'14MI',10704,52829,72100
'14MI',10704,52829,74600
'14MI',10704,52829,81100
'14MI',10704,52829,83700
'14MI',10704,52829,90400
'14MI',10704,52829,93100
'14MI',10704,52829,100000
'14MI',10704,52829,102800
'14MI',10704,52829,105500
'14MI',10704,52829,112300
'14MI',10704,52829,115100
'14MI',10704,52829,122100
'14MI',10704,52829,125200
'14MI',10704,52829,132200
'14MI',10704,52829,135100
'14MI',10704,52829,142100
'14MI',10704,52829,145100
'14MI',10704,52829,152000
'14MI',10704,52829,155000
'14MI',10704,52829,162000
'14MI',10704,52829,164900
'14MI',10704,52829,171900
'14MI',10704,52829,174800
'14MI',10704,52829,181700
'14MI',10704,52829,184500
'14MI',10704,52829,191200
'14MI',10704,52829,193900
'14MI',10704,52829,200400
'14MI',10704,52829,203100
'14MI',10704,52829,205800
'14MI',10704,52829,212500
'14MI',10704,52829,215200
'14MI',10704,52829,221900
'14MI',10704,52829,224600
'14MI',10704,52829,231300
'14MI',10704,52829,234000
'14MI',10704,52829,240600
'14MI',10704,52829,243200
'14MI',10704,52829,245800
'14MI',10704,52829,252500
'14MI',10704,52898,53900
'14MI',10704,52898,60300
'14MI',10704,52898,62700
'14MI',10704,52898,65200
'14MI',10704,52898,71800
'14MI',10704,52898,74300
'14MI',10704,52898,80800
'14MI',10704,52898,83400
'14MI',10704,52898,90100
'14MI',10704,52898,92800
'14MI',10704,52898,95600
'14MI',10704,52898,102400
'14MI',10704,52898,105100
'14MI',10704,52898,111900
'14MI',10704,52898,114700
'14MI',10704,52898,121700
'14MI',10704,52898,124800
'14MI',10704,52898,131800
'14MI',10704,52898,134700
'14MI',10704,52898,141700
'14MI',10704,52898,144700
'14MI',10704,52898,151600
'14MI',10704,52898,154600
'14MI',10704,52898,161600
'14MI',10704,52898,164500
'14MI',10704,52898,171500
'14MI',10704,52898,174400
'14MI',10704,52898,181300
'14MI',10704,52898,184100
'14MI',10704,52898,190800
'14MI',10704,52898,193500
'14MI',10704,52898,200000
'14MI',10704,52898,202700
'14MI',10704,52898,205400
'14MI',10704,52898,212100
'14MI',10704,52898,214800
'14MI',10704,52898,221500
'14MI',10704,52898,224200
'14MI',10704,52898,230900
'14MI',10704,52898,233600
'14MI',10704,52898,240200
'14MI',10704,52898,242800
'14MI',10704,52898,245400
'14MI',10704,52898,252100
'14MI',10704,52920,53900
'14MI',10704,52920,60300
'14MI',10704,52920,62700
'14MI',10704,52920,65200
'14MI',10704,52920,71800
'14MI',10704,52920,74300
'14MI',10704,52920,80800
'14MI',10704,52920,83400
'14MI',10704,52920,90100
'14MI',10704,52920,92800
'14MI',10704,52920,95600
'14MI',10704,52920,102400
'14MI',10704,52920,105100
'14MI',10704,52920,111900
'14MI',10704,52920,114700
'14MI',10704,52920,121700
'14MI',10704,52920,124800
'14MI',10704,52920,131800
'14MI',10704,52920,134700
'14MI',10704,52920,141700
'14MI',10704,52920,144700
'14MI',10704,52920,151600
'14MI',10704,52920,154600
'14MI',10704,52920,161600
'14MI',10704,52920,164500
'14MI',10704,52920,171500
'14MI',10704,52920,174400
'14MI',10704,52920,181300
'14MI',10704,52920,184100
'14MI',10704,52920,190800
'14MI',10704,52920,193500
'14MI',10704,52920,200000
'14MI',10704,52920,202700
'14MI',10704,52920,205400
'14MI',10704,52920,212100
'14MI',10704,52920,214800
'14MI',10704,52920,221500
'14MI',10704,52920,224200
'14MI',10704,52920,230900
'14MI',10704,52920,233600
'14MI',10704,52920,240200
'14MI',10704,52920,242800
'14MI',10704,52920,245400
'14MI',10704,52920,252100
'14MI',10704,52925,54100
'14MI',10704,52925,60500
'14MI',10704,52925,62900
'14MI',10704,52925,65400
'14MI',10704,52925,72000
'14MI',10704,52925,74500
'14MI',10704,52925,81000
'14MI',10704,52925,83600
'14MI',10704,52925,90300
'14MI',10704,52925,93000
'14MI',10704,52925,95800
'14MI',10704,52925,102600
'14MI',10704,52925,105300
'14MI',10704,52925,112100
'14MI',10704,52925,114900
'14MI',10704,52925,121900
'14MI',10704,52925,125000
'14MI',10704,52925,132000
'14MI',10704,52925,134900
'14MI',10704,52925,141900
'14MI',10704,52925,144900
'14MI',10704,52925,151800
'14MI',10704,52925,154800
'14MI',10704,52925,161800
'14MI',10704,52925,164700
'14MI',10704,52925,171700
'14MI',10704,52925,174600
'14MI',10704,52925,181500
'14MI',10704,52925,184300
'14MI',10704,52925,191000
'14MI',10704,52925,193700
'14MI',10704,52925,200200
'14MI',10704,52925,202900
'14MI',10704,52925,205600
'14MI',10704,52925,212300
'14MI',10704,52925,215000
'14MI',10704,52925,221700
'14MI',10704,52925,224400
'14MI',10704,52925,231100
'14MI',10704,52925,233800
'14MI',10704,52925,240400
'14MI',10704,52925,243000
'14MI',10704,52925,245600
'14MI',10704,52925,252300
'14MI',10704,53699,54500
'14MI',10704,53699,60900
'14MI',10704,53699,63300
'14MI',10704,53699,65800
'14MI',10704,53699,72400
'14MI',10704,53699,74900
'14MI',10704,53699,81400
'14MI',10704,53699,84000
'14MI',10704,53699,90700
'14MI',10704,53699,93400
'14MI',10704,53699,100300
'14MI',10704,53699,103100
'14MI',10704,53699,105800
'14MI',10704,53699,112600
'14MI',10704,53699,115400
'14MI',10704,53699,122400
'14MI',10704,53699,125500
'14MI',10704,53699,132500
'14MI',10704,53699,135400
'14MI',10704,53699,142400
'14MI',10704,53699,145400
'14MI',10704,53699,152300
'14MI',10704,53699,155300
'14MI',10704,53699,162300
'14MI',10704,53699,165200
'14MI',10704,53699,172200
'14MI',10704,53699,175100
'14MI',10704,53699,182000
'14MI',10704,53699,184800
'14MI',10704,53699,191500
'14MI',10704,53699,194200
'14MI',10704,53699,200700
'14MI',10704,53699,203400
'14MI',10704,53699,210100
'14MI',10704,53699,212800
'14MI',10704,53699,215500
'14MI',10704,53699,222200
'14MI',10704,53699,224900
'14MI',10704,53699,231600
'14MI',10704,53699,234300
'14MI',10704,53699,240900
'14MI',10704,53699,243500
'14MI',10704,53699,250100
'14MI',10704,53699,252800
'14MI',10704,53868,54600
'14MI',10704,53868,61000
'14MI',10704,53868,63400
'14MI',10704,53868,65900
'14MI',10704,53868,72500
'14MI',10704,53868,75000
'14MI',10704,53868,81500
'14MI',10704,53868,84100
'14MI',10704,53868,90800
'14MI',10704,53868,93600
'14MI',10704,53868,100500
'14MI',10704,53868,103300
'14MI',10704,53868,110000
'14MI',10704,53868,112800
'14MI',10704,53868,115600
'14MI',10704,53868,122600
'14MI',10704,53868,125700
'14MI',10704,53868,132700
'14MI',10704,53868,135600
'14MI',10704,53868,142600
'14MI',10704,53868,145600
'14MI',10704,53868,152500
'14MI',10704,53868,155500
'14MI',10704,53868,162500
'14MI',10704,53868,165400
'14MI',10704,53868,172400
'14MI',10704,53868,175300
'14MI',10704,53868,182200
'14MI',10704,53868,185000
'14MI',10704,53868,191700
'14MI',10704,53868,194300
'14MI',10704,53868,200800
'14MI',10704,53868,203500
'14MI',10704,53868,210200
'14MI',10704,53868,212900
'14MI',10704,53868,215600
'14MI',10704,53868,222300
'14MI',10704,53868,225000
'14MI',10704,53868,231700
'14MI',10704,53868,234400
'14MI',10704,53868,241000
'14MI',10704,53868,243600
'14MI',10704,53868,250200
'14MI',10704,53868,252900
'14MI',10704,53870,54100
'14MI',10704,53870,60500
'14MI',10704,53870,62900
'14MI',10704,53870,65400
'14MI',10704,53870,72000
'14MI',10704,53870,74500
'14MI',10704,53870,81000
'14MI',10704,53870,83600
'14MI',10704,53870,90300
'14MI',10704,53870,93000
'14MI',10704,53870,95900
'14MI',10704,53870,102700
'14MI',10704,53870,105400
'14MI',10704,53870,112200
'14MI',10704,53870,115000
'14MI',10704,53870,122000
'14MI',10704,53870,125100
'14MI',10704,53870,132100
'14MI',10704,53870,135000
'14MI',10704,53870,142000
'14MI',10704,53870,145000
'14MI',10704,53870,151900
'14MI',10704,53870,154900
'14MI',10704,53870,161900
'14MI',10704,53870,164800
'14MI',10704,53870,171800
'14MI',10704,53870,174700
'14MI',10704,53870,181600
'14MI',10704,53870,184400
'14MI',10704,53870,191100
'14MI',10704,53870,193800
'14MI',10704,53870,200300
'14MI',10704,53870,203000
'14MI',10704,53870,205700
'14MI',10704,53870,212400
'14MI',10704,53870,215100
'14MI',10704,53870,221800
'14MI',10704,53870,224500
'14MI',10704,53870,231200
'14MI',10704,53870,233900
'14MI',10704,53870,240500
'14MI',10704,53870,243100
'14MI',10704,53870,245700
'14MI',10704,53870,252400
'14MI',10704,53871,53800
'14MI',10704,53871,60200
'14MI',10704,53871,62600
'14MI',10704,53871,65100
'14MI',10704,53871,71700
'14MI',10704,53871,74200
'14MI',10704,53871,80700
'14MI',10704,53871,83300
'14MI',10704,53871,90000
'14MI',10704,53871,92700
'14MI',10704,53871,95500
'14MI',10704,53871,102300
'14MI',10704,53871,105000
'14MI',10704,53871,111800
'14MI',10704,53871,114600
'14MI',10704,53871,121600
'14MI',10704,53871,124700
'14MI',10704,53871,131700
'14MI',10704,53871,134600
'14MI',10704,53871,141600
'14MI',10704,53871,144600
'14MI',10704,53871,151500
'14MI',10704,53871,154500
'14MI',10704,53871,161500
'14MI',10704,53871,164400
'14MI',10704,53871,171400
'14MI',10704,53871,174300
'14MI',10704,53871,181200
'14MI',10704,53871,184000
'14MI',10704,53871,190700
'14MI',10704,53871,193400
'14MI',10704,53871,195900
'14MI',10704,53871,202600
'14MI',10704,53871,205300
'14MI',10704,53871,212000
'14MI',10704,53871,214700
'14MI',10704,53871,221400
'14MI',10704,53871,224100
'14MI',10704,53871,230800
'14MI',10704,53871,233500
'14MI',10704,53871,240100
'14MI',10704,53871,242700
'14MI',10704,53871,245300
'14MI',10704,53871,252000
'14MI',10704,54346,53000
'14MI',10704,54346,55400
'14MI',10704,54346,61800
'14MI',10704,54346,64300
'14MI',10704,54346,70900
'14MI',10704,54346,73400
'14MI',10704,54346,75900
'14MI',10704,54346,82500
'14MI',10704,54346,85200
'14MI',10704,54346,91900
'14MI',10704,54346,94700
'14MI',10704,54346,101500
'14MI',10704,54346,104200
'14MI',10704,54346,111000
'14MI',10704,54346,113800
'14MI',10704,54346,120800
'14MI',10704,54346,123800
'14MI',10704,54346,130700
'14MI',10704,54346,133600
'14MI',10704,54346,140600
'14MI',10704,54346,143600
'14MI',10704,54346,150500
'14MI',10704,54346,153500
'14MI',10704,54346,160500
'14MI',10704,54346,163400
'14MI',10704,54346,170400
'14MI',10704,54346,173300
'14MI',10704,54346,180200
'14MI',10704,54346,183000
'14MI',10704,54346,185700
'14MI',10704,54346,192400
'14MI',10704,54346,195100
'14MI',10704,54346,201800
'14MI',10704,54346,204500
'14MI',10704,54346,211200
'14MI',10704,54346,213900
'14MI',10704,54346,220600
'14MI',10704,54346,223300
'14MI',10704,54346,230000
'14MI',10704,54346,232700
'14MI',10704,54346,235300
'14MI',10704,54346,241900
'14MI',10704,54346,244500
'14MI',10704,54346,251200
'14MI',10704,56552,55800
'14MI',10704,56552,62200
'14MI',10704,56552,64600
'14MI',10704,56552,71100
'14MI',10704,56552,73700
'14MI',10704,56552,80200
'14MI',10704,56552,82700
'14MI',10704,56552,85300
'14MI',10704,56552,92100
'14MI',10704,56552,95000
'14MI',10704,56552,101900
'14MI',10704,56552,104700
'14MI',10704,56552,111400
'14MI',10704,56552,114200
'14MI',10704,56552,121100
'14MI',10704,56552,124200
'14MI',10704,56552,131300
'14MI',10704,56552,134300
'14MI',10704,56552,141200
'14MI',10704,56552,144200
'14MI',10704,56552,151200
'14MI',10704,56552,154100
'14MI',10704,56552,161100
'14MI',10704,56552,164100
'14MI',10704,56552,171000
'14MI',10704,56552,174000
'14MI',10704,56552,180900
'14MI',10704,56552,183800
'14MI',10704,56552,190600
'14MI',10704,56552,193200
'14MI',10704,56552,195700
'14MI',10704,56552,202200
'14MI',10704,56552,204900
'14MI',10704,56552,211600
'14MI',10704,56552,214300
'14MI',10704,56552,221000
'14MI',10704,56552,223700
'14MI',10704,56552,230400
'14MI',10704,56552,233100
'14MI',10704,56552,235800
'14MI',10704,56552,242400
'14MI',10704,56552,245000
'14MI',10704,56552,251600
'14MI',10704,56552,254300
'14MI',10704,56565,55700
'14MI',10704,56565,62100
'14MI',10704,56565,64500
'14MI',10704,56565,71000
'14MI',10704,56565,73600
'14MI',10704,56565,80100
'14MI',10704,56565,82600
'14MI',10704,56565,85200
'14MI',10704,56565,92000
'14MI',10704,56565,94900
'14MI',10704,56565,101800
'14MI',10704,56565,104600
'14MI',10704,56565,111300
'14MI',10704,56565,114100
'14MI',10704,56565,120900
'14MI',10704,56565,124000
'14MI',10704,56565,131100
'14MI',10704,56565,134100
'14MI',10704,56565,141000
'14MI',10704,56565,144000
'14MI',10704,56565,151000
'14MI',10704,56565,153900
'14MI',10704,56565,160900
'14MI',10704,56565,163900
'14MI',10704,56565,170800
'14MI',10704,56565,173800
'14MI',10704,56565,180700
'14MI',10704,56565,183600
'14MI',10704,56565,190400
'14MI',10704,56565,193000
'14MI',10704,56565,195600
'14MI',10704,56565,202100
'14MI',10704,56565,204800
'14MI',10704,56565,211500
'14MI',10704,56565,214200
'14MI',10704,56565,220900
'14MI',10704,56565,223600
'14MI',10704,56565,230300
'14MI',10704,56565,233000
'14MI',10704,56565,235700
'14MI',10704,56565,242300
'14MI',10704,56565,244900
'14MI',10704,56565,251500
'14MI',10704,56565,254200
'14MI',10704,56572,55500
'14MI',10704,56572,61900
'14MI',10704,56572,64300
'14MI',10704,56572,70800
'14MI',10704,56572,73400
'14MI',10704,56572,75900
'14MI',10704,56572,82400
'14MI',10704,56572,85000
'14MI',10704,56572,91800
'14MI',10704,56572,94700
'14MI',10704,56572,101600
'14MI',10704,56572,104400
'14MI',10704,56572,111100
'14MI',10704,56572,113900
'14MI',10704,56572,120700
'14MI',10704,56572,123800
'14MI',10704,56572,130900
'14MI',10704,56572,133900
'14MI',10704,56572,140800
'14MI',10704,56572,143800
'14MI',10704,56572,150800
'14MI',10704,56572,153700
'14MI',10704,56572,160700
'14MI',10704,56572,163700
'14MI',10704,56572,170600
'14MI',10704,56572,173600
'14MI',10704,56572,180500
'14MI',10704,56572,183400
'14MI',10704,56572,190200
'14MI',10704,56572,192800
'14MI',10704,56572,195400
'14MI',10704,56572,201900
'14MI',10704,56572,204600
'14MI',10704,56572,211300
'14MI',10704,56572,214000
'14MI',10704,56572,220700
'14MI',10704,56572,223400
'14MI',10704,56572,230100
'14MI',10704,56572,232800
'14MI',10704,56572,235500
'14MI',10704,56572,242100
'14MI',10704,56572,244700
'14MI',10704,56572,251300
'14MI',10704,56572,254000
'14MI',10704,56576,55500
'14MI',10704,56576,61900
'14MI',10704,56576,64300
'14MI',10704,56576,70800
'14MI',10704,56576,73400
'14MI',10704,56576,75900
'14MI',10704,56576,82400
'14MI',10704,56576,85000
'14MI',10704,56576,91700
'14MI',10704,56576,94600
'14MI',10704,56576,101500
'14MI',10704,56576,104300
'14MI',10704,56576,111000
'14MI',10704,56576,113800
'14MI',10704,56576,120700
'14MI',10704,56576,123700
'14MI',10704,56576,130800
'14MI',10704,56576,133800
'14MI',10704,56576,140700
'14MI',10704,56576,143700
'14MI',10704,56576,150700
'14MI',10704,56576,153600
'14MI',10704,56576,160600
'14MI',10704,56576,163600
'14MI',10704,56576,170500
'14MI',10704,56576,173500
'14MI',10704,56576,180400
'14MI',10704,56576,183300
'14MI',10704,56576,190100
'14MI',10704,56576,192800
'14MI',10704,56576,195300
'14MI',10704,56576,201800
'14MI',10704,56576,204500
'14MI',10704,56576,211200
'14MI',10704,56576,213900
'14MI',10704,56576,220600
'14MI',10704,56576,223300
'14MI',10704,56576,230000
'14MI',10704,56576,232700
'14MI',10704,56576,235400
'14MI',10704,56576,242000
'14MI',10704,56576,244600
'14MI',10704,56576,251200
'14MI',10704,56576,253900
'14MI',10704,56578,55400
'14MI',10704,56578,61800
'14MI',10704,56578,64200
'14MI',10704,56578,70700
'14MI',10704,56578,73300
'14MI',10704,56578,75800
'14MI',10704,56578,82300
'14MI',10704,56578,84900
'14MI',10704,56578,91600
'14MI',10704,56578,94500
'14MI',10704,56578,101400
'14MI',10704,56578,104200
'14MI',10704,56578,110900
'14MI',10704,56578,113700
'14MI',10704,56578,120600
'14MI',10704,56578,123600
'14MI',10704,56578,130700
'14MI',10704,56578,133700
'14MI',10704,56578,140600
'14MI',10704,56578,143600
'14MI',10704,56578,150600
'14MI',10704,56578,153500
'14MI',10704,56578,160500
'14MI',10704,56578,163500
'14MI',10704,56578,170400
'14MI',10704,56578,173400
'14MI',10704,56578,180300
'14MI',10704,56578,183200
'14MI',10704,56578,190000
'14MI',10704,56578,192700
'14MI',10704,56578,195200
'14MI',10704,56578,201700
'14MI',10704,56578,204400
'14MI',10704,56578,211100
'14MI',10704,56578,213800
'14MI',10704,56578,220500
'14MI',10704,56578,223200
'14MI',10704,56578,225900
'14MI',10704,56578,232600
'14MI',10704,56578,235300
'14MI',10704,56578,241900
'14MI',10704,56578,244500
'14MI',10704,56578,251100
'14MI',10704,56578,253800
'14MI',10704,56582,55300
'14MI',10704,56582,61700
'14MI',10704,56582,64100
'14MI',10704,56582,70600
'14MI',10704,56582,73200
'14MI',10704,56582,75700
'14MI',10704,56582,82200
'14MI',10704,56582,84800
'14MI',10704,56582,91600
'14MI',10704,56582,94500
'14MI',10704,56582,101400
'14MI',10704,56582,104200
'14MI',10704,56582,110900
'14MI',10704,56582,113700
'14MI',10704,56582,120500
'14MI',10704,56582,123500
'14MI',10704,56582,130600
'14MI',10704,56582,133600
'14MI',10704,56582,140500
'14MI',10704,56582,143500
'14MI',10704,56582,150500
'14MI',10704,56582,153400
'14MI',10704,56582,160400
'14MI',10704,56582,163400
'14MI',10704,56582,170300
'14MI',10704,56582,173300
'14MI',10704,56582,180200
'14MI',10704,56582,183100
'14MI',10704,56582,185900
'14MI',10704,56582,192600
'14MI',10704,56582,195200
'14MI',10704,56582,201700
'14MI',10704,56582,204400
'14MI',10704,56582,211100
'14MI',10704,56582,213800
'14MI',10704,56582,220500
'14MI',10704,56582,223200
'14MI',10704,56582,225900
'14MI',10704,56582,232600
'14MI',10704,56582,235300
'14MI',10704,56582,241900
'14MI',10704,56582,244500
'14MI',10704,56582,251100
'14MI',10704,56582,253800
'14MI',10704,56585,55300
'14MI',10704,56585,61700
'14MI',10704,56585,64100
'14MI',10704,56585,70600
'14MI',10704,56585,73200
'14MI',10704,56585,75700
'14MI',10704,56585,82200
'14MI',10704,56585,84800
'14MI',10704,56585,91500
'14MI',10704,56585,94400
'14MI',10704,56585,101300
'14MI',10704,56585,104100
'14MI',10704,56585,110800
'14MI',10704,56585,113600
'14MI',10704,56585,120400
'14MI',10704,56585,123400
'14MI',10704,56585,130500
'14MI',10704,56585,133500
'14MI',10704,56585,140400
'14MI',10704,56585,143400
'14MI',10704,56585,150400
'14MI',10704,56585,153300
'14MI',10704,56585,160300
'14MI',10704,56585,163300
'14MI',10704,56585,170200
'14MI',10704,56585,173200
'14MI',10704,56585,180100
'14MI',10704,56585,183000
'14MI',10704,56585,185800
'14MI',10704,56585,192500
'14MI',10704,56585,195100
'14MI',10704,56585,201600
'14MI',10704,56585,204300
'14MI',10704,56585,211000
'14MI',10704,56585,213700
'14MI',10704,56585,220400
'14MI',10704,56585,223100
'14MI',10704,56585,225800
'14MI',10704,56585,232500
'14MI',10704,56585,235200
'14MI',10704,56585,241800
'14MI',10704,56585,244400
'14MI',10704,56585,251000
'14MI',10704,56585,253700
'14MI',10704,56586,55200
'14MI',10704,56586,61600
'14MI',10704,56586,64000
'14MI',10704,56586,70500
'14MI',10704,56586,73100
'14MI',10704,56586,75600
'14MI',10704,56586,82100
'14MI',10704,56586,84700
'14MI',10704,56586,91400
'14MI',10704,56586,94300
'14MI',10704,56586,101200
'14MI',10704,56586,104000
'14MI',10704,56586,110700
'14MI',10704,56586,113500
'14MI',10704,56586,120300
'14MI',10704,56586,123300
'14MI',10704,56586,130400
'14MI',10704,56586,133400
'14MI',10704,56586,140300
'14MI',10704,56586,143300
'14MI',10704,56586,150300
'14MI',10704,56586,153200
'14MI',10704,56586,160200
'14MI',10704,56586,163200
'14MI',10704,56586,170100
'14MI',10704,56586,173100
'14MI',10704,56586,180000
'14MI',10704,56586,182900
'14MI',10704,56586,185700
'14MI',10704,56586,192400
'14MI',10704,56586,195000
'14MI',10704,56586,201500
'14MI',10704,56586,204200
'14MI',10704,56586,210900
'14MI',10704,56586,213600
'14MI',10704,56586,220300
'14MI',10704,56586,223000
'14MI',10704,56586,225700
'14MI',10704,56586,232400
'14MI',10704,56586,235100
'14MI',10704,56586,241700
'14MI',10704,56586,244300
'14MI',10704,56586,250900
'14MI',10704,56586,253600
'14MI',10704,56588,55100
'14MI',10704,56588,61500
'14MI',10704,56588,63900
'14MI',10704,56588,70400
'14MI',10704,56588,73000
'14MI',10704,56588,75500
'14MI',10704,56588,82000
'14MI',10704,56588,84600
'14MI',10704,56588,91300
'14MI',10704,56588,94200
'14MI',10704,56588,101100
'14MI',10704,56588,103900
'14MI',10704,56588,110600
'14MI',10704,56588,113400
'14MI',10704,56588,120200
'14MI',10704,56588,123200
'14MI',10704,56588,130300
'14MI',10704,56588,133300
'14MI',10704,56588,140200
'14MI',10704,56588,143200
'14MI',10704,56588,150200
'14MI',10704,56588,153100
'14MI',10704,56588,160100
'14MI',10704,56588,163100
'14MI',10704,56588,170000
'14MI',10704,56588,173000
'14MI',10704,56588,175900
'14MI',10704,56588,182800
'14MI',10704,56588,185600
'14MI',10704,56588,192300
'14MI',10704,56588,194900
'14MI',10704,56588,201400
'14MI',10704,56588,204100
'14MI',10704,56588,210800
'14MI',10704,56588,213500
'14MI',10704,56588,220200
'14MI',10704,56588,222900
'14MI',10704,56588,225600
'14MI',10704,56588,232300
'14MI',10704,56588,235000
'14MI',10704,56588,241600
'14MI',10704,56588,244200
'14MI',10704,56588,250800
'14MI',10704,56588,253500
'14MI',10704,56592,55100
'14MI',10704,56592,61500
'14MI',10704,56592,63900
'14MI',10704,56592,70400
'14MI',10704,56592,73000
'14MI',10704,56592,75500
'14MI',10704,56592,82000
'14MI',10704,56592,84600
'14MI',10704,56592,91300
'14MI',10704,56592,94100
'14MI',10704,56592,101000
'14MI',10704,56592,103800
'14MI',10704,56592,110500
'14MI',10704,56592,113300
'14MI',10704,56592,120100
'14MI',10704,56592,123100
'14MI',10704,56592,130200
'14MI',10704,56592,133200
'14MI',10704,56592,140100
'14MI',10704,56592,143100
'14MI',10704,56592,150100
'14MI',10704,56592,153000
'14MI',10704,56592,160000
'14MI',10704,56592,163000
'14MI',10704,56592,165900
'14MI',10704,56592,172900
'14MI',10704,56592,175800
'14MI',10704,56592,182700
'14MI',10704,56592,185500
'14MI',10704,56592,192200
'14MI',10704,56592,194800
'14MI',10704,56592,201300
'14MI',10704,56592,204000
'14MI',10704,56592,210700
'14MI',10704,56592,213400
'14MI',10704,56592,220100
'14MI',10704,56592,222800
'14MI',10704,56592,225500
'14MI',10704,56592,232200
'14MI',10704,56592,234900
'14MI',10704,56592,241500
'14MI',10704,56592,244100
'14MI',10704,56592,250700
'14MI',10704,56592,253400
'14MI',10704,56594,55000
'14MI',10704,56594,61400
'14MI',10704,56594,63800
'14MI',10704,56594,70300
'14MI',10704,56594,72900
'14MI',10704,56594,75400
'14MI',10704,56594,81900
'14MI',10704,56594,84500
'14MI',10704,56594,91200
'14MI',10704,56594,94000
'14MI',10704,56594,100900
'14MI',10704,56594,103700
'14MI',10704,56594,110400
'14MI',10704,56594,113200
'14MI',10704,56594,120000
'14MI',10704,56594,123000
'14MI',10704,56594,130100
'14MI',10704,56594,133100
'14MI',10704,56594,140000
'14MI',10704,56594,143000
'14MI',10704,56594,150000
'14MI',10704,56594,152900
'14MI',10704,56594,155900
'14MI',10704,56594,162900
'14MI',10704,56594,165800
'14MI',10704,56594,172800
'14MI',10704,56594,175700
'14MI',10704,56594,182600
'14MI',10704,56594,185400
'14MI',10704,56594,192100
'14MI',10704,56594,194800
'14MI',10704,56594,201300
'14MI',10704,56594,204000
'14MI',10704,56594,210700
'14MI',10704,56594,213400
'14MI',10704,56594,220100
'14MI',10704,56594,222800
'14MI',10704,56594,225500
'14MI',10704,56594,232200
'14MI',10704,56594,234900
'14MI',10704,56594,241500
'14MI',10704,56594,244100
'14MI',10704,56594,250700
'14MI',10704,56594,253400
'14MI',10704,56596,54900
'14MI',10704,56596,61300
'14MI',10704,56596,63700
'14MI',10704,56596,70200
'14MI',10704,56596,72800
'14MI',10704,56596,75300
'14MI',10704,56596,81800
'14MI',10704,56596,84400
'14MI',10704,56596,91100
'14MI',10704,56596,93900
'14MI',10704,56596,100800
'14MI',10704,56596,103600
'14MI',10704,56596,110300
'14MI',10704,56596,113100
'14MI',10704,56596,115900
'14MI',10704,56596,122900
'14MI',10704,56596,130000
'14MI',10704,56596,133000
'14MI',10704,56596,135900
'14MI',10704,56596,142900
'14MI',10704,56596,145900
'14MI',10704,56596,152800
'14MI',10704,56596,155800
'14MI',10704,56596,162800
'14MI',10704,56596,165700
'14MI',10704,56596,172700
'14MI',10704,56596,175600
'14MI',10704,56596,182500
'14MI',10704,56596,185300
'14MI',10704,56596,192000
'14MI',10704,56596,194700
'14MI',10704,56596,201200
'14MI',10704,56596,203900
'14MI',10704,56596,210600
'14MI',10704,56596,213300
'14MI',10704,56596,220000
'14MI',10704,56596,222700
'14MI',10704,56596,225400
'14MI',10704,56596,232100
'14MI',10704,56596,234800
'14MI',10704,56596,241400
'14MI',10704,56596,244000
'14MI',10704,56596,250600
'14MI',10704,56596,253300
'14MI',10704,56598,54900
'14MI',10704,56598,61300
'14MI',10704,56598,63700
'14MI',10704,56598,70200
'14MI',10704,56598,72800
'14MI',10704,56598,75300
'14MI',10704,56598,81800
'14MI',10704,56598,84400
'14MI',10704,56598,91100
'14MI',10704,56598,93900
'14MI',10704,56598,100800
'14MI',10704,56598,103600
'14MI',10704,56598,110300
'14MI',10704,56598,113100
'14MI',10704,56598,115900
'14MI',10704,56598,122900
'14MI',10704,56598,130000
'14MI',10704,56598,133000
'14MI',10704,56598,135900
'14MI',10704,56598,142900
'14MI',10704,56598,145900
'14MI',10704,56598,152800
'14MI',10704,56598,155800
'14MI',10704,56598,162800
'14MI',10704,56598,165700
'14MI',10704,56598,172700
'14MI',10704,56598,175600
'14MI',10704,56598,182500
'14MI',10704,56598,185300
'14MI',10704,56598,192000
'14MI',10704,56598,194600
'14MI',10704,56598,201100
'14MI',10704,56598,203800
'14MI',10704,56598,210500
'14MI',10704,56598,213200
'14MI',10704,56598,215900
'14MI',10704,56598,222600
'14MI',10704,56598,225300
'14MI',10704,56598,232000
'14MI',10704,56598,234700
'14MI',10704,56598,241300
'14MI',10704,56598,243900
'14MI',10704,56598,250500
'14MI',10704,56598,253200
'14MI',10704,56602,54800
'14MI',10704,56602,61200
'14MI',10704,56602,63600
'14MI',10704,56602,70100
'14MI',10704,56602,72700
'14MI',10704,56602,75200
'14MI',10704,56602,81700
'14MI',10704,56602,84300
'14MI',10704,56602,91000
'14MI',10704,56602,93800
'14MI',10704,56602,100700
'14MI',10704,56602,103500
'14MI',10704,56602,110200
'14MI',10704,56602,113000
'14MI',10704,56602,115800
'14MI',10704,56602,122800
'14MI',10704,56602,125900
'14MI',10704,56602,132900
'14MI',10704,56602,135800
'14MI',10704,56602,142800
'14MI',10704,56602,145800
'14MI',10704,56602,152700
'14MI',10704,56602,155700
'14MI',10704,56602,162700
'14MI',10704,56602,165600
'14MI',10704,56602,172600
'14MI',10704,56602,175500
'14MI',10704,56602,182400
'14MI',10704,56602,185200
'14MI',10704,56602,191900
'14MI',10704,56602,194600
'14MI',10704,56602,201100
'14MI',10704,56602,203800
'14MI',10704,56602,210500
'14MI',10704,56602,213200
'14MI',10704,56602,215900
'14MI',10704,56602,222600
'14MI',10704,56602,225300
'14MI',10704,56602,232000
'14MI',10704,56602,234700
'14MI',10704,56602,241300
'14MI',10704,56602,243900
'14MI',10704,56602,250500
'14MI',10704,56602,253200
'14MI',10704,56606,54700
'14MI',10704,56606,61100
'14MI',10704,56606,63500
'14MI',10704,56606,70000
'14MI',10704,56606,72600
'14MI',10704,56606,75100
'14MI',10704,56606,81600
'14MI',10704,56606,84200
'14MI',10704,56606,90900
'14MI',10704,56606,93600
'14MI',10704,56606,100500
'14MI',10704,56606,103300
'14MI',10704,56606,110000
'14MI',10704,56606,112800
'14MI',10704,56606,115600
'14MI',10704,56606,122600
'14MI',10704,56606,125700
'14MI',10704,56606,132700
'14MI',10704,56606,135600
'14MI',10704,56606,142600
'14MI',10704,56606,145600
'14MI',10704,56606,152500
'14MI',10704,56606,155500
'14MI',10704,56606,162500
'14MI',10704,56606,165400
'14MI',10704,56606,172400
'14MI',10704,56606,175300
'14MI',10704,56606,182200
'14MI',10704,56606,185000
'14MI',10704,56606,191700
'14MI',10704,56606,194400
'14MI',10704,56606,200900
'14MI',10704,56606,203600
'14MI',10704,56606,210300
'14MI',10704,56606,213000
'14MI',10704,56606,215700
'14MI',10704,56606,222400
'14MI',10704,56606,225100
'14MI',10704,56606,231800
'14MI',10704,56606,234500
'14MI',10704,56606,241100
'14MI',10704,56606,243700
'14MI',10704,56606,250300
'14MI',10704,56606,253000
'14MI',10704,56608,54700
'14MI',10704,56608,61100
'14MI',10704,56608,63500
'14MI',10704,56608,70000
'14MI',10704,56608,72600
'14MI',10704,56608,75100
'14MI',10704,56608,81600
'14MI',10704,56608,84200
'14MI',10704,56608,90900
'14MI',10704,56608,93700
'14MI',10704,56608,100600
'14MI',10704,56608,103400
'14MI',10704,56608,110100
'14MI',10704,56608,112900
'14MI',10704,56608,115700
'14MI',10704,56608,122700
'14MI',10704,56608,125800
'14MI',10704,56608,132800
'14MI',10704,56608,135700
'14MI',10704,56608,142700
'14MI',10704,56608,145700
'14MI',10704,56608,152600
'14MI',10704,56608,155600
'14MI',10704,56608,162600
'14MI',10704,56608,165500
'14MI',10704,56608,172500
'14MI',10704,56608,175400
'14MI',10704,56608,182300
'14MI',10704,56608,185100
'14MI',10704,56608,191800
'14MI',10704,56608,194500
'14MI',10704,56608,201000
'14MI',10704,56608,203700
'14MI',10704,56608,210400
'14MI',10704,56608,213100
'14MI',10704,56608,215800
'14MI',10704,56608,222500
'14MI',10704,56608,225200
'14MI',10704,56608,231900
'14MI',10704,56608,234600
'14MI',10704,56608,241200
'14MI',10704,56608,243800
'14MI',10704,56608,250400
'14MI',10704,56608,253100
'14MI',10704,56686,55200
'14MI',10704,56686,61600
'14MI',10704,56686,64000
'14MI',10704,56686,70500
'14MI',10704,56686,73100
'14MI',10704,56686,75600
'14MI',10704,56686,82100
'14MI',10704,56686,84700
'14MI',10704,56686,91400
'14MI',10704,56686,94300
'14MI',10704,56686,101200
'14MI',10704,56686,104000
'14MI',10704,56686,110700
'14MI',10704,56686,113500
'14MI',10704,56686,120300
'14MI',10704,56686,123300
'14MI',10704,56686,130400
'14MI',10704,56686,133400
'14MI',10704,56686,140300
'14MI',10704,56686,143300
'14MI',10704,56686,150300
'14MI',10704,56686,153200
'14MI',10704,56686,160200
'14MI',10704,56686,163200
'14MI',10704,56686,170100
'14MI',10704,56686,173100
'14MI',10704,56686,180000
'14MI',10704,56686,182900
'14MI',10704,56686,185700
'14MI',10704,56686,192400
'14MI',10704,56686,195000
'14MI',10704,56686,201500
'14MI',10704,56686,204200
'14MI',10704,56686,210900
'14MI',10704,56686,213600
'14MI',10704,56686,220300
'14MI',10704,56686,223000
'14MI',10704,56686,225700
'14MI',10704,56686,232400
'14MI',10704,56686,235100
'14MI',10704,56686,241700
'14MI',10704,56686,244300
'14MI',10704,56686,250900
'14MI',10704,56686,253600
'14MI',10704,56704,55600
'14MI',10704,56704,62000
'14MI',10704,56704,64400
'14MI',10704,56704,70900
'14MI',10704,56704,73500
'14MI',10704,56704,80000
'14MI',10704,56704,82500
'14MI',10704,56704,85100
'14MI',10704,56704,91900
'14MI',10704,56704,94800
'14MI',10704,56704,101700
'14MI',10704,56704,104500
'14MI',10704,56704,111200
'14MI',10704,56704,114000
'14MI',10704,56704,120800
'14MI',10704,56704,123900
'14MI',10704,56704,131000
'14MI',10704,56704,134000
'14MI',10704,56704,140900
'14MI',10704,56704,143900
'14MI',10704,56704,150900
'14MI',10704,56704,153800
'14MI',10704,56704,160800
'14MI',10704,56704,163800
'14MI',10704,56704,170700
'14MI',10704,56704,173700
'14MI',10704,56704,180600
'14MI',10704,56704,183500
'14MI',10704,56704,190300
'14MI',10704,56704,192900
'14MI',10704,56704,195500
'14MI',10704,56704,202000
'14MI',10704,56704,204700
'14MI',10704,56704,211400
'14MI',10704,56704,214100
'14MI',10704,56704,220800
'14MI',10704,56704,223500
'14MI',10704,56704,230200
'14MI',10704,56704,232900
'14MI',10704,56704,235600
'14MI',10704,56704,242200
'14MI',10704,56704,244800
'14MI',10704,56704,251400
'14MI',10704,56704,254100
'14MI',10704,61320,55600
'14MI',10704,61320,62000
'14MI',10704,61320,64400
'14MI',10704,61320,70900
'14MI',10704,61320,73500
'14MI',10704,61320,80000
'14MI',10704,61320,82500
'14MI',10704,61320,85100
'14MI',10704,61320,91800
'14MI',10704,61320,94700
'14MI',10704,61320,101600
'14MI',10704,61320,104400
'14MI',10704,61320,111100
'14MI',10704,61320,113900
'14MI',10704,61320,120800
'14MI',10704,61320,123900
'14MI',10704,61320,131000
'14MI',10704,61320,134000
'14MI',10704,61320,140900
'14MI',10704,61320,143900
'14MI',10704,61320,150900
'14MI',10704,61320,153800
'14MI',10704,61320,160800
'14MI',10704,61320,163800
'14MI',10704,61320,170700
'14MI',10704,61320,173700
'14MI',10704,61320,180600
'14MI',10704,61320,183500
'14MI',10704,61320,190300
'14MI',10704,61320,192900
'14MI',10704,61320,195400
'14MI',10704,61320,201900
'14MI',10704,61320,204600
'14MI',10704,61320,211300
'14MI',10704,61320,214000
'14MI',10704,61320,220700
'14MI',10704,61320,223400
'14MI',10704,61320,230100
'14MI',10704,61320,232800
'14MI',10704,61320,235500
'14MI',10704,61320,242100
'14MI',10704,61320,244700
'14MI',10704,61320,251300
'14MI',10704,61320,254000
