'14NF2',11604,56477,63800
'14NF2',11604,56477,73800
'14NF2',11604,56477,83800
'14NF2',11604,56477,151400
'14NF2',11604,56477,161600
'14NF2',11604,56477,171400
'14NF2',11604,56477,181300
'14NF4',11604,56477,63800
'14NF4',11604,56477,73800
'14NF4',11604,56477,83800
'14NF4',11604,56477,151400
'14NF4',11604,56477,161600
'14NF4',11604,56477,171400
'14NF4',11604,56477,181300
'14NS',11604,56477,63800
'14NS',11604,56477,73800
'14NS',11604,56477,83800
'14NS',11604,56477,151400
'14NS',11604,56477,161600
'14NS',11604,56477,171400
'14NS',11604,56477,181300
