'14SA',21701,58451,60900
'14SA',21701,58451,63900
'14SA',21701,58451,71000
'14SA',21701,58451,74100
'14SA',21701,58451,81200
'14SA',21701,58451,84300
'14SA',21701,58451,91400
'14SA',21701,58451,94600
'14SA',21701,58451,101700
'14SA',21701,58451,104800
'14SA',21701,58451,112000
'14SA',21701,58451,115200
'14SA',21701,58451,122400
'14SA',21701,58451,125600
'14SA',21701,58451,132800
'14SA',21701,58451,140000
'14SA',21701,58451,143200
'14SA',21701,58451,150400
'14SA',21701,58451,153600
'14SA',21701,58451,160900
'14SA',21701,58451,164100
'14SA',21701,58451,171300
'14SA',21701,58451,174500
'14SA',21701,58451,181600
'14SA',21701,58451,184700
'14SA',21701,58451,191700
'14SA',21701,58451,194700
'14SA',21701,58451,201800
'14SA',21701,58451,204800
'14SA',21701,58451,211900
'14SA',21701,58451,214900
'14SA',21701,58451,222000
'14SA',21701,58451,225100
'14SA',21701,58451,233800
'14SF1',21701,58451,60900
'14SF1',21701,58451,63900
'14SF1',21701,58451,71000
'14SF1',21701,58451,74100
'14SF1',21701,58451,81200
'14SF1',21701,58451,84300
'14SF1',21701,58451,91400
'14SF1',21701,58451,94600
'14SF1',21701,58451,101700
'14SF1',21701,58451,104800
'14SF1',21701,58451,112000
'14SF1',21701,58451,115200
'14SF1',21701,58451,122400
'14SF1',21701,58451,125600
'14SF1',21701,58451,132800
'14SF1',21701,58451,140000
'14SF1',21701,58451,143200
'14SF1',21701,58451,150400
'14SF1',21701,58451,153600
'14SF1',21701,58451,160900
'14SF1',21701,58451,164100
'14SF1',21701,58451,171300
'14SF1',21701,58451,174500
'14SF1',21701,58451,181600
'14SF1',21701,58451,184700
'14SF1',21701,58451,191700
'14SF1',21701,58451,194700
'14SF1',21701,58451,201800
'14SF1',21701,58451,204800
'14SF1',21701,58451,211900
'14SF1',21701,58451,214900
'14SF1',21701,58451,222000
'14SF1',21701,58451,225100
'14SF1',21701,58451,233800
'14SF2',21701,58451,60900
'14SF2',21701,58451,63900
'14SF2',21701,58451,71000
'14SF2',21701,58451,74100
'14SF2',21701,58451,81200
'14SF2',21701,58451,84300
'14SF2',21701,58451,91400
'14SF2',21701,58451,94600
'14SF2',21701,58451,101700
'14SF2',21701,58451,104800
'14SF2',21701,58451,112000
'14SF2',21701,58451,115200
'14SF2',21701,58451,122400
'14SF2',21701,58451,125600
'14SF2',21701,58451,132800
'14SF2',21701,58451,140000
'14SF2',21701,58451,143200
'14SF2',21701,58451,150400
'14SF2',21701,58451,153600
'14SF2',21701,58451,160900
'14SF2',21701,58451,164100
'14SF2',21701,58451,171300
'14SF2',21701,58451,174500
'14SF2',21701,58451,181600
'14SF2',21701,58451,184700
'14SF2',21701,58451,191700
'14SF2',21701,58451,194700
'14SF2',21701,58451,201800
'14SF2',21701,58451,204800
'14SF2',21701,58451,211900
'14SF2',21701,58451,214900
'14SF2',21701,58451,222000
'14SF2',21701,58451,225100
'14SF2',21701,58451,233800
'14SI',21701,58451,70500
'14SI',21701,58451,73600
'14SI',21701,58451,80700
'14SI',21701,58451,83800
'14SI',21701,58451,90900
'14SI',21701,58451,94000
'14SI',21701,58451,101100
'14SI',21701,58451,104200
'14SI',21701,58451,111300
'14SI',21701,58451,114400
'14SI',21701,58451,121600
'14SI',21701,58451,124800
'14SI',21701,58451,132000
'14SI',21701,58451,135200
'14SI',21701,58451,142400
'14SI',21701,58451,145600
'14SI',21701,58451,152800
'14SI',21701,58451,160000
'14SI',21701,58451,163200
'14SI',21701,58451,170400
'14SI',21701,58451,173600
'14SI',21701,58451,180800
'14SI',21701,58451,183900
'14SI',21701,58451,191000
'14SI',21701,58451,194100
'14SI',21701,58451,201200
'14SI',21701,58451,204300
'14SI',21701,58451,211400
'14SI',21701,58451,214500
'14SI',21701,58451,221600
'14SI',21701,58451,225400
'14SI',21701,58451,233900
'14SS',21701,58451,60300
'14SS',21701,58451,64300
'14SS',21701,58451,65700
'14SS',21701,58451,71200
'14SS',21701,58451,72700
'14SS',21701,58451,74600
'14SS',21701,58451,80100
'14SS',21701,58451,82600
'14SS',21701,58451,83300
'14SS',21701,58451,85800
'14SS',21701,58451,93000
'14SS',21701,58451,100200
'14SS',21701,58451,103400
'14SS',21701,58451,110500
'14SS',21701,58451,113700
'14SS',21701,58451,120900
'14SS',21701,58451,124200
'14SS',21701,58451,131400
'14SS',21701,58451,134700
'14SS',21701,58451,142000
'14SS',21701,58451,145200
'14SS',21701,58451,152500
'14SS',21701,58451,155900
'14SS',21701,58451,163200
'14SS',21701,58451,170700
'14SS',21701,58451,174200
'14SS',21701,58451,181600
'14SS',21701,58451,185000
'14SS',21701,58451,192300
'14SS',21701,58451,195600
'14SS',21701,58451,202900
'14SS',21701,58451,210200
'14SS',21701,58451,213500
'14SS',21701,58451,220800
'14SS',21701,58451,223900
'14SS',21701,58451,233900
