'14SA',1003,51497,55400
'14SA',1003,51497,62100
'14SA',1003,51497,64800
'14SA',1003,51497,71600
'14SA',1003,51497,74400
'14SA',1003,51497,81300
'14SA',1003,51497,84200
'14SA',1003,51497,91100
'14SA',1003,51497,94000
'14SA',1003,51497,100900
'14SA',1003,51497,103800
'14SA',1003,51497,110700
'14SA',1003,51497,113600
'14SA',1003,51497,120500
'14SA',1003,51497,123500
'14SA',1003,51497,130500
'14SA',1003,51497,133400
'14SA',1003,51497,140300
'14SA',1003,51497,143200
'14SA',1003,51497,150100
'14SA',1003,51497,153000
'14SA',1003,51497,155900
'14SA',1003,51497,162900
'14SA',1003,51497,165900
'14SA',1003,51497,172800
'14SA',1003,51497,175700
'14SA',1003,51497,182500
'14SA',1003,51497,185200
'14SA',1003,51497,191900
'14SA',1003,51497,194700
'14SA',1003,51497,201400
'14SA',1003,51497,204100
'14SA',1003,51497,210800
'14SA',1003,51497,213500
'14SA',1003,51497,220200
'14SA',1003,51497,222900
'14SA',1003,51497,225600
'14SA',1003,51497,232300
'14SA',1003,51497,235100
'14SA',1003,51497,242000
'14SA',1003,51497,244800
'14SA',1003,51497,251600
'14SA',1003,51497,254900
'14SF1',1003,51497,55300
'14SF1',1003,51497,62300
'14SF1',1003,51497,65200
'14SF1',1003,51497,72200
'14SF1',1003,51497,75200
'14SF1',1003,51497,82300
'14SF1',1003,51497,85400
'14SF1',1003,51497,92400
'14SF1',1003,51497,95400
'14SF1',1003,51497,102400
'14SF1',1003,51497,105400
'14SF1',1003,51497,112400
'14SF1',1003,51497,115400
'14SF1',1003,51497,122500
'14SF1',1003,51497,125500
'14SF1',1003,51497,132500
'14SF1',1003,51497,135500
'14SF1',1003,51497,142500
'14SF1',1003,51497,145500
'14SF1',1003,51497,152500
'14SF1',1003,51497,155500
'14SF1',1003,51497,162500
'14SF1',1003,51497,165500
'14SF1',1003,51497,172500
'14SF1',1003,51497,175500
'14SF1',1003,51497,182500
'14SF1',1003,51497,185300
'14SF1',1003,51497,192100
'14SF1',1003,51497,194800
'14SF1',1003,51497,201600
'14SF1',1003,51497,204300
'14SF1',1003,51497,211100
'14SF1',1003,51497,213900
'14SF1',1003,51497,220700
'14SF1',1003,51497,223400
'14SF1',1003,51497,230100
'14SF1',1003,51497,232900
'14SF1',1003,51497,235700
'14SF1',1003,51497,242500
'14SF1',1003,51497,245300
'14SF1',1003,51497,252100
'14SF2',1003,51497,55300
'14SF2',1003,51497,62300
'14SF2',1003,51497,65200
'14SF2',1003,51497,72200
'14SF2',1003,51497,75200
'14SF2',1003,51497,82300
'14SF2',1003,51497,85400
'14SF2',1003,51497,92400
'14SF2',1003,51497,95400
'14SF2',1003,51497,102400
'14SF2',1003,51497,105400
'14SF2',1003,51497,112400
'14SF2',1003,51497,115400
'14SF2',1003,51497,122500
'14SF2',1003,51497,125500
'14SF2',1003,51497,132500
'14SF2',1003,51497,135500
'14SF2',1003,51497,142500
'14SF2',1003,51497,145500
'14SF2',1003,51497,152500
'14SF2',1003,51497,155500
'14SF2',1003,51497,162500
'14SF2',1003,51497,165500
'14SF2',1003,51497,172500
'14SF2',1003,51497,175500
'14SF2',1003,51497,182500
'14SF2',1003,51497,185300
'14SF2',1003,51497,192100
'14SF2',1003,51497,194800
'14SF2',1003,51497,201600
'14SF2',1003,51497,204300
'14SF2',1003,51497,211100
'14SF2',1003,51497,213900
'14SF2',1003,51497,220700
'14SF2',1003,51497,223400
'14SF2',1003,51497,230100
'14SF2',1003,51497,232900
'14SF2',1003,51497,235700
'14SF2',1003,51497,242500
'14SF2',1003,51497,245300
'14SF2',1003,51497,252100
'14SI',1003,51497,55300
'14SI',1003,51497,62300
'14SI',1003,51497,65200
'14SI',1003,51497,72200
'14SI',1003,51497,75200
'14SI',1003,51497,82300
'14SI',1003,51497,85400
'14SI',1003,51497,92400
'14SI',1003,51497,95400
'14SI',1003,51497,102400
'14SI',1003,51497,105400
'14SI',1003,51497,112400
'14SI',1003,51497,115400
'14SI',1003,51497,122500
'14SI',1003,51497,125500
'14SI',1003,51497,132500
'14SI',1003,51497,135500
'14SI',1003,51497,142500
'14SI',1003,51497,145500
'14SI',1003,51497,152500
'14SI',1003,51497,155500
'14SI',1003,51497,162500
'14SI',1003,51497,165500
'14SI',1003,51497,172500
'14SI',1003,51497,175500
'14SI',1003,51497,182500
'14SI',1003,51497,185300
'14SI',1003,51497,192100
'14SI',1003,51497,194800
'14SI',1003,51497,201600
'14SI',1003,51497,204300
'14SI',1003,51497,211100
'14SI',1003,51497,213900
'14SI',1003,51497,220700
'14SI',1003,51497,223400
'14SI',1003,51497,230100
'14SI',1003,51497,232900
'14SI',1003,51497,235700
'14SI',1003,51497,242500
'14SI',1003,51497,245300
'14SI',1003,51497,252100
'14SS',1003,51497,55400
'14SS',1003,51497,62300
'14SS',1003,51497,65300
'14SS',1003,51497,73100
'14SS',1003,51497,80100
'14SS',1003,51497,83100
'14SS',1003,51497,85900
'14SS',1003,51497,92700
'14SS',1003,51497,95400
'14SS',1003,51497,101800
'14SS',1003,51497,104100
'14SS',1003,51497,110400
'14SS',1003,51497,112700
'14SS',1003,51497,115000
'14SS',1003,51497,121400
'14SS',1003,51497,123900
'14SS',1003,51497,130400
'14SS',1003,51497,133000
'14SS',1003,51497,135500
'14SS',1003,51497,142000
'14SS',1003,51497,144500
'14SS',1003,51497,151300
'14SS',1003,51497,154100
'14SS',1003,51497,160900
'14SS',1003,51497,163700
'14SS',1003,51497,170500
'14SS',1003,51497,173000
'14SS',1003,51497,174900
'14SS',1003,51497,180900
'14SS',1003,51497,182800
'14SS',1003,51497,184600
'14SS',1003,51497,190400
'14SS',1003,51497,193300
'14SS',1003,51497,200000
'14SS',1003,51497,202900
'14SS',1003,51497,205900
'14SS',1003,51497,212900
'14SS',1003,51497,215900
'14SS',1003,51497,222900
'14SS',1003,51497,225900
'14SS',1003,51497,232700
'14SS',1003,51497,235700
'14SS',1003,51497,242700
'14SS',1003,51497,245300
'14SS',1003,51497,252000
