'14MF1',4701,51930,60500
'14MF1',4701,51930,62700
'14MF1',4701,51930,64900
'14MF1',4701,51930,71100
'14MF1',4701,51930,73300
'14MF1',4701,51930,75600
'14MF1',4701,51930,81900
'14MF1',4701,51930,84200
'14MF1',4701,51930,90500
'14MF1',4701,51930,92800
'14MF1',4701,51930,95200
'14MF1',4701,51930,101700
'14MF1',4701,51930,104200
'14MF1',4701,51930,110800
'14MF1',4701,51930,113400
'14MF1',4701,51930,120000
'14MF1',4701,51930,122600
'14MF1',4701,51930,125200
'14MF1',4701,51930,131800
'14MF1',4701,51930,134400
'14MF1',4701,51930,140700
'14MF1',4701,51930,143000
'14MF1',4701,51930,145400
'14MF1',4701,51930,151900
'14MF1',4701,51930,154300
'14MF1',4701,51930,160500
'14MF1',4701,51930,162600
'14MF1',4701,51930,164500
'14MF1',4701,51930,170300
'14MF1',4701,51930,172100
'14MF1',4701,51930,173900
'14MF1',4701,51930,175000
'14MF1',4701,51930,180100
'14MF1',4701,51930,181200
'14MF1',4701,51930,182300
'14MF1',4701,51930,184200
'14MF1',4701,51930,190600
'14MF1',4701,51930,193000
'14MF1',4701,51930,195400
'14MF1',4701,51930,201800
'14MF1',4701,51930,204200
'14MF1',4701,51930,210500
'14MF1',4701,51930,213000
'14MF1',4701,51930,215500
'14MF1',4701,51930,222200
'14MF1',4701,51930,225000
'14MF1',4701,51930,232500
'14MF1',4701,51930,242200
'14MF1',4701,51930,252000
'14MF1',4701,51974,60000
'14MF1',4701,51974,62200
'14MF1',4701,51974,64400
'14MF1',4701,51974,70600
'14MF1',4701,51974,72800
'14MF1',4701,51974,75100
'14MF1',4701,51974,81400
'14MF1',4701,51974,83700
'14MF1',4701,51974,90000
'14MF1',4701,51974,92300
'14MF1',4701,51974,94600
'14MF1',4701,51974,101100
'14MF1',4701,51974,103600
'14MF1',4701,51974,110200
'14MF1',4701,51974,112800
'14MF1',4701,51974,115400
'14MF1',4701,51974,122000
'14MF1',4701,51974,124600
'14MF1',4701,51974,131200
'14MF1',4701,51974,133800
'14MF1',4701,51974,140100
'14MF1',4701,51974,142400
'14MF1',4701,51974,144800
'14MF1',4701,51974,151300
'14MF1',4701,51974,153700
'14MF1',4701,51974,155900
'14MF1',4701,51974,162000
'14MF1',4701,51974,163900
'14MF1',4701,51974,165700
'14MF1',4701,51974,171500
'14MF1',4701,51974,173300
'14MF1',4701,51974,174400
'14MF1',4701,51974,175500
'14MF1',4701,51974,180600
'14MF1',4701,51974,181700
'14MF1',4701,51974,183700
'14MF1',4701,51974,190100
'14MF1',4701,51974,192500
'14MF1',4701,51974,194900
'14MF1',4701,51974,201300
'14MF1',4701,51974,203700
'14MF1',4701,51974,210000
'14MF1',4701,51974,212500
'14MF1',4701,51974,215000
'14MF1',4701,51974,221700
'14MF1',4701,51974,224500
'14MF1',4701,51974,232000
'14MF1',4701,51974,241700
'14MF1',4701,51974,251500
'14MF1',4701,51976,60600
'14MF1',4701,51976,62800
'14MF1',4701,51976,65000
'14MF1',4701,51976,71200
'14MF1',4701,51976,73400
'14MF1',4701,51976,75700
'14MF1',4701,51976,82000
'14MF1',4701,51976,84300
'14MF1',4701,51976,90600
'14MF1',4701,51976,92900
'14MF1',4701,51976,95300
'14MF1',4701,51976,101800
'14MF1',4701,51976,104300
'14MF1',4701,51976,110900
'14MF1',4701,51976,113500
'14MF1',4701,51976,120100
'14MF1',4701,51976,122700
'14MF1',4701,51976,125300
'14MF1',4701,51976,131900
'14MF1',4701,51976,134500
'14MF1',4701,51976,140800
'14MF1',4701,51976,143100
'14MF1',4701,51976,145500
'14MF1',4701,51976,152000
'14MF1',4701,51976,154400
'14MF1',4701,51976,160600
'14MF1',4701,51976,162700
'14MF1',4701,51976,164600
'14MF1',4701,51976,170400
'14MF1',4701,51976,172200
'14MF1',4701,51976,174000
'14MF1',4701,51976,175100
'14MF1',4701,51976,180200
'14MF1',4701,51976,181300
'14MF1',4701,51976,182400
'14MF1',4701,51976,184300
'14MF1',4701,51976,190700
'14MF1',4701,51976,193100
'14MF1',4701,51976,195500
'14MF1',4701,51976,201900
'14MF1',4701,51976,204300
'14MF1',4701,51976,210600
'14MF1',4701,51976,213100
'14MF1',4701,51976,215600
'14MF1',4701,51976,222300
'14MF1',4701,51976,225100
'14MF1',4701,51976,232600
'14MF1',4701,51976,242300
'14MF1',4701,51976,252100
'14MF1',4701,52043,60700
'14MF1',4701,52043,62900
'14MF1',4701,52043,65100
'14MF1',4701,52043,71300
'14MF1',4701,52043,73500
'14MF1',4701,52043,75800
'14MF1',4701,52043,82100
'14MF1',4701,52043,84400
'14MF1',4701,52043,90700
'14MF1',4701,52043,93000
'14MF1',4701,52043,95300
'14MF1',4701,52043,101800
'14MF1',4701,52043,104400
'14MF1',4701,52043,111000
'14MF1',4701,52043,113600
'14MF1',4701,52043,120200
'14MF1',4701,52043,122800
'14MF1',4701,52043,125400
'14MF1',4701,52043,132000
'14MF1',4701,52043,134600
'14MF1',4701,52043,140900
'14MF1',4701,52043,143200
'14MF1',4701,52043,145600
'14MF1',4701,52043,152100
'14MF1',4701,52043,154500
'14MF1',4701,52043,160700
'14MF1',4701,52043,162800
'14MF1',4701,52043,164700
'14MF1',4701,52043,170500
'14MF1',4701,52043,172300
'14MF1',4701,52043,174100
'14MF1',4701,52043,175200
'14MF1',4701,52043,180300
'14MF1',4701,52043,181400
'14MF1',4701,52043,182500
'14MF1',4701,52043,184400
'14MF1',4701,52043,190800
'14MF1',4701,52043,193200
'14MF1',4701,52043,195600
'14MF1',4701,52043,202000
'14MF1',4701,52043,204400
'14MF1',4701,52043,210700
'14MF1',4701,52043,213200
'14MF1',4701,52043,215700
'14MF1',4701,52043,222400
'14MF1',4701,52043,225200
'14MF1',4701,52043,232700
'14MF1',4701,52043,242400
'14MF1',4701,52043,252200
'14MF1',4701,52090,60700
'14MF1',4701,52090,62900
'14MF1',4701,52090,65100
'14MF1',4701,52090,71300
'14MF1',4701,52090,73500
'14MF1',4701,52090,75800
'14MF1',4701,52090,82100
'14MF1',4701,52090,84400
'14MF1',4701,52090,90700
'14MF1',4701,52090,93000
'14MF1',4701,52090,95400
'14MF1',4701,52090,101900
'14MF1',4701,52090,104500
'14MF1',4701,52090,111100
'14MF1',4701,52090,113700
'14MF1',4701,52090,120300
'14MF1',4701,52090,122900
'14MF1',4701,52090,125500
'14MF1',4701,52090,132100
'14MF1',4701,52090,134700
'14MF1',4701,52090,141000
'14MF1',4701,52090,143300
'14MF1',4701,52090,145700
'14MF1',4701,52090,152200
'14MF1',4701,52090,154600
'14MF1',4701,52090,160800
'14MF1',4701,52090,162900
'14MF1',4701,52090,164800
'14MF1',4701,52090,170600
'14MF1',4701,52090,172400
'14MF1',4701,52090,174200
'14MF1',4701,52090,175300
'14MF1',4701,52090,180400
'14MF1',4701,52090,181500
'14MF1',4701,52090,182600
'14MF1',4701,52090,184400
'14MF1',4701,52090,190800
'14MF1',4701,52090,193200
'14MF1',4701,52090,195600
'14MF1',4701,52090,202000
'14MF1',4701,52090,204400
'14MF1',4701,52090,210700
'14MF1',4701,52090,213200
'14MF1',4701,52090,215700
'14MF1',4701,52090,222400
'14MF1',4701,52090,225200
'14MF1',4701,52090,232700
'14MF1',4701,52090,242400
'14MF1',4701,52090,252200
'14MF1',4701,52190,60900
'14MF1',4701,52190,63100
'14MF1',4701,52190,65300
'14MF1',4701,52190,71500
'14MF1',4701,52190,73700
'14MF1',4701,52190,80000
'14MF1',4701,52190,82300
'14MF1',4701,52190,84600
'14MF1',4701,52190,90900
'14MF1',4701,52190,93200
'14MF1',4701,52190,95600
'14MF1',4701,52190,102100
'14MF1',4701,52190,104700
'14MF1',4701,52190,111300
'14MF1',4701,52190,113900
'14MF1',4701,52190,120500
'14MF1',4701,52190,123100
'14MF1',4701,52190,125700
'14MF1',4701,52190,132300
'14MF1',4701,52190,134900
'14MF1',4701,52190,141200
'14MF1',4701,52190,143500
'14MF1',4701,52190,145900
'14MF1',4701,52190,152400
'14MF1',4701,52190,154800
'14MF1',4701,52190,161000
'14MF1',4701,52190,163100
'14MF1',4701,52190,165000
'14MF1',4701,52190,170800
'14MF1',4701,52190,172600
'14MF1',4701,52190,174400
'14MF1',4701,52190,175500
'14MF1',4701,52190,180600
'14MF1',4701,52190,181700
'14MF1',4701,52190,182800
'14MF1',4701,52190,184600
'14MF1',4701,52190,191000
'14MF1',4701,52190,193400
'14MF1',4701,52190,195800
'14MF1',4701,52190,202200
'14MF1',4701,52190,204600
'14MF1',4701,52190,210900
'14MF1',4701,52190,213400
'14MF1',4701,52190,215900
'14MF1',4701,52190,222600
'14MF1',4701,52190,225400
'14MF1',4701,52190,232900
'14MF1',4701,52190,242600
'14MF1',4701,52190,252400
'14MF1',4701,52214,61000
'14MF1',4701,52214,63200
'14MF1',4701,52214,65400
'14MF1',4701,52214,71600
'14MF1',4701,52214,73800
'14MF1',4701,52214,80100
'14MF1',4701,52214,82400
'14MF1',4701,52214,84700
'14MF1',4701,52214,91000
'14MF1',4701,52214,93300
'14MF1',4701,52214,95700
'14MF1',4701,52214,102200
'14MF1',4701,52214,104800
'14MF1',4701,52214,111400
'14MF1',4701,52214,114000
'14MF1',4701,52214,120600
'14MF1',4701,52214,123200
'14MF1',4701,52214,125800
'14MF1',4701,52214,132400
'14MF1',4701,52214,135000
'14MF1',4701,52214,141300
'14MF1',4701,52214,143600
'14MF1',4701,52214,150000
'14MF1',4701,52214,152500
'14MF1',4701,52214,154900
'14MF1',4701,52214,161100
'14MF1',4701,52214,163200
'14MF1',4701,52214,165100
'14MF1',4701,52214,170900
'14MF1',4701,52214,172700
'14MF1',4701,52214,174500
'14MF1',4701,52214,175600
'14MF1',4701,52214,180700
'14MF1',4701,52214,181800
'14MF1',4701,52214,182900
'14MF1',4701,52214,184700
'14MF1',4701,52214,191100
'14MF1',4701,52214,193500
'14MF1',4701,52214,195900
'14MF1',4701,52214,202300
'14MF1',4701,52214,204700
'14MF1',4701,52214,211000
'14MF1',4701,52214,213500
'14MF1',4701,52214,220000
'14MF1',4701,52214,222700
'14MF1',4701,52214,225500
'14MF1',4701,52214,233000
'14MF1',4701,52214,242700
'14MF1',4701,52214,252500
'14MF1',4701,52248,61000
'14MF1',4701,52248,63200
'14MF1',4701,52248,65400
'14MF1',4701,52248,71600
'14MF1',4701,52248,73800
'14MF1',4701,52248,80100
'14MF1',4701,52248,82400
'14MF1',4701,52248,84700
'14MF1',4701,52248,91000
'14MF1',4701,52248,93300
'14MF1',4701,52248,95800
'14MF1',4701,52248,102300
'14MF1',4701,52248,104900
'14MF1',4701,52248,111500
'14MF1',4701,52248,114100
'14MF1',4701,52248,120700
'14MF1',4701,52248,123300
'14MF1',4701,52248,125900
'14MF1',4701,52248,132500
'14MF1',4701,52248,135100
'14MF1',4701,52248,141400
'14MF1',4701,52248,143700
'14MF1',4701,52248,150100
'14MF1',4701,52248,152600
'14MF1',4701,52248,155000
'14MF1',4701,52248,161200
'14MF1',4701,52248,163300
'14MF1',4701,52248,165200
'14MF1',4701,52248,171000
'14MF1',4701,52248,172800
'14MF1',4701,52248,174600
'14MF1',4701,52248,175700
'14MF1',4701,52248,180800
'14MF1',4701,52248,181900
'14MF1',4701,52248,182900
'14MF1',4701,52248,184700
'14MF1',4701,52248,191100
'14MF1',4701,52248,193500
'14MF1',4701,52248,195900
'14MF1',4701,52248,202300
'14MF1',4701,52248,204700
'14MF1',4701,52248,211000
'14MF1',4701,52248,213500
'14MF1',4701,52248,220000
'14MF1',4701,52248,222700
'14MF1',4701,52248,225500
'14MF1',4701,52248,233000
'14MF1',4701,52248,242700
'14MF1',4701,52248,252500
'14MF1',4701,52270,61100
'14MF1',4701,52270,63300
'14MF1',4701,52270,65500
'14MF1',4701,52270,71700
'14MF1',4701,52270,73900
'14MF1',4701,52270,80200
'14MF1',4701,52270,82500
'14MF1',4701,52270,84800
'14MF1',4701,52270,91100
'14MF1',4701,52270,93400
'14MF1',4701,52270,95800
'14MF1',4701,52270,102400
'14MF1',4701,52270,105000
'14MF1',4701,52270,111600
'14MF1',4701,52270,114200
'14MF1',4701,52270,120800
'14MF1',4701,52270,123400
'14MF1',4701,52270,130000
'14MF1',4701,52270,132600
'14MF1',4701,52270,135200
'14MF1',4701,52270,141500
'14MF1',4701,52270,143800
'14MF1',4701,52270,150200
'14MF1',4701,52270,152700
'14MF1',4701,52270,155100
'14MF1',4701,52270,161300
'14MF1',4701,52270,163400
'14MF1',4701,52270,165300
'14MF1',4701,52270,171100
'14MF1',4701,52270,172900
'14MF1',4701,52270,174700
'14MF1',4701,52270,175800
'14MF1',4701,52270,180900
'14MF1',4701,52270,182000
'14MF1',4701,52270,183000
'14MF1',4701,52270,184800
'14MF1',4701,52270,191200
'14MF1',4701,52270,193600
'14MF1',4701,52270,200000
'14MF1',4701,52270,202400
'14MF1',4701,52270,204800
'14MF1',4701,52270,211100
'14MF1',4701,52270,213600
'14MF1',4701,52270,220100
'14MF1',4701,52270,222800
'14MF1',4701,52270,225600
'14MF1',4701,52270,233100
'14MF1',4701,52270,242800
'14MF1',4701,52270,252600
'14MF1',4701,52299,61200
'14MF1',4701,52299,63400
'14MF1',4701,52299,65600
'14MF1',4701,52299,71800
'14MF1',4701,52299,74000
'14MF1',4701,52299,80300
'14MF1',4701,52299,82600
'14MF1',4701,52299,84900
'14MF1',4701,52299,91200
'14MF1',4701,52299,93500
'14MF1',4701,52299,95900
'14MF1',4701,52299,102400
'14MF1',4701,52299,105000
'14MF1',4701,52299,111600
'14MF1',4701,52299,114200
'14MF1',4701,52299,120800
'14MF1',4701,52299,123400
'14MF1',4701,52299,130000
'14MF1',4701,52299,132600
'14MF1',4701,52299,135200
'14MF1',4701,52299,141500
'14MF1',4701,52299,143800
'14MF1',4701,52299,150200
'14MF1',4701,52299,152700
'14MF1',4701,52299,155100
'14MF1',4701,52299,161300
'14MF1',4701,52299,163400
'14MF1',4701,52299,165300
'14MF1',4701,52299,171100
'14MF1',4701,52299,172900
'14MF1',4701,52299,174700
'14MF1',4701,52299,175800
'14MF1',4701,52299,180900
'14MF1',4701,52299,182000
'14MF1',4701,52299,183100
'14MF1',4701,52299,184900
'14MF1',4701,52299,191300
'14MF1',4701,52299,193700
'14MF1',4701,52299,200100
'14MF1',4701,52299,202500
'14MF1',4701,52299,204900
'14MF1',4701,52299,211200
'14MF1',4701,52299,213700
'14MF1',4701,52299,220200
'14MF1',4701,52299,222900
'14MF1',4701,52299,225700
'14MF1',4701,52299,233200
'14MF1',4701,52299,242900
'14MF1',4701,52299,252700
'14MF1',4701,52317,61300
'14MF1',4701,52317,63500
'14MF1',4701,52317,65700
'14MF1',4701,52317,71900
'14MF1',4701,52317,74100
'14MF1',4701,52317,80400
'14MF1',4701,52317,82700
'14MF1',4701,52317,85000
'14MF1',4701,52317,91300
'14MF1',4701,52317,93600
'14MF1',4701,52317,100000
'14MF1',4701,52317,102500
'14MF1',4701,52317,105100
'14MF1',4701,52317,111700
'14MF1',4701,52317,114300
'14MF1',4701,52317,120900
'14MF1',4701,52317,123500
'14MF1',4701,52317,130100
'14MF1',4701,52317,132700
'14MF1',4701,52317,135300
'14MF1',4701,52317,141600
'14MF1',4701,52317,143900
'14MF1',4701,52317,150300
'14MF1',4701,52317,152800
'14MF1',4701,52317,155200
'14MF1',4701,52317,161400
'14MF1',4701,52317,163500
'14MF1',4701,52317,165400
'14MF1',4701,52317,171200
'14MF1',4701,52317,173000
'14MF1',4701,52317,174800
'14MF1',4701,52317,175900
'14MF1',4701,52317,181000
'14MF1',4701,52317,182100
'14MF1',4701,52317,183200
'14MF1',4701,52317,185000
'14MF1',4701,52317,191400
'14MF1',4701,52317,193800
'14MF1',4701,52317,200200
'14MF1',4701,52317,202600
'14MF1',4701,52317,205000
'14MF1',4701,52317,211300
'14MF1',4701,52317,213800
'14MF1',4701,52317,220300
'14MF1',4701,52317,223000
'14MF1',4701,52317,225800
'14MF1',4701,52317,233300
'14MF1',4701,52317,243000
'14MF1',4701,52317,252800
'14MF1',4701,52350,61300
'14MF1',4701,52350,63500
'14MF1',4701,52350,65700
'14MF1',4701,52350,71900
'14MF1',4701,52350,74100
'14MF1',4701,52350,80400
'14MF1',4701,52350,82700
'14MF1',4701,52350,85000
'14MF1',4701,52350,91300
'14MF1',4701,52350,93600
'14MF1',4701,52350,100100
'14MF1',4701,52350,102600
'14MF1',4701,52350,105200
'14MF1',4701,52350,111800
'14MF1',4701,52350,114400
'14MF1',4701,52350,121000
'14MF1',4701,52350,123600
'14MF1',4701,52350,130200
'14MF1',4701,52350,132800
'14MF1',4701,52350,135400
'14MF1',4701,52350,141700
'14MF1',4701,52350,144000
'14MF1',4701,52350,150400
'14MF1',4701,52350,152900
'14MF1',4701,52350,155300
'14MF1',4701,52350,161500
'14MF1',4701,52350,163600
'14MF1',4701,52350,165500
'14MF1',4701,52350,171300
'14MF1',4701,52350,173100
'14MF1',4701,52350,174900
'14MF1',4701,52350,180000
'14MF1',4701,52350,181100
'14MF1',4701,52350,182200
'14MF1',4701,52350,183200
'14MF1',4701,52350,185000
'14MF1',4701,52350,191400
'14MF1',4701,52350,193800
'14MF1',4701,52350,200200
'14MF1',4701,52350,202600
'14MF1',4701,52350,205000
'14MF1',4701,52350,211300
'14MF1',4701,52350,213800
'14MF1',4701,52350,220300
'14MF1',4701,52350,223000
'14MF1',4701,52350,225800
'14MF1',4701,52350,233300
'14MF1',4701,52350,243000
'14MF1',4701,52350,252800
'14MF1',4701,52371,61400
'14MF1',4701,52371,63600
'14MF1',4701,52371,65800
'14MF1',4701,52371,72000
'14MF1',4701,52371,74200
'14MF1',4701,52371,80500
'14MF1',4701,52371,82800
'14MF1',4701,52371,85100
'14MF1',4701,52371,91400
'14MF1',4701,52371,93700
'14MF1',4701,52371,100200
'14MF1',4701,52371,102700
'14MF1',4701,52371,105300
'14MF1',4701,52371,111900
'14MF1',4701,52371,114500
'14MF1',4701,52371,121100
'14MF1',4701,52371,123700
'14MF1',4701,52371,130300
'14MF1',4701,52371,132900
'14MF1',4701,52371,135500
'14MF1',4701,52371,141800
'14MF1',4701,52371,144100
'14MF1',4701,52371,150500
'14MF1',4701,52371,153000
'14MF1',4701,52371,155400
'14MF1',4701,52371,161600
'14MF1',4701,52371,163700
'14MF1',4701,52371,165600
'14MF1',4701,52371,171400
'14MF1',4701,52371,173200
'14MF1',4701,52371,175000
'14MF1',4701,52371,180100
'14MF1',4701,52371,181200
'14MF1',4701,52371,182300
'14MF1',4701,52371,183300
'14MF1',4701,52371,185100
'14MF1',4701,52371,191500
'14MF1',4701,52371,193900
'14MF1',4701,52371,200300
'14MF1',4701,52371,202700
'14MF1',4701,52371,205100
'14MF1',4701,52371,211400
'14MF1',4701,52371,213900
'14MF1',4701,52371,220400
'14MF1',4701,52371,223100
'14MF1',4701,52371,225900
'14MF1',4701,52371,233400
'14MF1',4701,52371,243100
'14MF1',4701,52371,252900
'14MF1',4701,52392,61500
'14MF1',4701,52392,63700
'14MF1',4701,52392,65900
'14MF1',4701,52392,72100
'14MF1',4701,52392,74300
'14MF1',4701,52392,80600
'14MF1',4701,52392,82900
'14MF1',4701,52392,85200
'14MF1',4701,52392,91500
'14MF1',4701,52392,93800
'14MF1',4701,52392,100300
'14MF1',4701,52392,102800
'14MF1',4701,52392,105400
'14MF1',4701,52392,112000
'14MF1',4701,52392,114600
'14MF1',4701,52392,121200
'14MF1',4701,52392,123800
'14MF1',4701,52392,130400
'14MF1',4701,52392,133000
'14MF1',4701,52392,135600
'14MF1',4701,52392,141900
'14MF1',4701,52392,144200
'14MF1',4701,52392,150600
'14MF1',4701,52392,153100
'14MF1',4701,52392,155500
'14MF1',4701,52392,161700
'14MF1',4701,52392,163800
'14MF1',4701,52392,165700
'14MF1',4701,52392,171500
'14MF1',4701,52392,173300
'14MF1',4701,52392,175100
'14MF1',4701,52392,180200
'14MF1',4701,52392,181300
'14MF1',4701,52392,182400
'14MF1',4701,52392,183400
'14MF1',4701,52392,185200
'14MF1',4701,52392,191600
'14MF1',4701,52392,194000
'14MF1',4701,52392,200400
'14MF1',4701,52392,202800
'14MF1',4701,52392,205200
'14MF1',4701,52392,211500
'14MF1',4701,52392,214000
'14MF1',4701,52392,220500
'14MF1',4701,52392,223200
'14MF1',4701,52392,230000
'14MF1',4701,52392,233500
'14MF1',4701,52392,243200
'14MF1',4701,52392,253000
'14MF1',4701,52426,61600
'14MF1',4701,52426,63800
'14MF1',4701,52426,70000
'14MF1',4701,52426,72200
'14MF1',4701,52426,74400
'14MF1',4701,52426,80700
'14MF1',4701,52426,83000
'14MF1',4701,52426,85300
'14MF1',4701,52426,91600
'14MF1',4701,52426,93900
'14MF1',4701,52426,100400
'14MF1',4701,52426,103000
'14MF1',4701,52426,105600
'14MF1',4701,52426,112200
'14MF1',4701,52426,114800
'14MF1',4701,52426,121400
'14MF1',4701,52426,124000
'14MF1',4701,52426,130600
'14MF1',4701,52426,133200
'14MF1',4701,52426,135800
'14MF1',4701,52426,142100
'14MF1',4701,52426,144400
'14MF1',4701,52426,150800
'14MF1',4701,52426,153300
'14MF1',4701,52426,155700
'14MF1',4701,52426,161900
'14MF1',4701,52426,164000
'14MF1',4701,52426,165900
'14MF1',4701,52426,171700
'14MF1',4701,52426,173500
'14MF1',4701,52426,175300
'14MF1',4701,52426,180400
'14MF1',4701,52426,181500
'14MF1',4701,52426,182600
'14MF1',4701,52426,183500
'14MF1',4701,52426,185300
'14MF1',4701,52426,191700
'14MF1',4701,52426,194100
'14MF1',4701,52426,200500
'14MF1',4701,52426,202900
'14MF1',4701,52426,205300
'14MF1',4701,52426,211600
'14MF1',4701,52426,214100
'14MF1',4701,52426,220600
'14MF1',4701,52426,223300
'14MF1',4701,52426,230100
'14MF1',4701,52426,233600
'14MF1',4701,52426,243300
'14MF1',4701,52426,253100
'14MF1',4701,52465,61800
'14MF1',4701,52465,64000
'14MF1',4701,52465,70200
'14MF1',4701,52465,72400
'14MF1',4701,52465,74600
'14MF1',4701,52465,80900
'14MF1',4701,52465,83200
'14MF1',4701,52465,85500
'14MF1',4701,52465,91800
'14MF1',4701,52465,94100
'14MF1',4701,52465,100500
'14MF1',4701,52465,103100
'14MF1',4701,52465,105700
'14MF1',4701,52465,112300
'14MF1',4701,52465,114900
'14MF1',4701,52465,121500
'14MF1',4701,52465,124100
'14MF1',4701,52465,130700
'14MF1',4701,52465,133300
'14MF1',4701,52465,135900
'14MF1',4701,52465,142200
'14MF1',4701,52465,144500
'14MF1',4701,52465,150900
'14MF1',4701,52465,153400
'14MF1',4701,52465,155800
'14MF1',4701,52465,162000
'14MF1',4701,52465,164100
'14MF1',4701,52465,170000
'14MF1',4701,52465,171800
'14MF1',4701,52465,173600
'14MF1',4701,52465,175400
'14MF1',4701,52465,180500
'14MF1',4701,52465,181600
'14MF1',4701,52465,182700
'14MF1',4701,52465,183700
'14MF1',4701,52465,185500
'14MF1',4701,52465,191900
'14MF1',4701,52465,194300
'14MF1',4701,52465,200700
'14MF1',4701,52465,203100
'14MF1',4701,52465,205500
'14MF1',4701,52465,211800
'14MF1',4701,52465,214300
'14MF1',4701,52465,220800
'14MF1',4701,52465,223500
'14MF1',4701,52465,230300
'14MF1',4701,52465,233800
'14MF1',4701,52465,243500
'14MF1',4701,52465,253300
'14MF1',4701,52497,61800
'14MF1',4701,52497,64000
'14MF1',4701,52497,70200
'14MF1',4701,52497,72400
'14MF1',4701,52497,74600
'14MF1',4701,52497,80900
'14MF1',4701,52497,83200
'14MF1',4701,52497,85500
'14MF1',4701,52497,91800
'14MF1',4701,52497,94100
'14MF1',4701,52497,100600
'14MF1',4701,52497,103200
'14MF1',4701,52497,105800
'14MF1',4701,52497,112400
'14MF1',4701,52497,115000
'14MF1',4701,52497,121600
'14MF1',4701,52497,124200
'14MF1',4701,52497,130800
'14MF1',4701,52497,133400
'14MF1',4701,52497,140000
'14MF1',4701,52497,142300
'14MF1',4701,52497,144600
'14MF1',4701,52497,151000
'14MF1',4701,52497,153500
'14MF1',4701,52497,155900
'14MF1',4701,52497,162100
'14MF1',4701,52497,164200
'14MF1',4701,52497,170100
'14MF1',4701,52497,171900
'14MF1',4701,52497,173700
'14MF1',4701,52497,175500
'14MF1',4701,52497,180600
'14MF1',4701,52497,181700
'14MF1',4701,52497,182800
'14MF1',4701,52497,183700
'14MF1',4701,52497,185500
'14MF1',4701,52497,191900
'14MF1',4701,52497,194300
'14MF1',4701,52497,200700
'14MF1',4701,52497,203100
'14MF1',4701,52497,205500
'14MF1',4701,52497,211800
'14MF1',4701,52497,214300
'14MF1',4701,52497,220800
'14MF1',4701,52497,223500
'14MF1',4701,52497,230300
'14MF1',4701,52497,233800
'14MF1',4701,52497,243500
'14MF1',4701,52497,253300
'14MF1',4701,52578,62000
'14MF1',4701,52578,64200
'14MF1',4701,52578,70400
'14MF1',4701,52578,72600
'14MF1',4701,52578,74800
'14MF1',4701,52578,81100
'14MF1',4701,52578,83400
'14MF1',4701,52578,85700
'14MF1',4701,52578,92000
'14MF1',4701,52578,94300
'14MF1',4701,52578,100800
'14MF1',4701,52578,103400
'14MF1',4701,52578,110000
'14MF1',4701,52578,112600
'14MF1',4701,52578,115200
'14MF1',4701,52578,121800
'14MF1',4701,52578,124400
'14MF1',4701,52578,131000
'14MF1',4701,52578,133600
'14MF1',4701,52578,140200
'14MF1',4701,52578,142500
'14MF1',4701,52578,144800
'14MF1',4701,52578,151200
'14MF1',4701,52578,153700
'14MF1',4701,52578,160100
'14MF1',4701,52578,162300
'14MF1',4701,52578,164400
'14MF1',4701,52578,170300
'14MF1',4701,52578,172100
'14MF1',4701,52578,173900
'14MF1',4701,52578,175700
'14MF1',4701,52578,180800
'14MF1',4701,52578,181900
'14MF1',4701,52578,183000
'14MF1',4701,52578,183900
'14MF1',4701,52578,185700
'14MF1',4701,52578,192100
'14MF1',4701,52578,194500
'14MF1',4701,52578,200900
'14MF1',4701,52578,203300
'14MF1',4701,52578,205700
'14MF1',4701,52578,212000
'14MF1',4701,52578,214500
'14MF1',4701,52578,221000
'14MF1',4701,52578,223700
'14MF1',4701,52578,230500
'14MF1',4701,52578,234000
'14MF1',4701,52578,243700
'14MF1',4701,52578,253500
'14MF1',4701,61299,60100
'14MF1',4701,61299,62300
'14MF1',4701,61299,64500
'14MF1',4701,61299,70700
'14MF1',4701,61299,72900
'14MF1',4701,61299,75200
'14MF1',4701,61299,81500
'14MF1',4701,61299,83800
'14MF1',4701,61299,90100
'14MF1',4701,61299,92400
'14MF1',4701,61299,94800
'14MF1',4701,61299,101300
'14MF1',4701,61299,103800
'14MF1',4701,61299,110400
'14MF1',4701,61299,113000
'14MF1',4701,61299,115600
'14MF1',4701,61299,122200
'14MF1',4701,61299,124800
'14MF1',4701,61299,131400
'14MF1',4701,61299,134000
'14MF1',4701,61299,140300
'14MF1',4701,61299,142600
'14MF1',4701,61299,145000
'14MF1',4701,61299,151500
'14MF1',4701,61299,153900
'14MF1',4701,61299,160100
'14MF1',4701,61299,162200
'14MF1',4701,61299,164100
'14MF1',4701,61299,165900
'14MF1',4701,61299,171700
'14MF1',4701,61299,173500
'14MF1',4701,61299,174600
'14MF1',4701,61299,175700
'14MF1',4701,61299,180800
'14MF1',4701,61299,181900
'14MF1',4701,61299,183800
'14MF1',4701,61299,190200
'14MF1',4701,61299,192600
'14MF1',4701,61299,195000
'14MF1',4701,61299,201400
'14MF1',4701,61299,203800
'14MF1',4701,61299,210100
'14MF1',4701,61299,212600
'14MF1',4701,61299,215100
'14MF1',4701,61299,221800
'14MF1',4701,61299,224600
'14MF1',4701,61299,232100
'14MF1',4701,61299,241800
'14MF1',4701,61299,251600
'14MF1',4701,61301,60300
'14MF1',4701,61301,62500
'14MF1',4701,61301,64700
'14MF1',4701,61301,70900
'14MF1',4701,61301,73100
'14MF1',4701,61301,75400
'14MF1',4701,61301,81700
'14MF1',4701,61301,84000
'14MF1',4701,61301,90300
'14MF1',4701,61301,92600
'14MF1',4701,61301,94900
'14MF1',4701,61301,101400
'14MF1',4701,61301,103900
'14MF1',4701,61301,110500
'14MF1',4701,61301,113100
'14MF1',4701,61301,115700
'14MF1',4701,61301,122300
'14MF1',4701,61301,124900
'14MF1',4701,61301,131500
'14MF1',4701,61301,134100
'14MF1',4701,61301,140400
'14MF1',4701,61301,142700
'14MF1',4701,61301,145100
'14MF1',4701,61301,151600
'14MF1',4701,61301,154000
'14MF1',4701,61301,160200
'14MF1',4701,61301,162300
'14MF1',4701,61301,164200
'14MF1',4701,61301,170000
'14MF1',4701,61301,171800
'14MF1',4701,61301,173600
'14MF1',4701,61301,174700
'14MF1',4701,61301,175800
'14MF1',4701,61301,180900
'14MF1',4701,61301,182000
'14MF1',4701,61301,184000
'14MF1',4701,61301,190400
'14MF1',4701,61301,192800
'14MF1',4701,61301,195200
'14MF1',4701,61301,201600
'14MF1',4701,61301,204000
'14MF1',4701,61301,210300
'14MF1',4701,61301,212800
'14MF1',4701,61301,215300
'14MF1',4701,61301,222000
'14MF1',4701,61301,224800
'14MF1',4701,61301,232300
'14MF1',4701,61301,242000
'14MF1',4701,61301,251800
'14MF1',4701,61302,60500
'14MF1',4701,61302,62700
'14MF1',4701,61302,64900
'14MF1',4701,61302,71100
'14MF1',4701,61302,73300
'14MF1',4701,61302,75600
'14MF1',4701,61302,81900
'14MF1',4701,61302,84200
'14MF1',4701,61302,90500
'14MF1',4701,61302,92800
'14MF1',4701,61302,95100
'14MF1',4701,61302,101600
'14MF1',4701,61302,104200
'14MF1',4701,61302,110800
'14MF1',4701,61302,113400
'14MF1',4701,61302,120000
'14MF1',4701,61302,122600
'14MF1',4701,61302,125200
'14MF1',4701,61302,131800
'14MF1',4701,61302,134400
'14MF1',4701,61302,140700
'14MF1',4701,61302,143000
'14MF1',4701,61302,145400
'14MF1',4701,61302,151900
'14MF1',4701,61302,154300
'14MF1',4701,61302,160500
'14MF1',4701,61302,162600
'14MF1',4701,61302,164500
'14MF1',4701,61302,170300
'14MF1',4701,61302,172100
'14MF1',4701,61302,173900
'14MF1',4701,61302,175000
'14MF1',4701,61302,180100
'14MF1',4701,61302,181200
'14MF1',4701,61302,182300
'14MF1',4701,61302,184200
'14MF1',4701,61302,190600
'14MF1',4701,61302,193000
'14MF1',4701,61302,195400
'14MF1',4701,61302,201800
'14MF1',4701,61302,204200
'14MF1',4701,61302,210500
'14MF1',4701,61302,213000
'14MF1',4701,61302,215500
'14MF1',4701,61302,222200
'14MF1',4701,61302,225000
'14MF1',4701,61302,232500
'14MF1',4701,61302,242200
'14MF1',4701,61302,252000
'14MF1',4701,61370,60300
'14MF1',4701,61370,62500
'14MF1',4701,61370,64700
'14MF1',4701,61370,70900
'14MF1',4701,61370,73100
'14MF1',4701,61370,75400
'14MF1',4701,61370,81700
'14MF1',4701,61370,84000
'14MF1',4701,61370,90300
'14MF1',4701,61370,92600
'14MF1',4701,61370,95000
'14MF1',4701,61370,101500
'14MF1',4701,61370,104000
'14MF1',4701,61370,110600
'14MF1',4701,61370,113200
'14MF1',4701,61370,115800
'14MF1',4701,61370,122400
'14MF1',4701,61370,125000
'14MF1',4701,61370,131600
'14MF1',4701,61370,134200
'14MF1',4701,61370,140500
'14MF1',4701,61370,142800
'14MF1',4701,61370,145200
'14MF1',4701,61370,151700
'14MF1',4701,61370,154100
'14MF1',4701,61370,160300
'14MF1',4701,61370,162400
'14MF1',4701,61370,164300
'14MF1',4701,61370,170100
'14MF1',4701,61370,171900
'14MF1',4701,61370,173700
'14MF1',4701,61370,174800
'14MF1',4701,61370,175900
'14MF1',4701,61370,181000
'14MF1',4701,61370,182100
'14MF1',4701,61370,184000
'14MF1',4701,61370,190400
'14MF1',4701,61370,192800
'14MF1',4701,61370,195200
'14MF1',4701,61370,201600
'14MF1',4701,61370,204000
'14MF1',4701,61370,210300
'14MF1',4701,61370,212800
'14MF1',4701,61370,215300
'14MF1',4701,61370,222000
'14MF1',4701,61370,224800
'14MF1',4701,61370,232300
'14MF1',4701,61370,242000
'14MF1',4701,61370,251800
'14MF1',4702,51816,61600
'14MF1',4702,51816,64000
'14MF1',4702,51816,70200
'14MF1',4702,51816,72400
'14MF1',4702,51816,74600
'14MF1',4702,51816,80800
'14MF1',4702,51816,83100
'14MF1',4702,51816,85500
'14MF1',4702,51816,91800
'14MF1',4702,51816,94100
'14MF1',4702,51816,100600
'14MF1',4702,51816,103100
'14MF1',4702,51816,105700
'14MF1',4702,51816,112300
'14MF1',4702,51816,114900
'14MF1',4702,51816,121500
'14MF1',4702,51816,123400
'14MF1',4702,51816,125300
'14MF1',4702,51816,131300
'14MF1',4702,51816,133300
'14MF1',4702,51816,135300
'14MF1',4702,51816,141300
'14MF1',4702,51816,143300
'14MF1',4702,51816,145300
'14MF1',4702,51816,151300
'14MF1',4702,51816,153200
'14MF1',4702,51816,155200
'14MF1',4702,51816,161200
'14MF1',4702,51816,163100
'14MF1',4702,51816,165100
'14MF1',4702,51816,171000
'14MF1',4702,51816,172600
'14MF1',4702,51816,174400
'14MF1',4702,51816,180800
'14MF1',4702,51816,183200
'14MF1',4702,51816,185500
'14MF1',4702,51816,191800
'14MF1',4702,51816,194200
'14MF1',4702,51816,200700
'14MF1',4702,51816,203200
'14MF1',4702,51816,205500
'14MF1',4702,51816,211900
'14MF1',4702,51816,214400
'14MF1',4702,51816,220900
'14MF1',4702,51816,223500
'14MF1',4702,51816,231300
'14MF1',4702,51816,240100
'14MF1',4702,51816,251000
'14MF1',4702,51852,61300
'14MF1',4702,51852,63700
'14MF1',4702,51852,65900
'14MF1',4702,51852,72100
'14MF1',4702,51852,74300
'14MF1',4702,51852,80500
'14MF1',4702,51852,82900
'14MF1',4702,51852,85300
'14MF1',4702,51852,91600
'14MF1',4702,51852,93900
'14MF1',4702,51852,100300
'14MF1',4702,51852,102800
'14MF1',4702,51852,105400
'14MF1',4702,51852,112000
'14MF1',4702,51852,114600
'14MF1',4702,51852,121200
'14MF1',4702,51852,123100
'14MF1',4702,51852,125000
'14MF1',4702,51852,131000
'14MF1',4702,51852,133000
'14MF1',4702,51852,135000
'14MF1',4702,51852,141000
'14MF1',4702,51852,143000
'14MF1',4702,51852,145000
'14MF1',4702,51852,151000
'14MF1',4702,51852,152900
'14MF1',4702,51852,154900
'14MF1',4702,51852,160900
'14MF1',4702,51852,162800
'14MF1',4702,51852,164800
'14MF1',4702,51852,170700
'14MF1',4702,51852,172300
'14MF1',4702,51852,174100
'14MF1',4702,51852,180500
'14MF1',4702,51852,182900
'14MF1',4702,51852,185300
'14MF1',4702,51852,191600
'14MF1',4702,51852,194000
'14MF1',4702,51852,200500
'14MF1',4702,51852,203000
'14MF1',4702,51852,205300
'14MF1',4702,51852,211700
'14MF1',4702,51852,214200
'14MF1',4702,51852,220700
'14MF1',4702,51852,223300
'14MF1',4702,51852,231100
'14MF1',4702,51852,235900
'14MF1',4702,51852,250800
'14MF1',4702,51864,61600
'14MF1',4702,51864,64000
'14MF1',4702,51864,70200
'14MF1',4702,51864,72400
'14MF1',4702,51864,74600
'14MF1',4702,51864,80800
'14MF1',4702,51864,83200
'14MF1',4702,51864,85600
'14MF1',4702,51864,91900
'14MF1',4702,51864,94200
'14MF1',4702,51864,100700
'14MF1',4702,51864,103200
'14MF1',4702,51864,105800
'14MF1',4702,51864,112400
'14MF1',4702,51864,115000
'14MF1',4702,51864,121600
'14MF1',4702,51864,123500
'14MF1',4702,51864,125400
'14MF1',4702,51864,131400
'14MF1',4702,51864,133400
'14MF1',4702,51864,135400
'14MF1',4702,51864,141400
'14MF1',4702,51864,143400
'14MF1',4702,51864,145400
'14MF1',4702,51864,151400
'14MF1',4702,51864,153300
'14MF1',4702,51864,155300
'14MF1',4702,51864,161300
'14MF1',4702,51864,163200
'14MF1',4702,51864,165200
'14MF1',4702,51864,171100
'14MF1',4702,51864,172700
'14MF1',4702,51864,174500
'14MF1',4702,51864,180900
'14MF1',4702,51864,183300
'14MF1',4702,51864,185600
'14MF1',4702,51864,191900
'14MF1',4702,51864,194300
'14MF1',4702,51864,200800
'14MF1',4702,51864,203300
'14MF1',4702,51864,205600
'14MF1',4702,51864,212000
'14MF1',4702,51864,214500
'14MF1',4702,51864,221000
'14MF1',4702,51864,223600
'14MF1',4702,51864,231400
'14MF1',4702,51864,240200
'14MF1',4702,51864,251100
'14MF1',4702,51893,61200
'14MF1',4702,51893,63600
'14MF1',4702,51893,65800
'14MF1',4702,51893,72000
'14MF1',4702,51893,74200
'14MF1',4702,51893,80400
'14MF1',4702,51893,82800
'14MF1',4702,51893,85200
'14MF1',4702,51893,91500
'14MF1',4702,51893,93800
'14MF1',4702,51893,100200
'14MF1',4702,51893,102700
'14MF1',4702,51893,105300
'14MF1',4702,51893,111900
'14MF1',4702,51893,114500
'14MF1',4702,51893,121100
'14MF1',4702,51893,123000
'14MF1',4702,51893,124900
'14MF1',4702,51893,130900
'14MF1',4702,51893,132900
'14MF1',4702,51893,134900
'14MF1',4702,51893,140900
'14MF1',4702,51893,142900
'14MF1',4702,51893,144900
'14MF1',4702,51893,150900
'14MF1',4702,51893,152800
'14MF1',4702,51893,154800
'14MF1',4702,51893,160800
'14MF1',4702,51893,162700
'14MF1',4702,51893,164700
'14MF1',4702,51893,170600
'14MF1',4702,51893,172200
'14MF1',4702,51893,174000
'14MF1',4702,51893,180400
'14MF1',4702,51893,182800
'14MF1',4702,51893,185200
'14MF1',4702,51893,191500
'14MF1',4702,51893,193900
'14MF1',4702,51893,200400
'14MF1',4702,51893,202900
'14MF1',4702,51893,205200
'14MF1',4702,51893,211600
'14MF1',4702,51893,214100
'14MF1',4702,51893,220600
'14MF1',4702,51893,223200
'14MF1',4702,51893,231000
'14MF1',4702,51893,235800
'14MF1',4702,51893,250700
'14MF1',4702,51929,61100
'14MF1',4702,51929,63500
'14MF1',4702,51929,65700
'14MF1',4702,51929,71900
'14MF1',4702,51929,74100
'14MF1',4702,51929,80300
'14MF1',4702,51929,82700
'14MF1',4702,51929,85100
'14MF1',4702,51929,91400
'14MF1',4702,51929,93700
'14MF1',4702,51929,100100
'14MF1',4702,51929,102600
'14MF1',4702,51929,105200
'14MF1',4702,51929,111800
'14MF1',4702,51929,114400
'14MF1',4702,51929,121000
'14MF1',4702,51929,122900
'14MF1',4702,51929,124800
'14MF1',4702,51929,130800
'14MF1',4702,51929,132800
'14MF1',4702,51929,134800
'14MF1',4702,51929,140800
'14MF1',4702,51929,142800
'14MF1',4702,51929,144800
'14MF1',4702,51929,150800
'14MF1',4702,51929,152700
'14MF1',4702,51929,154700
'14MF1',4702,51929,160700
'14MF1',4702,51929,162600
'14MF1',4702,51929,164600
'14MF1',4702,51929,170500
'14MF1',4702,51929,172100
'14MF1',4702,51929,173900
'14MF1',4702,51929,180300
'14MF1',4702,51929,182700
'14MF1',4702,51929,185100
'14MF1',4702,51929,191400
'14MF1',4702,51929,193800
'14MF1',4702,51929,200300
'14MF1',4702,51929,202800
'14MF1',4702,51929,205100
'14MF1',4702,51929,211500
'14MF1',4702,51929,214000
'14MF1',4702,51929,220500
'14MF1',4702,51929,223100
'14MF1',4702,51929,230900
'14MF1',4702,51929,235700
'14MF1',4702,51929,250600
'14MF1',4702,51974,61800
'14MF1',4702,51974,64200
'14MF1',4702,51974,70400
'14MF1',4702,51974,72600
'14MF1',4702,51974,74800
'14MF1',4702,51974,81000
'14MF1',4702,51974,83400
'14MF1',4702,51974,85800
'14MF1',4702,51974,92100
'14MF1',4702,51974,94400
'14MF1',4702,51974,100900
'14MF1',4702,51974,103400
'14MF1',4702,51974,110000
'14MF1',4702,51974,112600
'14MF1',4702,51974,115200
'14MF1',4702,51974,121800
'14MF1',4702,51974,123700
'14MF1',4702,51974,125600
'14MF1',4702,51974,131600
'14MF1',4702,51974,133600
'14MF1',4702,51974,135600
'14MF1',4702,51974,141600
'14MF1',4702,51974,143600
'14MF1',4702,51974,145600
'14MF1',4702,51974,151600
'14MF1',4702,51974,153500
'14MF1',4702,51974,155500
'14MF1',4702,51974,161500
'14MF1',4702,51974,163400
'14MF1',4702,51974,165400
'14MF1',4702,51974,171300
'14MF1',4702,51974,172900
'14MF1',4702,51974,174700
'14MF1',4702,51974,181100
'14MF1',4702,51974,183500
'14MF1',4702,51974,185800
'14MF1',4702,51974,192100
'14MF1',4702,51974,194500
'14MF1',4702,51974,201000
'14MF1',4702,51974,203500
'14MF1',4702,51974,205800
'14MF1',4702,51974,212200
'14MF1',4702,51974,214700
'14MF1',4702,51974,221200
'14MF1',4702,51974,223800
'14MF1',4702,51974,231600
'14MF1',4702,51974,240400
'14MF1',4702,51974,251300
'14MF1',4702,51975,61100
'14MF1',4702,51975,63500
'14MF1',4702,51975,65700
'14MF1',4702,51975,71900
'14MF1',4702,51975,74100
'14MF1',4702,51975,80300
'14MF1',4702,51975,82600
'14MF1',4702,51975,85000
'14MF1',4702,51975,91300
'14MF1',4702,51975,93600
'14MF1',4702,51975,100000
'14MF1',4702,51975,102500
'14MF1',4702,51975,105100
'14MF1',4702,51975,111700
'14MF1',4702,51975,114300
'14MF1',4702,51975,120900
'14MF1',4702,51975,122800
'14MF1',4702,51975,124700
'14MF1',4702,51975,130700
'14MF1',4702,51975,132700
'14MF1',4702,51975,134700
'14MF1',4702,51975,140700
'14MF1',4702,51975,142700
'14MF1',4702,51975,144700
'14MF1',4702,51975,150700
'14MF1',4702,51975,152600
'14MF1',4702,51975,154600
'14MF1',4702,51975,160600
'14MF1',4702,51975,162500
'14MF1',4702,51975,164500
'14MF1',4702,51975,170400
'14MF1',4702,51975,172000
'14MF1',4702,51975,173800
'14MF1',4702,51975,180200
'14MF1',4702,51975,182600
'14MF1',4702,51975,185000
'14MF1',4702,51975,191300
'14MF1',4702,51975,193700
'14MF1',4702,51975,200200
'14MF1',4702,51975,202700
'14MF1',4702,51975,205000
'14MF1',4702,51975,211400
'14MF1',4702,51975,213900
'14MF1',4702,51975,220400
'14MF1',4702,51975,223000
'14MF1',4702,51975,230800
'14MF1',4702,51975,235600
'14MF1',4702,51975,250500
'14MF1',4702,52023,61000
'14MF1',4702,52023,63400
'14MF1',4702,52023,65600
'14MF1',4702,52023,71800
'14MF1',4702,52023,74000
'14MF1',4702,52023,80200
'14MF1',4702,52023,82500
'14MF1',4702,52023,84900
'14MF1',4702,52023,91200
'14MF1',4702,52023,93500
'14MF1',4702,52023,95900
'14MF1',4702,52023,102400
'14MF1',4702,52023,105000
'14MF1',4702,52023,111600
'14MF1',4702,52023,114200
'14MF1',4702,52023,120800
'14MF1',4702,52023,122700
'14MF1',4702,52023,124600
'14MF1',4702,52023,130600
'14MF1',4702,52023,132600
'14MF1',4702,52023,134600
'14MF1',4702,52023,140600
'14MF1',4702,52023,142600
'14MF1',4702,52023,144600
'14MF1',4702,52023,150600
'14MF1',4702,52023,152500
'14MF1',4702,52023,154500
'14MF1',4702,52023,160500
'14MF1',4702,52023,162400
'14MF1',4702,52023,164400
'14MF1',4702,52023,170300
'14MF1',4702,52023,171900
'14MF1',4702,52023,173700
'14MF1',4702,52023,180100
'14MF1',4702,52023,182500
'14MF1',4702,52023,184900
'14MF1',4702,52023,191200
'14MF1',4702,52023,193600
'14MF1',4702,52023,200100
'14MF1',4702,52023,202600
'14MF1',4702,52023,204900
'14MF1',4702,52023,211300
'14MF1',4702,52023,213800
'14MF1',4702,52023,220300
'14MF1',4702,52023,222900
'14MF1',4702,52023,230700
'14MF1',4702,52023,235500
'14MF1',4702,52023,250400
'14MF1',4702,52088,60900
'14MF1',4702,52088,63300
'14MF1',4702,52088,65500
'14MF1',4702,52088,71700
'14MF1',4702,52088,73900
'14MF1',4702,52088,80100
'14MF1',4702,52088,82400
'14MF1',4702,52088,84800
'14MF1',4702,52088,91100
'14MF1',4702,52088,93400
'14MF1',4702,52088,95800
'14MF1',4702,52088,102300
'14MF1',4702,52088,104900
'14MF1',4702,52088,111500
'14MF1',4702,52088,114100
'14MF1',4702,52088,120700
'14MF1',4702,52088,122600
'14MF1',4702,52088,124500
'14MF1',4702,52088,130500
'14MF1',4702,52088,132500
'14MF1',4702,52088,134500
'14MF1',4702,52088,140500
'14MF1',4702,52088,142500
'14MF1',4702,52088,144500
'14MF1',4702,52088,150500
'14MF1',4702,52088,152400
'14MF1',4702,52088,154400
'14MF1',4702,52088,160400
'14MF1',4702,52088,162300
'14MF1',4702,52088,164300
'14MF1',4702,52088,170200
'14MF1',4702,52088,171800
'14MF1',4702,52088,173600
'14MF1',4702,52088,180000
'14MF1',4702,52088,182400
'14MF1',4702,52088,184800
'14MF1',4702,52088,191100
'14MF1',4702,52088,193500
'14MF1',4702,52088,200000
'14MF1',4702,52088,202500
'14MF1',4702,52088,204800
'14MF1',4702,52088,211200
'14MF1',4702,52088,213700
'14MF1',4702,52088,220200
'14MF1',4702,52088,222800
'14MF1',4702,52088,230600
'14MF1',4702,52088,235400
'14MF1',4702,52088,250300
'14MF1',4702,52188,60700
'14MF1',4702,52188,63100
'14MF1',4702,52188,65300
'14MF1',4702,52188,71500
'14MF1',4702,52188,73700
'14MF1',4702,52188,75900
'14MF1',4702,52188,82200
'14MF1',4702,52188,84600
'14MF1',4702,52188,90900
'14MF1',4702,52188,93200
'14MF1',4702,52188,95600
'14MF1',4702,52188,102000
'14MF1',4702,52188,104600
'14MF1',4702,52188,111200
'14MF1',4702,52188,113800
'14MF1',4702,52188,120400
'14MF1',4702,52188,122300
'14MF1',4702,52188,124200
'14MF1',4702,52188,130200
'14MF1',4702,52188,132200
'14MF1',4702,52188,134200
'14MF1',4702,52188,140200
'14MF1',4702,52188,142200
'14MF1',4702,52188,144200
'14MF1',4702,52188,150200
'14MF1',4702,52188,152100
'14MF1',4702,52188,154100
'14MF1',4702,52188,160100
'14MF1',4702,52188,162000
'14MF1',4702,52188,164000
'14MF1',4702,52188,165900
'14MF1',4702,52188,171500
'14MF1',4702,52188,173300
'14MF1',4702,52188,175700
'14MF1',4702,52188,182100
'14MF1',4702,52188,184500
'14MF1',4702,52188,190900
'14MF1',4702,52188,193300
'14MF1',4702,52188,195800
'14MF1',4702,52188,202300
'14MF1',4702,52188,204600
'14MF1',4702,52188,211000
'14MF1',4702,52188,213500
'14MF1',4702,52188,220000
'14MF1',4702,52188,222600
'14MF1',4702,52188,230400
'14MF1',4702,52188,235200
'14MF1',4702,52188,250100
'14MF1',4702,52191,60700
'14MF1',4702,52191,63100
'14MF1',4702,52191,65300
'14MF1',4702,52191,71500
'14MF1',4702,52191,73700
'14MF1',4702,52191,75900
'14MF1',4702,52191,82200
'14MF1',4702,52191,84600
'14MF1',4702,52191,90900
'14MF1',4702,52191,93200
'14MF1',4702,52191,95600
'14MF1',4702,52191,102100
'14MF1',4702,52191,104700
'14MF1',4702,52191,111300
'14MF1',4702,52191,113900
'14MF1',4702,52191,120500
'14MF1',4702,52191,122400
'14MF1',4702,52191,124300
'14MF1',4702,52191,130300
'14MF1',4702,52191,132300
'14MF1',4702,52191,134300
'14MF1',4702,52191,140300
'14MF1',4702,52191,142300
'14MF1',4702,52191,144300
'14MF1',4702,52191,150300
'14MF1',4702,52191,152200
'14MF1',4702,52191,154200
'14MF1',4702,52191,160200
'14MF1',4702,52191,162100
'14MF1',4702,52191,164100
'14MF1',4702,52191,170000
'14MF1',4702,52191,171600
'14MF1',4702,52191,173400
'14MF1',4702,52191,175800
'14MF1',4702,52191,182200
'14MF1',4702,52191,184600
'14MF1',4702,52191,190900
'14MF1',4702,52191,193300
'14MF1',4702,52191,195800
'14MF1',4702,52191,202300
'14MF1',4702,52191,204600
'14MF1',4702,52191,211000
'14MF1',4702,52191,213500
'14MF1',4702,52191,220000
'14MF1',4702,52191,222600
'14MF1',4702,52191,230400
'14MF1',4702,52191,235200
'14MF1',4702,52191,250100
'14MF1',4702,52233,60500
'14MF1',4702,52233,62900
'14MF1',4702,52233,65100
'14MF1',4702,52233,71300
'14MF1',4702,52233,73500
'14MF1',4702,52233,75700
'14MF1',4702,52233,82000
'14MF1',4702,52233,84400
'14MF1',4702,52233,90700
'14MF1',4702,52233,93000
'14MF1',4702,52233,95400
'14MF1',4702,52233,101900
'14MF1',4702,52233,104500
'14MF1',4702,52233,111100
'14MF1',4702,52233,113700
'14MF1',4702,52233,120300
'14MF1',4702,52233,122200
'14MF1',4702,52233,124100
'14MF1',4702,52233,130100
'14MF1',4702,52233,132100
'14MF1',4702,52233,134100
'14MF1',4702,52233,140100
'14MF1',4702,52233,142100
'14MF1',4702,52233,144100
'14MF1',4702,52233,150100
'14MF1',4702,52233,152000
'14MF1',4702,52233,154000
'14MF1',4702,52233,160000
'14MF1',4702,52233,161900
'14MF1',4702,52233,163900
'14MF1',4702,52233,165800
'14MF1',4702,52233,171400
'14MF1',4702,52233,173200
'14MF1',4702,52233,175600
'14MF1',4702,52233,182000
'14MF1',4702,52233,184400
'14MF1',4702,52233,190700
'14MF1',4702,52233,193100
'14MF1',4702,52233,195600
'14MF1',4702,52233,202100
'14MF1',4702,52233,204400
'14MF1',4702,52233,210800
'14MF1',4702,52233,213300
'14MF1',4702,52233,215800
'14MF1',4702,52233,222400
'14MF1',4702,52233,230200
'14MF1',4702,52233,235000
'14MF1',4702,52233,245900
'14MF1',4702,52259,60500
'14MF1',4702,52259,62900
'14MF1',4702,52259,65100
'14MF1',4702,52259,71300
'14MF1',4702,52259,73500
'14MF1',4702,52259,75700
'14MF1',4702,52259,82000
'14MF1',4702,52259,84400
'14MF1',4702,52259,90700
'14MF1',4702,52259,93000
'14MF1',4702,52259,95400
'14MF1',4702,52259,101800
'14MF1',4702,52259,104400
'14MF1',4702,52259,111000
'14MF1',4702,52259,113600
'14MF1',4702,52259,120200
'14MF1',4702,52259,122100
'14MF1',4702,52259,124000
'14MF1',4702,52259,130000
'14MF1',4702,52259,132000
'14MF1',4702,52259,134000
'14MF1',4702,52259,140000
'14MF1',4702,52259,142000
'14MF1',4702,52259,144000
'14MF1',4702,52259,150000
'14MF1',4702,52259,151900
'14MF1',4702,52259,153900
'14MF1',4702,52259,155900
'14MF1',4702,52259,161800
'14MF1',4702,52259,163800
'14MF1',4702,52259,165700
'14MF1',4702,52259,171300
'14MF1',4702,52259,173100
'14MF1',4702,52259,175500
'14MF1',4702,52259,181900
'14MF1',4702,52259,184300
'14MF1',4702,52259,190700
'14MF1',4702,52259,193100
'14MF1',4702,52259,195600
'14MF1',4702,52259,202100
'14MF1',4702,52259,204400
'14MF1',4702,52259,210800
'14MF1',4702,52259,213300
'14MF1',4702,52259,215800
'14MF1',4702,52259,222400
'14MF1',4702,52259,230200
'14MF1',4702,52259,235000
'14MF1',4702,52259,245900
'14MF1',4702,52294,60400
'14MF1',4702,52294,62800
'14MF1',4702,52294,65000
'14MF1',4702,52294,71200
'14MF1',4702,52294,73400
'14MF1',4702,52294,75600
'14MF1',4702,52294,81900
'14MF1',4702,52294,84300
'14MF1',4702,52294,90600
'14MF1',4702,52294,92900
'14MF1',4702,52294,95300
'14MF1',4702,52294,101700
'14MF1',4702,52294,104300
'14MF1',4702,52294,110900
'14MF1',4702,52294,113500
'14MF1',4702,52294,120100
'14MF1',4702,52294,122000
'14MF1',4702,52294,123900
'14MF1',4702,52294,125900
'14MF1',4702,52294,131900
'14MF1',4702,52294,133900
'14MF1',4702,52294,135900
'14MF1',4702,52294,141900
'14MF1',4702,52294,143900
'14MF1',4702,52294,145900
'14MF1',4702,52294,151800
'14MF1',4702,52294,153800
'14MF1',4702,52294,155800
'14MF1',4702,52294,161700
'14MF1',4702,52294,163700
'14MF1',4702,52294,165600
'14MF1',4702,52294,171200
'14MF1',4702,52294,173000
'14MF1',4702,52294,175400
'14MF1',4702,52294,181800
'14MF1',4702,52294,184200
'14MF1',4702,52294,190600
'14MF1',4702,52294,193000
'14MF1',4702,52294,195500
'14MF1',4702,52294,202000
'14MF1',4702,52294,204300
'14MF1',4702,52294,210700
'14MF1',4702,52294,213200
'14MF1',4702,52294,215700
'14MF1',4702,52294,222300
'14MF1',4702,52294,230100
'14MF1',4702,52294,234900
'14MF1',4702,52294,245800
'14MF1',4702,52316,60300
'14MF1',4702,52316,62700
'14MF1',4702,52316,64900
'14MF1',4702,52316,71100
'14MF1',4702,52316,73300
'14MF1',4702,52316,75500
'14MF1',4702,52316,81800
'14MF1',4702,52316,84200
'14MF1',4702,52316,90500
'14MF1',4702,52316,92800
'14MF1',4702,52316,95200
'14MF1',4702,52316,101600
'14MF1',4702,52316,104200
'14MF1',4702,52316,110800
'14MF1',4702,52316,113400
'14MF1',4702,52316,120000
'14MF1',4702,52316,121900
'14MF1',4702,52316,123800
'14MF1',4702,52316,125800
'14MF1',4702,52316,131800
'14MF1',4702,52316,133800
'14MF1',4702,52316,135800
'14MF1',4702,52316,141800
'14MF1',4702,52316,143800
'14MF1',4702,52316,145800
'14MF1',4702,52316,151700
'14MF1',4702,52316,153700
'14MF1',4702,52316,155700
'14MF1',4702,52316,161600
'14MF1',4702,52316,163600
'14MF1',4702,52316,165500
'14MF1',4702,52316,171100
'14MF1',4702,52316,172900
'14MF1',4702,52316,175300
'14MF1',4702,52316,181700
'14MF1',4702,52316,184100
'14MF1',4702,52316,190500
'14MF1',4702,52316,192900
'14MF1',4702,52316,195400
'14MF1',4702,52316,201900
'14MF1',4702,52316,204200
'14MF1',4702,52316,210600
'14MF1',4702,52316,213100
'14MF1',4702,52316,215600
'14MF1',4702,52316,222200
'14MF1',4702,52316,230000
'14MF1',4702,52316,234800
'14MF1',4702,52316,245700
'14MF1',4702,52348,60200
'14MF1',4702,52348,62600
'14MF1',4702,52348,64800
'14MF1',4702,52348,71000
'14MF1',4702,52348,73200
'14MF1',4702,52348,75400
'14MF1',4702,52348,81700
'14MF1',4702,52348,84100
'14MF1',4702,52348,90400
'14MF1',4702,52348,92700
'14MF1',4702,52348,95100
'14MF1',4702,52348,101500
'14MF1',4702,52348,104100
'14MF1',4702,52348,110700
'14MF1',4702,52348,113300
'14MF1',4702,52348,115900
'14MF1',4702,52348,121800
'14MF1',4702,52348,123700
'14MF1',4702,52348,125700
'14MF1',4702,52348,131700
'14MF1',4702,52348,133700
'14MF1',4702,52348,135700
'14MF1',4702,52348,141700
'14MF1',4702,52348,143700
'14MF1',4702,52348,145700
'14MF1',4702,52348,151600
'14MF1',4702,52348,153600
'14MF1',4702,52348,155600
'14MF1',4702,52348,161500
'14MF1',4702,52348,163500
'14MF1',4702,52348,165400
'14MF1',4702,52348,171000
'14MF1',4702,52348,172800
'14MF1',4702,52348,175200
'14MF1',4702,52348,181600
'14MF1',4702,52348,184000
'14MF1',4702,52348,190400
'14MF1',4702,52348,192800
'14MF1',4702,52348,195300
'14MF1',4702,52348,201800
'14MF1',4702,52348,204100
'14MF1',4702,52348,210500
'14MF1',4702,52348,213000
'14MF1',4702,52348,215500
'14MF1',4702,52348,222100
'14MF1',4702,52348,225900
'14MF1',4702,52348,234700
'14MF1',4702,52348,245600
'14MF1',4702,52370,60100
'14MF1',4702,52370,62500
'14MF1',4702,52370,64700
'14MF1',4702,52370,70900
'14MF1',4702,52370,73100
'14MF1',4702,52370,75300
'14MF1',4702,52370,81600
'14MF1',4702,52370,84000
'14MF1',4702,52370,90300
'14MF1',4702,52370,92600
'14MF1',4702,52370,95000
'14MF1',4702,52370,101400
'14MF1',4702,52370,104000
'14MF1',4702,52370,110600
'14MF1',4702,52370,113200
'14MF1',4702,52370,115800
'14MF1',4702,52370,121700
'14MF1',4702,52370,123600
'14MF1',4702,52370,125600
'14MF1',4702,52370,131600
'14MF1',4702,52370,133600
'14MF1',4702,52370,135600
'14MF1',4702,52370,141600
'14MF1',4702,52370,143600
'14MF1',4702,52370,145600
'14MF1',4702,52370,151500
'14MF1',4702,52370,153500
'14MF1',4702,52370,155500
'14MF1',4702,52370,161400
'14MF1',4702,52370,163400
'14MF1',4702,52370,165300
'14MF1',4702,52370,170900
'14MF1',4702,52370,172700
'14MF1',4702,52370,175100
'14MF1',4702,52370,181500
'14MF1',4702,52370,183900
'14MF1',4702,52370,190300
'14MF1',4702,52370,192700
'14MF1',4702,52370,195200
'14MF1',4702,52370,201700
'14MF1',4702,52370,204000
'14MF1',4702,52370,210400
'14MF1',4702,52370,212900
'14MF1',4702,52370,215400
'14MF1',4702,52370,222000
'14MF1',4702,52370,225800
'14MF1',4702,52370,234600
'14MF1',4702,52370,245500
'14MF1',4702,52391,60100
'14MF1',4702,52391,62500
'14MF1',4702,52391,64700
'14MF1',4702,52391,70900
'14MF1',4702,52391,73100
'14MF1',4702,52391,75300
'14MF1',4702,52391,81600
'14MF1',4702,52391,83900
'14MF1',4702,52391,90200
'14MF1',4702,52391,92500
'14MF1',4702,52391,94900
'14MF1',4702,52391,101300
'14MF1',4702,52391,103900
'14MF1',4702,52391,110500
'14MF1',4702,52391,113100
'14MF1',4702,52391,115700
'14MF1',4702,52391,121600
'14MF1',4702,52391,123500
'14MF1',4702,52391,125500
'14MF1',4702,52391,131500
'14MF1',4702,52391,133500
'14MF1',4702,52391,135500
'14MF1',4702,52391,141500
'14MF1',4702,52391,143500
'14MF1',4702,52391,145500
'14MF1',4702,52391,151400
'14MF1',4702,52391,153400
'14MF1',4702,52391,155400
'14MF1',4702,52391,161300
'14MF1',4702,52391,163300
'14MF1',4702,52391,165200
'14MF1',4702,52391,170800
'14MF1',4702,52391,172600
'14MF1',4702,52391,175000
'14MF1',4702,52391,181400
'14MF1',4702,52391,183800
'14MF1',4702,52391,190200
'14MF1',4702,52391,192600
'14MF1',4702,52391,195100
'14MF1',4702,52391,201600
'14MF1',4702,52391,203900
'14MF1',4702,52391,210300
'14MF1',4702,52391,212800
'14MF1',4702,52391,215300
'14MF1',4702,52391,221900
'14MF1',4702,52391,225700
'14MF1',4702,52391,234500
'14MF1',4702,52391,245500
'14MF1',4702,52419,60000
'14MF1',4702,52419,62400
'14MF1',4702,52419,64600
'14MF1',4702,52419,70800
'14MF1',4702,52419,73000
'14MF1',4702,52419,75200
'14MF1',4702,52419,81500
'14MF1',4702,52419,83900
'14MF1',4702,52419,90200
'14MF1',4702,52419,92500
'14MF1',4702,52419,94900
'14MF1',4702,52419,101300
'14MF1',4702,52419,103900
'14MF1',4702,52419,110500
'14MF1',4702,52419,113100
'14MF1',4702,52419,115700
'14MF1',4702,52419,121600
'14MF1',4702,52419,123500
'14MF1',4702,52419,125500
'14MF1',4702,52419,131500
'14MF1',4702,52419,133500
'14MF1',4702,52419,135500
'14MF1',4702,52419,141500
'14MF1',4702,52419,143500
'14MF1',4702,52419,145500
'14MF1',4702,52419,151400
'14MF1',4702,52419,153400
'14MF1',4702,52419,155400
'14MF1',4702,52419,161300
'14MF1',4702,52419,163300
'14MF1',4702,52419,165200
'14MF1',4702,52419,170800
'14MF1',4702,52419,172600
'14MF1',4702,52419,175000
'14MF1',4702,52419,181400
'14MF1',4702,52419,183800
'14MF1',4702,52419,190200
'14MF1',4702,52419,192600
'14MF1',4702,52419,195100
'14MF1',4702,52419,201600
'14MF1',4702,52419,203900
'14MF1',4702,52419,210300
'14MF1',4702,52419,212800
'14MF1',4702,52419,215300
'14MF1',4702,52419,221900
'14MF1',4702,52419,225700
'14MF1',4702,52419,234500
'14MF1',4702,52419,245400
'14MF1',4702,52452,55900
'14MF1',4702,52452,62300
'14MF1',4702,52452,64500
'14MF1',4702,52452,70700
'14MF1',4702,52452,72900
'14MF1',4702,52452,75100
'14MF1',4702,52452,81400
'14MF1',4702,52452,83800
'14MF1',4702,52452,90100
'14MF1',4702,52452,92400
'14MF1',4702,52452,94800
'14MF1',4702,52452,101200
'14MF1',4702,52452,103800
'14MF1',4702,52452,110400
'14MF1',4702,52452,113000
'14MF1',4702,52452,115600
'14MF1',4702,52452,121500
'14MF1',4702,52452,123400
'14MF1',4702,52452,125400
'14MF1',4702,52452,131400
'14MF1',4702,52452,133400
'14MF1',4702,52452,135400
'14MF1',4702,52452,141400
'14MF1',4702,52452,143400
'14MF1',4702,52452,145400
'14MF1',4702,52452,151300
'14MF1',4702,52452,153300
'14MF1',4702,52452,155300
'14MF1',4702,52452,161200
'14MF1',4702,52452,163200
'14MF1',4702,52452,165100
'14MF1',4702,52452,170700
'14MF1',4702,52452,172500
'14MF1',4702,52452,174900
'14MF1',4702,52452,181300
'14MF1',4702,52452,183700
'14MF1',4702,52452,190100
'14MF1',4702,52452,192500
'14MF1',4702,52452,195000
'14MF1',4702,52452,201500
'14MF1',4702,52452,203800
'14MF1',4702,52452,210200
'14MF1',4702,52452,212700
'14MF1',4702,52452,215200
'14MF1',4702,52452,221800
'14MF1',4702,52452,225600
'14MF1',4702,52452,234400
'14MF1',4702,52452,245300
'14MF1',4702,52464,55900
'14MF1',4702,52464,62300
'14MF1',4702,52464,64500
'14MF1',4702,52464,70700
'14MF1',4702,52464,72900
'14MF1',4702,52464,75100
'14MF1',4702,52464,81400
'14MF1',4702,52464,83700
'14MF1',4702,52464,90000
'14MF1',4702,52464,92300
'14MF1',4702,52464,94700
'14MF1',4702,52464,101100
'14MF1',4702,52464,103700
'14MF1',4702,52464,110300
'14MF1',4702,52464,112900
'14MF1',4702,52464,115500
'14MF1',4702,52464,121400
'14MF1',4702,52464,123300
'14MF1',4702,52464,125300
'14MF1',4702,52464,131300
'14MF1',4702,52464,133300
'14MF1',4702,52464,135300
'14MF1',4702,52464,141300
'14MF1',4702,52464,143300
'14MF1',4702,52464,145300
'14MF1',4702,52464,151200
'14MF1',4702,52464,153200
'14MF1',4702,52464,155200
'14MF1',4702,52464,161100
'14MF1',4702,52464,163100
'14MF1',4702,52464,165000
'14MF1',4702,52464,170600
'14MF1',4702,52464,172400
'14MF1',4702,52464,174800
'14MF1',4702,52464,181200
'14MF1',4702,52464,183600
'14MF1',4702,52464,190000
'14MF1',4702,52464,192400
'14MF1',4702,52464,194900
'14MF1',4702,52464,201400
'14MF1',4702,52464,203700
'14MF1',4702,52464,210100
'14MF1',4702,52464,212600
'14MF1',4702,52464,215100
'14MF1',4702,52464,221700
'14MF1',4702,52464,225500
'14MF1',4702,52464,234300
'14MF1',4702,52464,245300
'14MF1',4702,52578,55800
'14MF1',4702,52578,62200
'14MF1',4702,52578,64400
'14MF1',4702,52578,70600
'14MF1',4702,52578,72800
'14MF1',4702,52578,75000
'14MF1',4702,52578,81300
'14MF1',4702,52578,83600
'14MF1',4702,52578,85900
'14MF1',4702,52578,92200
'14MF1',4702,52578,94600
'14MF1',4702,52578,101000
'14MF1',4702,52578,103600
'14MF1',4702,52578,110200
'14MF1',4702,52578,112800
'14MF1',4702,52578,115400
'14MF1',4702,52578,121300
'14MF1',4702,52578,123200
'14MF1',4702,52578,125200
'14MF1',4702,52578,131200
'14MF1',4702,52578,133200
'14MF1',4702,52578,135200
'14MF1',4702,52578,141200
'14MF1',4702,52578,143200
'14MF1',4702,52578,145200
'14MF1',4702,52578,151100
'14MF1',4702,52578,153100
'14MF1',4702,52578,155100
'14MF1',4702,52578,161000
'14MF1',4702,52578,163000
'14MF1',4702,52578,164900
'14MF1',4702,52578,170500
'14MF1',4702,52578,172300
'14MF1',4702,52578,174700
'14MF1',4702,52578,181100
'14MF1',4702,52578,183500
'14MF1',4702,52578,185900
'14MF1',4702,52578,192300
'14MF1',4702,52578,194800
'14MF1',4702,52578,201300
'14MF1',4702,52578,203600
'14MF1',4702,52578,210000
'14MF1',4702,52578,212500
'14MF1',4702,52578,215000
'14MF1',4702,52578,221600
'14MF1',4702,52578,225400
'14MF1',4702,52578,234200
'14MF1',4702,52578,245200
'14MF1',4702,53812,61400
'14MF1',4702,53812,63800
'14MF1',4702,53812,70000
'14MF1',4702,53812,72200
'14MF1',4702,53812,74400
'14MF1',4702,53812,80600
'14MF1',4702,53812,82900
'14MF1',4702,53812,85300
'14MF1',4702,53812,91600
'14MF1',4702,53812,93900
'14MF1',4702,53812,100400
'14MF1',4702,53812,102900
'14MF1',4702,53812,105500
'14MF1',4702,53812,112100
'14MF1',4702,53812,114700
'14MF1',4702,53812,121300
'14MF1',4702,53812,123200
'14MF1',4702,53812,125100
'14MF1',4702,53812,131100
'14MF1',4702,53812,133100
'14MF1',4702,53812,135100
'14MF1',4702,53812,141100
'14MF1',4702,53812,143100
'14MF1',4702,53812,145100
'14MF1',4702,53812,151100
'14MF1',4702,53812,153000
'14MF1',4702,53812,155000
'14MF1',4702,53812,161000
'14MF1',4702,53812,162900
'14MF1',4702,53812,164900
'14MF1',4702,53812,170800
'14MF1',4702,53812,172400
'14MF1',4702,53812,174200
'14MF1',4702,53812,180600
'14MF1',4702,53812,183000
'14MF1',4702,53812,185300
'14MF1',4702,53812,191600
'14MF1',4702,53812,194000
'14MF1',4702,53812,200500
'14MF1',4702,53812,203000
'14MF1',4702,53812,205300
'14MF1',4702,53812,211700
'14MF1',4702,53812,214200
'14MF1',4702,53812,220700
'14MF1',4702,53812,223300
'14MF1',4702,53812,231100
'14MF1',4702,53812,235900
'14MF1',4702,53812,250800
'14MF1',4702,61369,61500
'14MF1',4702,61369,63900
'14MF1',4702,61369,70100
'14MF1',4702,61369,72300
'14MF1',4702,61369,74500
'14MF1',4702,61369,80700
'14MF1',4702,61369,83100
'14MF1',4702,61369,85500
'14MF1',4702,61369,91800
'14MF1',4702,61369,94100
'14MF1',4702,61369,100600
'14MF1',4702,61369,103100
'14MF1',4702,61369,105700
'14MF1',4702,61369,112300
'14MF1',4702,61369,114900
'14MF1',4702,61369,121500
'14MF1',4702,61369,123400
'14MF1',4702,61369,125300
'14MF1',4702,61369,131300
'14MF1',4702,61369,133300
'14MF1',4702,61369,135300
'14MF1',4702,61369,141300
'14MF1',4702,61369,143300
'14MF1',4702,61369,145300
'14MF1',4702,61369,151300
'14MF1',4702,61369,153200
'14MF1',4702,61369,155200
'14MF1',4702,61369,161200
'14MF1',4702,61369,163100
'14MF1',4702,61369,165100
'14MF1',4702,61369,171000
'14MF1',4702,61369,172600
'14MF1',4702,61369,174400
'14MF1',4702,61369,180800
'14MF1',4702,61369,183200
'14MF1',4702,61369,185500
'14MF1',4702,61369,191800
'14MF1',4702,61369,194200
'14MF1',4702,61369,200700
'14MF1',4702,61369,203200
'14MF1',4702,61369,205500
'14MF1',4702,61369,211900
'14MF1',4702,61369,214400
'14MF1',4702,61369,220900
'14MF1',4702,61369,223500
'14MF1',4702,61369,231300
'14MF1',4702,61369,240100
'14MF1',4702,61369,251000
