'14SA',1601,56055,61400
'14SA',1601,56055,64400
'14SA',1601,56055,71400
'14SA',1601,56055,74400
'14SA',1601,56055,81400
'14SA',1601,56055,84500
'14SA',1601,56055,91500
'14SA',1601,56055,94500
'14SA',1601,56055,101500
'14SA',1601,56055,104500
'14SA',1601,56055,111500
'14SA',1601,56055,114500
'14SA',1601,56055,121500
'14SA',1601,56055,124600
'14SA',1601,56055,131700
'14SA',1601,56055,134800
'14SA',1601,56055,142000
'14SA',1601,56055,145200
'14SA',1601,56055,152300
'14SA',1601,56055,155300
'14SA',1601,56055,162400
'14SA',1601,56055,165400
'14SA',1601,56055,172500
'14SA',1601,56055,175500
'14SA',1601,56055,182600
'14SA',1601,56055,185600
'14SA',1601,56055,192500
'14SA',1601,56055,195400
'14SA',1601,56055,202300
'14SA',1601,56055,205200
'14SA',1601,56055,212100
'14SA',1601,56055,214900
'14SF1',1601,56055,61400
'14SF1',1601,56055,64400
'14SF1',1601,56055,71400
'14SF1',1601,56055,74400
'14SF1',1601,56055,81400
'14SF1',1601,56055,84400
'14SF1',1601,56055,91400
'14SF1',1601,56055,94400
'14SF1',1601,56055,101400
'14SF1',1601,56055,104400
'14SF1',1601,56055,111400
'14SF1',1601,56055,114400
'14SF1',1601,56055,121400
'14SF1',1601,56055,124400
'14SF1',1601,56055,131400
'14SF1',1601,56055,134400
'14SF1',1601,56055,141400
'14SF1',1601,56055,144400
'14SF1',1601,56055,151500
'14SF1',1601,56055,154600
'14SF1',1601,56055,161700
'14SF1',1601,56055,164800
'14SF1',1601,56055,171800
'14SF1',1601,56055,174800
'14SF1',1601,56055,181700
'14SF1',1601,56055,184600
'14SF1',1601,56055,191500
'14SF1',1601,56055,194400
'14SF1',1601,56055,201400
'14SF1',1601,56055,204400
'14SF1',1601,56055,211400
'14SF1',1601,56055,214400
'14SF2',1601,56055,61400
'14SF2',1601,56055,64400
'14SF2',1601,56055,71400
'14SF2',1601,56055,74400
'14SF2',1601,56055,81400
'14SF2',1601,56055,84400
'14SF2',1601,56055,91400
'14SF2',1601,56055,94400
'14SF2',1601,56055,101400
'14SF2',1601,56055,104400
'14SF2',1601,56055,111400
'14SF2',1601,56055,114400
'14SF2',1601,56055,121400
'14SF2',1601,56055,124400
'14SF2',1601,56055,131400
'14SF2',1601,56055,134400
'14SF2',1601,56055,141400
'14SF2',1601,56055,144400
'14SF2',1601,56055,151500
'14SF2',1601,56055,154600
'14SF2',1601,56055,161700
'14SF2',1601,56055,164800
'14SF2',1601,56055,171800
'14SF2',1601,56055,174800
'14SF2',1601,56055,181700
'14SF2',1601,56055,184600
'14SF2',1601,56055,191500
'14SF2',1601,56055,194400
'14SF2',1601,56055,201400
'14SF2',1601,56055,204400
'14SF2',1601,56055,211400
'14SF2',1601,56055,214400
'14SI',1601,56055,61400
'14SI',1601,56055,64400
'14SI',1601,56055,71400
'14SI',1601,56055,74400
'14SI',1601,56055,81400
'14SI',1601,56055,84400
'14SI',1601,56055,91400
'14SI',1601,56055,94400
'14SI',1601,56055,101400
'14SI',1601,56055,104400
'14SI',1601,56055,111400
'14SI',1601,56055,114400
'14SI',1601,56055,121400
'14SI',1601,56055,124400
'14SI',1601,56055,131400
'14SI',1601,56055,134400
'14SI',1601,56055,141400
'14SI',1601,56055,144400
'14SI',1601,56055,151500
'14SI',1601,56055,154600
'14SI',1601,56055,161700
'14SI',1601,56055,164800
'14SI',1601,56055,171800
'14SI',1601,56055,174800
'14SI',1601,56055,181700
'14SI',1601,56055,184600
'14SI',1601,56055,191500
'14SI',1601,56055,194400
'14SI',1601,56055,201400
'14SI',1601,56055,204400
'14SI',1601,56055,211400
'14SI',1601,56055,214400
'14SS',1601,56055,60900
'14SS',1601,56055,64200
'14SS',1601,56055,71700
'14SS',1601,56055,74000
'14SS',1601,56055,80200
'14SS',1601,56055,83100
'14SS',1601,56055,90300
'14SS',1601,56055,93900
'14SS',1601,56055,101400
'14SS',1601,56055,104900
'14SS',1601,56055,112600
'14SS',1601,56055,120100
'14SS',1601,56055,123600
'14SS',1601,56055,131200
'14SS',1601,56055,134800
'14SS',1601,56055,142300
'14SS',1601,56055,150000
'14SS',1601,56055,154400
'14SS',1601,56055,161400
'14SS',1601,56055,164700
'14SS',1601,56055,172000
'14SS',1601,56055,175500
'14SS',1601,56055,182900
'14SS',1601,56055,190100
'14SS',1601,56055,193200
'14SS',1601,56055,200500
'14SS',1601,56055,203800
'14SS',1601,56055,211100
'14SS',1601,56055,214400
