'14NA',4301,55104,61600
'14NA',4301,55104,65100
'14NA',4301,55104,72500
'14NA',4301,55104,75800
'14NA',4301,55104,83300
'14NA',4301,55104,90800
'14NA',4301,55104,94300
'14NA',4301,55104,101800
'14NA',4301,55104,105400
'14NA',4301,55104,113000
'14NA',4301,55104,120600
'14NA',4301,55104,123500
'14NA',4301,55104,130300
'14NA',4301,55104,133200
'14NA',4301,55104,140100
'14NA',4301,55104,142900
'14NA',4301,55104,145800
'14NA',4301,55104,152700
'14NA',4301,55104,155600
'14NA',4301,55104,162500
'14NA',4301,55104,165400
'14NA',4301,55104,172300
'14NA',4301,55104,175200
'14NA',4301,55104,182100
'14NA',4301,55104,184900
'14NA',4301,55104,191800
'14NA',4301,55104,194600
'14NA',4301,55104,201500
'14NA',4301,55104,204400
'14NA',4301,55104,211300
'14NA',4301,55104,214200
'14NA',4301,55104,221200
'14NA',4301,55104,230600
'14NA',4301,55104,235900
'14NA',4301,55104,245700
'14NA',4301,55104,255600
'14NF1',4301,55104,65100
'14NF1',4301,55104,72600
'14NF1',4301,55104,80000
'14NF1',4301,55104,83400
'14NF1',4301,55104,90700
'14NF1',4301,55104,94300
'14NF1',4301,55104,101700
'14NF1',4301,55104,105100
'14NF1',4301,55104,112500
'14NF1',4301,55104,115900
'14NF1',4301,55104,123300
'14NF1',4301,55104,130200
'14NF1',4301,55104,133100
'14NF1',4301,55104,135900
'14NF1',4301,55104,142800
'14NF1',4301,55104,145700
'14NF1',4301,55104,152600
'14NF1',4301,55104,155500
'14NF1',4301,55104,162400
'14NF1',4301,55104,165300
'14NF1',4301,55104,172300
'14NF1',4301,55104,175200
'14NF1',4301,55104,182100
'14NF1',4301,55104,184900
'14NF1',4301,55104,191700
'14NF1',4301,55104,194600
'14NF1',4301,55104,201500
'14NF1',4301,55104,204400
'14NF1',4301,55104,211300
'14NF1',4301,55104,214200
'14NF1',4301,55104,221100
'14NF1',4301,55104,230200
'14NF1',4301,55104,235600
'14NF1',4301,55104,245600
'14NF1',4301,55104,255600
'14NF2',4301,55104,61600
'14NF2',4301,55104,65100
'14NF2',4301,55104,72500
'14NF2',4301,55104,75800
'14NF2',4301,55104,83300
'14NF2',4301,55104,90800
'14NF2',4301,55104,94300
'14NF2',4301,55104,101800
'14NF2',4301,55104,105400
'14NF2',4301,55104,113000
'14NF2',4301,55104,120600
'14NF2',4301,55104,123500
'14NF2',4301,55104,130300
'14NF2',4301,55104,133200
'14NF2',4301,55104,140100
'14NF2',4301,55104,142900
'14NF2',4301,55104,145800
'14NF2',4301,55104,152700
'14NF2',4301,55104,155600
'14NF2',4301,55104,162500
'14NF2',4301,55104,165400
'14NF2',4301,55104,172300
'14NF2',4301,55104,175200
'14NF2',4301,55104,182100
'14NF2',4301,55104,184900
'14NF2',4301,55104,191800
'14NF2',4301,55104,194600
'14NF2',4301,55104,201500
'14NF2',4301,55104,204400
'14NF2',4301,55104,211300
'14NF2',4301,55104,214200
'14NF2',4301,55104,221200
'14NF2',4301,55104,230600
'14NF2',4301,55104,235900
'14NF2',4301,55104,245700
'14NF2',4301,55104,255700
'14NF3',4301,55104,65100
'14NF3',4301,55104,72600
'14NF3',4301,55104,80000
'14NF3',4301,55104,83400
'14NF3',4301,55104,90700
'14NF3',4301,55104,94300
'14NF3',4301,55104,101700
'14NF3',4301,55104,105100
'14NF3',4301,55104,112500
'14NF3',4301,55104,115900
'14NF3',4301,55104,123300
'14NF3',4301,55104,130200
'14NF3',4301,55104,133100
'14NF3',4301,55104,135900
'14NF3',4301,55104,142800
'14NF3',4301,55104,145700
'14NF3',4301,55104,152600
'14NF3',4301,55104,155500
'14NF3',4301,55104,162400
'14NF3',4301,55104,165300
'14NF3',4301,55104,172300
'14NF3',4301,55104,175200
'14NF3',4301,55104,182100
'14NF3',4301,55104,184900
'14NF3',4301,55104,191700
'14NF3',4301,55104,194600
'14NF3',4301,55104,201500
'14NF3',4301,55104,204400
'14NF3',4301,55104,211300
'14NF3',4301,55104,214200
'14NF3',4301,55104,221100
'14NF3',4301,55104,230200
'14NF3',4301,55104,235600
'14NF3',4301,55104,245600
'14NF3',4301,55104,255600
'14NF4',4301,55104,61600
'14NF4',4301,55104,65100
'14NF4',4301,55104,72500
'14NF4',4301,55104,75800
'14NF4',4301,55104,83300
'14NF4',4301,55104,90800
'14NF4',4301,55104,94300
'14NF4',4301,55104,101800
'14NF4',4301,55104,105400
'14NF4',4301,55104,113000
'14NF4',4301,55104,120600
'14NF4',4301,55104,123500
'14NF4',4301,55104,130300
'14NF4',4301,55104,133200
'14NF4',4301,55104,140100
'14NF4',4301,55104,142900
'14NF4',4301,55104,145800
'14NF4',4301,55104,152700
'14NF4',4301,55104,155600
'14NF4',4301,55104,162500
'14NF4',4301,55104,165400
'14NF4',4301,55104,172300
'14NF4',4301,55104,175200
'14NF4',4301,55104,182100
'14NF4',4301,55104,184900
'14NF4',4301,55104,191800
'14NF4',4301,55104,194600
'14NF4',4301,55104,201500
'14NF4',4301,55104,204400
'14NF4',4301,55104,211300
'14NF4',4301,55104,214200
'14NF4',4301,55104,221200
'14NF4',4301,55104,230600
'14NF4',4301,55104,235900
'14NF4',4301,55104,245700
'14NF4',4301,55104,255700
'14NI',4301,55104,65100
'14NI',4301,55104,72600
'14NI',4301,55104,80000
'14NI',4301,55104,83400
'14NI',4301,55104,90700
'14NI',4301,55104,94300
'14NI',4301,55104,101700
'14NI',4301,55104,105100
'14NI',4301,55104,112500
'14NI',4301,55104,115900
'14NI',4301,55104,123300
'14NI',4301,55104,130200
'14NI',4301,55104,133100
'14NI',4301,55104,135900
'14NI',4301,55104,142800
'14NI',4301,55104,145700
'14NI',4301,55104,152600
'14NI',4301,55104,155500
'14NI',4301,55104,162400
'14NI',4301,55104,165300
'14NI',4301,55104,172300
'14NI',4301,55104,175200
'14NI',4301,55104,182100
'14NI',4301,55104,184900
'14NI',4301,55104,191700
'14NI',4301,55104,194600
'14NI',4301,55104,201500
'14NI',4301,55104,204400
'14NI',4301,55104,211300
'14NI',4301,55104,214200
'14NI',4301,55104,221100
'14NI',4301,55104,230200
'14NI',4301,55104,235600
'14NI',4301,55104,245600
'14NI',4301,55104,255600
'14NS',4301,55104,54600
'14NS',4301,55104,61500
'14NS',4301,55104,64500
'14NS',4301,55104,71600
'14NS',4301,55104,74800
'14NS',4301,55104,81800
'14NS',4301,55104,84900
'14NS',4301,55104,91900
'14NS',4301,55104,94800
'14NS',4301,55104,101700
'14NS',4301,55104,104800
'14NS',4301,55104,111800
'14NS',4301,55104,114900
'14NS',4301,55104,121800
'14NS',4301,55104,124700
'14NS',4301,55104,131700
'14NS',4301,55104,134800
'14NS',4301,55104,142000
'14NS',4301,55104,145100
'14NS',4301,55104,152300
'14NS',4301,55104,155600
'14NS',4301,55104,163100
'14NS',4301,55104,170300
'14NS',4301,55104,173400
'14NS',4301,55104,180400
'14NS',4301,55104,183300
'14NS',4301,55104,190000
'14NS',4301,55104,192900
'14NS',4301,55104,195500
'14NS',4301,55104,202400
'14NS',4301,55104,205400
'14NS',4301,55104,212300
'14NS',4301,55104,220700
'14NS',4301,55104,225400
'14NS',4301,55104,234800
'14NS',4301,55104,244800
'14NS',4301,55104,254300
