'14NA',9202,50531,60200
'14NA',9202,50531,63200
'14NA',9202,50531,70200
'14NA',9202,50531,73200
'14NA',9202,50531,80400
'14NA',9202,50531,83400
'14NA',9202,50531,90400
'14NA',9202,50531,93500
'14NA',9202,50531,100700
'14NA',9202,50531,103800
'14NA',9202,50531,110800
'14NA',9202,50531,113900
'14NA',9202,50531,121300
'14NA',9202,50531,124700
'14NA',9202,50531,132200
'14NA',9202,50531,135800
'14NA',9202,50531,143200
'14NA',9202,50531,150600
'14NA',9202,50531,154000
'14NA',9202,50531,161400
'14NA',9202,50531,164600
'14NA',9202,50531,171800
'14NA',9202,50531,175100
'14NA',9202,50531,182300
'14NA',9202,50531,185500
'14NA',9202,50531,192500
'14NA',9202,50531,195400
'14NA',9202,50531,202400
'14NA',9202,50531,205400
'14NA',9202,50531,212400
'14NA',9202,50531,215500
'14NA',9202,50531,222500
'14NA',9202,50531,225500
'14NA',9202,50531,232500
'14NA',9202,50531,235500
'14NA',9202,50531,242600
'14NA',9202,50531,245800
'14NA',9202,50531,253000
'14NA',9202,50531,260800
'14NF1',9202,50531,52900
'14NF1',9202,50531,60200
'14NF1',9202,50531,63200
'14NF1',9202,50531,70200
'14NF1',9202,50531,73200
'14NF1',9202,50531,80200
'14NF1',9202,50531,83200
'14NF1',9202,50531,90200
'14NF1',9202,50531,93100
'14NF1',9202,50531,95900
'14NF1',9202,50531,102900
'14NF1',9202,50531,110000
'14NF1',9202,50531,113100
'14NF1',9202,50531,120400
'14NF1',9202,50531,123700
'14NF1',9202,50531,131200
'14NF1',9202,50531,134600
'14NF1',9202,50531,142000
'14NF1',9202,50531,145300
'14NF1',9202,50531,152700
'14NF1',9202,50531,160100
'14NF1',9202,50531,163400
'14NF1',9202,50531,170700
'14NF1',9202,50531,173900
'14NF1',9202,50531,181000
'14NF1',9202,50531,184100
'14NF1',9202,50531,191200
'14NF1',9202,50531,194400
'14NF1',9202,50531,201700
'14NF1',9202,50531,204900
'14NF1',9202,50531,211900
'14NF1',9202,50531,214800
'14NF1',9202,50531,221800
'14NF1',9202,50531,224800
'14NF1',9202,50531,231800
'14NF1',9202,50531,234800
'14NF1',9202,50531,241800
'14NF1',9202,50531,245100
'14NF1',9202,50531,252900
'14NF1',9202,50531,260800
'14NF2',9202,50531,60200
'14NF2',9202,50531,63200
'14NF2',9202,50531,70200
'14NF2',9202,50531,73200
'14NF2',9202,50531,80400
'14NF2',9202,50531,83400
'14NF2',9202,50531,90400
'14NF2',9202,50531,93500
'14NF2',9202,50531,100700
'14NF2',9202,50531,103800
'14NF2',9202,50531,110800
'14NF2',9202,50531,113900
'14NF2',9202,50531,121300
'14NF2',9202,50531,124700
'14NF2',9202,50531,132200
'14NF2',9202,50531,135800
'14NF2',9202,50531,143200
'14NF2',9202,50531,150600
'14NF2',9202,50531,154000
'14NF2',9202,50531,161400
'14NF2',9202,50531,164600
'14NF2',9202,50531,171800
'14NF2',9202,50531,175100
'14NF2',9202,50531,182300
'14NF2',9202,50531,185500
'14NF2',9202,50531,192500
'14NF2',9202,50531,195400
'14NF2',9202,50531,202400
'14NF2',9202,50531,205400
'14NF2',9202,50531,212400
'14NF2',9202,50531,215500
'14NF2',9202,50531,222500
'14NF2',9202,50531,225500
'14NF2',9202,50531,232500
'14NF2',9202,50531,235500
'14NF2',9202,50531,242600
'14NF2',9202,50531,245800
'14NF2',9202,50531,253000
'14NF3',9202,50531,52900
'14NF3',9202,50531,60200
'14NF3',9202,50531,63200
'14NF3',9202,50531,70200
'14NF3',9202,50531,73200
'14NF3',9202,50531,80200
'14NF3',9202,50531,83200
'14NF3',9202,50531,90200
'14NF3',9202,50531,93100
'14NF3',9202,50531,95900
'14NF3',9202,50531,102900
'14NF3',9202,50531,110000
'14NF3',9202,50531,113100
'14NF3',9202,50531,120400
'14NF3',9202,50531,123700
'14NF3',9202,50531,131200
'14NF3',9202,50531,134600
'14NF3',9202,50531,142000
'14NF3',9202,50531,145300
'14NF3',9202,50531,152700
'14NF3',9202,50531,160100
'14NF3',9202,50531,163400
'14NF3',9202,50531,170700
'14NF3',9202,50531,173900
'14NF3',9202,50531,181000
'14NF3',9202,50531,184100
'14NF3',9202,50531,191200
'14NF3',9202,50531,194400
'14NF3',9202,50531,201700
'14NF3',9202,50531,204900
'14NF3',9202,50531,211900
'14NF3',9202,50531,214800
'14NF3',9202,50531,221800
'14NF3',9202,50531,224800
'14NF3',9202,50531,231800
'14NF3',9202,50531,234800
'14NF3',9202,50531,241800
'14NF3',9202,50531,245100
'14NF3',9202,50531,252900
'14NF3',9202,50531,260800
'14NF4',9202,50531,60200
'14NF4',9202,50531,63200
'14NF4',9202,50531,70200
'14NF4',9202,50531,73200
'14NF4',9202,50531,80400
'14NF4',9202,50531,83400
'14NF4',9202,50531,90400
'14NF4',9202,50531,93500
'14NF4',9202,50531,100700
'14NF4',9202,50531,103800
'14NF4',9202,50531,110800
'14NF4',9202,50531,113900
'14NF4',9202,50531,121300
'14NF4',9202,50531,124700
'14NF4',9202,50531,132200
'14NF4',9202,50531,135800
'14NF4',9202,50531,143200
'14NF4',9202,50531,150600
'14NF4',9202,50531,154000
'14NF4',9202,50531,161400
'14NF4',9202,50531,164600
'14NF4',9202,50531,171800
'14NF4',9202,50531,175100
'14NF4',9202,50531,182300
'14NF4',9202,50531,185500
'14NF4',9202,50531,192500
'14NF4',9202,50531,195400
'14NF4',9202,50531,202400
'14NF4',9202,50531,205400
'14NF4',9202,50531,212400
'14NF4',9202,50531,215500
'14NF4',9202,50531,222500
'14NF4',9202,50531,225500
'14NF4',9202,50531,232500
'14NF4',9202,50531,235500
'14NF4',9202,50531,242600
'14NF4',9202,50531,245800
'14NF4',9202,50531,253000
'14NI',9202,50531,52900
'14NI',9202,50531,60200
'14NI',9202,50531,63200
'14NI',9202,50531,70200
'14NI',9202,50531,73200
'14NI',9202,50531,80200
'14NI',9202,50531,83200
'14NI',9202,50531,90200
'14NI',9202,50531,93100
'14NI',9202,50531,95900
'14NI',9202,50531,102900
'14NI',9202,50531,110000
'14NI',9202,50531,113100
'14NI',9202,50531,120400
'14NI',9202,50531,123700
'14NI',9202,50531,131200
'14NI',9202,50531,134600
'14NI',9202,50531,142000
'14NI',9202,50531,145300
'14NI',9202,50531,152700
'14NI',9202,50531,160100
'14NI',9202,50531,163400
'14NI',9202,50531,170700
'14NI',9202,50531,173900
'14NI',9202,50531,181000
'14NI',9202,50531,184100
'14NI',9202,50531,191200
'14NI',9202,50531,194400
'14NI',9202,50531,201700
'14NI',9202,50531,204900
'14NI',9202,50531,211900
'14NI',9202,50531,214800
'14NI',9202,50531,221800
'14NI',9202,50531,224800
'14NI',9202,50531,231800
'14NI',9202,50531,234800
'14NI',9202,50531,241800
'14NI',9202,50531,245100
'14NI',9202,50531,252900
'14NI',9202,50531,260800
'14NS',9202,50531,52300
'14NS',9202,50531,60300
'14NS',9202,50531,63800
'14NS',9202,50531,71000
'14NS',9202,50531,74700
'14NS',9202,50531,82000
'14NS',9202,50531,85300
'14NS',9202,50531,92400
'14NS',9202,50531,95600
'14NS',9202,50531,102700
'14NS',9202,50531,105900
'14NS',9202,50531,113100
'14NS',9202,50531,120400
'14NS',9202,50531,123700
'14NS',9202,50531,131000
'14NS',9202,50531,134300
'14NS',9202,50531,141600
'14NS',9202,50531,144900
'14NS',9202,50531,151200
'14NS',9202,50531,153800
'14NS',9202,50531,160300
'14NS',9202,50531,162800
'14NS',9202,50531,165400
'14NS',9202,50531,172000
'14NS',9202,50531,174500
'14NS',9202,50531,180900
'14NS',9202,50531,183300
'14NS',9202,50531,185700
'14NS',9202,50531,192100
'14NS',9202,50531,195000
'14NS',9202,50531,202100
'14NS',9202,50531,205100
'14NS',9202,50531,212100
'14NS',9202,50531,215000
'14NS',9202,50531,222000
'14NS',9202,50531,225000
'14NS',9202,50531,232000
'14NS',9202,50531,235000
'14NS',9202,50531,242000
'14NS',9202,50531,245000
'14NS',9202,50531,252900
'14NS',9202,50531,261000
'14NA',36802,50531,263800
'14NA',36802,50531,265800
'14NA',36802,50531,271800
'14NA',36802,50531,274600
'14NA',36802,50531,281300
'14NA',36802,50531,284600
'14NA',36802,50531,293100
'14NF1',36802,50531,263100
'14NF1',36802,50531,271600
'14NF1',36802,50531,280100
'14NF1',36802,50531,284400
'14NF1',36802,50531,292900
'14NF2',36802,50531,263800
'14NF2',36802,50531,265800
'14NF2',36802,50531,271800
'14NF2',36802,50531,274600
'14NF2',36802,50531,281300
'14NF2',36802,50531,284600
'14NF2',36802,50531,292900
'14NF3',36802,50531,263100
'14NF3',36802,50531,271600
'14NF3',36802,50531,280100
'14NF3',36802,50531,284400
'14NF3',36802,50531,292900
'14NF4',36802,50531,263800
'14NF4',36802,50531,265800
'14NF4',36802,50531,271800
'14NF4',36802,50531,274600
'14NF4',36802,50531,281300
'14NF4',36802,50531,284600
'14NF4',36802,50531,292900
'14NI',36802,50531,263100
'14NI',36802,50531,271600
'14NI',36802,50531,280100
'14NI',36802,50531,284400
'14NI',36802,50531,292900
'14NS',36802,50531,263200
'14NS',36802,50531,271700
'14NS',36802,50531,280300
'14NS',36802,50531,284900
'14NS',36802,50531,293500
'14NA',36903,50531,255500
'14NA',36903,50531,262500
'14NA',36903,50531,264200
'14NA',36903,50531,265400
'14NA',36903,50531,270600
'14NA',36903,50531,271700
'14NA',36903,50531,272800
'14NA',36903,50531,274000
'14NA',36903,50531,275500
'14NA',36903,50531,281100
'14NA',36903,50531,282700
'14NA',36903,50531,284200
'14NA',36903,50531,285500
'14NF1',36903,50531,255600
'14NF1',36903,50531,261100
'14NF1',36903,50531,262600
'14NF1',36903,50531,264100
'14NF1',36903,50531,265600
'14NF1',36903,50531,271500
'14NF1',36903,50531,273500
'14NF1',36903,50531,275400
'14NF1',36903,50531,281400
'14NF1',36903,50531,285300
'14NF2',36903,50531,255600
'14NF2',36903,50531,261100
'14NF2',36903,50531,262600
'14NF2',36903,50531,264100
'14NF2',36903,50531,265600
'14NF2',36903,50531,271500
'14NF2',36903,50531,273500
'14NF2',36903,50531,275400
'14NF2',36903,50531,281400
'14NF2',36903,50531,285300
'14NF3',36903,50531,255600
'14NF3',36903,50531,261100
'14NF3',36903,50531,262600
'14NF3',36903,50531,264100
'14NF3',36903,50531,265600
'14NF3',36903,50531,271500
'14NF3',36903,50531,273500
'14NF3',36903,50531,275400
'14NF3',36903,50531,281400
'14NF3',36903,50531,285300
'14NF4',36903,50531,255600
'14NF4',36903,50531,261100
'14NF4',36903,50531,262600
'14NF4',36903,50531,264100
'14NF4',36903,50531,265600
'14NF4',36903,50531,271500
'14NF4',36903,50531,273500
'14NF4',36903,50531,275400
'14NF4',36903,50531,281400
'14NF4',36903,50531,285300
'14NI',36903,50531,255600
'14NI',36903,50531,264000
'14NI',36903,50531,271900
'14NI',36903,50531,274300
'14NI',36903,50531,280800
'14NI',36903,50531,285000
'14NS',36903,50531,255600
'14NS',36903,50531,261100
'14NS',36903,50531,262600
'14NS',36903,50531,264100
'14NS',36903,50531,265600
'14NS',36903,50531,271500
'14NS',36903,50531,273500
'14NS',36903,50531,275400
'14NS',36903,50531,281400
'14NS',36903,50531,285300
'14NA',37202,50531,263800
'14NA',37202,50531,272400
'14NA',37202,50531,280900
'14NA',37202,50531,285400
'14NA',37202,50531,293900
'14NF1',37202,50531,263700
'14NF1',37202,50531,272400
'14NF1',37202,50531,280900
'14NF1',37202,50531,285400
'14NF1',37202,50531,293900
'14NF2',37202,50531,263800
'14NF2',37202,50531,272400
'14NF2',37202,50531,280900
'14NF2',37202,50531,285400
'14NF2',37202,50531,293900
'14NF3',37202,50531,263700
'14NF3',37202,50531,272400
'14NF3',37202,50531,280900
'14NF3',37202,50531,285400
'14NF3',37202,50531,293900
'14NF4',37202,50531,263800
'14NF4',37202,50531,272400
'14NF4',37202,50531,280900
'14NF4',37202,50531,285400
'14NF4',37202,50531,293900
'14NI',37202,50531,263700
'14NI',37202,50531,272400
'14NI',37202,50531,280900
'14NI',37202,50531,285400
'14NI',37202,50531,293900
'14NS',37202,50531,264200
'14NS',37202,50531,272700
'14NS',37202,50531,281000
'14NS',37202,50531,285900
'14NS',37202,50531,294800
