'14NA',20201,55468,63600
'14NA',20201,55468,70600
'14NA',20201,55468,73600
'14NA',20201,55468,80600
'14NA',20201,55468,83600
'14NA',20201,55468,90600
'14NA',20201,55468,93600
'14NA',20201,55468,100600
'14NA',20201,55468,103700
'14NA',20201,55468,110800
'14NA',20201,55468,113800
'14NA',20201,55468,115900
'14NA',20201,55468,121900
'14NA',20201,55468,123900
'14NA',20201,55468,125900
'14NA',20201,55468,131900
'14NA',20201,55468,133900
'14NA',20201,55468,140000
'14NA',20201,55468,142100
'14NA',20201,55468,144100
'14NA',20201,55468,150100
'14NA',20201,55468,152100
'14NA',20201,55468,154100
'14NA',20201,55468,160100
'14NA',20201,55468,162100
'14NA',20201,55468,164100
'14NA',20201,55468,170100
'14NA',20201,55468,172100
'14NA',20201,55468,174000
'14NA',20201,55468,180000
'14NA',20201,55468,181900
'14NA',20201,55468,183900
'14NA',20201,55468,190500
'14NA',20201,55468,193500
'14NA',20201,55468,200500
'14NA',20201,55468,203400
'14NA',20201,55468,210300
'14NA',20201,55468,213200
'14NA',20201,55468,220200
'14NA',20201,55468,223200
'14NA',20201,55468,230200
'14NA',20201,55468,233200
'14NA',20201,55468,240200
'14NA',20201,55468,243100
'14NF1',20201,55468,63600
'14NF1',20201,55468,70600
'14NF1',20201,55468,73600
'14NF1',20201,55468,80600
'14NF1',20201,55468,83600
'14NF1',20201,55468,90600
'14NF1',20201,55468,93600
'14NF1',20201,55468,100600
'14NF1',20201,55468,103700
'14NF1',20201,55468,110800
'14NF1',20201,55468,113800
'14NF1',20201,55468,115900
'14NF1',20201,55468,121900
'14NF1',20201,55468,123900
'14NF1',20201,55468,125900
'14NF1',20201,55468,131900
'14NF1',20201,55468,133900
'14NF1',20201,55468,140000
'14NF1',20201,55468,142100
'14NF1',20201,55468,144100
'14NF1',20201,55468,150100
'14NF1',20201,55468,152100
'14NF1',20201,55468,154100
'14NF1',20201,55468,160100
'14NF1',20201,55468,162100
'14NF1',20201,55468,164100
'14NF1',20201,55468,170100
'14NF1',20201,55468,172100
'14NF1',20201,55468,174000
'14NF1',20201,55468,180000
'14NF1',20201,55468,181900
'14NF1',20201,55468,183900
'14NF1',20201,55468,190500
'14NF1',20201,55468,193500
'14NF1',20201,55468,200500
'14NF1',20201,55468,203400
'14NF1',20201,55468,210300
'14NF1',20201,55468,213200
'14NF1',20201,55468,220200
'14NF1',20201,55468,223200
'14NF1',20201,55468,230200
'14NF1',20201,55468,233200
'14NF1',20201,55468,240200
'14NF1',20201,55468,243100
'14NF2',20201,55468,63600
'14NF2',20201,55468,70600
'14NF2',20201,55468,73600
'14NF2',20201,55468,80600
'14NF2',20201,55468,83600
'14NF2',20201,55468,90600
'14NF2',20201,55468,93600
'14NF2',20201,55468,100600
'14NF2',20201,55468,103700
'14NF2',20201,55468,110800
'14NF2',20201,55468,113800
'14NF2',20201,55468,115900
'14NF2',20201,55468,121900
'14NF2',20201,55468,123900
'14NF2',20201,55468,125900
'14NF2',20201,55468,131900
'14NF2',20201,55468,133900
'14NF2',20201,55468,140000
'14NF2',20201,55468,142100
'14NF2',20201,55468,144100
'14NF2',20201,55468,150100
'14NF2',20201,55468,152100
'14NF2',20201,55468,154100
'14NF2',20201,55468,160100
'14NF2',20201,55468,162100
'14NF2',20201,55468,164100
'14NF2',20201,55468,170100
'14NF2',20201,55468,172100
'14NF2',20201,55468,174000
'14NF2',20201,55468,180000
'14NF2',20201,55468,181900
'14NF2',20201,55468,183900
'14NF2',20201,55468,190500
'14NF2',20201,55468,193500
'14NF2',20201,55468,200500
'14NF2',20201,55468,203400
'14NF2',20201,55468,210300
'14NF2',20201,55468,213200
'14NF2',20201,55468,220200
'14NF2',20201,55468,223200
'14NF2',20201,55468,230200
'14NF2',20201,55468,233200
'14NF2',20201,55468,240200
'14NF2',20201,55468,243100
'14NF3',20201,55468,63600
'14NF3',20201,55468,70600
'14NF3',20201,55468,73600
'14NF3',20201,55468,80600
'14NF3',20201,55468,83600
'14NF3',20201,55468,90600
'14NF3',20201,55468,93600
'14NF3',20201,55468,100600
'14NF3',20201,55468,103700
'14NF3',20201,55468,110800
'14NF3',20201,55468,113800
'14NF3',20201,55468,115900
'14NF3',20201,55468,121900
'14NF3',20201,55468,123900
'14NF3',20201,55468,125900
'14NF3',20201,55468,131900
'14NF3',20201,55468,133900
'14NF3',20201,55468,140000
'14NF3',20201,55468,142100
'14NF3',20201,55468,144100
'14NF3',20201,55468,150100
'14NF3',20201,55468,152100
'14NF3',20201,55468,154100
'14NF3',20201,55468,160100
'14NF3',20201,55468,162100
'14NF3',20201,55468,164100
'14NF3',20201,55468,170100
'14NF3',20201,55468,172100
'14NF3',20201,55468,174000
'14NF3',20201,55468,180000
'14NF3',20201,55468,181900
'14NF3',20201,55468,183900
'14NF3',20201,55468,190500
'14NF3',20201,55468,193500
'14NF3',20201,55468,200500
'14NF3',20201,55468,203400
'14NF3',20201,55468,210300
'14NF3',20201,55468,213200
'14NF3',20201,55468,220200
'14NF3',20201,55468,223200
'14NF3',20201,55468,230200
'14NF3',20201,55468,233200
'14NF3',20201,55468,240200
'14NF3',20201,55468,243100
'14NF4',20201,55468,63600
'14NF4',20201,55468,70600
'14NF4',20201,55468,73600
'14NF4',20201,55468,80600
'14NF4',20201,55468,83600
'14NF4',20201,55468,90600
'14NF4',20201,55468,93600
'14NF4',20201,55468,100600
'14NF4',20201,55468,103700
'14NF4',20201,55468,110800
'14NF4',20201,55468,113800
'14NF4',20201,55468,115900
'14NF4',20201,55468,121900
'14NF4',20201,55468,123900
'14NF4',20201,55468,125900
'14NF4',20201,55468,131900
'14NF4',20201,55468,133900
'14NF4',20201,55468,140000
'14NF4',20201,55468,142100
'14NF4',20201,55468,144100
'14NF4',20201,55468,150100
'14NF4',20201,55468,152100
'14NF4',20201,55468,154100
'14NF4',20201,55468,160100
'14NF4',20201,55468,162100
'14NF4',20201,55468,164100
'14NF4',20201,55468,170100
'14NF4',20201,55468,172100
'14NF4',20201,55468,174000
'14NF4',20201,55468,180000
'14NF4',20201,55468,181900
'14NF4',20201,55468,183900
'14NF4',20201,55468,190500
'14NF4',20201,55468,193500
'14NF4',20201,55468,200500
'14NF4',20201,55468,203400
'14NF4',20201,55468,210300
'14NF4',20201,55468,213200
'14NF4',20201,55468,220200
'14NF4',20201,55468,223200
'14NF4',20201,55468,230200
'14NF4',20201,55468,233200
'14NF4',20201,55468,240200
'14NF4',20201,55468,243100
'14NI',20201,55468,73300
'14NI',20201,55468,80300
'14NI',20201,55468,83300
'14NI',20201,55468,90300
'14NI',20201,55468,93300
'14NI',20201,55468,100300
'14NI',20201,55468,103300
'14NI',20201,55468,110300
'14NI',20201,55468,113400
'14NI',20201,55468,120500
'14NI',20201,55468,123600
'14NI',20201,55468,130600
'14NI',20201,55468,133600
'14NI',20201,55468,140600
'14NI',20201,55468,143600
'14NI',20201,55468,145700
'14NI',20201,55468,151800
'14NI',20201,55468,153800
'14NI',20201,55468,155800
'14NI',20201,55468,161800
'14NI',20201,55468,163800
'14NI',20201,55468,170800
'14NI',20201,55468,173800
'14NI',20201,55468,180700
'14NI',20201,55468,183600
'14NI',20201,55468,190500
'14NI',20201,55468,193400
'14NI',20201,55468,200300
'14NI',20201,55468,203300
'14NI',20201,55468,210300
'14NI',20201,55468,213300
'14NI',20201,55468,220200
'14NI',20201,55468,223100
'14NI',20201,55468,230100
'14NI',20201,55468,233100
'14NI',20201,55468,240000
'14NI',20201,55468,243000
'14NS',20201,55468,62000
'14NS',20201,55468,64100
'14NS',20201,55468,70300
'14NS',20201,55468,72200
'14NS',20201,55468,74100
'14NS',20201,55468,80200
'14NS',20201,55468,82100
'14NS',20201,55468,84400
'14NS',20201,55468,91400
'14NS',20201,55468,94000
'14NS',20201,55468,101000
'14NS',20201,55468,104000
'14NS',20201,55468,111100
'14NS',20201,55468,114200
'14NS',20201,55468,121200
'14NS',20201,55468,123200
'14NS',20201,55468,125200
'14NS',20201,55468,131300
'14NS',20201,55468,133400
'14NS',20201,55468,135400
'14NS',20201,55468,141400
'14NS',20201,55468,143500
'14NS',20201,55468,145500
'14NS',20201,55468,151600
'14NS',20201,55468,154700
'14NS',20201,55468,161700
'14NS',20201,55468,164700
'14NS',20201,55468,171700
'14NS',20201,55468,174800
'14NS',20201,55468,181500
'14NS',20201,55468,184300
'14NS',20201,55468,191300
'14NS',20201,55468,194200
'14NS',20201,55468,201100
'14NS',20201,55468,203000
'14NS',20201,55468,205000
'14NS',20201,55468,211000
'14NS',20201,55468,214000
'14NS',20201,55468,220900
'14NS',20201,55468,223700
'14NS',20201,55468,230700
'14NS',20201,55468,233700
'14NS',20201,55468,240500
'14NS',20201,55468,243400
'14NA',37801,55468,253700
'14NA',37801,55468,262800
'14NA',37801,55468,272100
'14NA',37801,55468,281000
'14NF1',37801,55468,253700
'14NF1',37801,55468,262800
'14NF1',37801,55468,271800
'14NF1',37801,55468,280900
'14NF2',37801,55468,253700
'14NF2',37801,55468,262800
'14NF2',37801,55468,271800
'14NF2',37801,55468,280900
'14NF3',37801,55468,253700
'14NF3',37801,55468,262800
'14NF3',37801,55468,271800
'14NF3',37801,55468,280900
'14NF4',37801,55468,253700
'14NF4',37801,55468,262800
'14NF4',37801,55468,271800
'14NF4',37801,55468,280900
'14NI',37801,55468,253700
'14NI',37801,55468,262800
'14NI',37801,55468,271800
'14NI',37801,55468,280900
'14NS',37801,55468,253700
'14NS',37801,55468,262800
'14NS',37801,55468,271800
'14NS',37801,55468,280900
'14NF4',46001,55468,144700
'14NF4',46001,55468,145700
'14NF4',46001,55468,150700
'14NF4',46001,55468,152000
'14NF4',46001,55468,153000
'14NF4',46001,55468,154100
'14NF4',46001,55468,155100
'14NF4',46001,55468,160100
'14NF4',46001,55468,161100
'14NF4',46001,55468,162100
'14NF4',46001,55468,163100
'14NF4',46001,55468,164100
'14NF4',46001,55468,165100
'14NF4',46001,55468,170600
'14NF4',46001,55468,172100
'14NF4',46001,55468,174000
'14NF4',46001,55468,175900
'14NF4',46001,55468,182000
'14NF4',46001,55468,184100
'14NF4',46001,55468,190100
'14NF4',46001,55468,192000
'14NF4',46001,55468,194000
'14NS',46001,55468,144700
'14NS',46001,55468,145600
'14NS',46001,55468,150400
'14NS',46001,55468,151300
'14NS',46001,55468,152300
'14NS',46001,55468,153300
'14NS',46001,55468,154100
'14NS',46001,55468,154700
'14NS',46001,55468,155300
'14NS',46001,55468,155900
'14NS',46001,55468,160600
'14NS',46001,55468,161300
'14NS',46001,55468,162000
'14NS',46001,55468,162700
'14NS',46001,55468,163400
'14NS',46001,55468,164100
'14NS',46001,55468,164600
'14NS',46001,55468,165100
'14NS',46001,55468,165600
'14NS',46001,55468,170100
'14NS',46001,55468,170600
'14NS',46001,55468,171100
'14NS',46001,55468,172100
'14NS',46001,55468,174000
'14NS',46001,55468,175900
'14NS',46001,55468,182000
'14NS',46001,55468,184100
'14NS',46001,55468,190100
'14NS',46001,55468,192000
'14NS',46001,55468,194000
