'15MA',18301,52472,102800
'15MA',18301,52472,113800
'15MA',18301,52472,124800
'15MA',18301,52472,135800
'15MA',18301,52472,150800
'15MA',18301,52472,161800
'15MA',18301,52472,172800
'15MA',18301,52472,183800
'15MA',18301,52472,194800
'15MF1',18301,52472,55600
'15MF1',18301,52472,70600
'15MF1',18301,52472,81900
'15MF1',18301,52472,93200
'15MF1',18301,52472,104500
'15MF1',18301,52472,120100
'15MF1',18301,52472,131200
'15MF1',18301,52472,142300
'15MF1',18301,52472,153400
'15MF1',18301,52472,164500
'15MF1',18301,52472,175600
'15MF1',18301,52472,190700
'15MF1',18301,52472,201800
'15MF1',18301,52472,212700
'15MF1',18301,52472,223600
'15MF2',18301,52472,55600
'15MF2',18301,52472,70600
'15MF2',18301,52472,81900
'15MF2',18301,52472,93200
'15MF2',18301,52472,104500
'15MF2',18301,52472,120100
'15MF2',18301,52472,131200
'15MF2',18301,52472,142300
'15MF2',18301,52472,153400
'15MF2',18301,52472,164500
'15MF2',18301,52472,175600
'15MF2',18301,52472,190700
'15MF2',18301,52472,201800
'15MF2',18301,52472,212700
'15MF2',18301,52472,223600
'15MF3',18301,52472,102800
'15MF3',18301,52472,113800
'15MF3',18301,52472,124800
'15MF3',18301,52472,135800
'15MF3',18301,52472,150800
'15MF3',18301,52472,161800
'15MF3',18301,52472,172800
'15MF3',18301,52472,183800
'15MF3',18301,52472,194800
'15MI',18301,52472,102800
'15MI',18301,52472,113800
'15MI',18301,52472,124800
'15MI',18301,52472,135800
'15MI',18301,52472,150800
'15MI',18301,52472,161800
'15MI',18301,52472,172800
'15MI',18301,52472,183800
'15MI',18301,52472,194800
'15MS',18301,52472,55600
'15MS',18301,52472,70600
'15MS',18301,52472,81900
'15MS',18301,52472,93200
'15MS',18301,52472,104500
'15MS',18301,52472,120100
'15MS',18301,52472,131200
'15MS',18301,52472,142300
'15MS',18301,52472,153400
'15MS',18301,52472,164500
'15MS',18301,52472,175600
'15MS',18301,52472,190700
'15MS',18301,52472,201800
'15MS',18301,52472,212700
'15MS',18301,52472,223600
