'14SA',13603,54846,54700
'14SA',13603,54846,61600
'14SA',13603,54846,64400
'14SA',13603,54846,71300
'14SA',13603,54846,74400
'14SA',13603,54846,81400
'14SA',13603,54846,84400
'14SA',13603,54846,91400
'14SA',13603,54846,94500
'14SA',13603,54846,101500
'14SA',13603,54846,104900
'14SA',13603,54846,112000
'14SA',13603,54846,115000
'14SA',13603,54846,121000
'14SA',13603,54846,123000
'14SA',13603,54846,125000
'14SA',13603,54846,131000
'14SA',13603,54846,133000
'14SA',13603,54846,135000
'14SA',13603,54846,141000
'14SA',13603,54846,143000
'14SA',13603,54846,145000
'14SA',13603,54846,150500
'14SA',13603,54846,152000
'14SA',13603,54846,153400
'14SA',13603,54846,154600
'14SA',13603,54846,155600
'14SA',13603,54846,160600
'14SA',13603,54846,161600
'14SA',13603,54846,162600
'14SA',13603,54846,163600
'14SA',13603,54846,164600
'14SA',13603,54846,165600
'14SA',13603,54846,170600
'14SA',13603,54846,171600
'14SA',13603,54846,172800
'14SA',13603,54846,173700
'14SA',13603,54846,174500
'14SA',13603,54846,175400
'14SA',13603,54846,180500
'14SA',13603,54846,181500
'14SA',13603,54846,182500
'14SA',13603,54846,183500
'14SA',13603,54846,184500
'14SA',13603,54846,185500
'14SA',13603,54846,190800
'14SA',13603,54846,192700
'14SA',13603,54846,194700
'14SA',13603,54846,200700
'14SA',13603,54846,202700
'14SA',13603,54846,204700
'14SA',13603,54846,210700
'14SA',13603,54846,212800
'14SA',13603,54846,214800
'14SA',13603,54846,220900
'14SA',13603,54846,223700
'14SA',13603,54846,230700
'14SA',13603,54846,233600
'14SA',13603,54846,240600
'14SA',13603,54846,243500
'14SA',13603,54846,250400
'14SA',13603,54846,253400
'14SA',13603,54846,260400
'14SF1',13603,54846,54800
'14SF1',13603,54846,61800
'14SF1',13603,54846,64700
'14SF1',13603,54846,71700
'14SF1',13603,54846,74600
'14SF1',13603,54846,81600
'14SF1',13603,54846,84600
'14SF1',13603,54846,91500
'14SF1',13603,54846,94600
'14SF1',13603,54846,101600
'14SF1',13603,54846,104600
'14SF1',13603,54846,111500
'14SF1',13603,54846,114700
'14SF1',13603,54846,121700
'14SF1',13603,54846,124700
'14SF1',13603,54846,131600
'14SF1',13603,54846,133900
'14SF1',13603,54846,140000
'14SF1',13603,54846,141700
'14SF1',13603,54846,143500
'14SF1',13603,54846,145300
'14SF1',13603,54846,151100
'14SF1',13603,54846,152900
'14SF1',13603,54846,154600
'14SF1',13603,54846,160100
'14SF1',13603,54846,161600
'14SF1',13603,54846,163100
'14SF1',13603,54846,164600
'14SF1',13603,54846,170000
'14SF1',13603,54846,171200
'14SF1',13603,54846,172600
'14SF1',13603,54846,173900
'14SF1',13603,54846,174900
'14SF1',13603,54846,180000
'14SF1',13603,54846,181100
'14SF1',13603,54846,182200
'14SF1',13603,54846,183300
'14SF1',13603,54846,184400
'14SF1',13603,54846,190000
'14SF1',13603,54846,191900
'14SF1',13603,54846,194000
'14SF1',13603,54846,200400
'14SF1',13603,54846,203400
'14SF1',13603,54846,210500
'14SF1',13603,54846,213500
'14SF1',13603,54846,220600
'14SF1',13603,54846,223400
'14SF1',13603,54846,230300
'14SF1',13603,54846,233200
'14SF1',13603,54846,240200
'14SF1',13603,54846,243200
'14SF1',13603,54846,250000
'14SF1',13603,54846,253000
'14SF2',13603,54846,54800
'14SF2',13603,54846,61800
'14SF2',13603,54846,64700
'14SF2',13603,54846,71700
'14SF2',13603,54846,74600
'14SF2',13603,54846,81600
'14SF2',13603,54846,84600
'14SF2',13603,54846,91500
'14SF2',13603,54846,94600
'14SF2',13603,54846,101600
'14SF2',13603,54846,104600
'14SF2',13603,54846,111500
'14SF2',13603,54846,114700
'14SF2',13603,54846,121700
'14SF2',13603,54846,124700
'14SF2',13603,54846,131600
'14SF2',13603,54846,133900
'14SF2',13603,54846,140000
'14SF2',13603,54846,141700
'14SF2',13603,54846,143500
'14SF2',13603,54846,145300
'14SF2',13603,54846,151100
'14SF2',13603,54846,152900
'14SF2',13603,54846,154600
'14SF2',13603,54846,160100
'14SF2',13603,54846,161600
'14SF2',13603,54846,163100
'14SF2',13603,54846,164600
'14SF2',13603,54846,170000
'14SF2',13603,54846,171200
'14SF2',13603,54846,172600
'14SF2',13603,54846,173900
'14SF2',13603,54846,174900
'14SF2',13603,54846,180000
'14SF2',13603,54846,181100
'14SF2',13603,54846,182200
'14SF2',13603,54846,183300
'14SF2',13603,54846,184400
'14SF2',13603,54846,190000
'14SF2',13603,54846,191900
'14SF2',13603,54846,194000
'14SF2',13603,54846,200400
'14SF2',13603,54846,203400
'14SF2',13603,54846,210500
'14SF2',13603,54846,213500
'14SF2',13603,54846,220600
'14SF2',13603,54846,223400
'14SF2',13603,54846,230300
'14SF2',13603,54846,233200
'14SF2',13603,54846,240200
'14SF2',13603,54846,243200
'14SF2',13603,54846,250000
'14SF2',13603,54846,253000
'14SI',13603,54846,54800
'14SI',13603,54846,61800
'14SI',13603,54846,64700
'14SI',13603,54846,71700
'14SI',13603,54846,74600
'14SI',13603,54846,81600
'14SI',13603,54846,84600
'14SI',13603,54846,91500
'14SI',13603,54846,94600
'14SI',13603,54846,101600
'14SI',13603,54846,104600
'14SI',13603,54846,111500
'14SI',13603,54846,114700
'14SI',13603,54846,121700
'14SI',13603,54846,124700
'14SI',13603,54846,131600
'14SI',13603,54846,133900
'14SI',13603,54846,140000
'14SI',13603,54846,141700
'14SI',13603,54846,143500
'14SI',13603,54846,145300
'14SI',13603,54846,151100
'14SI',13603,54846,152900
'14SI',13603,54846,154600
'14SI',13603,54846,160100
'14SI',13603,54846,161600
'14SI',13603,54846,163100
'14SI',13603,54846,164600
'14SI',13603,54846,170000
'14SI',13603,54846,171200
'14SI',13603,54846,172600
'14SI',13603,54846,173900
'14SI',13603,54846,174900
'14SI',13603,54846,180000
'14SI',13603,54846,181100
'14SI',13603,54846,182200
'14SI',13603,54846,183300
'14SI',13603,54846,184400
'14SI',13603,54846,190000
'14SI',13603,54846,191900
'14SI',13603,54846,194000
'14SI',13603,54846,200400
'14SI',13603,54846,203400
'14SI',13603,54846,210500
'14SI',13603,54846,213500
'14SI',13603,54846,220600
'14SI',13603,54846,223400
'14SI',13603,54846,230300
'14SI',13603,54846,233200
'14SI',13603,54846,240200
'14SI',13603,54846,243200
'14SI',13603,54846,250000
'14SI',13603,54846,253000
'14SS',13603,54846,55000
'14SS',13603,54846,62200
'14SS',13603,54846,64800
'14SS',13603,54846,70800
'14SS',13603,54846,72900
'14SS',13603,54846,74800
'14SS',13603,54846,80500
'14SS',13603,54846,82000
'14SS',13603,54846,83800
'14SS',13603,54846,90000
'14SS',13603,54846,92900
'14SS',13603,54846,95800
'14SS',13603,54846,102400
'14SS',13603,54846,104900
'14SS',13603,54846,110900
'14SS',13603,54846,112900
'14SS',13603,54846,114900
'14SS',13603,54846,120900
'14SS',13603,54846,122900
'14SS',13603,54846,124900
'14SS',13603,54846,130700
'14SS',13603,54846,132200
'14SS',13603,54846,133700
'14SS',13603,54846,135200
'14SS',13603,54846,140700
'14SS',13603,54846,142000
'14SS',13603,54846,143000
'14SS',13603,54846,144000
'14SS',13603,54846,145100
'14SS',13603,54846,150200
'14SS',13603,54846,151200
'14SS',13603,54846,152200
'14SS',13603,54846,152800
'14SS',13603,54846,153500
'14SS',13603,54846,154200
'14SS',13603,54846,154900
'14SS',13603,54846,155700
'14SS',13603,54846,160500
'14SS',13603,54846,161300
'14SS',13603,54846,162100
'14SS',13603,54846,162800
'14SS',13603,54846,163500
'14SS',13603,54846,164100
'14SS',13603,54846,164600
'14SS',13603,54846,165100
'14SS',13603,54846,165500
'14SS',13603,54846,170100
'14SS',13603,54846,170700
'14SS',13603,54846,171300
'14SS',13603,54846,171800
'14SS',13603,54846,172300
'14SS',13603,54846,172800
'14SS',13603,54846,173300
'14SS',13603,54846,173800
'14SS',13603,54846,174300
'14SS',13603,54846,174800
'14SS',13603,54846,175300
'14SS',13603,54846,175800
'14SS',13603,54846,180400
'14SS',13603,54846,181100
'14SS',13603,54846,181900
'14SS',13603,54846,182800
'14SS',13603,54846,183700
'14SS',13603,54846,184600
'14SS',13603,54846,185500
'14SS',13603,54846,190400
'14SS',13603,54846,191300
'14SS',13603,54846,192300
'14SS',13603,54846,193300
'14SS',13603,54846,194300
'14SS',13603,54846,195300
'14SS',13603,54846,200300
'14SS',13603,54846,201300
'14SS',13603,54846,202300
'14SS',13603,54846,203300
'14SS',13603,54846,204300
'14SS',13603,54846,205300
'14SS',13603,54846,210300
'14SS',13603,54846,211300
'14SS',13603,54846,212300
'14SS',13603,54846,213300
'14SS',13603,54846,214300
'14SS',13603,54846,215600
'14SS',13603,54846,221100
'14SS',13603,54846,222600
'14SS',13603,54846,224200
'14SS',13603,54846,230100
'14SS',13603,54846,232000
'14SS',13603,54846,234000
'14SS',13603,54846,240100
'14SS',13603,54846,242200
'14SS',13603,54846,244100
'14SS',13603,54846,250700
'14SS',13603,54846,253300
'14SS',18801,54846,60000
'14SS',18801,54846,63300
'14SS',18801,54846,70600
'14SS',18801,54846,74100
'14SS',18801,54846,81700
'14SS',18801,54846,85200
'14SS',18801,54846,92500
'14SS',18801,54846,151500
'14SS',18801,54846,155300
'14SS',18801,54846,163000
'14SS',18801,54846,170900
'14SS',18801,54846,174500
'14SS',18801,54846,182100
'14SS',18801,54846,185500
