'14MA',17903,50698,54500
'14MA',17903,50698,61500
'14MA',17903,50698,64500
'14MA',17903,50698,71500
'14MA',17903,50698,74500
'14MA',17903,50698,81500
'14MA',17903,50698,84400
'14MA',17903,50698,90400
'14MA',17903,50698,92400
'14MA',17903,50698,94400
'14MA',17903,50698,100400
'14MA',17903,50698,102400
'14MA',17903,50698,104500
'14MA',17903,50698,110400
'14MA',17903,50698,112300
'14MA',17903,50698,114200
'14MA',17903,50698,115700
'14MA',17903,50698,121200
'14MA',17903,50698,122700
'14MA',17903,50698,124200
'14MA',17903,50698,125400
'14MA',17903,50698,130600
'14MA',17903,50698,131900
'14MA',17903,50698,133200
'14MA',17903,50698,134300
'14MA',17903,50698,135300
'14MA',17903,50698,140300
'14MA',17903,50698,141300
'14MA',17903,50698,142300
'14MA',17903,50698,143400
'14MA',17903,50698,144500
'14MA',17903,50698,145500
'14MA',17903,50698,150500
'14MA',17903,50698,151500
'14MA',17903,50698,152500
'14MA',17903,50698,153500
'14MA',17903,50698,154500
'14MA',17903,50698,160000
'14MA',17903,50698,161500
'14MA',17903,50698,162600
'14MA',17903,50698,163600
'14MA',17903,50698,164600
'14MA',17903,50698,165400
'14MA',17903,50698,170200
'14MA',17903,50698,170900
'14MA',17903,50698,171600
'14MA',17903,50698,172400
'14MA',17903,50698,173800
'14MA',17903,50698,175400
'14MA',17903,50698,181000
'14MA',17903,50698,182900
'14MA',17903,50698,184800
'14MA',17903,50698,191800
'14MA',17903,50698,194700
'14MA',17903,50698,201700
'14MA',17903,50698,204700
'14MA',17903,50698,211700
'14MA',17903,50698,214700
'14MA',17903,50698,221700
'14MA',17903,50698,224700
'14MA',17903,50698,231700
'14MA',17903,50698,234700
'14MA',17903,50698,241700
'14MA',17903,50698,244600
'14MF1',17903,50698,54500
'14MF1',17903,50698,61500
'14MF1',17903,50698,64500
'14MF1',17903,50698,71500
'14MF1',17903,50698,74500
'14MF1',17903,50698,81500
'14MF1',17903,50698,84400
'14MF1',17903,50698,90400
'14MF1',17903,50698,92400
'14MF1',17903,50698,94400
'14MF1',17903,50698,100400
'14MF1',17903,50698,102400
'14MF1',17903,50698,104500
'14MF1',17903,50698,110400
'14MF1',17903,50698,112300
'14MF1',17903,50698,114200
'14MF1',17903,50698,115700
'14MF1',17903,50698,121200
'14MF1',17903,50698,122700
'14MF1',17903,50698,124200
'14MF1',17903,50698,125400
'14MF1',17903,50698,130600
'14MF1',17903,50698,131900
'14MF1',17903,50698,133200
'14MF1',17903,50698,134300
'14MF1',17903,50698,135300
'14MF1',17903,50698,140300
'14MF1',17903,50698,141300
'14MF1',17903,50698,142300
'14MF1',17903,50698,143400
'14MF1',17903,50698,144500
'14MF1',17903,50698,145500
'14MF1',17903,50698,150500
'14MF1',17903,50698,151500
'14MF1',17903,50698,152500
'14MF1',17903,50698,153500
'14MF1',17903,50698,154500
'14MF1',17903,50698,160000
'14MF1',17903,50698,161500
'14MF1',17903,50698,162600
'14MF1',17903,50698,163600
'14MF1',17903,50698,164600
'14MF1',17903,50698,165400
'14MF1',17903,50698,170200
'14MF1',17903,50698,170900
'14MF1',17903,50698,171600
'14MF1',17903,50698,172400
'14MF1',17903,50698,173800
'14MF1',17903,50698,175400
'14MF1',17903,50698,181000
'14MF1',17903,50698,182900
'14MF1',17903,50698,184800
'14MF1',17903,50698,191800
'14MF1',17903,50698,194700
'14MF1',17903,50698,201700
'14MF1',17903,50698,204700
'14MF1',17903,50698,211700
'14MF1',17903,50698,214700
'14MF1',17903,50698,221700
'14MF1',17903,50698,224700
'14MF1',17903,50698,231700
'14MF1',17903,50698,234700
'14MF1',17903,50698,241700
'14MF1',17903,50698,244600
'14MF2',17903,50698,54500
'14MF2',17903,50698,61500
'14MF2',17903,50698,64500
'14MF2',17903,50698,71500
'14MF2',17903,50698,74500
'14MF2',17903,50698,81500
'14MF2',17903,50698,84400
'14MF2',17903,50698,90400
'14MF2',17903,50698,92400
'14MF2',17903,50698,94400
'14MF2',17903,50698,100400
'14MF2',17903,50698,102400
'14MF2',17903,50698,104500
'14MF2',17903,50698,110400
'14MF2',17903,50698,112300
'14MF2',17903,50698,114200
'14MF2',17903,50698,115700
'14MF2',17903,50698,121200
'14MF2',17903,50698,122700
'14MF2',17903,50698,124200
'14MF2',17903,50698,125400
'14MF2',17903,50698,130600
'14MF2',17903,50698,131900
'14MF2',17903,50698,133200
'14MF2',17903,50698,134300
'14MF2',17903,50698,135300
'14MF2',17903,50698,140300
'14MF2',17903,50698,141300
'14MF2',17903,50698,142300
'14MF2',17903,50698,143400
'14MF2',17903,50698,144500
'14MF2',17903,50698,145500
'14MF2',17903,50698,150500
'14MF2',17903,50698,151500
'14MF2',17903,50698,152500
'14MF2',17903,50698,153500
'14MF2',17903,50698,154500
'14MF2',17903,50698,160000
'14MF2',17903,50698,161500
'14MF2',17903,50698,162600
'14MF2',17903,50698,163600
'14MF2',17903,50698,164600
'14MF2',17903,50698,165400
'14MF2',17903,50698,170200
'14MF2',17903,50698,170900
'14MF2',17903,50698,171600
'14MF2',17903,50698,172400
'14MF2',17903,50698,173800
'14MF2',17903,50698,175400
'14MF2',17903,50698,181000
'14MF2',17903,50698,182900
'14MF2',17903,50698,184800
'14MF2',17903,50698,191800
'14MF2',17903,50698,194700
'14MF2',17903,50698,201700
'14MF2',17903,50698,204700
'14MF2',17903,50698,211700
'14MF2',17903,50698,214700
'14MF2',17903,50698,221700
'14MF2',17903,50698,224700
'14MF2',17903,50698,231700
'14MF2',17903,50698,234700
'14MF2',17903,50698,241700
'14MF2',17903,50698,244600
'14MF3',17903,50698,54500
'14MF3',17903,50698,61500
'14MF3',17903,50698,64500
'14MF3',17903,50698,71500
'14MF3',17903,50698,74500
'14MF3',17903,50698,81500
'14MF3',17903,50698,84400
'14MF3',17903,50698,90400
'14MF3',17903,50698,92400
'14MF3',17903,50698,94400
'14MF3',17903,50698,100400
'14MF3',17903,50698,102400
'14MF3',17903,50698,104500
'14MF3',17903,50698,110400
'14MF3',17903,50698,112300
'14MF3',17903,50698,114200
'14MF3',17903,50698,115700
'14MF3',17903,50698,121200
'14MF3',17903,50698,122700
'14MF3',17903,50698,124200
'14MF3',17903,50698,125400
'14MF3',17903,50698,130600
'14MF3',17903,50698,131900
'14MF3',17903,50698,133200
'14MF3',17903,50698,134300
'14MF3',17903,50698,135300
'14MF3',17903,50698,140300
'14MF3',17903,50698,141300
'14MF3',17903,50698,142300
'14MF3',17903,50698,143400
'14MF3',17903,50698,144500
'14MF3',17903,50698,145500
'14MF3',17903,50698,150500
'14MF3',17903,50698,151500
'14MF3',17903,50698,152500
'14MF3',17903,50698,153500
'14MF3',17903,50698,154500
'14MF3',17903,50698,160000
'14MF3',17903,50698,161500
'14MF3',17903,50698,162600
'14MF3',17903,50698,163600
'14MF3',17903,50698,164600
'14MF3',17903,50698,165400
'14MF3',17903,50698,170200
'14MF3',17903,50698,170900
'14MF3',17903,50698,171600
'14MF3',17903,50698,172400
'14MF3',17903,50698,173800
'14MF3',17903,50698,175400
'14MF3',17903,50698,181000
'14MF3',17903,50698,182900
'14MF3',17903,50698,184800
'14MF3',17903,50698,191800
'14MF3',17903,50698,194700
'14MF3',17903,50698,201700
'14MF3',17903,50698,204700
'14MF3',17903,50698,211700
'14MF3',17903,50698,214700
'14MF3',17903,50698,221700
'14MF3',17903,50698,224700
'14MF3',17903,50698,231700
'14MF3',17903,50698,234700
'14MF3',17903,50698,241700
'14MF3',17903,50698,244600
'14MI',17903,50698,64000
'14MI',17903,50698,71000
'14MI',17903,50698,74000
'14MI',17903,50698,81000
'14MI',17903,50698,84000
'14MI',17903,50698,91000
'14MI',17903,50698,94000
'14MI',17903,50698,101000
'14MI',17903,50698,103900
'14MI',17903,50698,111000
'14MI',17903,50698,112500
'14MI',17903,50698,114000
'14MI',17903,50698,115300
'14MI',17903,50698,120600
'14MI',17903,50698,121900
'14MI',17903,50698,123200
'14MI',17903,50698,124500
'14MI',17903,50698,125600
'14MI',17903,50698,130800
'14MI',17903,50698,132100
'14MI',17903,50698,133500
'14MI',17903,50698,134900
'14MI',17903,50698,140300
'14MI',17903,50698,141600
'14MI',17903,50698,142700
'14MI',17903,50698,143800
'14MI',17903,50698,144800
'14MI',17903,50698,145800
'14MI',17903,50698,151100
'14MI',17903,50698,152600
'14MI',17903,50698,154100
'14MI',17903,50698,155600
'14MI',17903,50698,161100
'14MI',17903,50698,162200
'14MI',17903,50698,163200
'14MI',17903,50698,164000
'14MI',17903,50698,165000
'14MI',17903,50698,170000
'14MI',17903,50698,171100
'14MI',17903,50698,172900
'14MI',17903,50698,174700
'14MI',17903,50698,181100
'14MI',17903,50698,184100
'14MI',17903,50698,191100
'14MI',17903,50698,194100
'14MI',17903,50698,201100
'14MI',17903,50698,204100
'14MI',17903,50698,211100
'14MI',17903,50698,214200
'14MI',17903,50698,221300
'14MI',17903,50698,224300
'14MI',17903,50698,231400
'14MI',17903,50698,234400
'14MI',17903,50698,241500
'14MI',17903,50698,244600
'14MS',17903,50698,54100
'14MS',17903,50698,60400
'14MS',17903,50698,62700
'14MS',17903,50698,65000
'14MS',17903,50698,71400
'14MS',17903,50698,73200
'14MS',17903,50698,74700
'14MS',17903,50698,80200
'14MS',17903,50698,81700
'14MS',17903,50698,84100
'14MS',17903,50698,90600
'14MS',17903,50698,93000
'14MS',17903,50698,95300
'14MS',17903,50698,101600
'14MS',17903,50698,103900
'14MS',17903,50698,110200
'14MS',17903,50698,111400
'14MS',17903,50698,112700
'14MS',17903,50698,114200
'14MS',17903,50698,115800
'14MS',17903,50698,121300
'14MS',17903,50698,122800
'14MS',17903,50698,124200
'14MS',17903,50698,125600
'14MS',17903,50698,131000
'14MS',17903,50698,132500
'14MS',17903,50698,134000
'14MS',17903,50698,135100
'14MS',17903,50698,140200
'14MS',17903,50698,141200
'14MS',17903,50698,142300
'14MS',17903,50698,143400
'14MS',17903,50698,144700
'14MS',17903,50698,150000
'14MS',17903,50698,151300
'14MS',17903,50698,152600
'14MS',17903,50698,154000
'14MS',17903,50698,155300
'14MS',17903,50698,160600
'14MS',17903,50698,161900
'14MS',17903,50698,163200
'14MS',17903,50698,164200
'14MS',17903,50698,165200
'14MS',17903,50698,170200
'14MS',17903,50698,171300
'14MS',17903,50698,172600
'14MS',17903,50698,173900
'14MS',17903,50698,175600
'14MS',17903,50698,182200
'14MS',17903,50698,184600
'14MS',17903,50698,191200
'14MS',17903,50698,193600
'14MS',17903,50698,195900
'14MS',17903,50698,202200
'14MS',17903,50698,204500
'14MS',17903,50698,211400
'14MS',17903,50698,214500
'14MS',17903,50698,221500
'14MS',17903,50698,224500
'14MS',17903,50698,231600
'14MS',17903,50698,234700
'14MS',17903,50698,241700
'14MS',17903,50698,244800
'14MA',36503,50698,263800
'14MA',36503,50698,271000
'14MA',36503,50698,274300
'14MA',36503,50698,281500
'14MA',36503,50698,285100
'14MA',36503,50698,292800
'14MF1',36503,50698,260200
'14MF1',36503,50698,264200
'14MF1',36503,50698,272200
'14MF1',36503,50698,280400
'14MF1',36503,50698,284400
'14MF1',36503,50698,292400
'14MF2',36503,50698,260200
'14MF2',36503,50698,264200
'14MF2',36503,50698,272200
'14MF2',36503,50698,280400
'14MF2',36503,50698,284400
'14MF2',36503,50698,292400
'14MF3',36503,50698,260200
'14MF3',36503,50698,264200
'14MF3',36503,50698,272200
'14MF3',36503,50698,280400
'14MF3',36503,50698,284400
'14MF3',36503,50698,292400
'14MI',36503,50698,260200
'14MI',36503,50698,264200
'14MI',36503,50698,272200
'14MI',36503,50698,280400
'14MI',36503,50698,284400
'14MI',36503,50698,292400
'14MS',36503,50698,260400
'14MS',36503,50698,264400
'14MS',36503,50698,272400
'14MS',36503,50698,280400
'14MS',36503,50698,284500
'14MS',36503,50698,292500
