'15UA',20502,58192,50300
'15UA',20502,58192,53300
'15UA',20502,58192,60400
'15UA',20502,58192,63400
'15UA',20502,58192,70500
'15UA',20502,58192,73500
'15UA',20502,58192,80600
'15UA',20502,58192,83700
'15UA',20502,58192,90800
'15UA',20502,58192,93900
'15UA',20502,58192,100900
'15UA',20502,58192,104000
'15UA',20502,58192,111600
'15UA',20502,58192,115200
'15UA',20502,58192,122800
'15UA',20502,58192,130400
'15UA',20502,58192,134000
'15UA',20502,58192,141600
'15UA',20502,58192,145200
'15UA',20502,58192,152800
'15UA',20502,58192,160100
'15UA',20502,58192,164000
'15UA',20502,58192,171600
'15UA',20502,58192,175100
'15UA',20502,58192,182600
'15UA',20502,58192,190000
'15UA',20502,58192,193400
'15UA',20502,58192,200700
'15UA',20502,58192,204100
'15UA',20502,58192,211400
'15UA',20502,58192,214800
'15UA',20502,58192,222200
'15UA',20502,58192,225600
'15UA',20502,58192,233000
'15UA',20502,58192,240400
'15UF1',20502,58192,61900
'15UF1',20502,58192,65000
'15UF1',20502,58192,72000
'15UF1',20502,58192,75000
'15UF1',20502,58192,82000
'15UF1',20502,58192,85000
'15UF1',20502,58192,92000
'15UF1',20502,58192,95000
'15UF1',20502,58192,102000
'15UF1',20502,58192,105100
'15UF1',20502,58192,112300
'15UF1',20502,58192,115700
'15UF1',20502,58192,123200
'15UF1',20502,58192,130800
'15UF1',20502,58192,134300
'15UF1',20502,58192,141900
'15UF1',20502,58192,145600
'15UF1',20502,58192,153300
'15UF1',20502,58192,160900
'15UF1',20502,58192,164500
'15UF1',20502,58192,172100
'15UF1',20502,58192,175700
'15UF1',20502,58192,183300
'15UF1',20502,58192,190900
'15UF1',20502,58192,194300
'15UF1',20502,58192,201600
'15UF1',20502,58192,205000
'15UF1',20502,58192,212300
'15UF1',20502,58192,215600
'15UF1',20502,58192,222900
'15UF1',20502,58192,230100
'15UF1',20502,58192,233300
'15UF1',20502,58192,240700
'15UF2',20502,58192,61900
'15UF2',20502,58192,65000
'15UF2',20502,58192,72000
'15UF2',20502,58192,75000
'15UF2',20502,58192,82000
'15UF2',20502,58192,85000
'15UF2',20502,58192,92000
'15UF2',20502,58192,95000
'15UF2',20502,58192,102000
'15UF2',20502,58192,105100
'15UF2',20502,58192,112300
'15UF2',20502,58192,115700
'15UF2',20502,58192,123200
'15UF2',20502,58192,130800
'15UF2',20502,58192,134300
'15UF2',20502,58192,141900
'15UF2',20502,58192,145600
'15UF2',20502,58192,153300
'15UF2',20502,58192,160900
'15UF2',20502,58192,164500
'15UF2',20502,58192,172100
'15UF2',20502,58192,175700
'15UF2',20502,58192,183300
'15UF2',20502,58192,190900
'15UF2',20502,58192,194300
'15UF2',20502,58192,201600
'15UF2',20502,58192,205000
'15UF2',20502,58192,212300
'15UF2',20502,58192,215600
'15UF2',20502,58192,222900
'15UF2',20502,58192,230100
'15UF2',20502,58192,233300
'15UF2',20502,58192,240700
'15UI',20502,58192,61900
'15UI',20502,58192,65000
'15UI',20502,58192,72000
'15UI',20502,58192,75000
'15UI',20502,58192,82000
'15UI',20502,58192,85000
'15UI',20502,58192,92000
'15UI',20502,58192,95000
'15UI',20502,58192,102000
'15UI',20502,58192,105100
'15UI',20502,58192,112300
'15UI',20502,58192,115700
'15UI',20502,58192,123200
'15UI',20502,58192,130800
'15UI',20502,58192,134300
'15UI',20502,58192,141900
'15UI',20502,58192,145600
'15UI',20502,58192,153300
'15UI',20502,58192,160900
'15UI',20502,58192,164500
'15UI',20502,58192,172100
'15UI',20502,58192,175700
'15UI',20502,58192,183300
'15UI',20502,58192,190900
'15UI',20502,58192,194300
'15UI',20502,58192,201600
'15UI',20502,58192,205000
'15UI',20502,58192,212300
'15UI',20502,58192,215600
'15UI',20502,58192,222900
'15UI',20502,58192,230100
'15UI',20502,58192,233300
'15UI',20502,58192,240700
'15US',20502,58192,43300
'15US',20502,58192,50400
'15US',20502,58192,53500
'15US',20502,58192,60700
'15US',20502,58192,63900
'15US',20502,58192,71000
'15US',20502,58192,74200
'15US',20502,58192,81400
'15US',20502,58192,84600
'15US',20502,58192,91800
'15US',20502,58192,95000
'15US',20502,58192,102200
'15US',20502,58192,105400
'15US',20502,58192,112600
'15US',20502,58192,115800
'15US',20502,58192,123000
'15US',20502,58192,130500
'15US',20502,58192,134000
'15US',20502,58192,141800
'15US',20502,58192,145300
'15US',20502,58192,153500
'15US',20502,58192,155200
'15US',20502,58192,162300
'15US',20502,58192,164600
'15US',20502,58192,171000
'15US',20502,58192,173200
'15US',20502,58192,175000
'15US',20502,58192,180800
'15US',20502,58192,182700
'15US',20502,58192,185900
'15US',20502,58192,194000
'15US',20502,58192,201500
'15US',20502,58192,204800
'15US',20502,58192,212200
'15US',20502,58192,220200
'15US',20502,58192,223300
'15US',20502,58192,230400
'15US',20502,58192,233500
'15US',20502,58192,240700
