'15UA',13103,54964,53700
'15UA',13103,54964,60700
'15UA',13103,54964,63700
'15UA',13103,54964,70700
'15UA',13103,54964,73700
'15UA',13103,54964,80700
'15UA',13103,54964,83800
'15UA',13103,54964,90800
'15UA',13103,54964,93800
'15UA',13103,54964,100800
'15UA',13103,54964,103900
'15UA',13103,54964,111000
'15UA',13103,54964,114100
'15UA',13103,54964,121200
'15UA',13103,54964,124300
'15UA',13103,54964,131400
'15UA',13103,54964,134500
'15UA',13103,54964,141600
'15UA',13103,54964,144700
'15UA',13103,54964,151800
'15UA',13103,54964,154900
'15UA',13103,54964,162000
'15UA',13103,54964,165100
'15UA',13103,54964,172100
'15UA',13103,54964,175100
'15UA',13103,54964,182100
'15UA',13103,54964,185100
'15UA',13103,54964,192100
'15UA',13103,54964,195300
'15UA',13103,54964,202500
'15UA',13103,54964,205600
'15UA',13103,54964,212700
'15UA',13103,54964,215800
'15UA',13103,54964,222900
'15UA',13103,54964,230000
'15UA',13103,54964,233000
'15UA',13103,54964,240000
'15UA',13103,54964,243000
'15UA',13103,54964,245900
'15UA',13103,54964,252700
'15UA',13103,54964,255500
'15UF1',13103,54964,53700
'15UF1',13103,54964,60700
'15UF1',13103,54964,63700
'15UF1',13103,54964,70700
'15UF1',13103,54964,73700
'15UF1',13103,54964,80700
'15UF1',13103,54964,83800
'15UF1',13103,54964,90800
'15UF1',13103,54964,93800
'15UF1',13103,54964,100800
'15UF1',13103,54964,103900
'15UF1',13103,54964,111000
'15UF1',13103,54964,114100
'15UF1',13103,54964,121200
'15UF1',13103,54964,124300
'15UF1',13103,54964,131400
'15UF1',13103,54964,134500
'15UF1',13103,54964,141600
'15UF1',13103,54964,144700
'15UF1',13103,54964,151800
'15UF1',13103,54964,154900
'15UF1',13103,54964,162000
'15UF1',13103,54964,165100
'15UF1',13103,54964,172100
'15UF1',13103,54964,175100
'15UF1',13103,54964,182100
'15UF1',13103,54964,185100
'15UF1',13103,54964,192100
'15UF1',13103,54964,195300
'15UF1',13103,54964,202500
'15UF1',13103,54964,205600
'15UF1',13103,54964,212700
'15UF1',13103,54964,215800
'15UF1',13103,54964,222900
'15UF1',13103,54964,230000
'15UF1',13103,54964,233000
'15UF1',13103,54964,240000
'15UF1',13103,54964,243000
'15UF1',13103,54964,245900
'15UF1',13103,54964,253300
'15UF2',13103,54964,53700
'15UF2',13103,54964,60700
'15UF2',13103,54964,63700
'15UF2',13103,54964,70700
'15UF2',13103,54964,73700
'15UF2',13103,54964,80700
'15UF2',13103,54964,83800
'15UF2',13103,54964,90800
'15UF2',13103,54964,93800
'15UF2',13103,54964,100800
'15UF2',13103,54964,103900
'15UF2',13103,54964,111000
'15UF2',13103,54964,114100
'15UF2',13103,54964,121200
'15UF2',13103,54964,124300
'15UF2',13103,54964,131400
'15UF2',13103,54964,134500
'15UF2',13103,54964,141600
'15UF2',13103,54964,144700
'15UF2',13103,54964,151800
'15UF2',13103,54964,154900
'15UF2',13103,54964,162000
'15UF2',13103,54964,165100
'15UF2',13103,54964,172100
'15UF2',13103,54964,175100
'15UF2',13103,54964,182100
'15UF2',13103,54964,185100
'15UF2',13103,54964,192100
'15UF2',13103,54964,195300
'15UF2',13103,54964,202500
'15UF2',13103,54964,205600
'15UF2',13103,54964,212700
'15UF2',13103,54964,215800
'15UF2',13103,54964,222900
'15UF2',13103,54964,230000
'15UF2',13103,54964,233000
'15UF2',13103,54964,240000
'15UF2',13103,54964,243000
'15UF2',13103,54964,245900
'15UF2',13103,54964,253300
'15UI',13103,54964,53700
'15UI',13103,54964,60700
'15UI',13103,54964,63700
'15UI',13103,54964,70700
'15UI',13103,54964,73800
'15UI',13103,54964,80900
'15UI',13103,54964,83900
'15UI',13103,54964,90900
'15UI',13103,54964,93900
'15UI',13103,54964,100900
'15UI',13103,54964,103900
'15UI',13103,54964,110900
'15UI',13103,54964,113900
'15UI',13103,54964,120900
'15UI',13103,54964,124100
'15UI',13103,54964,131100
'15UI',13103,54964,134100
'15UI',13103,54964,141100
'15UI',13103,54964,144100
'15UI',13103,54964,151100
'15UI',13103,54964,154100
'15UI',13103,54964,161100
'15UI',13103,54964,164100
'15UI',13103,54964,171100
'15UI',13103,54964,174100
'15UI',13103,54964,181100
'15UI',13103,54964,184100
'15UI',13103,54964,191100
'15UI',13103,54964,194200
'15UI',13103,54964,201300
'15UI',13103,54964,204400
'15UI',13103,54964,211400
'15UI',13103,54964,214400
'15UI',13103,54964,221400
'15UI',13103,54964,224400
'15UI',13103,54964,231300
'15UI',13103,54964,234100
'15UI',13103,54964,240900
'15UI',13103,54964,243700
'15UI',13103,54964,250500
'15UI',13103,54964,253300
'15US',13103,54964,53800
'15US',13103,54964,61000
'15US',13103,54964,64100
'15US',13103,54964,71400
'15US',13103,54964,74500
'15US',13103,54964,81500
'15US',13103,54964,83900
'15US',13103,54964,90200
'15US',13103,54964,92200
'15US',13103,54964,94200
'15US',13103,54964,100200
'15US',13103,54964,102200
'15US',13103,54964,104200
'15US',13103,54964,110200
'15US',13103,54964,112200
'15US',13103,54964,114200
'15US',13103,54964,120200
'15US',13103,54964,122200
'15US',13103,54964,124200
'15US',13103,54964,130300
'15US',13103,54964,132300
'15US',13103,54964,134400
'15US',13103,54964,140400
'15US',13103,54964,142500
'15US',13103,54964,144500
'15US',13103,54964,150700
'15US',13103,54964,152800
'15US',13103,54964,154900
'15US',13103,54964,161100
'15US',13103,54964,163300
'15US',13103,54964,165500
'15US',13103,54964,171700
'15US',13103,54964,174800
'15US',13103,54964,181900
'15US',13103,54964,185000
'15US',13103,54964,192300
'15US',13103,54964,195500
'15US',13103,54964,202500
'15US',13103,54964,205600
'15US',13103,54964,212700
'15US',13103,54964,215900
'15US',13103,54964,223000
'15US',13103,54964,230000
'15US',13103,54964,233000
'15US',13103,54964,235900
'15US',13103,54964,242800
'15US',13103,54964,245700
'15US',13103,54964,252600
