'14UA',1403,52593,82100
'14UA',1403,52593,91100
'14UA',1403,52593,100200
'14UA',1403,52593,105300
'14UA',1403,52593,114500
'14UA',1403,52593,123600
'14UA',1403,52593,132700
'14UA',1403,52593,141800
'14UA',1403,52593,150900
'14UA',1403,52593,160000
'14UA',1403,52593,165100
'14UA',1403,52593,174200
'14UA',1403,52593,183300
'14UA',1403,52593,192500
'14UF1',1403,52593,91200
'14UF1',1403,52593,100200
'14UF1',1403,52593,105300
'14UF1',1403,52593,114500
'14UF1',1403,52593,123600
'14UF1',1403,52593,132700
'14UF1',1403,52593,141900
'14UF1',1403,52593,151000
'14UF1',1403,52593,160100
'14UF1',1403,52593,165100
'14UF1',1403,52593,174200
'14UF1',1403,52593,183300
'14UF1',1403,52593,192500
'14UF2',1403,52593,91200
'14UF2',1403,52593,100200
'14UF2',1403,52593,105300
'14UF2',1403,52593,114500
'14UF2',1403,52593,123600
'14UF2',1403,52593,132700
'14UF2',1403,52593,141900
'14UF2',1403,52593,151000
'14UF2',1403,52593,160100
'14UF2',1403,52593,165100
'14UF2',1403,52593,174200
'14UF2',1403,52593,183300
'14UF2',1403,52593,192500
'14UI',1403,52593,91200
'14UI',1403,52593,100200
'14UI',1403,52593,105300
'14UI',1403,52593,114500
'14UI',1403,52593,123600
'14UI',1403,52593,132700
'14UI',1403,52593,141900
'14UI',1403,52593,151000
'14UI',1403,52593,160100
'14UI',1403,52593,165100
'14UI',1403,52593,174200
'14UI',1403,52593,183300
'14UI',1403,52593,192500
'14US',1403,52593,63500
'14US',1403,52593,65900
'14US',1403,52593,72400
'14US',1403,52593,75000
'14US',1403,52593,81700
'14US',1403,52593,84400
'14US',1403,52593,91100
'14US',1403,52593,93700
'14US',1403,52593,100200
'14US',1403,52593,102700
'14US',1403,52593,105200
'14US',1403,52593,111700
'14US',1403,52593,114200
'14US',1403,52593,120700
'14US',1403,52593,123300
'14US',1403,52593,125800
'14US',1403,52593,132400
'14US',1403,52593,134900
'14US',1403,52593,141500
'14US',1403,52593,144000
'14US',1403,52593,150500
'14US',1403,52593,153100
'14US',1403,52593,155700
'14US',1403,52593,162400
'14US',1403,52593,165000
'14US',1403,52593,171700
'14US',1403,52593,174300
'14US',1403,52593,180900
'14US',1403,52593,183400
'14US',1403,52593,185900
'14US',1403,52593,192300
