'14MA',12102,55733,50800
'14MA',12102,55733,53600
'14MA',12102,55733,60400
'14MA',12102,55733,62900
'14MA',12102,55733,64900
'14MA',12102,55733,70700
'14MA',12102,55733,72300
'14MA',12102,55733,74000
'14MA',12102,55733,75700
'14MA',12102,55733,80900
'14MA',12102,55733,81700
'14MA',12102,55733,82500
'14MA',12102,55733,83300
'14MA',12102,55733,84100
'14MA',12102,55733,85000
'14MA',12102,55733,90000
'14MA',12102,55733,90900
'14MA',12102,55733,92200
'14MA',12102,55733,93500
'14MA',12102,55733,95000
'14MA',12102,55733,100000
'14MA',12102,55733,100900
'14MA',12102,55733,101700
'14MA',12102,55733,102500
'14MA',12102,55733,103500
'14MA',12102,55733,104500
'14MA',12102,55733,105500
'14MA',12102,55733,110500
'14MA',12102,55733,111200
'14MA',12102,55733,112000
'14MA',12102,55733,112700
'14MA',12102,55733,113500
'14MA',12102,55733,114300
'14MA',12102,55733,115000
'14MA',12102,55733,115700
'14MA',12102,55733,120500
'14MA',12102,55733,121300
'14MA',12102,55733,122000
'14MA',12102,55733,122700
'14MA',12102,55733,123400
'14MA',12102,55733,124100
'14MA',12102,55733,124800
'14MA',12102,55733,125500
'14MA',12102,55733,130200
'14MA',12102,55733,130800
'14MA',12102,55733,131500
'14MA',12102,55733,132200
'14MA',12102,55733,132800
'14MA',12102,55733,133300
'14MA',12102,55733,133800
'14MA',12102,55733,134400
'14MA',12102,55733,135200
'14MA',12102,55733,140000
'14MA',12102,55733,140700
'14MA',12102,55733,141400
'14MA',12102,55733,142100
'14MA',12102,55733,142800
'14MA',12102,55733,143800
'14MA',12102,55733,144700
'14MA',12102,55733,145600
'14MA',12102,55733,150200
'14MA',12102,55733,150800
'14MA',12102,55733,151400
'14MA',12102,55733,152300
'14MA',12102,55733,153200
'14MA',12102,55733,154000
'14MA',12102,55733,155000
'14MA',12102,55733,160000
'14MA',12102,55733,161100
'14MA',12102,55733,162200
'14MA',12102,55733,163200
'14MA',12102,55733,164100
'14MA',12102,55733,165000
'14MA',12102,55733,165700
'14MA',12102,55733,170400
'14MA',12102,55733,171100
'14MA',12102,55733,172000
'14MA',12102,55733,172700
'14MA',12102,55733,173400
'14MA',12102,55733,174100
'14MA',12102,55733,174800
'14MA',12102,55733,175800
'14MA',12102,55733,180800
'14MA',12102,55733,181800
'14MA',12102,55733,182800
'14MA',12102,55733,183700
'14MA',12102,55733,185200
'14MA',12102,55733,190900
'14MA',12102,55733,192900
'14MA',12102,55733,194900
'14MA',12102,55733,200900
'14MA',12102,55733,202900
'14MA',12102,55733,204900
'14MA',12102,55733,210900
'14MA',12102,55733,212800
'14MA',12102,55733,214700
'14MA',12102,55733,220700
'14MA',12102,55733,222700
'14MA',12102,55733,225800
'14MA',12102,55733,232900
'14MA',12102,55733,235800
'14MA',12102,55733,242700
'14MA',12102,55733,245700
'14MA',12102,55733,252700
'14MF1',12102,55733,51000
'14MF1',12102,55733,53900
'14MF1',12102,55733,60700
'14MF1',12102,55733,63700
'14MF1',12102,55733,70700
'14MF1',12102,55733,73600
'14MF1',12102,55733,80600
'14MF1',12102,55733,83100
'14MF1',12102,55733,84600
'14MF1',12102,55733,90200
'14MF1',12102,55733,91700
'14MF1',12102,55733,93200
'14MF1',12102,55733,94700
'14MF1',12102,55733,100200
'14MF1',12102,55733,101200
'14MF1',12102,55733,102200
'14MF1',12102,55733,103200
'14MF1',12102,55733,104200
'14MF1',12102,55733,105200
'14MF1',12102,55733,110200
'14MF1',12102,55733,111200
'14MF1',12102,55733,112200
'14MF1',12102,55733,113200
'14MF1',12102,55733,114300
'14MF1',12102,55733,115300
'14MF1',12102,55733,120200
'14MF1',12102,55733,121000
'14MF1',12102,55733,121800
'14MF1',12102,55733,122600
'14MF1',12102,55733,123400
'14MF1',12102,55733,124100
'14MF1',12102,55733,124800
'14MF1',12102,55733,125500
'14MF1',12102,55733,130200
'14MF1',12102,55733,131000
'14MF1',12102,55733,131700
'14MF1',12102,55733,132500
'14MF1',12102,55733,133400
'14MF1',12102,55733,134300
'14MF1',12102,55733,135100
'14MF1',12102,55733,135900
'14MF1',12102,55733,140800
'14MF1',12102,55733,141600
'14MF1',12102,55733,142500
'14MF1',12102,55733,143300
'14MF1',12102,55733,144100
'14MF1',12102,55733,144900
'14MF1',12102,55733,145600
'14MF1',12102,55733,150300
'14MF1',12102,55733,151000
'14MF1',12102,55733,151700
'14MF1',12102,55733,152400
'14MF1',12102,55733,153400
'14MF1',12102,55733,154400
'14MF1',12102,55733,155300
'14MF1',12102,55733,160100
'14MF1',12102,55733,161100
'14MF1',12102,55733,162100
'14MF1',12102,55733,163100
'14MF1',12102,55733,164100
'14MF1',12102,55733,165100
'14MF1',12102,55733,170200
'14MF1',12102,55733,171200
'14MF1',12102,55733,172000
'14MF1',12102,55733,172900
'14MF1',12102,55733,173800
'14MF1',12102,55733,174600
'14MF1',12102,55733,175300
'14MF1',12102,55733,180000
'14MF1',12102,55733,181000
'14MF1',12102,55733,182000
'14MF1',12102,55733,183500
'14MF1',12102,55733,185000
'14MF1',12102,55733,190400
'14MF1',12102,55733,192200
'14MF1',12102,55733,194100
'14MF1',12102,55733,200000
'14MF1',12102,55733,201900
'14MF1',12102,55733,203800
'14MF1',12102,55733,205800
'14MF1',12102,55733,211800
'14MF1',12102,55733,214500
'14MF1',12102,55733,221700
'14MF1',12102,55733,224700
'14MF1',12102,55733,231700
'14MF1',12102,55733,234700
'14MF1',12102,55733,241700
'14MF1',12102,55733,244400
'14MF1',12102,55733,251500
'14MF1',12102,55733,254700
'14MF2',12102,55733,51000
'14MF2',12102,55733,53900
'14MF2',12102,55733,60700
'14MF2',12102,55733,63700
'14MF2',12102,55733,70700
'14MF2',12102,55733,73600
'14MF2',12102,55733,80600
'14MF2',12102,55733,83100
'14MF2',12102,55733,84600
'14MF2',12102,55733,90200
'14MF2',12102,55733,91700
'14MF2',12102,55733,93200
'14MF2',12102,55733,94700
'14MF2',12102,55733,100200
'14MF2',12102,55733,101200
'14MF2',12102,55733,102200
'14MF2',12102,55733,103200
'14MF2',12102,55733,104200
'14MF2',12102,55733,105200
'14MF2',12102,55733,110200
'14MF2',12102,55733,111200
'14MF2',12102,55733,112200
'14MF2',12102,55733,113200
'14MF2',12102,55733,114300
'14MF2',12102,55733,115300
'14MF2',12102,55733,120200
'14MF2',12102,55733,121000
'14MF2',12102,55733,121800
'14MF2',12102,55733,122600
'14MF2',12102,55733,123400
'14MF2',12102,55733,124100
'14MF2',12102,55733,124800
'14MF2',12102,55733,125500
'14MF2',12102,55733,130200
'14MF2',12102,55733,131000
'14MF2',12102,55733,131700
'14MF2',12102,55733,132500
'14MF2',12102,55733,133400
'14MF2',12102,55733,134300
'14MF2',12102,55733,135100
'14MF2',12102,55733,135900
'14MF2',12102,55733,140800
'14MF2',12102,55733,141600
'14MF2',12102,55733,142500
'14MF2',12102,55733,143300
'14MF2',12102,55733,144100
'14MF2',12102,55733,144900
'14MF2',12102,55733,145600
'14MF2',12102,55733,150300
'14MF2',12102,55733,151000
'14MF2',12102,55733,151700
'14MF2',12102,55733,152400
'14MF2',12102,55733,153400
'14MF2',12102,55733,154400
'14MF2',12102,55733,155300
'14MF2',12102,55733,160100
'14MF2',12102,55733,161100
'14MF2',12102,55733,162100
'14MF2',12102,55733,163100
'14MF2',12102,55733,164100
'14MF2',12102,55733,165100
'14MF2',12102,55733,170200
'14MF2',12102,55733,171200
'14MF2',12102,55733,172000
'14MF2',12102,55733,172900
'14MF2',12102,55733,173800
'14MF2',12102,55733,174600
'14MF2',12102,55733,175300
'14MF2',12102,55733,180000
'14MF2',12102,55733,181000
'14MF2',12102,55733,182000
'14MF2',12102,55733,183500
'14MF2',12102,55733,185000
'14MF2',12102,55733,190400
'14MF2',12102,55733,192200
'14MF2',12102,55733,194100
'14MF2',12102,55733,200000
'14MF2',12102,55733,201900
'14MF2',12102,55733,203800
'14MF2',12102,55733,205800
'14MF2',12102,55733,211800
'14MF2',12102,55733,214500
'14MF2',12102,55733,221700
'14MF2',12102,55733,224700
'14MF2',12102,55733,231700
'14MF2',12102,55733,234700
'14MF2',12102,55733,241700
'14MF2',12102,55733,244400
'14MF2',12102,55733,251500
'14MF2',12102,55733,254700
'14MF3',12102,55733,51000
'14MF3',12102,55733,53900
'14MF3',12102,55733,60700
'14MF3',12102,55733,63700
'14MF3',12102,55733,70700
'14MF3',12102,55733,73600
'14MF3',12102,55733,80600
'14MF3',12102,55733,83100
'14MF3',12102,55733,84600
'14MF3',12102,55733,90200
'14MF3',12102,55733,91700
'14MF3',12102,55733,93200
'14MF3',12102,55733,94700
'14MF3',12102,55733,100200
'14MF3',12102,55733,101200
'14MF3',12102,55733,102200
'14MF3',12102,55733,103200
'14MF3',12102,55733,104200
'14MF3',12102,55733,105200
'14MF3',12102,55733,110200
'14MF3',12102,55733,111200
'14MF3',12102,55733,112200
'14MF3',12102,55733,113200
'14MF3',12102,55733,114300
'14MF3',12102,55733,115300
'14MF3',12102,55733,120200
'14MF3',12102,55733,121000
'14MF3',12102,55733,121800
'14MF3',12102,55733,122600
'14MF3',12102,55733,123400
'14MF3',12102,55733,124100
'14MF3',12102,55733,124800
'14MF3',12102,55733,125500
'14MF3',12102,55733,130200
'14MF3',12102,55733,131000
'14MF3',12102,55733,131700
'14MF3',12102,55733,132500
'14MF3',12102,55733,133400
'14MF3',12102,55733,134300
'14MF3',12102,55733,135100
'14MF3',12102,55733,135900
'14MF3',12102,55733,140800
'14MF3',12102,55733,141600
'14MF3',12102,55733,142500
'14MF3',12102,55733,143300
'14MF3',12102,55733,144100
'14MF3',12102,55733,144900
'14MF3',12102,55733,145600
'14MF3',12102,55733,150300
'14MF3',12102,55733,151000
'14MF3',12102,55733,151700
'14MF3',12102,55733,152400
'14MF3',12102,55733,153400
'14MF3',12102,55733,154400
'14MF3',12102,55733,155300
'14MF3',12102,55733,160100
'14MF3',12102,55733,161100
'14MF3',12102,55733,162100
'14MF3',12102,55733,163100
'14MF3',12102,55733,164100
'14MF3',12102,55733,165100
'14MF3',12102,55733,170200
'14MF3',12102,55733,171200
'14MF3',12102,55733,172000
'14MF3',12102,55733,172900
'14MF3',12102,55733,173800
'14MF3',12102,55733,174600
'14MF3',12102,55733,175300
'14MF3',12102,55733,180000
'14MF3',12102,55733,181000
'14MF3',12102,55733,182000
'14MF3',12102,55733,183500
'14MF3',12102,55733,185000
'14MF3',12102,55733,190400
'14MF3',12102,55733,192200
'14MF3',12102,55733,194100
'14MF3',12102,55733,200000
'14MF3',12102,55733,201900
'14MF3',12102,55733,203800
'14MF3',12102,55733,205800
'14MF3',12102,55733,211800
'14MF3',12102,55733,214500
'14MF3',12102,55733,221700
'14MF3',12102,55733,224700
'14MF3',12102,55733,231700
'14MF3',12102,55733,234700
'14MF3',12102,55733,241700
'14MF3',12102,55733,244400
'14MF3',12102,55733,251500
'14MF3',12102,55733,254700
'14MI',12102,55733,51000
'14MI',12102,55733,53900
'14MI',12102,55733,60700
'14MI',12102,55733,63700
'14MI',12102,55733,70700
'14MI',12102,55733,73600
'14MI',12102,55733,80600
'14MI',12102,55733,83100
'14MI',12102,55733,84600
'14MI',12102,55733,90200
'14MI',12102,55733,91700
'14MI',12102,55733,93200
'14MI',12102,55733,94700
'14MI',12102,55733,100200
'14MI',12102,55733,101200
'14MI',12102,55733,102200
'14MI',12102,55733,103200
'14MI',12102,55733,104200
'14MI',12102,55733,105200
'14MI',12102,55733,110200
'14MI',12102,55733,111200
'14MI',12102,55733,112200
'14MI',12102,55733,113200
'14MI',12102,55733,114300
'14MI',12102,55733,115300
'14MI',12102,55733,120200
'14MI',12102,55733,121000
'14MI',12102,55733,121800
'14MI',12102,55733,122600
'14MI',12102,55733,123400
'14MI',12102,55733,124100
'14MI',12102,55733,124800
'14MI',12102,55733,125500
'14MI',12102,55733,130200
'14MI',12102,55733,131000
'14MI',12102,55733,131700
'14MI',12102,55733,132500
'14MI',12102,55733,133400
'14MI',12102,55733,134300
'14MI',12102,55733,135100
'14MI',12102,55733,135900
'14MI',12102,55733,140800
'14MI',12102,55733,141600
'14MI',12102,55733,142500
'14MI',12102,55733,143300
'14MI',12102,55733,144100
'14MI',12102,55733,144900
'14MI',12102,55733,145600
'14MI',12102,55733,150300
'14MI',12102,55733,151000
'14MI',12102,55733,151700
'14MI',12102,55733,152400
'14MI',12102,55733,153400
'14MI',12102,55733,154400
'14MI',12102,55733,155300
'14MI',12102,55733,160100
'14MI',12102,55733,161100
'14MI',12102,55733,162100
'14MI',12102,55733,163100
'14MI',12102,55733,164100
'14MI',12102,55733,165100
'14MI',12102,55733,170200
'14MI',12102,55733,171200
'14MI',12102,55733,172000
'14MI',12102,55733,172900
'14MI',12102,55733,173800
'14MI',12102,55733,174600
'14MI',12102,55733,175300
'14MI',12102,55733,180000
'14MI',12102,55733,181000
'14MI',12102,55733,182000
'14MI',12102,55733,183500
'14MI',12102,55733,185000
'14MI',12102,55733,190400
'14MI',12102,55733,192200
'14MI',12102,55733,194100
'14MI',12102,55733,200000
'14MI',12102,55733,201900
'14MI',12102,55733,203800
'14MI',12102,55733,205800
'14MI',12102,55733,211800
'14MI',12102,55733,214500
'14MI',12102,55733,221700
'14MI',12102,55733,224700
'14MI',12102,55733,231700
'14MI',12102,55733,234700
'14MI',12102,55733,241700
'14MI',12102,55733,244400
'14MI',12102,55733,251500
'14MI',12102,55733,254700
'14MS',12102,55733,51700
'14MS',12102,55733,53200
'14MS',12102,55733,54200
'14MS',12102,55733,55200
'14MS',12102,55733,60200
'14MS',12102,55733,61000
'14MS',12102,55733,61600
'14MS',12102,55733,62200
'14MS',12102,55733,62800
'14MS',12102,55733,63600
'14MS',12102,55733,64300
'14MS',12102,55733,65000
'14MS',12102,55733,65700
'14MS',12102,55733,70300
'14MS',12102,55733,70900
'14MS',12102,55733,71500
'14MS',12102,55733,72100
'14MS',12102,55733,72500
'14MS',12102,55733,73100
'14MS',12102,55733,73400
'14MS',12102,55733,73700
'14MS',12102,55733,74000
'14MS',12102,55733,74300
'14MS',12102,55733,74700
'14MS',12102,55733,75000
'14MS',12102,55733,75300
'14MS',12102,55733,75700
'14MS',12102,55733,80200
'14MS',12102,55733,80900
'14MS',12102,55733,81600
'14MS',12102,55733,82300
'14MS',12102,55733,82800
'14MS',12102,55733,83300
'14MS',12102,55733,83900
'14MS',12102,55733,84500
'14MS',12102,55733,85200
'14MS',12102,55733,90000
'14MS',12102,55733,90700
'14MS',12102,55733,91400
'14MS',12102,55733,92300
'14MS',12102,55733,93200
'14MS',12102,55733,94100
'14MS',12102,55733,95000
'14MS',12102,55733,95900
'14MS',12102,55733,100900
'14MS',12102,55733,101800
'14MS',12102,55733,102600
'14MS',12102,55733,103300
'14MS',12102,55733,103900
'14MS',12102,55733,104500
'14MS',12102,55733,105200
'14MS',12102,55733,110000
'14MS',12102,55733,110800
'14MS',12102,55733,111600
'14MS',12102,55733,112600
'14MS',12102,55733,113600
'14MS',12102,55733,114600
'14MS',12102,55733,115600
'14MS',12102,55733,120400
'14MS',12102,55733,121000
'14MS',12102,55733,121600
'14MS',12102,55733,122100
'14MS',12102,55733,122700
'14MS',12102,55733,123400
'14MS',12102,55733,124300
'14MS',12102,55733,125200
'14MS',12102,55733,130000
'14MS',12102,55733,130900
'14MS',12102,55733,131800
'14MS',12102,55733,132700
'14MS',12102,55733,133500
'14MS',12102,55733,134200
'14MS',12102,55733,134900
'14MS',12102,55733,135600
'14MS',12102,55733,140400
'14MS',12102,55733,141200
'14MS',12102,55733,142000
'14MS',12102,55733,142700
'14MS',12102,55733,143500
'14MS',12102,55733,144200
'14MS',12102,55733,144900
'14MS',12102,55733,145700
'14MS',12102,55733,150600
'14MS',12102,55733,151400
'14MS',12102,55733,152100
'14MS',12102,55733,152700
'14MS',12102,55733,153300
'14MS',12102,55733,154100
'14MS',12102,55733,154900
'14MS',12102,55733,155600
'14MS',12102,55733,160200
'14MS',12102,55733,160700
'14MS',12102,55733,161500
'14MS',12102,55733,162700
'14MS',12102,55733,163700
'14MS',12102,55733,164700
'14MS',12102,55733,165400
'14MS',12102,55733,170000
'14MS',12102,55733,170500
'14MS',12102,55733,171100
'14MS',12102,55733,171700
'14MS',12102,55733,172400
'14MS',12102,55733,173000
'14MS',12102,55733,173600
'14MS',12102,55733,174300
'14MS',12102,55733,175100
'14MS',12102,55733,175900
'14MS',12102,55733,180500
'14MS',12102,55733,181400
'14MS',12102,55733,182300
'14MS',12102,55733,183100
'14MS',12102,55733,184000
'14MS',12102,55733,184800
'14MS',12102,55733,185800
'14MS',12102,55733,190800
'14MS',12102,55733,191700
'14MS',12102,55733,192700
'14MS',12102,55733,193700
'14MS',12102,55733,194700
'14MS',12102,55733,195700
'14MS',12102,55733,200800
'14MS',12102,55733,201700
'14MS',12102,55733,202400
'14MS',12102,55733,203400
'14MS',12102,55733,204400
'14MS',12102,55733,205400
'14MS',12102,55733,210400
'14MS',12102,55733,211900
'14MS',12102,55733,213400
'14MS',12102,55733,214900
'14MS',12102,55733,220400
'14MS',12102,55733,221800
'14MS',12102,55733,223200
'14MS',12102,55733,224800
'14MS',12102,55733,230800
'14MS',12102,55733,232900
'14MS',12102,55733,235100
'14MS',12102,55733,242100
'14MS',12102,55733,245000
'14MS',12102,55733,252300
'14MS',12102,55733,254800
'14MA',37802,55733,263700
'14MA',37802,55733,272700
'14MA',37802,55733,281800
'14MF1',37802,55733,263500
'14MF1',37802,55733,272600
'14MF1',37802,55733,281600
'14MF2',37802,55733,263400
'14MF2',37802,55733,272500
'14MF2',37802,55733,281500
'14MF3',37802,55733,263500
'14MF3',37802,55733,272600
'14MF3',37802,55733,281600
'14MI',37802,55733,263500
'14MI',37802,55733,272600
'14MI',37802,55733,281600
'14MS',37802,55733,263400
'14MS',37802,55733,272500
'14MS',37802,55733,281500
