'14NF4',11502,56025,60300
'14NF4',11502,56025,62300
'14NF4',11502,56025,64300
'14NF4',11502,56025,70400
'14NF4',11502,56025,72600
'14NF4',11502,56025,75000
'14NF4',11502,56025,81300
'14NF4',11502,56025,83600
'14NF4',11502,56025,90000
'14NF4',11502,56025,91800
'14NF4',11502,56025,152700
'14NF4',11502,56025,160300
'14NF4',11502,56025,163000
'14NF4',11502,56025,165700
'14NF4',11502,56025,172600
'14NF4',11502,56025,175700
'14NF4',11502,56025,183000
'14NS',11502,56025,60300
'14NS',11502,56025,63300
'14NS',11502,56025,64800
'14NS',11502,56025,70400
'14NS',11502,56025,71100
'14NS',11502,56025,71800
'14NS',11502,56025,72600
'14NS',11502,56025,73400
'14NS',11502,56025,74200
'14NS',11502,56025,75000
'14NS',11502,56025,75800
'14NS',11502,56025,80600
'14NS',11502,56025,81300
'14NS',11502,56025,82100
'14NS',11502,56025,82800
'14NS',11502,56025,83600
'14NS',11502,56025,84400
'14NS',11502,56025,85200
'14NS',11502,56025,90000
'14NS',11502,56025,90900
'14NS',11502,56025,91800
'14NS',11502,56025,152700
'14NS',11502,56025,160300
'14NS',11502,56025,163000
'14NS',11502,56025,165700
'14NS',11502,56025,172600
'14NS',11502,56025,175700
'14NS',11502,56025,183000
