'15JA',4801,55183,55000
'15JA',4801,55183,61900
'15JA',4801,55183,65200
'15JA',4801,55183,72200
'15JA',4801,55183,75200
'15JA',4801,55183,82100
'15JA',4801,55183,83900
'15JA',4801,55183,85900
'15JA',4801,55183,91900
'15JA',4801,55183,94000
'15JA',4801,55183,100000
'15JA',4801,55183,102000
'15JA',4801,55183,104000
'15JA',4801,55183,110000
'15JA',4801,55183,112000
'15JA',4801,55183,114000
'15JA',4801,55183,120000
'15JA',4801,55183,122200
'15JA',4801,55183,123700
'15JA',4801,55183,125200
'15JA',4801,55183,130700
'15JA',4801,55183,132200
'15JA',4801,55183,133700
'15JA',4801,55183,135200
'15JA',4801,55183,140700
'15JA',4801,55183,142200
'15JA',4801,55183,143600
'15JA',4801,55183,145000
'15JA',4801,55183,150400
'15JA',4801,55183,151700
'15JA',4801,55183,153000
'15JA',4801,55183,154200
'15JA',4801,55183,155400
'15JA',4801,55183,160800
'15JA',4801,55183,162200
'15JA',4801,55183,163200
'15JA',4801,55183,164200
'15JA',4801,55183,165300
'15JA',4801,55183,170300
'15JA',4801,55183,171300
'15JA',4801,55183,172300
'15JA',4801,55183,173300
'15JA',4801,55183,174300
'15JA',4801,55183,175300
'15JA',4801,55183,180300
'15JA',4801,55183,181300
'15JA',4801,55183,182400
'15JA',4801,55183,183200
'15JA',4801,55183,184200
'15JA',4801,55183,185100
'15JA',4801,55183,190100
'15JA',4801,55183,191200
'15JA',4801,55183,192600
'15JA',4801,55183,194000
'15JA',4801,55183,195500
'15JA',4801,55183,201000
'15JA',4801,55183,202400
'15JA',4801,55183,203900
'15JA',4801,55183,205400
'15JA',4801,55183,210900
'15JA',4801,55183,212400
'15JA',4801,55183,213900
'15JA',4801,55183,215400
'15JA',4801,55183,220900
'15JA',4801,55183,222500
'15JA',4801,55183,224100
'15JA',4801,55183,225700
'15JA',4801,55183,231200
'15JA',4801,55183,232800
'15JA',4801,55183,234600
'15JA',4801,55183,240500
'15JA',4801,55183,242300
'15JA',4801,55183,244400
'15JA',4801,55183,251300
'15JA',4801,55183,254200
'15JA',4801,55183,261100
'15JI',4801,55183,55200
'15JI',4801,55183,63000
'15JI',4801,55183,65900
'15JI',4801,55183,72800
'15JI',4801,55183,75700
'15JI',4801,55183,82600
'15JI',4801,55183,85600
'15JI',4801,55183,92100
'15JI',4801,55183,94500
'15JI',4801,55183,100800
'15JI',4801,55183,103100
'15JI',4801,55183,105500
'15JI',4801,55183,111800
'15JI',4801,55183,114100
'15JI',4801,55183,115800
'15JI',4801,55183,121300
'15JI',4801,55183,122800
'15JI',4801,55183,124400
'15JI',4801,55183,125900
'15JI',4801,55183,131400
'15JI',4801,55183,132700
'15JI',4801,55183,134000
'15JI',4801,55183,135200
'15JI',4801,55183,140300
'15JI',4801,55183,141500
'15JI',4801,55183,142800
'15JI',4801,55183,144200
'15JI',4801,55183,145600
'15JI',4801,55183,151100
'15JI',4801,55183,152600
'15JI',4801,55183,154100
'15JI',4801,55183,155600
'15JI',4801,55183,161100
'15JI',4801,55183,162600
'15JI',4801,55183,163900
'15JI',4801,55183,165200
'15JI',4801,55183,170500
'15JI',4801,55183,171800
'15JI',4801,55183,173000
'15JI',4801,55183,174100
'15JI',4801,55183,175300
'15JI',4801,55183,180500
'15JI',4801,55183,181700
'15JI',4801,55183,182700
'15JI',4801,55183,183700
'15JI',4801,55183,184800
'15JI',4801,55183,185900
'15JI',4801,55183,191000
'15JI',4801,55183,192000
'15JI',4801,55183,193100
'15JI',4801,55183,194300
'15JI',4801,55183,195700
'15JI',4801,55183,201100
'15JI',4801,55183,202600
'15JI',4801,55183,204100
'15JI',4801,55183,205600
'15JI',4801,55183,211100
'15JI',4801,55183,212900
'15JI',4801,55183,214900
'15JI',4801,55183,221300
'15JI',4801,55183,224000
'15JI',4801,55183,230700
'15JI',4801,55183,233500
'15JI',4801,55183,240200
'15JI',4801,55183,243700
'15JI',4801,55183,250800
'15JI',4801,55183,253900
'15JS',4801,55183,53100
'15JS',4801,55183,55200
'15JS',4801,55183,61400
'15JS',4801,55183,63300
'15JS',4801,55183,64700
'15JS',4801,55183,70400
'15JS',4801,55183,71900
'15JS',4801,55183,73300
'15JS',4801,55183,74500
'15JS',4801,55183,75700
'15JS',4801,55183,80700
'15JS',4801,55183,81800
'15JS',4801,55183,82900
'15JS',4801,55183,84300
'15JS',4801,55183,85600
'15JS',4801,55183,91200
'15JS',4801,55183,92500
'15JS',4801,55183,93800
'15JS',4801,55183,95200
'15JS',4801,55183,100600
'15JS',4801,55183,102000
'15JS',4801,55183,103600
'15JS',4801,55183,105000
'15JS',4801,55183,110600
'15JS',4801,55183,112100
'15JS',4801,55183,113600
'15JS',4801,55183,115200
'15JS',4801,55183,120600
'15JS',4801,55183,122000
'15JS',4801,55183,123600
'15JS',4801,55183,125100
'15JS',4801,55183,130600
'15JS',4801,55183,132100
'15JS',4801,55183,133300
'15JS',4801,55183,134600
'15JS',4801,55183,135800
'15JS',4801,55183,141000
'15JS',4801,55183,142100
'15JS',4801,55183,143100
'15JS',4801,55183,144100
'15JS',4801,55183,145100
'15JS',4801,55183,150100
'15JS',4801,55183,151300
'15JS',4801,55183,152500
'15JS',4801,55183,153500
'15JS',4801,55183,154500
'15JS',4801,55183,155500
'15JS',4801,55183,160300
'15JS',4801,55183,161000
'15JS',4801,55183,161800
'15JS',4801,55183,162500
'15JS',4801,55183,163400
'15JS',4801,55183,164100
'15JS',4801,55183,164900
'15JS',4801,55183,165700
'15JS',4801,55183,170300
'15JS',4801,55183,170900
'15JS',4801,55183,171500
'15JS',4801,55183,172100
'15JS',4801,55183,172600
'15JS',4801,55183,173200
'15JS',4801,55183,173800
'15JS',4801,55183,174400
'15JS',4801,55183,174900
'15JS',4801,55183,175600
'15JS',4801,55183,180300
'15JS',4801,55183,181000
'15JS',4801,55183,181800
'15JS',4801,55183,182400
'15JS',4801,55183,183000
'15JS',4801,55183,183700
'15JS',4801,55183,184400
'15JS',4801,55183,185400
'15JS',4801,55183,190300
'15JS',4801,55183,191300
'15JS',4801,55183,192300
'15JS',4801,55183,193300
'15JS',4801,55183,194300
'15JS',4801,55183,195300
'15JS',4801,55183,200200
'15JS',4801,55183,201200
'15JS',4801,55183,202100
'15JS',4801,55183,203100
'15JS',4801,55183,204100
'15JS',4801,55183,205100
'15JS',4801,55183,210100
'15JS',4801,55183,211100
'15JS',4801,55183,212100
'15JS',4801,55183,213100
'15JS',4801,55183,214100
'15JS',4801,55183,215200
'15JS',4801,55183,220200
'15JS',4801,55183,221200
'15JS',4801,55183,222100
'15JS',4801,55183,223100
'15JS',4801,55183,224100
'15JS',4801,55183,225100
'15JS',4801,55183,230100
'15JS',4801,55183,231300
'15JS',4801,55183,232600
'15JS',4801,55183,234000
'15JS',4801,55183,235500
'15JS',4801,55183,241200
'15JS',4801,55183,242800
'15JS',4801,55183,244500
'15JS',4801,55183,250500
'15JS',4801,55183,253900
'15JA',35301,55183,265500
'15JA',35301,55183,274000
'15JA',35301,55183,282500
'15JA',35301,55183,290500
'15JI',35301,55183,261000
'15JI',35301,55183,265500
'15JI',35301,55183,274000
'15JI',35301,55183,282500
'15JI',35301,55183,290500
'15JS',35301,55183,261100
'15JS',35301,55183,265600
'15JS',35301,55183,274100
'15JS',35301,55183,282600
'15JS',35301,55183,290600
