'14SA',1203,60699,81800
'14SA',1203,60699,83800
'14SA',1203,60699,85900
'14SA',1203,60699,92000
'14SA',1203,60699,94100
'14SA',1203,60699,100200
'14SA',1203,60699,102300
'14SA',1203,60699,104400
'14SA',1203,60699,110500
'14SA',1203,60699,112500
'14SA',1203,60699,114600
'14SA',1203,60699,120600
'14SA',1203,60699,122600
'14SA',1203,60699,124600
'14SA',1203,60699,130600
'14SA',1203,60699,132600
'14SA',1203,60699,134700
'14SA',1203,60699,140700
'14SA',1203,60699,142800
'14SA',1203,60699,144900
'14SA',1203,60699,151000
'14SA',1203,60699,153100
'14SA',1203,60699,155200
'14SA',1203,60699,161200
'14SA',1203,60699,163300
'14SA',1203,60699,165300
'14SA',1203,60699,171400
'14SA',1203,60699,173400
'14SA',1203,60699,175300
'14SA',1203,60699,181300
'14SA',1203,60699,183200
'14SA',1203,60699,185200
'14SA',1203,60699,191100
'14SA',1203,60699,193100
'14SA',1203,60699,195100
'14SA',1203,60699,201200
'14SA',1203,60699,203300
'14SA',1203,60699,205400
'14SA',1203,60699,211500
'14SA',1203,60699,213600
'14SA',1203,60699,215700
'14SA',1203,60699,221800
'14SA',1203,60699,223900
'14SA',1203,60699,230000
'14SA',1204,60699,81600
'14SA',1204,60699,83600
'14SA',1204,60699,85700
'14SA',1204,60699,91800
'14SA',1204,60699,93900
'14SA',1204,60699,100000
'14SA',1204,60699,102100
'14SA',1204,60699,104200
'14SA',1204,60699,110300
'14SA',1204,60699,112300
'14SA',1204,60699,114400
'14SA',1204,60699,120400
'14SA',1204,60699,122400
'14SA',1204,60699,124400
'14SA',1204,60699,130400
'14SA',1204,60699,132400
'14SA',1204,60699,134500
'14SA',1204,60699,140500
'14SA',1204,60699,142600
'14SA',1204,60699,144700
'14SA',1204,60699,150800
'14SA',1204,60699,152800
'14SA',1204,60699,154900
'14SA',1204,60699,161000
'14SA',1204,60699,163100
'14SA',1204,60699,165100
'14SA',1204,60699,171200
'14SA',1204,60699,173200
'14SA',1204,60699,175100
'14SA',1204,60699,181100
'14SA',1204,60699,183000
'14SA',1204,60699,185000
'14SA',1204,60699,190900
'14SA',1204,60699,192900
'14SA',1204,60699,194900
'14SA',1204,60699,200900
'14SA',1204,60699,202900
'14SA',1204,60699,204900
'14SA',1204,60699,211000
'14SA',1204,60699,213100
'14SA',1204,60699,215200
'14SA',1204,60699,221300
'14SA',1204,60699,223400
'14SA',1204,60699,225500
'14SA',1204,60699,231600
'14SF1',1203,60699,81800
'14SF1',1203,60699,83800
'14SF1',1203,60699,85800
'14SF1',1203,60699,91800
'14SF1',1203,60699,93800
'14SF1',1203,60699,95800
'14SF1',1203,60699,101900
'14SF1',1203,60699,103900
'14SF1',1203,60699,110000
'14SF1',1203,60699,112000
'14SF1',1203,60699,114100
'14SF1',1203,60699,120100
'14SF1',1203,60699,122200
'14SF1',1203,60699,124200
'14SF1',1203,60699,130300
'14SF1',1203,60699,132300
'14SF1',1203,60699,134400
'14SF1',1203,60699,140400
'14SF1',1203,60699,142500
'14SF1',1203,60699,144500
'14SF1',1203,60699,150600
'14SF1',1203,60699,152600
'14SF1',1203,60699,154700
'14SF1',1203,60699,160700
'14SF1',1203,60699,162800
'14SF1',1203,60699,164800
'14SF1',1203,60699,170900
'14SF1',1203,60699,172900
'14SF1',1203,60699,174900
'14SF1',1203,60699,180900
'14SF1',1203,60699,182900
'14SF1',1203,60699,184900
'14SF1',1203,60699,190900
'14SF1',1203,60699,193000
'14SF1',1203,60699,195100
'14SF1',1203,60699,201200
'14SF1',1203,60699,203300
'14SF1',1203,60699,205400
'14SF1',1203,60699,211500
'14SF1',1203,60699,213600
'14SF1',1203,60699,215700
'14SF1',1203,60699,221800
'14SF1',1203,60699,223900
'14SF1',1203,60699,230000
'14SF1',1204,60699,81600
'14SF1',1204,60699,83600
'14SF1',1204,60699,85600
'14SF1',1204,60699,91600
'14SF1',1204,60699,93600
'14SF1',1204,60699,95600
'14SF1',1204,60699,101600
'14SF1',1204,60699,103600
'14SF1',1204,60699,105700
'14SF1',1204,60699,111700
'14SF1',1204,60699,113800
'14SF1',1204,60699,115900
'14SF1',1204,60699,122000
'14SF1',1204,60699,124000
'14SF1',1204,60699,130100
'14SF1',1204,60699,132100
'14SF1',1204,60699,134200
'14SF1',1204,60699,140200
'14SF1',1204,60699,142300
'14SF1',1204,60699,144300
'14SF1',1204,60699,150400
'14SF1',1204,60699,152400
'14SF1',1204,60699,154500
'14SF1',1204,60699,160500
'14SF1',1204,60699,162600
'14SF1',1204,60699,164600
'14SF1',1204,60699,170700
'14SF1',1204,60699,172700
'14SF1',1204,60699,174700
'14SF1',1204,60699,180700
'14SF1',1204,60699,182700
'14SF1',1204,60699,184700
'14SF1',1204,60699,190700
'14SF1',1204,60699,192700
'14SF1',1204,60699,194700
'14SF1',1204,60699,200800
'14SF1',1204,60699,202900
'14SF1',1204,60699,205000
'14SF1',1204,60699,211100
'14SF1',1204,60699,213200
'14SF1',1204,60699,215300
'14SF1',1204,60699,221400
'14SF1',1204,60699,223500
'14SF1',1204,60699,225600
'14SF1',1204,60699,231700
'14SF2',1203,60699,81800
'14SF2',1203,60699,83800
'14SF2',1203,60699,85800
'14SF2',1203,60699,91800
'14SF2',1203,60699,93800
'14SF2',1203,60699,95800
'14SF2',1203,60699,101900
'14SF2',1203,60699,103900
'14SF2',1203,60699,110000
'14SF2',1203,60699,112000
'14SF2',1203,60699,114100
'14SF2',1203,60699,120100
'14SF2',1203,60699,122200
'14SF2',1203,60699,124200
'14SF2',1203,60699,130300
'14SF2',1203,60699,132300
'14SF2',1203,60699,134400
'14SF2',1203,60699,140400
'14SF2',1203,60699,142500
'14SF2',1203,60699,144500
'14SF2',1203,60699,150600
'14SF2',1203,60699,152600
'14SF2',1203,60699,154700
'14SF2',1203,60699,160700
'14SF2',1203,60699,162800
'14SF2',1203,60699,164800
'14SF2',1203,60699,170900
'14SF2',1203,60699,172900
'14SF2',1203,60699,174900
'14SF2',1203,60699,180900
'14SF2',1203,60699,182900
'14SF2',1203,60699,184900
'14SF2',1203,60699,190900
'14SF2',1203,60699,193000
'14SF2',1203,60699,195100
'14SF2',1203,60699,201200
'14SF2',1203,60699,203300
'14SF2',1203,60699,205400
'14SF2',1203,60699,211500
'14SF2',1203,60699,213600
'14SF2',1203,60699,215700
'14SF2',1203,60699,221800
'14SF2',1203,60699,223900
'14SF2',1203,60699,230000
'14SF2',1204,60699,81600
'14SF2',1204,60699,83600
'14SF2',1204,60699,85600
'14SF2',1204,60699,91600
'14SF2',1204,60699,93600
'14SF2',1204,60699,95600
'14SF2',1204,60699,101600
'14SF2',1204,60699,103600
'14SF2',1204,60699,105700
'14SF2',1204,60699,111700
'14SF2',1204,60699,113800
'14SF2',1204,60699,115900
'14SF2',1204,60699,122000
'14SF2',1204,60699,124000
'14SF2',1204,60699,130100
'14SF2',1204,60699,132100
'14SF2',1204,60699,134200
'14SF2',1204,60699,140200
'14SF2',1204,60699,142300
'14SF2',1204,60699,144300
'14SF2',1204,60699,150400
'14SF2',1204,60699,152400
'14SF2',1204,60699,154500
'14SF2',1204,60699,160500
'14SF2',1204,60699,162600
'14SF2',1204,60699,164600
'14SF2',1204,60699,170700
'14SF2',1204,60699,172700
'14SF2',1204,60699,174700
'14SF2',1204,60699,180700
'14SF2',1204,60699,182700
'14SF2',1204,60699,184700
'14SF2',1204,60699,190700
'14SF2',1204,60699,192700
'14SF2',1204,60699,194700
'14SF2',1204,60699,200800
'14SF2',1204,60699,202900
'14SF2',1204,60699,205000
'14SF2',1204,60699,211100
'14SF2',1204,60699,213200
'14SF2',1204,60699,215300
'14SF2',1204,60699,221400
'14SF2',1204,60699,223500
'14SF2',1204,60699,225600
'14SF2',1204,60699,231700
'14SI',1203,60699,81800
'14SI',1203,60699,83800
'14SI',1203,60699,85800
'14SI',1203,60699,91800
'14SI',1203,60699,93800
'14SI',1203,60699,95800
'14SI',1203,60699,101900
'14SI',1203,60699,103900
'14SI',1203,60699,110000
'14SI',1203,60699,112000
'14SI',1203,60699,114100
'14SI',1203,60699,120100
'14SI',1203,60699,122200
'14SI',1203,60699,124200
'14SI',1203,60699,130300
'14SI',1203,60699,132300
'14SI',1203,60699,134400
'14SI',1203,60699,140400
'14SI',1203,60699,142500
'14SI',1203,60699,144500
'14SI',1203,60699,150600
'14SI',1203,60699,152600
'14SI',1203,60699,154700
'14SI',1203,60699,160700
'14SI',1203,60699,162800
'14SI',1203,60699,164800
'14SI',1203,60699,170900
'14SI',1203,60699,172900
'14SI',1203,60699,174900
'14SI',1203,60699,180900
'14SI',1203,60699,182900
'14SI',1203,60699,184900
'14SI',1203,60699,190900
'14SI',1203,60699,193000
'14SI',1203,60699,195100
'14SI',1203,60699,201200
'14SI',1203,60699,203300
'14SI',1203,60699,205400
'14SI',1203,60699,211500
'14SI',1203,60699,213600
'14SI',1203,60699,215700
'14SI',1203,60699,221800
'14SI',1203,60699,223900
'14SI',1203,60699,230000
'14SI',1204,60699,81600
'14SI',1204,60699,83600
'14SI',1204,60699,85600
'14SI',1204,60699,91600
'14SI',1204,60699,93600
'14SI',1204,60699,95600
'14SI',1204,60699,101600
'14SI',1204,60699,103600
'14SI',1204,60699,105700
'14SI',1204,60699,111700
'14SI',1204,60699,113800
'14SI',1204,60699,115900
'14SI',1204,60699,122000
'14SI',1204,60699,124000
'14SI',1204,60699,130100
'14SI',1204,60699,132100
'14SI',1204,60699,134200
'14SI',1204,60699,140200
'14SI',1204,60699,142300
'14SI',1204,60699,144300
'14SI',1204,60699,150400
'14SI',1204,60699,152400
'14SI',1204,60699,154500
'14SI',1204,60699,160500
'14SI',1204,60699,162600
'14SI',1204,60699,164600
'14SI',1204,60699,170700
'14SI',1204,60699,172700
'14SI',1204,60699,174700
'14SI',1204,60699,180700
'14SI',1204,60699,182700
'14SI',1204,60699,184700
'14SI',1204,60699,190700
'14SI',1204,60699,192700
'14SI',1204,60699,194700
'14SI',1204,60699,200800
'14SI',1204,60699,202900
'14SI',1204,60699,205000
'14SI',1204,60699,211100
'14SI',1204,60699,213200
'14SI',1204,60699,215300
'14SI',1204,60699,221400
'14SI',1204,60699,223500
'14SI',1204,60699,225600
'14SI',1204,60699,231700
'14SS',1203,60699,60000
'14SS',1203,60699,62000
'14SS',1203,60699,64000
'14SS',1203,60699,70000
'14SS',1203,60699,71100
'14SS',1203,60699,72200
'14SS',1203,60699,73300
'14SS',1203,60699,74400
'14SS',1203,60699,75600
'14SS',1203,60699,80800
'14SS',1203,60699,82100
'14SS',1203,60699,84600
'14SS',1203,60699,91100
'14SS',1203,60699,93600
'14SS',1203,60699,100100
'14SS',1203,60699,102600
'14SS',1203,60699,104900
'14SS',1203,60699,111200
'14SS',1203,60699,113500
'14SS',1203,60699,115800
'14SS',1203,60699,122100
'14SS',1203,60699,124400
'14SS',1203,60699,130700
'14SS',1203,60699,133000
'14SS',1203,60699,135300
'14SS',1203,60699,141700
'14SS',1203,60699,144300
'14SS',1203,60699,150900
'14SS',1203,60699,153700
'14SS',1203,60699,160500
'14SS',1203,60699,163300
'14SS',1203,60699,165400
'14SS',1203,60699,171400
'14SS',1203,60699,173400
'14SS',1203,60699,175400
'14SS',1203,60699,182000
'14SS',1203,60699,184700
'14SS',1203,60699,191000
'14SS',1203,60699,193300
'14SS',1203,60699,195600
'14SS',1203,60699,201900
'14SS',1203,60699,204200
'14SS',1203,60699,210500
'14SS',1203,60699,212800
'14SS',1203,60699,215100
'14SS',1203,60699,221400
'14SS',1203,60699,223700
'14SS',1203,60699,230000
'14SS',1204,60699,61600
'14SS',1204,60699,64800
'14SS',1204,60699,71800
'14SS',1204,60699,74800
'14SS',1204,60699,81600
'14SS',1204,60699,84400
'14SS',1204,60699,90900
'14SS',1204,60699,93400
'14SS',1204,60699,95900
'14SS',1204,60699,102200
'14SS',1204,60699,104500
'14SS',1204,60699,110800
'14SS',1204,60699,113100
'14SS',1204,60699,115400
'14SS',1204,60699,121700
'14SS',1204,60699,124000
'14SS',1204,60699,130300
'14SS',1204,60699,132600
'14SS',1204,60699,135000
'14SS',1204,60699,141500
'14SS',1204,60699,144100
'14SS',1204,60699,150600
'14SS',1204,60699,153000
'14SS',1204,60699,155300
'14SS',1204,60699,161200
'14SS',1204,60699,163100
'14SS',1204,60699,165200
'14SS',1204,60699,171200
'14SS',1204,60699,173200
'14SS',1204,60699,175200
'14SS',1204,60699,181600
'14SS',1204,60699,184000
'14SS',1204,60699,190400
'14SS',1204,60699,192900
'14SS',1204,60699,195100
'14SS',1204,60699,201300
'14SS',1204,60699,203600
'14SS',1204,60699,205900
'14SS',1204,60699,212200
'14SS',1204,60699,214500
'14SS',1204,60699,220800
'14SS',1204,60699,223100
'14SS',1204,60699,225400
'14SS',1204,60699,231700
