'14NA',1602,55746,61500
'14NA',1602,55746,64500
'14NA',1602,55746,71500
'14NA',1602,55746,74500
'14NA',1602,55746,81500
'14NA',1602,55746,84500
'14NA',1602,55746,91500
'14NA',1602,55746,94500
'14NA',1602,55746,101500
'14NA',1602,55746,104500
'14NA',1602,55746,111500
'14NA',1602,55746,114600
'14NA',1602,55746,121700
'14NA',1602,55746,124800
'14NA',1602,55746,131900
'14NA',1602,55746,135100
'14NA',1602,55746,142300
'14NA',1602,55746,145400
'14NA',1602,55746,152500
'14NA',1602,55746,155600
'14NA',1602,55746,162600
'14NA',1602,55746,165700
'14NA',1602,55746,172800
'14NA',1602,55746,175900
'14NA',1602,55746,182900
'14NA',1602,55746,185800
'14NA',1602,55746,192700
'14NA',1602,55746,195600
'14NA',1602,55746,202500
'14NA',1602,55746,205400
'14NA',1602,55746,212200
'14NA',1602,55746,215000
'14NF1',1602,55746,61400
'14NF1',1602,55746,64400
'14NF1',1602,55746,71400
'14NF1',1602,55746,74400
'14NF1',1602,55746,81400
'14NF1',1602,55746,84500
'14NF1',1602,55746,91500
'14NF1',1602,55746,94400
'14NF1',1602,55746,101400
'14NF1',1602,55746,104400
'14NF1',1602,55746,111400
'14NF1',1602,55746,114500
'14NF1',1602,55746,121600
'14NF1',1602,55746,124600
'14NF1',1602,55746,131600
'14NF1',1602,55746,134600
'14NF1',1602,55746,141600
'14NF1',1602,55746,144600
'14NF1',1602,55746,151600
'14NF1',1602,55746,154700
'14NF1',1602,55746,161800
'14NF1',1602,55746,164800
'14NF1',1602,55746,171900
'14NF1',1602,55746,174900
'14NF1',1602,55746,181800
'14NF1',1602,55746,184700
'14NF1',1602,55746,191600
'14NF1',1602,55746,194500
'14NF1',1602,55746,201400
'14NF1',1602,55746,204400
'14NF1',1602,55746,211400
'14NF1',1602,55746,214400
'14NF2',1602,55746,61500
'14NF2',1602,55746,64500
'14NF2',1602,55746,71500
'14NF2',1602,55746,74500
'14NF2',1602,55746,81500
'14NF2',1602,55746,84500
'14NF2',1602,55746,91500
'14NF2',1602,55746,94500
'14NF2',1602,55746,101500
'14NF2',1602,55746,104500
'14NF2',1602,55746,111500
'14NF2',1602,55746,114600
'14NF2',1602,55746,121700
'14NF2',1602,55746,124800
'14NF2',1602,55746,131900
'14NF2',1602,55746,135100
'14NF2',1602,55746,142300
'14NF2',1602,55746,145400
'14NF2',1602,55746,152500
'14NF2',1602,55746,155600
'14NF2',1602,55746,162600
'14NF2',1602,55746,165700
'14NF2',1602,55746,172800
'14NF2',1602,55746,175900
'14NF2',1602,55746,182900
'14NF2',1602,55746,185800
'14NF2',1602,55746,192700
'14NF2',1602,55746,195600
'14NF2',1602,55746,202500
'14NF2',1602,55746,205400
'14NF2',1602,55746,212200
'14NF2',1602,55746,215000
'14NF3',1602,55746,61400
'14NF3',1602,55746,64400
'14NF3',1602,55746,71400
'14NF3',1602,55746,74400
'14NF3',1602,55746,81400
'14NF3',1602,55746,84500
'14NF3',1602,55746,91500
'14NF3',1602,55746,94400
'14NF3',1602,55746,101400
'14NF3',1602,55746,104400
'14NF3',1602,55746,111400
'14NF3',1602,55746,114500
'14NF3',1602,55746,121600
'14NF3',1602,55746,124600
'14NF3',1602,55746,131600
'14NF3',1602,55746,134600
'14NF3',1602,55746,141600
'14NF3',1602,55746,144600
'14NF3',1602,55746,151600
'14NF3',1602,55746,154700
'14NF3',1602,55746,161800
'14NF3',1602,55746,164800
'14NF3',1602,55746,171900
'14NF3',1602,55746,174900
'14NF3',1602,55746,181800
'14NF3',1602,55746,184700
'14NF3',1602,55746,191600
'14NF3',1602,55746,194500
'14NF3',1602,55746,201400
'14NF3',1602,55746,204400
'14NF3',1602,55746,211400
'14NF3',1602,55746,214400
'14NF4',1602,55746,61500
'14NF4',1602,55746,64500
'14NF4',1602,55746,71500
'14NF4',1602,55746,74500
'14NF4',1602,55746,81500
'14NF4',1602,55746,84500
'14NF4',1602,55746,91500
'14NF4',1602,55746,94500
'14NF4',1602,55746,101500
'14NF4',1602,55746,104500
'14NF4',1602,55746,111500
'14NF4',1602,55746,114600
'14NF4',1602,55746,121700
'14NF4',1602,55746,124800
'14NF4',1602,55746,131900
'14NF4',1602,55746,135100
'14NF4',1602,55746,142300
'14NF4',1602,55746,145400
'14NF4',1602,55746,152500
'14NF4',1602,55746,155600
'14NF4',1602,55746,162600
'14NF4',1602,55746,165700
'14NF4',1602,55746,172800
'14NF4',1602,55746,175900
'14NF4',1602,55746,182900
'14NF4',1602,55746,185800
'14NF4',1602,55746,192700
'14NF4',1602,55746,195600
'14NF4',1602,55746,202500
'14NF4',1602,55746,205400
'14NF4',1602,55746,212200
'14NF4',1602,55746,215000
'14NI',1602,55746,61400
'14NI',1602,55746,64400
'14NI',1602,55746,71400
'14NI',1602,55746,74400
'14NI',1602,55746,81400
'14NI',1602,55746,84500
'14NI',1602,55746,91500
'14NI',1602,55746,94400
'14NI',1602,55746,101400
'14NI',1602,55746,104400
'14NI',1602,55746,111400
'14NI',1602,55746,114500
'14NI',1602,55746,121600
'14NI',1602,55746,124600
'14NI',1602,55746,131600
'14NI',1602,55746,134600
'14NI',1602,55746,141600
'14NI',1602,55746,144600
'14NI',1602,55746,151600
'14NI',1602,55746,154700
'14NI',1602,55746,161800
'14NI',1602,55746,164800
'14NI',1602,55746,171900
'14NI',1602,55746,174900
'14NI',1602,55746,181800
'14NI',1602,55746,184700
'14NI',1602,55746,191600
'14NI',1602,55746,194500
'14NI',1602,55746,201400
'14NI',1602,55746,204400
'14NI',1602,55746,211400
'14NI',1602,55746,214400
'14NS',1602,55746,61000
'14NS',1602,55746,65200
'14NS',1602,55746,72300
'14NS',1602,55746,74200
'14NS',1602,55746,75600
'14NS',1602,55746,82200
'14NS',1602,55746,84500
'14NS',1602,55746,90800
'14NS',1602,55746,94300
'14NS',1602,55746,101800
'14NS',1602,55746,105300
'14NS',1602,55746,112800
'14NS',1602,55746,120300
'14NS',1602,55746,123800
'14NS',1602,55746,131300
'14NS',1602,55746,134900
'14NS',1602,55746,142500
'14NS',1602,55746,150100
'14NS',1602,55746,152500
'14NS',1602,55746,160300
'14NS',1602,55746,164100
'14NS',1602,55746,171800
'14NS',1602,55746,175600
'14NS',1602,55746,182900
'14NS',1602,55746,190300
'14NS',1602,55746,193500
'14NS',1602,55746,200800
'14NS',1602,55746,204000
'14NS',1602,55746,211200
'14NS',1602,55746,214400
'14NA',12403,55746,62100
'14NA',12403,55746,65900
'14NA',12403,55746,73800
'14NA',12403,55746,81600
'14NA',12403,55746,85000
'14NA',12403,55746,92400
'14NA',12403,55746,93400
'14NA',12403,55746,100700
'14NA',12403,55746,104000
'14NA',12403,55746,112000
'14NA',12403,55746,113300
'14NA',12403,55746,115900
'14NA',12403,55746,122600
'14NA',12403,55746,125100
'14NA',12403,55746,131500
'14NA',12403,55746,134200
'14NA',12403,55746,141200
'14NA',12403,55746,143900
'14NA',12403,55746,150500
'14NA',12403,55746,153100
'14NA',12403,55746,155700
'14NA',12403,55746,162600
'14NA',12403,55746,164800
'14NA',12403,55746,171400
'14NA',12403,55746,174000
'14NA',12403,55746,180700
'14NA',12403,55746,183500
'14NA',12403,55746,190100
'14NA',12403,55746,192100
'14NA',12403,55746,194700
'14NA',12403,55746,202100
'14NA',12403,55746,205900
'14NA',12403,55746,213200
'14NA',12403,55746,220300
'14NA',12403,55746,223500
'14NA',12403,55746,230800
'14NA',12403,55746,233600
'14NA',12403,55746,240300
'14NA',12403,55746,244100
'14NA',12403,55746,251600
'14NA',12403,55746,255000
'14NF1',12403,55746,70700
'14NF1',12403,55746,73800
'14NF1',12403,55746,81600
'14NF1',12403,55746,84700
'14NF1',12403,55746,92300
'14NF1',12403,55746,95400
'14NF1',12403,55746,100700
'14NF1',12403,55746,104100
'14NF1',12403,55746,111400
'14NF1',12403,55746,113800
'14NF1',12403,55746,120400
'14NF1',12403,55746,123600
'14NF1',12403,55746,130800
'14NF1',12403,55746,132200
'14NF1',12403,55746,135100
'14NF1',12403,55746,141800
'14NF1',12403,55746,144300
'14NF1',12403,55746,150800
'14NF1',12403,55746,153500
'14NF1',12403,55746,160100
'14NF1',12403,55746,161400
'14NF1',12403,55746,164200
'14NF1',12403,55746,171400
'14NF1',12403,55746,174400
'14NF1',12403,55746,181400
'14NF1',12403,55746,184300
'14NF1',12403,55746,191100
'14NF1',12403,55746,193900
'14NF1',12403,55746,200800
'14NF1',12403,55746,203700
'14NF1',12403,55746,210500
'14NF1',12403,55746,213500
'14NF1',12403,55746,220500
'14NF1',12403,55746,223400
'14NF1',12403,55746,230300
'14NF1',12403,55746,233300
'14NF1',12403,55746,240100
'14NF1',12403,55746,243300
'14NF1',12403,55746,251100
'14NF1',12403,55746,254900
'14NF2',12403,55746,62100
'14NF2',12403,55746,65900
'14NF2',12403,55746,73800
'14NF2',12403,55746,81600
'14NF2',12403,55746,85000
'14NF2',12403,55746,92400
'14NF2',12403,55746,93400
'14NF2',12403,55746,100700
'14NF2',12403,55746,104000
'14NF2',12403,55746,112000
'14NF2',12403,55746,113300
'14NF2',12403,55746,115900
'14NF2',12403,55746,122600
'14NF2',12403,55746,125100
'14NF2',12403,55746,131500
'14NF2',12403,55746,134200
'14NF2',12403,55746,141200
'14NF2',12403,55746,143900
'14NF2',12403,55746,150500
'14NF2',12403,55746,153100
'14NF2',12403,55746,155700
'14NF2',12403,55746,162600
'14NF2',12403,55746,164800
'14NF2',12403,55746,171400
'14NF2',12403,55746,174000
'14NF2',12403,55746,180700
'14NF2',12403,55746,183500
'14NF2',12403,55746,190100
'14NF2',12403,55746,192100
'14NF2',12403,55746,194700
'14NF2',12403,55746,202100
'14NF2',12403,55746,205900
'14NF2',12403,55746,213200
'14NF2',12403,55746,220300
'14NF2',12403,55746,223500
'14NF2',12403,55746,230800
'14NF2',12403,55746,233600
'14NF2',12403,55746,240300
'14NF2',12403,55746,244100
'14NF2',12403,55746,251600
'14NF2',12403,55746,254900
'14NF3',12403,55746,70700
'14NF3',12403,55746,73800
'14NF3',12403,55746,81600
'14NF3',12403,55746,84700
'14NF3',12403,55746,92300
'14NF3',12403,55746,95400
'14NF3',12403,55746,100700
'14NF3',12403,55746,104100
'14NF3',12403,55746,111400
'14NF3',12403,55746,113800
'14NF3',12403,55746,120400
'14NF3',12403,55746,123600
'14NF3',12403,55746,130800
'14NF3',12403,55746,132200
'14NF3',12403,55746,135100
'14NF3',12403,55746,141800
'14NF3',12403,55746,144300
'14NF3',12403,55746,150800
'14NF3',12403,55746,153500
'14NF3',12403,55746,160100
'14NF3',12403,55746,161400
'14NF3',12403,55746,164200
'14NF3',12403,55746,171400
'14NF3',12403,55746,174400
'14NF3',12403,55746,181400
'14NF3',12403,55746,184300
'14NF3',12403,55746,191100
'14NF3',12403,55746,193900
'14NF3',12403,55746,200800
'14NF3',12403,55746,203700
'14NF3',12403,55746,210500
'14NF3',12403,55746,213500
'14NF3',12403,55746,220500
'14NF3',12403,55746,223400
'14NF3',12403,55746,230300
'14NF3',12403,55746,233300
'14NF3',12403,55746,240100
'14NF3',12403,55746,243300
'14NF3',12403,55746,251100
'14NF3',12403,55746,254900
'14NF4',12403,55746,62100
'14NF4',12403,55746,65900
'14NF4',12403,55746,73800
'14NF4',12403,55746,81600
'14NF4',12403,55746,85000
'14NF4',12403,55746,92400
'14NF4',12403,55746,93400
'14NF4',12403,55746,100700
'14NF4',12403,55746,104000
'14NF4',12403,55746,112000
'14NF4',12403,55746,113300
'14NF4',12403,55746,115900
'14NF4',12403,55746,122600
'14NF4',12403,55746,125100
'14NF4',12403,55746,131500
'14NF4',12403,55746,134200
'14NF4',12403,55746,141200
'14NF4',12403,55746,143900
'14NF4',12403,55746,150500
'14NF4',12403,55746,153100
'14NF4',12403,55746,155700
'14NF4',12403,55746,162600
'14NF4',12403,55746,164800
'14NF4',12403,55746,171400
'14NF4',12403,55746,174000
'14NF4',12403,55746,180700
'14NF4',12403,55746,183500
'14NF4',12403,55746,190100
'14NF4',12403,55746,192100
'14NF4',12403,55746,194700
'14NF4',12403,55746,202100
'14NF4',12403,55746,205900
'14NF4',12403,55746,213200
'14NF4',12403,55746,220300
'14NF4',12403,55746,223500
'14NF4',12403,55746,230800
'14NF4',12403,55746,233600
'14NF4',12403,55746,240300
'14NF4',12403,55746,244100
'14NF4',12403,55746,251600
'14NF4',12403,55746,254900
'14NI',12403,55746,70700
'14NI',12403,55746,73800
'14NI',12403,55746,81600
'14NI',12403,55746,84700
'14NI',12403,55746,92300
'14NI',12403,55746,95400
'14NI',12403,55746,100700
'14NI',12403,55746,104100
'14NI',12403,55746,111400
'14NI',12403,55746,113800
'14NI',12403,55746,120400
'14NI',12403,55746,123600
'14NI',12403,55746,130800
'14NI',12403,55746,132200
'14NI',12403,55746,135100
'14NI',12403,55746,141800
'14NI',12403,55746,144300
'14NI',12403,55746,150800
'14NI',12403,55746,153500
'14NI',12403,55746,160100
'14NI',12403,55746,161400
'14NI',12403,55746,164200
'14NI',12403,55746,171400
'14NI',12403,55746,174400
'14NI',12403,55746,181400
'14NI',12403,55746,184300
'14NI',12403,55746,191100
'14NI',12403,55746,193900
'14NI',12403,55746,200800
'14NI',12403,55746,203700
'14NI',12403,55746,210500
'14NI',12403,55746,213500
'14NI',12403,55746,220500
'14NI',12403,55746,223400
'14NI',12403,55746,230300
'14NI',12403,55746,233300
'14NI',12403,55746,240100
'14NI',12403,55746,243300
'14NI',12403,55746,251100
'14NI',12403,55746,254900
'14NS',12403,55746,60200
'14NS',12403,55746,63400
'14NS',12403,55746,70400
'14NS',12403,55746,73300
'14NS',12403,55746,80500
'14NS',12403,55746,83500
'14NS',12403,55746,90500
'14NS',12403,55746,93400
'14NS',12403,55746,100400
'14NS',12403,55746,104000
'14NS',12403,55746,105600
'14NS',12403,55746,112600
'14NS',12403,55746,115600
'14NS',12403,55746,122600
'14NS',12403,55746,125600
'14NS',12403,55746,132700
'14NS',12403,55746,135800
'14NS',12403,55746,142900
'14NS',12403,55746,150100
'14NS',12403,55746,153300
'14NS',12403,55746,160500
'14NS',12403,55746,163500
'14NS',12403,55746,170500
'14NS',12403,55746,173600
'14NS',12403,55746,180600
'14NS',12403,55746,183500
'14NS',12403,55746,190500
'14NS',12403,55746,193500
'14NS',12403,55746,200500
'14NS',12403,55746,203400
'14NS',12403,55746,210400
'14NS',12403,55746,213400
'14NS',12403,55746,220300
'14NS',12403,55746,223300
'14NS',12403,55746,230200
'14NS',12403,55746,233300
'14NS',12403,55746,240800
'14NS',12403,55746,243700
'14NS',12403,55746,251000
'14NS',12403,55746,254000
'14NA',36802,55746,264300
'14NA',36802,55746,270300
'14NA',36802,55746,272300
'14NA',36802,55746,275000
'14NA',36802,55746,281700
'14NA',36802,55746,285000
'14NA',36802,55746,293500
'14NF1',36802,55746,263700
'14NF1',36802,55746,272200
'14NF1',36802,55746,280600
'14NF1',36802,55746,284900
'14NF1',36802,55746,293400
'14NF2',36802,55746,264300
'14NF2',36802,55746,270300
'14NF2',36802,55746,272300
'14NF2',36802,55746,275000
'14NF2',36802,55746,281700
'14NF2',36802,55746,285000
'14NF2',36802,55746,293400
'14NF3',36802,55746,263700
'14NF3',36802,55746,272200
'14NF3',36802,55746,280600
'14NF3',36802,55746,284900
'14NF3',36802,55746,293400
'14NF4',36802,55746,264300
'14NF4',36802,55746,270300
'14NF4',36802,55746,272300
'14NF4',36802,55746,275000
'14NF4',36802,55746,281700
'14NF4',36802,55746,285000
'14NF4',36802,55746,293400
'14NI',36802,55746,263700
'14NI',36802,55746,272200
'14NI',36802,55746,280600
'14NI',36802,55746,284900
'14NI',36802,55746,293400
'14NS',36802,55746,263700
'14NS',36802,55746,272200
'14NS',36802,55746,281000
'14NS',36802,55746,285600
'14NS',36802,55746,294200
