'15JA',4302,55092,54700
'15JA',4302,55092,62100
'15JA',4302,55092,65600
'15JA',4302,55092,73100
'15JA',4302,55092,80400
'15JA',4302,55092,83900
'15JA',4302,55092,91300
'15JA',4302,55092,94900
'15JA',4302,55092,102500
'15JA',4302,55092,110000
'15JA',4302,55092,113600
'15JA',4302,55092,120500
'15JA',4302,55092,123200
'15JA',4302,55092,130100
'15JA',4302,55092,133000
'15JA',4302,55092,135800
'15JA',4302,55092,142600
'15JA',4302,55092,145500
'15JA',4302,55092,152400
'15JA',4302,55092,155300
'15JA',4302,55092,162200
'15JA',4302,55092,165100
'15JA',4302,55092,172000
'15JA',4302,55092,174600
'15JA',4302,55092,181300
'15JA',4302,55092,184200
'15JA',4302,55092,191000
'15JA',4302,55092,193800
'15JA',4302,55092,200700
'15JA',4302,55092,203600
'15JA',4302,55092,210500
'15JA',4302,55092,213400
'15JA',4302,55092,220300
'15JA',4302,55092,223800
'15JA',4302,55092,232800
'15JA',4302,55092,242800
'15JA',4302,55092,252800
'15JI',4302,55092,62100
'15JI',4302,55092,65500
'15JI',4302,55092,72900
'15JI',4302,55092,80300
'15JI',4302,55092,83900
'15JI',4302,55092,91300
'15JI',4302,55092,94700
'15JI',4302,55092,102100
'15JI',4302,55092,105500
'15JI',4302,55092,113000
'15JI',4302,55092,120300
'15JI',4302,55092,123100
'15JI',4302,55092,130100
'15JI',4302,55092,132900
'15JI',4302,55092,135700
'15JI',4302,55092,142600
'15JI',4302,55092,145500
'15JI',4302,55092,152400
'15JI',4302,55092,155300
'15JI',4302,55092,162200
'15JI',4302,55092,165100
'15JI',4302,55092,172000
'15JI',4302,55092,174700
'15JI',4302,55092,181600
'15JI',4302,55092,184400
'15JI',4302,55092,191300
'15JI',4302,55092,194200
'15JI',4302,55092,201000
'15JI',4302,55092,203900
'15JI',4302,55092,210800
'15JI',4302,55092,213700
'15JI',4302,55092,220600
'15JI',4302,55092,223500
'15JI',4302,55092,232500
'15JI',4302,55092,241700
'15JI',4302,55092,251000
'15JI',4302,55092,260300
'15JS',4302,55092,51500
'15JS',4302,55092,54200
'15JS',4302,55092,61000
'15JS',4302,55092,64100
'15JS',4302,55092,70900
'15JS',4302,55092,74100
'15JS',4302,55092,81100
'15JS',4302,55092,84100
'15JS',4302,55092,91300
'15JS',4302,55092,94200
'15JS',4302,55092,101300
'15JS',4302,55092,104300
'15JS',4302,55092,111400
'15JS',4302,55092,114300
'15JS',4302,55092,121400
'15JS',4302,55092,124400
'15JS',4302,55092,131700
'15JS',4302,55092,134600
'15JS',4302,55092,141500
'15JS',4302,55092,144700
'15JS',4302,55092,152000
'15JS',4302,55092,155200
'15JS',4302,55092,162400
'15JS',4302,55092,165700
'15JS',4302,55092,172800
'15JS',4302,55092,180100
'15JS',4302,55092,182700
'15JS',4302,55092,185700
'15JS',4302,55092,192400
'15JS',4302,55092,195200
'15JS',4302,55092,201900
'15JS',4302,55092,204500
'15JS',4302,55092,211100
'15JS',4302,55092,213900
'15JS',4302,55092,220800
'15JS',4302,55092,223800
'15JS',4302,55092,232000
'15JS',4302,55092,240200
'15JS',4302,55092,245500
'15JS',4302,55092,255200
