'14SA',9902,54240,52000
'14SA',9902,54240,60500
'14SA',9902,54240,64900
'14SA',9902,54240,73300
'14SA',9902,54240,81700
'14SA',9902,54240,90100
'14SA',9902,54240,94500
'14SA',9902,54240,103000
'14SA',9902,54240,110200
'14SA',9902,54240,113300
'14SA',9902,54240,120300
'14SA',9902,54240,123300
'14SA',9902,54240,130200
'14SA',9902,54240,133200
'14SA',9902,54240,140200
'14SA',9902,54240,143200
'14SA',9902,54240,150200
'14SA',9902,54240,153200
'14SA',9902,54240,160200
'14SA',9902,54240,163200
'14SA',9902,54240,170200
'14SA',9902,54240,173200
'14SA',9902,54240,180200
'14SA',9902,54240,183200
'14SA',9902,54240,190200
'14SA',9902,54240,193200
'14SA',9902,54240,200200
'14SA',9902,54240,203000
'14SA',9902,54240,210000
'14SA',9902,54240,213200
'14SA',9902,54240,222000
'14SA',9902,54240,230800
'14SA',9902,54240,235600
'14SA',9902,54240,244400
'14SA',9902,54240,253200
'14SF1',9902,54240,52000
'14SF1',9902,54240,60500
'14SF1',9902,54240,64900
'14SF1',9902,54240,73300
'14SF1',9902,54240,81700
'14SF1',9902,54240,90100
'14SF1',9902,54240,93100
'14SF1',9902,54240,100100
'14SF1',9902,54240,103100
'14SF1',9902,54240,110200
'14SF1',9902,54240,113200
'14SF1',9902,54240,120200
'14SF1',9902,54240,123200
'14SF1',9902,54240,130200
'14SF1',9902,54240,133200
'14SF1',9902,54240,140200
'14SF1',9902,54240,143200
'14SF1',9902,54240,150200
'14SF1',9902,54240,153200
'14SF1',9902,54240,160200
'14SF1',9902,54240,163200
'14SF1',9902,54240,170200
'14SF1',9902,54240,173200
'14SF1',9902,54240,180200
'14SF1',9902,54240,183200
'14SF1',9902,54240,190200
'14SF1',9902,54240,193200
'14SF1',9902,54240,201000
'14SF1',9902,54240,205800
'14SF1',9902,54240,214600
'14SF1',9902,54240,223400
'14SF1',9902,54240,232200
'14SF1',9902,54240,241000
'14SF1',9902,54240,245800
'14SF2',9902,54240,52000
'14SF2',9902,54240,60500
'14SF2',9902,54240,64900
'14SF2',9902,54240,73300
'14SF2',9902,54240,81700
'14SF2',9902,54240,90100
'14SF2',9902,54240,94500
'14SF2',9902,54240,103000
'14SF2',9902,54240,110200
'14SF2',9902,54240,113300
'14SF2',9902,54240,120300
'14SF2',9902,54240,123300
'14SF2',9902,54240,130200
'14SF2',9902,54240,133200
'14SF2',9902,54240,140200
'14SF2',9902,54240,143200
'14SF2',9902,54240,150200
'14SF2',9902,54240,153200
'14SF2',9902,54240,160200
'14SF2',9902,54240,163200
'14SF2',9902,54240,170200
'14SF2',9902,54240,173200
'14SF2',9902,54240,180200
'14SF2',9902,54240,183200
'14SF2',9902,54240,190200
'14SF2',9902,54240,193200
'14SF2',9902,54240,200200
'14SF2',9902,54240,203000
'14SF2',9902,54240,210000
'14SF2',9902,54240,213200
'14SF2',9902,54240,222000
'14SF2',9902,54240,230800
'14SF2',9902,54240,235600
'14SF2',9902,54240,244400
'14SF2',9902,54240,253200
'14SI',9902,54240,52000
'14SI',9902,54240,60500
'14SI',9902,54240,64900
'14SI',9902,54240,73300
'14SI',9902,54240,81700
'14SI',9902,54240,90100
'14SI',9902,54240,93100
'14SI',9902,54240,100100
'14SI',9902,54240,103100
'14SI',9902,54240,110200
'14SI',9902,54240,113200
'14SI',9902,54240,120200
'14SI',9902,54240,123200
'14SI',9902,54240,130200
'14SI',9902,54240,133200
'14SI',9902,54240,140200
'14SI',9902,54240,143200
'14SI',9902,54240,150200
'14SI',9902,54240,153200
'14SI',9902,54240,160200
'14SI',9902,54240,163200
'14SI',9902,54240,170200
'14SI',9902,54240,173200
'14SI',9902,54240,180200
'14SI',9902,54240,183200
'14SI',9902,54240,190200
'14SI',9902,54240,193200
'14SI',9902,54240,201000
'14SI',9902,54240,205800
'14SI',9902,54240,214600
'14SI',9902,54240,223400
'14SI',9902,54240,232200
'14SI',9902,54240,241000
'14SI',9902,54240,245800
'14SS',9902,54240,51900
'14SS',9902,54240,55000
'14SS',9902,54240,62100
'14SS',9902,54240,64900
'14SS',9902,54240,71600
'14SS',9902,54240,74300
'14SS',9902,54240,81400
'14SS',9902,54240,84400
'14SS',9902,54240,91300
'14SS',9902,54240,94200
'14SS',9902,54240,101200
'14SS',9902,54240,104200
'14SS',9902,54240,111200
'14SS',9902,54240,114200
'14SS',9902,54240,121200
'14SS',9902,54240,124200
'14SS',9902,54240,131200
'14SS',9902,54240,134200
'14SS',9902,54240,141200
'14SS',9902,54240,144100
'14SS',9902,54240,151100
'14SS',9902,54240,154100
'14SS',9902,54240,160900
'14SS',9902,54240,163700
'14SS',9902,54240,170500
'14SS',9902,54240,173300
'14SS',9902,54240,180000
'14SS',9902,54240,182700
'14SS',9902,54240,185400
'14SS',9902,54240,192200
'14SS',9902,54240,200900
'14SS',9902,54240,205700
'14SS',9902,54240,214500
'14SS',9902,54240,223300
'14SS',9902,54240,232100
'14SS',9902,54240,240900
'14SS',9902,54240,245700
