'14UA',17101,55659,51200
'14UA',17101,55659,54500
'14UA',17101,55659,61500
'14UA',17101,55659,64500
'14UA',17101,55659,71600
'14UA',17101,55659,74800
'14UA',17101,55659,81900
'14UA',17101,55659,85100
'14UA',17101,55659,92600
'14UA',17101,55659,100100
'14UA',17101,55659,103100
'14UA',17101,55659,110100
'14UA',17101,55659,113100
'14UA',17101,55659,120000
'14UA',17101,55659,122000
'14UA',17101,55659,125000
'14UA',17101,55659,132000
'14UA',17101,55659,134000
'14UA',17101,55659,140000
'14UA',17101,55659,142500
'14UA',17101,55659,145500
'14UA',17101,55659,152000
'14UA',17101,55659,154000
'14UA',17101,55659,160000
'14UA',17101,55659,162000
'14UA',17101,55659,164000
'14UA',17101,55659,170000
'14UA',17101,55659,172000
'14UA',17101,55659,173600
'14UA',17101,55659,175300
'14UA',17101,55659,181200
'14UA',17101,55659,183200
'14UA',17101,55659,185200
'14UA',17101,55659,191300
'14UA',17101,55659,193500
'14UA',17101,55659,195300
'14UA',17101,55659,201200
'14UA',17101,55659,203800
'14UA',17101,55659,210500
'14UA',17101,55659,213100
'14UA',17101,55659,215600
'14UA',17101,55659,222100
'14UA',17101,55659,224600
'14UA',17101,55659,230800
'14UA',17101,55659,233900
'14UA',17101,55659,240800
'14UA',17101,55659,243900
'14UA',17101,55659,251100
'14UA',17101,55659,254300
'14UF1',17101,55659,51200
'14UF1',17101,55659,54500
'14UF1',17101,55659,61500
'14UF1',17101,55659,64500
'14UF1',17101,55659,71600
'14UF1',17101,55659,74800
'14UF1',17101,55659,81900
'14UF1',17101,55659,85100
'14UF1',17101,55659,92600
'14UF1',17101,55659,100100
'14UF1',17101,55659,103100
'14UF1',17101,55659,110100
'14UF1',17101,55659,113100
'14UF1',17101,55659,120000
'14UF1',17101,55659,122000
'14UF1',17101,55659,125000
'14UF1',17101,55659,132000
'14UF1',17101,55659,134000
'14UF1',17101,55659,140000
'14UF1',17101,55659,142500
'14UF1',17101,55659,145500
'14UF1',17101,55659,152000
'14UF1',17101,55659,154000
'14UF1',17101,55659,160000
'14UF1',17101,55659,162000
'14UF1',17101,55659,164000
'14UF1',17101,55659,170000
'14UF1',17101,55659,172000
'14UF1',17101,55659,173600
'14UF1',17101,55659,175300
'14UF1',17101,55659,181200
'14UF1',17101,55659,183200
'14UF1',17101,55659,185200
'14UF1',17101,55659,191300
'14UF1',17101,55659,193500
'14UF1',17101,55659,195300
'14UF1',17101,55659,201200
'14UF1',17101,55659,203800
'14UF1',17101,55659,210500
'14UF1',17101,55659,213100
'14UF1',17101,55659,215600
'14UF1',17101,55659,222100
'14UF1',17101,55659,224600
'14UF1',17101,55659,230800
'14UF1',17101,55659,233900
'14UF1',17101,55659,240800
'14UF1',17101,55659,244000
'14UF1',17101,55659,251300
'14UF2',17101,55659,51200
'14UF2',17101,55659,54500
'14UF2',17101,55659,61500
'14UF2',17101,55659,64500
'14UF2',17101,55659,71600
'14UF2',17101,55659,74800
'14UF2',17101,55659,81900
'14UF2',17101,55659,85100
'14UF2',17101,55659,92600
'14UF2',17101,55659,100100
'14UF2',17101,55659,103100
'14UF2',17101,55659,110100
'14UF2',17101,55659,113100
'14UF2',17101,55659,120000
'14UF2',17101,55659,122000
'14UF2',17101,55659,125000
'14UF2',17101,55659,132000
'14UF2',17101,55659,134000
'14UF2',17101,55659,140000
'14UF2',17101,55659,142500
'14UF2',17101,55659,145500
'14UF2',17101,55659,152000
'14UF2',17101,55659,154000
'14UF2',17101,55659,160000
'14UF2',17101,55659,162000
'14UF2',17101,55659,164000
'14UF2',17101,55659,170000
'14UF2',17101,55659,172000
'14UF2',17101,55659,173600
'14UF2',17101,55659,175300
'14UF2',17101,55659,181200
'14UF2',17101,55659,183200
'14UF2',17101,55659,185200
'14UF2',17101,55659,191300
'14UF2',17101,55659,193500
'14UF2',17101,55659,195300
'14UF2',17101,55659,201200
'14UF2',17101,55659,203800
'14UF2',17101,55659,210500
'14UF2',17101,55659,213100
'14UF2',17101,55659,215600
'14UF2',17101,55659,222100
'14UF2',17101,55659,224600
'14UF2',17101,55659,230800
'14UF2',17101,55659,233900
'14UF2',17101,55659,240800
'14UF2',17101,55659,244000
'14UF2',17101,55659,251300
'14UI',17101,55659,51300
'14UI',17101,55659,54300
'14UI',17101,55659,61400
'14UI',17101,55659,64500
'14UI',17101,55659,71600
'14UI',17101,55659,74900
'14UI',17101,55659,82000
'14UI',17101,55659,85300
'14UI',17101,55659,92600
'14UI',17101,55659,95900
'14UI',17101,55659,103600
'14UI',17101,55659,111000
'14UI',17101,55659,114700
'14UI',17101,55659,122100
'14UI',17101,55659,124900
'14UI',17101,55659,131400
'14UI',17101,55659,133900
'14UI',17101,55659,140400
'14UI',17101,55659,142900
'14UI',17101,55659,145400
'14UI',17101,55659,151900
'14UI',17101,55659,154400
'14UI',17101,55659,160800
'14UI',17101,55659,163200
'14UI',17101,55659,165600
'14UI',17101,55659,171400
'14UI',17101,55659,173100
'14UI',17101,55659,174800
'14UI',17101,55659,181200
'14UI',17101,55659,183700
'14UI',17101,55659,190000
'14UI',17101,55659,192500
'14UI',17101,55659,195000
'14UI',17101,55659,202400
'14UI',17101,55659,205700
'14UI',17101,55659,213100
'14UI',17101,55659,220400
'14UI',17101,55659,223700
'14UI',17101,55659,230900
'14UI',17101,55659,234200
'14UI',17101,55659,241500
'14UI',17101,55659,244500
'14UI',17101,55659,251300
'14US',17101,55659,51200
'14US',17101,55659,54400
'14US',17101,55659,61700
'14US',17101,55659,64700
'14US',17101,55659,70900
'14US',17101,55659,72900
'14US',17101,55659,74600
'14US',17101,55659,81500
'14US',17101,55659,84500
'14US',17101,55659,91500
'14US',17101,55659,94300
'14US',17101,55659,101000
'14US',17101,55659,103800
'14US',17101,55659,110400
'14US',17101,55659,113000
'14US',17101,55659,120000
'14US',17101,55659,122000
'14US',17101,55659,124000
'14US',17101,55659,125000
'14US',17101,55659,130000
'14US',17101,55659,132000
'14US',17101,55659,134100
'14US',17101,55659,140100
'14US',17101,55659,142100
'14US',17101,55659,143100
'14US',17101,55659,144200
'14US',17101,55659,145300
'14US',17101,55659,150300
'14US',17101,55659,151400
'14US',17101,55659,152500
'14US',17101,55659,153500
'14US',17101,55659,154500
'14US',17101,55659,155500
'14US',17101,55659,160500
'14US',17101,55659,161500
'14US',17101,55659,162500
'14US',17101,55659,163500
'14US',17101,55659,164500
'14US',17101,55659,165500
'14US',17101,55659,170500
'14US',17101,55659,171500
'14US',17101,55659,172500
'14US',17101,55659,173500
'14US',17101,55659,174400
'14US',17101,55659,175400
'14US',17101,55659,180400
'14US',17101,55659,181200
'14US',17101,55659,182000
'14US',17101,55659,183000
'14US',17101,55659,184000
'14US',17101,55659,185000
'14US',17101,55659,190000
'14US',17101,55659,190900
'14US',17101,55659,191800
'14US',17101,55659,192800
'14US',17101,55659,193800
'14US',17101,55659,194800
'14US',17101,55659,195800
'14US',17101,55659,200800
'14US',17101,55659,201800
'14US',17101,55659,202800
'14US',17101,55659,203800
'14US',17101,55659,204800
'14US',17101,55659,205800
'14US',17101,55659,210800
'14US',17101,55659,211800
'14US',17101,55659,213700
'14US',17101,55659,220100
'14US',17101,55659,222600
'14US',17101,55659,225400
'14US',17101,55659,232200
'14US',17101,55659,234000
'14US',17101,55659,235700
'14US',17101,55659,241400
'14US',17101,55659,244400
'14US',17101,55659,251400
'14UA',38001,55659,261200
'14UA',38001,55659,265800
'14UA',38001,55659,274300
'14UA',38001,55659,282800
'14UF1',38001,55659,261200
'14UF1',38001,55659,265800
'14UF1',38001,55659,274300
'14UF1',38001,55659,283700
'14UF2',38001,55659,261200
'14UF2',38001,55659,265800
'14UF2',38001,55659,274300
'14UF2',38001,55659,283700
'14UI',38001,55659,253500
'14UI',38001,55659,262000
'14UI',38001,55659,270500
'14UI',38001,55659,275000
'14UI',38001,55659,283500
'14US',38001,55659,253500
'14US',38001,55659,262000
'14US',38001,55659,270500
'14US',38001,55659,275000
'14US',38001,55659,283500
