'15MA',8601,53719,63600
'15MA',8601,53719,71200
'15MA',8601,53719,74500
'15MA',8601,53719,81600
'15MA',8601,53719,84800
'15MA',8601,53719,92100
'15MA',8601,53719,95600
'15MA',8601,53719,102800
'15MA',8601,53719,110100
'15MA',8601,53719,113400
'15MA',8601,53719,121000
'15MA',8601,53719,124300
'15MA',8601,53719,131700
'15MA',8601,53719,135100
'15MA',8601,53719,142500
'15MA',8601,53719,145900
'15MA',8601,53719,153200
'15MA',8601,53719,160500
'15MA',8601,53719,163800
'15MA',8601,53719,171200
'15MA',8601,53719,174500
'15MA',8601,53719,181600
'15MA',8601,53719,184900
'15MA',8601,53719,192300
'15MA',8601,53719,195400
'15MA',8601,53719,202500
'15MA',8601,53719,205800
'15MA',8601,53719,213100
'15MA',8601,53719,220200
'15MA',8601,53719,223000
'15MA',8601,53719,230000
'15MA',8601,53719,233200
'15MA',8601,53719,240300
'15MA',8601,53719,243400
'15MA',8601,53719,250400
'15MA',8601,53719,253500
'15MA',8601,53719,260600
'15MA',8601,53719,263700
'15MF1',8601,53719,63200
'15MF1',8601,53719,70500
'15MF1',8601,53719,73700
'15MF1',8601,53719,81200
'15MF1',8601,53719,84400
'15MF1',8601,53719,90800
'15MF1',8601,53719,93600
'15MF1',8601,53719,100400
'15MF1',8601,53719,103400
'15MF1',8601,53719,110400
'15MF1',8601,53719,113400
'15MF1',8601,53719,120400
'15MF1',8601,53719,123400
'15MF1',8601,53719,130400
'15MF1',8601,53719,133400
'15MF1',8601,53719,140400
'15MF1',8601,53719,143500
'15MF1',8601,53719,150700
'15MF1',8601,53719,153700
'15MF1',8601,53719,160700
'15MF1',8601,53719,163800
'15MF1',8601,53719,170800
'15MF1',8601,53719,173700
'15MF1',8601,53719,180500
'15MF1',8601,53719,183200
'15MF1',8601,53719,190000
'15MF1',8601,53719,193000
'15MF1',8601,53719,200000
'15MF1',8601,53719,202900
'15MF1',8601,53719,205900
'15MF1',8601,53719,212900
'15MF1',8601,53719,215900
'15MF1',8601,53719,222900
'15MF1',8601,53719,225900
'15MF1',8601,53719,232600
'15MF1',8601,53719,235600
'15MF1',8601,53719,242600
'15MF1',8601,53719,245600
'15MF1',8601,53719,252600
'15MF1',8601,53719,255600
'15MF1',8601,53719,262600
'15MF2',8601,53719,63200
'15MF2',8601,53719,70500
'15MF2',8601,53719,73700
'15MF2',8601,53719,81200
'15MF2',8601,53719,84400
'15MF2',8601,53719,90800
'15MF2',8601,53719,93600
'15MF2',8601,53719,100400
'15MF2',8601,53719,103400
'15MF2',8601,53719,110400
'15MF2',8601,53719,113400
'15MF2',8601,53719,120400
'15MF2',8601,53719,123400
'15MF2',8601,53719,130400
'15MF2',8601,53719,133400
'15MF2',8601,53719,140400
'15MF2',8601,53719,143500
'15MF2',8601,53719,150700
'15MF2',8601,53719,153700
'15MF2',8601,53719,160700
'15MF2',8601,53719,163800
'15MF2',8601,53719,170800
'15MF2',8601,53719,173700
'15MF2',8601,53719,180500
'15MF2',8601,53719,183200
'15MF2',8601,53719,190000
'15MF2',8601,53719,193000
'15MF2',8601,53719,200000
'15MF2',8601,53719,202900
'15MF2',8601,53719,205900
'15MF2',8601,53719,212900
'15MF2',8601,53719,215900
'15MF2',8601,53719,222900
'15MF2',8601,53719,225900
'15MF2',8601,53719,232600
'15MF2',8601,53719,235600
'15MF2',8601,53719,242600
'15MF2',8601,53719,245600
'15MF2',8601,53719,252600
'15MF2',8601,53719,255600
'15MF2',8601,53719,262600
'15MF3',8601,53719,63600
'15MF3',8601,53719,70900
'15MF3',8601,53719,74000
'15MF3',8601,53719,81100
'15MF3',8601,53719,84400
'15MF3',8601,53719,91800
'15MF3',8601,53719,94800
'15MF3',8601,53719,101900
'15MF3',8601,53719,105100
'15MF3',8601,53719,112500
'15MF3',8601,53719,115500
'15MF3',8601,53719,122700
'15MF3',8601,53719,125900
'15MF3',8601,53719,133300
'15MF3',8601,53719,140500
'15MF3',8601,53719,143700
'15MF3',8601,53719,151100
'15MF3',8601,53719,154500
'15MF3',8601,53719,161700
'15MF3',8601,53719,165000
'15MF3',8601,53719,172300
'15MF3',8601,53719,175300
'15MF3',8601,53719,182600
'15MF3',8601,53719,185900
'15MF3',8601,53719,193200
'15MF3',8601,53719,200300
'15MF3',8601,53719,203300
'15MF3',8601,53719,210300
'15MF3',8601,53719,213500
'15MF3',8601,53719,220600
'15MF3',8601,53719,223500
'15MF3',8601,53719,230500
'15MF3',8601,53719,233500
'15MF3',8601,53719,240500
'15MF3',8601,53719,243500
'15MF3',8601,53719,250400
'15MF3',8601,53719,253300
'15MF3',8601,53719,260200
'15MF3',8601,53719,262700
'15MI',8601,53719,63600
'15MI',8601,53719,70900
'15MI',8601,53719,74000
'15MI',8601,53719,81100
'15MI',8601,53719,84400
'15MI',8601,53719,91800
'15MI',8601,53719,94800
'15MI',8601,53719,101900
'15MI',8601,53719,105100
'15MI',8601,53719,112500
'15MI',8601,53719,115500
'15MI',8601,53719,122700
'15MI',8601,53719,125900
'15MI',8601,53719,133300
'15MI',8601,53719,140500
'15MI',8601,53719,143700
'15MI',8601,53719,151100
'15MI',8601,53719,154500
'15MI',8601,53719,161700
'15MI',8601,53719,165000
'15MI',8601,53719,172300
'15MI',8601,53719,175300
'15MI',8601,53719,182600
'15MI',8601,53719,185900
'15MI',8601,53719,193200
'15MI',8601,53719,200300
'15MI',8601,53719,203300
'15MI',8601,53719,210300
'15MI',8601,53719,213500
'15MI',8601,53719,220600
'15MI',8601,53719,223500
'15MI',8601,53719,230500
'15MI',8601,53719,233500
'15MI',8601,53719,240500
'15MI',8601,53719,243500
'15MI',8601,53719,250400
'15MI',8601,53719,253300
'15MI',8601,53719,260200
'15MI',8601,53719,262700
'15MS',8601,53719,63200
'15MS',8601,53719,70500
'15MS',8601,53719,73700
'15MS',8601,53719,81200
'15MS',8601,53719,84400
'15MS',8601,53719,90800
'15MS',8601,53719,93600
'15MS',8601,53719,100400
'15MS',8601,53719,103400
'15MS',8601,53719,110400
'15MS',8601,53719,113400
'15MS',8601,53719,120400
'15MS',8601,53719,123400
'15MS',8601,53719,130400
'15MS',8601,53719,133400
'15MS',8601,53719,140400
'15MS',8601,53719,143500
'15MS',8601,53719,150700
'15MS',8601,53719,153700
'15MS',8601,53719,160700
'15MS',8601,53719,163800
'15MS',8601,53719,170800
'15MS',8601,53719,173700
'15MS',8601,53719,180500
'15MS',8601,53719,183200
'15MS',8601,53719,190000
'15MS',8601,53719,193000
'15MS',8601,53719,200000
'15MS',8601,53719,202900
'15MS',8601,53719,205900
'15MS',8601,53719,212900
'15MS',8601,53719,215900
'15MS',8601,53719,222900
'15MS',8601,53719,225900
'15MS',8601,53719,232600
'15MS',8601,53719,235600
'15MS',8601,53719,242600
'15MS',8601,53719,245600
'15MS',8601,53719,252600
'15MS',8601,53719,255600
'15MS',8601,53719,262600
'15MA',18702,53719,45000
'15MA',18702,53719,52400
'15MA',18702,53719,55700
'15MA',18702,53719,63000
'15MA',18702,53719,65500
'15MA',18702,53719,71700
'15MA',18702,53719,73700
'15MA',18702,53719,75200
'15MA',18702,53719,80700
'15MA',18702,53719,82200
'15MA',18702,53719,84000
'15MA',18702,53719,85800
'15MA',18702,53719,91600
'15MA',18702,53719,93400
'15MA',18702,53719,95200
'15MA',18702,53719,101000
'15MA',18702,53719,102800
'15MA',18702,53719,104600
'15MA',18702,53719,110400
'15MA',18702,53719,112200
'15MA',18702,53719,113900
'15MA',18702,53719,115600
'15MA',18702,53719,121100
'15MA',18702,53719,122600
'15MA',18702,53719,124100
'15MA',18702,53719,125500
'15MA',18702,53719,131000
'15MA',18702,53719,132500
'15MA',18702,53719,133900
'15MA',18702,53719,135300
'15MA',18702,53719,140800
'15MA',18702,53719,142600
'15MA',18702,53719,144400
'15MA',18702,53719,150100
'15MA',18702,53719,151900
'15MA',18702,53719,153700
'15MA',18702,53719,155500
'15MA',18702,53719,161300
'15MA',18702,53719,163000
'15MA',18702,53719,165400
'15MA',18702,53719,171700
'15MA',18702,53719,174700
'15MA',18702,53719,181600
'15MA',18702,53719,184400
'15MA',18702,53719,191400
'15MA',18702,53719,194300
'15MA',18702,53719,201300
'15MA',18702,53719,204200
'15MA',18702,53719,211200
'15MA',18702,53719,214200
'15MA',18702,53719,221200
'15MA',18702,53719,224200
'15MA',18702,53719,231200
'15MA',18702,53719,234200
'15MA',18702,53719,241200
'15MA',18702,53719,244200
'15MA',18702,53719,251100
'15MF1',18702,53719,44600
'15MF1',18702,53719,50300
'15MF1',18702,53719,51800
'15MF1',18702,53719,53300
'15MF1',18702,53719,54300
'15MF1',18702,53719,55300
'15MF1',18702,53719,60300
'15MF1',18702,53719,61300
'15MF1',18702,53719,62300
'15MF1',18702,53719,63300
'15MF1',18702,53719,64300
'15MF1',18702,53719,65300
'15MF1',18702,53719,70300
'15MF1',18702,53719,71300
'15MF1',18702,53719,72300
'15MF1',18702,53719,73300
'15MF1',18702,53719,74300
'15MF1',18702,53719,75300
'15MF1',18702,53719,80300
'15MF1',18702,53719,81300
'15MF1',18702,53719,82300
'15MF1',18702,53719,83500
'15MF1',18702,53719,84700
'15MF1',18702,53719,85900
'15MF1',18702,53719,91100
'15MF1',18702,53719,92300
'15MF1',18702,53719,93500
'15MF1',18702,53719,94700
'15MF1',18702,53719,95900
'15MF1',18702,53719,101100
'15MF1',18702,53719,102300
'15MF1',18702,53719,103500
'15MF1',18702,53719,104700
'15MF1',18702,53719,105900
'15MF1',18702,53719,111100
'15MF1',18702,53719,112300
'15MF1',18702,53719,113500
'15MF1',18702,53719,114700
'15MF1',18702,53719,115900
'15MF1',18702,53719,121100
'15MF1',18702,53719,122300
'15MF1',18702,53719,123500
'15MF1',18702,53719,124700
'15MF1',18702,53719,125900
'15MF1',18702,53719,131100
'15MF1',18702,53719,132300
'15MF1',18702,53719,133500
'15MF1',18702,53719,134700
'15MF1',18702,53719,140100
'15MF1',18702,53719,141500
'15MF1',18702,53719,143500
'15MF1',18702,53719,145600
'15MF1',18702,53719,151700
'15MF1',18702,53719,154400
'15MF1',18702,53719,161300
'15MF1',18702,53719,164300
'15MF1',18702,53719,171300
'15MF1',18702,53719,174300
'15MF1',18702,53719,181100
'15MF1',18702,53719,184100
'15MF1',18702,53719,191100
'15MF1',18702,53719,194100
'15MF1',18702,53719,201100
'15MF1',18702,53719,204100
'15MF1',18702,53719,211200
'15MF1',18702,53719,214400
'15MF1',18702,53719,221600
'15MF1',18702,53719,224700
'15MF1',18702,53719,231800
'15MF1',18702,53719,235000
'15MF1',18702,53719,242200
'15MF1',18702,53719,245400
'15MF2',18702,53719,44600
'15MF2',18702,53719,50300
'15MF2',18702,53719,51800
'15MF2',18702,53719,53300
'15MF2',18702,53719,54300
'15MF2',18702,53719,55300
'15MF2',18702,53719,60300
'15MF2',18702,53719,61300
'15MF2',18702,53719,62300
'15MF2',18702,53719,63300
'15MF2',18702,53719,64300
'15MF2',18702,53719,65300
'15MF2',18702,53719,70300
'15MF2',18702,53719,71300
'15MF2',18702,53719,72300
'15MF2',18702,53719,73300
'15MF2',18702,53719,74300
'15MF2',18702,53719,75300
'15MF2',18702,53719,80300
'15MF2',18702,53719,81300
'15MF2',18702,53719,82300
'15MF2',18702,53719,83500
'15MF2',18702,53719,84700
'15MF2',18702,53719,85900
'15MF2',18702,53719,91100
'15MF2',18702,53719,92300
'15MF2',18702,53719,93500
'15MF2',18702,53719,94700
'15MF2',18702,53719,95900
'15MF2',18702,53719,101100
'15MF2',18702,53719,102300
'15MF2',18702,53719,103500
'15MF2',18702,53719,104700
'15MF2',18702,53719,105900
'15MF2',18702,53719,111100
'15MF2',18702,53719,112300
'15MF2',18702,53719,113500
'15MF2',18702,53719,114700
'15MF2',18702,53719,115900
'15MF2',18702,53719,121100
'15MF2',18702,53719,122300
'15MF2',18702,53719,123500
'15MF2',18702,53719,124700
'15MF2',18702,53719,125900
'15MF2',18702,53719,131100
'15MF2',18702,53719,132300
'15MF2',18702,53719,133500
'15MF2',18702,53719,134700
'15MF2',18702,53719,140100
'15MF2',18702,53719,141500
'15MF2',18702,53719,143500
'15MF2',18702,53719,145600
'15MF2',18702,53719,151700
'15MF2',18702,53719,154400
'15MF2',18702,53719,161300
'15MF2',18702,53719,164300
'15MF2',18702,53719,171300
'15MF2',18702,53719,174300
'15MF2',18702,53719,181100
'15MF2',18702,53719,184100
'15MF2',18702,53719,191100
'15MF2',18702,53719,194100
'15MF2',18702,53719,201100
'15MF2',18702,53719,204100
'15MF2',18702,53719,211200
'15MF2',18702,53719,214400
'15MF2',18702,53719,221600
'15MF2',18702,53719,224700
'15MF2',18702,53719,231800
'15MF2',18702,53719,235000
'15MF2',18702,53719,242200
'15MF2',18702,53719,245400
'15MF3',18702,53719,44500
'15MF3',18702,53719,51800
'15MF3',18702,53719,55100
'15MF3',18702,53719,62300
'15MF3',18702,53719,65500
'15MF3',18702,53719,72600
'15MF3',18702,53719,74900
'15MF3',18702,53719,81100
'15MF3',18702,53719,83300
'15MF3',18702,53719,85200
'15MF3',18702,53719,91200
'15MF3',18702,53719,93300
'15MF3',18702,53719,95300
'15MF3',18702,53719,101300
'15MF3',18702,53719,103300
'15MF3',18702,53719,105300
'15MF3',18702,53719,111300
'15MF3',18702,53719,113300
'15MF3',18702,53719,115300
'15MF3',18702,53719,121300
'15MF3',18702,53719,123300
'15MF3',18702,53719,125300
'15MF3',18702,53719,131300
'15MF3',18702,53719,133300
'15MF3',18702,53719,135500
'15MF3',18702,53719,141800
'15MF3',18702,53719,144100
'15MF3',18702,53719,150400
'15MF3',18702,53719,152800
'15MF3',18702,53719,155800
'15MF3',18702,53719,162800
'15MF3',18702,53719,165800
'15MF3',18702,53719,172700
'15MF3',18702,53719,175600
'15MF3',18702,53719,182500
'15MF3',18702,53719,185500
'15MF3',18702,53719,192500
'15MF3',18702,53719,195500
'15MF3',18702,53719,202500
'15MF3',18702,53719,205500
'15MF3',18702,53719,212500
'15MF3',18702,53719,215500
'15MF3',18702,53719,222500
'15MF3',18702,53719,225500
'15MF3',18702,53719,232500
'15MF3',18702,53719,235600
'15MF3',18702,53719,242600
'15MF3',18702,53719,245300
'15MI',18702,53719,44500
'15MI',18702,53719,51800
'15MI',18702,53719,55100
'15MI',18702,53719,62300
'15MI',18702,53719,65500
'15MI',18702,53719,72600
'15MI',18702,53719,74900
'15MI',18702,53719,81100
'15MI',18702,53719,83300
'15MI',18702,53719,85200
'15MI',18702,53719,91200
'15MI',18702,53719,93300
'15MI',18702,53719,95300
'15MI',18702,53719,101300
'15MI',18702,53719,103300
'15MI',18702,53719,105300
'15MI',18702,53719,111300
'15MI',18702,53719,113300
'15MI',18702,53719,115300
'15MI',18702,53719,121300
'15MI',18702,53719,123300
'15MI',18702,53719,125300
'15MI',18702,53719,131300
'15MI',18702,53719,133300
'15MI',18702,53719,135500
'15MI',18702,53719,141800
'15MI',18702,53719,144100
'15MI',18702,53719,150400
'15MI',18702,53719,152800
'15MI',18702,53719,155800
'15MI',18702,53719,162800
'15MI',18702,53719,165800
'15MI',18702,53719,172700
'15MI',18702,53719,175600
'15MI',18702,53719,182500
'15MI',18702,53719,185500
'15MI',18702,53719,192500
'15MI',18702,53719,195500
'15MI',18702,53719,202500
'15MI',18702,53719,205500
'15MI',18702,53719,212500
'15MI',18702,53719,215500
'15MI',18702,53719,222500
'15MI',18702,53719,225500
'15MI',18702,53719,232500
'15MI',18702,53719,235600
'15MI',18702,53719,242600
'15MI',18702,53719,245300
'15MS',18702,53719,44600
'15MS',18702,53719,50300
'15MS',18702,53719,51800
'15MS',18702,53719,53300
'15MS',18702,53719,54300
'15MS',18702,53719,55300
'15MS',18702,53719,60300
'15MS',18702,53719,61300
'15MS',18702,53719,62300
'15MS',18702,53719,63300
'15MS',18702,53719,64300
'15MS',18702,53719,65300
'15MS',18702,53719,70300
'15MS',18702,53719,71100
'15MS',18702,53719,71800
'15MS',18702,53719,72600
'15MS',18702,53719,73300
'15MS',18702,53719,74300
'15MS',18702,53719,75300
'15MS',18702,53719,80300
'15MS',18702,53719,81300
'15MS',18702,53719,82300
'15MS',18702,53719,83300
'15MS',18702,53719,84300
'15MS',18702,53719,85300
'15MS',18702,53719,90300
'15MS',18702,53719,91300
'15MS',18702,53719,92300
'15MS',18702,53719,93300
'15MS',18702,53719,94300
'15MS',18702,53719,95300
'15MS',18702,53719,100300
'15MS',18702,53719,101300
'15MS',18702,53719,102300
'15MS',18702,53719,103300
'15MS',18702,53719,104300
'15MS',18702,53719,105300
'15MS',18702,53719,110300
'15MS',18702,53719,111300
'15MS',18702,53719,112300
'15MS',18702,53719,113300
'15MS',18702,53719,114300
'15MS',18702,53719,115300
'15MS',18702,53719,120300
'15MS',18702,53719,121300
'15MS',18702,53719,122300
'15MS',18702,53719,123300
'15MS',18702,53719,124300
'15MS',18702,53719,125300
'15MS',18702,53719,130300
'15MS',18702,53719,131300
'15MS',18702,53719,132300
'15MS',18702,53719,133300
'15MS',18702,53719,134300
'15MS',18702,53719,135300
'15MS',18702,53719,141400
'15MS',18702,53719,143500
'15MS',18702,53719,145600
'15MS',18702,53719,151700
'15MS',18702,53719,154400
'15MS',18702,53719,161300
'15MS',18702,53719,164300
'15MS',18702,53719,171300
'15MS',18702,53719,174300
'15MS',18702,53719,181100
'15MS',18702,53719,184100
'15MS',18702,53719,191100
'15MS',18702,53719,194100
'15MS',18702,53719,201100
'15MS',18702,53719,204100
'15MS',18702,53719,211200
'15MS',18702,53719,214400
'15MS',18702,53719,221600
'15MS',18702,53719,224700
'15MS',18702,53719,231800
'15MS',18702,53719,235000
'15MS',18702,53719,242200
'15MS',18702,53719,245400
