'14SA',3602,52169,45900
'14SA',3602,52169,53700
'14SA',3602,52169,61500
'14SA',3602,52169,65300
'14SA',3602,52169,73100
'14SA',3602,52169,80900
'14SA',3602,52169,84700
'14SA',3602,52169,92600
'14SA',3602,52169,100600
'14SA',3602,52169,104600
'14SA',3602,52169,112600
'14SA',3602,52169,120700
'14SA',3602,52169,124700
'14SA',3602,52169,132800
'14SA',3602,52169,140800
'14SA',3602,52169,144900
'14SA',3602,52169,152900
'14SA',3602,52169,161000
'14SA',3602,52169,165000
'14SA',3602,52169,173100
'14SA',3602,52169,181100
'14SA',3602,52169,185200
'14SA',3602,52169,193200
'14SA',3602,52169,201400
'14SA',3602,52169,205700
'14SA',3602,52169,214000
'14SA',3602,52169,222400
'14SA',3602,52169,230800
'14SA',3602,52169,235200
'14SA',3602,52169,243500
'14SF1',3602,52169,50000
'14SF1',3602,52169,53700
'14SF1',3602,52169,61400
'14SF1',3602,52169,65100
'14SF1',3602,52169,72800
'14SF1',3602,52169,80500
'14SF1',3602,52169,84300
'14SF1',3602,52169,92100
'14SF1',3602,52169,95900
'14SF1',3602,52169,103900
'14SF1',3602,52169,111900
'14SF1',3602,52169,115900
'14SF1',3602,52169,123900
'14SF1',3602,52169,132000
'14SF1',3602,52169,140100
'14SF1',3602,52169,144100
'14SF1',3602,52169,152200
'14SF1',3602,52169,160300
'14SF1',3602,52169,164400
'14SF1',3602,52169,172400
'14SF1',3602,52169,180500
'14SF1',3602,52169,184600
'14SF1',3602,52169,192800
'14SF1',3602,52169,201200
'14SF1',3602,52169,205600
'14SF1',3602,52169,214000
'14SF1',3602,52169,222400
'14SF1',3602,52169,230800
'14SF1',3602,52169,235200
'14SF1',3602,52169,243500
'14SF2',3602,52169,50000
'14SF2',3602,52169,53700
'14SF2',3602,52169,61400
'14SF2',3602,52169,65100
'14SF2',3602,52169,72800
'14SF2',3602,52169,80500
'14SF2',3602,52169,84300
'14SF2',3602,52169,92100
'14SF2',3602,52169,95900
'14SF2',3602,52169,103900
'14SF2',3602,52169,111900
'14SF2',3602,52169,115900
'14SF2',3602,52169,123900
'14SF2',3602,52169,132000
'14SF2',3602,52169,140100
'14SF2',3602,52169,144100
'14SF2',3602,52169,152200
'14SF2',3602,52169,160300
'14SF2',3602,52169,164400
'14SF2',3602,52169,172400
'14SF2',3602,52169,180500
'14SF2',3602,52169,184600
'14SF2',3602,52169,192800
'14SF2',3602,52169,201200
'14SF2',3602,52169,205600
'14SF2',3602,52169,214000
'14SF2',3602,52169,222400
'14SF2',3602,52169,230800
'14SF2',3602,52169,235200
'14SF2',3602,52169,243500
'14SI',3602,52169,50000
'14SI',3602,52169,53700
'14SI',3602,52169,61400
'14SI',3602,52169,65100
'14SI',3602,52169,72800
'14SI',3602,52169,80500
'14SI',3602,52169,84300
'14SI',3602,52169,92100
'14SI',3602,52169,95900
'14SI',3602,52169,103900
'14SI',3602,52169,111900
'14SI',3602,52169,115900
'14SI',3602,52169,123900
'14SI',3602,52169,132000
'14SI',3602,52169,140100
'14SI',3602,52169,144100
'14SI',3602,52169,152200
'14SI',3602,52169,160300
'14SI',3602,52169,164400
'14SI',3602,52169,172400
'14SI',3602,52169,180500
'14SI',3602,52169,184600
'14SI',3602,52169,192800
'14SI',3602,52169,201200
'14SI',3602,52169,205600
'14SI',3602,52169,214000
'14SI',3602,52169,222400
'14SI',3602,52169,230800
'14SI',3602,52169,235200
'14SI',3602,52169,243500
'14SS',3602,52169,45500
'14SS',3602,52169,52500
'14SS',3602,52169,55500
'14SS',3602,52169,62500
'14SS',3602,52169,65600
'14SS',3602,52169,72700
'14SS',3602,52169,75900
'14SS',3602,52169,82900
'14SS',3602,52169,85800
'14SS',3602,52169,92800
'14SS',3602,52169,95800
'14SS',3602,52169,102700
'14SS',3602,52169,105700
'14SS',3602,52169,112700
'14SS',3602,52169,115800
'14SS',3602,52169,122900
'14SS',3602,52169,125900
'14SS',3602,52169,133000
'14SS',3602,52169,140000
'14SS',3602,52169,143200
'14SS',3602,52169,150300
'14SS',3602,52169,153300
'14SS',3602,52169,160500
'14SS',3602,52169,163500
'14SS',3602,52169,170500
'14SS',3602,52169,173400
'14SS',3602,52169,180400
'14SS',3602,52169,182900
'14SS',3602,52169,185800
'14SS',3602,52169,192600
'14SS',3602,52169,195600
'14SS',3602,52169,202600
'14SS',3602,52169,205600
'14SS',3602,52169,213600
'14SS',3602,52169,222100
'14SS',3602,52169,230600
'14SS',3602,52169,235100
'14SS',3602,52169,243500
'14SA',7103,52169,54500
'14SA',7103,52169,61300
'14SA',7103,52169,64100
'14SA',7103,52169,70900
'14SA',7103,52169,73700
'14SA',7103,52169,80500
'14SA',7103,52169,83300
'14SA',7103,52169,90100
'14SA',7103,52169,92900
'14SA',7103,52169,95800
'14SA',7103,52169,102600
'14SA',7103,52169,105500
'14SA',7103,52169,112300
'14SA',7103,52169,115200
'14SA',7103,52169,122100
'14SA',7103,52169,125000
'14SA',7103,52169,131900
'14SA',7103,52169,134900
'14SA',7103,52169,141900
'14SA',7103,52169,144900
'14SA',7103,52169,151900
'14SA',7103,52169,154900
'14SA',7103,52169,161900
'14SA',7103,52169,164900
'14SA',7103,52169,171900
'14SA',7103,52169,174900
'14SA',7103,52169,181900
'14SA',7103,52169,184900
'14SA',7103,52169,191900
'14SA',7103,52169,194800
'14SA',7103,52169,201700
'14SA',7103,52169,204500
'14SA',7103,52169,211300
'14SA',7103,52169,214000
'14SA',7103,52169,220800
'14SA',7103,52169,223500
'14SF1',7103,52169,54500
'14SF1',7103,52169,61300
'14SF1',7103,52169,64100
'14SF1',7103,52169,70900
'14SF1',7103,52169,73700
'14SF1',7103,52169,80500
'14SF1',7103,52169,83300
'14SF1',7103,52169,90100
'14SF1',7103,52169,93000
'14SF1',7103,52169,95800
'14SF1',7103,52169,102600
'14SF1',7103,52169,105400
'14SF1',7103,52169,112200
'14SF1',7103,52169,115000
'14SF1',7103,52169,121800
'14SF1',7103,52169,124600
'14SF1',7103,52169,131400
'14SF1',7103,52169,134200
'14SF1',7103,52169,141000
'14SF1',7103,52169,143900
'14SF1',7103,52169,150800
'14SF1',7103,52169,153600
'14SF1',7103,52169,160400
'14SF1',7103,52169,163200
'14SF1',7103,52169,170000
'14SF1',7103,52169,172800
'14SF1',7103,52169,175600
'14SF1',7103,52169,182400
'14SF1',7103,52169,185100
'14SF1',7103,52169,191900
'14SF1',7103,52169,194700
'14SF1',7103,52169,201500
'14SF1',7103,52169,204300
'14SF1',7103,52169,211000
'14SF1',7103,52169,213800
'14SF1',7103,52169,220600
'14SF1',7103,52169,223400
'14SF2',7103,52169,54500
'14SF2',7103,52169,61300
'14SF2',7103,52169,64100
'14SF2',7103,52169,70900
'14SF2',7103,52169,73700
'14SF2',7103,52169,80500
'14SF2',7103,52169,83300
'14SF2',7103,52169,90100
'14SF2',7103,52169,93000
'14SF2',7103,52169,95800
'14SF2',7103,52169,102600
'14SF2',7103,52169,105400
'14SF2',7103,52169,112200
'14SF2',7103,52169,115000
'14SF2',7103,52169,121800
'14SF2',7103,52169,124600
'14SF2',7103,52169,131400
'14SF2',7103,52169,134200
'14SF2',7103,52169,141000
'14SF2',7103,52169,143900
'14SF2',7103,52169,150800
'14SF2',7103,52169,153600
'14SF2',7103,52169,160400
'14SF2',7103,52169,163200
'14SF2',7103,52169,170000
'14SF2',7103,52169,172800
'14SF2',7103,52169,175600
'14SF2',7103,52169,182400
'14SF2',7103,52169,185100
'14SF2',7103,52169,191900
'14SF2',7103,52169,194700
'14SF2',7103,52169,201500
'14SF2',7103,52169,204300
'14SF2',7103,52169,211000
'14SF2',7103,52169,213800
'14SF2',7103,52169,220600
'14SF2',7103,52169,223400
'14SI',7103,52169,54500
'14SI',7103,52169,61300
'14SI',7103,52169,64100
'14SI',7103,52169,70900
'14SI',7103,52169,73700
'14SI',7103,52169,80500
'14SI',7103,52169,83300
'14SI',7103,52169,90100
'14SI',7103,52169,93000
'14SI',7103,52169,95800
'14SI',7103,52169,102600
'14SI',7103,52169,105400
'14SI',7103,52169,112200
'14SI',7103,52169,115000
'14SI',7103,52169,121800
'14SI',7103,52169,124600
'14SI',7103,52169,131400
'14SI',7103,52169,134200
'14SI',7103,52169,141000
'14SI',7103,52169,143900
'14SI',7103,52169,150800
'14SI',7103,52169,153600
'14SI',7103,52169,160400
'14SI',7103,52169,163200
'14SI',7103,52169,170000
'14SI',7103,52169,172800
'14SI',7103,52169,175600
'14SI',7103,52169,182400
'14SI',7103,52169,185100
'14SI',7103,52169,191900
'14SI',7103,52169,194700
'14SI',7103,52169,201500
'14SI',7103,52169,204300
'14SI',7103,52169,211000
'14SI',7103,52169,213800
'14SI',7103,52169,220600
'14SI',7103,52169,223400
'14SS',7103,52169,54600
'14SS',7103,52169,61400
'14SS',7103,52169,64300
'14SS',7103,52169,71200
'14SS',7103,52169,74600
'14SS',7103,52169,81600
'14SS',7103,52169,84700
'14SS',7103,52169,91800
'14SS',7103,52169,94900
'14SS',7103,52169,101900
'14SS',7103,52169,104900
'14SS',7103,52169,111900
'14SS',7103,52169,114900
'14SS',7103,52169,121900
'14SS',7103,52169,124900
'14SS',7103,52169,131900
'14SS',7103,52169,134900
'14SS',7103,52169,141900
'14SS',7103,52169,144800
'14SS',7103,52169,151800
'14SS',7103,52169,154900
'14SS',7103,52169,162100
'14SS',7103,52169,165300
'14SS',7103,52169,172500
'14SS',7103,52169,175600
'14SS',7103,52169,182700
'14SS',7103,52169,185800
'14SS',7103,52169,192700
'14SS',7103,52169,195600
'14SS',7103,52169,202400
'14SS',7103,52169,205300
'14SS',7103,52169,212000
'14SS',7103,52169,214800
'14SS',7103,52169,221500
'14SS',7103,52169,224200
