'14MS',1703,50377,51400
'14MS',1703,50377,54600
'14MS',1703,50377,61400
'14MS',1703,50377,64100
'14MS',1703,50377,70800
'14MS',1703,50377,74000
'14MS',1703,50377,81600
'14MS',1703,50377,84900
'14MS',1703,50377,92000
'14MS',1703,50377,95600
'14MS',1703,50377,103200
'14MS',1703,50377,111800
'14MS',1703,50377,120500
'14MS',1703,50377,125100
'14MS',1703,50377,133900
'14MS',1703,50377,142700
'14MS',1703,50377,151300
'14MS',1703,50377,154800
'14MS',1703,50377,162200
'14MS',1703,50377,165200
'14MS',1703,50377,172300
'14MS',1703,50377,175300
'14MS',1703,50377,182300
'14MS',1703,50377,185100
'14MS',1703,50377,191700
'14MS',1703,50377,194900
'14MS',1703,50377,202500
'14MS',1703,50377,210200
'14MS',1703,50377,213900
'14MS',1703,50377,221600
'14MS',1703,50377,225000
'14MS',1703,50377,232300
'14MS',1703,50377,235500
'14MS',1703,50377,242600
'14MS',1703,50377,245600
'14MS',1703,50410,51300
'14MS',1703,50410,54500
'14MS',1703,50410,61300
'14MS',1703,50410,64000
'14MS',1703,50410,70700
'14MS',1703,50410,73900
'14MS',1703,50410,81500
'14MS',1703,50410,84800
'14MS',1703,50410,91900
'14MS',1703,50410,95500
'14MS',1703,50410,103100
'14MS',1703,50410,111700
'14MS',1703,50410,120400
'14MS',1703,50410,125000
'14MS',1703,50410,133800
'14MS',1703,50410,142600
'14MS',1703,50410,151200
'14MS',1703,50410,154700
'14MS',1703,50410,162100
'14MS',1703,50410,165100
'14MS',1703,50410,172200
'14MS',1703,50410,175200
'14MS',1703,50410,182200
'14MS',1703,50410,185000
'14MS',1703,50410,191600
'14MS',1703,50410,194900
'14MS',1703,50410,202500
'14MS',1703,50410,210200
'14MS',1703,50410,213900
'14MS',1703,50410,221500
'14MS',1703,50410,225000
'14MS',1703,50410,232300
'14MS',1703,50410,235500
'14MS',1703,50410,242600
'14MS',1703,50410,245600
'14MS',1703,50435,51200
'14MS',1703,50435,54400
'14MS',1703,50435,61300
'14MS',1703,50435,64000
'14MS',1703,50435,70700
'14MS',1703,50435,73800
'14MS',1703,50435,81400
'14MS',1703,50435,84700
'14MS',1703,50435,91800
'14MS',1703,50435,95400
'14MS',1703,50435,103000
'14MS',1703,50435,111600
'14MS',1703,50435,120300
'14MS',1703,50435,124900
'14MS',1703,50435,133700
'14MS',1703,50435,142500
'14MS',1703,50435,151100
'14MS',1703,50435,154500
'14MS',1703,50435,161900
'14MS',1703,50435,164900
'14MS',1703,50435,172000
'14MS',1703,50435,175100
'14MS',1703,50435,182100
'14MS',1703,50435,185000
'14MS',1703,50435,191600
'14MS',1703,50435,194800
'14MS',1703,50435,202400
'14MS',1703,50435,210100
'14MS',1703,50435,213800
'14MS',1703,50435,221500
'14MS',1703,50435,224900
'14MS',1703,50435,232200
'14MS',1703,50435,235400
'14MS',1703,50435,242500
'14MS',1703,50435,245500
'14MS',1703,50475,51100
'14MS',1703,50475,54300
'14MS',1703,50475,61200
'14MS',1703,50475,63900
'14MS',1703,50475,70600
'14MS',1703,50475,73700
'14MS',1703,50475,81300
'14MS',1703,50475,84600
'14MS',1703,50475,91700
'14MS',1703,50475,95300
'14MS',1703,50475,102900
'14MS',1703,50475,111500
'14MS',1703,50475,120200
'14MS',1703,50475,124800
'14MS',1703,50475,133600
'14MS',1703,50475,142400
'14MS',1703,50475,151000
'14MS',1703,50475,154400
'14MS',1703,50475,161800
'14MS',1703,50475,164800
'14MS',1703,50475,171900
'14MS',1703,50475,175000
'14MS',1703,50475,182000
'14MS',1703,50475,184900
'14MS',1703,50475,191500
'14MS',1703,50475,194700
'14MS',1703,50475,202300
'14MS',1703,50475,210000
'14MS',1703,50475,213700
'14MS',1703,50475,221400
'14MS',1703,50475,224900
'14MS',1703,50475,232200
'14MS',1703,50475,235400
'14MS',1703,50475,242500
'14MS',1703,50475,245500
'14MS',1703,50506,51100
'14MS',1703,50506,54300
'14MS',1703,50506,61100
'14MS',1703,50506,63800
'14MS',1703,50506,70500
'14MS',1703,50506,73600
'14MS',1703,50506,81200
'14MS',1703,50506,84500
'14MS',1703,50506,91600
'14MS',1703,50506,95200
'14MS',1703,50506,102800
'14MS',1703,50506,111400
'14MS',1703,50506,120100
'14MS',1703,50506,124700
'14MS',1703,50506,133500
'14MS',1703,50506,142300
'14MS',1703,50506,150900
'14MS',1703,50506,154300
'14MS',1703,50506,161700
'14MS',1703,50506,164700
'14MS',1703,50506,171800
'14MS',1703,50506,174900
'14MS',1703,50506,181900
'14MS',1703,50506,184800
'14MS',1703,50506,191400
'14MS',1703,50506,194600
'14MS',1703,50506,202200
'14MS',1703,50506,205900
'14MS',1703,50506,213600
'14MS',1703,50506,221300
'14MS',1703,50506,224800
'14MS',1703,50506,232100
'14MS',1703,50506,235300
'14MS',1703,50506,242400
'14MS',1703,50506,245400
'14MS',1703,50510,51100
'14MS',1703,50510,54300
'14MS',1703,50510,61100
'14MS',1703,50510,63800
'14MS',1703,50510,70500
'14MS',1703,50510,73700
'14MS',1703,50510,81300
'14MS',1703,50510,84500
'14MS',1703,50510,91600
'14MS',1703,50510,95200
'14MS',1703,50510,102800
'14MS',1703,50510,111400
'14MS',1703,50510,120100
'14MS',1703,50510,124700
'14MS',1703,50510,133500
'14MS',1703,50510,142300
'14MS',1703,50510,150900
'14MS',1703,50510,154300
'14MS',1703,50510,161700
'14MS',1703,50510,164700
'14MS',1703,50510,171800
'14MS',1703,50510,174900
'14MS',1703,50510,181900
'14MS',1703,50510,184800
'14MS',1703,50510,191400
'14MS',1703,50510,194700
'14MS',1703,50510,202300
'14MS',1703,50510,210000
'14MS',1703,50510,213700
'14MS',1703,50510,221400
'14MS',1703,50510,224800
'14MS',1703,50510,232100
'14MS',1703,50510,235300
'14MS',1703,50510,242400
'14MS',1703,50510,245400
'14MS',1703,50591,50900
'14MS',1703,50591,54100
'14MS',1703,50591,60900
'14MS',1703,50591,63600
'14MS',1703,50591,70300
'14MS',1703,50591,73400
'14MS',1703,50591,81000
'14MS',1703,50591,84300
'14MS',1703,50591,91400
'14MS',1703,50591,95000
'14MS',1703,50591,102600
'14MS',1703,50591,111200
'14MS',1703,50591,115900
'14MS',1703,50591,124500
'14MS',1703,50591,133300
'14MS',1703,50591,142100
'14MS',1703,50591,150700
'14MS',1703,50591,154000
'14MS',1703,50591,161400
'14MS',1703,50591,164400
'14MS',1703,50591,171500
'14MS',1703,50591,174600
'14MS',1703,50591,181700
'14MS',1703,50591,184600
'14MS',1703,50591,191200
'14MS',1703,50591,194500
'14MS',1703,50591,202100
'14MS',1703,50591,205800
'14MS',1703,50591,213500
'14MS',1703,50591,221200
'14MS',1703,50591,224700
'14MS',1703,50591,232000
'14MS',1703,50591,235200
'14MS',1703,50591,242300
'14MS',1703,50591,245300
'14MS',1703,50628,50800
'14MS',1703,50628,54000
'14MS',1703,50628,60800
'14MS',1703,50628,63500
'14MS',1703,50628,70200
'14MS',1703,50628,73300
'14MS',1703,50628,80900
'14MS',1703,50628,84200
'14MS',1703,50628,91300
'14MS',1703,50628,94900
'14MS',1703,50628,102500
'14MS',1703,50628,111100
'14MS',1703,50628,115800
'14MS',1703,50628,124400
'14MS',1703,50628,133200
'14MS',1703,50628,142000
'14MS',1703,50628,150600
'14MS',1703,50628,153900
'14MS',1703,50628,161300
'14MS',1703,50628,164300
'14MS',1703,50628,171400
'14MS',1703,50628,174500
'14MS',1703,50628,181600
'14MS',1703,50628,184500
'14MS',1703,50628,191100
'14MS',1703,50628,194400
'14MS',1703,50628,202000
'14MS',1703,50628,205700
'14MS',1703,50628,213400
'14MS',1703,50628,221100
'14MS',1703,50628,224600
'14MS',1703,50628,231900
'14MS',1703,50628,235100
'14MS',1703,50628,242200
'14MS',1703,50628,245200
'14MS',1703,50700,50700
'14MS',1703,50700,53900
'14MS',1703,50700,60700
'14MS',1703,50700,63400
'14MS',1703,50700,70100
'14MS',1703,50700,73200
'14MS',1703,50700,80800
'14MS',1703,50700,84100
'14MS',1703,50700,91200
'14MS',1703,50700,94800
'14MS',1703,50700,102400
'14MS',1703,50700,111000
'14MS',1703,50700,115700
'14MS',1703,50700,124300
'14MS',1703,50700,133100
'14MS',1703,50700,141900
'14MS',1703,50700,150500
'14MS',1703,50700,153800
'14MS',1703,50700,161200
'14MS',1703,50700,164200
'14MS',1703,50700,171300
'14MS',1703,50700,174400
'14MS',1703,50700,181500
'14MS',1703,50700,184400
'14MS',1703,50700,191000
'14MS',1703,50700,194300
'14MS',1703,50700,201900
'14MS',1703,50700,205600
'14MS',1703,50700,213300
'14MS',1703,50700,221000
'14MS',1703,50700,224500
'14MS',1703,50700,231800
'14MS',1703,50700,235000
'14MS',1703,50700,242100
'14MS',1703,50700,245100
'14MS',1703,50790,50700
'14MS',1703,50790,53900
'14MS',1703,50790,60700
'14MS',1703,50790,63300
'14MS',1703,50790,70000
'14MS',1703,50790,73100
'14MS',1703,50790,80700
'14MS',1703,50790,84000
'14MS',1703,50790,91100
'14MS',1703,50790,94700
'14MS',1703,50790,102300
'14MS',1703,50790,110900
'14MS',1703,50790,115600
'14MS',1703,50790,124200
'14MS',1703,50790,133000
'14MS',1703,50790,141800
'14MS',1703,50790,150400
'14MS',1703,50790,153700
'14MS',1703,50790,161100
'14MS',1703,50790,164100
'14MS',1703,50790,171200
'14MS',1703,50790,174300
'14MS',1703,50790,181400
'14MS',1703,50790,184400
'14MS',1703,50790,191000
'14MS',1703,50790,194300
'14MS',1703,50790,201900
'14MS',1703,50790,205600
'14MS',1703,50790,213300
'14MS',1703,50790,221000
'14MS',1703,50790,224500
'14MS',1703,50790,231800
'14MS',1703,50790,235000
'14MS',1703,50790,242100
'14MS',1703,50790,245100
'14MS',1703,50835,50700
'14MS',1703,50835,53800
'14MS',1703,50835,60600
'14MS',1703,50835,63300
'14MS',1703,50835,65900
'14MS',1703,50835,73000
'14MS',1703,50835,80600
'14MS',1703,50835,83900
'14MS',1703,50835,91100
'14MS',1703,50835,94700
'14MS',1703,50835,102300
'14MS',1703,50835,110900
'14MS',1703,50835,115600
'14MS',1703,50835,124200
'14MS',1703,50835,133000
'14MS',1703,50835,141800
'14MS',1703,50835,150400
'14MS',1703,50835,153700
'14MS',1703,50835,161000
'14MS',1703,50835,164000
'14MS',1703,50835,171100
'14MS',1703,50835,174200
'14MS',1703,50835,181300
'14MS',1703,50835,184300
'14MS',1703,50835,191000
'14MS',1703,50835,194300
'14MS',1703,50835,201900
'14MS',1703,50835,205600
'14MS',1703,50835,213300
'14MS',1703,50835,221000
'14MS',1703,50835,224500
'14MS',1703,50835,231800
'14MS',1703,50835,235000
'14MS',1703,50835,242100
'14MS',1703,50835,245100
'14MS',1703,50905,50600
'14MS',1703,50905,53700
'14MS',1703,50905,60500
'14MS',1703,50905,63200
'14MS',1703,50905,65800
'14MS',1703,50905,72900
'14MS',1703,50905,80500
'14MS',1703,50905,83800
'14MS',1703,50905,91000
'14MS',1703,50905,94600
'14MS',1703,50905,102200
'14MS',1703,50905,110800
'14MS',1703,50905,115500
'14MS',1703,50905,124100
'14MS',1703,50905,132900
'14MS',1703,50905,141700
'14MS',1703,50905,150300
'14MS',1703,50905,153600
'14MS',1703,50905,160900
'14MS',1703,50905,163900
'14MS',1703,50905,171000
'14MS',1703,50905,174100
'14MS',1703,50905,181200
'14MS',1703,50905,184200
'14MS',1703,50905,190900
'14MS',1703,50905,194200
'14MS',1703,50905,201800
'14MS',1703,50905,205500
'14MS',1703,50905,213200
'14MS',1703,50905,220900
'14MS',1703,50905,224400
'14MS',1703,50905,231700
'14MS',1703,50905,234900
'14MS',1703,50905,242000
'14MS',1703,50905,245000
'14MS',1703,50950,50600
'14MS',1703,50950,53700
'14MS',1703,50950,60500
'14MS',1703,50950,63100
'14MS',1703,50950,65700
'14MS',1703,50950,72800
'14MS',1703,50950,80400
'14MS',1703,50950,83700
'14MS',1703,50950,90900
'14MS',1703,50950,94500
'14MS',1703,50950,102100
'14MS',1703,50950,110700
'14MS',1703,50950,115400
'14MS',1703,50950,124000
'14MS',1703,50950,132800
'14MS',1703,50950,141600
'14MS',1703,50950,150200
'14MS',1703,50950,153500
'14MS',1703,50950,160800
'14MS',1703,50950,163800
'14MS',1703,50950,170900
'14MS',1703,50950,174000
'14MS',1703,50950,181100
'14MS',1703,50950,184200
'14MS',1703,50950,190900
'14MS',1703,50950,194200
'14MS',1703,50950,201800
'14MS',1703,50950,205500
'14MS',1703,50950,213200
'14MS',1703,50950,220900
'14MS',1703,50950,224400
'14MS',1703,50950,231700
'14MS',1703,50950,234900
'14MS',1703,50950,242000
'14MS',1703,50950,245000
'14MS',1703,51018,50500
'14MS',1703,51018,53600
'14MS',1703,51018,60400
'14MS',1703,51018,63000
'14MS',1703,51018,65600
'14MS',1703,51018,72700
'14MS',1703,51018,80300
'14MS',1703,51018,83600
'14MS',1703,51018,90800
'14MS',1703,51018,94400
'14MS',1703,51018,102000
'14MS',1703,51018,110600
'14MS',1703,51018,115300
'14MS',1703,51018,123900
'14MS',1703,51018,132700
'14MS',1703,51018,141500
'14MS',1703,51018,150100
'14MS',1703,51018,153400
'14MS',1703,51018,160700
'14MS',1703,51018,163700
'14MS',1703,51018,170800
'14MS',1703,51018,173900
'14MS',1703,51018,181000
'14MS',1703,51018,184100
'14MS',1703,51018,190800
'14MS',1703,51018,194100
'14MS',1703,51018,201700
'14MS',1703,51018,205400
'14MS',1703,51018,213100
'14MS',1703,51018,220800
'14MS',1703,51018,224300
'14MS',1703,51018,231600
'14MS',1703,51018,234800
'14MS',1703,51018,241900
'14MS',1703,51018,244900
'14MS',1703,51073,50400
'14MS',1703,51073,53500
'14MS',1703,51073,60300
'14MS',1703,51073,62900
'14MS',1703,51073,65500
'14MS',1703,51073,72600
'14MS',1703,51073,80200
'14MS',1703,51073,83500
'14MS',1703,51073,90700
'14MS',1703,51073,94300
'14MS',1703,51073,101900
'14MS',1703,51073,110500
'14MS',1703,51073,115200
'14MS',1703,51073,123800
'14MS',1703,51073,132600
'14MS',1703,51073,141400
'14MS',1703,51073,150000
'14MS',1703,51073,153300
'14MS',1703,51073,160600
'14MS',1703,51073,163600
'14MS',1703,51073,170700
'14MS',1703,51073,173800
'14MS',1703,51073,180900
'14MS',1703,51073,184000
'14MS',1703,51073,190700
'14MS',1703,51073,194000
'14MS',1703,51073,201600
'14MS',1703,51073,205300
'14MS',1703,51073,213000
'14MS',1703,51073,220700
'14MS',1703,51073,224200
'14MS',1703,51073,231500
'14MS',1703,51073,234700
'14MS',1703,51073,241800
'14MS',1703,51073,244800
'14MS',1703,51128,50200
'14MS',1703,51128,53300
'14MS',1703,51128,60100
'14MS',1703,51128,62700
'14MS',1703,51128,65300
'14MS',1703,51128,72300
'14MS',1703,51128,75800
'14MS',1703,51128,83100
'14MS',1703,51128,90400
'14MS',1703,51128,94000
'14MS',1703,51128,101600
'14MS',1703,51128,110200
'14MS',1703,51128,114900
'14MS',1703,51128,123500
'14MS',1703,51128,132300
'14MS',1703,51128,141100
'14MS',1703,51128,145700
'14MS',1703,51128,153000
'14MS',1703,51128,160300
'14MS',1703,51128,163300
'14MS',1703,51128,170400
'14MS',1703,51128,173500
'14MS',1703,51128,180600
'14MS',1703,51128,183700
'14MS',1703,51128,190600
'14MS',1703,51128,193900
'14MS',1703,51128,201500
'14MS',1703,51128,205200
'14MS',1703,51128,212900
'14MS',1703,51128,220600
'14MS',1703,51128,224100
'14MS',1703,51128,231400
'14MS',1703,51128,234600
'14MS',1703,51128,241700
'14MS',1703,51128,244700
'14MS',1703,51136,50300
'14MS',1703,51136,53400
'14MS',1703,51136,60200
'14MS',1703,51136,62800
'14MS',1703,51136,65300
'14MS',1703,51136,72400
'14MS',1703,51136,75900
'14MS',1703,51136,83100
'14MS',1703,51136,90500
'14MS',1703,51136,94100
'14MS',1703,51136,101700
'14MS',1703,51136,110300
'14MS',1703,51136,115000
'14MS',1703,51136,123600
'14MS',1703,51136,132400
'14MS',1703,51136,141200
'14MS',1703,51136,145800
'14MS',1703,51136,153100
'14MS',1703,51136,160300
'14MS',1703,51136,163300
'14MS',1703,51136,170400
'14MS',1703,51136,173500
'14MS',1703,51136,180600
'14MS',1703,51136,183800
'14MS',1703,51136,190600
'14MS',1703,51136,193900
'14MS',1703,51136,201500
'14MS',1703,51136,205200
'14MS',1703,51136,212900
'14MS',1703,51136,220600
'14MS',1703,51136,224100
'14MS',1703,51136,231400
'14MS',1703,51136,234600
'14MS',1703,51136,241700
'14MS',1703,51136,244700
'14MS',1703,51169,50400
'14MS',1703,51169,53500
'14MS',1703,51169,60300
'14MS',1703,51169,62900
'14MS',1703,51169,65400
'14MS',1703,51169,72500
'14MS',1703,51169,80000
'14MS',1703,51169,83300
'14MS',1703,51169,90600
'14MS',1703,51169,94200
'14MS',1703,51169,101800
'14MS',1703,51169,110400
'14MS',1703,51169,115100
'14MS',1703,51169,123700
'14MS',1703,51169,132500
'14MS',1703,51169,141300
'14MS',1703,51169,145900
'14MS',1703,51169,153200
'14MS',1703,51169,160500
'14MS',1703,51169,163500
'14MS',1703,51169,170600
'14MS',1703,51169,173700
'14MS',1703,51169,180800
'14MS',1703,51169,183900
'14MS',1703,51169,190700
'14MS',1703,51169,194000
'14MS',1703,51169,201600
'14MS',1703,51169,205300
'14MS',1703,51169,213000
'14MS',1703,51169,220700
'14MS',1703,51169,224200
'14MS',1703,51169,231500
'14MS',1703,51169,234700
'14MS',1703,51169,241800
'14MS',1703,51169,244800
'14MS',1703,51201,50200
'14MS',1703,51201,53300
'14MS',1703,51201,60100
'14MS',1703,51201,62700
'14MS',1703,51201,65200
'14MS',1703,51201,72200
'14MS',1703,51201,75700
'14MS',1703,51201,82900
'14MS',1703,51201,90300
'14MS',1703,51201,93900
'14MS',1703,51201,101500
'14MS',1703,51201,110100
'14MS',1703,51201,114800
'14MS',1703,51201,123400
'14MS',1703,51201,132200
'14MS',1703,51201,141000
'14MS',1703,51201,145600
'14MS',1703,51201,152900
'14MS',1703,51201,160200
'14MS',1703,51201,163200
'14MS',1703,51201,170300
'14MS',1703,51201,173400
'14MS',1703,51201,180500
'14MS',1703,51201,183600
'14MS',1703,51201,190500
'14MS',1703,51201,193800
'14MS',1703,51201,201400
'14MS',1703,51201,205100
'14MS',1703,51201,212800
'14MS',1703,51201,220500
'14MS',1703,51201,224000
'14MS',1703,51201,231300
'14MS',1703,51201,234500
'14MS',1703,51201,241600
'14MS',1703,51201,244600
'14MS',1703,51235,50100
'14MS',1703,51235,53200
'14MS',1703,51235,60000
'14MS',1703,51235,62600
'14MS',1703,51235,65100
'14MS',1703,51235,72200
'14MS',1703,51235,75600
'14MS',1703,51235,82800
'14MS',1703,51235,90300
'14MS',1703,51235,93900
'14MS',1703,51235,101500
'14MS',1703,51235,110100
'14MS',1703,51235,114800
'14MS',1703,51235,123400
'14MS',1703,51235,132200
'14MS',1703,51235,141000
'14MS',1703,51235,145600
'14MS',1703,51235,152900
'14MS',1703,51235,160100
'14MS',1703,51235,163100
'14MS',1703,51235,170200
'14MS',1703,51235,173300
'14MS',1703,51235,180400
'14MS',1703,51235,183600
'14MS',1703,51235,190500
'14MS',1703,51235,193800
'14MS',1703,51235,201400
'14MS',1703,51235,205100
'14MS',1703,51235,212800
'14MS',1703,51235,220500
'14MS',1703,51235,224000
'14MS',1703,51235,231300
'14MS',1703,51235,234500
'14MS',1703,51235,241600
'14MS',1703,51235,244600
'14MS',1703,51291,50000
'14MS',1703,51291,53100
'14MS',1703,51291,55900
'14MS',1703,51291,62500
'14MS',1703,51291,65100
'14MS',1703,51291,72100
'14MS',1703,51291,75500
'14MS',1703,51291,82700
'14MS',1703,51291,90200
'14MS',1703,51291,93800
'14MS',1703,51291,101400
'14MS',1703,51291,110000
'14MS',1703,51291,114700
'14MS',1703,51291,123300
'14MS',1703,51291,132100
'14MS',1703,51291,140900
'14MS',1703,51291,145500
'14MS',1703,51291,152800
'14MS',1703,51291,160000
'14MS',1703,51291,163000
'14MS',1703,51291,170100
'14MS',1703,51291,173200
'14MS',1703,51291,180300
'14MS',1703,51291,183500
'14MS',1703,51291,190400
'14MS',1703,51291,193700
'14MS',1703,51291,201300
'14MS',1703,51291,205000
'14MS',1703,51291,212700
'14MS',1703,51291,220400
'14MS',1703,51291,223900
'14MS',1703,51291,231200
'14MS',1703,51291,234400
'14MS',1703,51291,241500
'14MS',1703,51291,244500
'14MS',1703,51334,50000
'14MS',1703,51334,53100
'14MS',1703,51334,55900
'14MS',1703,51334,62500
'14MS',1703,51334,65000
'14MS',1703,51334,72000
'14MS',1703,51334,75400
'14MS',1703,51334,82600
'14MS',1703,51334,90100
'14MS',1703,51334,93700
'14MS',1703,51334,101300
'14MS',1703,51334,105900
'14MS',1703,51334,114600
'14MS',1703,51334,123200
'14MS',1703,51334,132000
'14MS',1703,51334,140800
'14MS',1703,51334,145400
'14MS',1703,51334,152700
'14MS',1703,51334,155900
'14MS',1703,51334,162900
'14MS',1703,51334,170000
'14MS',1703,51334,173100
'14MS',1703,51334,180200
'14MS',1703,51334,183400
'14MS',1703,51334,190400
'14MS',1703,51334,193700
'14MS',1703,51334,201300
'14MS',1703,51334,205000
'14MS',1703,51334,212700
'14MS',1703,51334,220400
'14MS',1703,51334,223900
'14MS',1703,51334,231200
'14MS',1703,51334,234400
'14MS',1703,51334,241500
'14MS',1703,51334,244500
'14MS',1703,51396,45900
'14MS',1703,51396,53000
'14MS',1703,51396,55800
'14MS',1703,51396,62400
'14MS',1703,51396,64900
'14MS',1703,51396,71900
'14MS',1703,51396,75200
'14MS',1703,51396,82400
'14MS',1703,51396,90000
'14MS',1703,51396,93600
'14MS',1703,51396,101200
'14MS',1703,51396,105800
'14MS',1703,51396,114500
'14MS',1703,51396,123100
'14MS',1703,51396,131900
'14MS',1703,51396,140700
'14MS',1703,51396,145300
'14MS',1703,51396,152600
'14MS',1703,51396,155800
'14MS',1703,51396,162800
'14MS',1703,51396,165900
'14MS',1703,51396,173000
'14MS',1703,51396,180100
'14MS',1703,51396,183300
'14MS',1703,51396,190300
'14MS',1703,51396,193600
'14MS',1703,51396,201200
'14MS',1703,51396,204900
'14MS',1703,51396,212600
'14MS',1703,51396,220300
'14MS',1703,51396,223800
'14MS',1703,51396,231100
'14MS',1703,51396,234300
'14MS',1703,51396,241400
'14MS',1703,51396,244400
'14MS',1703,51460,45800
'14MS',1703,51460,52900
'14MS',1703,51460,55700
'14MS',1703,51460,62200
'14MS',1703,51460,64700
'14MS',1703,51460,71700
'14MS',1703,51460,75000
'14MS',1703,51460,82200
'14MS',1703,51460,85800
'14MS',1703,51460,93400
'14MS',1703,51460,101000
'14MS',1703,51460,105600
'14MS',1703,51460,114300
'14MS',1703,51460,122900
'14MS',1703,51460,131700
'14MS',1703,51460,140500
'14MS',1703,51460,145100
'14MS',1703,51460,152400
'14MS',1703,51460,155600
'14MS',1703,51460,162600
'14MS',1703,51460,165700
'14MS',1703,51460,172800
'14MS',1703,51460,175900
'14MS',1703,51460,183100
'14MS',1703,51460,190200
'14MS',1703,51460,193500
'14MS',1703,51460,201100
'14MS',1703,51460,204800
'14MS',1703,51460,212500
'14MS',1703,51460,220200
'14MS',1703,51460,223700
'14MS',1703,51460,231000
'14MS',1703,51460,234200
'14MS',1703,51460,241300
'14MS',1703,51460,244300
'14MS',1703,51523,45700
'14MS',1703,51523,52800
'14MS',1703,51523,55600
'14MS',1703,51523,62100
'14MS',1703,51523,64600
'14MS',1703,51523,71600
'14MS',1703,51523,74900
'14MS',1703,51523,82100
'14MS',1703,51523,85700
'14MS',1703,51523,93300
'14MS',1703,51523,100900
'14MS',1703,51523,105500
'14MS',1703,51523,114200
'14MS',1703,51523,122800
'14MS',1703,51523,131600
'14MS',1703,51523,140400
'14MS',1703,51523,145000
'14MS',1703,51523,152300
'14MS',1703,51523,155500
'14MS',1703,51523,162500
'14MS',1703,51523,165600
'14MS',1703,51523,172700
'14MS',1703,51523,175800
'14MS',1703,51523,183000
'14MS',1703,51523,190100
'14MS',1703,51523,193400
'14MS',1703,51523,201000
'14MS',1703,51523,204700
'14MS',1703,51523,212400
'14MS',1703,51523,220100
'14MS',1703,51523,223600
'14MS',1703,51523,230900
'14MS',1703,51523,234100
'14MS',1703,51523,241200
'14MS',1703,51523,244200
'14MS',1703,51701,45500
'14MS',1703,51701,52600
'14MS',1703,51701,55400
'14MS',1703,51701,61900
'14MS',1703,51701,64400
'14MS',1703,51701,71400
'14MS',1703,51701,74700
'14MS',1703,51701,81900
'14MS',1703,51701,85500
'14MS',1703,51701,93100
'14MS',1703,51701,100700
'14MS',1703,51701,105300
'14MS',1703,51701,114000
'14MS',1703,51701,122600
'14MS',1703,51701,131400
'14MS',1703,51701,140200
'14MS',1703,51701,144800
'14MS',1703,51701,152100
'14MS',1703,51701,155200
'14MS',1703,51701,162200
'14MS',1703,51701,165300
'14MS',1703,51701,172400
'14MS',1703,51701,175500
'14MS',1703,51701,182800
'14MS',1703,51701,185900
'14MS',1703,51701,193200
'14MS',1703,51701,200800
'14MS',1703,51701,204500
'14MS',1703,51701,212200
'14MS',1703,51701,215900
'14MS',1703,51701,223400
'14MS',1703,51701,230700
'14MS',1703,51701,233900
'14MS',1703,51701,241000
'14MS',1703,51701,244000
'14MS',1703,51789,45400
'14MS',1703,51789,52500
'14MS',1703,51789,55300
'14MS',1703,51789,61700
'14MS',1703,51789,64200
'14MS',1703,51789,71200
'14MS',1703,51789,74500
'14MS',1703,51789,81700
'14MS',1703,51789,85300
'14MS',1703,51789,92900
'14MS',1703,51789,100500
'14MS',1703,51789,105100
'14MS',1703,51789,113800
'14MS',1703,51789,122400
'14MS',1703,51789,131200
'14MS',1703,51789,140000
'14MS',1703,51789,144600
'14MS',1703,51789,151900
'14MS',1703,51789,155000
'14MS',1703,51789,162000
'14MS',1703,51789,165100
'14MS',1703,51789,172200
'14MS',1703,51789,175300
'14MS',1703,51789,182600
'14MS',1703,51789,185700
'14MS',1703,51789,193000
'14MS',1703,51789,200600
'14MS',1703,51789,204300
'14MS',1703,51789,212000
'14MS',1703,51789,215700
'14MS',1703,51789,223200
'14MS',1703,51789,230600
'14MS',1703,51789,233800
'14MS',1703,51789,240900
'14MS',1703,51789,243900
'14MS',1703,51851,45300
'14MS',1703,51851,52400
'14MS',1703,51851,55200
'14MS',1703,51851,61700
'14MS',1703,51851,64200
'14MS',1703,51851,71200
'14MS',1703,51851,74500
'14MS',1703,51851,81600
'14MS',1703,51851,85200
'14MS',1703,51851,92800
'14MS',1703,51851,100400
'14MS',1703,51851,105000
'14MS',1703,51851,113700
'14MS',1703,51851,122300
'14MS',1703,51851,131100
'14MS',1703,51851,135900
'14MS',1703,51851,144500
'14MS',1703,51851,151800
'14MS',1703,51851,154900
'14MS',1703,51851,161900
'14MS',1703,51851,165000
'14MS',1703,51851,172100
'14MS',1703,51851,175200
'14MS',1703,51851,182500
'14MS',1703,51851,185600
'14MS',1703,51851,192900
'14MS',1703,51851,200500
'14MS',1703,51851,204200
'14MS',1703,51851,211900
'14MS',1703,51851,215600
'14MS',1703,51851,223100
'14MS',1703,51851,230500
'14MS',1703,51851,233700
'14MS',1703,51851,240800
'14MS',1703,51851,243800
'14MS',1703,51885,45200
'14MS',1703,51885,52300
'14MS',1703,51885,55100
'14MS',1703,51885,61600
'14MS',1703,51885,64100
'14MS',1703,51885,71100
'14MS',1703,51885,74400
'14MS',1703,51885,81500
'14MS',1703,51885,85100
'14MS',1703,51885,92700
'14MS',1703,51885,100300
'14MS',1703,51885,104900
'14MS',1703,51885,113600
'14MS',1703,51885,122200
'14MS',1703,51885,131000
'14MS',1703,51885,135800
'14MS',1703,51885,144400
'14MS',1703,51885,151700
'14MS',1703,51885,154800
'14MS',1703,51885,161800
'14MS',1703,51885,164900
'14MS',1703,51885,172000
'14MS',1703,51885,175100
'14MS',1703,51885,182400
'14MS',1703,51885,185600
'14MS',1703,51885,192900
'14MS',1703,51885,200500
'14MS',1703,51885,204200
'14MS',1703,51885,211900
'14MS',1703,51885,215600
'14MS',1703,51885,223100
'14MS',1703,51885,230400
'14MS',1703,51885,233600
'14MS',1703,51885,240700
'14MS',1703,51885,243700
'14MS',1703,51916,45200
'14MS',1703,51916,52300
'14MS',1703,51916,55100
'14MS',1703,51916,61500
'14MS',1703,51916,64000
'14MS',1703,51916,71000
'14MS',1703,51916,74300
'14MS',1703,51916,81400
'14MS',1703,51916,85000
'14MS',1703,51916,92600
'14MS',1703,51916,100200
'14MS',1703,51916,104800
'14MS',1703,51916,113500
'14MS',1703,51916,122100
'14MS',1703,51916,130900
'14MS',1703,51916,135700
'14MS',1703,51916,144300
'14MS',1703,51916,151600
'14MS',1703,51916,154700
'14MS',1703,51916,161700
'14MS',1703,51916,164800
'14MS',1703,51916,171900
'14MS',1703,51916,175000
'14MS',1703,51916,182300
'14MS',1703,51916,185500
'14MS',1703,51916,192800
'14MS',1703,51916,200400
'14MS',1703,51916,204100
'14MS',1703,51916,211800
'14MS',1703,51916,215500
'14MS',1703,51916,223000
'14MS',1703,51916,230400
'14MS',1703,51916,233600
'14MS',1703,51916,240700
'14MS',1703,51916,243700
'14MS',1703,51986,45100
'14MS',1703,51986,52200
'14MS',1703,51986,55000
'14MS',1703,51986,61400
'14MS',1703,51986,63900
'14MS',1703,51986,70900
'14MS',1703,51986,74200
'14MS',1703,51986,81300
'14MS',1703,51986,84900
'14MS',1703,51986,92500
'14MS',1703,51986,100100
'14MS',1703,51986,104700
'14MS',1703,51986,113400
'14MS',1703,51986,122000
'14MS',1703,51986,130800
'14MS',1703,51986,135600
'14MS',1703,51986,144200
'14MS',1703,51986,151500
'14MS',1703,51986,154600
'14MS',1703,51986,161600
'14MS',1703,51986,164700
'14MS',1703,51986,171800
'14MS',1703,51986,174900
'14MS',1703,51986,182200
'14MS',1703,51986,185400
'14MS',1703,51986,192700
'14MS',1703,51986,200300
'14MS',1703,51986,204000
'14MS',1703,51986,211700
'14MS',1703,51986,215400
'14MS',1703,51986,222900
'14MS',1703,51986,230300
'14MS',1703,51986,233500
'14MS',1703,51986,240600
'14MS',1703,51986,243600
'14MS',1703,55658,52300
'14MS',1703,55658,55500
'14MS',1703,55658,62400
'14MS',1703,55658,65100
'14MS',1703,55658,71800
'14MS',1703,55658,75100
'14MS',1703,55658,82700
'14MS',1703,55658,85900
'14MS',1703,55658,93000
'14MS',1703,55658,100600
'14MS',1703,55658,104200
'14MS',1703,55658,112800
'14MS',1703,55658,121500
'14MS',1703,55658,130100
'14MS',1703,55658,134900
'14MS',1703,55658,143600
'14MS',1703,55658,152300
'14MS',1703,55658,160100
'14MS',1703,55658,163500
'14MS',1703,55658,170500
'14MS',1703,55658,173600
'14MS',1703,55658,180500
'14MS',1703,55658,183300
'14MS',1703,55658,190100
'14MS',1703,55658,192700
'14MS',1703,55658,195800
'14MS',1703,55658,203400
'14MS',1703,55658,211100
'14MS',1703,55658,214800
'14MS',1703,55658,222400
'14MS',1703,55658,225700
'14MS',1703,55658,233000
'14MS',1703,55658,240200
'14MS',1703,55658,243300
'14MS',1703,55658,250300
'14MS',1703,55675,52200
'14MS',1703,55675,55400
'14MS',1703,55675,62300
'14MS',1703,55675,65000
'14MS',1703,55675,71700
'14MS',1703,55675,75000
'14MS',1703,55675,82600
'14MS',1703,55675,85800
'14MS',1703,55675,92900
'14MS',1703,55675,100500
'14MS',1703,55675,104100
'14MS',1703,55675,112700
'14MS',1703,55675,121400
'14MS',1703,55675,130000
'14MS',1703,55675,134800
'14MS',1703,55675,143600
'14MS',1703,55675,152200
'14MS',1703,55675,160000
'14MS',1703,55675,163400
'14MS',1703,55675,170400
'14MS',1703,55675,173500
'14MS',1703,55675,180400
'14MS',1703,55675,183200
'14MS',1703,55675,190000
'14MS',1703,55675,192600
'14MS',1703,55675,195700
'14MS',1703,55675,203300
'14MS',1703,55675,211000
'14MS',1703,55675,214700
'14MS',1703,55675,222300
'14MS',1703,55675,225600
'14MS',1703,55675,232900
'14MS',1703,55675,240100
'14MS',1703,55675,243200
'14MS',1703,55675,250200
'14MS',1703,55703,52100
'14MS',1703,55703,55300
'14MS',1703,55703,62100
'14MS',1703,55703,64800
'14MS',1703,55703,71500
'14MS',1703,55703,74900
'14MS',1703,55703,82500
'14MS',1703,55703,85700
'14MS',1703,55703,92800
'14MS',1703,55703,100400
'14MS',1703,55703,104000
'14MS',1703,55703,112600
'14MS',1703,55703,121300
'14MS',1703,55703,125900
'14MS',1703,55703,134700
'14MS',1703,55703,143400
'14MS',1703,55703,152100
'14MS',1703,55703,155800
'14MS',1703,55703,163200
'14MS',1703,55703,170200
'14MS',1703,55703,173300
'14MS',1703,55703,180200
'14MS',1703,55703,183100
'14MS',1703,55703,185800
'14MS',1703,55703,192400
'14MS',1703,55703,195600
'14MS',1703,55703,203200
'14MS',1703,55703,210900
'14MS',1703,55703,214600
'14MS',1703,55703,222200
'14MS',1703,55703,225500
'14MS',1703,55703,232800
'14MS',1703,55703,240000
'14MS',1703,55703,243100
'14MS',1703,55703,250100
'14MS',1703,55717,52000
'14MS',1703,55717,55200
'14MS',1703,55717,62100
'14MS',1703,55717,64800
'14MS',1703,55717,71500
'14MS',1703,55717,74800
'14MS',1703,55717,82400
'14MS',1703,55717,85600
'14MS',1703,55717,92700
'14MS',1703,55717,100300
'14MS',1703,55717,103900
'14MS',1703,55717,112500
'14MS',1703,55717,121200
'14MS',1703,55717,125800
'14MS',1703,55717,134600
'14MS',1703,55717,143300
'14MS',1703,55717,152000
'14MS',1703,55717,155700
'14MS',1703,55717,163100
'14MS',1703,55717,170100
'14MS',1703,55717,173200
'14MS',1703,55717,180100
'14MS',1703,55717,183000
'14MS',1703,55717,185800
'14MS',1703,55717,192400
'14MS',1703,55717,195500
'14MS',1703,55717,203100
'14MS',1703,55717,210800
'14MS',1703,55717,214500
'14MS',1703,55717,222100
'14MS',1703,55717,225500
'14MS',1703,55717,232800
'14MS',1703,55717,240000
'14MS',1703,55717,243100
'14MS',1703,55717,250100
'14MS',1703,55827,51900
'14MS',1703,55827,55100
'14MS',1703,55827,61900
'14MS',1703,55827,64600
'14MS',1703,55827,71300
'14MS',1703,55827,74600
'14MS',1703,55827,82200
'14MS',1703,55827,85500
'14MS',1703,55827,92600
'14MS',1703,55827,100200
'14MS',1703,55827,103800
'14MS',1703,55827,112400
'14MS',1703,55827,121100
'14MS',1703,55827,125700
'14MS',1703,55827,134500
'14MS',1703,55827,143200
'14MS',1703,55827,151900
'14MS',1703,55827,155500
'14MS',1703,55827,162900
'14MS',1703,55827,165900
'14MS',1703,55827,173000
'14MS',1703,55827,180000
'14MS',1703,55827,182900
'14MS',1703,55827,185600
'14MS',1703,55827,192200
'14MS',1703,55827,195400
'14MS',1703,55827,203000
'14MS',1703,55827,210700
'14MS',1703,55827,214400
'14MS',1703,55827,222000
'14MS',1703,55827,225400
'14MS',1703,55827,232700
'14MS',1703,55827,235900
'14MS',1703,55827,243000
'14MS',1703,55827,250000
'14MS',1703,56023,51500
'14MS',1703,56023,54700
'14MS',1703,56023,61500
'14MS',1703,56023,64200
'14MS',1703,56023,70900
'14MS',1703,56023,74100
'14MS',1703,56023,81700
'14MS',1703,56023,85000
'14MS',1703,56023,92100
'14MS',1703,56023,95700
'14MS',1703,56023,103300
'14MS',1703,56023,111900
'14MS',1703,56023,120600
'14MS',1703,56023,125200
'14MS',1703,56023,134000
'14MS',1703,56023,142800
'14MS',1703,56023,151400
'14MS',1703,56023,154900
'14MS',1703,56023,162300
'14MS',1703,56023,165300
'14MS',1703,56023,172400
'14MS',1703,56023,175400
'14MS',1703,56023,182400
'14MS',1703,56023,185200
'14MS',1703,56023,191800
'14MS',1703,56023,195000
'14MS',1703,56023,202600
'14MS',1703,56023,210300
'14MS',1703,56023,214000
'14MS',1703,56023,221700
'14MS',1703,56023,225100
'14MS',1703,56023,232400
'14MS',1703,56023,235600
'14MS',1703,56023,242700
'14MS',1703,56023,245700
'14MS',1703,60288,52400
'14MS',1703,60288,55600
'14MS',1703,60288,62500
'14MS',1703,60288,65200
'14MS',1703,60288,71900
'14MS',1703,60288,75300
'14MS',1703,60288,82900
'14MS',1703,60288,90100
'14MS',1703,60288,93200
'14MS',1703,60288,100800
'14MS',1703,60288,104400
'14MS',1703,60288,113000
'14MS',1703,60288,121700
'14MS',1703,60288,130300
'14MS',1703,60288,135100
'14MS',1703,60288,143800
'14MS',1703,60288,152500
'14MS',1703,60288,160300
'14MS',1703,60288,163700
'14MS',1703,60288,170700
'14MS',1703,60288,173800
'14MS',1703,60288,180700
'14MS',1703,60288,183500
'14MS',1703,60288,190200
'14MS',1703,60288,192800
'14MS',1703,60288,195900
'14MS',1703,60288,203500
'14MS',1703,60288,211200
'14MS',1703,60288,214900
'14MS',1703,60288,222500
'14MS',1703,60288,225800
'14MS',1703,60288,233100
'14MS',1703,60288,240300
'14MS',1703,60288,243400
'14MS',1703,60288,250400
'14MS',1704,50398,51800
'14MS',1704,50398,54500
'14MS',1704,50398,61300
'14MS',1704,50398,64000
'14MS',1704,50398,70700
'14MS',1704,50398,73600
'14MS',1704,50398,81100
'14MS',1704,50398,84700
'14MS',1704,50398,91900
'14MS',1704,50398,94900
'14MS',1704,50398,102500
'14MS',1704,50398,110100
'14MS',1704,50398,114700
'14MS',1704,50398,123500
'14MS',1704,50398,132200
'14MS',1704,50398,140900
'14MS',1704,50398,145700
'14MS',1704,50398,152800
'14MS',1704,50398,160100
'14MS',1704,50398,163200
'14MS',1704,50398,170200
'14MS',1704,50398,173100
'14MS',1704,50398,180000
'14MS',1704,50398,182800
'14MS',1704,50398,185800
'14MS',1704,50398,193500
'14MS',1704,50398,201400
'14MS',1704,50398,205000
'14MS',1704,50398,212800
'14MS',1704,50398,220400
'14MS',1704,50398,224000
'14MS',1704,50398,231300
'14MS',1704,50398,234500
'14MS',1704,50398,241600
'14MS',1704,50398,244700
'14MS',1704,50436,51900
'14MS',1704,50436,54600
'14MS',1704,50436,61300
'14MS',1704,50436,64100
'14MS',1704,50436,70800
'14MS',1704,50436,73700
'14MS',1704,50436,81200
'14MS',1704,50436,84800
'14MS',1704,50436,92000
'14MS',1704,50436,95000
'14MS',1704,50436,102600
'14MS',1704,50436,110200
'14MS',1704,50436,114800
'14MS',1704,50436,123600
'14MS',1704,50436,132300
'14MS',1704,50436,141000
'14MS',1704,50436,145800
'14MS',1704,50436,152900
'14MS',1704,50436,160200
'14MS',1704,50436,163300
'14MS',1704,50436,170300
'14MS',1704,50436,173200
'14MS',1704,50436,180100
'14MS',1704,50436,182900
'14MS',1704,50436,185800
'14MS',1704,50436,193500
'14MS',1704,50436,201400
'14MS',1704,50436,205000
'14MS',1704,50436,212800
'14MS',1704,50436,220400
'14MS',1704,50436,224000
'14MS',1704,50436,231300
'14MS',1704,50436,234500
'14MS',1704,50436,241600
'14MS',1704,50436,244700
'14MS',1704,50477,51900
'14MS',1704,50477,54600
'14MS',1704,50477,61400
'14MS',1704,50477,64200
'14MS',1704,50477,70900
'14MS',1704,50477,73800
'14MS',1704,50477,81300
'14MS',1704,50477,84900
'14MS',1704,50477,92100
'14MS',1704,50477,95100
'14MS',1704,50477,102700
'14MS',1704,50477,110300
'14MS',1704,50477,114900
'14MS',1704,50477,123700
'14MS',1704,50477,132400
'14MS',1704,50477,141100
'14MS',1704,50477,145900
'14MS',1704,50477,153000
'14MS',1704,50477,160300
'14MS',1704,50477,163400
'14MS',1704,50477,170400
'14MS',1704,50477,173300
'14MS',1704,50477,180200
'14MS',1704,50477,183000
'14MS',1704,50477,185900
'14MS',1704,50477,193600
'14MS',1704,50477,201500
'14MS',1704,50477,205100
'14MS',1704,50477,212900
'14MS',1704,50477,220500
'14MS',1704,50477,224100
'14MS',1704,50477,231400
'14MS',1704,50477,234600
'14MS',1704,50477,241700
'14MS',1704,50477,244800
'14MS',1704,50508,52000
'14MS',1704,50508,54700
'14MS',1704,50508,61500
'14MS',1704,50508,64300
'14MS',1704,50508,71000
'14MS',1704,50508,73900
'14MS',1704,50508,81400
'14MS',1704,50508,85000
'14MS',1704,50508,92200
'14MS',1704,50508,95200
'14MS',1704,50508,102800
'14MS',1704,50508,110400
'14MS',1704,50508,115000
'14MS',1704,50508,123800
'14MS',1704,50508,132500
'14MS',1704,50508,141200
'14MS',1704,50508,150000
'14MS',1704,50508,153100
'14MS',1704,50508,160400
'14MS',1704,50508,163500
'14MS',1704,50508,170500
'14MS',1704,50508,173400
'14MS',1704,50508,180300
'14MS',1704,50508,183100
'14MS',1704,50508,190000
'14MS',1704,50508,193700
'14MS',1704,50508,201600
'14MS',1704,50508,205200
'14MS',1704,50508,213000
'14MS',1704,50508,220600
'14MS',1704,50508,224200
'14MS',1704,50508,231500
'14MS',1704,50508,234700
'14MS',1704,50508,241800
'14MS',1704,50508,244900
'14MS',1704,50599,52100
'14MS',1704,50599,54800
'14MS',1704,50599,61600
'14MS',1704,50599,64400
'14MS',1704,50599,71200
'14MS',1704,50599,74100
'14MS',1704,50599,81600
'14MS',1704,50599,85200
'14MS',1704,50599,92400
'14MS',1704,50599,95400
'14MS',1704,50599,103000
'14MS',1704,50599,110600
'14MS',1704,50599,115200
'14MS',1704,50599,124000
'14MS',1704,50599,132700
'14MS',1704,50599,141400
'14MS',1704,50599,150200
'14MS',1704,50599,153300
'14MS',1704,50599,160600
'14MS',1704,50599,163700
'14MS',1704,50599,170700
'14MS',1704,50599,173600
'14MS',1704,50599,180500
'14MS',1704,50599,183300
'14MS',1704,50599,190200
'14MS',1704,50599,193900
'14MS',1704,50599,201700
'14MS',1704,50599,205300
'14MS',1704,50599,213100
'14MS',1704,50599,220700
'14MS',1704,50599,224300
'14MS',1704,50599,231600
'14MS',1704,50599,234800
'14MS',1704,50599,241900
'14MS',1704,50599,245000
'14MS',1704,50702,52300
'14MS',1704,50702,55000
'14MS',1704,50702,61800
'14MS',1704,50702,64600
'14MS',1704,50702,71300
'14MS',1704,50702,74300
'14MS',1704,50702,81800
'14MS',1704,50702,85400
'14MS',1704,50702,92600
'14MS',1704,50702,95600
'14MS',1704,50702,103100
'14MS',1704,50702,110700
'14MS',1704,50702,115300
'14MS',1704,50702,124100
'14MS',1704,50702,132800
'14MS',1704,50702,141500
'14MS',1704,50702,150300
'14MS',1704,50702,153600
'14MS',1704,50702,160900
'14MS',1704,50702,164000
'14MS',1704,50702,171000
'14MS',1704,50702,173900
'14MS',1704,50702,180800
'14MS',1704,50702,183400
'14MS',1704,50702,190300
'14MS',1704,50702,194000
'14MS',1704,50702,201900
'14MS',1704,50702,205500
'14MS',1704,50702,213300
'14MS',1704,50702,220900
'14MS',1704,50702,224400
'14MS',1704,50702,231700
'14MS',1704,50702,234900
'14MS',1704,50702,242000
'14MS',1704,50702,245100
'14MS',1704,50806,52400
'14MS',1704,50806,55100
'14MS',1704,50806,61900
'14MS',1704,50806,64700
'14MS',1704,50806,71400
'14MS',1704,50806,74400
'14MS',1704,50806,81900
'14MS',1704,50806,85500
'14MS',1704,50806,92700
'14MS',1704,50806,95700
'14MS',1704,50806,103200
'14MS',1704,50806,110800
'14MS',1704,50806,115400
'14MS',1704,50806,124200
'14MS',1704,50806,132900
'14MS',1704,50806,141600
'14MS',1704,50806,150400
'14MS',1704,50806,153700
'14MS',1704,50806,161000
'14MS',1704,50806,164100
'14MS',1704,50806,171100
'14MS',1704,50806,174000
'14MS',1704,50806,180900
'14MS',1704,50806,183500
'14MS',1704,50806,190400
'14MS',1704,50806,194100
'14MS',1704,50806,202000
'14MS',1704,50806,205600
'14MS',1704,50806,213400
'14MS',1704,50806,221000
'14MS',1704,50806,224500
'14MS',1704,50806,231800
'14MS',1704,50806,235000
'14MS',1704,50806,242100
'14MS',1704,50806,245200
'14MS',1704,50906,52500
'14MS',1704,50906,55200
'14MS',1704,50906,62000
'14MS',1704,50906,64800
'14MS',1704,50906,71500
'14MS',1704,50906,74500
'14MS',1704,50906,82000
'14MS',1704,50906,85600
'14MS',1704,50906,92800
'14MS',1704,50906,95800
'14MS',1704,50906,103300
'14MS',1704,50906,110900
'14MS',1704,50906,115500
'14MS',1704,50906,124300
'14MS',1704,50906,133000
'14MS',1704,50906,141700
'14MS',1704,50906,150500
'14MS',1704,50906,153900
'14MS',1704,50906,161200
'14MS',1704,50906,164300
'14MS',1704,50906,171300
'14MS',1704,50906,174200
'14MS',1704,50906,181100
'14MS',1704,50906,183600
'14MS',1704,50906,190500
'14MS',1704,50906,194200
'14MS',1704,50906,202100
'14MS',1704,50906,205700
'14MS',1704,50906,213500
'14MS',1704,50906,221100
'14MS',1704,50906,224600
'14MS',1704,50906,231800
'14MS',1704,50906,235000
'14MS',1704,50906,242100
'14MS',1704,50906,245200
'14MS',1704,50951,52500
'14MS',1704,50951,55200
'14MS',1704,50951,62000
'14MS',1704,50951,64800
'14MS',1704,50951,71600
'14MS',1704,50951,74600
'14MS',1704,50951,82100
'14MS',1704,50951,85700
'14MS',1704,50951,92900
'14MS',1704,50951,95900
'14MS',1704,50951,103400
'14MS',1704,50951,111000
'14MS',1704,50951,115600
'14MS',1704,50951,124400
'14MS',1704,50951,133100
'14MS',1704,50951,141800
'14MS',1704,50951,150600
'14MS',1704,50951,154000
'14MS',1704,50951,161300
'14MS',1704,50951,164400
'14MS',1704,50951,171400
'14MS',1704,50951,174300
'14MS',1704,50951,181200
'14MS',1704,50951,183700
'14MS',1704,50951,190600
'14MS',1704,50951,194300
'14MS',1704,50951,202100
'14MS',1704,50951,205700
'14MS',1704,50951,213500
'14MS',1704,50951,221100
'14MS',1704,50951,224600
'14MS',1704,50951,231800
'14MS',1704,50951,235000
'14MS',1704,50951,242100
'14MS',1704,50951,245200
'14MS',1704,51019,52600
'14MS',1704,51019,55300
'14MS',1704,51019,62100
'14MS',1704,51019,64900
'14MS',1704,51019,71700
'14MS',1704,51019,74700
'14MS',1704,51019,82200
'14MS',1704,51019,85800
'14MS',1704,51019,93000
'14MS',1704,51019,100000
'14MS',1704,51019,103500
'14MS',1704,51019,111100
'14MS',1704,51019,115700
'14MS',1704,51019,124500
'14MS',1704,51019,133200
'14MS',1704,51019,141900
'14MS',1704,51019,150700
'14MS',1704,51019,154100
'14MS',1704,51019,161400
'14MS',1704,51019,164500
'14MS',1704,51019,171500
'14MS',1704,51019,174400
'14MS',1704,51019,181300
'14MS',1704,51019,183800
'14MS',1704,51019,190700
'14MS',1704,51019,194400
'14MS',1704,51019,202200
'14MS',1704,51019,205800
'14MS',1704,51019,213600
'14MS',1704,51019,221200
'14MS',1704,51019,224700
'14MS',1704,51019,231900
'14MS',1704,51019,235100
'14MS',1704,51019,242200
'14MS',1704,51019,245300
'14MS',1704,51074,52700
'14MS',1704,51074,55400
'14MS',1704,51074,62200
'14MS',1704,51074,65000
'14MS',1704,51074,71800
'14MS',1704,51074,74800
'14MS',1704,51074,82300
'14MS',1704,51074,85900
'14MS',1704,51074,93100
'14MS',1704,51074,100100
'14MS',1704,51074,103600
'14MS',1704,51074,111200
'14MS',1704,51074,115800
'14MS',1704,51074,124600
'14MS',1704,51074,133300
'14MS',1704,51074,142000
'14MS',1704,51074,150800
'14MS',1704,51074,154200
'14MS',1704,51074,161500
'14MS',1704,51074,164600
'14MS',1704,51074,171600
'14MS',1704,51074,174500
'14MS',1704,51074,181400
'14MS',1704,51074,183900
'14MS',1704,51074,190800
'14MS',1704,51074,194500
'14MS',1704,51074,202300
'14MS',1704,51074,205900
'14MS',1704,51074,213700
'14MS',1704,51074,221300
'14MS',1704,51074,224800
'14MS',1704,51074,232000
'14MS',1704,51074,235200
'14MS',1704,51074,242300
'14MS',1704,51074,245400
'14MS',1704,51129,52800
'14MS',1704,51129,55500
'14MS',1704,51129,62400
'14MS',1704,51129,65200
'14MS',1704,51129,72100
'14MS',1704,51129,75100
'14MS',1704,51129,82600
'14MS',1704,51129,90200
'14MS',1704,51129,93400
'14MS',1704,51129,100400
'14MS',1704,51129,103900
'14MS',1704,51129,111500
'14MS',1704,51129,120100
'14MS',1704,51129,124900
'14MS',1704,51129,133600
'14MS',1704,51129,142300
'14MS',1704,51129,151100
'14MS',1704,51129,154600
'14MS',1704,51129,161900
'14MS',1704,51129,165000
'14MS',1704,51129,172000
'14MS',1704,51129,174900
'14MS',1704,51129,181700
'14MS',1704,51129,184200
'14MS',1704,51129,191000
'14MS',1704,51129,194700
'14MS',1704,51129,202400
'14MS',1704,51129,210000
'14MS',1704,51129,213800
'14MS',1704,51129,221400
'14MS',1704,51129,224900
'14MS',1704,51129,232100
'14MS',1704,51129,235300
'14MS',1704,51129,242400
'14MS',1704,51129,245500
'14MS',1704,51137,52800
'14MS',1704,51137,55500
'14MS',1704,51137,62300
'14MS',1704,51137,65200
'14MS',1704,51137,72100
'14MS',1704,51137,75100
'14MS',1704,51137,82600
'14MS',1704,51137,90200
'14MS',1704,51137,93300
'14MS',1704,51137,100300
'14MS',1704,51137,103800
'14MS',1704,51137,111400
'14MS',1704,51137,120000
'14MS',1704,51137,124800
'14MS',1704,51137,133500
'14MS',1704,51137,142200
'14MS',1704,51137,151000
'14MS',1704,51137,154500
'14MS',1704,51137,161800
'14MS',1704,51137,164900
'14MS',1704,51137,171900
'14MS',1704,51137,174800
'14MS',1704,51137,181600
'14MS',1704,51137,184100
'14MS',1704,51137,191000
'14MS',1704,51137,194600
'14MS',1704,51137,202400
'14MS',1704,51137,210000
'14MS',1704,51137,213800
'14MS',1704,51137,221400
'14MS',1704,51137,224900
'14MS',1704,51137,232100
'14MS',1704,51137,235300
'14MS',1704,51137,242400
'14MS',1704,51137,245500
'14MS',1704,51180,52700
'14MS',1704,51180,55400
'14MS',1704,51180,62300
'14MS',1704,51180,65100
'14MS',1704,51180,71900
'14MS',1704,51180,74900
'14MS',1704,51180,82400
'14MS',1704,51180,90000
'14MS',1704,51180,93200
'14MS',1704,51180,100200
'14MS',1704,51180,103700
'14MS',1704,51180,111300
'14MS',1704,51180,115900
'14MS',1704,51180,124700
'14MS',1704,51180,133400
'14MS',1704,51180,142100
'14MS',1704,51180,150900
'14MS',1704,51180,154400
'14MS',1704,51180,161700
'14MS',1704,51180,164800
'14MS',1704,51180,171800
'14MS',1704,51180,174700
'14MS',1704,51180,181500
'14MS',1704,51180,184000
'14MS',1704,51180,190900
'14MS',1704,51180,194600
'14MS',1704,51180,202300
'14MS',1704,51180,205900
'14MS',1704,51180,213700
'14MS',1704,51180,221300
'14MS',1704,51180,224800
'14MS',1704,51180,232000
'14MS',1704,51180,235200
'14MS',1704,51180,242300
'14MS',1704,51180,245400
'14MS',1704,51203,52900
'14MS',1704,51203,55600
'14MS',1704,51203,62400
'14MS',1704,51203,65300
'14MS',1704,51203,72200
'14MS',1704,51203,75200
'14MS',1704,51203,82700
'14MS',1704,51203,90300
'14MS',1704,51203,93500
'14MS',1704,51203,100500
'14MS',1704,51203,104000
'14MS',1704,51203,111600
'14MS',1704,51203,120200
'14MS',1704,51203,125000
'14MS',1704,51203,133700
'14MS',1704,51203,142400
'14MS',1704,51203,151200
'14MS',1704,51203,154700
'14MS',1704,51203,162000
'14MS',1704,51203,165100
'14MS',1704,51203,172100
'14MS',1704,51203,175000
'14MS',1704,51203,181800
'14MS',1704,51203,184300
'14MS',1704,51203,191100
'14MS',1704,51203,194700
'14MS',1704,51203,202500
'14MS',1704,51203,210100
'14MS',1704,51203,213900
'14MS',1704,51203,221500
'14MS',1704,51203,225000
'14MS',1704,51203,232200
'14MS',1704,51203,235400
'14MS',1704,51203,242500
'14MS',1704,51203,245600
'14MS',1704,51236,52900
'14MS',1704,51236,55600
'14MS',1704,51236,62500
'14MS',1704,51236,65400
'14MS',1704,51236,72300
'14MS',1704,51236,75300
'14MS',1704,51236,82800
'14MS',1704,51236,90400
'14MS',1704,51236,93500
'14MS',1704,51236,100500
'14MS',1704,51236,104000
'14MS',1704,51236,111600
'14MS',1704,51236,120200
'14MS',1704,51236,125000
'14MS',1704,51236,133700
'14MS',1704,51236,142400
'14MS',1704,51236,151200
'14MS',1704,51236,154800
'14MS',1704,51236,162100
'14MS',1704,51236,165200
'14MS',1704,51236,172200
'14MS',1704,51236,175100
'14MS',1704,51236,181800
'14MS',1704,51236,184300
'14MS',1704,51236,191200
'14MS',1704,51236,194800
'14MS',1704,51236,202500
'14MS',1704,51236,210100
'14MS',1704,51236,213900
'14MS',1704,51236,221500
'14MS',1704,51236,225000
'14MS',1704,51236,232200
'14MS',1704,51236,235400
'14MS',1704,51236,242500
'14MS',1704,51236,245600
'14MS',1704,51292,53000
'14MS',1704,51292,55700
'14MS',1704,51292,62600
'14MS',1704,51292,65400
'14MS',1704,51292,72400
'14MS',1704,51292,75400
'14MS',1704,51292,82900
'14MS',1704,51292,90500
'14MS',1704,51292,93600
'14MS',1704,51292,100600
'14MS',1704,51292,104100
'14MS',1704,51292,111700
'14MS',1704,51292,120300
'14MS',1704,51292,125100
'14MS',1704,51292,133800
'14MS',1704,51292,142500
'14MS',1704,51292,151300
'14MS',1704,51292,154900
'14MS',1704,51292,162200
'14MS',1704,51292,165300
'14MS',1704,51292,172300
'14MS',1704,51292,175200
'14MS',1704,51292,181900
'14MS',1704,51292,184400
'14MS',1704,51292,191200
'14MS',1704,51292,194900
'14MS',1704,51292,202600
'14MS',1704,51292,210200
'14MS',1704,51292,214000
'14MS',1704,51292,221600
'14MS',1704,51292,225100
'14MS',1704,51292,232300
'14MS',1704,51292,235500
'14MS',1704,51292,242600
'14MS',1704,51292,245700
'14MS',1704,51333,53000
'14MS',1704,51333,55700
'14MS',1704,51333,62600
'14MS',1704,51333,65500
'14MS',1704,51333,72500
'14MS',1704,51333,75500
'14MS',1704,51333,83000
'14MS',1704,51333,90600
'14MS',1704,51333,93700
'14MS',1704,51333,100700
'14MS',1704,51333,104200
'14MS',1704,51333,111800
'14MS',1704,51333,120400
'14MS',1704,51333,125200
'14MS',1704,51333,133900
'14MS',1704,51333,142600
'14MS',1704,51333,151400
'14MS',1704,51333,155000
'14MS',1704,51333,162300
'14MS',1704,51333,165400
'14MS',1704,51333,172400
'14MS',1704,51333,175300
'14MS',1704,51333,182000
'14MS',1704,51333,184500
'14MS',1704,51333,191300
'14MS',1704,51333,194900
'14MS',1704,51333,202600
'14MS',1704,51333,210200
'14MS',1704,51333,214000
'14MS',1704,51333,221600
'14MS',1704,51333,225100
'14MS',1704,51333,232300
'14MS',1704,51333,235500
'14MS',1704,51333,242600
'14MS',1704,51333,245700
'14MS',1704,51491,53200
'14MS',1704,51491,55900
'14MS',1704,51491,62800
'14MS',1704,51491,65800
'14MS',1704,51491,72800
'14MS',1704,51491,75800
'14MS',1704,51491,83300
'14MS',1704,51491,90900
'14MS',1704,51491,94000
'14MS',1704,51491,101000
'14MS',1704,51491,104500
'14MS',1704,51491,112100
'14MS',1704,51491,120700
'14MS',1704,51491,125500
'14MS',1704,51491,134200
'14MS',1704,51491,142900
'14MS',1704,51491,151700
'14MS',1704,51491,155300
'14MS',1704,51491,162600
'14MS',1704,51491,165700
'14MS',1704,51491,172700
'14MS',1704,51491,175600
'14MS',1704,51491,182300
'14MS',1704,51491,184800
'14MS',1704,51491,191600
'14MS',1704,51491,195200
'14MS',1704,51491,202900
'14MS',1704,51491,210500
'14MS',1704,51491,214300
'14MS',1704,51491,221900
'14MS',1704,51491,225400
'14MS',1704,51491,232600
'14MS',1704,51491,235700
'14MS',1704,51491,242800
'14MS',1704,51491,245900
'14MS',1704,51559,53300
'14MS',1704,51559,60000
'14MS',1704,51559,62900
'14MS',1704,51559,65800
'14MS',1704,51559,72900
'14MS',1704,51559,75900
'14MS',1704,51559,83400
'14MS',1704,51559,91000
'14MS',1704,51559,94100
'14MS',1704,51559,101100
'14MS',1704,51559,104600
'14MS',1704,51559,112200
'14MS',1704,51559,120800
'14MS',1704,51559,125600
'14MS',1704,51559,134300
'14MS',1704,51559,143000
'14MS',1704,51559,151800
'14MS',1704,51559,155400
'14MS',1704,51559,162700
'14MS',1704,51559,165800
'14MS',1704,51559,172800
'14MS',1704,51559,175700
'14MS',1704,51559,182300
'14MS',1704,51559,184800
'14MS',1704,51559,191600
'14MS',1704,51559,195200
'14MS',1704,51559,202900
'14MS',1704,51559,210500
'14MS',1704,51559,214300
'14MS',1704,51559,221900
'14MS',1704,51559,225400
'14MS',1704,51559,232600
'14MS',1704,51559,235800
'14MS',1704,51559,242900
'14MS',1704,51559,250000
'14MS',1704,51615,53400
'14MS',1704,51615,60100
'14MS',1704,51615,63000
'14MS',1704,51615,65900
'14MS',1704,51615,73000
'14MS',1704,51615,80000
'14MS',1704,51615,83500
'14MS',1704,51615,91100
'14MS',1704,51615,94200
'14MS',1704,51615,101200
'14MS',1704,51615,104700
'14MS',1704,51615,112300
'14MS',1704,51615,120900
'14MS',1704,51615,125700
'14MS',1704,51615,134400
'14MS',1704,51615,143100
'14MS',1704,51615,151900
'14MS',1704,51615,155500
'14MS',1704,51615,162800
'14MS',1704,51615,165900
'14MS',1704,51615,172900
'14MS',1704,51615,175800
'14MS',1704,51615,182400
'14MS',1704,51615,184900
'14MS',1704,51615,191700
'14MS',1704,51615,195300
'14MS',1704,51615,203000
'14MS',1704,51615,210600
'14MS',1704,51615,214400
'14MS',1704,51615,222000
'14MS',1704,51615,225500
'14MS',1704,51615,232700
'14MS',1704,51615,235900
'14MS',1704,51615,243000
'14MS',1704,51615,250100
'14MS',1704,51702,53500
'14MS',1704,51702,60200
'14MS',1704,51702,63100
'14MS',1704,51702,70100
'14MS',1704,51702,73200
'14MS',1704,51702,80200
'14MS',1704,51702,83700
'14MS',1704,51702,91300
'14MS',1704,51702,94300
'14MS',1704,51702,101300
'14MS',1704,51702,104800
'14MS',1704,51702,112400
'14MS',1704,51702,121000
'14MS',1704,51702,125800
'14MS',1704,51702,134500
'14MS',1704,51702,143200
'14MS',1704,51702,152000
'14MS',1704,51702,155600
'14MS',1704,51702,162900
'14MS',1704,51702,170000
'14MS',1704,51702,173000
'14MS',1704,51702,175900
'14MS',1704,51702,182600
'14MS',1704,51702,185100
'14MS',1704,51702,191900
'14MS',1704,51702,195500
'14MS',1704,51702,203200
'14MS',1704,51702,210800
'14MS',1704,51702,214600
'14MS',1704,51702,222200
'14MS',1704,51702,225700
'14MS',1704,51702,232900
'14MS',1704,51702,240000
'14MS',1704,51702,243100
'14MS',1704,51702,250200
'14MS',1704,51826,53500
'14MS',1704,51826,60300
'14MS',1704,51826,63200
'14MS',1704,51826,70200
'14MS',1704,51826,73300
'14MS',1704,51826,80300
'14MS',1704,51826,83800
'14MS',1704,51826,91400
'14MS',1704,51826,94500
'14MS',1704,51826,101500
'14MS',1704,51826,105000
'14MS',1704,51826,112600
'14MS',1704,51826,121200
'14MS',1704,51826,130000
'14MS',1704,51826,134700
'14MS',1704,51826,143400
'14MS',1704,51826,152200
'14MS',1704,51826,155800
'14MS',1704,51826,163100
'14MS',1704,51826,170200
'14MS',1704,51826,173200
'14MS',1704,51826,180100
'14MS',1704,51826,182700
'14MS',1704,51826,185200
'14MS',1704,51826,192000
'14MS',1704,51826,195600
'14MS',1704,51826,203300
'14MS',1704,51826,210900
'14MS',1704,51826,214700
'14MS',1704,51826,222300
'14MS',1704,51826,225800
'14MS',1704,51826,233000
'14MS',1704,51826,240100
'14MS',1704,51826,243100
'14MS',1704,51826,250200
'14MS',1704,51870,53600
'14MS',1704,51870,60400
'14MS',1704,51870,63300
'14MS',1704,51870,70300
'14MS',1704,51870,73400
'14MS',1704,51870,80400
'14MS',1704,51870,83900
'14MS',1704,51870,91500
'14MS',1704,51870,94500
'14MS',1704,51870,101500
'14MS',1704,51870,105000
'14MS',1704,51870,112600
'14MS',1704,51870,121200
'14MS',1704,51870,130000
'14MS',1704,51870,134700
'14MS',1704,51870,143400
'14MS',1704,51870,152200
'14MS',1704,51870,155800
'14MS',1704,51870,163100
'14MS',1704,51870,170200
'14MS',1704,51870,173200
'14MS',1704,51870,180100
'14MS',1704,51870,182800
'14MS',1704,51870,185300
'14MS',1704,51870,192100
'14MS',1704,51870,195700
'14MS',1704,51870,203400
'14MS',1704,51870,211000
'14MS',1704,51870,214800
'14MS',1704,51870,222400
'14MS',1704,51870,225900
'14MS',1704,51870,233100
'14MS',1704,51870,240200
'14MS',1704,51870,243200
'14MS',1704,51870,250300
'14MS',1704,51925,53600
'14MS',1704,51925,60400
'14MS',1704,51925,63300
'14MS',1704,51925,70300
'14MS',1704,51925,73500
'14MS',1704,51925,80500
'14MS',1704,51925,84000
'14MS',1704,51925,91600
'14MS',1704,51925,94600
'14MS',1704,51925,101600
'14MS',1704,51925,105100
'14MS',1704,51925,112700
'14MS',1704,51925,121300
'14MS',1704,51925,130100
'14MS',1704,51925,134800
'14MS',1704,51925,143500
'14MS',1704,51925,152300
'14MS',1704,51925,155900
'14MS',1704,51925,163200
'14MS',1704,51925,170300
'14MS',1704,51925,173300
'14MS',1704,51925,180200
'14MS',1704,51925,182800
'14MS',1704,51925,185300
'14MS',1704,51925,192100
'14MS',1704,51925,195700
'14MS',1704,51925,203400
'14MS',1704,51925,211000
'14MS',1704,51925,214800
'14MS',1704,51925,222400
'14MS',1704,51925,225900
'14MS',1704,51925,233100
'14MS',1704,51925,240200
'14MS',1704,51925,243200
'14MS',1704,51925,250300
'14MS',1704,51986,53700
'14MS',1704,51986,60500
'14MS',1704,51986,63400
'14MS',1704,51986,70400
'14MS',1704,51986,73600
'14MS',1704,51986,80600
'14MS',1704,51986,84100
'14MS',1704,51986,91700
'14MS',1704,51986,94700
'14MS',1704,51986,101700
'14MS',1704,51986,105200
'14MS',1704,51986,112800
'14MS',1704,51986,121400
'14MS',1704,51986,130200
'14MS',1704,51986,134900
'14MS',1704,51986,143600
'14MS',1704,51986,152400
'14MS',1704,51986,160000
'14MS',1704,51986,163300
'14MS',1704,51986,170400
'14MS',1704,51986,173400
'14MS',1704,51986,180300
'14MS',1704,51986,182900
'14MS',1704,51986,185400
'14MS',1704,51986,192200
'14MS',1704,51986,195800
'14MS',1704,51986,203500
'14MS',1704,51986,211100
'14MS',1704,51986,214900
'14MS',1704,51986,222500
'14MS',1704,51986,230000
'14MS',1704,51986,233200
'14MS',1704,51986,240300
'14MS',1704,51986,243300
'14MS',1704,51986,250400
'14MS',1704,53831,52200
'14MS',1704,53831,54900
'14MS',1704,53831,61700
'14MS',1704,53831,64500
'14MS',1704,53831,71200
'14MS',1704,53831,74100
'14MS',1704,53831,81600
'14MS',1704,53831,85200
'14MS',1704,53831,92400
'14MS',1704,53831,95400
'14MS',1704,53831,103000
'14MS',1704,53831,110600
'14MS',1704,53831,115200
'14MS',1704,53831,124000
'14MS',1704,53831,132700
'14MS',1704,53831,141400
'14MS',1704,53831,150200
'14MS',1704,53831,153400
'14MS',1704,53831,160700
'14MS',1704,53831,163800
'14MS',1704,53831,170800
'14MS',1704,53831,173700
'14MS',1704,53831,180600
'14MS',1704,53831,183300
'14MS',1704,53831,190200
'14MS',1704,53831,193900
'14MS',1704,53831,201800
'14MS',1704,53831,205400
'14MS',1704,53831,213200
'14MS',1704,53831,220800
'14MS',1704,53831,224400
'14MS',1704,53831,231600
'14MS',1704,53831,234800
'14MS',1704,53831,241900
'14MS',1704,53831,245000
'14MS',1704,53881,52400
'14MS',1704,53881,55100
'14MS',1704,53881,61900
'14MS',1704,53881,64700
'14MS',1704,53881,71500
'14MS',1704,53881,74500
'14MS',1704,53881,82000
'14MS',1704,53881,85600
'14MS',1704,53881,92800
'14MS',1704,53881,95800
'14MS',1704,53881,103300
'14MS',1704,53881,110900
'14MS',1704,53881,115500
'14MS',1704,53881,124300
'14MS',1704,53881,133000
'14MS',1704,53881,141700
'14MS',1704,53881,150500
'14MS',1704,53881,153800
'14MS',1704,53881,161100
'14MS',1704,53881,164200
'14MS',1704,53881,171200
'14MS',1704,53881,174100
'14MS',1704,53881,181000
'14MS',1704,53881,183600
'14MS',1704,53881,190500
'14MS',1704,53881,194200
'14MS',1704,53881,202000
'14MS',1704,53881,205600
'14MS',1704,53881,213400
'14MS',1704,53881,221000
'14MS',1704,53881,224600
'14MS',1704,53881,231800
'14MS',1704,53881,235000
'14MS',1704,53881,242100
'14MS',1704,53881,245200
'14MS',1704,54215,53100
'14MS',1704,54215,55800
'14MS',1704,54215,62700
'14MS',1704,54215,65600
'14MS',1704,54215,72600
'14MS',1704,54215,75600
'14MS',1704,54215,83100
'14MS',1704,54215,90700
'14MS',1704,54215,93800
'14MS',1704,54215,100800
'14MS',1704,54215,104300
'14MS',1704,54215,111900
'14MS',1704,54215,120500
'14MS',1704,54215,125300
'14MS',1704,54215,134000
'14MS',1704,54215,142700
'14MS',1704,54215,151500
'14MS',1704,54215,155100
'14MS',1704,54215,162400
'14MS',1704,54215,165500
'14MS',1704,54215,172500
'14MS',1704,54215,175400
'14MS',1704,54215,182100
'14MS',1704,54215,184600
'14MS',1704,54215,191400
'14MS',1704,54215,195000
'14MS',1704,54215,202700
'14MS',1704,54215,210300
'14MS',1704,54215,214100
'14MS',1704,54215,221700
'14MS',1704,54215,225200
'14MS',1704,54215,232400
'14MS',1704,54215,235600
'14MS',1704,54215,242700
'14MS',1704,54215,245800
'14MS',1704,54226,52300
'14MS',1704,54226,55000
'14MS',1704,54226,61800
'14MS',1704,54226,64600
'14MS',1704,54226,71400
'14MS',1704,54226,74300
'14MS',1704,54226,81800
'14MS',1704,54226,85400
'14MS',1704,54226,92600
'14MS',1704,54226,95600
'14MS',1704,54226,103200
'14MS',1704,54226,110800
'14MS',1704,54226,115400
'14MS',1704,54226,124200
'14MS',1704,54226,132900
'14MS',1704,54226,141600
'14MS',1704,54226,150400
'14MS',1704,54226,153600
'14MS',1704,54226,160900
'14MS',1704,54226,164000
'14MS',1704,54226,171000
'14MS',1704,54226,173900
'14MS',1704,54226,180800
'14MS',1704,54226,183500
'14MS',1704,54226,190400
'14MS',1704,54226,194100
'14MS',1704,54226,201900
'14MS',1704,54226,205500
'14MS',1704,54226,213300
'14MS',1704,54226,220900
'14MS',1704,54226,224500
'14MS',1704,54226,231700
'14MS',1704,54226,234900
'14MS',1704,54226,242000
'14MS',1704,54226,245100
'14MS',1704,55677,51100
'14MS',1704,55677,53800
'14MS',1704,55677,60600
'14MS',1704,55677,63300
'14MS',1704,55677,70000
'14MS',1704,55677,72800
'14MS',1704,55677,80300
'14MS',1704,55677,83900
'14MS',1704,55677,91100
'14MS',1704,55677,94100
'14MS',1704,55677,101700
'14MS',1704,55677,105300
'14MS',1704,55677,113900
'14MS',1704,55677,122700
'14MS',1704,55677,131400
'14MS',1704,55677,140100
'14MS',1704,55677,144900
'14MS',1704,55677,152000
'14MS',1704,55677,155100
'14MS',1704,55677,162200
'14MS',1704,55677,165200
'14MS',1704,55677,172100
'14MS',1704,55677,175000
'14MS',1704,55677,181900
'14MS',1704,55677,185100
'14MS',1704,55677,192800
'14MS',1704,55677,200700
'14MS',1704,55677,204300
'14MS',1704,55677,212100
'14MS',1704,55677,215700
'14MS',1704,55677,223300
'14MS',1704,55677,230600
'14MS',1704,55677,233800
'14MS',1704,55677,240900
'14MS',1704,55677,244000
'14MS',1704,55706,51300
'14MS',1704,55706,54000
'14MS',1704,55706,60700
'14MS',1704,55706,63400
'14MS',1704,55706,70100
'14MS',1704,55706,72900
'14MS',1704,55706,80400
'14MS',1704,55706,84000
'14MS',1704,55706,91200
'14MS',1704,55706,94200
'14MS',1704,55706,101800
'14MS',1704,55706,105400
'14MS',1704,55706,114000
'14MS',1704,55706,122800
'14MS',1704,55706,131500
'14MS',1704,55706,140200
'14MS',1704,55706,145000
'14MS',1704,55706,152100
'14MS',1704,55706,155300
'14MS',1704,55706,162400
'14MS',1704,55706,165400
'14MS',1704,55706,172300
'14MS',1704,55706,175200
'14MS',1704,55706,182100
'14MS',1704,55706,185200
'14MS',1704,55706,192900
'14MS',1704,55706,200800
'14MS',1704,55706,204400
'14MS',1704,55706,212200
'14MS',1704,55706,215800
'14MS',1704,55706,223400
'14MS',1704,55706,230700
'14MS',1704,55706,233900
'14MS',1704,55706,241000
'14MS',1704,55706,244100
'14MS',1704,55723,51300
'14MS',1704,55723,54000
'14MS',1704,55723,60800
'14MS',1704,55723,63500
'14MS',1704,55723,70200
'14MS',1704,55723,73000
'14MS',1704,55723,80500
'14MS',1704,55723,84100
'14MS',1704,55723,91300
'14MS',1704,55723,94300
'14MS',1704,55723,101900
'14MS',1704,55723,105500
'14MS',1704,55723,114100
'14MS',1704,55723,122900
'14MS',1704,55723,131600
'14MS',1704,55723,140300
'14MS',1704,55723,145100
'14MS',1704,55723,152200
'14MS',1704,55723,155400
'14MS',1704,55723,162500
'14MS',1704,55723,165500
'14MS',1704,55723,172400
'14MS',1704,55723,175300
'14MS',1704,55723,182100
'14MS',1704,55723,185300
'14MS',1704,55723,193000
'14MS',1704,55723,200900
'14MS',1704,55723,204500
'14MS',1704,55723,212300
'14MS',1704,55723,215900
'14MS',1704,55723,223500
'14MS',1704,55723,230800
'14MS',1704,55723,234000
'14MS',1704,55723,241100
'14MS',1704,55723,244200
'14MS',1704,55825,51200
'14MS',1704,55825,53900
'14MS',1704,55825,60600
'14MS',1704,55825,63400
'14MS',1704,55825,70100
'14MS',1704,55825,72900
'14MS',1704,55825,80400
'14MS',1704,55825,84000
'14MS',1704,55825,91200
'14MS',1704,55825,94200
'14MS',1704,55825,101800
'14MS',1704,55825,105400
'14MS',1704,55825,114000
'14MS',1704,55825,122800
'14MS',1704,55825,131500
'14MS',1704,55825,140200
'14MS',1704,55825,145000
'14MS',1704,55825,152100
'14MS',1704,55825,155200
'14MS',1704,55825,162300
'14MS',1704,55825,165300
'14MS',1704,55825,172200
'14MS',1704,55825,175100
'14MS',1704,55825,182000
'14MS',1704,55825,185100
'14MS',1704,55825,192800
'14MS',1704,55825,200700
'14MS',1704,55825,204300
'14MS',1704,55825,212100
'14MS',1704,55825,215700
'14MS',1704,55825,223300
'14MS',1704,55825,230600
'14MS',1704,55825,233800
'14MS',1704,55825,240900
'14MS',1704,55825,244000
'14MS',1704,55826,51400
'14MS',1704,55826,54100
'14MS',1704,55826,60900
'14MS',1704,55826,63600
'14MS',1704,55826,70300
'14MS',1704,55826,73100
'14MS',1704,55826,80600
'14MS',1704,55826,84200
'14MS',1704,55826,91400
'14MS',1704,55826,94400
'14MS',1704,55826,102000
'14MS',1704,55826,105600
'14MS',1704,55826,114200
'14MS',1704,55826,123000
'14MS',1704,55826,131700
'14MS',1704,55826,140400
'14MS',1704,55826,145200
'14MS',1704,55826,152300
'14MS',1704,55826,155500
'14MS',1704,55826,162600
'14MS',1704,55826,165600
'14MS',1704,55826,172500
'14MS',1704,55826,175400
'14MS',1704,55826,182300
'14MS',1704,55826,185400
'14MS',1704,55826,193100
'14MS',1704,55826,201000
'14MS',1704,55826,204600
'14MS',1704,55826,212400
'14MS',1704,55826,220000
'14MS',1704,55826,223600
'14MS',1704,55826,230900
'14MS',1704,55826,234100
'14MS',1704,55826,241200
'14MS',1704,55826,244300
'14MS',1704,56105,51700
'14MS',1704,56105,54400
'14MS',1704,56105,61200
'14MS',1704,56105,64000
'14MS',1704,56105,70700
'14MS',1704,56105,73500
'14MS',1704,56105,81000
'14MS',1704,56105,84600
'14MS',1704,56105,91800
'14MS',1704,56105,94800
'14MS',1704,56105,102400
'14MS',1704,56105,110000
'14MS',1704,56105,114600
'14MS',1704,56105,123400
'14MS',1704,56105,132100
'14MS',1704,56105,140800
'14MS',1704,56105,145600
'14MS',1704,56105,152700
'14MS',1704,56105,160000
'14MS',1704,56105,163100
'14MS',1704,56105,170100
'14MS',1704,56105,173000
'14MS',1704,56105,175900
'14MS',1704,56105,182700
'14MS',1704,56105,185700
'14MS',1704,56105,193400
'14MS',1704,56105,201300
'14MS',1704,56105,204900
'14MS',1704,56105,212700
'14MS',1704,56105,220300
'14MS',1704,56105,223900
'14MS',1704,56105,231200
'14MS',1704,56105,234400
'14MS',1704,56105,241500
'14MS',1704,56105,244600
'14MS',1704,56116,51600
'14MS',1704,56116,54300
'14MS',1704,56116,61000
'14MS',1704,56116,63800
'14MS',1704,56116,70500
'14MS',1704,56116,73400
'14MS',1704,56116,80900
'14MS',1704,56116,84500
'14MS',1704,56116,91700
'14MS',1704,56116,94700
'14MS',1704,56116,102300
'14MS',1704,56116,105900
'14MS',1704,56116,114500
'14MS',1704,56116,123300
'14MS',1704,56116,132000
'14MS',1704,56116,140700
'14MS',1704,56116,145500
'14MS',1704,56116,152600
'14MS',1704,56116,155800
'14MS',1704,56116,162900
'14MS',1704,56116,165900
'14MS',1704,56116,172800
'14MS',1704,56116,175700
'14MS',1704,56116,182500
'14MS',1704,56116,185500
'14MS',1704,56116,193200
'14MS',1704,56116,201100
'14MS',1704,56116,204700
'14MS',1704,56116,212500
'14MS',1704,56116,220100
'14MS',1704,56116,223700
'14MS',1704,56116,231000
'14MS',1704,56116,234200
'14MS',1704,56116,241300
'14MS',1704,56116,244400
'14MS',1704,60289,51000
'14MS',1704,60289,53700
'14MS',1704,60289,60400
'14MS',1704,60289,63100
'14MS',1704,60289,65800
'14MS',1704,60289,72600
'14MS',1704,60289,80100
'14MS',1704,60289,83700
'14MS',1704,60289,90900
'14MS',1704,60289,93900
'14MS',1704,60289,101500
'14MS',1704,60289,105100
'14MS',1704,60289,113700
'14MS',1704,60289,122500
'14MS',1704,60289,131200
'14MS',1704,60289,135900
'14MS',1704,60289,144700
'14MS',1704,60289,151800
'14MS',1704,60289,154900
'14MS',1704,60289,162000
'14MS',1704,60289,165000
'14MS',1704,60289,171900
'14MS',1704,60289,174800
'14MS',1704,60289,181700
'14MS',1704,60289,184900
'14MS',1704,60289,192600
'14MS',1704,60289,200500
'14MS',1704,60289,204100
'14MS',1704,60289,211900
'14MS',1704,60289,215500
'14MS',1704,60289,223100
'14MS',1704,60289,230400
'14MS',1704,60289,233600
'14MS',1704,60289,240700
'14MS',1704,60289,243800
