'14NA',12101,55936,50000
'14NA',12101,55936,53000
'14NA',12101,55936,60000
'14NA',12101,55936,63000
'14NA',12101,55936,70000
'14NA',12101,55936,73000
'14NA',12101,55936,75000
'14NA',12101,55936,81000
'14NA',12101,55936,83000
'14NA',12101,55936,85000
'14NA',12101,55936,91000
'14NA',12101,55936,93000
'14NA',12101,55936,94800
'14NA',12101,55936,100300
'14NA',12101,55936,101800
'14NA',12101,55936,103300
'14NA',12101,55936,104800
'14NA',12101,55936,110300
'14NA',12101,55936,111800
'14NA',12101,55936,113300
'14NA',12101,55936,114800
'14NA',12101,55936,115800
'14NA',12101,55936,120800
'14NA',12101,55936,121800
'14NA',12101,55936,122800
'14NA',12101,55936,123800
'14NA',12101,55936,124800
'14NA',12101,55936,125800
'14NA',12101,55936,130800
'14NA',12101,55936,131800
'14NA',12101,55936,132700
'14NA',12101,55936,133600
'14NA',12101,55936,134400
'14NA',12101,55936,135200
'14NA',12101,55936,135900
'14NA',12101,55936,140600
'14NA',12101,55936,141200
'14NA',12101,55936,142000
'14NA',12101,55936,142800
'14NA',12101,55936,143500
'14NA',12101,55936,144200
'14NA',12101,55936,144900
'14NA',12101,55936,145600
'14NA',12101,55936,150300
'14NA',12101,55936,151000
'14NA',12101,55936,151700
'14NA',12101,55936,152400
'14NA',12101,55936,153000
'14NA',12101,55936,153700
'14NA',12101,55936,154400
'14NA',12101,55936,155200
'14NA',12101,55936,160000
'14NA',12101,55936,160800
'14NA',12101,55936,161500
'14NA',12101,55936,162200
'14NA',12101,55936,162800
'14NA',12101,55936,163400
'14NA',12101,55936,164000
'14NA',12101,55936,164600
'14NA',12101,55936,165300
'14NA',12101,55936,170000
'14NA',12101,55936,170500
'14NA',12101,55936,171000
'14NA',12101,55936,171500
'14NA',12101,55936,172000
'14NA',12101,55936,172700
'14NA',12101,55936,173400
'14NA',12101,55936,174100
'14NA',12101,55936,174800
'14NA',12101,55936,175600
'14NA',12101,55936,180600
'14NA',12101,55936,181600
'14NA',12101,55936,182600
'14NA',12101,55936,184100
'14NA',12101,55936,185600
'14NA',12101,55936,191600
'14NA',12101,55936,193600
'14NA',12101,55936,195600
'14NA',12101,55936,201600
'14NA',12101,55936,204000
'14NA',12101,55936,210500
'14NA',12101,55936,213000
'14NA',12101,55936,215500
'14NA',12101,55936,221900
'14NA',12101,55936,225000
'14NA',12101,55936,232100
'14NA',12101,55936,235200
'14NA',12101,55936,242300
'14NA',12101,55936,245400
'14NA',12101,55936,252600
'14NF1',12101,55936,50000
'14NF1',12101,55936,53000
'14NF1',12101,55936,60000
'14NF1',12101,55936,63000
'14NF1',12101,55936,70000
'14NF1',12101,55936,73000
'14NF1',12101,55936,75000
'14NF1',12101,55936,81000
'14NF1',12101,55936,83000
'14NF1',12101,55936,85000
'14NF1',12101,55936,91000
'14NF1',12101,55936,93000
'14NF1',12101,55936,94800
'14NF1',12101,55936,100300
'14NF1',12101,55936,101800
'14NF1',12101,55936,103300
'14NF1',12101,55936,104800
'14NF1',12101,55936,110300
'14NF1',12101,55936,111800
'14NF1',12101,55936,113300
'14NF1',12101,55936,114800
'14NF1',12101,55936,115800
'14NF1',12101,55936,120800
'14NF1',12101,55936,121800
'14NF1',12101,55936,122800
'14NF1',12101,55936,123800
'14NF1',12101,55936,124800
'14NF1',12101,55936,125800
'14NF1',12101,55936,130800
'14NF1',12101,55936,131800
'14NF1',12101,55936,132700
'14NF1',12101,55936,133600
'14NF1',12101,55936,134400
'14NF1',12101,55936,135200
'14NF1',12101,55936,135900
'14NF1',12101,55936,140600
'14NF1',12101,55936,141200
'14NF1',12101,55936,142000
'14NF1',12101,55936,142800
'14NF1',12101,55936,143500
'14NF1',12101,55936,144200
'14NF1',12101,55936,144900
'14NF1',12101,55936,145600
'14NF1',12101,55936,150300
'14NF1',12101,55936,151000
'14NF1',12101,55936,151700
'14NF1',12101,55936,152400
'14NF1',12101,55936,153000
'14NF1',12101,55936,153700
'14NF1',12101,55936,154400
'14NF1',12101,55936,155200
'14NF1',12101,55936,160000
'14NF1',12101,55936,160800
'14NF1',12101,55936,161500
'14NF1',12101,55936,162200
'14NF1',12101,55936,162800
'14NF1',12101,55936,163400
'14NF1',12101,55936,164000
'14NF1',12101,55936,164600
'14NF1',12101,55936,165300
'14NF1',12101,55936,170000
'14NF1',12101,55936,170500
'14NF1',12101,55936,171000
'14NF1',12101,55936,171500
'14NF1',12101,55936,172000
'14NF1',12101,55936,172700
'14NF1',12101,55936,173400
'14NF1',12101,55936,174100
'14NF1',12101,55936,174800
'14NF1',12101,55936,175600
'14NF1',12101,55936,180600
'14NF1',12101,55936,181600
'14NF1',12101,55936,182600
'14NF1',12101,55936,184100
'14NF1',12101,55936,185600
'14NF1',12101,55936,191600
'14NF1',12101,55936,193600
'14NF1',12101,55936,195600
'14NF1',12101,55936,201600
'14NF1',12101,55936,204000
'14NF1',12101,55936,210500
'14NF1',12101,55936,213000
'14NF1',12101,55936,215500
'14NF1',12101,55936,221900
'14NF1',12101,55936,225000
'14NF1',12101,55936,232100
'14NF1',12101,55936,235200
'14NF1',12101,55936,242200
'14NF1',12101,55936,245100
'14NF1',12101,55936,252000
'14NF2',12101,55936,50000
'14NF2',12101,55936,53000
'14NF2',12101,55936,60000
'14NF2',12101,55936,63000
'14NF2',12101,55936,70000
'14NF2',12101,55936,73000
'14NF2',12101,55936,75000
'14NF2',12101,55936,81000
'14NF2',12101,55936,83000
'14NF2',12101,55936,85000
'14NF2',12101,55936,91000
'14NF2',12101,55936,93000
'14NF2',12101,55936,94800
'14NF2',12101,55936,100300
'14NF2',12101,55936,101800
'14NF2',12101,55936,103300
'14NF2',12101,55936,104800
'14NF2',12101,55936,110300
'14NF2',12101,55936,111800
'14NF2',12101,55936,113300
'14NF2',12101,55936,114800
'14NF2',12101,55936,115800
'14NF2',12101,55936,120800
'14NF2',12101,55936,121800
'14NF2',12101,55936,122800
'14NF2',12101,55936,123800
'14NF2',12101,55936,124800
'14NF2',12101,55936,125800
'14NF2',12101,55936,130800
'14NF2',12101,55936,131800
'14NF2',12101,55936,132700
'14NF2',12101,55936,133600
'14NF2',12101,55936,134400
'14NF2',12101,55936,135200
'14NF2',12101,55936,135900
'14NF2',12101,55936,140600
'14NF2',12101,55936,141200
'14NF2',12101,55936,142000
'14NF2',12101,55936,142800
'14NF2',12101,55936,143500
'14NF2',12101,55936,144200
'14NF2',12101,55936,144900
'14NF2',12101,55936,145600
'14NF2',12101,55936,150300
'14NF2',12101,55936,151000
'14NF2',12101,55936,151700
'14NF2',12101,55936,152400
'14NF2',12101,55936,153000
'14NF2',12101,55936,153700
'14NF2',12101,55936,154400
'14NF2',12101,55936,155200
'14NF2',12101,55936,160000
'14NF2',12101,55936,160800
'14NF2',12101,55936,161500
'14NF2',12101,55936,162200
'14NF2',12101,55936,162800
'14NF2',12101,55936,163400
'14NF2',12101,55936,164000
'14NF2',12101,55936,164600
'14NF2',12101,55936,165300
'14NF2',12101,55936,170000
'14NF2',12101,55936,170500
'14NF2',12101,55936,171000
'14NF2',12101,55936,171500
'14NF2',12101,55936,172000
'14NF2',12101,55936,172700
'14NF2',12101,55936,173400
'14NF2',12101,55936,174100
'14NF2',12101,55936,174800
'14NF2',12101,55936,175600
'14NF2',12101,55936,180600
'14NF2',12101,55936,181600
'14NF2',12101,55936,182600
'14NF2',12101,55936,184100
'14NF2',12101,55936,185600
'14NF2',12101,55936,191600
'14NF2',12101,55936,193600
'14NF2',12101,55936,195600
'14NF2',12101,55936,201600
'14NF2',12101,55936,204000
'14NF2',12101,55936,210500
'14NF2',12101,55936,213000
'14NF2',12101,55936,215500
'14NF2',12101,55936,221900
'14NF2',12101,55936,225000
'14NF2',12101,55936,232100
'14NF2',12101,55936,235200
'14NF2',12101,55936,242200
'14NF2',12101,55936,245100
'14NF2',12101,55936,252000
'14NF3',12101,55936,50000
'14NF3',12101,55936,53000
'14NF3',12101,55936,60000
'14NF3',12101,55936,63000
'14NF3',12101,55936,70000
'14NF3',12101,55936,73000
'14NF3',12101,55936,75000
'14NF3',12101,55936,81000
'14NF3',12101,55936,83000
'14NF3',12101,55936,85000
'14NF3',12101,55936,91000
'14NF3',12101,55936,93000
'14NF3',12101,55936,94800
'14NF3',12101,55936,100300
'14NF3',12101,55936,101800
'14NF3',12101,55936,103300
'14NF3',12101,55936,104800
'14NF3',12101,55936,110300
'14NF3',12101,55936,111800
'14NF3',12101,55936,113300
'14NF3',12101,55936,114800
'14NF3',12101,55936,115800
'14NF3',12101,55936,120800
'14NF3',12101,55936,121800
'14NF3',12101,55936,122800
'14NF3',12101,55936,123800
'14NF3',12101,55936,124800
'14NF3',12101,55936,125800
'14NF3',12101,55936,130800
'14NF3',12101,55936,131800
'14NF3',12101,55936,132700
'14NF3',12101,55936,133600
'14NF3',12101,55936,134400
'14NF3',12101,55936,135200
'14NF3',12101,55936,135900
'14NF3',12101,55936,140600
'14NF3',12101,55936,141200
'14NF3',12101,55936,142000
'14NF3',12101,55936,142800
'14NF3',12101,55936,143500
'14NF3',12101,55936,144200
'14NF3',12101,55936,144900
'14NF3',12101,55936,145600
'14NF3',12101,55936,150300
'14NF3',12101,55936,151000
'14NF3',12101,55936,151700
'14NF3',12101,55936,152400
'14NF3',12101,55936,153000
'14NF3',12101,55936,153700
'14NF3',12101,55936,154400
'14NF3',12101,55936,155200
'14NF3',12101,55936,160000
'14NF3',12101,55936,160800
'14NF3',12101,55936,161500
'14NF3',12101,55936,162200
'14NF3',12101,55936,162800
'14NF3',12101,55936,163400
'14NF3',12101,55936,164000
'14NF3',12101,55936,164600
'14NF3',12101,55936,165300
'14NF3',12101,55936,170000
'14NF3',12101,55936,170500
'14NF3',12101,55936,171000
'14NF3',12101,55936,171500
'14NF3',12101,55936,172000
'14NF3',12101,55936,172700
'14NF3',12101,55936,173400
'14NF3',12101,55936,174100
'14NF3',12101,55936,174800
'14NF3',12101,55936,175600
'14NF3',12101,55936,180600
'14NF3',12101,55936,181600
'14NF3',12101,55936,182600
'14NF3',12101,55936,184100
'14NF3',12101,55936,185600
'14NF3',12101,55936,191600
'14NF3',12101,55936,193600
'14NF3',12101,55936,195600
'14NF3',12101,55936,201600
'14NF3',12101,55936,204000
'14NF3',12101,55936,210500
'14NF3',12101,55936,213000
'14NF3',12101,55936,215500
'14NF3',12101,55936,221900
'14NF3',12101,55936,225000
'14NF3',12101,55936,232100
'14NF3',12101,55936,235200
'14NF3',12101,55936,242200
'14NF3',12101,55936,245100
'14NF3',12101,55936,252000
'14NF4',12101,55936,50000
'14NF4',12101,55936,53000
'14NF4',12101,55936,60000
'14NF4',12101,55936,63000
'14NF4',12101,55936,70000
'14NF4',12101,55936,73000
'14NF4',12101,55936,75000
'14NF4',12101,55936,81000
'14NF4',12101,55936,83000
'14NF4',12101,55936,85000
'14NF4',12101,55936,91000
'14NF4',12101,55936,93000
'14NF4',12101,55936,94800
'14NF4',12101,55936,100300
'14NF4',12101,55936,101800
'14NF4',12101,55936,103300
'14NF4',12101,55936,104800
'14NF4',12101,55936,110300
'14NF4',12101,55936,111800
'14NF4',12101,55936,113300
'14NF4',12101,55936,114800
'14NF4',12101,55936,115800
'14NF4',12101,55936,120800
'14NF4',12101,55936,121800
'14NF4',12101,55936,122800
'14NF4',12101,55936,123800
'14NF4',12101,55936,124800
'14NF4',12101,55936,125800
'14NF4',12101,55936,130800
'14NF4',12101,55936,131800
'14NF4',12101,55936,132700
'14NF4',12101,55936,133600
'14NF4',12101,55936,134400
'14NF4',12101,55936,135200
'14NF4',12101,55936,135900
'14NF4',12101,55936,140600
'14NF4',12101,55936,141200
'14NF4',12101,55936,142000
'14NF4',12101,55936,142800
'14NF4',12101,55936,143500
'14NF4',12101,55936,144200
'14NF4',12101,55936,144900
'14NF4',12101,55936,145600
'14NF4',12101,55936,150300
'14NF4',12101,55936,151000
'14NF4',12101,55936,151700
'14NF4',12101,55936,152400
'14NF4',12101,55936,153000
'14NF4',12101,55936,153700
'14NF4',12101,55936,154400
'14NF4',12101,55936,155200
'14NF4',12101,55936,160000
'14NF4',12101,55936,160800
'14NF4',12101,55936,161500
'14NF4',12101,55936,162200
'14NF4',12101,55936,162800
'14NF4',12101,55936,163400
'14NF4',12101,55936,164000
'14NF4',12101,55936,164600
'14NF4',12101,55936,165300
'14NF4',12101,55936,170000
'14NF4',12101,55936,170500
'14NF4',12101,55936,171000
'14NF4',12101,55936,171500
'14NF4',12101,55936,172000
'14NF4',12101,55936,172700
'14NF4',12101,55936,173400
'14NF4',12101,55936,174100
'14NF4',12101,55936,174800
'14NF4',12101,55936,175600
'14NF4',12101,55936,180600
'14NF4',12101,55936,181600
'14NF4',12101,55936,182600
'14NF4',12101,55936,184100
'14NF4',12101,55936,185600
'14NF4',12101,55936,191600
'14NF4',12101,55936,193600
'14NF4',12101,55936,195600
'14NF4',12101,55936,201600
'14NF4',12101,55936,204000
'14NF4',12101,55936,210500
'14NF4',12101,55936,213000
'14NF4',12101,55936,215500
'14NF4',12101,55936,221900
'14NF4',12101,55936,225000
'14NF4',12101,55936,232100
'14NF4',12101,55936,235200
'14NF4',12101,55936,242200
'14NF4',12101,55936,245100
'14NF4',12101,55936,252000
'14NI',12101,55936,50000
'14NI',12101,55936,53000
'14NI',12101,55936,60000
'14NI',12101,55936,63000
'14NI',12101,55936,70000
'14NI',12101,55936,73000
'14NI',12101,55936,80000
'14NI',12101,55936,83000
'14NI',12101,55936,90000
'14NI',12101,55936,92000
'14NI',12101,55936,94000
'14NI',12101,55936,100000
'14NI',12101,55936,102000
'14NI',12101,55936,104000
'14NI',12101,55936,110000
'14NI',12101,55936,111500
'14NI',12101,55936,113000
'14NI',12101,55936,114500
'14NI',12101,55936,120000
'14NI',12101,55936,121500
'14NI',12101,55936,123000
'14NI',12101,55936,124600
'14NI',12101,55936,130200
'14NI',12101,55936,131300
'14NI',12101,55936,132400
'14NI',12101,55936,133500
'14NI',12101,55936,134500
'14NI',12101,55936,135300
'14NI',12101,55936,140000
'14NI',12101,55936,140700
'14NI',12101,55936,141700
'14NI',12101,55936,142700
'14NI',12101,55936,143600
'14NI',12101,55936,144400
'14NI',12101,55936,145400
'14NI',12101,55936,150400
'14NI',12101,55936,151400
'14NI',12101,55936,152400
'14NI',12101,55936,153100
'14NI',12101,55936,153700
'14NI',12101,55936,154300
'14NI',12101,55936,155200
'14NI',12101,55936,160200
'14NI',12101,55936,161200
'14NI',12101,55936,162100
'14NI',12101,55936,162900
'14NI',12101,55936,163600
'14NI',12101,55936,164300
'14NI',12101,55936,164900
'14NI',12101,55936,165500
'14NI',12101,55936,170100
'14NI',12101,55936,170700
'14NI',12101,55936,171400
'14NI',12101,55936,172200
'14NI',12101,55936,172900
'14NI',12101,55936,173900
'14NI',12101,55936,174800
'14NI',12101,55936,175800
'14NI',12101,55936,180800
'14NI',12101,55936,181800
'14NI',12101,55936,182800
'14NI',12101,55936,183800
'14NI',12101,55936,185300
'14NI',12101,55936,190800
'14NI',12101,55936,192400
'14NI',12101,55936,194700
'14NI',12101,55936,201400
'14NI',12101,55936,204200
'14NI',12101,55936,211000
'14NI',12101,55936,213900
'14NI',12101,55936,220900
'14NI',12101,55936,223900
'14NI',12101,55936,230900
'14NI',12101,55936,234100
'14NI',12101,55936,241400
'14NI',12101,55936,244700
'14NI',12101,55936,252000
'14NS',12101,55936,45800
'14NS',12101,55936,52800
'14NS',12101,55936,55700
'14NS',12101,55936,60700
'14NS',12101,55936,61700
'14NS',12101,55936,62700
'14NS',12101,55936,63700
'14NS',12101,55936,64500
'14NS',12101,55936,65200
'14NS',12101,55936,65900
'14NS',12101,55936,70400
'14NS',12101,55936,70900
'14NS',12101,55936,71400
'14NS',12101,55936,72100
'14NS',12101,55936,72800
'14NS',12101,55936,73600
'14NS',12101,55936,74400
'14NS',12101,55936,75100
'14NS',12101,55936,75800
'14NS',12101,55936,80600
'14NS',12101,55936,81400
'14NS',12101,55936,82400
'14NS',12101,55936,83400
'14NS',12101,55936,84400
'14NS',12101,55936,85400
'14NS',12101,55936,90400
'14NS',12101,55936,91400
'14NS',12101,55936,92400
'14NS',12101,55936,93400
'14NS',12101,55936,94400
'14NS',12101,55936,95400
'14NS',12101,55936,100200
'14NS',12101,55936,101000
'14NS',12101,55936,101800
'14NS',12101,55936,102800
'14NS',12101,55936,103800
'14NS',12101,55936,104800
'14NS',12101,55936,105800
'14NS',12101,55936,110800
'14NS',12101,55936,111800
'14NS',12101,55936,112800
'14NS',12101,55936,113800
'14NS',12101,55936,114800
'14NS',12101,55936,115700
'14NS',12101,55936,120600
'14NS',12101,55936,121500
'14NS',12101,55936,122300
'14NS',12101,55936,123100
'14NS',12101,55936,124000
'14NS',12101,55936,125000
'14NS',12101,55936,130000
'14NS',12101,55936,131000
'14NS',12101,55936,132000
'14NS',12101,55936,133000
'14NS',12101,55936,133900
'14NS',12101,55936,134800
'14NS',12101,55936,135700
'14NS',12101,55936,140500
'14NS',12101,55936,141300
'14NS',12101,55936,142000
'14NS',12101,55936,142800
'14NS',12101,55936,143600
'14NS',12101,55936,144500
'14NS',12101,55936,145200
'14NS',12101,55936,145900
'14NS',12101,55936,150600
'14NS',12101,55936,151200
'14NS',12101,55936,151700
'14NS',12101,55936,152200
'14NS',12101,55936,152700
'14NS',12101,55936,153200
'14NS',12101,55936,153700
'14NS',12101,55936,154200
'14NS',12101,55936,154700
'14NS',12101,55936,155300
'14NS',12101,55936,155800
'14NS',12101,55936,160400
'14NS',12101,55936,160900
'14NS',12101,55936,161400
'14NS',12101,55936,161900
'14NS',12101,55936,162400
'14NS',12101,55936,162900
'14NS',12101,55936,163400
'14NS',12101,55936,163900
'14NS',12101,55936,164400
'14NS',12101,55936,164900
'14NS',12101,55936,165400
'14NS',12101,55936,165800
'14NS',12101,55936,170300
'14NS',12101,55936,170800
'14NS',12101,55936,171400
'14NS',12101,55936,172100
'14NS',12101,55936,172900
'14NS',12101,55936,173600
'14NS',12101,55936,174300
'14NS',12101,55936,175100
'14NS',12101,55936,175900
'14NS',12101,55936,180700
'14NS',12101,55936,181400
'14NS',12101,55936,182400
'14NS',12101,55936,183400
'14NS',12101,55936,184400
'14NS',12101,55936,185400
'14NS',12101,55936,190400
'14NS',12101,55936,191400
'14NS',12101,55936,192400
'14NS',12101,55936,193400
'14NS',12101,55936,194400
'14NS',12101,55936,195400
'14NS',12101,55936,200400
'14NS',12101,55936,201400
'14NS',12101,55936,202400
'14NS',12101,55936,203400
'14NS',12101,55936,204400
'14NS',12101,55936,205400
'14NS',12101,55936,211400
'14NS',12101,55936,213400
'14NS',12101,55936,215400
'14NS',12101,55936,221400
'14NS',12101,55936,223400
'14NS',12101,55936,225400
'14NS',12101,55936,231400
'14NS',12101,55936,234300
'14NS',12101,55936,241300
'14NS',12101,55936,244700
'14NS',12101,55936,252000
