'15UA',20301,57679,61300
'15UA',20301,57679,64300
'15UA',20301,57679,71300
'15UA',20301,57679,74300
'15UA',20301,57679,81300
'15UA',20301,57679,84300
'15UA',20301,57679,91300
'15UA',20301,57679,94400
'15UA',20301,57679,101500
'15UA',20301,57679,104600
'15UA',20301,57679,111400
'15UA',20301,57679,114500
'15UA',20301,57679,121600
'15UA',20301,57679,124500
'15UA',20301,57679,131600
'15UA',20301,57679,134700
'15UA',20301,57679,141700
'15UA',20301,57679,144800
'15UA',20301,57679,151900
'15UA',20301,57679,154900
'15UA',20301,57679,161900
'15UA',20301,57679,165000
'15UA',20301,57679,172000
'15UA',20301,57679,175000
'15UA',20301,57679,181900
'15UA',20301,57679,185000
'15UA',20301,57679,191700
'15UA',20301,57679,194600
'15UA',20301,57679,201500
'15UA',20301,57679,204400
'15UA',20301,57679,211400
'15UA',20301,57679,214300
'15UA',20301,57679,221300
'15UA',20301,57679,224300
'15UA',20301,57679,231200
'15UA',20301,57679,234200
'15UA',20301,57679,241200
'15UF1',20301,57679,71200
'15UF1',20301,57679,74200
'15UF1',20301,57679,81200
'15UF1',20301,57679,84200
'15UF1',20301,57679,91300
'15UF1',20301,57679,94300
'15UF1',20301,57679,101300
'15UF1',20301,57679,104300
'15UF1',20301,57679,111300
'15UF1',20301,57679,114400
'15UF1',20301,57679,121500
'15UF1',20301,57679,124500
'15UF1',20301,57679,131500
'15UF1',20301,57679,134500
'15UF1',20301,57679,141500
'15UF1',20301,57679,144500
'15UF1',20301,57679,151500
'15UF1',20301,57679,154500
'15UF1',20301,57679,161500
'15UF1',20301,57679,164500
'15UF1',20301,57679,171400
'15UF1',20301,57679,174400
'15UF1',20301,57679,181400
'15UF1',20301,57679,184400
'15UF1',20301,57679,191300
'15UF1',20301,57679,194200
'15UF1',20301,57679,201200
'15UF1',20301,57679,204200
'15UF1',20301,57679,211200
'15UF1',20301,57679,214200
'15UF1',20301,57679,221200
'15UF1',20301,57679,224200
'15UF1',20301,57679,231200
'15UF1',20301,57679,234200
'15UF1',20301,57679,241200
'15UF2',20301,57679,71200
'15UF2',20301,57679,74200
'15UF2',20301,57679,81200
'15UF2',20301,57679,84200
'15UF2',20301,57679,91300
'15UF2',20301,57679,94300
'15UF2',20301,57679,101300
'15UF2',20301,57679,104300
'15UF2',20301,57679,111300
'15UF2',20301,57679,114400
'15UF2',20301,57679,121500
'15UF2',20301,57679,124500
'15UF2',20301,57679,131500
'15UF2',20301,57679,134500
'15UF2',20301,57679,141500
'15UF2',20301,57679,144500
'15UF2',20301,57679,151500
'15UF2',20301,57679,154500
'15UF2',20301,57679,161500
'15UF2',20301,57679,164500
'15UF2',20301,57679,171400
'15UF2',20301,57679,174400
'15UF2',20301,57679,181400
'15UF2',20301,57679,184400
'15UF2',20301,57679,191300
'15UF2',20301,57679,194200
'15UF2',20301,57679,201200
'15UF2',20301,57679,204200
'15UF2',20301,57679,211200
'15UF2',20301,57679,214200
'15UF2',20301,57679,221200
'15UF2',20301,57679,224200
'15UF2',20301,57679,231200
'15UF2',20301,57679,234200
'15UF2',20301,57679,241200
'15UI',20301,57679,71200
'15UI',20301,57679,74200
'15UI',20301,57679,81200
'15UI',20301,57679,84200
'15UI',20301,57679,91300
'15UI',20301,57679,94300
'15UI',20301,57679,101300
'15UI',20301,57679,104300
'15UI',20301,57679,111300
'15UI',20301,57679,114400
'15UI',20301,57679,121500
'15UI',20301,57679,124500
'15UI',20301,57679,131500
'15UI',20301,57679,134500
'15UI',20301,57679,141500
'15UI',20301,57679,144500
'15UI',20301,57679,151500
'15UI',20301,57679,154500
'15UI',20301,57679,161500
'15UI',20301,57679,164500
'15UI',20301,57679,171400
'15UI',20301,57679,174400
'15UI',20301,57679,181400
'15UI',20301,57679,184400
'15UI',20301,57679,191300
'15UI',20301,57679,194200
'15UI',20301,57679,201200
'15UI',20301,57679,204200
'15UI',20301,57679,211200
'15UI',20301,57679,214200
'15UI',20301,57679,221200
'15UI',20301,57679,224200
'15UI',20301,57679,231200
'15UI',20301,57679,234200
'15UI',20301,57679,241200
'15US',20301,57679,60800
'15US',20301,57679,64600
'15US',20301,57679,70400
'15US',20301,57679,71700
'15US',20301,57679,73000
'15US',20301,57679,75300
'15US',20301,57679,80700
'15US',20301,57679,83100
'15US',20301,57679,84400
'15US',20301,57679,91300
'15US',20301,57679,94300
'15US',20301,57679,101300
'15US',20301,57679,104400
'15US',20301,57679,111500
'15US',20301,57679,114600
'15US',20301,57679,121700
'15US',20301,57679,124800
'15US',20301,57679,131900
'15US',20301,57679,134900
'15US',20301,57679,141900
'15US',20301,57679,145000
'15US',20301,57679,151900
'15US',20301,57679,154700
'15US',20301,57679,161500
'15US',20301,57679,164300
'15US',20301,57679,171300
'15US',20301,57679,174200
'15US',20301,57679,181200
'15US',20301,57679,184400
'15US',20301,57679,191400
'15US',20301,57679,194400
'15US',20301,57679,201400
'15US',20301,57679,204400
'15US',20301,57679,211300
'15US',20301,57679,214400
'15US',20301,57679,221300
'15US',20301,57679,224300
'15US',20301,57679,231300
'15US',20301,57679,234300
'15US',20301,57679,241300
