'15JA',20201,57788,60800
'15JA',20201,57788,63800
'15JA',20201,57788,70800
'15JA',20201,57788,73800
'15JA',20201,57788,80800
'15JA',20201,57788,83800
'15JA',20201,57788,90800
'15JA',20201,57788,93800
'15JA',20201,57788,100800
'15JA',20201,57788,103900
'15JA',20201,57788,110900
'15JA',20201,57788,113000
'15JA',20201,57788,115000
'15JA',20201,57788,121000
'15JA',20201,57788,123000
'15JA',20201,57788,125000
'15JA',20201,57788,131000
'15JA',20201,57788,133000
'15JA',20201,57788,135100
'15JA',20201,57788,141100
'15JA',20201,57788,143100
'15JA',20201,57788,145100
'15JA',20201,57788,151100
'15JA',20201,57788,153100
'15JA',20201,57788,155100
'15JA',20201,57788,161100
'15JA',20201,57788,163100
'15JA',20201,57788,165100
'15JA',20201,57788,171100
'15JA',20201,57788,173100
'15JA',20201,57788,175100
'15JA',20201,57788,181000
'15JA',20201,57788,183800
'15JA',20201,57788,190800
'15JA',20201,57788,193800
'15JA',20201,57788,200800
'15JA',20201,57788,203800
'15JA',20201,57788,210800
'15JA',20201,57788,213800
'15JA',20201,57788,220800
'15JA',20201,57788,223800
'15JA',20201,57788,230800
'15JA',20201,57788,233800
'15JA',20201,57788,240700
'15JI',20201,57788,70800
'15JI',20201,57788,73800
'15JI',20201,57788,80800
'15JI',20201,57788,83800
'15JI',20201,57788,90800
'15JI',20201,57788,93800
'15JI',20201,57788,100800
'15JI',20201,57788,103800
'15JI',20201,57788,110800
'15JI',20201,57788,113800
'15JI',20201,57788,120900
'15JI',20201,57788,123900
'15JI',20201,57788,130900
'15JI',20201,57788,133900
'15JI',20201,57788,141000
'15JI',20201,57788,144100
'15JI',20201,57788,151100
'15JI',20201,57788,154100
'15JI',20201,57788,161100
'15JI',20201,57788,164100
'15JI',20201,57788,171100
'15JI',20201,57788,174100
'15JI',20201,57788,181000
'15JI',20201,57788,183900
'15JI',20201,57788,190800
'15JI',20201,57788,193800
'15JI',20201,57788,200700
'15JI',20201,57788,203700
'15JI',20201,57788,210700
'15JI',20201,57788,213700
'15JI',20201,57788,220700
'15JI',20201,57788,223700
'15JI',20201,57788,230700
'15JI',20201,57788,233700
'15JI',20201,57788,240700
'15JS',20201,57788,54800
'15JS',20201,57788,60800
'15JS',20201,57788,62900
'15JS',20201,57788,64800
'15JS',20201,57788,70700
'15JS',20201,57788,72800
'15JS',20201,57788,74700
'15JS',20201,57788,81000
'15JS',20201,57788,84000
'15JS',20201,57788,91000
'15JS',20201,57788,94000
'15JS',20201,57788,101000
'15JS',20201,57788,104000
'15JS',20201,57788,111100
'15JS',20201,57788,114100
'15JS',20201,57788,121100
'15JS',20201,57788,124200
'15JS',20201,57788,131300
'15JS',20201,57788,134300
'15JS',20201,57788,140300
'15JS',20201,57788,142300
'15JS',20201,57788,144300
'15JS',20201,57788,151300
'15JS',20201,57788,154300
'15JS',20201,57788,161300
'15JS',20201,57788,164400
'15JS',20201,57788,171500
'15JS',20201,57788,174400
'15JS',20201,57788,181400
'15JS',20201,57788,184400
'15JS',20201,57788,191300
'15JS',20201,57788,194200
'15JS',20201,57788,201100
'15JS',20201,57788,204100
'15JS',20201,57788,211100
'15JS',20201,57788,214000
'15JS',20201,57788,220900
'15JS',20201,57788,223900
'15JS',20201,57788,230900
'15JS',20201,57788,233800
'15JS',20201,57788,240700
'15JS',48501,57788,55600
'15JS',48501,57788,62600
'15JS',48501,57788,65300
'15JS',48501,57788,71100
'15JS',48501,57788,72400
'15JS',48501,57788,73900
'15JS',48501,57788,75400
'15JS',48501,57788,80900
'15JS',48501,57788,82400
'15JS',48501,57788,83900
'15JS',48501,57788,85400
'15JS',48501,57788,91400
'15JS',48501,57788,94300
'15JS',48501,57788,101300
'15JS',48501,57788,104300
'15JS',48501,57788,111300
'15JS',48501,57788,114400
'15JS',48501,57788,121500
'15JS',48501,57788,124700
'15JS',48501,57788,131900
'15JS',48501,57788,134900
'15JS',48501,57788,142000
'15JS',48501,57788,145100
'15JS',48501,57788,152100
'15JS',48501,57788,155100
'15JS',48501,57788,162100
'15JS',48501,57788,165100
'15JS',48501,57788,172000
'15JS',48501,57788,174900
'15JS',48501,57788,181800
'15JS',48501,57788,184500
'15JS',48501,57788,191400
'15JS',48501,57788,194300
