'15MA',20103,57643,63600
'15MA',20103,57643,70600
'15MA',20103,57643,73600
'15MA',20103,57643,80700
'15MA',20103,57643,83800
'15MA',20103,57643,90900
'15MA',20103,57643,94000
'15MA',20103,57643,100200
'15MA',20103,57643,102300
'15MA',20103,57643,104700
'15MA',20103,57643,110900
'15MA',20103,57643,113000
'15MA',20103,57643,115200
'15MA',20103,57643,121400
'15MA',20103,57643,123800
'15MA',20103,57643,130300
'15MA',20103,57643,132900
'15MA',20103,57643,135100
'15MA',20103,57643,141300
'15MA',20103,57643,143500
'15MA',20103,57643,145800
'15MA',20103,57643,152300
'15MA',20103,57643,154800
'15MA',20103,57643,161000
'15MA',20103,57643,163200
'15MA',20103,57643,165400
'15MA',20103,57643,171700
'15MA',20103,57643,174000
'15MA',20103,57643,180400
'15MA',20103,57643,182900
'15MA',20103,57643,190100
'15MA',20103,57643,193400
'15MA',20103,57643,195700
'15MA',20103,57643,203000
'15MA',20103,57643,210200
'15MA',20103,57643,213400
'15MA',20103,57643,220400
'15MA',20103,57643,223600
'15MA',20103,57643,230700
'15MA',20103,57643,233700
'15MA',20103,57643,240700
'15MF1',20103,57643,63600
'15MF1',20103,57643,70600
'15MF1',20103,57643,73600
'15MF1',20103,57643,80700
'15MF1',20103,57643,83800
'15MF1',20103,57643,90900
'15MF1',20103,57643,94000
'15MF1',20103,57643,100200
'15MF1',20103,57643,102300
'15MF1',20103,57643,104700
'15MF1',20103,57643,110900
'15MF1',20103,57643,113000
'15MF1',20103,57643,115200
'15MF1',20103,57643,121400
'15MF1',20103,57643,123800
'15MF1',20103,57643,130300
'15MF1',20103,57643,132900
'15MF1',20103,57643,135100
'15MF1',20103,57643,141300
'15MF1',20103,57643,143500
'15MF1',20103,57643,145800
'15MF1',20103,57643,152300
'15MF1',20103,57643,154800
'15MF1',20103,57643,161000
'15MF1',20103,57643,163200
'15MF1',20103,57643,165400
'15MF1',20103,57643,171700
'15MF1',20103,57643,174000
'15MF1',20103,57643,180400
'15MF1',20103,57643,182900
'15MF1',20103,57643,190100
'15MF1',20103,57643,193400
'15MF1',20103,57643,195700
'15MF1',20103,57643,203000
'15MF1',20103,57643,210200
'15MF1',20103,57643,213400
'15MF1',20103,57643,220400
'15MF1',20103,57643,223600
'15MF1',20103,57643,230700
'15MF1',20103,57643,233700
'15MF1',20103,57643,240700
'15MF2',20103,57643,63600
'15MF2',20103,57643,70600
'15MF2',20103,57643,73600
'15MF2',20103,57643,80700
'15MF2',20103,57643,83800
'15MF2',20103,57643,90900
'15MF2',20103,57643,94000
'15MF2',20103,57643,100200
'15MF2',20103,57643,102300
'15MF2',20103,57643,104700
'15MF2',20103,57643,110900
'15MF2',20103,57643,113000
'15MF2',20103,57643,115200
'15MF2',20103,57643,121400
'15MF2',20103,57643,123800
'15MF2',20103,57643,130300
'15MF2',20103,57643,132900
'15MF2',20103,57643,135100
'15MF2',20103,57643,141300
'15MF2',20103,57643,143500
'15MF2',20103,57643,145800
'15MF2',20103,57643,152300
'15MF2',20103,57643,154800
'15MF2',20103,57643,161000
'15MF2',20103,57643,163200
'15MF2',20103,57643,165400
'15MF2',20103,57643,171700
'15MF2',20103,57643,174000
'15MF2',20103,57643,180400
'15MF2',20103,57643,182900
'15MF2',20103,57643,190100
'15MF2',20103,57643,193400
'15MF2',20103,57643,195700
'15MF2',20103,57643,203000
'15MF2',20103,57643,210200
'15MF2',20103,57643,213400
'15MF2',20103,57643,220400
'15MF2',20103,57643,223600
'15MF2',20103,57643,230700
'15MF2',20103,57643,233700
'15MF2',20103,57643,240700
'15MF3',20103,57643,63600
'15MF3',20103,57643,70600
'15MF3',20103,57643,73600
'15MF3',20103,57643,80700
'15MF3',20103,57643,83800
'15MF3',20103,57643,90900
'15MF3',20103,57643,94000
'15MF3',20103,57643,100200
'15MF3',20103,57643,102300
'15MF3',20103,57643,104700
'15MF3',20103,57643,110900
'15MF3',20103,57643,113000
'15MF3',20103,57643,115200
'15MF3',20103,57643,121400
'15MF3',20103,57643,123800
'15MF3',20103,57643,130300
'15MF3',20103,57643,132900
'15MF3',20103,57643,135100
'15MF3',20103,57643,141300
'15MF3',20103,57643,143500
'15MF3',20103,57643,145800
'15MF3',20103,57643,152300
'15MF3',20103,57643,154800
'15MF3',20103,57643,161000
'15MF3',20103,57643,163200
'15MF3',20103,57643,165400
'15MF3',20103,57643,171700
'15MF3',20103,57643,174000
'15MF3',20103,57643,180400
'15MF3',20103,57643,182900
'15MF3',20103,57643,190100
'15MF3',20103,57643,193400
'15MF3',20103,57643,195700
'15MF3',20103,57643,203000
'15MF3',20103,57643,210200
'15MF3',20103,57643,213400
'15MF3',20103,57643,220400
'15MF3',20103,57643,223600
'15MF3',20103,57643,230700
'15MF3',20103,57643,233700
'15MF3',20103,57643,240700
'15MI',20103,57643,72700
'15MI',20103,57643,80200
'15MI',20103,57643,83500
'15MI',20103,57643,90700
'15MI',20103,57643,93900
'15MI',20103,57643,101100
'15MI',20103,57643,104500
'15MI',20103,57643,111700
'15MI',20103,57643,115000
'15MI',20103,57643,122300
'15MI',20103,57643,125700
'15MI',20103,57643,133100
'15MI',20103,57643,140600
'15MI',20103,57643,143900
'15MI',20103,57643,151200
'15MI',20103,57643,154600
'15MI',20103,57643,162000
'15MI',20103,57643,165200
'15MI',20103,57643,172400
'15MI',20103,57643,175500
'15MI',20103,57643,182600
'15MI',20103,57643,185600
'15MI',20103,57643,192700
'15MI',20103,57643,195700
'15MI',20103,57643,202900
'15MI',20103,57643,210100
'15MI',20103,57643,213300
'15MI',20103,57643,220500
'15MI',20103,57643,223600
'15MI',20103,57643,230600
'15MI',20103,57643,233600
'15MI',20103,57643,240700
'15MS',20103,57643,63900
'15MS',20103,57643,71600
'15MS',20103,57643,75500
'15MS',20103,57643,82100
'15MS',20103,57643,90500
'15MS',20103,57643,94200
'15MS',20103,57643,101600
'15MS',20103,57643,105000
'15MS',20103,57643,112500
'15MS',20103,57643,115900
'15MS',20103,57643,123200
'15MS',20103,57643,130700
'15MS',20103,57643,134200
'15MS',20103,57643,142000
'15MS',20103,57643,145700
'15MS',20103,57643,153700
'15MS',20103,57643,161600
'15MS',20103,57643,165600
'15MS',20103,57643,173500
'15MS',20103,57643,180200
'15MS',20103,57643,183200
'15MS',20103,57643,190000
'15MS',20103,57643,193200
'15MS',20103,57643,200600
'15MS',20103,57643,203700
'15MS',20103,57643,210900
'15MS',20103,57643,214100
'15MS',20103,57643,221100
'15MS',20103,57643,224000
'15MS',20103,57643,230800
'15MS',20103,57643,233700
'15MS',20103,57643,240800
'15MA',21101,57643,62300
'15MA',21101,57643,65300
'15MA',21101,57643,72000
'15MA',21101,57643,73900
'15MA',21101,57643,75500
'15MA',21101,57643,81000
'15MA',21101,57643,82500
'15MA',21101,57643,84000
'15MA',21101,57643,85600
'15MA',21101,57643,91200
'15MA',21101,57643,92900
'15MA',21101,57643,94600
'15MA',21101,57643,100200
'15MA',21101,57643,101900
'15MA',21101,57643,103600
'15MA',21101,57643,105400
'15MA',21101,57643,111100
'15MA',21101,57643,112800
'15MA',21101,57643,114100
'15MA',21101,57643,115300
'15MA',21101,57643,120500
'15MA',21101,57643,121800
'15MA',21101,57643,123100
'15MA',21101,57643,124300
'15MA',21101,57643,125500
'15MA',21101,57643,130600
'15MA',21101,57643,131700
'15MA',21101,57643,132900
'15MA',21101,57643,134100
'15MA',21101,57643,135300
'15MA',21101,57643,140500
'15MA',21101,57643,141700
'15MA',21101,57643,143000
'15MA',21101,57643,144200
'15MA',21101,57643,145400
'15MA',21101,57643,150600
'15MA',21101,57643,151800
'15MA',21101,57643,153000
'15MA',21101,57643,154300
'15MA',21101,57643,155600
'15MA',21101,57643,160900
'15MA',21101,57643,162200
'15MA',21101,57643,163500
'15MA',21101,57643,164800
'15MA',21101,57643,165800
'15MA',21101,57643,170800
'15MA',21101,57643,171800
'15MA',21101,57643,172800
'15MA',21101,57643,173700
'15MA',21101,57643,174700
'15MA',21101,57643,175700
'15MA',21101,57643,181100
'15MA',21101,57643,182800
'15MA',21101,57643,184500
'15MA',21101,57643,190200
'15MA',21101,57643,191800
'15MA',21101,57643,193400
'15MA',21101,57643,195000
'15MA',21101,57643,200700
'15MA',21101,57643,202400
'15MA',21101,57643,204200
'15MA',21101,57643,210100
'15MA',21101,57643,212200
'15MA',21101,57643,214300
'15MA',21101,57643,220500
'15MA',21101,57643,222700
'15MA',21101,57643,224900
'15MA',21101,57643,231400
'15MA',21101,57643,233900
'15MA',21101,57643,240500
'15MA',21101,57643,243100
'15MA',21101,57643,245700
'15MF1',21101,57643,62300
'15MF1',21101,57643,65300
'15MF1',21101,57643,72000
'15MF1',21101,57643,73900
'15MF1',21101,57643,75500
'15MF1',21101,57643,81000
'15MF1',21101,57643,82500
'15MF1',21101,57643,84000
'15MF1',21101,57643,85600
'15MF1',21101,57643,91200
'15MF1',21101,57643,92900
'15MF1',21101,57643,94600
'15MF1',21101,57643,100200
'15MF1',21101,57643,101900
'15MF1',21101,57643,103600
'15MF1',21101,57643,105400
'15MF1',21101,57643,111100
'15MF1',21101,57643,112800
'15MF1',21101,57643,114100
'15MF1',21101,57643,115300
'15MF1',21101,57643,120500
'15MF1',21101,57643,121800
'15MF1',21101,57643,123100
'15MF1',21101,57643,124300
'15MF1',21101,57643,125500
'15MF1',21101,57643,130600
'15MF1',21101,57643,131700
'15MF1',21101,57643,132900
'15MF1',21101,57643,134100
'15MF1',21101,57643,135300
'15MF1',21101,57643,140500
'15MF1',21101,57643,141700
'15MF1',21101,57643,143000
'15MF1',21101,57643,144200
'15MF1',21101,57643,145400
'15MF1',21101,57643,150600
'15MF1',21101,57643,151800
'15MF1',21101,57643,153000
'15MF1',21101,57643,154300
'15MF1',21101,57643,155600
'15MF1',21101,57643,160900
'15MF1',21101,57643,162200
'15MF1',21101,57643,163500
'15MF1',21101,57643,164800
'15MF1',21101,57643,165800
'15MF1',21101,57643,170800
'15MF1',21101,57643,171800
'15MF1',21101,57643,172800
'15MF1',21101,57643,173700
'15MF1',21101,57643,174700
'15MF1',21101,57643,175700
'15MF1',21101,57643,181100
'15MF1',21101,57643,182800
'15MF1',21101,57643,184500
'15MF1',21101,57643,190200
'15MF1',21101,57643,191800
'15MF1',21101,57643,193400
'15MF1',21101,57643,195000
'15MF1',21101,57643,200700
'15MF1',21101,57643,202400
'15MF1',21101,57643,204200
'15MF1',21101,57643,210100
'15MF1',21101,57643,212200
'15MF1',21101,57643,214300
'15MF1',21101,57643,220500
'15MF1',21101,57643,222700
'15MF1',21101,57643,224900
'15MF1',21101,57643,231400
'15MF1',21101,57643,233900
'15MF1',21101,57643,240900
'15MF1',21101,57643,243900
'15MF2',21101,57643,62300
'15MF2',21101,57643,65300
'15MF2',21101,57643,72000
'15MF2',21101,57643,73900
'15MF2',21101,57643,75500
'15MF2',21101,57643,81000
'15MF2',21101,57643,82500
'15MF2',21101,57643,84000
'15MF2',21101,57643,85600
'15MF2',21101,57643,90900
'15MF2',21101,57643,92900
'15MF2',21101,57643,94600
'15MF2',21101,57643,100200
'15MF2',21101,57643,101900
'15MF2',21101,57643,103600
'15MF2',21101,57643,105400
'15MF2',21101,57643,111100
'15MF2',21101,57643,112800
'15MF2',21101,57643,114100
'15MF2',21101,57643,115300
'15MF2',21101,57643,120500
'15MF2',21101,57643,121800
'15MF2',21101,57643,123100
'15MF2',21101,57643,124300
'15MF2',21101,57643,125500
'15MF2',21101,57643,130600
'15MF2',21101,57643,131700
'15MF2',21101,57643,132900
'15MF2',21101,57643,134100
'15MF2',21101,57643,135300
'15MF2',21101,57643,140500
'15MF2',21101,57643,141700
'15MF2',21101,57643,143000
'15MF2',21101,57643,144200
'15MF2',21101,57643,145400
'15MF2',21101,57643,150600
'15MF2',21101,57643,151800
'15MF2',21101,57643,153000
'15MF2',21101,57643,154300
'15MF2',21101,57643,155600
'15MF2',21101,57643,160900
'15MF2',21101,57643,162200
'15MF2',21101,57643,163500
'15MF2',21101,57643,164800
'15MF2',21101,57643,165800
'15MF2',21101,57643,170800
'15MF2',21101,57643,171800
'15MF2',21101,57643,172800
'15MF2',21101,57643,173700
'15MF2',21101,57643,174700
'15MF2',21101,57643,175700
'15MF2',21101,57643,181100
'15MF2',21101,57643,182800
'15MF2',21101,57643,184500
'15MF2',21101,57643,190200
'15MF2',21101,57643,191800
'15MF2',21101,57643,193400
'15MF2',21101,57643,195000
'15MF2',21101,57643,200700
'15MF2',21101,57643,202400
'15MF2',21101,57643,204200
'15MF2',21101,57643,210100
'15MF2',21101,57643,212200
'15MF2',21101,57643,214300
'15MF2',21101,57643,220500
'15MF2',21101,57643,222700
'15MF2',21101,57643,224900
'15MF2',21101,57643,231400
'15MF2',21101,57643,233900
'15MF2',21101,57643,240900
'15MF2',21101,57643,243900
'15MF3',21101,57643,61800
'15MF3',21101,57643,64800
'15MF3',21101,57643,71800
'15MF3',21101,57643,74500
'15MF3',21101,57643,80500
'15MF3',21101,57643,82500
'15MF3',21101,57643,84500
'15MF3',21101,57643,90300
'15MF3',21101,57643,91800
'15MF3',21101,57643,93300
'15MF3',21101,57643,94800
'15MF3',21101,57643,100300
'15MF3',21101,57643,101800
'15MF3',21101,57643,103200
'15MF3',21101,57643,104700
'15MF3',21101,57643,110200
'15MF3',21101,57643,111800
'15MF3',21101,57643,113400
'15MF3',21101,57643,114900
'15MF3',21101,57643,120400
'15MF3',21101,57643,121900
'15MF3',21101,57643,123400
'15MF3',21101,57643,124900
'15MF3',21101,57643,130400
'15MF3',21101,57643,131900
'15MF3',21101,57643,133300
'15MF3',21101,57643,134700
'15MF3',21101,57643,135900
'15MF3',21101,57643,141100
'15MF3',21101,57643,142400
'15MF3',21101,57643,143700
'15MF3',21101,57643,145100
'15MF3',21101,57643,150500
'15MF3',21101,57643,152000
'15MF3',21101,57643,153500
'15MF3',21101,57643,155000
'15MF3',21101,57643,160600
'15MF3',21101,57643,162200
'15MF3',21101,57643,163800
'15MF3',21101,57643,165400
'15MF3',21101,57643,170900
'15MF3',21101,57643,172500
'15MF3',21101,57643,174100
'15MF3',21101,57643,175900
'15MF3',21101,57643,181800
'15MF3',21101,57643,183700
'15MF3',21101,57643,185700
'15MF3',21101,57643,191800
'15MF3',21101,57643,193900
'15MF3',21101,57643,195900
'15MF3',21101,57643,201900
'15MF3',21101,57643,203800
'15MF3',21101,57643,205700
'15MF3',21101,57643,211700
'15MF3',21101,57643,214000
'15MF3',21101,57643,221000
'15MF3',21101,57643,224100
'15MF3',21101,57643,231100
'15MF3',21101,57643,233900
'15MF3',21101,57643,240800
'15MF3',21101,57643,243900
'15MI',21101,57643,61800
'15MI',21101,57643,64800
'15MI',21101,57643,71800
'15MI',21101,57643,74500
'15MI',21101,57643,80500
'15MI',21101,57643,82500
'15MI',21101,57643,84500
'15MI',21101,57643,90300
'15MI',21101,57643,91800
'15MI',21101,57643,93300
'15MI',21101,57643,94800
'15MI',21101,57643,100300
'15MI',21101,57643,101800
'15MI',21101,57643,103200
'15MI',21101,57643,104700
'15MI',21101,57643,110200
'15MI',21101,57643,111800
'15MI',21101,57643,113400
'15MI',21101,57643,114900
'15MI',21101,57643,120400
'15MI',21101,57643,121900
'15MI',21101,57643,123400
'15MI',21101,57643,124900
'15MI',21101,57643,130400
'15MI',21101,57643,131900
'15MI',21101,57643,133300
'15MI',21101,57643,134700
'15MI',21101,57643,135900
'15MI',21101,57643,141100
'15MI',21101,57643,142400
'15MI',21101,57643,143700
'15MI',21101,57643,145100
'15MI',21101,57643,150500
'15MI',21101,57643,152000
'15MI',21101,57643,153500
'15MI',21101,57643,155000
'15MI',21101,57643,160600
'15MI',21101,57643,162200
'15MI',21101,57643,163800
'15MI',21101,57643,165400
'15MI',21101,57643,170900
'15MI',21101,57643,172500
'15MI',21101,57643,174100
'15MI',21101,57643,175900
'15MI',21101,57643,181800
'15MI',21101,57643,183700
'15MI',21101,57643,185700
'15MI',21101,57643,191800
'15MI',21101,57643,193900
'15MI',21101,57643,195900
'15MI',21101,57643,201900
'15MI',21101,57643,203800
'15MI',21101,57643,205700
'15MI',21101,57643,211700
'15MI',21101,57643,214000
'15MI',21101,57643,221000
'15MI',21101,57643,224100
'15MI',21101,57643,231100
'15MI',21101,57643,233900
'15MI',21101,57643,240800
'15MI',21101,57643,243900
'15MS',21101,57643,51800
'15MS',21101,57643,54800
'15MS',21101,57643,61600
'15MS',21101,57643,63800
'15MS',21101,57643,65800
'15MS',21101,57643,71800
'15MS',21101,57643,74400
'15MS',21101,57643,81200
'15MS',21101,57643,83900
'15MS',21101,57643,90600
'15MS',21101,57643,93000
'15MS',21101,57643,95500
'15MS',21101,57643,101900
'15MS',21101,57643,104100
'15MS',21101,57643,110000
'15MS',21101,57643,111900
'15MS',21101,57643,113800
'15MS',21101,57643,115700
'15MS',21101,57643,121600
'15MS',21101,57643,123200
'15MS',21101,57643,124800
'15MS',21101,57643,130000
'15MS',21101,57643,131300
'15MS',21101,57643,132600
'15MS',21101,57643,133800
'15MS',21101,57643,135000
'15MS',21101,57643,135900
'15MS',21101,57643,141300
'15MS',21101,57643,142600
'15MS',21101,57643,143900
'15MS',21101,57643,145500
'15MS',21101,57643,151300
'15MS',21101,57643,153000
'15MS',21101,57643,154800
'15MS',21101,57643,160500
'15MS',21101,57643,162500
'15MS',21101,57643,164700
'15MS',21101,57643,171200
'15MS',21101,57643,173900
'15MS',21101,57643,180600
'15MS',21101,57643,183200
'15MS',21101,57643,185900
'15MS',21101,57643,192600
'15MS',21101,57643,195300
'15MS',21101,57643,202100
'15MS',21101,57643,204900
'15MS',21101,57643,211600
'15MS',21101,57643,214400
'15MS',21101,57643,221200
'15MS',21101,57643,224000
'15MS',21101,57643,230800
'15MS',21101,57643,233400
'15MS',21101,57643,235800
'15MS',21101,57643,241800
'15MS',21101,57643,243800
'15MS',42501,57643,55800
'15MS',42501,57643,62300
'15MS',42501,57643,64500
'15MS',42501,57643,70600
'15MS',42501,57643,72600
'15MS',42501,57643,74700
'15MS',42501,57643,80700
'15MS',42501,57643,82600
'15MS',42501,57643,84700
'15MS',42501,57643,91000
'15MS',42501,57643,92800
'15MS',42501,57643,95100
'15MS',42501,57643,102000
'15MS',42501,57643,105000
'15MS',42501,57643,111700
'15MS',42501,57643,114600
'15MS',42501,57643,121700
