'15MA',7002,60686,81900
'15MA',7002,60686,85300
'15MA',7002,60686,92800
'15MA',7002,60686,100400
'15MA',7002,60686,103900
'15MF1',7002,60686,81900
'15MF1',7002,60686,85300
'15MF1',7002,60686,92800
'15MF1',7002,60686,100400
'15MF1',7002,60686,103900
'15MF2',7002,60686,81900
'15MF2',7002,60686,85300
'15MF2',7002,60686,92800
'15MF2',7002,60686,100400
'15MF2',7002,60686,103900
'15MF3',7002,60686,81900
'15MF3',7002,60686,85300
'15MF3',7002,60686,92800
'15MF3',7002,60686,100400
'15MF3',7002,60686,103900
'15MI',7002,60686,81900
'15MI',7002,60686,85400
'15MI',7002,60686,92900
'15MI',7002,60686,100400
'15MI',7002,60686,103900
'15MS',7002,60686,62100
'15MS',7002,60686,65400
'15MS',7002,60686,72400
'15MS',7002,60686,75900
'15MS',7002,60686,82900
'15MS',7002,60686,84800
'15MS',7002,60686,85400
'15MS',7002,60686,91800
'15MS',7002,60686,93700
'15MS',7002,60686,95800
'15MS',7002,60686,102800
'15MS',7002,60686,105800
'15MS',7002,60686,112700
'15MS',7002,60686,115700
'15MS',7002,60686,122700
'15MS',7002,60686,125700
'15MS',7002,60686,132700
'15MS',7002,60686,135700
'15MS',7002,60686,142700
'15MS',7002,60686,145700
'15MS',7002,60686,152800
'15MS',7002,60686,160100
'15MS',7002,60686,162500
'15MS',7002,60686,163800
'15MS',7002,60686,165100
'15MS',7002,60686,170500
'15MS',7002,60686,172000
'15MS',7002,60686,173600
'15MS',7002,60686,175200
'15MS',7002,60686,180800
'15MS',7002,60686,182300
'15MS',7002,60686,183700
'15MS',7002,60686,185200
'15MS',7002,60686,190700
'15MS',7002,60686,192300
'15MS',7002,60686,195300
'15MS',7002,60686,202300
'15MS',7002,60686,205300
'15MS',7002,60686,212300
'15MS',7002,60686,215100
'15MS',7002,60686,221900
'15MS',7002,60686,224900
'15MS',7002,60686,231900
'15MS',7002,60686,234900
'15MS',7002,60686,241900
'15MS',7002,60686,244900
'15MS',7002,60686,251900
'15MS',7002,60686,254900
