'14MA',4301,55093,61600
'14MA',4301,55093,65100
'14MA',4301,55093,72500
'14MA',4301,55093,75800
'14MA',4301,55093,83200
'14MA',4301,55093,90700
'14MA',4301,55093,94200
'14MA',4301,55093,101700
'14MA',4301,55093,105300
'14MA',4301,55093,112900
'14MA',4301,55093,120500
'14MA',4301,55093,123400
'14MA',4301,55093,130200
'14MA',4301,55093,133100
'14MA',4301,55093,140000
'14MA',4301,55093,142800
'14MA',4301,55093,145700
'14MA',4301,55093,152600
'14MA',4301,55093,155500
'14MA',4301,55093,162400
'14MA',4301,55093,165300
'14MA',4301,55093,172200
'14MA',4301,55093,175100
'14MA',4301,55093,182000
'14MA',4301,55093,184800
'14MA',4301,55093,191700
'14MA',4301,55093,194500
'14MA',4301,55093,201400
'14MA',4301,55093,204300
'14MA',4301,55093,211200
'14MA',4301,55093,214100
'14MA',4301,55093,221100
'14MA',4301,55093,230500
'14MA',4301,55093,235900
'14MA',4301,55093,245700
'14MA',4301,55093,255600
'14MF1',4301,55093,54400
'14MF1',4301,55093,61600
'14MF1',4301,55093,64500
'14MF1',4301,55093,71400
'14MF1',4301,55093,74600
'14MF1',4301,55093,81600
'14MF1',4301,55093,84700
'14MF1',4301,55093,91700
'14MF1',4301,55093,94700
'14MF1',4301,55093,101700
'14MF1',4301,55093,104700
'14MF1',4301,55093,111700
'14MF1',4301,55093,114700
'14MF1',4301,55093,121700
'14MF1',4301,55093,124700
'14MF1',4301,55093,131600
'14MF1',4301,55093,134700
'14MF1',4301,55093,141800
'14MF1',4301,55093,144900
'14MF1',4301,55093,152200
'14MF1',4301,55093,155400
'14MF1',4301,55093,162700
'14MF1',4301,55093,165900
'14MF1',4301,55093,173000
'14MF1',4301,55093,180000
'14MF1',4301,55093,183000
'14MF1',4301,55093,185700
'14MF1',4301,55093,192500
'14MF1',4301,55093,195300
'14MF1',4301,55093,202200
'14MF1',4301,55093,205100
'14MF1',4301,55093,213700
'14MF1',4301,55093,222200
'14MF1',4301,55093,230700
'14MF1',4301,55093,240100
'14MF1',4301,55093,245700
'14MF1',4301,55093,255700
'14MF2',4301,55093,54400
'14MF2',4301,55093,61600
'14MF2',4301,55093,64500
'14MF2',4301,55093,71400
'14MF2',4301,55093,74600
'14MF2',4301,55093,81600
'14MF2',4301,55093,84700
'14MF2',4301,55093,91700
'14MF2',4301,55093,94700
'14MF2',4301,55093,101700
'14MF2',4301,55093,104700
'14MF2',4301,55093,111700
'14MF2',4301,55093,114700
'14MF2',4301,55093,121700
'14MF2',4301,55093,124700
'14MF2',4301,55093,131600
'14MF2',4301,55093,134700
'14MF2',4301,55093,141800
'14MF2',4301,55093,144900
'14MF2',4301,55093,152200
'14MF2',4301,55093,155400
'14MF2',4301,55093,162700
'14MF2',4301,55093,165900
'14MF2',4301,55093,173000
'14MF2',4301,55093,180000
'14MF2',4301,55093,183000
'14MF2',4301,55093,185700
'14MF2',4301,55093,192500
'14MF2',4301,55093,195300
'14MF2',4301,55093,202200
'14MF2',4301,55093,205100
'14MF2',4301,55093,213700
'14MF2',4301,55093,222200
'14MF2',4301,55093,230700
'14MF2',4301,55093,240100
'14MF2',4301,55093,245700
'14MF2',4301,55093,255700
'14MF3',4301,55093,65100
'14MF3',4301,55093,72600
'14MF3',4301,55093,80000
'14MF3',4301,55093,83400
'14MF3',4301,55093,90700
'14MF3',4301,55093,94200
'14MF3',4301,55093,101600
'14MF3',4301,55093,105000
'14MF3',4301,55093,112400
'14MF3',4301,55093,115800
'14MF3',4301,55093,123200
'14MF3',4301,55093,130100
'14MF3',4301,55093,133000
'14MF3',4301,55093,135800
'14MF3',4301,55093,142700
'14MF3',4301,55093,145600
'14MF3',4301,55093,152500
'14MF3',4301,55093,155400
'14MF3',4301,55093,162300
'14MF3',4301,55093,165200
'14MF3',4301,55093,172100
'14MF3',4301,55093,175000
'14MF3',4301,55093,181900
'14MF3',4301,55093,184700
'14MF3',4301,55093,191600
'14MF3',4301,55093,194500
'14MF3',4301,55093,201400
'14MF3',4301,55093,204300
'14MF3',4301,55093,211200
'14MF3',4301,55093,214000
'14MF3',4301,55093,221000
'14MF3',4301,55093,230200
'14MF3',4301,55093,235600
'14MF3',4301,55093,245600
'14MF3',4301,55093,255600
'14MI',4301,55093,65100
'14MI',4301,55093,72600
'14MI',4301,55093,80000
'14MI',4301,55093,83400
'14MI',4301,55093,90700
'14MI',4301,55093,94200
'14MI',4301,55093,101600
'14MI',4301,55093,105000
'14MI',4301,55093,112400
'14MI',4301,55093,115800
'14MI',4301,55093,123200
'14MI',4301,55093,130100
'14MI',4301,55093,133000
'14MI',4301,55093,135800
'14MI',4301,55093,142700
'14MI',4301,55093,145600
'14MI',4301,55093,152500
'14MI',4301,55093,155400
'14MI',4301,55093,162300
'14MI',4301,55093,165200
'14MI',4301,55093,172100
'14MI',4301,55093,175000
'14MI',4301,55093,181900
'14MI',4301,55093,184700
'14MI',4301,55093,191600
'14MI',4301,55093,194500
'14MI',4301,55093,201400
'14MI',4301,55093,204300
'14MI',4301,55093,211200
'14MI',4301,55093,214000
'14MI',4301,55093,221000
'14MI',4301,55093,230200
'14MI',4301,55093,235600
'14MI',4301,55093,245600
'14MI',4301,55093,255600
'14MS',4301,55093,54400
'14MS',4301,55093,61600
'14MS',4301,55093,64500
'14MS',4301,55093,71400
'14MS',4301,55093,74600
'14MS',4301,55093,81600
'14MS',4301,55093,84700
'14MS',4301,55093,91900
'14MS',4301,55093,94700
'14MS',4301,55093,101700
'14MS',4301,55093,104700
'14MS',4301,55093,111700
'14MS',4301,55093,114700
'14MS',4301,55093,121700
'14MS',4301,55093,124700
'14MS',4301,55093,131600
'14MS',4301,55093,134700
'14MS',4301,55093,141800
'14MS',4301,55093,144900
'14MS',4301,55093,152200
'14MS',4301,55093,155400
'14MS',4301,55093,162700
'14MS',4301,55093,165900
'14MS',4301,55093,173000
'14MS',4301,55093,180000
'14MS',4301,55093,183000
'14MS',4301,55093,185700
'14MS',4301,55093,192500
'14MS',4301,55093,195300
'14MS',4301,55093,202100
'14MS',4301,55093,205100
'14MS',4301,55093,212100
'14MS',4301,55093,220700
'14MS',4301,55093,225200
'14MS',4301,55093,234900
'14MS',4301,55093,244600
'14MS',4301,55093,254300
