'15US',20903,57451,60700
'15US',20903,57451,63900
'15US',20903,57451,70900
'15US',20903,57451,73700
'15US',20903,57451,80000
'15US',20903,57451,82800
'15US',20903,57451,85700
'15US',20903,57451,92800
'15US',20903,57451,100100
'15US',20903,57451,103400
'15US',20903,57451,110600
'15US',20903,57451,113900
'15US',20903,57451,121200
'15US',20903,57451,124400
'15US',20903,57451,131700
'15US',20903,57451,135000
'15US',20903,57451,142300
'15US',20903,57451,145600
'15US',20903,57451,153000
'15US',20903,57451,160400
'15US',20903,57451,163600
'15US',20903,57451,170100
'15US',20903,57451,170700
'15US',20903,57451,173300
'15US',20903,57451,180200
'15US',20903,57451,183500
'15US',20903,57451,190800
'15US',20903,57451,194100
'15US',20903,57451,201200
'15US',20903,57451,204500
'15US',20903,57451,211800
'15US',20903,57451,215100
'15US',20903,57451,222400
'15US',20903,57451,225400
'15US',20903,57451,232300
'15US',20903,57451,234900
