'15JA',2401,56258,62200
'15JA',2401,56258,65200
'15JA',2401,56258,72200
'15JA',2401,56258,75200
'15JA',2401,56258,82300
'15JA',2401,56258,85500
'15JA',2401,56258,92600
'15JA',2401,56258,95800
'15JA',2401,56258,102600
'15JA',2401,56258,105200
'15JA',2401,56258,111500
'15JA',2401,56258,113600
'15JA',2401,56258,115500
'15JA',2401,56258,121400
'15JA',2401,56258,122400
'15JA',2401,56258,123300
'15JA',2401,56258,124200
'15JA',2401,56258,125100
'15JA',2401,56258,130000
'15JA',2401,56258,130900
'15JA',2401,56258,131900
'15JA',2401,56258,133000
'15JA',2401,56258,134100
'15JA',2401,56258,135300
'15JA',2401,56258,140500
'15JA',2401,56258,141800
'15JA',2401,56258,143000
'15JA',2401,56258,144000
'15JA',2401,56258,145000
'15JA',2401,56258,150000
'15JA',2401,56258,151000
'15JA',2401,56258,151900
'15JA',2401,56258,152600
'15JA',2401,56258,153300
'15JA',2401,56258,154000
'15JA',2401,56258,154700
'15JA',2401,56258,155400
'15JA',2401,56258,160100
'15JA',2401,56258,160900
'15JA',2401,56258,161700
'15JA',2401,56258,162500
'15JA',2401,56258,163200
'15JA',2401,56258,163900
'15JA',2401,56258,164500
'15JA',2401,56258,165200
'15JA',2401,56258,170000
'15JA',2401,56258,170800
'15JA',2401,56258,171500
'15JA',2401,56258,172200
'15JA',2401,56258,172900
'15JA',2401,56258,173500
'15JA',2401,56258,174200
'15JA',2401,56258,175000
'15JA',2401,56258,175800
'15JA',2401,56258,180600
'15JA',2401,56258,181400
'15JA',2401,56258,182200
'15JA',2401,56258,183000
'15JA',2401,56258,183800
'15JA',2401,56258,184600
'15JA',2401,56258,185500
'15JA',2401,56258,190300
'15JA',2401,56258,191200
'15JA',2401,56258,192100
'15JA',2401,56258,193700
'15JA',2401,56258,195600
'15JA',2401,56258,201500
'15JA',2401,56258,203500
'15JA',2401,56258,205400
'15JA',2401,56258,211300
'15JA',2401,56258,213300
'15JA',2401,56258,215300
'15JA',2401,56258,221300
'15JA',2401,56258,223400
'15JA',2401,56258,225500
'15JA',2401,56258,231600
'15JA',2401,56258,233700
'15JA',2401,56258,235600
'15JA',2401,56258,241500
'15JA',2401,56258,243400
'15JA',2401,56258,245200
'15JA',2401,56258,251000
'15JA',2401,56258,252800
'15JA',2401,56258,254600
'15JA',2401,56258,260300
'15JI',2401,56258,62200
'15JI',2401,56258,65200
'15JI',2401,56258,72200
'15JI',2401,56258,75200
'15JI',2401,56258,82200
'15JI',2401,56258,85200
'15JI',2401,56258,92300
'15JI',2401,56258,95500
'15JI',2401,56258,102500
'15JI',2401,56258,104500
'15JI',2401,56258,110500
'15JI',2401,56258,112500
'15JI',2401,56258,114500
'15JI',2401,56258,120400
'15JI',2401,56258,122200
'15JI',2401,56258,123900
'15JI',2401,56258,125400
'15JI',2401,56258,130900
'15JI',2401,56258,132400
'15JI',2401,56258,133900
'15JI',2401,56258,135400
'15JI',2401,56258,140800
'15JI',2401,56258,142200
'15JI',2401,56258,143700
'15JI',2401,56258,145100
'15JI',2401,56258,150200
'15JI',2401,56258,151300
'15JI',2401,56258,152300
'15JI',2401,56258,153300
'15JI',2401,56258,154300
'15JI',2401,56258,155300
'15JI',2401,56258,160300
'15JI',2401,56258,161300
'15JI',2401,56258,162300
'15JI',2401,56258,163300
'15JI',2401,56258,164100
'15JI',2401,56258,164900
'15JI',2401,56258,165700
'15JI',2401,56258,170500
'15JI',2401,56258,171300
'15JI',2401,56258,172200
'15JI',2401,56258,173200
'15JI',2401,56258,174100
'15JI',2401,56258,175100
'15JI',2401,56258,180100
'15JI',2401,56258,181100
'15JI',2401,56258,182100
'15JI',2401,56258,183400
'15JI',2401,56258,184800
'15JI',2401,56258,190200
'15JI',2401,56258,191600
'15JI',2401,56258,193100
'15JI',2401,56258,194600
'15JI',2401,56258,200100
'15JI',2401,56258,201600
'15JI',2401,56258,203200
'15JI',2401,56258,204700
'15JI',2401,56258,210700
'15JI',2401,56258,212700
'15JI',2401,56258,214700
'15JI',2401,56258,220500
'15JI',2401,56258,222300
'15JI',2401,56258,224100
'15JI',2401,56258,225800
'15JI',2401,56258,231600
'15JI',2401,56258,233400
'15JI',2401,56258,235200
'15JI',2401,56258,242200
'15JI',2401,56258,245200
'15JI',2401,56258,252300
'15JS',2401,56258,60600
'15JS',2401,56258,61600
'15JS',2401,56258,62600
'15JS',2401,56258,63500
'15JS',2401,56258,64400
'15JS',2401,56258,65300
'15JS',2401,56258,70200
'15JS',2401,56258,70900
'15JS',2401,56258,71600
'15JS',2401,56258,72300
'15JS',2401,56258,73200
'15JS',2401,56258,73700
'15JS',2401,56258,74200
'15JS',2401,56258,75000
'15JS',2401,56258,75400
'15JS',2401,56258,75900
'15JS',2401,56258,80400
'15JS',2401,56258,81200
'15JS',2401,56258,82100
'15JS',2401,56258,83000
'15JS',2401,56258,83900
'15JS',2401,56258,84900
'15JS',2401,56258,85900
'15JS',2401,56258,90900
'15JS',2401,56258,91900
'15JS',2401,56258,92900
'15JS',2401,56258,93900
'15JS',2401,56258,94900
'15JS',2401,56258,95900
'15JS',2401,56258,100900
'15JS',2401,56258,101800
'15JS',2401,56258,102800
'15JS',2401,56258,103800
'15JS',2401,56258,104700
'15JS',2401,56258,105600
'15JS',2401,56258,110500
'15JS',2401,56258,111300
'15JS',2401,56258,112100
'15JS',2401,56258,113000
'15JS',2401,56258,113800
'15JS',2401,56258,114600
'15JS',2401,56258,115400
'15JS',2401,56258,120200
'15JS',2401,56258,121100
'15JS',2401,56258,122000
'15JS',2401,56258,122900
'15JS',2401,56258,123700
'15JS',2401,56258,124500
'15JS',2401,56258,125300
'15JS',2401,56258,130300
'15JS',2401,56258,131300
'15JS',2401,56258,132200
'15JS',2401,56258,133000
'15JS',2401,56258,133800
'15JS',2401,56258,134600
'15JS',2401,56258,135400
'15JS',2401,56258,140200
'15JS',2401,56258,141000
'15JS',2401,56258,141900
'15JS',2401,56258,142800
'15JS',2401,56258,143600
'15JS',2401,56258,144400
'15JS',2401,56258,145200
'15JS',2401,56258,145900
'15JS',2401,56258,150700
'15JS',2401,56258,151400
'15JS',2401,56258,152100
'15JS',2401,56258,152700
'15JS',2401,56258,153400
'15JS',2401,56258,154200
'15JS',2401,56258,155000
'15JS',2401,56258,155800
'15JS',2401,56258,160600
'15JS',2401,56258,161500
'15JS',2401,56258,162400
'15JS',2401,56258,163200
'15JS',2401,56258,164000
'15JS',2401,56258,164800
'15JS',2401,56258,165400
'15JS',2401,56258,165800
'15JS',2401,56258,170300
'15JS',2401,56258,170900
'15JS',2401,56258,171500
'15JS',2401,56258,172100
'15JS',2401,56258,172700
'15JS',2401,56258,173300
'15JS',2401,56258,173900
'15JS',2401,56258,174500
'15JS',2401,56258,175100
'15JS',2401,56258,175900
'15JS',2401,56258,180700
'15JS',2401,56258,181500
'15JS',2401,56258,182300
'15JS',2401,56258,183100
'15JS',2401,56258,183900
'15JS',2401,56258,184600
'15JS',2401,56258,185300
'15JS',2401,56258,190000
'15JS',2401,56258,190700
'15JS',2401,56258,191500
'15JS',2401,56258,192300
'15JS',2401,56258,193000
'15JS',2401,56258,193800
'15JS',2401,56258,194600
'15JS',2401,56258,195300
'15JS',2401,56258,200000
'15JS',2401,56258,200700
'15JS',2401,56258,201500
'15JS',2401,56258,202200
'15JS',2401,56258,202800
'15JS',2401,56258,203400
'15JS',2401,56258,204000
'15JS',2401,56258,204600
'15JS',2401,56258,205200
'15JS',2401,56258,205800
'15JS',2401,56258,210400
'15JS',2401,56258,211000
'15JS',2401,56258,211600
'15JS',2401,56258,212300
'15JS',2401,56258,213300
'15JS',2401,56258,214300
'15JS',2401,56258,215200
'15JS',2401,56258,220000
'15JS',2401,56258,220800
'15JS',2401,56258,221600
'15JS',2401,56258,222400
'15JS',2401,56258,223300
'15JS',2401,56258,224300
'15JS',2401,56258,225800
'15JS',2401,56258,231300
'15JS',2401,56258,232800
'15JS',2401,56258,234300
'15JS',2401,56258,240200
'15JS',2401,56258,242100
'15JS',2401,56258,245200
'15JS',2401,56258,252300
'15JA',10401,56258,65100
'15JA',10401,56258,72500
'15JA',10401,56258,80100
'15JA',10401,56258,83500
'15JA',10401,56258,90900
'15JA',10401,56258,94300
'15JA',10401,56258,101600
'15JA',10401,56258,105200
'15JA',10401,56258,112800
'15JA',10401,56258,120500
'15JA',10401,56258,124000
'15JA',10401,56258,131400
'15JA',10401,56258,134900
'15JA',10401,56258,142400
'15JA',10401,56258,145900
'15JA',10401,56258,153300
'15JA',10401,56258,160700
'15JA',10401,56258,164000
'15JA',10401,56258,171200
'15JA',10401,56258,174700
'15JA',10401,56258,182300
'15JA',10401,56258,185900
'15JA',10401,56258,193500
'15JA',10401,56258,201000
'15JA',10401,56258,204500
'15JA',10401,56258,211800
'15JA',10401,56258,215000
'15JA',10401,56258,222200
'15JA',10401,56258,225400
'15JA',10401,56258,232700
'15JA',10401,56258,235800
'15JA',10401,56258,243000
'15JA',10401,56258,250200
'15JA',10401,56258,253400
'15JI',10401,56258,70300
'15JI',10401,56258,73800
'15JI',10401,56258,81200
'15JI',10401,56258,84700
'15JI',10401,56258,92100
'15JI',10401,56258,95400
'15JI',10401,56258,102800
'15JI',10401,56258,110500
'15JI',10401,56258,114000
'15JI',10401,56258,121400
'15JI',10401,56258,124900
'15JI',10401,56258,132400
'15JI',10401,56258,135900
'15JI',10401,56258,143300
'15JI',10401,56258,150800
'15JI',10401,56258,154300
'15JI',10401,56258,161800
'15JI',10401,56258,165300
'15JI',10401,56258,172800
'15JI',10401,56258,180100
'15JI',10401,56258,183700
'15JI',10401,56258,191000
'15JI',10401,56258,194300
'15JI',10401,56258,201700
'15JI',10401,56258,204900
'15JI',10401,56258,212000
'15JI',10401,56258,215100
'15JI',10401,56258,222300
'15JI',10401,56258,225500
'15JI',10401,56258,232700
'15JI',10401,56258,240000
'15JI',10401,56258,243300
'15JI',10401,56258,250300
'15JS',10401,56258,64500
'15JS',10401,56258,71800
'15JS',10401,56258,73200
'15JS',10401,56258,75300
'15JS',10401,56258,80800
'15JS',10401,56258,83200
'15JS',10401,56258,84300
'15JS',10401,56258,91500
'15JS',10401,56258,95100
'15JS',10401,56258,102500
'15JS',10401,56258,110000
'15JS',10401,56258,113600
'15JS',10401,56258,121200
'15JS',10401,56258,125000
'15JS',10401,56258,132800
'15JS',10401,56258,140600
'15JS',10401,56258,144700
'15JS',10401,56258,152600
'15JS',10401,56258,160500
'15JS',10401,56258,164400
'15JS',10401,56258,172200
'15JS',10401,56258,175800
'15JS',10401,56258,183600
'15JS',10401,56258,191100
'15JS',10401,56258,194500
'15JS',10401,56258,201800
'15JS',10401,56258,205100
'15JS',10401,56258,212500
'15JS',10401,56258,215700
'15JS',10401,56258,222900
'15JS',10401,56258,230000
'15JS',10401,56258,233000
'15JS',10401,56258,235800
'15JS',10401,56258,242700
'15JS',10401,56258,245500
'15JS',10401,56258,252100
'15JA',13801,56258,62600
'15JA',13801,56258,71200
'15JA',13801,56258,75900
'15JA',13801,56258,84400
'15JA',13801,56258,93100
'15JA',13801,56258,101800
'15JA',13801,56258,110300
'15JA',13801,56258,114800
'15JA',13801,56258,123300
'15JA',13801,56258,131900
'15JA',13801,56258,140500
'15JA',13801,56258,145000
'15JA',13801,56258,153600
'15JA',13801,56258,162100
'15JA',13801,56258,170600
'15JA',13801,56258,175200
'15JA',13801,56258,183600
'15JA',13801,56258,191800
'15JA',13801,56258,195900
'15JI',13801,56258,63400
'15JI',13801,56258,71300
'15JI',13801,56258,75300
'15JI',13801,56258,83500
'15JI',13801,56258,92000
'15JI',13801,56258,100300
'15JI',13801,56258,104700
'15JI',13801,56258,113000
'15JI',13801,56258,121400
'15JI',13801,56258,125700
'15JI',13801,56258,134100
'15JI',13801,56258,142500
'15JI',13801,56258,150900
'15JI',13801,56258,155400
'15JI',13801,56258,163800
'15JI',13801,56258,172300
'15JI',13801,56258,180600
'15JI',13801,56258,184700
'15JI',13801,56258,192800
'15JI',13801,56258,200900
'15JS',13801,56258,61400
'15JS',13801,56258,65800
'15JS',13801,56258,74500
'15JS',13801,56258,81200
'15JS',13801,56258,85700
'15JS',13801,56258,93200
'15JS',13801,56258,100700
'15JS',13801,56258,104200
'15JS',13801,56258,111800
'15JS',13801,56258,115400
'15JS',13801,56258,123200
'15JS',13801,56258,130900
'15JS',13801,56258,134600
'15JS',13801,56258,142400
'15JS',13801,56258,150200
'15JS',13801,56258,154500
'15JS',13801,56258,162400
'15JS',13801,56258,170300
'15JS',13801,56258,173900
'15JS',13801,56258,181500
'15JS',13801,56258,185000
'15JS',13801,56258,192600
'15JS',13801,56258,200100
'15JS',13801,56258,203200
'15JS',13801,56258,210500
'15JS',13801,56258,213800
'15JS',13801,56258,220800
'15JS',13801,56258,224100
'15JS',13801,56258,231100
'15JS',13801,56258,234100
'15JS',13801,56258,241100
'15JS',13801,56258,243900
'15JS',13801,56258,250600
'15JS',13801,56258,253100
'15JA',35601,56258,262700
'15JA',35601,56258,271400
'15JA',35601,56258,280400
'15JA',35601,56258,285400
'15JA',35601,56258,293800
'15JI',35601,56258,263500
'15JI',35601,56258,271400
'15JI',35601,56258,275200
'15JI',35601,56258,283000
'15JI',35601,56258,290800
'15JI',35601,56258,294600
'15JS',35601,56258,263900
'15JS',35601,56258,271300
'15JS',35601,56258,274600
'15JS',35601,56258,281900
'15JS',35601,56258,290500
'15JS',35601,56258,295100
