'15JA',12502,52964,53500
'15JA',12502,52964,60900
'15JA',12502,52964,64400
'15JA',12502,52964,71800
'15JA',12502,52964,75300
'15JA',12502,52964,82800
'15JA',12502,52964,90300
'15JA',12502,52964,93400
'15JA',12502,52964,95900
'15JA',12502,52964,102400
'15JA',12502,52964,104800
'15JA',12502,52964,111200
'15JA',12502,52964,113500
'15JA',12502,52964,115900
'15JA',12502,52964,122300
'15JA',12502,52964,124200
'15JA',12502,52964,130100
'15JA',12502,52964,131900
'15JA',12502,52964,133700
'15JA',12502,52964,135500
'15JA',12502,52964,141300
'15JA',12502,52964,143000
'15JA',12502,52964,144600
'15JA',12502,52964,150200
'15JA',12502,52964,151800
'15JA',12502,52964,153500
'15JA',12502,52964,155500
'15JA',12502,52964,161500
'15JA',12502,52964,163500
'15JA',12502,52964,165400
'15JA',12502,52964,171300
'15JA',12502,52964,173300
'15JA',12502,52964,175300
'15JA',12502,52964,181300
'15JA',12502,52964,183400
'15JA',12502,52964,190000
'15JA',12502,52964,192800
'15JA',12502,52964,195400
'15JA',12502,52964,202400
'15JA',12502,52964,205400
'15JA',12502,52964,212400
'15JA',12502,52964,220100
'15JA',12502,52964,223900
'15JA',12502,52964,231700
'15JA',12502,52964,235300
'15JA',12502,52964,242800
'15JA',12502,52964,250300
'15JA',12502,52964,253800
'15JI',12502,52964,53400
'15JI',12502,52964,60600
'15JI',12502,52964,63700
'15JI',12502,52964,71000
'15JI',12502,52964,74300
'15JI',12502,52964,81600
'15JI',12502,52964,85100
'15JI',12502,52964,92500
'15JI',12502,52964,94800
'15JI',12502,52964,101000
'15JI',12502,52964,103100
'15JI',12502,52964,105400
'15JI',12502,52964,111600
'15JI',12502,52964,113700
'15JI',12502,52964,120100
'15JI',12502,52964,122300
'15JI',12502,52964,124500
'15JI',12502,52964,130500
'15JI',12502,52964,132400
'15JI',12502,52964,134300
'15JI',12502,52964,140300
'15JI',12502,52964,142300
'15JI',12502,52964,144300
'15JI',12502,52964,150300
'15JI',12502,52964,152300
'15JI',12502,52964,154300
'15JI',12502,52964,160200
'15JI',12502,52964,162000
'15JI',12502,52964,163700
'15JI',12502,52964,165400
'15JI',12502,52964,172000
'15JI',12502,52964,174700
'15JI',12502,52964,181600
'15JI',12502,52964,184500
'15JI',12502,52964,191400
'15JI',12502,52964,194200
'15JI',12502,52964,201800
'15JI',12502,52964,205400
'15JI',12502,52964,213100
'15JI',12502,52964,220900
'15JI',12502,52964,224600
'15JI',12502,52964,232200
'15JI',12502,52964,235800
'15JI',12502,52964,243600
'15JI',12502,52964,251400
'15JS',12502,52964,53700
'15JS',12502,52964,61000
'15JS',12502,52964,64100
'15JS',12502,52964,70500
'15JS',12502,52964,71300
'15JS',12502,52964,72000
'15JS',12502,52964,72700
'15JS',12502,52964,73300
'15JS',12502,52964,73900
'15JS',12502,52964,74500
'15JS',12502,52964,75200
'15JS',12502,52964,80100
'15JS',12502,52964,80700
'15JS',12502,52964,81700
'15JS',12502,52964,82500
'15JS',12502,52964,83300
'15JS',12502,52964,83900
'15JS',12502,52964,84700
'15JS',12502,52964,90200
'15JS',12502,52964,91900
'15JS',12502,52964,93800
'15JS',12502,52964,95800
'15JS',12502,52964,101700
'15JS',12502,52964,103700
'15JS',12502,52964,105700
'15JS',12502,52964,111700
'15JS',12502,52964,113500
'15JS',12502,52964,115100
'15JS',12502,52964,120800
'15JS',12502,52964,122400
'15JS',12502,52964,123800
'15JS',12502,52964,125200
'15JS',12502,52964,130700
'15JS',12502,52964,132600
'15JS',12502,52964,134500
'15JS',12502,52964,140400
'15JS',12502,52964,142300
'15JS',12502,52964,144200
'15JS',12502,52964,150200
'15JS',12502,52964,152400
'15JS',12502,52964,154700
'15JS',12502,52964,161100
'15JS',12502,52964,164300
'15JS',12502,52964,171500
'15JS',12502,52964,174800
'15JS',12502,52964,182000
'15JS',12502,52964,185300
'15JS',12502,52964,192300
'15JS',12502,52964,195200
'15JS',12502,52964,202200
'15JS',12502,52964,205200
'15JS',12502,52964,212400
'15JS',12502,52964,215700
'15JS',12502,52964,223500
'15JS',12502,52964,231400
'15JS',12502,52964,235400
'15JS',12502,52964,243400
'15JS',12502,52964,251400
'15JA',36002,52964,253200
'15JA',36002,52964,261700
'15JA',36002,52964,270200
'15JA',36002,52964,274700
'15JA',36002,52964,283200
'15JI',36002,52964,253200
'15JI',36002,52964,261700
'15JI',36002,52964,270200
'15JI',36002,52964,274700
'15JI',36002,52964,283200
'15JS',36002,52964,253200
'15JS',36002,52964,261700
'15JS',36002,52964,270200
'15JS',36002,52964,274700
'15JS',36002,52964,283200
