'14SS',43203,53102,62800
'14SS',43203,53102,65800
'14SS',43203,53102,72900
'14SS',43203,53102,75800
'14SS',43203,53102,82600
'14SS',43204,53102,62600
'14SS',43204,53102,64900
'14SS',43204,53102,71100
'14SS',43204,53102,72500
'14SS',43204,53102,73600
'14SS',43204,53102,74300
'14SS',43204,53102,75000
'14SS',43204,53102,75700
'14SS',43204,53102,80200
'14SS',43204,53102,80700
'14SS',43204,53102,81300
'14SS',43204,53102,81800
'14SS',43204,53102,82200
'14SS',43204,53102,82700
'14SS',43204,53102,84500
'14SS',43204,53102,90300
'14SS',43204,53102,92100
'14SS',43204,53102,93900
'14SS',43204,53102,100700
'14SS',43204,53102,103700
'14SS',43204,53102,110700
'14SS',43204,53102,113700
'14SS',43204,53102,120700
'14SS',43204,53102,123700
'14SS',43204,53102,130700
'14SS',43204,53102,133700
'14SS',43204,53102,140700
'14SS',43204,53102,143700
'14SS',43204,53102,150700
'14SS',43204,53102,153700
