'14JA',10301,50606,53100
'14JA',10301,50606,60100
'14JA',10301,50606,63100
'14JA',10301,50606,70100
'14JA',10301,50606,72100
'14JA',10301,50606,74100
'14JA',10301,50606,80100
'14JA',10301,50606,82100
'14JA',10301,50606,83600
'14JA',10301,50606,85100
'14JA',10301,50606,90600
'14JA',10301,50606,92100
'14JA',10301,50606,93600
'14JA',10301,50606,95200
'14JA',10301,50606,100700
'14JA',10301,50606,102200
'14JA',10301,50606,103200
'14JA',10301,50606,104200
'14JA',10301,50606,105200
'14JA',10301,50606,110200
'14JA',10301,50606,111200
'14JA',10301,50606,112300
'14JA',10301,50606,113400
'14JA',10301,50606,114500
'14JA',10301,50606,115600
'14JA',10301,50606,120600
'14JA',10301,50606,121600
'14JA',10301,50606,122600
'14JA',10301,50606,123600
'14JA',10301,50606,124600
'14JA',10301,50606,125600
'14JA',10301,50606,130600
'14JA',10301,50606,131600
'14JA',10301,50606,132600
'14JA',10301,50606,133600
'14JA',10301,50606,134600
'14JA',10301,50606,135600
'14JA',10301,50606,140600
'14JA',10301,50606,141700
'14JA',10301,50606,142800
'14JA',10301,50606,144000
'14JA',10301,50606,145200
'14JA',10301,50606,150400
'14JA',10301,50606,151600
'14JA',10301,50606,153200
'14JA',10301,50606,154900
'14JA',10301,50606,160900
'14JA',10301,50606,162900
'14JA',10301,50606,164500
'14JA',10301,50606,170000
'14JA',10301,50606,171500
'14JA',10301,50606,173000
'14JA',10301,50606,174600
'14JA',10301,50606,180200
'14JA',10301,50606,182200
'14JA',10301,50606,184500
'14JA',10301,50606,190800
'14JA',10301,50606,193700
'14JA',10301,50606,200600
'14JA',10301,50606,203600
'14JA',10301,50606,210600
'14JA',10301,50606,213600
'14JA',10301,50606,220600
'14JA',10301,50606,223600
'14JA',10301,50606,230600
'14JA',10301,50606,233600
'14JA',10301,50606,240600
'14JA',10301,50606,243600
'14JA',10301,50606,250600
'14JA',10301,50606,253600
'14JA',10301,50627,53200
'14JA',10301,50627,60200
'14JA',10301,50627,63200
'14JA',10301,50627,70200
'14JA',10301,50627,72200
'14JA',10301,50627,74200
'14JA',10301,50627,80200
'14JA',10301,50627,82200
'14JA',10301,50627,83700
'14JA',10301,50627,85200
'14JA',10301,50627,90700
'14JA',10301,50627,92200
'14JA',10301,50627,93700
'14JA',10301,50627,95300
'14JA',10301,50627,100800
'14JA',10301,50627,102300
'14JA',10301,50627,103300
'14JA',10301,50627,104300
'14JA',10301,50627,105300
'14JA',10301,50627,110300
'14JA',10301,50627,111300
'14JA',10301,50627,112400
'14JA',10301,50627,113500
'14JA',10301,50627,114600
'14JA',10301,50627,115700
'14JA',10301,50627,120700
'14JA',10301,50627,121700
'14JA',10301,50627,122700
'14JA',10301,50627,123700
'14JA',10301,50627,124700
'14JA',10301,50627,125700
'14JA',10301,50627,130700
'14JA',10301,50627,131700
'14JA',10301,50627,132700
'14JA',10301,50627,133700
'14JA',10301,50627,134700
'14JA',10301,50627,135700
'14JA',10301,50627,140700
'14JA',10301,50627,141800
'14JA',10301,50627,142900
'14JA',10301,50627,144100
'14JA',10301,50627,145300
'14JA',10301,50627,150500
'14JA',10301,50627,151700
'14JA',10301,50627,153300
'14JA',10301,50627,155000
'14JA',10301,50627,161000
'14JA',10301,50627,163000
'14JA',10301,50627,164600
'14JA',10301,50627,170100
'14JA',10301,50627,171600
'14JA',10301,50627,173100
'14JA',10301,50627,174700
'14JA',10301,50627,180300
'14JA',10301,50627,182300
'14JA',10301,50627,184600
'14JA',10301,50627,190900
'14JA',10301,50627,193800
'14JA',10301,50627,200700
'14JA',10301,50627,203700
'14JA',10301,50627,210700
'14JA',10301,50627,213700
'14JA',10301,50627,220700
'14JA',10301,50627,223700
'14JA',10301,50627,230700
'14JA',10301,50627,233700
'14JA',10301,50627,240700
'14JA',10301,50627,243700
'14JA',10301,50627,250700
'14JA',10301,50627,253600
'14JA',10301,50798,53500
'14JA',10301,50798,60500
'14JA',10301,50798,63500
'14JA',10301,50798,70500
'14JA',10301,50798,72500
'14JA',10301,50798,74500
'14JA',10301,50798,80500
'14JA',10301,50798,82500
'14JA',10301,50798,84000
'14JA',10301,50798,85500
'14JA',10301,50798,91000
'14JA',10301,50798,92500
'14JA',10301,50798,94000
'14JA',10301,50798,95600
'14JA',10301,50798,101100
'14JA',10301,50798,102600
'14JA',10301,50798,103600
'14JA',10301,50798,104600
'14JA',10301,50798,105600
'14JA',10301,50798,110600
'14JA',10301,50798,111600
'14JA',10301,50798,112700
'14JA',10301,50798,113800
'14JA',10301,50798,114900
'14JA',10301,50798,120000
'14JA',10301,50798,121000
'14JA',10301,50798,122000
'14JA',10301,50798,123000
'14JA',10301,50798,124000
'14JA',10301,50798,125000
'14JA',10301,50798,130000
'14JA',10301,50798,131000
'14JA',10301,50798,132000
'14JA',10301,50798,133000
'14JA',10301,50798,134000
'14JA',10301,50798,135000
'14JA',10301,50798,140000
'14JA',10301,50798,141000
'14JA',10301,50798,142100
'14JA',10301,50798,143200
'14JA',10301,50798,144400
'14JA',10301,50798,145600
'14JA',10301,50798,150800
'14JA',10301,50798,152000
'14JA',10301,50798,153600
'14JA',10301,50798,155300
'14JA',10301,50798,161300
'14JA',10301,50798,163300
'14JA',10301,50798,164900
'14JA',10301,50798,170400
'14JA',10301,50798,171900
'14JA',10301,50798,173400
'14JA',10301,50798,175000
'14JA',10301,50798,180600
'14JA',10301,50798,182600
'14JA',10301,50798,184900
'14JA',10301,50798,191200
'14JA',10301,50798,194000
'14JA',10301,50798,200900
'14JA',10301,50798,203900
'14JA',10301,50798,210900
'14JA',10301,50798,213900
'14JA',10301,50798,220900
'14JA',10301,50798,223900
'14JA',10301,50798,230900
'14JA',10301,50798,233900
'14JA',10301,50798,240900
'14JA',10301,50798,243900
'14JA',10301,50798,250900
'14JA',10301,50798,253800
'14JA',10301,50912,53600
'14JA',10301,50912,60600
'14JA',10301,50912,63600
'14JA',10301,50912,70600
'14JA',10301,50912,72600
'14JA',10301,50912,74600
'14JA',10301,50912,80600
'14JA',10301,50912,82600
'14JA',10301,50912,84100
'14JA',10301,50912,85600
'14JA',10301,50912,91100
'14JA',10301,50912,92600
'14JA',10301,50912,94100
'14JA',10301,50912,95700
'14JA',10301,50912,101200
'14JA',10301,50912,102700
'14JA',10301,50912,103700
'14JA',10301,50912,104700
'14JA',10301,50912,105700
'14JA',10301,50912,110700
'14JA',10301,50912,111700
'14JA',10301,50912,112800
'14JA',10301,50912,113900
'14JA',10301,50912,115000
'14JA',10301,50912,120100
'14JA',10301,50912,121100
'14JA',10301,50912,122100
'14JA',10301,50912,123100
'14JA',10301,50912,124100
'14JA',10301,50912,125100
'14JA',10301,50912,130100
'14JA',10301,50912,131100
'14JA',10301,50912,132100
'14JA',10301,50912,133100
'14JA',10301,50912,134100
'14JA',10301,50912,135100
'14JA',10301,50912,140100
'14JA',10301,50912,141100
'14JA',10301,50912,142200
'14JA',10301,50912,143300
'14JA',10301,50912,144500
'14JA',10301,50912,145700
'14JA',10301,50912,150900
'14JA',10301,50912,152100
'14JA',10301,50912,153700
'14JA',10301,50912,155400
'14JA',10301,50912,161400
'14JA',10301,50912,163400
'14JA',10301,50912,165000
'14JA',10301,50912,170500
'14JA',10301,50912,172000
'14JA',10301,50912,173500
'14JA',10301,50912,175100
'14JA',10301,50912,180700
'14JA',10301,50912,182700
'14JA',10301,50912,185000
'14JA',10301,50912,191300
'14JA',10301,50912,194100
'14JA',10301,50912,201000
'14JA',10301,50912,204000
'14JA',10301,50912,211000
'14JA',10301,50912,214000
'14JA',10301,50912,221000
'14JA',10301,50912,224000
'14JA',10301,50912,231000
'14JA',10301,50912,234000
'14JA',10301,50912,241000
'14JA',10301,50912,244000
'14JA',10301,50912,251000
'14JA',10301,50912,253900
'14JA',10301,50963,53700
'14JA',10301,50963,60700
'14JA',10301,50963,63700
'14JA',10301,50963,70700
'14JA',10301,50963,72700
'14JA',10301,50963,74700
'14JA',10301,50963,80700
'14JA',10301,50963,82700
'14JA',10301,50963,84200
'14JA',10301,50963,85700
'14JA',10301,50963,91200
'14JA',10301,50963,92700
'14JA',10301,50963,94200
'14JA',10301,50963,95800
'14JA',10301,50963,101300
'14JA',10301,50963,102800
'14JA',10301,50963,103800
'14JA',10301,50963,104800
'14JA',10301,50963,105800
'14JA',10301,50963,110800
'14JA',10301,50963,111800
'14JA',10301,50963,112900
'14JA',10301,50963,114000
'14JA',10301,50963,115100
'14JA',10301,50963,120200
'14JA',10301,50963,121200
'14JA',10301,50963,122200
'14JA',10301,50963,123200
'14JA',10301,50963,124200
'14JA',10301,50963,125200
'14JA',10301,50963,130200
'14JA',10301,50963,131200
'14JA',10301,50963,132200
'14JA',10301,50963,133200
'14JA',10301,50963,134200
'14JA',10301,50963,135200
'14JA',10301,50963,140200
'14JA',10301,50963,141200
'14JA',10301,50963,142300
'14JA',10301,50963,143400
'14JA',10301,50963,144600
'14JA',10301,50963,145800
'14JA',10301,50963,151000
'14JA',10301,50963,152200
'14JA',10301,50963,153800
'14JA',10301,50963,155500
'14JA',10301,50963,161500
'14JA',10301,50963,163500
'14JA',10301,50963,165100
'14JA',10301,50963,170600
'14JA',10301,50963,172100
'14JA',10301,50963,173600
'14JA',10301,50963,175200
'14JA',10301,50963,180800
'14JA',10301,50963,182800
'14JA',10301,50963,185100
'14JA',10301,50963,191400
'14JA',10301,50963,194200
'14JA',10301,50963,201100
'14JA',10301,50963,204100
'14JA',10301,50963,211100
'14JA',10301,50963,214100
'14JA',10301,50963,221100
'14JA',10301,50963,224100
'14JA',10301,50963,231100
'14JA',10301,50963,234100
'14JA',10301,50963,241100
'14JA',10301,50963,244100
'14JA',10301,50963,251100
'14JA',10301,50963,254000
'14JA',10301,51034,53800
'14JA',10301,51034,60800
'14JA',10301,51034,63800
'14JA',10301,51034,70800
'14JA',10301,51034,72800
'14JA',10301,51034,74800
'14JA',10301,51034,80800
'14JA',10301,51034,82800
'14JA',10301,51034,84300
'14JA',10301,51034,85800
'14JA',10301,51034,91300
'14JA',10301,51034,92800
'14JA',10301,51034,94300
'14JA',10301,51034,95900
'14JA',10301,51034,101400
'14JA',10301,51034,102900
'14JA',10301,51034,103900
'14JA',10301,51034,104900
'14JA',10301,51034,105900
'14JA',10301,51034,110900
'14JA',10301,51034,111900
'14JA',10301,51034,113000
'14JA',10301,51034,114100
'14JA',10301,51034,115200
'14JA',10301,51034,120300
'14JA',10301,51034,121300
'14JA',10301,51034,122300
'14JA',10301,51034,123300
'14JA',10301,51034,124300
'14JA',10301,51034,125300
'14JA',10301,51034,130300
'14JA',10301,51034,131300
'14JA',10301,51034,132300
'14JA',10301,51034,133300
'14JA',10301,51034,134300
'14JA',10301,51034,135300
'14JA',10301,51034,140300
'14JA',10301,51034,141300
'14JA',10301,51034,142400
'14JA',10301,51034,143500
'14JA',10301,51034,144700
'14JA',10301,51034,145900
'14JA',10301,51034,151100
'14JA',10301,51034,152300
'14JA',10301,51034,153900
'14JA',10301,51034,155600
'14JA',10301,51034,161600
'14JA',10301,51034,163600
'14JA',10301,51034,165200
'14JA',10301,51034,170700
'14JA',10301,51034,172200
'14JA',10301,51034,173700
'14JA',10301,51034,175300
'14JA',10301,51034,180900
'14JA',10301,51034,182900
'14JA',10301,51034,185200
'14JA',10301,51034,191500
'14JA',10301,51034,194300
'14JA',10301,51034,201200
'14JA',10301,51034,204200
'14JA',10301,51034,211200
'14JA',10301,51034,214200
'14JA',10301,51034,221200
'14JA',10301,51034,224200
'14JA',10301,51034,231200
'14JA',10301,51034,234200
'14JA',10301,51034,241200
'14JA',10301,51034,244200
'14JA',10301,51034,251200
'14JA',10301,51034,254100
'14JA',10301,51061,53900
'14JA',10301,51061,60900
'14JA',10301,51061,63900
'14JA',10301,51061,70900
'14JA',10301,51061,72900
'14JA',10301,51061,74900
'14JA',10301,51061,80900
'14JA',10301,51061,82900
'14JA',10301,51061,84400
'14JA',10301,51061,85900
'14JA',10301,51061,91400
'14JA',10301,51061,92900
'14JA',10301,51061,94400
'14JA',10301,51061,100000
'14JA',10301,51061,101500
'14JA',10301,51061,103000
'14JA',10301,51061,104000
'14JA',10301,51061,105000
'14JA',10301,51061,110000
'14JA',10301,51061,111000
'14JA',10301,51061,112000
'14JA',10301,51061,113100
'14JA',10301,51061,114200
'14JA',10301,51061,115300
'14JA',10301,51061,120400
'14JA',10301,51061,121400
'14JA',10301,51061,122400
'14JA',10301,51061,123400
'14JA',10301,51061,124400
'14JA',10301,51061,125400
'14JA',10301,51061,130400
'14JA',10301,51061,131400
'14JA',10301,51061,132400
'14JA',10301,51061,133400
'14JA',10301,51061,134400
'14JA',10301,51061,135400
'14JA',10301,51061,140400
'14JA',10301,51061,141400
'14JA',10301,51061,142500
'14JA',10301,51061,143600
'14JA',10301,51061,144800
'14JA',10301,51061,150000
'14JA',10301,51061,151200
'14JA',10301,51061,152400
'14JA',10301,51061,154000
'14JA',10301,51061,155700
'14JA',10301,51061,161700
'14JA',10301,51061,163700
'14JA',10301,51061,165300
'14JA',10301,51061,170800
'14JA',10301,51061,172300
'14JA',10301,51061,173800
'14JA',10301,51061,175400
'14JA',10301,51061,181000
'14JA',10301,51061,183000
'14JA',10301,51061,185300
'14JA',10301,51061,191600
'14JA',10301,51061,194400
'14JA',10301,51061,201300
'14JA',10301,51061,204300
'14JA',10301,51061,211300
'14JA',10301,51061,214300
'14JA',10301,51061,221300
'14JA',10301,51061,224300
'14JA',10301,51061,231300
'14JA',10301,51061,234300
'14JA',10301,51061,241300
'14JA',10301,51061,244300
'14JA',10301,51061,251300
'14JA',10301,51061,254200
'14JA',10301,51092,54000
'14JA',10301,51092,61000
'14JA',10301,51092,64000
'14JA',10301,51092,71000
'14JA',10301,51092,73000
'14JA',10301,51092,75000
'14JA',10301,51092,81000
'14JA',10301,51092,83000
'14JA',10301,51092,84500
'14JA',10301,51092,90000
'14JA',10301,51092,91500
'14JA',10301,51092,93000
'14JA',10301,51092,94500
'14JA',10301,51092,100100
'14JA',10301,51092,101600
'14JA',10301,51092,103100
'14JA',10301,51092,104100
'14JA',10301,51092,105100
'14JA',10301,51092,110100
'14JA',10301,51092,111100
'14JA',10301,51092,112100
'14JA',10301,51092,113200
'14JA',10301,51092,114300
'14JA',10301,51092,115400
'14JA',10301,51092,120500
'14JA',10301,51092,121500
'14JA',10301,51092,122500
'14JA',10301,51092,123500
'14JA',10301,51092,124500
'14JA',10301,51092,125500
'14JA',10301,51092,130500
'14JA',10301,51092,131500
'14JA',10301,51092,132500
'14JA',10301,51092,133500
'14JA',10301,51092,134500
'14JA',10301,51092,135500
'14JA',10301,51092,140500
'14JA',10301,51092,141500
'14JA',10301,51092,142600
'14JA',10301,51092,143700
'14JA',10301,51092,144900
'14JA',10301,51092,150100
'14JA',10301,51092,151300
'14JA',10301,51092,152500
'14JA',10301,51092,154100
'14JA',10301,51092,155800
'14JA',10301,51092,161800
'14JA',10301,51092,163800
'14JA',10301,51092,165400
'14JA',10301,51092,170900
'14JA',10301,51092,172400
'14JA',10301,51092,173900
'14JA',10301,51092,175500
'14JA',10301,51092,181100
'14JA',10301,51092,183100
'14JA',10301,51092,185400
'14JA',10301,51092,191700
'14JA',10301,51092,194500
'14JA',10301,51092,201400
'14JA',10301,51092,204400
'14JA',10301,51092,211400
'14JA',10301,51092,214400
'14JA',10301,51092,221400
'14JA',10301,51092,224400
'14JA',10301,51092,231400
'14JA',10301,51092,234400
'14JA',10301,51092,241400
'14JA',10301,51092,244400
'14JA',10301,51092,251400
'14JA',10301,51092,254300
'14JA',10301,51122,54100
'14JA',10301,51122,61100
'14JA',10301,51122,64100
'14JA',10301,51122,71100
'14JA',10301,51122,73100
'14JA',10301,51122,75100
'14JA',10301,51122,81100
'14JA',10301,51122,83100
'14JA',10301,51122,84600
'14JA',10301,51122,90100
'14JA',10301,51122,91600
'14JA',10301,51122,93100
'14JA',10301,51122,94600
'14JA',10301,51122,100200
'14JA',10301,51122,101700
'14JA',10301,51122,103200
'14JA',10301,51122,104200
'14JA',10301,51122,105200
'14JA',10301,51122,110200
'14JA',10301,51122,111200
'14JA',10301,51122,112200
'14JA',10301,51122,113400
'14JA',10301,51122,114500
'14JA',10301,51122,115600
'14JA',10301,51122,120700
'14JA',10301,51122,121700
'14JA',10301,51122,122700
'14JA',10301,51122,123700
'14JA',10301,51122,124700
'14JA',10301,51122,125700
'14JA',10301,51122,130700
'14JA',10301,51122,131700
'14JA',10301,51122,132700
'14JA',10301,51122,133700
'14JA',10301,51122,134700
'14JA',10301,51122,135700
'14JA',10301,51122,140700
'14JA',10301,51122,141700
'14JA',10301,51122,142800
'14JA',10301,51122,143900
'14JA',10301,51122,145000
'14JA',10301,51122,150200
'14JA',10301,51122,151400
'14JA',10301,51122,152600
'14JA',10301,51122,154200
'14JA',10301,51122,155900
'14JA',10301,51122,161900
'14JA',10301,51122,163900
'14JA',10301,51122,165500
'14JA',10301,51122,171000
'14JA',10301,51122,172500
'14JA',10301,51122,174000
'14JA',10301,51122,175600
'14JA',10301,51122,181200
'14JA',10301,51122,183200
'14JA',10301,51122,185500
'14JA',10301,51122,191800
'14JA',10301,51122,194600
'14JA',10301,51122,201500
'14JA',10301,51122,204500
'14JA',10301,51122,211500
'14JA',10301,51122,214500
'14JA',10301,51122,221500
'14JA',10301,51122,224500
'14JA',10301,51122,231500
'14JA',10301,51122,234500
'14JA',10301,51122,241500
'14JA',10301,51122,244500
'14JA',10301,51122,251500
'14JA',10301,51122,254300
'14JA',10301,51154,54200
'14JA',10301,51154,61200
'14JA',10301,51154,64200
'14JA',10301,51154,71200
'14JA',10301,51154,73200
'14JA',10301,51154,75200
'14JA',10301,51154,81200
'14JA',10301,51154,83200
'14JA',10301,51154,84700
'14JA',10301,51154,90200
'14JA',10301,51154,91700
'14JA',10301,51154,93200
'14JA',10301,51154,94700
'14JA',10301,51154,100300
'14JA',10301,51154,101800
'14JA',10301,51154,103300
'14JA',10301,51154,104300
'14JA',10301,51154,105300
'14JA',10301,51154,110300
'14JA',10301,51154,111300
'14JA',10301,51154,112300
'14JA',10301,51154,113500
'14JA',10301,51154,114600
'14JA',10301,51154,115700
'14JA',10301,51154,120800
'14JA',10301,51154,121800
'14JA',10301,51154,122800
'14JA',10301,51154,123800
'14JA',10301,51154,124800
'14JA',10301,51154,125800
'14JA',10301,51154,130800
'14JA',10301,51154,131800
'14JA',10301,51154,132800
'14JA',10301,51154,133800
'14JA',10301,51154,134800
'14JA',10301,51154,135800
'14JA',10301,51154,140800
'14JA',10301,51154,141800
'14JA',10301,51154,142900
'14JA',10301,51154,144000
'14JA',10301,51154,145100
'14JA',10301,51154,150300
'14JA',10301,51154,151500
'14JA',10301,51154,152700
'14JA',10301,51154,154300
'14JA',10301,51154,160000
'14JA',10301,51154,162000
'14JA',10301,51154,164000
'14JA',10301,51154,165600
'14JA',10301,51154,171100
'14JA',10301,51154,172600
'14JA',10301,51154,174100
'14JA',10301,51154,175700
'14JA',10301,51154,181300
'14JA',10301,51154,183300
'14JA',10301,51154,185600
'14JA',10301,51154,191900
'14JA',10301,51154,194700
'14JA',10301,51154,201600
'14JA',10301,51154,204600
'14JA',10301,51154,211600
'14JA',10301,51154,214600
'14JA',10301,51154,221600
'14JA',10301,51154,224600
'14JA',10301,51154,231600
'14JA',10301,51154,234600
'14JA',10301,51154,241600
'14JA',10301,51154,244600
'14JA',10301,51154,251600
'14JA',10301,51154,254400
'14JA',10301,51171,54200
'14JA',10301,51171,61200
'14JA',10301,51171,64200
'14JA',10301,51171,71200
'14JA',10301,51171,73200
'14JA',10301,51171,75200
'14JA',10301,51171,81200
'14JA',10301,51171,83200
'14JA',10301,51171,84700
'14JA',10301,51171,90200
'14JA',10301,51171,91700
'14JA',10301,51171,93200
'14JA',10301,51171,94700
'14JA',10301,51171,100300
'14JA',10301,51171,101800
'14JA',10301,51171,103300
'14JA',10301,51171,104300
'14JA',10301,51171,105300
'14JA',10301,51171,110300
'14JA',10301,51171,111300
'14JA',10301,51171,112400
'14JA',10301,51171,113600
'14JA',10301,51171,114700
'14JA',10301,51171,115800
'14JA',10301,51171,120900
'14JA',10301,51171,121900
'14JA',10301,51171,122900
'14JA',10301,51171,123900
'14JA',10301,51171,124900
'14JA',10301,51171,125900
'14JA',10301,51171,130900
'14JA',10301,51171,131900
'14JA',10301,51171,132900
'14JA',10301,51171,133900
'14JA',10301,51171,134900
'14JA',10301,51171,135900
'14JA',10301,51171,140900
'14JA',10301,51171,141900
'14JA',10301,51171,143000
'14JA',10301,51171,144100
'14JA',10301,51171,145200
'14JA',10301,51171,150400
'14JA',10301,51171,151600
'14JA',10301,51171,152800
'14JA',10301,51171,154400
'14JA',10301,51171,160100
'14JA',10301,51171,162100
'14JA',10301,51171,164100
'14JA',10301,51171,165700
'14JA',10301,51171,171200
'14JA',10301,51171,172700
'14JA',10301,51171,174200
'14JA',10301,51171,175800
'14JA',10301,51171,181400
'14JA',10301,51171,183400
'14JA',10301,51171,185700
'14JA',10301,51171,192000
'14JA',10301,51171,194700
'14JA',10301,51171,201600
'14JA',10301,51171,204600
'14JA',10301,51171,211600
'14JA',10301,51171,214600
'14JA',10301,51171,221600
'14JA',10301,51171,224600
'14JA',10301,51171,231600
'14JA',10301,51171,234600
'14JA',10301,51171,241600
'14JA',10301,51171,244600
'14JA',10301,51171,251600
'14JA',10301,51171,254500
'14JA',10301,51204,54300
'14JA',10301,51204,61300
'14JA',10301,51204,64300
'14JA',10301,51204,71300
'14JA',10301,51204,73300
'14JA',10301,51204,75300
'14JA',10301,51204,81300
'14JA',10301,51204,83300
'14JA',10301,51204,84800
'14JA',10301,51204,90300
'14JA',10301,51204,91800
'14JA',10301,51204,93300
'14JA',10301,51204,94800
'14JA',10301,51204,100400
'14JA',10301,51204,101900
'14JA',10301,51204,103400
'14JA',10301,51204,104400
'14JA',10301,51204,105400
'14JA',10301,51204,110400
'14JA',10301,51204,111400
'14JA',10301,51204,112500
'14JA',10301,51204,113700
'14JA',10301,51204,114800
'14JA',10301,51204,115900
'14JA',10301,51204,121000
'14JA',10301,51204,122000
'14JA',10301,51204,123000
'14JA',10301,51204,124000
'14JA',10301,51204,125000
'14JA',10301,51204,130000
'14JA',10301,51204,131000
'14JA',10301,51204,132000
'14JA',10301,51204,133000
'14JA',10301,51204,134000
'14JA',10301,51204,135000
'14JA',10301,51204,140000
'14JA',10301,51204,141000
'14JA',10301,51204,142000
'14JA',10301,51204,143100
'14JA',10301,51204,144200
'14JA',10301,51204,145300
'14JA',10301,51204,150500
'14JA',10301,51204,151700
'14JA',10301,51204,152900
'14JA',10301,51204,154500
'14JA',10301,51204,160200
'14JA',10301,51204,162200
'14JA',10301,51204,164200
'14JA',10301,51204,165800
'14JA',10301,51204,171300
'14JA',10301,51204,172800
'14JA',10301,51204,174300
'14JA',10301,51204,175900
'14JA',10301,51204,181500
'14JA',10301,51204,183500
'14JA',10301,51204,185800
'14JA',10301,51204,192100
'14JA',10301,51204,194800
'14JA',10301,51204,201700
'14JA',10301,51204,204700
'14JA',10301,51204,211700
'14JA',10301,51204,214700
'14JA',10301,51204,221700
'14JA',10301,51204,224700
'14JA',10301,51204,231700
'14JA',10301,51204,234700
'14JA',10301,51204,241700
'14JA',10301,51204,244700
'14JA',10301,51204,251700
'14JA',10301,51204,254500
'14JA',10301,51243,54500
'14JA',10301,51243,61500
'14JA',10301,51243,64500
'14JA',10301,51243,71500
'14JA',10301,51243,73500
'14JA',10301,51243,75500
'14JA',10301,51243,81500
'14JA',10301,51243,83500
'14JA',10301,51243,85000
'14JA',10301,51243,90500
'14JA',10301,51243,92000
'14JA',10301,51243,93500
'14JA',10301,51243,95000
'14JA',10301,51243,100600
'14JA',10301,51243,102100
'14JA',10301,51243,103600
'14JA',10301,51243,104600
'14JA',10301,51243,105600
'14JA',10301,51243,110600
'14JA',10301,51243,111600
'14JA',10301,51243,112700
'14JA',10301,51243,113900
'14JA',10301,51243,115000
'14JA',10301,51243,120100
'14JA',10301,51243,121200
'14JA',10301,51243,122200
'14JA',10301,51243,123200
'14JA',10301,51243,124200
'14JA',10301,51243,125200
'14JA',10301,51243,130200
'14JA',10301,51243,131200
'14JA',10301,51243,132200
'14JA',10301,51243,133200
'14JA',10301,51243,134200
'14JA',10301,51243,135200
'14JA',10301,51243,140200
'14JA',10301,51243,141200
'14JA',10301,51243,142200
'14JA',10301,51243,143300
'14JA',10301,51243,144400
'14JA',10301,51243,145500
'14JA',10301,51243,150700
'14JA',10301,51243,151900
'14JA',10301,51243,153100
'14JA',10301,51243,154700
'14JA',10301,51243,160400
'14JA',10301,51243,162400
'14JA',10301,51243,164400
'14JA',10301,51243,170000
'14JA',10301,51243,171500
'14JA',10301,51243,173000
'14JA',10301,51243,174500
'14JA',10301,51243,180100
'14JA',10301,51243,181700
'14JA',10301,51243,183700
'14JA',10301,51243,190000
'14JA',10301,51243,192300
'14JA',10301,51243,195000
'14JA',10301,51243,201900
'14JA',10301,51243,204900
'14JA',10301,51243,211900
'14JA',10301,51243,214900
'14JA',10301,51243,221900
'14JA',10301,51243,224900
'14JA',10301,51243,231900
'14JA',10301,51243,234900
'14JA',10301,51243,241900
'14JA',10301,51243,244900
'14JA',10301,51243,251900
'14JA',10301,51243,254700
'14JA',10301,56317,53400
'14JA',10301,56317,60400
'14JA',10301,56317,63400
'14JA',10301,56317,70400
'14JA',10301,56317,72400
'14JA',10301,56317,74400
'14JA',10301,56317,80400
'14JA',10301,56317,82400
'14JA',10301,56317,83900
'14JA',10301,56317,85400
'14JA',10301,56317,90900
'14JA',10301,56317,92400
'14JA',10301,56317,93900
'14JA',10301,56317,95500
'14JA',10301,56317,101000
'14JA',10301,56317,102500
'14JA',10301,56317,103500
'14JA',10301,56317,104500
'14JA',10301,56317,105500
'14JA',10301,56317,110500
'14JA',10301,56317,111500
'14JA',10301,56317,112600
'14JA',10301,56317,113700
'14JA',10301,56317,114800
'14JA',10301,56317,115900
'14JA',10301,56317,120900
'14JA',10301,56317,121900
'14JA',10301,56317,122900
'14JA',10301,56317,123900
'14JA',10301,56317,124900
'14JA',10301,56317,125900
'14JA',10301,56317,130900
'14JA',10301,56317,131900
'14JA',10301,56317,132900
'14JA',10301,56317,133900
'14JA',10301,56317,134900
'14JA',10301,56317,135900
'14JA',10301,56317,140900
'14JA',10301,56317,142000
'14JA',10301,56317,143100
'14JA',10301,56317,144300
'14JA',10301,56317,145500
'14JA',10301,56317,150700
'14JA',10301,56317,151900
'14JA',10301,56317,153500
'14JA',10301,56317,155200
'14JA',10301,56317,161200
'14JA',10301,56317,163200
'14JA',10301,56317,164800
'14JA',10301,56317,170300
'14JA',10301,56317,171800
'14JA',10301,56317,173300
'14JA',10301,56317,174900
'14JA',10301,56317,180500
'14JA',10301,56317,182500
'14JA',10301,56317,184800
'14JA',10301,56317,191100
'14JA',10301,56317,193900
'14JA',10301,56317,200800
'14JA',10301,56317,203800
'14JA',10301,56317,210800
'14JA',10301,56317,213800
'14JA',10301,56317,220800
'14JA',10301,56317,223800
'14JA',10301,56317,230800
'14JA',10301,56317,233800
'14JA',10301,56317,240800
'14JA',10301,56317,243800
'14JA',10301,56317,250800
'14JA',10301,56317,253700
'14JA',10301,56388,52500
'14JA',10301,56388,55500
'14JA',10301,56388,62500
'14JA',10301,56388,65500
'14JA',10301,56388,71500
'14JA',10301,56388,73500
'14JA',10301,56388,75500
'14JA',10301,56388,81500
'14JA',10301,56388,83000
'14JA',10301,56388,84500
'14JA',10301,56388,90000
'14JA',10301,56388,91500
'14JA',10301,56388,93000
'14JA',10301,56388,94600
'14JA',10301,56388,100100
'14JA',10301,56388,101600
'14JA',10301,56388,102600
'14JA',10301,56388,103600
'14JA',10301,56388,104600
'14JA',10301,56388,105600
'14JA',10301,56388,110600
'14JA',10301,56388,111600
'14JA',10301,56388,112700
'14JA',10301,56388,113800
'14JA',10301,56388,114900
'14JA',10301,56388,115900
'14JA',10301,56388,120900
'14JA',10301,56388,121900
'14JA',10301,56388,122900
'14JA',10301,56388,123900
'14JA',10301,56388,124900
'14JA',10301,56388,125900
'14JA',10301,56388,130900
'14JA',10301,56388,131900
'14JA',10301,56388,132900
'14JA',10301,56388,133900
'14JA',10301,56388,134900
'14JA',10301,56388,135900
'14JA',10301,56388,141000
'14JA',10301,56388,142100
'14JA',10301,56388,143300
'14JA',10301,56388,144500
'14JA',10301,56388,145700
'14JA',10301,56388,150900
'14JA',10301,56388,152500
'14JA',10301,56388,154200
'14JA',10301,56388,160200
'14JA',10301,56388,162200
'14JA',10301,56388,163800
'14JA',10301,56388,165300
'14JA',10301,56388,170800
'14JA',10301,56388,172300
'14JA',10301,56388,173900
'14JA',10301,56388,175500
'14JA',10301,56388,181500
'14JA',10301,56388,183800
'14JA',10301,56388,190200
'14JA',10301,56388,193100
'14JA',10301,56388,200000
'14JA',10301,56388,203000
'14JA',10301,56388,210000
'14JA',10301,56388,213000
'14JA',10301,56388,220000
'14JA',10301,56388,223000
'14JA',10301,56388,230000
'14JA',10301,56388,233000
'14JA',10301,56388,240000
'14JA',10301,56388,243000
'14JA',10301,56388,250000
'14JA',10301,56388,253000
'14JA',10301,56396,52600
'14JA',10301,56396,55600
'14JA',10301,56396,62600
'14JA',10301,56396,65600
'14JA',10301,56396,71600
'14JA',10301,56396,73600
'14JA',10301,56396,75600
'14JA',10301,56396,81600
'14JA',10301,56396,83100
'14JA',10301,56396,84600
'14JA',10301,56396,90100
'14JA',10301,56396,91600
'14JA',10301,56396,93100
'14JA',10301,56396,94700
'14JA',10301,56396,100200
'14JA',10301,56396,101700
'14JA',10301,56396,102700
'14JA',10301,56396,103700
'14JA',10301,56396,104700
'14JA',10301,56396,105700
'14JA',10301,56396,110700
'14JA',10301,56396,111700
'14JA',10301,56396,112800
'14JA',10301,56396,113900
'14JA',10301,56396,115000
'14JA',10301,56396,120000
'14JA',10301,56396,121000
'14JA',10301,56396,122000
'14JA',10301,56396,123000
'14JA',10301,56396,124000
'14JA',10301,56396,125000
'14JA',10301,56396,130000
'14JA',10301,56396,131000
'14JA',10301,56396,132000
'14JA',10301,56396,133000
'14JA',10301,56396,134000
'14JA',10301,56396,135000
'14JA',10301,56396,140000
'14JA',10301,56396,141100
'14JA',10301,56396,142200
'14JA',10301,56396,143400
'14JA',10301,56396,144600
'14JA',10301,56396,145800
'14JA',10301,56396,151000
'14JA',10301,56396,152600
'14JA',10301,56396,154300
'14JA',10301,56396,160300
'14JA',10301,56396,162300
'14JA',10301,56396,163900
'14JA',10301,56396,165400
'14JA',10301,56396,170900
'14JA',10301,56396,172400
'14JA',10301,56396,174000
'14JA',10301,56396,175600
'14JA',10301,56396,181600
'14JA',10301,56396,183900
'14JA',10301,56396,190300
'14JA',10301,56396,193200
'14JA',10301,56396,200100
'14JA',10301,56396,203100
'14JA',10301,56396,210100
'14JA',10301,56396,213100
'14JA',10301,56396,220100
'14JA',10301,56396,223100
'14JA',10301,56396,230100
'14JA',10301,56396,233100
'14JA',10301,56396,240100
'14JA',10301,56396,243100
'14JA',10301,56396,250100
'14JA',10301,56396,253100
'14JA',10301,56399,52700
'14JA',10301,56399,55700
'14JA',10301,56399,62700
'14JA',10301,56399,65700
'14JA',10301,56399,71700
'14JA',10301,56399,73700
'14JA',10301,56399,75700
'14JA',10301,56399,81700
'14JA',10301,56399,83200
'14JA',10301,56399,84700
'14JA',10301,56399,90200
'14JA',10301,56399,91700
'14JA',10301,56399,93200
'14JA',10301,56399,94800
'14JA',10301,56399,100300
'14JA',10301,56399,101800
'14JA',10301,56399,102800
'14JA',10301,56399,103800
'14JA',10301,56399,104800
'14JA',10301,56399,105800
'14JA',10301,56399,110800
'14JA',10301,56399,111800
'14JA',10301,56399,112900
'14JA',10301,56399,114000
'14JA',10301,56399,115100
'14JA',10301,56399,120100
'14JA',10301,56399,121100
'14JA',10301,56399,122100
'14JA',10301,56399,123100
'14JA',10301,56399,124100
'14JA',10301,56399,125100
'14JA',10301,56399,130100
'14JA',10301,56399,131100
'14JA',10301,56399,132100
'14JA',10301,56399,133100
'14JA',10301,56399,134100
'14JA',10301,56399,135100
'14JA',10301,56399,140100
'14JA',10301,56399,141200
'14JA',10301,56399,142300
'14JA',10301,56399,143500
'14JA',10301,56399,144700
'14JA',10301,56399,145900
'14JA',10301,56399,151100
'14JA',10301,56399,152700
'14JA',10301,56399,154400
'14JA',10301,56399,160400
'14JA',10301,56399,162400
'14JA',10301,56399,164000
'14JA',10301,56399,165500
'14JA',10301,56399,171000
'14JA',10301,56399,172500
'14JA',10301,56399,174100
'14JA',10301,56399,175700
'14JA',10301,56399,181700
'14JA',10301,56399,184000
'14JA',10301,56399,190400
'14JA',10301,56399,193300
'14JA',10301,56399,200200
'14JA',10301,56399,203200
'14JA',10301,56399,210200
'14JA',10301,56399,213200
'14JA',10301,56399,220200
'14JA',10301,56399,223200
'14JA',10301,56399,230200
'14JA',10301,56399,233200
'14JA',10301,56399,240200
'14JA',10301,56399,243200
'14JA',10301,56399,250200
'14JA',10301,56399,253100
'14JA',10301,56406,52900
'14JA',10301,56406,55900
'14JA',10301,56406,62900
'14JA',10301,56406,65900
'14JA',10301,56406,71900
'14JA',10301,56406,73900
'14JA',10301,56406,75900
'14JA',10301,56406,81900
'14JA',10301,56406,83400
'14JA',10301,56406,84900
'14JA',10301,56406,90400
'14JA',10301,56406,91900
'14JA',10301,56406,93400
'14JA',10301,56406,95000
'14JA',10301,56406,100500
'14JA',10301,56406,102000
'14JA',10301,56406,103000
'14JA',10301,56406,104000
'14JA',10301,56406,105000
'14JA',10301,56406,110000
'14JA',10301,56406,111000
'14JA',10301,56406,112000
'14JA',10301,56406,113100
'14JA',10301,56406,114200
'14JA',10301,56406,115300
'14JA',10301,56406,120300
'14JA',10301,56406,121300
'14JA',10301,56406,122300
'14JA',10301,56406,123300
'14JA',10301,56406,124300
'14JA',10301,56406,125300
'14JA',10301,56406,130300
'14JA',10301,56406,131300
'14JA',10301,56406,132300
'14JA',10301,56406,133300
'14JA',10301,56406,134300
'14JA',10301,56406,135300
'14JA',10301,56406,140300
'14JA',10301,56406,141400
'14JA',10301,56406,142500
'14JA',10301,56406,143700
'14JA',10301,56406,144900
'14JA',10301,56406,150100
'14JA',10301,56406,151300
'14JA',10301,56406,152900
'14JA',10301,56406,154600
'14JA',10301,56406,160600
'14JA',10301,56406,162600
'14JA',10301,56406,164200
'14JA',10301,56406,165700
'14JA',10301,56406,171200
'14JA',10301,56406,172700
'14JA',10301,56406,174300
'14JA',10301,56406,175900
'14JA',10301,56406,181900
'14JA',10301,56406,184200
'14JA',10301,56406,190600
'14JA',10301,56406,193500
'14JA',10301,56406,200400
'14JA',10301,56406,203400
'14JA',10301,56406,210400
'14JA',10301,56406,213400
'14JA',10301,56406,220400
'14JA',10301,56406,223400
'14JA',10301,56406,230400
'14JA',10301,56406,233400
'14JA',10301,56406,240400
'14JA',10301,56406,243400
'14JA',10301,56406,250400
'14JA',10301,56406,253300
'14JA',10301,56410,53000
'14JA',10301,56410,60000
'14JA',10301,56410,63000
'14JA',10301,56410,70000
'14JA',10301,56410,72000
'14JA',10301,56410,74000
'14JA',10301,56410,80000
'14JA',10301,56410,82000
'14JA',10301,56410,83500
'14JA',10301,56410,85000
'14JA',10301,56410,90500
'14JA',10301,56410,92000
'14JA',10301,56410,93500
'14JA',10301,56410,95100
'14JA',10301,56410,100600
'14JA',10301,56410,102100
'14JA',10301,56410,103100
'14JA',10301,56410,104100
'14JA',10301,56410,105100
'14JA',10301,56410,110100
'14JA',10301,56410,111100
'14JA',10301,56410,112100
'14JA',10301,56410,113200
'14JA',10301,56410,114300
'14JA',10301,56410,115400
'14JA',10301,56410,120400
'14JA',10301,56410,121400
'14JA',10301,56410,122400
'14JA',10301,56410,123400
'14JA',10301,56410,124400
'14JA',10301,56410,125400
'14JA',10301,56410,130400
'14JA',10301,56410,131400
'14JA',10301,56410,132400
'14JA',10301,56410,133400
'14JA',10301,56410,134400
'14JA',10301,56410,135400
'14JA',10301,56410,140400
'14JA',10301,56410,141500
'14JA',10301,56410,142600
'14JA',10301,56410,143800
'14JA',10301,56410,145000
'14JA',10301,56410,150200
'14JA',10301,56410,151400
'14JA',10301,56410,153000
'14JA',10301,56410,154700
'14JA',10301,56410,160700
'14JA',10301,56410,162700
'14JA',10301,56410,164300
'14JA',10301,56410,165800
'14JA',10301,56410,171300
'14JA',10301,56410,172800
'14JA',10301,56410,174400
'14JA',10301,56410,180000
'14JA',10301,56410,182000
'14JA',10301,56410,184300
'14JA',10301,56410,190700
'14JA',10301,56410,193600
'14JA',10301,56410,200500
'14JA',10301,56410,203500
'14JA',10301,56410,210500
'14JA',10301,56410,213500
'14JA',10301,56410,220500
'14JA',10301,56410,223500
'14JA',10301,56410,230500
'14JA',10301,56410,233500
'14JA',10301,56410,240500
'14JA',10301,56410,243500
'14JA',10301,56410,250500
'14JA',10301,56410,253400
'14JA',10301,56413,53100
'14JA',10301,56413,60100
'14JA',10301,56413,63100
'14JA',10301,56413,70100
'14JA',10301,56413,72100
'14JA',10301,56413,74100
'14JA',10301,56413,80100
'14JA',10301,56413,82100
'14JA',10301,56413,83600
'14JA',10301,56413,85100
'14JA',10301,56413,90600
'14JA',10301,56413,92100
'14JA',10301,56413,93600
'14JA',10301,56413,95200
'14JA',10301,56413,100700
'14JA',10301,56413,102200
'14JA',10301,56413,103200
'14JA',10301,56413,104200
'14JA',10301,56413,105200
'14JA',10301,56413,110200
'14JA',10301,56413,111200
'14JA',10301,56413,112200
'14JA',10301,56413,113300
'14JA',10301,56413,114400
'14JA',10301,56413,115500
'14JA',10301,56413,120500
'14JA',10301,56413,121500
'14JA',10301,56413,122500
'14JA',10301,56413,123500
'14JA',10301,56413,124500
'14JA',10301,56413,125500
'14JA',10301,56413,130500
'14JA',10301,56413,131500
'14JA',10301,56413,132500
'14JA',10301,56413,133500
'14JA',10301,56413,134500
'14JA',10301,56413,135500
'14JA',10301,56413,140500
'14JA',10301,56413,141600
'14JA',10301,56413,142700
'14JA',10301,56413,143900
'14JA',10301,56413,145100
'14JA',10301,56413,150300
'14JA',10301,56413,151500
'14JA',10301,56413,153100
'14JA',10301,56413,154800
'14JA',10301,56413,160800
'14JA',10301,56413,162800
'14JA',10301,56413,164400
'14JA',10301,56413,165900
'14JA',10301,56413,171400
'14JA',10301,56413,172900
'14JA',10301,56413,174500
'14JA',10301,56413,180100
'14JA',10301,56413,182100
'14JA',10301,56413,184400
'14JA',10301,56413,190800
'14JA',10301,56413,193700
'14JA',10301,56413,200600
'14JA',10301,56413,203600
'14JA',10301,56413,210600
'14JA',10301,56413,213600
'14JA',10301,56413,220600
'14JA',10301,56413,223600
'14JA',10301,56413,230600
'14JA',10301,56413,233600
'14JA',10301,56413,240600
'14JA',10301,56413,243600
'14JA',10301,56413,250600
'14JA',10301,56413,253500
'14JA',10301,56415,53300
'14JA',10301,56415,60300
'14JA',10301,56415,63300
'14JA',10301,56415,70300
'14JA',10301,56415,72300
'14JA',10301,56415,74300
'14JA',10301,56415,80300
'14JA',10301,56415,82300
'14JA',10301,56415,83800
'14JA',10301,56415,85300
'14JA',10301,56415,90800
'14JA',10301,56415,92300
'14JA',10301,56415,93800
'14JA',10301,56415,95400
'14JA',10301,56415,100900
'14JA',10301,56415,102400
'14JA',10301,56415,103400
'14JA',10301,56415,104400
'14JA',10301,56415,105400
'14JA',10301,56415,110400
'14JA',10301,56415,111400
'14JA',10301,56415,112500
'14JA',10301,56415,113600
'14JA',10301,56415,114700
'14JA',10301,56415,115800
'14JA',10301,56415,120800
'14JA',10301,56415,121800
'14JA',10301,56415,122800
'14JA',10301,56415,123800
'14JA',10301,56415,124800
'14JA',10301,56415,125800
'14JA',10301,56415,130800
'14JA',10301,56415,131800
'14JA',10301,56415,132800
'14JA',10301,56415,133800
'14JA',10301,56415,134800
'14JA',10301,56415,135800
'14JA',10301,56415,140800
'14JA',10301,56415,141900
'14JA',10301,56415,143000
'14JA',10301,56415,144200
'14JA',10301,56415,145400
'14JA',10301,56415,150600
'14JA',10301,56415,151800
'14JA',10301,56415,153400
'14JA',10301,56415,155100
'14JA',10301,56415,161100
'14JA',10301,56415,163100
'14JA',10301,56415,164700
'14JA',10301,56415,170200
'14JA',10301,56415,171700
'14JA',10301,56415,173200
'14JA',10301,56415,174800
'14JA',10301,56415,180400
'14JA',10301,56415,182400
'14JA',10301,56415,184700
'14JA',10301,56415,191000
'14JA',10301,56415,193900
'14JA',10301,56415,200800
'14JA',10301,56415,203800
'14JA',10301,56415,210800
'14JA',10301,56415,213800
'14JA',10301,56415,220800
'14JA',10301,56415,223800
'14JA',10301,56415,230800
'14JA',10301,56415,233800
'14JA',10301,56415,240800
'14JA',10301,56415,243800
'14JA',10301,56415,250800
'14JA',10301,56415,253700
'14JA',10302,50570,60200
'14JA',10302,50570,63200
'14JA',10302,50570,70200
'14JA',10302,50570,73200
'14JA',10302,50570,80300
'14JA',10302,50570,83300
'14JA',10302,50570,90300
'14JA',10302,50570,93300
'14JA',10302,50570,100300
'14JA',10302,50570,103400
'14JA',10302,50570,110500
'14JA',10302,50570,113500
'14JA',10302,50570,120000
'14JA',10302,50570,122300
'14JA',10302,50570,124400
'14JA',10302,50570,130300
'14JA',10302,50570,132000
'14JA',10302,50570,133100
'14JA',10302,50570,134100
'14JA',10302,50570,135100
'14JA',10302,50570,140100
'14JA',10302,50570,141100
'14JA',10302,50570,142100
'14JA',10302,50570,143100
'14JA',10302,50570,144200
'14JA',10302,50570,145400
'14JA',10302,50570,150500
'14JA',10302,50570,151600
'14JA',10302,50570,152700
'14JA',10302,50570,153700
'14JA',10302,50570,154600
'14JA',10302,50570,155500
'14JA',10302,50570,160500
'14JA',10302,50570,161400
'14JA',10302,50570,162200
'14JA',10302,50570,163000
'14JA',10302,50570,163800
'14JA',10302,50570,164600
'14JA',10302,50570,165400
'14JA',10302,50570,170200
'14JA',10302,50570,170800
'14JA',10302,50570,171400
'14JA',10302,50570,172000
'14JA',10302,50570,172700
'14JA',10302,50570,173400
'14JA',10302,50570,174100
'14JA',10302,50570,174800
'14JA',10302,50570,175500
'14JA',10302,50570,180100
'14JA',10302,50570,180800
'14JA',10302,50570,181500
'14JA',10302,50570,182100
'14JA',10302,50570,182800
'14JA',10302,50570,183500
'14JA',10302,50570,184200
'14JA',10302,50570,184900
'14JA',10302,50570,185900
'14JA',10302,50570,190900
'14JA',10302,50570,191900
'14JA',10302,50570,193300
'14JA',10302,50570,194800
'14JA',10302,50570,200800
'14JA',10302,50570,202800
'14JA',10302,50570,204800
'14JA',10302,50570,210800
'14JA',10302,50570,212800
'14JA',10302,50570,214600
'14JA',10302,50570,220500
'14JA',10302,50570,222400
'14JA',10302,50570,224200
'14JA',10302,50570,230000
'14JA',10302,50570,231900
'14JA',10302,50570,233900
'14JA',10302,50570,235900
'14JA',10302,50570,241900
'14JA',10302,50570,243900
'14JA',10302,50570,250700
'14JA',10302,50570,253500
'14JA',10302,50570,260300
'14JA',10302,50604,60100
'14JA',10302,50604,63100
'14JA',10302,50604,70100
'14JA',10302,50604,73100
'14JA',10302,50604,80200
'14JA',10302,50604,83200
'14JA',10302,50604,90200
'14JA',10302,50604,93200
'14JA',10302,50604,100200
'14JA',10302,50604,103300
'14JA',10302,50604,110400
'14JA',10302,50604,113400
'14JA',10302,50604,115900
'14JA',10302,50604,122200
'14JA',10302,50604,124300
'14JA',10302,50604,130200
'14JA',10302,50604,131900
'14JA',10302,50604,133000
'14JA',10302,50604,134000
'14JA',10302,50604,135000
'14JA',10302,50604,140000
'14JA',10302,50604,141000
'14JA',10302,50604,142000
'14JA',10302,50604,143000
'14JA',10302,50604,144100
'14JA',10302,50604,145300
'14JA',10302,50604,150400
'14JA',10302,50604,151500
'14JA',10302,50604,152600
'14JA',10302,50604,153600
'14JA',10302,50604,154500
'14JA',10302,50604,155400
'14JA',10302,50604,160400
'14JA',10302,50604,161300
'14JA',10302,50604,162100
'14JA',10302,50604,162900
'14JA',10302,50604,163700
'14JA',10302,50604,164500
'14JA',10302,50604,165300
'14JA',10302,50604,170100
'14JA',10302,50604,170700
'14JA',10302,50604,171300
'14JA',10302,50604,171900
'14JA',10302,50604,172600
'14JA',10302,50604,173300
'14JA',10302,50604,174000
'14JA',10302,50604,174700
'14JA',10302,50604,175400
'14JA',10302,50604,180000
'14JA',10302,50604,180700
'14JA',10302,50604,181400
'14JA',10302,50604,182000
'14JA',10302,50604,182700
'14JA',10302,50604,183400
'14JA',10302,50604,184100
'14JA',10302,50604,184800
'14JA',10302,50604,185800
'14JA',10302,50604,190800
'14JA',10302,50604,191800
'14JA',10302,50604,193200
'14JA',10302,50604,194700
'14JA',10302,50604,200700
'14JA',10302,50604,202700
'14JA',10302,50604,204700
'14JA',10302,50604,210700
'14JA',10302,50604,212700
'14JA',10302,50604,214500
'14JA',10302,50604,220400
'14JA',10302,50604,222300
'14JA',10302,50604,224100
'14JA',10302,50604,225900
'14JA',10302,50604,231800
'14JA',10302,50604,233800
'14JA',10302,50604,235800
'14JA',10302,50604,241800
'14JA',10302,50604,243800
'14JA',10302,50604,250600
'14JA',10302,50604,253400
'14JA',10302,50604,260200
'14JA',10302,50626,60100
'14JA',10302,50626,63100
'14JA',10302,50626,70100
'14JA',10302,50626,73100
'14JA',10302,50626,80200
'14JA',10302,50626,83200
'14JA',10302,50626,90200
'14JA',10302,50626,93200
'14JA',10302,50626,100200
'14JA',10302,50626,103300
'14JA',10302,50626,110400
'14JA',10302,50626,113400
'14JA',10302,50626,115900
'14JA',10302,50626,122200
'14JA',10302,50626,124300
'14JA',10302,50626,130200
'14JA',10302,50626,131900
'14JA',10302,50626,133000
'14JA',10302,50626,134000
'14JA',10302,50626,135000
'14JA',10302,50626,140000
'14JA',10302,50626,141000
'14JA',10302,50626,142000
'14JA',10302,50626,143000
'14JA',10302,50626,144100
'14JA',10302,50626,145300
'14JA',10302,50626,150400
'14JA',10302,50626,151500
'14JA',10302,50626,152600
'14JA',10302,50626,153600
'14JA',10302,50626,154500
'14JA',10302,50626,155400
'14JA',10302,50626,160400
'14JA',10302,50626,161300
'14JA',10302,50626,162100
'14JA',10302,50626,162900
'14JA',10302,50626,163700
'14JA',10302,50626,164500
'14JA',10302,50626,165300
'14JA',10302,50626,170100
'14JA',10302,50626,170700
'14JA',10302,50626,171300
'14JA',10302,50626,171900
'14JA',10302,50626,172600
'14JA',10302,50626,173300
'14JA',10302,50626,174000
'14JA',10302,50626,174700
'14JA',10302,50626,175400
'14JA',10302,50626,180000
'14JA',10302,50626,180700
'14JA',10302,50626,181400
'14JA',10302,50626,182000
'14JA',10302,50626,182700
'14JA',10302,50626,183400
'14JA',10302,50626,184100
'14JA',10302,50626,184800
'14JA',10302,50626,185800
'14JA',10302,50626,190800
'14JA',10302,50626,191800
'14JA',10302,50626,193200
'14JA',10302,50626,194700
'14JA',10302,50626,200700
'14JA',10302,50626,202700
'14JA',10302,50626,204700
'14JA',10302,50626,210700
'14JA',10302,50626,212700
'14JA',10302,50626,214500
'14JA',10302,50626,220400
'14JA',10302,50626,222300
'14JA',10302,50626,224100
'14JA',10302,50626,225900
'14JA',10302,50626,231800
'14JA',10302,50626,233800
'14JA',10302,50626,235800
'14JA',10302,50626,241800
'14JA',10302,50626,243800
'14JA',10302,50626,250600
'14JA',10302,50626,253400
'14JA',10302,50626,260200
'14JA',10302,50796,55900
'14JA',10302,50796,62900
'14JA',10302,50796,65900
'14JA',10302,50796,72900
'14JA',10302,50796,80000
'14JA',10302,50796,83000
'14JA',10302,50796,90000
'14JA',10302,50796,93000
'14JA',10302,50796,100000
'14JA',10302,50796,103000
'14JA',10302,50796,110100
'14JA',10302,50796,113100
'14JA',10302,50796,115600
'14JA',10302,50796,121900
'14JA',10302,50796,124000
'14JA',10302,50796,125900
'14JA',10302,50796,131600
'14JA',10302,50796,132700
'14JA',10302,50796,133700
'14JA',10302,50796,134700
'14JA',10302,50796,135700
'14JA',10302,50796,140700
'14JA',10302,50796,141700
'14JA',10302,50796,142700
'14JA',10302,50796,143800
'14JA',10302,50796,145000
'14JA',10302,50796,150100
'14JA',10302,50796,151200
'14JA',10302,50796,152300
'14JA',10302,50796,153300
'14JA',10302,50796,154200
'14JA',10302,50796,155100
'14JA',10302,50796,160100
'14JA',10302,50796,161000
'14JA',10302,50796,161800
'14JA',10302,50796,162600
'14JA',10302,50796,163400
'14JA',10302,50796,164200
'14JA',10302,50796,165000
'14JA',10302,50796,165800
'14JA',10302,50796,170400
'14JA',10302,50796,171000
'14JA',10302,50796,171600
'14JA',10302,50796,172300
'14JA',10302,50796,173000
'14JA',10302,50796,173700
'14JA',10302,50796,174400
'14JA',10302,50796,175100
'14JA',10302,50796,175700
'14JA',10302,50796,180400
'14JA',10302,50796,181100
'14JA',10302,50796,181700
'14JA',10302,50796,182400
'14JA',10302,50796,183100
'14JA',10302,50796,183800
'14JA',10302,50796,184500
'14JA',10302,50796,185500
'14JA',10302,50796,190500
'14JA',10302,50796,191500
'14JA',10302,50796,192900
'14JA',10302,50796,194400
'14JA',10302,50796,200400
'14JA',10302,50796,202400
'14JA',10302,50796,204400
'14JA',10302,50796,210400
'14JA',10302,50796,212400
'14JA',10302,50796,214300
'14JA',10302,50796,220200
'14JA',10302,50796,222100
'14JA',10302,50796,223900
'14JA',10302,50796,225700
'14JA',10302,50796,231600
'14JA',10302,50796,233600
'14JA',10302,50796,235600
'14JA',10302,50796,241600
'14JA',10302,50796,243600
'14JA',10302,50796,250400
'14JA',10302,50796,253200
'14JA',10302,50796,260000
'14JA',10302,50910,55700
'14JA',10302,50910,62700
'14JA',10302,50910,65700
'14JA',10302,50910,72700
'14JA',10302,50910,75800
'14JA',10302,50910,82800
'14JA',10302,50910,85800
'14JA',10302,50910,92800
'14JA',10302,50910,95800
'14JA',10302,50910,102900
'14JA',10302,50910,105900
'14JA',10302,50910,112900
'14JA',10302,50910,115400
'14JA',10302,50910,121700
'14JA',10302,50910,123800
'14JA',10302,50910,125700
'14JA',10302,50910,131400
'14JA',10302,50910,132500
'14JA',10302,50910,133500
'14JA',10302,50910,134500
'14JA',10302,50910,135500
'14JA',10302,50910,140500
'14JA',10302,50910,141500
'14JA',10302,50910,142500
'14JA',10302,50910,143600
'14JA',10302,50910,144800
'14JA',10302,50910,145900
'14JA',10302,50910,151000
'14JA',10302,50910,152100
'14JA',10302,50910,153100
'14JA',10302,50910,154000
'14JA',10302,50910,154900
'14JA',10302,50910,155900
'14JA',10302,50910,160800
'14JA',10302,50910,161600
'14JA',10302,50910,162400
'14JA',10302,50910,163200
'14JA',10302,50910,164000
'14JA',10302,50910,164800
'14JA',10302,50910,165600
'14JA',10302,50910,170200
'14JA',10302,50910,170800
'14JA',10302,50910,171400
'14JA',10302,50910,172100
'14JA',10302,50910,172800
'14JA',10302,50910,173500
'14JA',10302,50910,174200
'14JA',10302,50910,174900
'14JA',10302,50910,175500
'14JA',10302,50910,180200
'14JA',10302,50910,180900
'14JA',10302,50910,181500
'14JA',10302,50910,182200
'14JA',10302,50910,182900
'14JA',10302,50910,183600
'14JA',10302,50910,184400
'14JA',10302,50910,185400
'14JA',10302,50910,190400
'14JA',10302,50910,191400
'14JA',10302,50910,192800
'14JA',10302,50910,194300
'14JA',10302,50910,200300
'14JA',10302,50910,202300
'14JA',10302,50910,204300
'14JA',10302,50910,210300
'14JA',10302,50910,212300
'14JA',10302,50910,214100
'14JA',10302,50910,220000
'14JA',10302,50910,221900
'14JA',10302,50910,223700
'14JA',10302,50910,225500
'14JA',10302,50910,231400
'14JA',10302,50910,233400
'14JA',10302,50910,235400
'14JA',10302,50910,241400
'14JA',10302,50910,243400
'14JA',10302,50910,250200
'14JA',10302,50910,253000
'14JA',10302,50910,255800
'14JA',10302,50962,55700
'14JA',10302,50962,62700
'14JA',10302,50962,65700
'14JA',10302,50962,72700
'14JA',10302,50962,75800
'14JA',10302,50962,82800
'14JA',10302,50962,85800
'14JA',10302,50962,92800
'14JA',10302,50962,95800
'14JA',10302,50962,102800
'14JA',10302,50962,105800
'14JA',10302,50962,112800
'14JA',10302,50962,115300
'14JA',10302,50962,121600
'14JA',10302,50962,123700
'14JA',10302,50962,125600
'14JA',10302,50962,131300
'14JA',10302,50962,132400
'14JA',10302,50962,133400
'14JA',10302,50962,134400
'14JA',10302,50962,135400
'14JA',10302,50962,140400
'14JA',10302,50962,141400
'14JA',10302,50962,142400
'14JA',10302,50962,143500
'14JA',10302,50962,144700
'14JA',10302,50962,145800
'14JA',10302,50962,150900
'14JA',10302,50962,152000
'14JA',10302,50962,153000
'14JA',10302,50962,153900
'14JA',10302,50962,154800
'14JA',10302,50962,155800
'14JA',10302,50962,160700
'14JA',10302,50962,161500
'14JA',10302,50962,162300
'14JA',10302,50962,163100
'14JA',10302,50962,163900
'14JA',10302,50962,164700
'14JA',10302,50962,165500
'14JA',10302,50962,170100
'14JA',10302,50962,170700
'14JA',10302,50962,171300
'14JA',10302,50962,172000
'14JA',10302,50962,172700
'14JA',10302,50962,173400
'14JA',10302,50962,174100
'14JA',10302,50962,174800
'14JA',10302,50962,175400
'14JA',10302,50962,180100
'14JA',10302,50962,180800
'14JA',10302,50962,181400
'14JA',10302,50962,182100
'14JA',10302,50962,182800
'14JA',10302,50962,183500
'14JA',10302,50962,184300
'14JA',10302,50962,185300
'14JA',10302,50962,190300
'14JA',10302,50962,191300
'14JA',10302,50962,192700
'14JA',10302,50962,194200
'14JA',10302,50962,200200
'14JA',10302,50962,202200
'14JA',10302,50962,204200
'14JA',10302,50962,210200
'14JA',10302,50962,212200
'14JA',10302,50962,214100
'14JA',10302,50962,220000
'14JA',10302,50962,221900
'14JA',10302,50962,223700
'14JA',10302,50962,225500
'14JA',10302,50962,231400
'14JA',10302,50962,233400
'14JA',10302,50962,235400
'14JA',10302,50962,241400
'14JA',10302,50962,243400
'14JA',10302,50962,250200
'14JA',10302,50962,253000
'14JA',10302,50962,255800
'14JA',10302,51033,55600
'14JA',10302,51033,62600
'14JA',10302,51033,65600
'14JA',10302,51033,72600
'14JA',10302,51033,75700
'14JA',10302,51033,82700
'14JA',10302,51033,85700
'14JA',10302,51033,92700
'14JA',10302,51033,95700
'14JA',10302,51033,102700
'14JA',10302,51033,105700
'14JA',10302,51033,112700
'14JA',10302,51033,115200
'14JA',10302,51033,121500
'14JA',10302,51033,123600
'14JA',10302,51033,125500
'14JA',10302,51033,131200
'14JA',10302,51033,132300
'14JA',10302,51033,133300
'14JA',10302,51033,134300
'14JA',10302,51033,135300
'14JA',10302,51033,140300
'14JA',10302,51033,141300
'14JA',10302,51033,142300
'14JA',10302,51033,143400
'14JA',10302,51033,144600
'14JA',10302,51033,145700
'14JA',10302,51033,150800
'14JA',10302,51033,151900
'14JA',10302,51033,152900
'14JA',10302,51033,153800
'14JA',10302,51033,154700
'14JA',10302,51033,155700
'14JA',10302,51033,160600
'14JA',10302,51033,161400
'14JA',10302,51033,162200
'14JA',10302,51033,163000
'14JA',10302,51033,163800
'14JA',10302,51033,164600
'14JA',10302,51033,165400
'14JA',10302,51033,170000
'14JA',10302,51033,170600
'14JA',10302,51033,171200
'14JA',10302,51033,171900
'14JA',10302,51033,172600
'14JA',10302,51033,173300
'14JA',10302,51033,174000
'14JA',10302,51033,174700
'14JA',10302,51033,175300
'14JA',10302,51033,180000
'14JA',10302,51033,180700
'14JA',10302,51033,181300
'14JA',10302,51033,182000
'14JA',10302,51033,182700
'14JA',10302,51033,183400
'14JA',10302,51033,184200
'14JA',10302,51033,185200
'14JA',10302,51033,190200
'14JA',10302,51033,191200
'14JA',10302,51033,192600
'14JA',10302,51033,194100
'14JA',10302,51033,200100
'14JA',10302,51033,202100
'14JA',10302,51033,204100
'14JA',10302,51033,210100
'14JA',10302,51033,212100
'14JA',10302,51033,214000
'14JA',10302,51033,215900
'14JA',10302,51033,221800
'14JA',10302,51033,223600
'14JA',10302,51033,225400
'14JA',10302,51033,231300
'14JA',10302,51033,233300
'14JA',10302,51033,235300
'14JA',10302,51033,241300
'14JA',10302,51033,243300
'14JA',10302,51033,250100
'14JA',10302,51033,252900
'14JA',10302,51033,255700
'14JA',10302,51060,55500
'14JA',10302,51060,62500
'14JA',10302,51060,65500
'14JA',10302,51060,72500
'14JA',10302,51060,75600
'14JA',10302,51060,82600
'14JA',10302,51060,85600
'14JA',10302,51060,92600
'14JA',10302,51060,95600
'14JA',10302,51060,102600
'14JA',10302,51060,105600
'14JA',10302,51060,112600
'14JA',10302,51060,115100
'14JA',10302,51060,121400
'14JA',10302,51060,123500
'14JA',10302,51060,125400
'14JA',10302,51060,131100
'14JA',10302,51060,132200
'14JA',10302,51060,133200
'14JA',10302,51060,134200
'14JA',10302,51060,135200
'14JA',10302,51060,140200
'14JA',10302,51060,141200
'14JA',10302,51060,142200
'14JA',10302,51060,143300
'14JA',10302,51060,144500
'14JA',10302,51060,145600
'14JA',10302,51060,150700
'14JA',10302,51060,151800
'14JA',10302,51060,152800
'14JA',10302,51060,153700
'14JA',10302,51060,154600
'14JA',10302,51060,155600
'14JA',10302,51060,160500
'14JA',10302,51060,161300
'14JA',10302,51060,162100
'14JA',10302,51060,162900
'14JA',10302,51060,163700
'14JA',10302,51060,164500
'14JA',10302,51060,165300
'14JA',10302,51060,165900
'14JA',10302,51060,170500
'14JA',10302,51060,171100
'14JA',10302,51060,171800
'14JA',10302,51060,172500
'14JA',10302,51060,173200
'14JA',10302,51060,173900
'14JA',10302,51060,174600
'14JA',10302,51060,175200
'14JA',10302,51060,175900
'14JA',10302,51060,180600
'14JA',10302,51060,181200
'14JA',10302,51060,181900
'14JA',10302,51060,182600
'14JA',10302,51060,183300
'14JA',10302,51060,184100
'14JA',10302,51060,185100
'14JA',10302,51060,190100
'14JA',10302,51060,191100
'14JA',10302,51060,192500
'14JA',10302,51060,194000
'14JA',10302,51060,200000
'14JA',10302,51060,202000
'14JA',10302,51060,204000
'14JA',10302,51060,210000
'14JA',10302,51060,212000
'14JA',10302,51060,213900
'14JA',10302,51060,215800
'14JA',10302,51060,221700
'14JA',10302,51060,223500
'14JA',10302,51060,225300
'14JA',10302,51060,231200
'14JA',10302,51060,233200
'14JA',10302,51060,235200
'14JA',10302,51060,241200
'14JA',10302,51060,243200
'14JA',10302,51060,250000
'14JA',10302,51060,252800
'14JA',10302,51060,255600
'14JA',10302,51091,55400
'14JA',10302,51091,62400
'14JA',10302,51091,65400
'14JA',10302,51091,72400
'14JA',10302,51091,75500
'14JA',10302,51091,82500
'14JA',10302,51091,85500
'14JA',10302,51091,92500
'14JA',10302,51091,95500
'14JA',10302,51091,102500
'14JA',10302,51091,105500
'14JA',10302,51091,112500
'14JA',10302,51091,115000
'14JA',10302,51091,121300
'14JA',10302,51091,123400
'14JA',10302,51091,125300
'14JA',10302,51091,131000
'14JA',10302,51091,132100
'14JA',10302,51091,133100
'14JA',10302,51091,134100
'14JA',10302,51091,135100
'14JA',10302,51091,140100
'14JA',10302,51091,141100
'14JA',10302,51091,142100
'14JA',10302,51091,143200
'14JA',10302,51091,144400
'14JA',10302,51091,145500
'14JA',10302,51091,150600
'14JA',10302,51091,151700
'14JA',10302,51091,152700
'14JA',10302,51091,153600
'14JA',10302,51091,154500
'14JA',10302,51091,155500
'14JA',10302,51091,160400
'14JA',10302,51091,161200
'14JA',10302,51091,162000
'14JA',10302,51091,162800
'14JA',10302,51091,163600
'14JA',10302,51091,164400
'14JA',10302,51091,165200
'14JA',10302,51091,165800
'14JA',10302,51091,170400
'14JA',10302,51091,171000
'14JA',10302,51091,171700
'14JA',10302,51091,172400
'14JA',10302,51091,173100
'14JA',10302,51091,173800
'14JA',10302,51091,174500
'14JA',10302,51091,175100
'14JA',10302,51091,175800
'14JA',10302,51091,180500
'14JA',10302,51091,181100
'14JA',10302,51091,181800
'14JA',10302,51091,182500
'14JA',10302,51091,183200
'14JA',10302,51091,184000
'14JA',10302,51091,185000
'14JA',10302,51091,190000
'14JA',10302,51091,191000
'14JA',10302,51091,192400
'14JA',10302,51091,193900
'14JA',10302,51091,195900
'14JA',10302,51091,201900
'14JA',10302,51091,203900
'14JA',10302,51091,205900
'14JA',10302,51091,211900
'14JA',10302,51091,213800
'14JA',10302,51091,215700
'14JA',10302,51091,221600
'14JA',10302,51091,223400
'14JA',10302,51091,225200
'14JA',10302,51091,231100
'14JA',10302,51091,233100
'14JA',10302,51091,235100
'14JA',10302,51091,241100
'14JA',10302,51091,243100
'14JA',10302,51091,245900
'14JA',10302,51091,252700
'14JA',10302,51091,255500
'14JA',10302,51121,55400
'14JA',10302,51121,62400
'14JA',10302,51121,65400
'14JA',10302,51121,72400
'14JA',10302,51121,75400
'14JA',10302,51121,82400
'14JA',10302,51121,85400
'14JA',10302,51121,92400
'14JA',10302,51121,95400
'14JA',10302,51121,102400
'14JA',10302,51121,105400
'14JA',10302,51121,112400
'14JA',10302,51121,114900
'14JA',10302,51121,121200
'14JA',10302,51121,123300
'14JA',10302,51121,125200
'14JA',10302,51121,130900
'14JA',10302,51121,132000
'14JA',10302,51121,133000
'14JA',10302,51121,134000
'14JA',10302,51121,135000
'14JA',10302,51121,140000
'14JA',10302,51121,141000
'14JA',10302,51121,142000
'14JA',10302,51121,143100
'14JA',10302,51121,144300
'14JA',10302,51121,145400
'14JA',10302,51121,150500
'14JA',10302,51121,151600
'14JA',10302,51121,152600
'14JA',10302,51121,153500
'14JA',10302,51121,154400
'14JA',10302,51121,155400
'14JA',10302,51121,160300
'14JA',10302,51121,161100
'14JA',10302,51121,161900
'14JA',10302,51121,162700
'14JA',10302,51121,163500
'14JA',10302,51121,164300
'14JA',10302,51121,165100
'14JA',10302,51121,165700
'14JA',10302,51121,170300
'14JA',10302,51121,170900
'14JA',10302,51121,171600
'14JA',10302,51121,172300
'14JA',10302,51121,173000
'14JA',10302,51121,173700
'14JA',10302,51121,174400
'14JA',10302,51121,175000
'14JA',10302,51121,175700
'14JA',10302,51121,180400
'14JA',10302,51121,181000
'14JA',10302,51121,181700
'14JA',10302,51121,182400
'14JA',10302,51121,183100
'14JA',10302,51121,183900
'14JA',10302,51121,184900
'14JA',10302,51121,185900
'14JA',10302,51121,190900
'14JA',10302,51121,192300
'14JA',10302,51121,193800
'14JA',10302,51121,195800
'14JA',10302,51121,201800
'14JA',10302,51121,203800
'14JA',10302,51121,205800
'14JA',10302,51121,211800
'14JA',10302,51121,213700
'14JA',10302,51121,215600
'14JA',10302,51121,221500
'14JA',10302,51121,223300
'14JA',10302,51121,225100
'14JA',10302,51121,231000
'14JA',10302,51121,233000
'14JA',10302,51121,235000
'14JA',10302,51121,241000
'14JA',10302,51121,243000
'14JA',10302,51121,245800
'14JA',10302,51121,252600
'14JA',10302,51121,255400
'14JA',10302,51153,55300
'14JA',10302,51153,62300
'14JA',10302,51153,65300
'14JA',10302,51153,72300
'14JA',10302,51153,75300
'14JA',10302,51153,82300
'14JA',10302,51153,85300
'14JA',10302,51153,92300
'14JA',10302,51153,95300
'14JA',10302,51153,102300
'14JA',10302,51153,105300
'14JA',10302,51153,112300
'14JA',10302,51153,114800
'14JA',10302,51153,121100
'14JA',10302,51153,123200
'14JA',10302,51153,125100
'14JA',10302,51153,130800
'14JA',10302,51153,131900
'14JA',10302,51153,132900
'14JA',10302,51153,133900
'14JA',10302,51153,134900
'14JA',10302,51153,135900
'14JA',10302,51153,140900
'14JA',10302,51153,141900
'14JA',10302,51153,143000
'14JA',10302,51153,144200
'14JA',10302,51153,145300
'14JA',10302,51153,150400
'14JA',10302,51153,151500
'14JA',10302,51153,152500
'14JA',10302,51153,153400
'14JA',10302,51153,154300
'14JA',10302,51153,155300
'14JA',10302,51153,160200
'14JA',10302,51153,161000
'14JA',10302,51153,161800
'14JA',10302,51153,162600
'14JA',10302,51153,163400
'14JA',10302,51153,164200
'14JA',10302,51153,165000
'14JA',10302,51153,165600
'14JA',10302,51153,170200
'14JA',10302,51153,170800
'14JA',10302,51153,171500
'14JA',10302,51153,172200
'14JA',10302,51153,172900
'14JA',10302,51153,173600
'14JA',10302,51153,174300
'14JA',10302,51153,174900
'14JA',10302,51153,175600
'14JA',10302,51153,180300
'14JA',10302,51153,180900
'14JA',10302,51153,181600
'14JA',10302,51153,182300
'14JA',10302,51153,183000
'14JA',10302,51153,183800
'14JA',10302,51153,184800
'14JA',10302,51153,185800
'14JA',10302,51153,190800
'14JA',10302,51153,192200
'14JA',10302,51153,193700
'14JA',10302,51153,195700
'14JA',10302,51153,201700
'14JA',10302,51153,203700
'14JA',10302,51153,205700
'14JA',10302,51153,211700
'14JA',10302,51153,213600
'14JA',10302,51153,215500
'14JA',10302,51153,221400
'14JA',10302,51153,223200
'14JA',10302,51153,225000
'14JA',10302,51153,230900
'14JA',10302,51153,232900
'14JA',10302,51153,234900
'14JA',10302,51153,240900
'14JA',10302,51153,242900
'14JA',10302,51153,245700
'14JA',10302,51153,252500
'14JA',10302,51153,255300
'14JA',10302,51170,55200
'14JA',10302,51170,62200
'14JA',10302,51170,65200
'14JA',10302,51170,72200
'14JA',10302,51170,75300
'14JA',10302,51170,82300
'14JA',10302,51170,85300
'14JA',10302,51170,92300
'14JA',10302,51170,95300
'14JA',10302,51170,102300
'14JA',10302,51170,105300
'14JA',10302,51170,112300
'14JA',10302,51170,114800
'14JA',10302,51170,121100
'14JA',10302,51170,123200
'14JA',10302,51170,125100
'14JA',10302,51170,130800
'14JA',10302,51170,131900
'14JA',10302,51170,132900
'14JA',10302,51170,133900
'14JA',10302,51170,134900
'14JA',10302,51170,135900
'14JA',10302,51170,140900
'14JA',10302,51170,141900
'14JA',10302,51170,143000
'14JA',10302,51170,144200
'14JA',10302,51170,145300
'14JA',10302,51170,150400
'14JA',10302,51170,151500
'14JA',10302,51170,152500
'14JA',10302,51170,153400
'14JA',10302,51170,154300
'14JA',10302,51170,155300
'14JA',10302,51170,160200
'14JA',10302,51170,161000
'14JA',10302,51170,161800
'14JA',10302,51170,162600
'14JA',10302,51170,163400
'14JA',10302,51170,164200
'14JA',10302,51170,165000
'14JA',10302,51170,165600
'14JA',10302,51170,170200
'14JA',10302,51170,170800
'14JA',10302,51170,171500
'14JA',10302,51170,172200
'14JA',10302,51170,172900
'14JA',10302,51170,173600
'14JA',10302,51170,174300
'14JA',10302,51170,174900
'14JA',10302,51170,175600
'14JA',10302,51170,180300
'14JA',10302,51170,180900
'14JA',10302,51170,181600
'14JA',10302,51170,182300
'14JA',10302,51170,183000
'14JA',10302,51170,183800
'14JA',10302,51170,184800
'14JA',10302,51170,185800
'14JA',10302,51170,190800
'14JA',10302,51170,192200
'14JA',10302,51170,193700
'14JA',10302,51170,195700
'14JA',10302,51170,201700
'14JA',10302,51170,203700
'14JA',10302,51170,205700
'14JA',10302,51170,211700
'14JA',10302,51170,213600
'14JA',10302,51170,215500
'14JA',10302,51170,221400
'14JA',10302,51170,223200
'14JA',10302,51170,225000
'14JA',10302,51170,230900
'14JA',10302,51170,232900
'14JA',10302,51170,234900
'14JA',10302,51170,240900
'14JA',10302,51170,242900
'14JA',10302,51170,245700
'14JA',10302,51170,252500
'14JA',10302,51170,255300
'14JA',10302,51202,55100
'14JA',10302,51202,62100
'14JA',10302,51202,65100
'14JA',10302,51202,72100
'14JA',10302,51202,75200
'14JA',10302,51202,82200
'14JA',10302,51202,85200
'14JA',10302,51202,92200
'14JA',10302,51202,95200
'14JA',10302,51202,102200
'14JA',10302,51202,105200
'14JA',10302,51202,112200
'14JA',10302,51202,114700
'14JA',10302,51202,121000
'14JA',10302,51202,123100
'14JA',10302,51202,125000
'14JA',10302,51202,130700
'14JA',10302,51202,131800
'14JA',10302,51202,132800
'14JA',10302,51202,133800
'14JA',10302,51202,134800
'14JA',10302,51202,135800
'14JA',10302,51202,140800
'14JA',10302,51202,141800
'14JA',10302,51202,142900
'14JA',10302,51202,144100
'14JA',10302,51202,145200
'14JA',10302,51202,150300
'14JA',10302,51202,151400
'14JA',10302,51202,152400
'14JA',10302,51202,153300
'14JA',10302,51202,154200
'14JA',10302,51202,155200
'14JA',10302,51202,160100
'14JA',10302,51202,160900
'14JA',10302,51202,161700
'14JA',10302,51202,162500
'14JA',10302,51202,163300
'14JA',10302,51202,164100
'14JA',10302,51202,164900
'14JA',10302,51202,165500
'14JA',10302,51202,170100
'14JA',10302,51202,170700
'14JA',10302,51202,171400
'14JA',10302,51202,172100
'14JA',10302,51202,172800
'14JA',10302,51202,173500
'14JA',10302,51202,174200
'14JA',10302,51202,174800
'14JA',10302,51202,175500
'14JA',10302,51202,180200
'14JA',10302,51202,180800
'14JA',10302,51202,181500
'14JA',10302,51202,182200
'14JA',10302,51202,182900
'14JA',10302,51202,183700
'14JA',10302,51202,184700
'14JA',10302,51202,185700
'14JA',10302,51202,190700
'14JA',10302,51202,192100
'14JA',10302,51202,193600
'14JA',10302,51202,195600
'14JA',10302,51202,201600
'14JA',10302,51202,203600
'14JA',10302,51202,205600
'14JA',10302,51202,211600
'14JA',10302,51202,213500
'14JA',10302,51202,215400
'14JA',10302,51202,221300
'14JA',10302,51202,223100
'14JA',10302,51202,224900
'14JA',10302,51202,230800
'14JA',10302,51202,232800
'14JA',10302,51202,234800
'14JA',10302,51202,240800
'14JA',10302,51202,242800
'14JA',10302,51202,245600
'14JA',10302,51202,252400
'14JA',10302,51202,255200
'14JA',10302,53798,60400
'14JA',10302,53798,63400
'14JA',10302,53798,70400
'14JA',10302,53798,73500
'14JA',10302,53798,80600
'14JA',10302,53798,83600
'14JA',10302,53798,90600
'14JA',10302,53798,93600
'14JA',10302,53798,100600
'14JA',10302,53798,103700
'14JA',10302,53798,110800
'14JA',10302,53798,113800
'14JA',10302,53798,120300
'14JA',10302,53798,122600
'14JA',10302,53798,124700
'14JA',10302,53798,130600
'14JA',10302,53798,132300
'14JA',10302,53798,133400
'14JA',10302,53798,134400
'14JA',10302,53798,135400
'14JA',10302,53798,140400
'14JA',10302,53798,141400
'14JA',10302,53798,142400
'14JA',10302,53798,143400
'14JA',10302,53798,144500
'14JA',10302,53798,145700
'14JA',10302,53798,150800
'14JA',10302,53798,151900
'14JA',10302,53798,153000
'14JA',10302,53798,154000
'14JA',10302,53798,154900
'14JA',10302,53798,155800
'14JA',10302,53798,160800
'14JA',10302,53798,161700
'14JA',10302,53798,162500
'14JA',10302,53798,163300
'14JA',10302,53798,164100
'14JA',10302,53798,164900
'14JA',10302,53798,165700
'14JA',10302,53798,170500
'14JA',10302,53798,171100
'14JA',10302,53798,171700
'14JA',10302,53798,172300
'14JA',10302,53798,173000
'14JA',10302,53798,173700
'14JA',10302,53798,174400
'14JA',10302,53798,175100
'14JA',10302,53798,175800
'14JA',10302,53798,180400
'14JA',10302,53798,181100
'14JA',10302,53798,181800
'14JA',10302,53798,182400
'14JA',10302,53798,183100
'14JA',10302,53798,183800
'14JA',10302,53798,184500
'14JA',10302,53798,185200
'14JA',10302,53798,190200
'14JA',10302,53798,191200
'14JA',10302,53798,192200
'14JA',10302,53798,193600
'14JA',10302,53798,195100
'14JA',10302,53798,201100
'14JA',10302,53798,203100
'14JA',10302,53798,205100
'14JA',10302,53798,211100
'14JA',10302,53798,213100
'14JA',10302,53798,214900
'14JA',10302,53798,220700
'14JA',10302,53798,222600
'14JA',10302,53798,224400
'14JA',10302,53798,230200
'14JA',10302,53798,232100
'14JA',10302,53798,234100
'14JA',10302,53798,240100
'14JA',10302,53798,242100
'14JA',10302,53798,244100
'14JA',10302,53798,250900
'14JA',10302,53798,253700
'14JA',10302,53798,260500
'14JA',10302,53799,55000
'14JA',10302,53799,62000
'14JA',10302,53799,65000
'14JA',10302,53799,72000
'14JA',10302,53799,75000
'14JA',10302,53799,82000
'14JA',10302,53799,85000
'14JA',10302,53799,92000
'14JA',10302,53799,95000
'14JA',10302,53799,102000
'14JA',10302,53799,105000
'14JA',10302,53799,112000
'14JA',10302,53799,114500
'14JA',10302,53799,120800
'14JA',10302,53799,122900
'14JA',10302,53799,124800
'14JA',10302,53799,130500
'14JA',10302,53799,131600
'14JA',10302,53799,132600
'14JA',10302,53799,133600
'14JA',10302,53799,134600
'14JA',10302,53799,135600
'14JA',10302,53799,140600
'14JA',10302,53799,141600
'14JA',10302,53799,142700
'14JA',10302,53799,143900
'14JA',10302,53799,145000
'14JA',10302,53799,150100
'14JA',10302,53799,151200
'14JA',10302,53799,152200
'14JA',10302,53799,153100
'14JA',10302,53799,154000
'14JA',10302,53799,155000
'14JA',10302,53799,155900
'14JA',10302,53799,160700
'14JA',10302,53799,161500
'14JA',10302,53799,162300
'14JA',10302,53799,163100
'14JA',10302,53799,163900
'14JA',10302,53799,164700
'14JA',10302,53799,165300
'14JA',10302,53799,165900
'14JA',10302,53799,170500
'14JA',10302,53799,171200
'14JA',10302,53799,171900
'14JA',10302,53799,172600
'14JA',10302,53799,173300
'14JA',10302,53799,174000
'14JA',10302,53799,174600
'14JA',10302,53799,175300
'14JA',10302,53799,180000
'14JA',10302,53799,180600
'14JA',10302,53799,181300
'14JA',10302,53799,182000
'14JA',10302,53799,182700
'14JA',10302,53799,183500
'14JA',10302,53799,184500
'14JA',10302,53799,185500
'14JA',10302,53799,190500
'14JA',10302,53799,191900
'14JA',10302,53799,193400
'14JA',10302,53799,195400
'14JA',10302,53799,201400
'14JA',10302,53799,203400
'14JA',10302,53799,205400
'14JA',10302,53799,211400
'14JA',10302,53799,213300
'14JA',10302,53799,215200
'14JA',10302,53799,221100
'14JA',10302,53799,222900
'14JA',10302,53799,224700
'14JA',10302,53799,230600
'14JA',10302,53799,232600
'14JA',10302,53799,234600
'14JA',10302,53799,240600
'14JA',10302,53799,242600
'14JA',10302,53799,245400
'14JA',10302,53799,252200
'14JA',10302,53799,255000
'14JA',10302,56318,60000
'14JA',10302,56318,63000
'14JA',10302,56318,70000
'14JA',10302,56318,73000
'14JA',10302,56318,80100
'14JA',10302,56318,83100
'14JA',10302,56318,90100
'14JA',10302,56318,93100
'14JA',10302,56318,100100
'14JA',10302,56318,103100
'14JA',10302,56318,110200
'14JA',10302,56318,113200
'14JA',10302,56318,115700
'14JA',10302,56318,122000
'14JA',10302,56318,124100
'14JA',10302,56318,130000
'14JA',10302,56318,131700
'14JA',10302,56318,132800
'14JA',10302,56318,133800
'14JA',10302,56318,134800
'14JA',10302,56318,135800
'14JA',10302,56318,140800
'14JA',10302,56318,141800
'14JA',10302,56318,142800
'14JA',10302,56318,143900
'14JA',10302,56318,145100
'14JA',10302,56318,150200
'14JA',10302,56318,151300
'14JA',10302,56318,152400
'14JA',10302,56318,153400
'14JA',10302,56318,154300
'14JA',10302,56318,155200
'14JA',10302,56318,160200
'14JA',10302,56318,161100
'14JA',10302,56318,161900
'14JA',10302,56318,162700
'14JA',10302,56318,163500
'14JA',10302,56318,164300
'14JA',10302,56318,165100
'14JA',10302,56318,165900
'14JA',10302,56318,170500
'14JA',10302,56318,171100
'14JA',10302,56318,171700
'14JA',10302,56318,172400
'14JA',10302,56318,173100
'14JA',10302,56318,173800
'14JA',10302,56318,174500
'14JA',10302,56318,175200
'14JA',10302,56318,175800
'14JA',10302,56318,180500
'14JA',10302,56318,181200
'14JA',10302,56318,181800
'14JA',10302,56318,182500
'14JA',10302,56318,183200
'14JA',10302,56318,183900
'14JA',10302,56318,184600
'14JA',10302,56318,185600
'14JA',10302,56318,190600
'14JA',10302,56318,191600
'14JA',10302,56318,193000
'14JA',10302,56318,194500
'14JA',10302,56318,200500
'14JA',10302,56318,202500
'14JA',10302,56318,204500
'14JA',10302,56318,210500
'14JA',10302,56318,212500
'14JA',10302,56318,214400
'14JA',10302,56318,220300
'14JA',10302,56318,222200
'14JA',10302,56318,224000
'14JA',10302,56318,225800
'14JA',10302,56318,231700
'14JA',10302,56318,233700
'14JA',10302,56318,235700
'14JA',10302,56318,241700
'14JA',10302,56318,243700
'14JA',10302,56318,250500
'14JA',10302,56318,253300
'14JA',10302,56318,260100
'14JA',10302,56361,60800
'14JA',10302,56361,63800
'14JA',10302,56361,70900
'14JA',10302,56361,74000
'14JA',10302,56361,81100
'14JA',10302,56361,84100
'14JA',10302,56361,91100
'14JA',10302,56361,94100
'14JA',10302,56361,101200
'14JA',10302,56361,104300
'14JA',10302,56361,111400
'14JA',10302,56361,114400
'14JA',10302,56361,120900
'14JA',10302,56361,123200
'14JA',10302,56361,125300
'14JA',10302,56361,131200
'14JA',10302,56361,132900
'14JA',10302,56361,134000
'14JA',10302,56361,135000
'14JA',10302,56361,140000
'14JA',10302,56361,141000
'14JA',10302,56361,142000
'14JA',10302,56361,143000
'14JA',10302,56361,144000
'14JA',10302,56361,145100
'14JA',10302,56361,150300
'14JA',10302,56361,151400
'14JA',10302,56361,152500
'14JA',10302,56361,153600
'14JA',10302,56361,154600
'14JA',10302,56361,155500
'14JA',10302,56361,160400
'14JA',10302,56361,161400
'14JA',10302,56361,162300
'14JA',10302,56361,163100
'14JA',10302,56361,163900
'14JA',10302,56361,164700
'14JA',10302,56361,165500
'14JA',10302,56361,170300
'14JA',10302,56361,171100
'14JA',10302,56361,171700
'14JA',10302,56361,172300
'14JA',10302,56361,172900
'14JA',10302,56361,173600
'14JA',10302,56361,174300
'14JA',10302,56361,175000
'14JA',10302,56361,175700
'14JA',10302,56361,180400
'14JA',10302,56361,181000
'14JA',10302,56361,181700
'14JA',10302,56361,182400
'14JA',10302,56361,183000
'14JA',10302,56361,183600
'14JA',10302,56361,184300
'14JA',10302,56361,185000
'14JA',10302,56361,185700
'14JA',10302,56361,190700
'14JA',10302,56361,191700
'14JA',10302,56361,192700
'14JA',10302,56361,194100
'14JA',10302,56361,195600
'14JA',10302,56361,201600
'14JA',10302,56361,203600
'14JA',10302,56361,205600
'14JA',10302,56361,211600
'14JA',10302,56361,213600
'14JA',10302,56361,215400
'14JA',10302,56361,221200
'14JA',10302,56361,223100
'14JA',10302,56361,224900
'14JA',10302,56361,230700
'14JA',10302,56361,232600
'14JA',10302,56361,234600
'14JA',10302,56361,240600
'14JA',10302,56361,242600
'14JA',10302,56361,244600
'14JA',10302,56361,251400
'14JA',10302,56361,254200
'14JA',10302,56361,261000
'14JA',10302,56373,60700
'14JA',10302,56373,63800
'14JA',10302,56373,70900
'14JA',10302,56373,74000
'14JA',10302,56373,81100
'14JA',10302,56373,84100
'14JA',10302,56373,91100
'14JA',10302,56373,94100
'14JA',10302,56373,101100
'14JA',10302,56373,104200
'14JA',10302,56373,111300
'14JA',10302,56373,114300
'14JA',10302,56373,120800
'14JA',10302,56373,123100
'14JA',10302,56373,125200
'14JA',10302,56373,131100
'14JA',10302,56373,132800
'14JA',10302,56373,133900
'14JA',10302,56373,134900
'14JA',10302,56373,135900
'14JA',10302,56373,140900
'14JA',10302,56373,141900
'14JA',10302,56373,142900
'14JA',10302,56373,143900
'14JA',10302,56373,145000
'14JA',10302,56373,150200
'14JA',10302,56373,151300
'14JA',10302,56373,152400
'14JA',10302,56373,153500
'14JA',10302,56373,154500
'14JA',10302,56373,155400
'14JA',10302,56373,160300
'14JA',10302,56373,161300
'14JA',10302,56373,162200
'14JA',10302,56373,163000
'14JA',10302,56373,163800
'14JA',10302,56373,164600
'14JA',10302,56373,165400
'14JA',10302,56373,170200
'14JA',10302,56373,171000
'14JA',10302,56373,171600
'14JA',10302,56373,172200
'14JA',10302,56373,172800
'14JA',10302,56373,173500
'14JA',10302,56373,174200
'14JA',10302,56373,174900
'14JA',10302,56373,175600
'14JA',10302,56373,180300
'14JA',10302,56373,180900
'14JA',10302,56373,181600
'14JA',10302,56373,182300
'14JA',10302,56373,182900
'14JA',10302,56373,183600
'14JA',10302,56373,184300
'14JA',10302,56373,185000
'14JA',10302,56373,185700
'14JA',10302,56373,190700
'14JA',10302,56373,191700
'14JA',10302,56373,192700
'14JA',10302,56373,194100
'14JA',10302,56373,195600
'14JA',10302,56373,201600
'14JA',10302,56373,203600
'14JA',10302,56373,205600
'14JA',10302,56373,211600
'14JA',10302,56373,213600
'14JA',10302,56373,215400
'14JA',10302,56373,221200
'14JA',10302,56373,223100
'14JA',10302,56373,224900
'14JA',10302,56373,230700
'14JA',10302,56373,232600
'14JA',10302,56373,234600
'14JA',10302,56373,240600
'14JA',10302,56373,242600
'14JA',10302,56373,244600
'14JA',10302,56373,251400
'14JA',10302,56373,254200
'14JA',10302,56373,261000
'14JA',10302,56378,60700
'14JA',10302,56378,63700
'14JA',10302,56378,70800
'14JA',10302,56378,73900
'14JA',10302,56378,81000
'14JA',10302,56378,84000
'14JA',10302,56378,91000
'14JA',10302,56378,94000
'14JA',10302,56378,101000
'14JA',10302,56378,104100
'14JA',10302,56378,111200
'14JA',10302,56378,114200
'14JA',10302,56378,120700
'14JA',10302,56378,123000
'14JA',10302,56378,125100
'14JA',10302,56378,131000
'14JA',10302,56378,132700
'14JA',10302,56378,133800
'14JA',10302,56378,134800
'14JA',10302,56378,135800
'14JA',10302,56378,140800
'14JA',10302,56378,141800
'14JA',10302,56378,142800
'14JA',10302,56378,143800
'14JA',10302,56378,144900
'14JA',10302,56378,150100
'14JA',10302,56378,151200
'14JA',10302,56378,152300
'14JA',10302,56378,153400
'14JA',10302,56378,154400
'14JA',10302,56378,155300
'14JA',10302,56378,160200
'14JA',10302,56378,161200
'14JA',10302,56378,162100
'14JA',10302,56378,162900
'14JA',10302,56378,163700
'14JA',10302,56378,164500
'14JA',10302,56378,165300
'14JA',10302,56378,170100
'14JA',10302,56378,170900
'14JA',10302,56378,171500
'14JA',10302,56378,172100
'14JA',10302,56378,172700
'14JA',10302,56378,173400
'14JA',10302,56378,174100
'14JA',10302,56378,174800
'14JA',10302,56378,175500
'14JA',10302,56378,180200
'14JA',10302,56378,180800
'14JA',10302,56378,181500
'14JA',10302,56378,182200
'14JA',10302,56378,182800
'14JA',10302,56378,183500
'14JA',10302,56378,184200
'14JA',10302,56378,184900
'14JA',10302,56378,185600
'14JA',10302,56378,190600
'14JA',10302,56378,191600
'14JA',10302,56378,192600
'14JA',10302,56378,194000
'14JA',10302,56378,195500
'14JA',10302,56378,201500
'14JA',10302,56378,203500
'14JA',10302,56378,205500
'14JA',10302,56378,211500
'14JA',10302,56378,213500
'14JA',10302,56378,215300
'14JA',10302,56378,221100
'14JA',10302,56378,223000
'14JA',10302,56378,224800
'14JA',10302,56378,230600
'14JA',10302,56378,232500
'14JA',10302,56378,234500
'14JA',10302,56378,240500
'14JA',10302,56378,242500
'14JA',10302,56378,244500
'14JA',10302,56378,251300
'14JA',10302,56378,254100
'14JA',10302,56378,260900
'14JA',10302,56379,60900
'14JA',10302,56379,64000
'14JA',10302,56379,71100
'14JA',10302,56379,74200
'14JA',10302,56379,81300
'14JA',10302,56379,84300
'14JA',10302,56379,91300
'14JA',10302,56379,94300
'14JA',10302,56379,101300
'14JA',10302,56379,104400
'14JA',10302,56379,111500
'14JA',10302,56379,114500
'14JA',10302,56379,121000
'14JA',10302,56379,123300
'14JA',10302,56379,125400
'14JA',10302,56379,131300
'14JA',10302,56379,133000
'14JA',10302,56379,134100
'14JA',10302,56379,135100
'14JA',10302,56379,140100
'14JA',10302,56379,141100
'14JA',10302,56379,142100
'14JA',10302,56379,143100
'14JA',10302,56379,144100
'14JA',10302,56379,145200
'14JA',10302,56379,150400
'14JA',10302,56379,151500
'14JA',10302,56379,152600
'14JA',10302,56379,153700
'14JA',10302,56379,154700
'14JA',10302,56379,155600
'14JA',10302,56379,160500
'14JA',10302,56379,161500
'14JA',10302,56379,162400
'14JA',10302,56379,163200
'14JA',10302,56379,164000
'14JA',10302,56379,164800
'14JA',10302,56379,165600
'14JA',10302,56379,170400
'14JA',10302,56379,171200
'14JA',10302,56379,171800
'14JA',10302,56379,172400
'14JA',10302,56379,173000
'14JA',10302,56379,173700
'14JA',10302,56379,174400
'14JA',10302,56379,175100
'14JA',10302,56379,175800
'14JA',10302,56379,180500
'14JA',10302,56379,181100
'14JA',10302,56379,181800
'14JA',10302,56379,182500
'14JA',10302,56379,183100
'14JA',10302,56379,183800
'14JA',10302,56379,184500
'14JA',10302,56379,185200
'14JA',10302,56379,185900
'14JA',10302,56379,190900
'14JA',10302,56379,191900
'14JA',10302,56379,192900
'14JA',10302,56379,194300
'14JA',10302,56379,195800
'14JA',10302,56379,201800
'14JA',10302,56379,203800
'14JA',10302,56379,205800
'14JA',10302,56379,211800
'14JA',10302,56379,213800
'14JA',10302,56379,215600
'14JA',10302,56379,221400
'14JA',10302,56379,223300
'14JA',10302,56379,225100
'14JA',10302,56379,230900
'14JA',10302,56379,232800
'14JA',10302,56379,234800
'14JA',10302,56379,240800
'14JA',10302,56379,242800
'14JA',10302,56379,244800
'14JA',10302,56379,251600
'14JA',10302,56379,254400
'14JA',10302,56379,261200
'14JA',10302,56388,60900
'14JA',10302,56388,64000
'14JA',10302,56388,71100
'14JA',10302,56388,74200
'14JA',10302,56388,81300
'14JA',10302,56388,84300
'14JA',10302,56388,91300
'14JA',10302,56388,94300
'14JA',10302,56388,101400
'14JA',10302,56388,104500
'14JA',10302,56388,111600
'14JA',10302,56388,114600
'14JA',10302,56388,121100
'14JA',10302,56388,123400
'14JA',10302,56388,125500
'14JA',10302,56388,131400
'14JA',10302,56388,133100
'14JA',10302,56388,134200
'14JA',10302,56388,135200
'14JA',10302,56388,140200
'14JA',10302,56388,141200
'14JA',10302,56388,142200
'14JA',10302,56388,143200
'14JA',10302,56388,144200
'14JA',10302,56388,145300
'14JA',10302,56388,150500
'14JA',10302,56388,151600
'14JA',10302,56388,152700
'14JA',10302,56388,153800
'14JA',10302,56388,154800
'14JA',10302,56388,155700
'14JA',10302,56388,160600
'14JA',10302,56388,161600
'14JA',10302,56388,162500
'14JA',10302,56388,163300
'14JA',10302,56388,164100
'14JA',10302,56388,164900
'14JA',10302,56388,165700
'14JA',10302,56388,170500
'14JA',10302,56388,171300
'14JA',10302,56388,171900
'14JA',10302,56388,172500
'14JA',10302,56388,173100
'14JA',10302,56388,173800
'14JA',10302,56388,174500
'14JA',10302,56388,175200
'14JA',10302,56388,175900
'14JA',10302,56388,180600
'14JA',10302,56388,181200
'14JA',10302,56388,181900
'14JA',10302,56388,182600
'14JA',10302,56388,183200
'14JA',10302,56388,183800
'14JA',10302,56388,184500
'14JA',10302,56388,185200
'14JA',10302,56388,185900
'14JA',10302,56388,190900
'14JA',10302,56388,191900
'14JA',10302,56388,192900
'14JA',10302,56388,194300
'14JA',10302,56388,195800
'14JA',10302,56388,201800
'14JA',10302,56388,203800
'14JA',10302,56388,205800
'14JA',10302,56388,211800
'14JA',10302,56388,213800
'14JA',10302,56388,215600
'14JA',10302,56388,221400
'14JA',10302,56388,223300
'14JA',10302,56388,225100
'14JA',10302,56388,230900
'14JA',10302,56388,232800
'14JA',10302,56388,234800
'14JA',10302,56388,240800
'14JA',10302,56388,242800
'14JA',10302,56388,244800
'14JA',10302,56388,251600
'14JA',10302,56388,254400
'14JA',10302,56388,261200
'14JA',10302,56395,60600
'14JA',10302,56395,63600
'14JA',10302,56395,70600
'14JA',10302,56395,73700
'14JA',10302,56395,80800
'14JA',10302,56395,83800
'14JA',10302,56395,90800
'14JA',10302,56395,93800
'14JA',10302,56395,100800
'14JA',10302,56395,103900
'14JA',10302,56395,111000
'14JA',10302,56395,114000
'14JA',10302,56395,120500
'14JA',10302,56395,122800
'14JA',10302,56395,124900
'14JA',10302,56395,130800
'14JA',10302,56395,132500
'14JA',10302,56395,133600
'14JA',10302,56395,134600
'14JA',10302,56395,135600
'14JA',10302,56395,140600
'14JA',10302,56395,141600
'14JA',10302,56395,142600
'14JA',10302,56395,143600
'14JA',10302,56395,144700
'14JA',10302,56395,145900
'14JA',10302,56395,151000
'14JA',10302,56395,152100
'14JA',10302,56395,153200
'14JA',10302,56395,154200
'14JA',10302,56395,155100
'14JA',10302,56395,160000
'14JA',10302,56395,161000
'14JA',10302,56395,161900
'14JA',10302,56395,162700
'14JA',10302,56395,163500
'14JA',10302,56395,164300
'14JA',10302,56395,165100
'14JA',10302,56395,165900
'14JA',10302,56395,170700
'14JA',10302,56395,171300
'14JA',10302,56395,171900
'14JA',10302,56395,172500
'14JA',10302,56395,173200
'14JA',10302,56395,173900
'14JA',10302,56395,174600
'14JA',10302,56395,175300
'14JA',10302,56395,180000
'14JA',10302,56395,180600
'14JA',10302,56395,181300
'14JA',10302,56395,182000
'14JA',10302,56395,182600
'14JA',10302,56395,183300
'14JA',10302,56395,184000
'14JA',10302,56395,184700
'14JA',10302,56395,185400
'14JA',10302,56395,190400
'14JA',10302,56395,191400
'14JA',10302,56395,192400
'14JA',10302,56395,193800
'14JA',10302,56395,195300
'14JA',10302,56395,201300
'14JA',10302,56395,203300
'14JA',10302,56395,205300
'14JA',10302,56395,211300
'14JA',10302,56395,213300
'14JA',10302,56395,215100
'14JA',10302,56395,220900
'14JA',10302,56395,222800
'14JA',10302,56395,224600
'14JA',10302,56395,230400
'14JA',10302,56395,232300
'14JA',10302,56395,234300
'14JA',10302,56395,240300
'14JA',10302,56395,242300
'14JA',10302,56395,244300
'14JA',10302,56395,251100
'14JA',10302,56395,253900
'14JA',10302,56395,260700
'14JA',10302,56398,60500
'14JA',10302,56398,63500
'14JA',10302,56398,70600
'14JA',10302,56398,73700
'14JA',10302,56398,80800
'14JA',10302,56398,83800
'14JA',10302,56398,90800
'14JA',10302,56398,93800
'14JA',10302,56398,100800
'14JA',10302,56398,103900
'14JA',10302,56398,111000
'14JA',10302,56398,114000
'14JA',10302,56398,120500
'14JA',10302,56398,122800
'14JA',10302,56398,124900
'14JA',10302,56398,130800
'14JA',10302,56398,132500
'14JA',10302,56398,133600
'14JA',10302,56398,134600
'14JA',10302,56398,135600
'14JA',10302,56398,140600
'14JA',10302,56398,141600
'14JA',10302,56398,142600
'14JA',10302,56398,143600
'14JA',10302,56398,144700
'14JA',10302,56398,145900
'14JA',10302,56398,151000
'14JA',10302,56398,152100
'14JA',10302,56398,153200
'14JA',10302,56398,154200
'14JA',10302,56398,155100
'14JA',10302,56398,160000
'14JA',10302,56398,161000
'14JA',10302,56398,161900
'14JA',10302,56398,162700
'14JA',10302,56398,163500
'14JA',10302,56398,164300
'14JA',10302,56398,165100
'14JA',10302,56398,165900
'14JA',10302,56398,170700
'14JA',10302,56398,171300
'14JA',10302,56398,171900
'14JA',10302,56398,172500
'14JA',10302,56398,173200
'14JA',10302,56398,173900
'14JA',10302,56398,174600
'14JA',10302,56398,175300
'14JA',10302,56398,180000
'14JA',10302,56398,180600
'14JA',10302,56398,181300
'14JA',10302,56398,182000
'14JA',10302,56398,182600
'14JA',10302,56398,183300
'14JA',10302,56398,184000
'14JA',10302,56398,184700
'14JA',10302,56398,185400
'14JA',10302,56398,190400
'14JA',10302,56398,191400
'14JA',10302,56398,192400
'14JA',10302,56398,193800
'14JA',10302,56398,195300
'14JA',10302,56398,201300
'14JA',10302,56398,203300
'14JA',10302,56398,205300
'14JA',10302,56398,211300
'14JA',10302,56398,213300
'14JA',10302,56398,215100
'14JA',10302,56398,220900
'14JA',10302,56398,222800
'14JA',10302,56398,224600
'14JA',10302,56398,230400
'14JA',10302,56398,232300
'14JA',10302,56398,234300
'14JA',10302,56398,240300
'14JA',10302,56398,242300
'14JA',10302,56398,244300
'14JA',10302,56398,251100
'14JA',10302,56398,253900
'14JA',10302,56398,260700
'14JA',10302,56405,60300
'14JA',10302,56405,63300
'14JA',10302,56405,70300
'14JA',10302,56405,73400
'14JA',10302,56405,80500
'14JA',10302,56405,83500
'14JA',10302,56405,90500
'14JA',10302,56405,93500
'14JA',10302,56405,100500
'14JA',10302,56405,103600
'14JA',10302,56405,110700
'14JA',10302,56405,113700
'14JA',10302,56405,120200
'14JA',10302,56405,122500
'14JA',10302,56405,124600
'14JA',10302,56405,130500
'14JA',10302,56405,132200
'14JA',10302,56405,133300
'14JA',10302,56405,134300
'14JA',10302,56405,135300
'14JA',10302,56405,140300
'14JA',10302,56405,141300
'14JA',10302,56405,142300
'14JA',10302,56405,143300
'14JA',10302,56405,144400
'14JA',10302,56405,145600
'14JA',10302,56405,150700
'14JA',10302,56405,151800
'14JA',10302,56405,152900
'14JA',10302,56405,153900
'14JA',10302,56405,154800
'14JA',10302,56405,155700
'14JA',10302,56405,160700
'14JA',10302,56405,161600
'14JA',10302,56405,162400
'14JA',10302,56405,163200
'14JA',10302,56405,164000
'14JA',10302,56405,164800
'14JA',10302,56405,165600
'14JA',10302,56405,170400
'14JA',10302,56405,171000
'14JA',10302,56405,171600
'14JA',10302,56405,172200
'14JA',10302,56405,172900
'14JA',10302,56405,173600
'14JA',10302,56405,174300
'14JA',10302,56405,175000
'14JA',10302,56405,175700
'14JA',10302,56405,180300
'14JA',10302,56405,181000
'14JA',10302,56405,181700
'14JA',10302,56405,182300
'14JA',10302,56405,183000
'14JA',10302,56405,183700
'14JA',10302,56405,184400
'14JA',10302,56405,185100
'14JA',10302,56405,190100
'14JA',10302,56405,191100
'14JA',10302,56405,192100
'14JA',10302,56405,193500
'14JA',10302,56405,195000
'14JA',10302,56405,201000
'14JA',10302,56405,203000
'14JA',10302,56405,205000
'14JA',10302,56405,211000
'14JA',10302,56405,213000
'14JA',10302,56405,214800
'14JA',10302,56405,220600
'14JA',10302,56405,222500
'14JA',10302,56405,224300
'14JA',10302,56405,230100
'14JA',10302,56405,232000
'14JA',10302,56405,234000
'14JA',10302,56405,240000
'14JA',10302,56405,242000
'14JA',10302,56405,244000
'14JA',10302,56405,250800
'14JA',10302,56405,253600
'14JA',10302,56405,260400
'14JA',10302,56409,60200
'14JA',10302,56409,63200
'14JA',10302,56409,70300
'14JA',10302,56409,73300
'14JA',10302,56409,80400
'14JA',10302,56409,83400
'14JA',10302,56409,90400
'14JA',10302,56409,93400
'14JA',10302,56409,100400
'14JA',10302,56409,103500
'14JA',10302,56409,110600
'14JA',10302,56409,113600
'14JA',10302,56409,120100
'14JA',10302,56409,122400
'14JA',10302,56409,124500
'14JA',10302,56409,130400
'14JA',10302,56409,132100
'14JA',10302,56409,133200
'14JA',10302,56409,134200
'14JA',10302,56409,135200
'14JA',10302,56409,140200
'14JA',10302,56409,141200
'14JA',10302,56409,142200
'14JA',10302,56409,143200
'14JA',10302,56409,144300
'14JA',10302,56409,145500
'14JA',10302,56409,150600
'14JA',10302,56409,151700
'14JA',10302,56409,152800
'14JA',10302,56409,153800
'14JA',10302,56409,154700
'14JA',10302,56409,155600
'14JA',10302,56409,160600
'14JA',10302,56409,161500
'14JA',10302,56409,162300
'14JA',10302,56409,163100
'14JA',10302,56409,163900
'14JA',10302,56409,164700
'14JA',10302,56409,165500
'14JA',10302,56409,170300
'14JA',10302,56409,170900
'14JA',10302,56409,171500
'14JA',10302,56409,172100
'14JA',10302,56409,172800
'14JA',10302,56409,173500
'14JA',10302,56409,174200
'14JA',10302,56409,174900
'14JA',10302,56409,175600
'14JA',10302,56409,180200
'14JA',10302,56409,180900
'14JA',10302,56409,181600
'14JA',10302,56409,182200
'14JA',10302,56409,182900
'14JA',10302,56409,183600
'14JA',10302,56409,184300
'14JA',10302,56409,185000
'14JA',10302,56409,190000
'14JA',10302,56409,191000
'14JA',10302,56409,192000
'14JA',10302,56409,193400
'14JA',10302,56409,194900
'14JA',10302,56409,200900
'14JA',10302,56409,202900
'14JA',10302,56409,204900
'14JA',10302,56409,210900
'14JA',10302,56409,212900
'14JA',10302,56409,214700
'14JA',10302,56409,220600
'14JA',10302,56409,222500
'14JA',10302,56409,224300
'14JA',10302,56409,230100
'14JA',10302,56409,232000
'14JA',10302,56409,234000
'14JA',10302,56409,240000
'14JA',10302,56409,242000
'14JA',10302,56409,244000
'14JA',10302,56409,250800
'14JA',10302,56409,253600
'14JA',10302,56409,260400
'14JA',10302,56414,60000
'14JA',10302,56414,63000
'14JA',10302,56414,70000
'14JA',10302,56414,73000
'14JA',10302,56414,80100
'14JA',10302,56414,83100
'14JA',10302,56414,90100
'14JA',10302,56414,93100
'14JA',10302,56414,100100
'14JA',10302,56414,103200
'14JA',10302,56414,110300
'14JA',10302,56414,113300
'14JA',10302,56414,115800
'14JA',10302,56414,122100
'14JA',10302,56414,124200
'14JA',10302,56414,130100
'14JA',10302,56414,131800
'14JA',10302,56414,132900
'14JA',10302,56414,133900
'14JA',10302,56414,134900
'14JA',10302,56414,135900
'14JA',10302,56414,140900
'14JA',10302,56414,141900
'14JA',10302,56414,142900
'14JA',10302,56414,144000
'14JA',10302,56414,145200
'14JA',10302,56414,150300
'14JA',10302,56414,151400
'14JA',10302,56414,152500
'14JA',10302,56414,153500
'14JA',10302,56414,154400
'14JA',10302,56414,155300
'14JA',10302,56414,160300
'14JA',10302,56414,161200
'14JA',10302,56414,162000
'14JA',10302,56414,162800
'14JA',10302,56414,163600
'14JA',10302,56414,164400
'14JA',10302,56414,165200
'14JA',10302,56414,170000
'14JA',10302,56414,170600
'14JA',10302,56414,171200
'14JA',10302,56414,171800
'14JA',10302,56414,172500
'14JA',10302,56414,173200
'14JA',10302,56414,173900
'14JA',10302,56414,174600
'14JA',10302,56414,175300
'14JA',10302,56414,175900
'14JA',10302,56414,180600
'14JA',10302,56414,181300
'14JA',10302,56414,181900
'14JA',10302,56414,182600
'14JA',10302,56414,183300
'14JA',10302,56414,184000
'14JA',10302,56414,184700
'14JA',10302,56414,185700
'14JA',10302,56414,190700
'14JA',10302,56414,191700
'14JA',10302,56414,193100
'14JA',10302,56414,194600
'14JA',10302,56414,200600
'14JA',10302,56414,202600
'14JA',10302,56414,204600
'14JA',10302,56414,210600
'14JA',10302,56414,212600
'14JA',10302,56414,214400
'14JA',10302,56414,220300
'14JA',10302,56414,222200
'14JA',10302,56414,224000
'14JA',10302,56414,225800
'14JA',10302,56414,231700
'14JA',10302,56414,233700
'14JA',10302,56414,235700
'14JA',10302,56414,241700
'14JA',10302,56414,243700
'14JA',10302,56414,250500
'14JA',10302,56414,253300
'14JA',10302,56414,260100
'14JA',10302,56418,60700
'14JA',10302,56418,63700
'14JA',10302,56418,70800
'14JA',10302,56418,73900
'14JA',10302,56418,81000
'14JA',10302,56418,84000
'14JA',10302,56418,91000
'14JA',10302,56418,94000
'14JA',10302,56418,101100
'14JA',10302,56418,104200
'14JA',10302,56418,111300
'14JA',10302,56418,114300
'14JA',10302,56418,120800
'14JA',10302,56418,123100
'14JA',10302,56418,125200
'14JA',10302,56418,131100
'14JA',10302,56418,132800
'14JA',10302,56418,133900
'14JA',10302,56418,134900
'14JA',10302,56418,135900
'14JA',10302,56418,140900
'14JA',10302,56418,141900
'14JA',10302,56418,142900
'14JA',10302,56418,143900
'14JA',10302,56418,145000
'14JA',10302,56418,150200
'14JA',10302,56418,151300
'14JA',10302,56418,152400
'14JA',10302,56418,153500
'14JA',10302,56418,154500
'14JA',10302,56418,155400
'14JA',10302,56418,160300
'14JA',10302,56418,161300
'14JA',10302,56418,162200
'14JA',10302,56418,163000
'14JA',10302,56418,163800
'14JA',10302,56418,164600
'14JA',10302,56418,165400
'14JA',10302,56418,170200
'14JA',10302,56418,171000
'14JA',10302,56418,171600
'14JA',10302,56418,172200
'14JA',10302,56418,172800
'14JA',10302,56418,173500
'14JA',10302,56418,174200
'14JA',10302,56418,174900
'14JA',10302,56418,175600
'14JA',10302,56418,180300
'14JA',10302,56418,180900
'14JA',10302,56418,181600
'14JA',10302,56418,182300
'14JA',10302,56418,182900
'14JA',10302,56418,183500
'14JA',10302,56418,184200
'14JA',10302,56418,184900
'14JA',10302,56418,185600
'14JA',10302,56418,190600
'14JA',10302,56418,191600
'14JA',10302,56418,192600
'14JA',10302,56418,194000
'14JA',10302,56418,195500
'14JA',10302,56418,201500
'14JA',10302,56418,203500
'14JA',10302,56418,205500
'14JA',10302,56418,211500
'14JA',10302,56418,213500
'14JA',10302,56418,215300
'14JA',10302,56418,221100
'14JA',10302,56418,223000
'14JA',10302,56418,224800
'14JA',10302,56418,230600
'14JA',10302,56418,232500
'14JA',10302,56418,234500
'14JA',10302,56418,240500
'14JA',10302,56418,242500
'14JA',10302,56418,244500
'14JA',10302,56418,251300
'14JA',10302,56418,254100
'14JA',10302,56418,260900
'14JA',10302,56424,60600
'14JA',10302,56424,63600
'14JA',10302,56424,70700
'14JA',10302,56424,73800
'14JA',10302,56424,80900
'14JA',10302,56424,83900
'14JA',10302,56424,90900
'14JA',10302,56424,93900
'14JA',10302,56424,100900
'14JA',10302,56424,104000
'14JA',10302,56424,111100
'14JA',10302,56424,114100
'14JA',10302,56424,120600
'14JA',10302,56424,122900
'14JA',10302,56424,125000
'14JA',10302,56424,130900
'14JA',10302,56424,132600
'14JA',10302,56424,133700
'14JA',10302,56424,134700
'14JA',10302,56424,135700
'14JA',10302,56424,140700
'14JA',10302,56424,141700
'14JA',10302,56424,142700
'14JA',10302,56424,143700
'14JA',10302,56424,144800
'14JA',10302,56424,150000
'14JA',10302,56424,151100
'14JA',10302,56424,152200
'14JA',10302,56424,153300
'14JA',10302,56424,154300
'14JA',10302,56424,155200
'14JA',10302,56424,160100
'14JA',10302,56424,161100
'14JA',10302,56424,162000
'14JA',10302,56424,162800
'14JA',10302,56424,163600
'14JA',10302,56424,164400
'14JA',10302,56424,165200
'14JA',10302,56424,170000
'14JA',10302,56424,170800
'14JA',10302,56424,171400
'14JA',10302,56424,172000
'14JA',10302,56424,172600
'14JA',10302,56424,173300
'14JA',10302,56424,174000
'14JA',10302,56424,174700
'14JA',10302,56424,175400
'14JA',10302,56424,180100
'14JA',10302,56424,180700
'14JA',10302,56424,181400
'14JA',10302,56424,182100
'14JA',10302,56424,182700
'14JA',10302,56424,183400
'14JA',10302,56424,184100
'14JA',10302,56424,184800
'14JA',10302,56424,185500
'14JA',10302,56424,190500
'14JA',10302,56424,191500
'14JA',10302,56424,192500
'14JA',10302,56424,193900
'14JA',10302,56424,195400
'14JA',10302,56424,201400
'14JA',10302,56424,203400
'14JA',10302,56424,205400
'14JA',10302,56424,211400
'14JA',10302,56424,213400
'14JA',10302,56424,215200
'14JA',10302,56424,221000
'14JA',10302,56424,222900
'14JA',10302,56424,224700
'14JA',10302,56424,230500
'14JA',10302,56424,232400
'14JA',10302,56424,234400
'14JA',10302,56424,240400
'14JA',10302,56424,242400
'14JA',10302,56424,244400
'14JA',10302,56424,251200
'14JA',10302,56424,254000
'14JA',10302,56424,260800
