'15JA',20103,57607,60100
'15JA',20103,57607,63100
'15JA',20103,57607,70100
'15JA',20103,57607,73100
'15JA',20103,57607,80100
'15JA',20103,57607,83100
'15JA',20103,57607,90100
'15JA',20103,57607,92300
'15JA',20103,57607,94500
'15JA',20103,57607,100700
'15JA',20103,57607,102800
'15JA',20103,57607,104900
'15JA',20103,57607,111100
'15JA',20103,57607,113300
'15JA',20103,57607,115700
'15JA',20103,57607,122100
'15JA',20103,57607,124600
'15JA',20103,57607,130800
'15JA',20103,57607,133000
'15JA',20103,57607,135200
'15JA',20103,57607,141500
'15JA',20103,57607,144000
'15JA',20103,57607,150500
'15JA',20103,57607,152800
'15JA',20103,57607,155000
'15JA',20103,57607,161200
'15JA',20103,57607,163400
'15JA',20103,57607,165900
'15JA',20103,57607,172400
'15JA',20103,57607,174800
'15JA',20103,57607,181400
'15JA',20103,57607,184600
'15JA',20103,57607,191800
'15JA',20103,57607,195100
'15JA',20103,57607,202300
'15JA',20103,57607,205600
'15JA',20103,57607,212900
'15JA',20103,57607,220100
'15JA',20103,57607,223200
'15JA',20103,57607,230200
'15JA',20103,57607,233200
'15JI',20103,57607,65100
'15JI',20103,57607,72300
'15JI',20103,57607,75600
'15JI',20103,57607,82800
'15JI',20103,57607,90000
'15JI',20103,57607,93200
'15JI',20103,57607,100500
'15JI',20103,57607,103700
'15JI',20103,57607,111000
'15JI',20103,57607,114300
'15JI',20103,57607,121700
'15JI',20103,57607,125100
'15JI',20103,57607,132500
'15JI',20103,57607,135800
'15JI',20103,57607,143200
'15JI',20103,57607,150600
'15JI',20103,57607,154100
'15JI',20103,57607,161400
'15JI',20103,57607,164600
'15JI',20103,57607,171700
'15JI',20103,57607,174800
'15JI',20103,57607,181900
'15JI',20103,57607,185000
'15JI',20103,57607,192000
'15JI',20103,57607,195200
'15JI',20103,57607,202400
'15JI',20103,57607,205600
'15JI',20103,57607,212900
'15JI',20103,57607,220100
'15JI',20103,57607,223100
'15JI',20103,57607,230100
'15JI',20103,57607,233100
'15JS',20103,57607,60100
'15JS',20103,57607,63400
'15JS',20103,57607,71000
'15JS',20103,57607,73600
'15JS',20103,57607,82500
'15JS',20103,57607,90000
'15JS',20103,57607,93500
'15JS',20103,57607,101000
'15JS',20103,57607,104500
'15JS',20103,57607,111900
'15JS',20103,57607,115200
'15JS',20103,57607,122600
'15JS',20103,57607,130100
'15JS',20103,57607,133800
'15JS',20103,57607,141500
'15JS',20103,57607,145100
'15JS',20103,57607,153000
'15JS',20103,57607,161000
'15JS',20103,57607,164900
'15JS',20103,57607,172500
'15JS',20103,57607,180100
'15JS',20103,57607,183100
'15JS',20103,57607,185900
'15JS',20103,57607,192800
'15JS',20103,57607,195900
'15JS',20103,57607,203100
'15JS',20103,57607,210300
'15JS',20103,57607,213400
'15JS',20103,57607,220400
'15JS',20103,57607,223300
'15JS',20103,57607,230200
'15JS',20103,57607,233100
