'15MA',16202,56426,62500
'15MA',16202,56426,65500
'15MA',16202,56426,72400
'15MA',16202,56426,75400
'15MA',16202,56426,82400
'15MA',16202,56426,85400
'15MA',16202,56426,92400
'15MA',16202,56426,95400
'15MA',16202,56426,102600
'15MA',16202,56426,105800
'15MA',16202,56426,113100
'15MA',16202,56426,120500
'15MA',16202,56426,123800
'15MA',16202,56426,131200
'15MA',16202,56426,134500
'15MA',16202,56426,141900
'15MA',16202,56426,145500
'15MA',16202,56426,153000
'15MA',16202,56426,160400
'15MA',16202,56426,163800
'15MA',16202,56426,171200
'15MA',16202,56426,174500
'15MA',16202,56426,181800
'15MA',16202,56426,185100
'15MA',16202,56426,192400
'15MA',16202,56426,195600
'15MA',16202,56426,202800
'15MA',16202,56426,210000
'15MA',16202,56426,213200
'15MA',16202,56426,220400
'15MA',16202,56426,223600
'15MA',16202,56426,230700
'15MA',16202,56426,233800
'15MA',16202,56426,240800
'15MA',16202,56426,243800
'15MA',16202,56426,250800
'15MA',16202,56426,253700
'15MA',16202,56426,260600
'15MA',16202,56426,262400
'15MF1',16202,56426,62500
'15MF1',16202,56426,65500
'15MF1',16202,56426,72400
'15MF1',16202,56426,75400
'15MF1',16202,56426,82400
'15MF1',16202,56426,85400
'15MF1',16202,56426,92400
'15MF1',16202,56426,95400
'15MF1',16202,56426,102600
'15MF1',16202,56426,105800
'15MF1',16202,56426,113100
'15MF1',16202,56426,120500
'15MF1',16202,56426,123800
'15MF1',16202,56426,131200
'15MF1',16202,56426,134500
'15MF1',16202,56426,141900
'15MF1',16202,56426,145500
'15MF1',16202,56426,153000
'15MF1',16202,56426,160400
'15MF1',16202,56426,163800
'15MF1',16202,56426,171200
'15MF1',16202,56426,174500
'15MF1',16202,56426,181800
'15MF1',16202,56426,185100
'15MF1',16202,56426,192400
'15MF1',16202,56426,195600
'15MF1',16202,56426,202800
'15MF1',16202,56426,210000
'15MF1',16202,56426,213200
'15MF1',16202,56426,220400
'15MF1',16202,56426,223600
'15MF1',16202,56426,230700
'15MF1',16202,56426,233800
'15MF1',16202,56426,240800
'15MF1',16202,56426,243800
'15MF1',16202,56426,250800
'15MF1',16202,56426,253700
'15MF1',16202,56426,255500
'15MF2',16202,56426,62500
'15MF2',16202,56426,65500
'15MF2',16202,56426,72400
'15MF2',16202,56426,75400
'15MF2',16202,56426,82400
'15MF2',16202,56426,85400
'15MF2',16202,56426,92400
'15MF2',16202,56426,95400
'15MF2',16202,56426,102600
'15MF2',16202,56426,105800
'15MF2',16202,56426,113100
'15MF2',16202,56426,120500
'15MF2',16202,56426,123800
'15MF2',16202,56426,131200
'15MF2',16202,56426,134500
'15MF2',16202,56426,141900
'15MF2',16202,56426,145500
'15MF2',16202,56426,153000
'15MF2',16202,56426,160400
'15MF2',16202,56426,163800
'15MF2',16202,56426,171200
'15MF2',16202,56426,174500
'15MF2',16202,56426,181800
'15MF2',16202,56426,185100
'15MF2',16202,56426,192400
'15MF2',16202,56426,195600
'15MF2',16202,56426,202800
'15MF2',16202,56426,210000
'15MF2',16202,56426,213200
'15MF2',16202,56426,220400
'15MF2',16202,56426,223600
'15MF2',16202,56426,230700
'15MF2',16202,56426,233800
'15MF2',16202,56426,240800
'15MF2',16202,56426,243800
'15MF2',16202,56426,250800
'15MF2',16202,56426,253700
'15MF2',16202,56426,255500
'15MF3',16202,56426,62700
'15MF3',16202,56426,65700
'15MF3',16202,56426,72700
'15MF3',16202,56426,75700
'15MF3',16202,56426,82700
'15MF3',16202,56426,85700
'15MF3',16202,56426,92700
'15MF3',16202,56426,95700
'15MF3',16202,56426,102800
'15MF3',16202,56426,110000
'15MF3',16202,56426,113100
'15MF3',16202,56426,120300
'15MF3',16202,56426,123400
'15MF3',16202,56426,130800
'15MF3',16202,56426,134000
'15MF3',16202,56426,141300
'15MF3',16202,56426,144500
'15MF3',16202,56426,151800
'15MF3',16202,56426,155000
'15MF3',16202,56426,162300
'15MF3',16202,56426,165600
'15MF3',16202,56426,172900
'15MF3',16202,56426,180100
'15MF3',16202,56426,183400
'15MF3',16202,56426,190600
'15MF3',16202,56426,193800
'15MF3',16202,56426,201000
'15MF3',16202,56426,204100
'15MF3',16202,56426,211200
'15MF3',16202,56426,214300
'15MF3',16202,56426,221400
'15MF3',16202,56426,224500
'15MF3',16202,56426,231600
'15MF3',16202,56426,234800
'15MF3',16202,56426,242000
'15MF3',16202,56426,245100
'15MF3',16202,56426,252500
'15MF3',16202,56426,255500
'15MI',16202,56426,62700
'15MI',16202,56426,65700
'15MI',16202,56426,72700
'15MI',16202,56426,75700
'15MI',16202,56426,82700
'15MI',16202,56426,85700
'15MI',16202,56426,92700
'15MI',16202,56426,95700
'15MI',16202,56426,102800
'15MI',16202,56426,110000
'15MI',16202,56426,113100
'15MI',16202,56426,120300
'15MI',16202,56426,123400
'15MI',16202,56426,130800
'15MI',16202,56426,134000
'15MI',16202,56426,141300
'15MI',16202,56426,144500
'15MI',16202,56426,151800
'15MI',16202,56426,155000
'15MI',16202,56426,162300
'15MI',16202,56426,165600
'15MI',16202,56426,172900
'15MI',16202,56426,180100
'15MI',16202,56426,183400
'15MI',16202,56426,190600
'15MI',16202,56426,193800
'15MI',16202,56426,201000
'15MI',16202,56426,204100
'15MI',16202,56426,211200
'15MI',16202,56426,214300
'15MI',16202,56426,221400
'15MI',16202,56426,224500
'15MI',16202,56426,231600
'15MI',16202,56426,234800
'15MI',16202,56426,242000
'15MI',16202,56426,245100
'15MI',16202,56426,252500
'15MI',16202,56426,255500
'15MS',16202,56426,64500
'15MS',16202,56426,71800
'15MS',16202,56426,75500
'15MS',16202,56426,82700
'15MS',16202,56426,85700
'15MS',16202,56426,92500
'15MS',16202,56426,95400
'15MS',16202,56426,102400
'15MS',16202,56426,105400
'15MS',16202,56426,112400
'15MS',16202,56426,115400
'15MS',16202,56426,122400
'15MS',16202,56426,125400
'15MS',16202,56426,132400
'15MS',16202,56426,135500
'15MS',16202,56426,142700
'15MS',16202,56426,145700
'15MS',16202,56426,152700
'15MS',16202,56426,155500
'15MS',16202,56426,162400
'15MS',16202,56426,165100
'15MS',16202,56426,171800
'15MS',16202,56426,174300
'15MS',16202,56426,180800
'15MS',16202,56426,183100
'15MS',16202,56426,185900
'15MS',16202,56426,192700
'15MS',16202,56426,195600
'15MS',16202,56426,202600
'15MS',16202,56426,205600
'15MS',16202,56426,212600
'15MS',16202,56426,215700
'15MS',16202,56426,222700
'15MS',16202,56426,225700
'15MS',16202,56426,232600
'15MS',16202,56426,235700
'15MS',16202,56426,242600
'15MS',16202,56426,245500
'15MS',16202,56426,252400
'15MS',16202,56426,255400
