'15JA',8602,53626,51400
'15JA',8602,53626,54500
'15JA',8602,53626,61500
'15JA',8602,53626,64400
'15JA',8602,53626,71500
'15JA',8602,53626,74700
'15JA',8602,53626,81700
'15JA',8602,53626,84600
'15JA',8602,53626,92000
'15JA',8602,53626,95400
'15JA',8602,53626,102400
'15JA',8602,53626,105300
'15JA',8602,53626,112900
'15JA',8602,53626,120600
'15JA',8602,53626,123500
'15JA',8602,53626,130400
'15JA',8602,53626,133800
'15JA',8602,53626,141000
'15JA',8602,53626,144100
'15JA',8602,53626,151600
'15JA',8602,53626,155000
'15JA',8602,53626,162300
'15JA',8602,53626,165600
'15JA',8602,53626,172900
'15JA',8602,53626,180200
'15JA',8602,53626,183500
'15JA',8602,53626,190700
'15JA',8602,53626,193700
'15JA',8602,53626,200900
'15JA',8602,53626,204100
'15JA',8602,53626,211400
'15JA',8602,53626,214400
'15JA',8602,53626,221600
'15JA',8602,53626,224700
'15JA',8602,53626,231800
'15JA',8602,53626,234800
'15JA',8602,53626,241600
'15JA',8602,53626,244400
'15JA',8602,53626,251500
'15JA',8602,53626,254500
'15JI',8602,53626,51500
'15JI',8602,53626,54500
'15JI',8602,53626,61500
'15JI',8602,53626,64500
'15JI',8602,53626,71300
'15JI',8602,53626,74200
'15JI',8602,53626,81300
'15JI',8602,53626,84100
'15JI',8602,53626,91300
'15JI',8602,53626,94400
'15JI',8602,53626,101800
'15JI',8602,53626,104800
'15JI',8602,53626,112000
'15JI',8602,53626,115200
'15JI',8602,53626,122500
'15JI',8602,53626,125700
'15JI',8602,53626,133000
'15JI',8602,53626,140000
'15JI',8602,53626,143300
'15JI',8602,53626,150500
'15JI',8602,53626,153700
'15JI',8602,53626,160800
'15JI',8602,53626,164000
'15JI',8602,53626,171200
'15JI',8602,53626,174400
'15JI',8602,53626,181500
'15JI',8602,53626,184700
'15JI',8602,53626,191900
'15JI',8602,53626,195200
'15JI',8602,53626,202400
'15JI',8602,53626,205500
'15JI',8602,53626,212600
'15JI',8602,53626,215700
'15JI',8602,53626,222800
'15JI',8602,53626,225900
'15JI',8602,53626,232800
'15JI',8602,53626,235700
'15JI',8602,53626,242600
'15JI',8602,53626,245600
'15JI',8602,53626,252400
'15JS',8602,53626,52100
'15JS',8602,53626,54600
'15JS',8602,53626,61400
'15JS',8602,53626,64200
'15JS',8602,53626,71100
'15JS',8602,53626,74000
'15JS',8602,53626,80900
'15JS',8602,53626,83900
'15JS',8602,53626,90600
'15JS',8602,53626,93300
'15JS',8602,53626,95800
'15JS',8602,53626,102600
'15JS',8602,53626,105300
'15JS',8602,53626,112000
'15JS',8602,53626,114600
'15JS',8602,53626,121200
'15JS',8602,53626,124000
'15JS',8602,53626,130700
'15JS',8602,53626,133400
'15JS',8602,53626,140000
'15JS',8602,53626,142600
'15JS',8602,53626,145400
'15JS',8602,53626,152300
'15JS',8602,53626,155500
'15JS',8602,53626,162100
'15JS',8602,53626,164700
'15JS',8602,53626,172000
'15JS',8602,53626,174400
'15JS',8602,53626,181600
'15JS',8602,53626,184100
'15JS',8602,53626,190500
'15JS',8602,53626,193000
'15JS',8602,53626,195500
'15JS',8602,53626,202400
'15JS',8602,53626,204900
'15JS',8602,53626,211200
'15JS',8602,53626,213600
'15JS',8602,53626,220100
'15JS',8602,53626,222800
'15JS',8602,53626,225300
'15JS',8602,53626,231600
'15JS',8602,53626,233800
'15JS',8602,53626,240000
'15JS',8602,53626,242400
'15JS',8602,53626,244800
'15JS',8602,53626,251000
'15JS',8602,53626,253200
'15JA',18902,53626,45000
'15JA',18902,53626,51800
'15JA',18902,53626,54700
'15JA',18902,53626,61400
'15JA',18902,53626,64100
'15JA',18902,53626,70300
'15JA',18902,53626,72200
'15JA',18902,53626,74100
'15JA',18902,53626,75600
'15JA',18902,53626,81100
'15JA',18902,53626,82600
'15JA',18902,53626,84100
'15JA',18902,53626,90100
'15JA',18902,53626,92100
'15JA',18902,53626,94100
'15JA',18902,53626,100100
'15JA',18902,53626,102100
'15JA',18902,53626,104100
'15JA',18902,53626,110200
'15JA',18902,53626,112200
'15JA',18902,53626,114200
'15JA',18902,53626,120200
'15JA',18902,53626,122300
'15JA',18902,53626,124200
'15JA',18902,53626,125700
'15JA',18902,53626,131200
'15JA',18902,53626,132700
'15JA',18902,53626,134200
'15JA',18902,53626,135700
'15JA',18902,53626,141200
'15JA',18902,53626,142700
'15JA',18902,53626,144600
'15JA',18902,53626,150600
'15JA',18902,53626,152800
'15JA',18902,53626,155400
'15JA',18902,53626,162200
'15JA',18902,53626,165000
'15JA',18902,53626,171900
'15JA',18902,53626,174900
'15JA',18902,53626,181900
'15JA',18902,53626,184800
'15JA',18902,53626,191800
'15JA',18902,53626,194800
'15JA',18902,53626,201800
'15JA',18902,53626,204800
'15JA',18902,53626,211800
'15JA',18902,53626,214800
'15JA',18902,53626,221800
'15JA',18902,53626,224700
'15JA',18902,53626,231700
'15JA',18902,53626,234600
'15JA',18902,53626,241700
'15JA',18902,53626,244700
'15JA',18902,53626,251700
'15JI',18902,53626,44900
'15JI',18902,53626,51900
'15JI',18902,53626,54900
'15JI',18902,53626,61700
'15JI',18902,53626,64500
'15JI',18902,53626,71300
'15JI',18902,53626,74300
'15JI',18902,53626,81100
'15JI',18902,53626,83500
'15JI',18902,53626,85500
'15JI',18902,53626,91500
'15JI',18902,53626,93400
'15JI',18902,53626,95500
'15JI',18902,53626,101500
'15JI',18902,53626,103500
'15JI',18902,53626,105400
'15JI',18902,53626,111300
'15JI',18902,53626,113200
'15JI',18902,53626,115200
'15JI',18902,53626,121200
'15JI',18902,53626,123200
'15JI',18902,53626,125300
'15JI',18902,53626,131300
'15JI',18902,53626,133300
'15JI',18902,53626,135400
'15JI',18902,53626,141400
'15JI',18902,53626,143500
'15JI',18902,53626,145600
'15JI',18902,53626,151600
'15JI',18902,53626,153700
'15JI',18902,53626,160100
'15JI',18902,53626,163100
'15JI',18902,53626,170100
'15JI',18902,53626,173000
'15JI',18902,53626,180100
'15JI',18902,53626,183100
'15JI',18902,53626,190100
'15JI',18902,53626,193100
'15JI',18902,53626,200100
'15JI',18902,53626,203100
'15JI',18902,53626,210100
'15JI',18902,53626,213000
'15JI',18902,53626,220000
'15JI',18902,53626,223000
'15JI',18902,53626,230000
'15JI',18902,53626,233000
'15JI',18902,53626,240000
'15JI',18902,53626,243000
'15JI',18902,53626,245000
'15JS',18902,53626,45100
'15JS',18902,53626,50600
'15JS',18902,53626,51800
'15JS',18902,53626,53000
'15JS',18902,53626,54300
'15JS',18902,53626,55500
'15JS',18902,53626,60700
'15JS',18902,53626,61700
'15JS',18902,53626,62600
'15JS',18902,53626,63600
'15JS',18902,53626,64600
'15JS',18902,53626,65700
'15JS',18902,53626,70700
'15JS',18902,53626,71600
'15JS',18902,53626,72400
'15JS',18902,53626,73200
'15JS',18902,53626,73900
'15JS',18902,53626,75300
'15JS',18902,53626,80600
'15JS',18902,53626,82000
'15JS',18902,53626,83500
'15JS',18902,53626,85200
'15JS',18902,53626,91200
'15JS',18902,53626,93200
'15JS',18902,53626,95200
'15JS',18902,53626,101200
'15JS',18902,53626,103200
'15JS',18902,53626,105200
'15JS',18902,53626,111200
'15JS',18902,53626,113000
'15JS',18902,53626,114500
'15JS',18902,53626,120000
'15JS',18902,53626,121500
'15JS',18902,53626,123000
'15JS',18902,53626,124500
'15JS',18902,53626,130000
'15JS',18902,53626,131500
'15JS',18902,53626,133100
'15JS',18902,53626,134900
'15JS',18902,53626,140700
'15JS',18902,53626,142500
'15JS',18902,53626,144300
'15JS',18902,53626,150100
'15JS',18902,53626,151900
'15JS',18902,53626,154000
'15JS',18902,53626,160700
'15JS',18902,53626,163500
'15JS',18902,53626,170400
'15JS',18902,53626,173200
'15JS',18902,53626,175900
'15JS',18902,53626,182700
'15JS',18902,53626,185400
'15JS',18902,53626,192300
'15JS',18902,53626,195200
'15JS',18902,53626,202200
'15JS',18902,53626,205200
'15JS',18902,53626,212200
'15JS',18902,53626,215200
'15JS',18902,53626,222200
'15JS',18902,53626,225100
'15JS',18902,53626,232100
'15JS',18902,53626,235100
'15JS',18902,53626,242100
'15JS',18902,53626,245100
