'15UA',18502,52875,54200
'15UA',18502,52875,61300
'15UA',18502,52875,64500
'15UA',18502,52875,71900
'15UA',18502,52875,75100
'15UA',18502,52875,82100
'15UA',18502,52875,85000
'15UA',18502,52875,91900
'15UA',18502,52875,95200
'15UA',18502,52875,102200
'15UA',18502,52875,105200
'15UA',18502,52875,112200
'15UA',18502,52875,115100
'15UA',18502,52875,122000
'15UA',18502,52875,124800
'15UA',18502,52875,131600
'15UA',18502,52875,134500
'15UA',18502,52875,141300
'15UA',18502,52875,144100
'15UA',18502,52875,151000
'15UA',18502,52875,153800
'15UA',18502,52875,160600
'15UA',18502,52875,163500
'15UA',18502,52875,165600
'15UA',18502,52875,171700
'15UA',18502,52875,173800
'15UA',18502,52875,180000
'15UA',18502,52875,182700
'15UA',18502,52875,185700
'15UA',18502,52875,192500
'15UA',18502,52875,195500
'15UA',18502,52875,202400
'15UA',18502,52875,205400
'15UA',18502,52875,212500
'15UA',18502,52875,215200
'15UA',18502,52875,222300
'15UA',18502,52875,225400
'15UA',18502,52875,232500
'15UA',18502,52875,235600
'15UA',18502,52875,242700
'15UA',18502,52875,245800
'15UF1',18502,52875,54200
'15UF1',18502,52875,61300
'15UF1',18502,52875,64500
'15UF1',18502,52875,71900
'15UF1',18502,52875,75100
'15UF1',18502,52875,82100
'15UF1',18502,52875,85000
'15UF1',18502,52875,91900
'15UF1',18502,52875,95200
'15UF1',18502,52875,102200
'15UF1',18502,52875,105200
'15UF1',18502,52875,112200
'15UF1',18502,52875,115100
'15UF1',18502,52875,122000
'15UF1',18502,52875,124800
'15UF1',18502,52875,131600
'15UF1',18502,52875,134500
'15UF1',18502,52875,141300
'15UF1',18502,52875,144100
'15UF1',18502,52875,151000
'15UF1',18502,52875,153800
'15UF1',18502,52875,160600
'15UF1',18502,52875,163500
'15UF1',18502,52875,165600
'15UF1',18502,52875,171700
'15UF1',18502,52875,173800
'15UF1',18502,52875,180000
'15UF1',18502,52875,182700
'15UF1',18502,52875,185700
'15UF1',18502,52875,192500
'15UF1',18502,52875,195500
'15UF1',18502,52875,202400
'15UF1',18502,52875,205400
'15UF1',18502,52875,212500
'15UF1',18502,52875,215200
'15UF1',18502,52875,222300
'15UF1',18502,52875,225400
'15UF1',18502,52875,232500
'15UF1',18502,52875,235600
'15UF1',18502,52875,242700
'15UF1',18502,52875,245500
'15UF2',18502,52875,54200
'15UF2',18502,52875,61300
'15UF2',18502,52875,64500
'15UF2',18502,52875,71900
'15UF2',18502,52875,75100
'15UF2',18502,52875,82100
'15UF2',18502,52875,85000
'15UF2',18502,52875,91900
'15UF2',18502,52875,95200
'15UF2',18502,52875,102200
'15UF2',18502,52875,105200
'15UF2',18502,52875,112200
'15UF2',18502,52875,115100
'15UF2',18502,52875,122000
'15UF2',18502,52875,124800
'15UF2',18502,52875,131600
'15UF2',18502,52875,134500
'15UF2',18502,52875,141300
'15UF2',18502,52875,144100
'15UF2',18502,52875,151000
'15UF2',18502,52875,153800
'15UF2',18502,52875,160600
'15UF2',18502,52875,163500
'15UF2',18502,52875,165600
'15UF2',18502,52875,171700
'15UF2',18502,52875,173800
'15UF2',18502,52875,180000
'15UF2',18502,52875,182700
'15UF2',18502,52875,185700
'15UF2',18502,52875,192500
'15UF2',18502,52875,195500
'15UF2',18502,52875,202400
'15UF2',18502,52875,205400
'15UF2',18502,52875,212500
'15UF2',18502,52875,215200
'15UF2',18502,52875,222300
'15UF2',18502,52875,225400
'15UF2',18502,52875,232500
'15UF2',18502,52875,235600
'15UF2',18502,52875,242700
'15UF2',18502,52875,245500
'15UI',18502,52875,54100
'15UI',18502,52875,61200
'15UI',18502,52875,64300
'15UI',18502,52875,71400
'15UI',18502,52875,74500
'15UI',18502,52875,81700
'15UI',18502,52875,84900
'15UI',18502,52875,92700
'15UI',18502,52875,100100
'15UI',18502,52875,103600
'15UI',18502,52875,110700
'15UI',18502,52875,113800
'15UI',18502,52875,120800
'15UI',18502,52875,123800
'15UI',18502,52875,130800
'15UI',18502,52875,133800
'15UI',18502,52875,140800
'15UI',18502,52875,143900
'15UI',18502,52875,150900
'15UI',18502,52875,153800
'15UI',18502,52875,160800
'15UI',18502,52875,163800
'15UI',18502,52875,170800
'15UI',18502,52875,173700
'15UI',18502,52875,180400
'15UI',18502,52875,183200
'15UI',18502,52875,190100
'15UI',18502,52875,192900
'15UI',18502,52875,195400
'15UI',18502,52875,202300
'15UI',18502,52875,205300
'15UI',18502,52875,212300
'15UI',18502,52875,215300
'15UI',18502,52875,222300
'15UI',18502,52875,225300
'15UI',18502,52875,232300
'15UI',18502,52875,235000
'15UI',18502,52875,242200
'15UI',18502,52875,245500
'15US',18502,52875,54000
'15US',18502,52875,61000
'15US',18502,52875,64000
'15US',18502,52875,71500
'15US',18502,52875,74800
'15US',18502,52875,81800
'15US',18502,52875,84900
'15US',18502,52875,91800
'15US',18502,52875,94700
'15US',18502,52875,101700
'15US',18502,52875,104700
'15US',18502,52875,111600
'15US',18502,52875,114500
'15US',18502,52875,121500
'15US',18502,52875,124500
'15US',18502,52875,131500
'15US',18502,52875,134500
'15US',18502,52875,141500
'15US',18502,52875,144800
'15US',18502,52875,151900
'15US',18502,52875,154900
'15US',18502,52875,161600
'15US',18502,52875,164100
'15US',18502,52875,170700
'15US',18502,52875,173300
'15US',18502,52875,175600
'15US',18502,52875,182600
'15US',18502,52875,185300
'15US',18502,52875,192400
'15US',18502,52875,195300
'15US',18502,52875,202400
'15US',18502,52875,205500
'15US',18502,52875,212600
'15US',18502,52875,215600
'15US',18502,52875,222600
'15US',18502,52875,225400
'15US',18502,52875,232400
'15US',18502,52875,235400
'15US',18502,52875,242600
'15US',18502,52875,245600
'15UA',36402,52875,252100
'15UA',36402,52875,260700
'15UA',36402,52875,265100
'15UA',36402,52875,273600
'15UA',36402,52875,282100
'15UA',36402,52875,290100
'15UF1',36402,52875,252100
'15UF1',36402,52875,260700
'15UF1',36402,52875,265100
'15UF1',36402,52875,273600
'15UF1',36402,52875,282100
'15UF2',36402,52875,252100
'15UF2',36402,52875,260700
'15UF2',36402,52875,265100
'15UF2',36402,52875,273600
'15UF2',36402,52875,282100
'15UI',36402,52875,252100
'15UI',36402,52875,260600
'15UI',36402,52875,265100
'15UI',36402,52875,273600
'15UI',36402,52875,282100
'15US',36402,52875,252000
'15US',36402,52875,260600
'15US',36402,52875,265100
'15US',36402,52875,273600
'15US',36402,52875,282000
