'14SA',20703,58035,55000
'14SA',20703,58035,62000
'14SA',20703,58035,65000
'14SA',20703,58035,72000
'14SA',20703,58035,75000
'14SA',20703,58035,82000
'14SA',20703,58035,85000
'14SA',20703,58035,92000
'14SA',20703,58035,95100
'14SA',20703,58035,102100
'14SA',20703,58035,105100
'14SA',20703,58035,112100
'14SA',20703,58035,115100
'14SA',20703,58035,122100
'14SA',20703,58035,125200
'14SA',20703,58035,132200
'14SA',20703,58035,135200
'14SA',20703,58035,142200
'14SA',20703,58035,145300
'14SA',20703,58035,152300
'14SA',20703,58035,155300
'14SA',20703,58035,162400
'14SA',20703,58035,165500
'14SA',20703,58035,172500
'14SA',20703,58035,175400
'14SA',20703,58035,182300
'14SA',20703,58035,185300
'14SA',20703,58035,192200
'14SA',20703,58035,195100
'14SA',20703,58035,202100
'14SA',20703,58035,205100
'14SA',20703,58035,212100
'14SA',20703,58035,215100
'14SA',20703,58035,222100
'14SA',20703,58035,225100
'14SA',20703,58035,235100
'14SA',20703,58035,245100
'14SA',20703,58035,254100
'14SF1',20703,58035,55000
'14SF1',20703,58035,62000
'14SF1',20703,58035,65000
'14SF1',20703,58035,72000
'14SF1',20703,58035,75000
'14SF1',20703,58035,82000
'14SF1',20703,58035,85000
'14SF1',20703,58035,92000
'14SF1',20703,58035,95100
'14SF1',20703,58035,102100
'14SF1',20703,58035,105100
'14SF1',20703,58035,112100
'14SF1',20703,58035,115100
'14SF1',20703,58035,122100
'14SF1',20703,58035,125200
'14SF1',20703,58035,132200
'14SF1',20703,58035,135200
'14SF1',20703,58035,142200
'14SF1',20703,58035,145300
'14SF1',20703,58035,152300
'14SF1',20703,58035,155300
'14SF1',20703,58035,162400
'14SF1',20703,58035,165500
'14SF1',20703,58035,172500
'14SF1',20703,58035,175400
'14SF1',20703,58035,182300
'14SF1',20703,58035,185300
'14SF1',20703,58035,192200
'14SF1',20703,58035,195100
'14SF1',20703,58035,202100
'14SF1',20703,58035,205100
'14SF1',20703,58035,212100
'14SF1',20703,58035,215100
'14SF1',20703,58035,222100
'14SF1',20703,58035,225100
'14SF1',20703,58035,235100
'14SF1',20703,58035,245100
'14SF1',20703,58035,254100
'14SF2',20703,58035,55000
'14SF2',20703,58035,62000
'14SF2',20703,58035,65000
'14SF2',20703,58035,72000
'14SF2',20703,58035,75000
'14SF2',20703,58035,82000
'14SF2',20703,58035,85000
'14SF2',20703,58035,92000
'14SF2',20703,58035,95100
'14SF2',20703,58035,102100
'14SF2',20703,58035,105100
'14SF2',20703,58035,112100
'14SF2',20703,58035,115100
'14SF2',20703,58035,122100
'14SF2',20703,58035,125200
'14SF2',20703,58035,132200
'14SF2',20703,58035,135200
'14SF2',20703,58035,142200
'14SF2',20703,58035,145300
'14SF2',20703,58035,152300
'14SF2',20703,58035,155300
'14SF2',20703,58035,162400
'14SF2',20703,58035,165500
'14SF2',20703,58035,172500
'14SF2',20703,58035,175400
'14SF2',20703,58035,182300
'14SF2',20703,58035,185300
'14SF2',20703,58035,192200
'14SF2',20703,58035,195100
'14SF2',20703,58035,202100
'14SF2',20703,58035,205100
'14SF2',20703,58035,212100
'14SF2',20703,58035,215100
'14SF2',20703,58035,222100
'14SF2',20703,58035,225100
'14SF2',20703,58035,235100
'14SF2',20703,58035,245100
'14SF2',20703,58035,254100
'14SI',20703,58035,71900
'14SI',20703,58035,74900
'14SI',20703,58035,81900
'14SI',20703,58035,85000
'14SI',20703,58035,92000
'14SI',20703,58035,95000
'14SI',20703,58035,102100
'14SI',20703,58035,105200
'14SI',20703,58035,112200
'14SI',20703,58035,115200
'14SI',20703,58035,122200
'14SI',20703,58035,125200
'14SI',20703,58035,132200
'14SI',20703,58035,135200
'14SI',20703,58035,142200
'14SI',20703,58035,145200
'14SI',20703,58035,152300
'14SI',20703,58035,155400
'14SI',20703,58035,162400
'14SI',20703,58035,165400
'14SI',20703,58035,172300
'14SI',20703,58035,175200
'14SI',20703,58035,182100
'14SI',20703,58035,185100
'14SI',20703,58035,192100
'14SI',20703,58035,195100
'14SI',20703,58035,202100
'14SI',20703,58035,205100
'14SI',20703,58035,212000
'14SI',20703,58035,215000
'14SI',20703,58035,225000
'14SI',20703,58035,235000
'14SI',20703,58035,245000
'14SI',20703,58035,254000
'14SS',20703,58035,52000
'14SS',20703,58035,55000
'14SS',20703,58035,62000
'14SS',20703,58035,65100
'14SS',20703,58035,72200
'14SS',20703,58035,75200
'14SS',20703,58035,82200
'14SS',20703,58035,85200
'14SS',20703,58035,92200
'14SS',20703,58035,95100
'14SS',20703,58035,102100
'14SS',20703,58035,105100
'14SS',20703,58035,112100
'14SS',20703,58035,115200
'14SS',20703,58035,122200
'14SS',20703,58035,125200
'14SS',20703,58035,132300
'14SS',20703,58035,135400
'14SS',20703,58035,142500
'14SS',20703,58035,145600
'14SS',20703,58035,152600
'14SS',20703,58035,155600
'14SS',20703,58035,162600
'14SS',20703,58035,165600
'14SS',20703,58035,172600
'14SS',20703,58035,174600
'14SS',20703,58035,180600
'14SS',20703,58035,182600
'14SS',20703,58035,185400
'14SS',20703,58035,192400
'14SS',20703,58035,195300
'14SS',20703,58035,202200
'14SS',20703,58035,205200
'14SS',20703,58035,212200
'14SS',20703,58035,215200
'14SS',20703,58035,222200
'14SS',20703,58035,225200
'14SS',20703,58035,235000
'14SS',20703,58035,244900
'14SS',20703,58035,254400
'14SS',40702,58035,71300
'14SS',40702,58035,75900
'14SS',40702,58035,81900
'14SS',40702,58035,90400
'14SS',40702,58035,155600
'14SS',40702,58035,164400
'14SS',40702,58035,170300
'14SS',40702,58035,172900
'14SS',40702,58035,175200
'14SS',40702,58035,180700
'14SS',40702,58035,182700
'14SS',40702,58035,184600
'14SS',40702,58035,191600
