'15UA',19302,50957,53200
'15UA',19302,50957,60200
'15UA',19302,50957,63200
'15UA',19302,50957,70500
'15UA',19302,50957,73400
'15UA',19302,50957,80600
'15UA',19302,50957,83400
'15UA',19302,50957,90500
'15UA',19302,50957,93500
'15UA',19302,50957,95800
'15UA',19302,50957,101900
'15UA',19302,50957,103900
'15UA',19302,50957,110000
'15UA',19302,50957,112000
'15UA',19302,50957,113600
'15UA',19302,50957,115200
'15UA',19302,50957,120700
'15UA',19302,50957,122200
'15UA',19302,50957,123700
'15UA',19302,50957,125300
'15UA',19302,50957,130900
'15UA',19302,50957,132400
'15UA',19302,50957,133900
'15UA',19302,50957,135500
'15UA',19302,50957,141200
'15UA',19302,50957,142900
'15UA',19302,50957,144500
'15UA',19302,50957,150100
'15UA',19302,50957,151700
'15UA',19302,50957,153200
'15UA',19302,50957,154700
'15UA',19302,50957,160300
'15UA',19302,50957,161900
'15UA',19302,50957,163500
'15UA',19302,50957,165000
'15UA',19302,50957,170600
'15UA',19302,50957,172200
'15UA',19302,50957,173700
'15UA',19302,50957,175100
'15UA',19302,50957,180600
'15UA',19302,50957,182100
'15UA',19302,50957,183600
'15UA',19302,50957,185600
'15UA',19302,50957,192000
'15UA',19302,50957,194500
'15UA',19302,50957,201400
'15UA',19302,50957,204500
'15UA',19302,50957,211600
'15UA',19302,50957,214600
'15UA',19302,50957,221600
'15UA',19302,50957,224600
'15UA',19302,50957,231600
'15UA',19302,50957,234600
'15UA',19302,50957,241500
'15UA',19302,50957,244300
'15UA',19302,50957,251100
'15UA',19302,50957,253900
'15UF1',19302,50957,53200
'15UF1',19302,50957,60200
'15UF1',19302,50957,63200
'15UF1',19302,50957,70500
'15UF1',19302,50957,73400
'15UF1',19302,50957,80600
'15UF1',19302,50957,83400
'15UF1',19302,50957,90500
'15UF1',19302,50957,93500
'15UF1',19302,50957,95800
'15UF1',19302,50957,101900
'15UF1',19302,50957,103900
'15UF1',19302,50957,110000
'15UF1',19302,50957,112000
'15UF1',19302,50957,113600
'15UF1',19302,50957,115200
'15UF1',19302,50957,120700
'15UF1',19302,50957,122200
'15UF1',19302,50957,123700
'15UF1',19302,50957,125300
'15UF1',19302,50957,130900
'15UF1',19302,50957,132400
'15UF1',19302,50957,133900
'15UF1',19302,50957,135500
'15UF1',19302,50957,141200
'15UF1',19302,50957,142900
'15UF1',19302,50957,144500
'15UF1',19302,50957,150100
'15UF1',19302,50957,151700
'15UF1',19302,50957,153200
'15UF1',19302,50957,154700
'15UF1',19302,50957,160300
'15UF1',19302,50957,161900
'15UF1',19302,50957,163500
'15UF1',19302,50957,165000
'15UF1',19302,50957,170600
'15UF1',19302,50957,172200
'15UF1',19302,50957,173700
'15UF1',19302,50957,175100
'15UF1',19302,50957,180600
'15UF1',19302,50957,182100
'15UF1',19302,50957,183600
'15UF1',19302,50957,185600
'15UF1',19302,50957,192000
'15UF1',19302,50957,194500
'15UF1',19302,50957,201400
'15UF1',19302,50957,204500
'15UF1',19302,50957,211600
'15UF1',19302,50957,214600
'15UF1',19302,50957,221600
'15UF1',19302,50957,224600
'15UF1',19302,50957,231600
'15UF1',19302,50957,234600
'15UF1',19302,50957,241500
'15UF1',19302,50957,244300
'15UF1',19302,50957,251700
'15UF2',19302,50957,53200
'15UF2',19302,50957,60200
'15UF2',19302,50957,63200
'15UF2',19302,50957,70500
'15UF2',19302,50957,73400
'15UF2',19302,50957,80600
'15UF2',19302,50957,83400
'15UF2',19302,50957,90500
'15UF2',19302,50957,93500
'15UF2',19302,50957,95800
'15UF2',19302,50957,101900
'15UF2',19302,50957,103900
'15UF2',19302,50957,110000
'15UF2',19302,50957,112000
'15UF2',19302,50957,113600
'15UF2',19302,50957,115200
'15UF2',19302,50957,120700
'15UF2',19302,50957,122200
'15UF2',19302,50957,123700
'15UF2',19302,50957,125300
'15UF2',19302,50957,130900
'15UF2',19302,50957,132400
'15UF2',19302,50957,133900
'15UF2',19302,50957,135500
'15UF2',19302,50957,141200
'15UF2',19302,50957,142900
'15UF2',19302,50957,144500
'15UF2',19302,50957,150100
'15UF2',19302,50957,151700
'15UF2',19302,50957,153200
'15UF2',19302,50957,154700
'15UF2',19302,50957,160300
'15UF2',19302,50957,161900
'15UF2',19302,50957,163500
'15UF2',19302,50957,165000
'15UF2',19302,50957,170600
'15UF2',19302,50957,172200
'15UF2',19302,50957,173700
'15UF2',19302,50957,175100
'15UF2',19302,50957,180600
'15UF2',19302,50957,182100
'15UF2',19302,50957,183600
'15UF2',19302,50957,185600
'15UF2',19302,50957,192000
'15UF2',19302,50957,194500
'15UF2',19302,50957,201400
'15UF2',19302,50957,204500
'15UF2',19302,50957,211600
'15UF2',19302,50957,214600
'15UF2',19302,50957,221600
'15UF2',19302,50957,224600
'15UF2',19302,50957,231600
'15UF2',19302,50957,234600
'15UF2',19302,50957,241500
'15UF2',19302,50957,244300
'15UF2',19302,50957,251700
'15UI',19302,50957,55700
'15UI',19302,50957,62700
'15UI',19302,50957,65700
'15UI',19302,50957,72700
'15UI',19302,50957,75900
'15UI',19302,50957,82900
'15UI',19302,50957,90100
'15UI',19302,50957,93200
'15UI',19302,50957,95300
'15UI',19302,50957,101300
'15UI',19302,50957,103300
'15UI',19302,50957,105400
'15UI',19302,50957,111500
'15UI',19302,50957,113500
'15UI',19302,50957,115500
'15UI',19302,50957,121600
'15UI',19302,50957,123500
'15UI',19302,50957,125500
'15UI',19302,50957,131500
'15UI',19302,50957,133500
'15UI',19302,50957,135500
'15UI',19302,50957,141400
'15UI',19302,50957,143400
'15UI',19302,50957,145400
'15UI',19302,50957,151400
'15UI',19302,50957,153400
'15UI',19302,50957,155300
'15UI',19302,50957,161300
'15UI',19302,50957,163300
'15UI',19302,50957,165300
'15UI',19302,50957,172200
'15UI',19302,50957,175200
'15UI',19302,50957,181900
'15UI',19302,50957,185000
'15UI',19302,50957,192100
'15UI',19302,50957,195300
'15UI',19302,50957,202200
'15UI',19302,50957,205300
'15UI',19302,50957,212500
'15UI',19302,50957,215500
'15UI',19302,50957,222500
'15UI',19302,50957,225600
'15UI',19302,50957,232400
'15UI',19302,50957,235200
'15UI',19302,50957,242100
'15UI',19302,50957,244900
'15UI',19302,50957,251700
'15US',19302,50957,52300
'15US',19302,50957,55900
'15US',19302,50957,61900
'15US',19302,50957,64000
'15US',19302,50957,65400
'15US',19302,50957,70400
'15US',19302,50957,71400
'15US',19302,50957,72400
'15US',19302,50957,73400
'15US',19302,50957,74600
'15US',19302,50957,75800
'15US',19302,50957,80800
'15US',19302,50957,81800
'15US',19302,50957,82800
'15US',19302,50957,83800
'15US',19302,50957,84700
'15US',19302,50957,85500
'15US',19302,50957,90500
'15US',19302,50957,91500
'15US',19302,50957,92400
'15US',19302,50957,93200
'15US',19302,50957,94200
'15US',19302,50957,95200
'15US',19302,50957,100200
'15US',19302,50957,101200
'15US',19302,50957,102200
'15US',19302,50957,103200
'15US',19302,50957,104200
'15US',19302,50957,105200
'15US',19302,50957,110200
'15US',19302,50957,111400
'15US',19302,50957,112500
'15US',19302,50957,113500
'15US',19302,50957,114500
'15US',19302,50957,115500
'15US',19302,50957,120500
'15US',19302,50957,121500
'15US',19302,50957,122500
'15US',19302,50957,123500
'15US',19302,50957,124500
'15US',19302,50957,125500
'15US',19302,50957,130500
'15US',19302,50957,131500
'15US',19302,50957,132500
'15US',19302,50957,133500
'15US',19302,50957,134500
'15US',19302,50957,135500
'15US',19302,50957,140500
'15US',19302,50957,141500
'15US',19302,50957,142500
'15US',19302,50957,143500
'15US',19302,50957,144500
'15US',19302,50957,150500
'15US',19302,50957,152500
'15US',19302,50957,154300
'15US',19302,50957,160000
'15US',19302,50957,162000
'15US',19302,50957,163900
'15US',19302,50957,165500
'15US',19302,50957,171000
'15US',19302,50957,172500
'15US',19302,50957,174000
'15US',19302,50957,180300
'15US',19302,50957,183300
'15US',19302,50957,190000
'15US',19302,50957,192800
'15US',19302,50957,195700
'15US',19302,50957,202400
'15US',19302,50957,205200
'15US',19302,50957,212200
'15US',19302,50957,215200
'15US',19302,50957,222200
'15US',19302,50957,225100
'15US',19302,50957,232000
'15US',19302,50957,235000
'15US',19302,50957,241900
'15US',19302,50957,244800
'15US',19302,50957,251500
