'15UA',11002,57209,62500
'15UA',11002,57209,65600
'15UA',11002,57209,72700
'15UA',11002,57209,80000
'15UA',11002,57209,83000
'15UA',11002,57209,90000
'15UA',11002,57209,92900
'15UA',11002,57209,100100
'15UA',11002,57209,103100
'15UA',11002,57209,110400
'15UA',11002,57209,113500
'15UA',11002,57209,120600
'15UA',11002,57209,123700
'15UA',11002,57209,130800
'15UA',11002,57209,133900
'15UA',11002,57209,141000
'15UA',11002,57209,144000
'15UA',11002,57209,150600
'15UA',11002,57209,153200
'15UA',11002,57209,155800
'15UA',11002,57209,162300
'15UA',11002,57209,164700
'15UA',11002,57209,170700
'15UA',11002,57209,172800
'15UA',11002,57209,174800
'15UA',11002,57209,181800
'15UA',11002,57209,184700
'15UA',11002,57209,190800
'15UA',11002,57209,192800
'15UA',11002,57209,194800
'15UA',11002,57209,201600
'15UA',11002,57209,204500
'15UA',11002,57209,211400
'15UA',11002,57209,214300
'15UA',11002,57209,221200
'15UA',11002,57209,224000
'15UA',11002,57209,230800
'15UA',11002,57209,233500
'15UA',11002,57209,240300
'15UA',11002,57209,243100
'15UA',11002,57209,245700
'15UA',11002,57209,252100
'15UA',11002,57209,254800
'15UA',11002,57209,261500
'15UA',11002,57209,264100
'15UF1',11002,57209,65700
'15UF1',11002,57209,72800
'15UF1',11002,57209,75900
'15UF1',11002,57209,83000
'15UF1',11002,57209,90400
'15UF1',11002,57209,93500
'15UF1',11002,57209,100700
'15UF1',11002,57209,103800
'15UF1',11002,57209,110800
'15UF1',11002,57209,113800
'15UF1',11002,57209,120800
'15UF1',11002,57209,123800
'15UF1',11002,57209,131100
'15UF1',11002,57209,134100
'15UF1',11002,57209,141300
'15UF1',11002,57209,144400
'15UF1',11002,57209,151600
'15UF1',11002,57209,154800
'15UF1',11002,57209,161900
'15UF1',11002,57209,165000
'15UF1',11002,57209,171600
'15UF1',11002,57209,173500
'15UF1',11002,57209,175200
'15UF1',11002,57209,181100
'15UF1',11002,57209,183100
'15UF1',11002,57209,184900
'15UF1',11002,57209,191900
'15UF1',11002,57209,194800
'15UF1',11002,57209,201700
'15UF1',11002,57209,204500
'15UF1',11002,57209,211300
'15UF1',11002,57209,214100
'15UF1',11002,57209,221000
'15UF1',11002,57209,223800
'15UF1',11002,57209,230600
'15UF1',11002,57209,234000
'15UF1',11002,57209,241400
'15UF1',11002,57209,244600
'15UF1',11002,57209,251700
'15UF1',11002,57209,254600
'15UF1',11002,57209,261100
'15UF2',11002,57209,65700
'15UF2',11002,57209,72800
'15UF2',11002,57209,75900
'15UF2',11002,57209,83000
'15UF2',11002,57209,90400
'15UF2',11002,57209,93500
'15UF2',11002,57209,100700
'15UF2',11002,57209,103800
'15UF2',11002,57209,110800
'15UF2',11002,57209,113800
'15UF2',11002,57209,120800
'15UF2',11002,57209,123800
'15UF2',11002,57209,131100
'15UF2',11002,57209,134100
'15UF2',11002,57209,141300
'15UF2',11002,57209,144400
'15UF2',11002,57209,151600
'15UF2',11002,57209,154800
'15UF2',11002,57209,161900
'15UF2',11002,57209,165000
'15UF2',11002,57209,171600
'15UF2',11002,57209,173500
'15UF2',11002,57209,175200
'15UF2',11002,57209,181100
'15UF2',11002,57209,183100
'15UF2',11002,57209,184900
'15UF2',11002,57209,191900
'15UF2',11002,57209,194800
'15UF2',11002,57209,201700
'15UF2',11002,57209,204500
'15UF2',11002,57209,211300
'15UF2',11002,57209,214100
'15UF2',11002,57209,221000
'15UF2',11002,57209,223800
'15UF2',11002,57209,230600
'15UF2',11002,57209,234000
'15UF2',11002,57209,241400
'15UF2',11002,57209,244600
'15UF2',11002,57209,251700
'15UF2',11002,57209,254600
'15UF2',11002,57209,261100
'15UI',11002,57209,65700
'15UI',11002,57209,72800
'15UI',11002,57209,75900
'15UI',11002,57209,83000
'15UI',11002,57209,90400
'15UI',11002,57209,93500
'15UI',11002,57209,100700
'15UI',11002,57209,103800
'15UI',11002,57209,110800
'15UI',11002,57209,113800
'15UI',11002,57209,120800
'15UI',11002,57209,123800
'15UI',11002,57209,131100
'15UI',11002,57209,134100
'15UI',11002,57209,141300
'15UI',11002,57209,144400
'15UI',11002,57209,151600
'15UI',11002,57209,154800
'15UI',11002,57209,161900
'15UI',11002,57209,165000
'15UI',11002,57209,171600
'15UI',11002,57209,173500
'15UI',11002,57209,175200
'15UI',11002,57209,181100
'15UI',11002,57209,183100
'15UI',11002,57209,184900
'15UI',11002,57209,191900
'15UI',11002,57209,194800
'15UI',11002,57209,201700
'15UI',11002,57209,204500
'15UI',11002,57209,211300
'15UI',11002,57209,214100
'15UI',11002,57209,221000
'15UI',11002,57209,223800
'15UI',11002,57209,230600
'15UI',11002,57209,234000
'15UI',11002,57209,241400
'15UI',11002,57209,244600
'15UI',11002,57209,251700
'15UI',11002,57209,254600
'15UI',11002,57209,261100
'15US',11002,57209,61100
'15US',11002,57209,64200
'15US',11002,57209,72200
'15US',11002,57209,75200
'15US',11002,57209,82300
'15US',11002,57209,85400
'15US',11002,57209,92500
'15US',11002,57209,95200
'15US',11002,57209,102200
'15US',11002,57209,105200
'15US',11002,57209,112200
'15US',11002,57209,115200
'15US',11002,57209,122200
'15US',11002,57209,125100
'15US',11002,57209,131700
'15US',11002,57209,134300
'15US',11002,57209,140900
'15US',11002,57209,143500
'15US',11002,57209,150400
'15US',11002,57209,153200
'15US',11002,57209,160300
'15US',11002,57209,163000
'15US',11002,57209,164900
'15US',11002,57209,170900
'15US',11002,57209,172600
'15US',11002,57209,174200
'15US',11002,57209,175500
'15US',11002,57209,180800
'15US',11002,57209,182300
'15US',11002,57209,183200
'15US',11002,57209,184800
'15US',11002,57209,190700
'15US',11002,57209,193200
'15US',11002,57209,195600
'15US',11002,57209,202100
'15US',11002,57209,205000
'15US',11002,57209,212000
'15US',11002,57209,215000
'15US',11002,57209,222000
'15US',11002,57209,225000
'15US',11002,57209,231500
'15US',11002,57209,234500
'15US',11002,57209,241500
'15US',11002,57209,244600
'15US',11002,57209,251700
'15US',11002,57209,254000
'15US',11002,57209,261100
