'14UA',3703,51771,54000
'14UA',3703,51771,60400
'14UA',3703,51771,62800
'14UA',3703,51771,65200
'14UA',3703,51771,71600
'14UA',3703,51771,74100
'14UA',3703,51771,80600
'14UA',3703,51771,83300
'14UA',3703,51771,90000
'14UA',3703,51771,92600
'14UA',3703,51771,95400
'14UA',3703,51771,102300
'14UA',3703,51771,105200
'14UA',3703,51771,112100
'14UA',3703,51771,115200
'14UA',3703,51771,122300
'14UA',3703,51771,125300
'14UA',3703,51771,132300
'14UA',3703,51771,135400
'14UA',3703,51771,142400
'14UA',3703,51771,145500
'14UA',3703,51771,152500
'14UA',3703,51771,155600
'14UA',3703,51771,162600
'14UA',3703,51771,165700
'14UA',3703,51771,172700
'14UA',3703,51771,175500
'14UA',3703,51771,182400
'14UA',3703,51771,185400
'14UA',3703,51771,192400
'14UA',3703,51771,195100
'14UA',3703,51771,201900
'14UA',3703,51771,204700
'14UA',3703,51771,211500
'14UA',3703,51771,214300
'14UA',3703,51771,221100
'14UA',3703,51771,223800
'14UA',3703,51771,230500
'14UA',3703,51771,233200
'14UA',3703,51771,235700
'14UA',3703,51771,242400
'14UA',3703,51771,244900
'14UA',3703,51771,251200
'14UA',3703,51771,253500
'14UF1',3703,51771,54000
'14UF1',3703,51771,60400
'14UF1',3703,51771,62700
'14UF1',3703,51771,65000
'14UF1',3703,51771,71500
'14UF1',3703,51771,74000
'14UF1',3703,51771,80400
'14UF1',3703,51771,82800
'14UF1',3703,51771,85300
'14UF1',3703,51771,92100
'14UF1',3703,51771,94700
'14UF1',3703,51771,101500
'14UF1',3703,51771,104300
'14UF1',3703,51771,111100
'14UF1',3703,51771,114000
'14UF1',3703,51771,121000
'14UF1',3703,51771,123800
'14UF1',3703,51771,130600
'14UF1',3703,51771,133400
'14UF1',3703,51771,140300
'14UF1',3703,51771,143100
'14UF1',3703,51771,145900
'14UF1',3703,51771,152800
'14UF1',3703,51771,155700
'14UF1',3703,51771,162600
'14UF1',3703,51771,165400
'14UF1',3703,51771,172200
'14UF1',3703,51771,175100
'14UF1',3703,51771,182000
'14UF1',3703,51771,184800
'14UF1',3703,51771,191600
'14UF1',3703,51771,194300
'14UF1',3703,51771,200900
'14UF1',3703,51771,203400
'14UF1',3703,51771,210000
'14UF1',3703,51771,212700
'14UF1',3703,51771,215400
'14UF1',3703,51771,222000
'14UF1',3703,51771,224600
'14UF1',3703,51771,231000
'14UF1',3703,51771,233400
'14UF1',3703,51771,235800
'14UF1',3703,51771,242300
'14UF1',3703,51771,244800
'14UF1',3703,51771,251100
'14UF2',3703,51771,54000
'14UF2',3703,51771,60400
'14UF2',3703,51771,62700
'14UF2',3703,51771,65000
'14UF2',3703,51771,71500
'14UF2',3703,51771,74000
'14UF2',3703,51771,80400
'14UF2',3703,51771,82800
'14UF2',3703,51771,85300
'14UF2',3703,51771,92100
'14UF2',3703,51771,94700
'14UF2',3703,51771,101500
'14UF2',3703,51771,104300
'14UF2',3703,51771,111100
'14UF2',3703,51771,114000
'14UF2',3703,51771,121000
'14UF2',3703,51771,123800
'14UF2',3703,51771,130600
'14UF2',3703,51771,133400
'14UF2',3703,51771,140300
'14UF2',3703,51771,143100
'14UF2',3703,51771,145900
'14UF2',3703,51771,152800
'14UF2',3703,51771,155700
'14UF2',3703,51771,162600
'14UF2',3703,51771,165400
'14UF2',3703,51771,172200
'14UF2',3703,51771,175100
'14UF2',3703,51771,182000
'14UF2',3703,51771,184800
'14UF2',3703,51771,191600
'14UF2',3703,51771,194300
'14UF2',3703,51771,200900
'14UF2',3703,51771,203400
'14UF2',3703,51771,210000
'14UF2',3703,51771,212700
'14UF2',3703,51771,215400
'14UF2',3703,51771,222000
'14UF2',3703,51771,224600
'14UF2',3703,51771,231000
'14UF2',3703,51771,233400
'14UF2',3703,51771,235800
'14UF2',3703,51771,242300
'14UF2',3703,51771,244800
'14UF2',3703,51771,251100
'14UI',3703,51771,54000
'14UI',3703,51771,60400
'14UI',3703,51771,62700
'14UI',3703,51771,65000
'14UI',3703,51771,71500
'14UI',3703,51771,74000
'14UI',3703,51771,80400
'14UI',3703,51771,82800
'14UI',3703,51771,85300
'14UI',3703,51771,92100
'14UI',3703,51771,94700
'14UI',3703,51771,101500
'14UI',3703,51771,104300
'14UI',3703,51771,111100
'14UI',3703,51771,114000
'14UI',3703,51771,121000
'14UI',3703,51771,123800
'14UI',3703,51771,130600
'14UI',3703,51771,133400
'14UI',3703,51771,140300
'14UI',3703,51771,143100
'14UI',3703,51771,145900
'14UI',3703,51771,152800
'14UI',3703,51771,155700
'14UI',3703,51771,162600
'14UI',3703,51771,165400
'14UI',3703,51771,172200
'14UI',3703,51771,175100
'14UI',3703,51771,182000
'14UI',3703,51771,184800
'14UI',3703,51771,191600
'14UI',3703,51771,194300
'14UI',3703,51771,200900
'14UI',3703,51771,203400
'14UI',3703,51771,210000
'14UI',3703,51771,212700
'14UI',3703,51771,215400
'14UI',3703,51771,222000
'14UI',3703,51771,224600
'14UI',3703,51771,231000
'14UI',3703,51771,233400
'14UI',3703,51771,235800
'14UI',3703,51771,242300
'14UI',3703,51771,244800
'14UI',3703,51771,251100
'14US',3703,51771,53600
'14US',3703,51771,61200
'14US',3703,51771,64400
'14US',3703,51771,71000
'14US',3703,51771,73700
'14US',3703,51771,80300
'14US',3703,51771,82700
'14US',3703,51771,85000
'14US',3703,51771,91500
'14US',3703,51771,93900
'14US',3703,51771,100300
'14US',3703,51771,102700
'14US',3703,51771,105100
'14US',3703,51771,111500
'14US',3703,51771,114100
'14US',3703,51771,120700
'14US',3703,51771,123200
'14US',3703,51771,125700
'14US',3703,51771,132200
'14US',3703,51771,134800
'14US',3703,51771,141400
'14US',3703,51771,144000
'14US',3703,51771,150900
'14US',3703,51771,153500
'14US',3703,51771,160200
'14US',3703,51771,162900
'14US',3703,51771,165600
'14US',3703,51771,172300
'14US',3703,51771,174800
'14US',3703,51771,181300
'14US',3703,51771,183800
'14US',3703,51771,190300
'14US',3703,51771,193300
'14US',3703,51771,200300
'14US',3703,51771,203300
'14US',3703,51771,210400
'14US',3703,51771,213400
'14US',3703,51771,220400
'14US',3703,51771,223400
'14US',3703,51771,230400
'14US',3703,51771,233300
'14US',3703,51771,240300
'14US',3703,51771,242700
'14US',3703,51771,245200
'14US',3703,51771,251700
'14US',3703,51771,254400
'14US',3703,51771,261200
'14US',10101,51771,61700
'14US',10101,51771,64500
'14US',10101,51771,71500
'14US',10101,51771,74500
'14US',10101,51771,81500
'14US',10101,51771,84500
'14US',10101,51771,150000
'14US',10101,51771,153000
'14US',10101,51771,160000
'14US',10101,51771,163000
'14US',10101,51771,170000
'14US',10101,51771,173000
'14US',10101,51771,180000
'14US',10102,51771,61500
'14US',10102,51771,64200
'14US',10102,51771,71200
'14US',10102,51771,74200
'14US',10102,51771,81200
'14US',10102,51771,84200
'14US',10102,51771,152600
'14US',10102,51771,155600
'14US',10102,51771,162600
'14US',10102,51771,165600
'14US',10102,51771,172600
'14US',10102,51771,175600
