'14MA',14001,50386,55400
'14MA',14001,50386,62900
'14MA',14001,50386,65800
'14MA',14001,50386,72800
'14MA',14001,50386,75800
'14MA',14001,50386,82800
'14MA',14001,50386,85900
'14MA',14001,50386,92900
'14MA',14001,50386,100000
'14MA',14001,50386,103000
'14MA',14001,50386,110000
'14MA',14001,50386,113000
'14MA',14001,50386,120000
'14MA',14001,50386,123000
'14MA',14001,50386,130200
'14MA',14001,50386,133200
'14MA',14001,50386,135200
'14MA',14001,50386,141200
'14MA',14001,50386,143200
'14MA',14001,50386,145200
'14MA',14001,50386,151200
'14MA',14001,50386,153200
'14MA',14001,50386,155200
'14MA',14001,50386,161400
'14MA',14001,50386,163600
'14MA',14001,50386,165700
'14MA',14001,50386,171900
'14MA',14001,50386,174100
'14MA',14001,50386,180300
'14MA',14001,50386,182400
'14MA',14001,50386,184500
'14MA',14001,50386,190600
'14MA',14001,50386,192700
'14MA',14001,50386,200300
'14MA',14001,50386,203900
'14MA',14001,50386,211500
'14MA',14001,50386,215000
'14MA',14001,50386,222500
'14MA',14001,50386,225900
'14MA',14001,50386,233300
'14MA',14001,50386,240200
'14MA',14001,50386,243500
'14MA',14001,50386,250400
'14MA',14001,50386,253700
'14MA',14001,50386,260600
'14MF1',14001,50386,60400
'14MF1',14001,50386,63600
'14MF1',14001,50386,70700
'14MF1',14001,50386,73900
'14MF1',14001,50386,81000
'14MF1',14001,50386,84300
'14MF1',14001,50386,91700
'14MF1',14001,50386,94100
'14MF1',14001,50386,100700
'14MF1',14001,50386,103200
'14MF1',14001,50386,105700
'14MF1',14001,50386,112400
'14MF1',14001,50386,114900
'14MF1',14001,50386,121400
'14MF1',14001,50386,123000
'14MF1',14001,50386,125300
'14MF1',14001,50386,132300
'14MF1',14001,50386,135200
'14MF1',14001,50386,141700
'14MF1',14001,50386,144500
'14MF1',14001,50386,151500
'14MF1',14001,50386,153900
'14MF1',14001,50386,160700
'14MF1',14001,50386,163700
'14MF1',14001,50386,165900
'14MF1',14001,50386,172600
'14MF1',14001,50386,175300
'14MF1',14001,50386,181600
'14MF1',14001,50386,184100
'14MF1',14001,50386,190700
'14MF1',14001,50386,193000
'14MF1',14001,50386,195400
'14MF1',14001,50386,201800
'14MF1',14001,50386,204100
'14MF1',14001,50386,211500
'14MF1',14001,50386,215100
'14MF1',14001,50386,222500
'14MF1',14001,50386,225900
'14MF1',14001,50386,233000
'14MF1',14001,50386,240300
'14MF1',14001,50386,243300
'14MF1',14001,50386,250500
'14MF1',14001,50386,253400
'14MF2',14001,50386,60400
'14MF2',14001,50386,63600
'14MF2',14001,50386,70700
'14MF2',14001,50386,73900
'14MF2',14001,50386,81000
'14MF2',14001,50386,84300
'14MF2',14001,50386,91700
'14MF2',14001,50386,94100
'14MF2',14001,50386,100700
'14MF2',14001,50386,103200
'14MF2',14001,50386,105700
'14MF2',14001,50386,112400
'14MF2',14001,50386,114900
'14MF2',14001,50386,121400
'14MF2',14001,50386,123000
'14MF2',14001,50386,125300
'14MF2',14001,50386,132300
'14MF2',14001,50386,135200
'14MF2',14001,50386,141700
'14MF2',14001,50386,144500
'14MF2',14001,50386,151500
'14MF2',14001,50386,153900
'14MF2',14001,50386,160700
'14MF2',14001,50386,163700
'14MF2',14001,50386,165900
'14MF2',14001,50386,172600
'14MF2',14001,50386,175300
'14MF2',14001,50386,181600
'14MF2',14001,50386,184100
'14MF2',14001,50386,190700
'14MF2',14001,50386,193000
'14MF2',14001,50386,195400
'14MF2',14001,50386,201800
'14MF2',14001,50386,204100
'14MF2',14001,50386,211500
'14MF2',14001,50386,215100
'14MF2',14001,50386,222500
'14MF2',14001,50386,225900
'14MF2',14001,50386,233000
'14MF2',14001,50386,240300
'14MF2',14001,50386,243300
'14MF2',14001,50386,250500
'14MF2',14001,50386,253400
'14MF3',14001,50386,60400
'14MF3',14001,50386,63600
'14MF3',14001,50386,70700
'14MF3',14001,50386,73900
'14MF3',14001,50386,81000
'14MF3',14001,50386,84300
'14MF3',14001,50386,91700
'14MF3',14001,50386,94100
'14MF3',14001,50386,100700
'14MF3',14001,50386,103200
'14MF3',14001,50386,105700
'14MF3',14001,50386,112400
'14MF3',14001,50386,114900
'14MF3',14001,50386,121400
'14MF3',14001,50386,123000
'14MF3',14001,50386,125300
'14MF3',14001,50386,132300
'14MF3',14001,50386,135200
'14MF3',14001,50386,141700
'14MF3',14001,50386,144500
'14MF3',14001,50386,151500
'14MF3',14001,50386,153900
'14MF3',14001,50386,160700
'14MF3',14001,50386,163700
'14MF3',14001,50386,165900
'14MF3',14001,50386,172600
'14MF3',14001,50386,175300
'14MF3',14001,50386,181600
'14MF3',14001,50386,184100
'14MF3',14001,50386,190700
'14MF3',14001,50386,193000
'14MF3',14001,50386,195400
'14MF3',14001,50386,201800
'14MF3',14001,50386,204100
'14MF3',14001,50386,211500
'14MF3',14001,50386,215100
'14MF3',14001,50386,222500
'14MF3',14001,50386,225900
'14MF3',14001,50386,233000
'14MF3',14001,50386,240300
'14MF3',14001,50386,243300
'14MF3',14001,50386,250500
'14MF3',14001,50386,253400
'14MI',14001,50386,60400
'14MI',14001,50386,63600
'14MI',14001,50386,70700
'14MI',14001,50386,73900
'14MI',14001,50386,81000
'14MI',14001,50386,84300
'14MI',14001,50386,91700
'14MI',14001,50386,94100
'14MI',14001,50386,100700
'14MI',14001,50386,103200
'14MI',14001,50386,105700
'14MI',14001,50386,112400
'14MI',14001,50386,114900
'14MI',14001,50386,121400
'14MI',14001,50386,123000
'14MI',14001,50386,125300
'14MI',14001,50386,132300
'14MI',14001,50386,135200
'14MI',14001,50386,141700
'14MI',14001,50386,144500
'14MI',14001,50386,151500
'14MI',14001,50386,153900
'14MI',14001,50386,160700
'14MI',14001,50386,163700
'14MI',14001,50386,165900
'14MI',14001,50386,172600
'14MI',14001,50386,175300
'14MI',14001,50386,181600
'14MI',14001,50386,184100
'14MI',14001,50386,190700
'14MI',14001,50386,193000
'14MI',14001,50386,195400
'14MI',14001,50386,201800
'14MI',14001,50386,204100
'14MI',14001,50386,211500
'14MI',14001,50386,215100
'14MI',14001,50386,222500
'14MI',14001,50386,225900
'14MI',14001,50386,233000
'14MI',14001,50386,240300
'14MI',14001,50386,243300
'14MI',14001,50386,250500
'14MI',14001,50386,253400
'14MS',14001,50386,53900
'14MS',14001,50386,60900
'14MS',14001,50386,63900
'14MS',14001,50386,71000
'14MS',14001,50386,74000
'14MS',14001,50386,81000
'14MS',14001,50386,84000
'14MS',14001,50386,91000
'14MS',14001,50386,94000
'14MS',14001,50386,101000
'14MS',14001,50386,103800
'14MS',14001,50386,110700
'14MS',14001,50386,113500
'14MS',14001,50386,120500
'14MS',14001,50386,122500
'14MS',14001,50386,124500
'14MS',14001,50386,130500
'14MS',14001,50386,132500
'14MS',14001,50386,134600
'14MS',14001,50386,140600
'14MS',14001,50386,142600
'14MS',14001,50386,144700
'14MS',14001,50386,150800
'14MS',14001,50386,152800
'14MS',14001,50386,154800
'14MS',14001,50386,160800
'14MS',14001,50386,162900
'14MS',14001,50386,164400
'14MS',14001,50386,165900
'14MS',14001,50386,171400
'14MS',14001,50386,173200
'14MS',14001,50386,175200
'14MS',14001,50386,181200
'14MS',14001,50386,183500
'14MS',14001,50386,190500
'14MS',14001,50386,193300
'14MS',14001,50386,200000
'14MS',14001,50386,202700
'14MS',14001,50386,205500
'14MS',14001,50386,213200
'14MS',14001,50386,220800
'14MS',14001,50386,224500
'14MS',14001,50386,231900
'14MS',14001,50386,235300
'14MS',14001,50386,242800
'14MS',14001,50386,250400
'14MS',14001,50386,253400
