'14NA',3103,50793,51200
'14NA',3103,50793,55700
'14NA',3103,50793,62700
'14NA',3103,50793,65700
'14NA',3103,50793,72700
'14NA',3103,50793,75700
'14NA',3103,50793,82700
'14NA',3103,50793,85700
'14NA',3103,50793,92700
'14NA',3103,50793,95800
'14NA',3103,50793,102800
'14NA',3103,50793,105800
'14NA',3103,50793,112800
'14NA',3103,50793,115800
'14NA',3103,50793,122800
'14NA',3103,50793,125800
'14NA',3103,50793,132800
'14NA',3103,50793,135800
'14NA',3103,50793,142800
'14NA',3103,50793,145800
'14NA',3103,50793,152800
'14NA',3103,50793,155900
'14NA',3103,50793,162900
'14NA',3103,50793,165900
'14NA',3103,50793,172900
'14NA',3103,50793,175900
'14NA',3103,50793,182900
'14NA',3103,50793,185800
'14NA',3103,50793,192800
'14NF1',3103,50793,51100
'14NF1',3103,50793,55600
'14NF1',3103,50793,62600
'14NF1',3103,50793,65700
'14NF1',3103,50793,72700
'14NF1',3103,50793,75700
'14NF1',3103,50793,82700
'14NF1',3103,50793,85700
'14NF1',3103,50793,92700
'14NF1',3103,50793,95700
'14NF1',3103,50793,102700
'14NF1',3103,50793,105700
'14NF1',3103,50793,112700
'14NF1',3103,50793,115700
'14NF1',3103,50793,122800
'14NF1',3103,50793,125800
'14NF1',3103,50793,132800
'14NF1',3103,50793,135800
'14NF1',3103,50793,142800
'14NF1',3103,50793,145800
'14NF1',3103,50793,152800
'14NF1',3103,50793,155800
'14NF1',3103,50793,162800
'14NF1',3103,50793,165800
'14NF1',3103,50793,172800
'14NF1',3103,50793,175800
'14NF1',3103,50793,182800
'14NF1',3103,50793,185800
'14NF1',3103,50793,192700
'14NF2',3103,50793,51200
'14NF2',3103,50793,55700
'14NF2',3103,50793,62700
'14NF2',3103,50793,65700
'14NF2',3103,50793,72700
'14NF2',3103,50793,75700
'14NF2',3103,50793,82700
'14NF2',3103,50793,85700
'14NF2',3103,50793,92700
'14NF2',3103,50793,95800
'14NF2',3103,50793,102800
'14NF2',3103,50793,105800
'14NF2',3103,50793,112800
'14NF2',3103,50793,115800
'14NF2',3103,50793,122800
'14NF2',3103,50793,125800
'14NF2',3103,50793,132800
'14NF2',3103,50793,135800
'14NF2',3103,50793,142800
'14NF2',3103,50793,145800
'14NF2',3103,50793,152800
'14NF2',3103,50793,155900
'14NF2',3103,50793,162900
'14NF2',3103,50793,165900
'14NF2',3103,50793,172900
'14NF2',3103,50793,175900
'14NF2',3103,50793,182900
'14NF2',3103,50793,185800
'14NF2',3103,50793,192800
'14NF3',3103,50793,51100
'14NF3',3103,50793,55600
'14NF3',3103,50793,62600
'14NF3',3103,50793,65700
'14NF3',3103,50793,72700
'14NF3',3103,50793,75700
'14NF3',3103,50793,82700
'14NF3',3103,50793,85700
'14NF3',3103,50793,92700
'14NF3',3103,50793,95700
'14NF3',3103,50793,102700
'14NF3',3103,50793,105700
'14NF3',3103,50793,112700
'14NF3',3103,50793,115700
'14NF3',3103,50793,122800
'14NF3',3103,50793,125800
'14NF3',3103,50793,132800
'14NF3',3103,50793,135800
'14NF3',3103,50793,142800
'14NF3',3103,50793,145800
'14NF3',3103,50793,152800
'14NF3',3103,50793,155800
'14NF3',3103,50793,162800
'14NF3',3103,50793,165800
'14NF3',3103,50793,172800
'14NF3',3103,50793,175800
'14NF3',3103,50793,182800
'14NF3',3103,50793,185800
'14NF3',3103,50793,192700
'14NF4',3103,50793,51200
'14NF4',3103,50793,55700
'14NF4',3103,50793,62700
'14NF4',3103,50793,65700
'14NF4',3103,50793,72700
'14NF4',3103,50793,75700
'14NF4',3103,50793,82700
'14NF4',3103,50793,85700
'14NF4',3103,50793,92700
'14NF4',3103,50793,95800
'14NF4',3103,50793,102800
'14NF4',3103,50793,105800
'14NF4',3103,50793,112800
'14NF4',3103,50793,115800
'14NF4',3103,50793,122800
'14NF4',3103,50793,125800
'14NF4',3103,50793,132800
'14NF4',3103,50793,135800
'14NF4',3103,50793,142800
'14NF4',3103,50793,145800
'14NF4',3103,50793,152800
'14NF4',3103,50793,155900
'14NF4',3103,50793,162900
'14NF4',3103,50793,165900
'14NF4',3103,50793,172900
'14NF4',3103,50793,175900
'14NF4',3103,50793,182900
'14NF4',3103,50793,185800
'14NF4',3103,50793,192800
'14NI',3103,50793,51100
'14NI',3103,50793,55600
'14NI',3103,50793,62600
'14NI',3103,50793,65700
'14NI',3103,50793,72700
'14NI',3103,50793,75700
'14NI',3103,50793,82700
'14NI',3103,50793,85700
'14NI',3103,50793,92700
'14NI',3103,50793,95700
'14NI',3103,50793,102700
'14NI',3103,50793,105700
'14NI',3103,50793,112700
'14NI',3103,50793,115700
'14NI',3103,50793,122800
'14NI',3103,50793,125800
'14NI',3103,50793,132800
'14NI',3103,50793,135800
'14NI',3103,50793,142800
'14NI',3103,50793,145800
'14NI',3103,50793,152800
'14NI',3103,50793,155800
'14NI',3103,50793,162800
'14NI',3103,50793,165800
'14NI',3103,50793,172800
'14NI',3103,50793,175800
'14NI',3103,50793,182800
'14NI',3103,50793,185800
'14NI',3103,50793,192700
'14NS',3103,50793,51400
'14NS',3103,50793,54700
'14NS',3103,50793,61900
'14NS',3103,50793,65100
'14NS',3103,50793,72300
'14NS',3103,50793,75600
'14NS',3103,50793,82800
'14NS',3103,50793,85900
'14NS',3103,50793,92900
'14NS',3103,50793,95800
'14NS',3103,50793,102800
'14NS',3103,50793,105700
'14NS',3103,50793,112700
'14NS',3103,50793,115700
'14NS',3103,50793,122700
'14NS',3103,50793,125700
'14NS',3103,50793,132700
'14NS',3103,50793,135700
'14NS',3103,50793,142800
'14NS',3103,50793,145900
'14NS',3103,50793,153000
'14NS',3103,50793,160100
'14NS',3103,50793,163500
'14NS',3103,50793,170900
'14NS',3103,50793,174300
'14NS',3103,50793,181500
'14NS',3103,50793,184600
'14NS',3103,50793,191500
'14NS',3103,50793,194300
'14NS',3103,50793,201100
'14NS',3103,50793,203700
'14NS',3103,50793,210300
'14NS',3103,50793,212900
'14NS',3103,50793,215500
'14NS',3103,50793,222100
'14NS',3103,50793,224700
'14NS',3103,50793,231300
'14NS',3103,50793,233900
'14NS',3103,50793,240500
'14NS',3103,50793,243100
'14NS',3103,50793,245800
'14NS',3103,50793,252500
'14NA',36103,50793,253400
'14NA',36103,50793,254400
'14NA',36103,50793,255400
'14NA',36103,50793,260400
'14NA',36103,50793,261000
'14NA',36103,50793,261500
'14NA',36103,50793,262000
'14NA',36103,50793,262500
'14NA',36103,50793,263000
'14NA',36103,50793,263600
'14NA',36103,50793,264300
'14NA',36103,50793,264900
'14NA',36103,50793,265500
'14NA',36103,50793,270100
'14NA',36103,50793,270600
'14NA',36103,50793,271000
'14NA',36103,50793,271400
'14NA',36103,50793,271800
'14NA',36103,50793,272200
'14NA',36103,50793,272600
'14NA',36103,50793,273000
'14NA',36103,50793,273400
'14NA',36103,50793,273800
'14NA',36103,50793,274200
'14NA',36103,50793,274700
'14NA',36103,50793,275100
'14NA',36103,50793,275500
'14NA',36103,50793,280000
'14NA',36103,50793,280800
'14NA',36103,50793,281700
'14NA',36103,50793,282600
'14NA',36103,50793,283600
'14NA',36103,50793,284700
'14NA',36103,50793,290200
'14NF1',36103,50793,251100
'14NF1',36103,50793,255700
'14NF1',36103,50793,264200
'14NF1',36103,50793,272600
'14NF1',36103,50793,281100
'14NF1',36103,50793,285600
'14NF2',36103,50793,253400
'14NF2',36103,50793,254400
'14NF2',36103,50793,255400
'14NF2',36103,50793,260400
'14NF2',36103,50793,261000
'14NF2',36103,50793,261500
'14NF2',36103,50793,262000
'14NF2',36103,50793,262500
'14NF2',36103,50793,263000
'14NF2',36103,50793,263600
'14NF2',36103,50793,264300
'14NF2',36103,50793,264900
'14NF2',36103,50793,265500
'14NF2',36103,50793,270100
'14NF2',36103,50793,270600
'14NF2',36103,50793,271000
'14NF2',36103,50793,271400
'14NF2',36103,50793,271800
'14NF2',36103,50793,272200
'14NF2',36103,50793,272600
'14NF2',36103,50793,273000
'14NF2',36103,50793,273400
'14NF2',36103,50793,273800
'14NF2',36103,50793,274200
'14NF2',36103,50793,274700
'14NF2',36103,50793,275100
'14NF2',36103,50793,275500
'14NF2',36103,50793,280000
'14NF2',36103,50793,280800
'14NF2',36103,50793,281700
'14NF2',36103,50793,282600
'14NF2',36103,50793,283600
'14NF2',36103,50793,284700
'14NF2',36103,50793,290200
'14NF3',36103,50793,251100
'14NF3',36103,50793,255700
'14NF3',36103,50793,264200
'14NF3',36103,50793,272600
'14NF3',36103,50793,281100
'14NF3',36103,50793,285600
'14NF4',36103,50793,253400
'14NF4',36103,50793,254400
'14NF4',36103,50793,255400
'14NF4',36103,50793,260400
'14NF4',36103,50793,261000
'14NF4',36103,50793,261500
'14NF4',36103,50793,262000
'14NF4',36103,50793,262500
'14NF4',36103,50793,263000
'14NF4',36103,50793,263600
'14NF4',36103,50793,264300
'14NF4',36103,50793,264900
'14NF4',36103,50793,265500
'14NF4',36103,50793,270100
'14NF4',36103,50793,270600
'14NF4',36103,50793,271000
'14NF4',36103,50793,271400
'14NF4',36103,50793,271800
'14NF4',36103,50793,272200
'14NF4',36103,50793,272600
'14NF4',36103,50793,273000
'14NF4',36103,50793,273400
'14NF4',36103,50793,273800
'14NF4',36103,50793,274200
'14NF4',36103,50793,274700
'14NF4',36103,50793,275100
'14NF4',36103,50793,275500
'14NF4',36103,50793,280000
'14NF4',36103,50793,280800
'14NF4',36103,50793,281700
'14NF4',36103,50793,282600
'14NF4',36103,50793,283600
'14NF4',36103,50793,284700
'14NF4',36103,50793,290200
'14NI',36103,50793,251100
'14NI',36103,50793,255700
'14NI',36103,50793,264200
'14NI',36103,50793,272600
'14NI',36103,50793,281100
'14NI',36103,50793,285600
'14NS',36103,50793,251700
'14NS',36103,50793,252500
'14NS',36103,50793,253000
'14NS',36103,50793,253500
'14NS',36103,50793,254000
'14NS',36103,50793,254700
'14NS',36103,50793,254900
'14NS',36103,50793,255100
'14NS',36103,50793,255600
'14NS',36103,50793,260000
'14NS',36103,50793,260500
'14NS',36103,50793,261000
'14NS',36103,50793,261400
'14NS',36103,50793,261800
'14NS',36103,50793,262300
'14NS',36103,50793,262800
'14NS',36103,50793,263300
'14NS',36103,50793,263800
'14NS',36103,50793,264500
'14NS',36103,50793,265100
'14NS',36103,50793,265700
'14NS',36103,50793,270300
'14NS',36103,50793,270900
'14NS',36103,50793,271500
'14NS',36103,50793,272300
'14NS',36103,50793,273100
'14NS',36103,50793,273500
'14NS',36103,50793,273900
'14NS',36103,50793,274900
'14NS',36103,50793,275400
'14NS',36103,50793,275900
'14NS',36103,50793,280700
'14NS',36103,50793,281400
'14NS',36103,50793,285800
