'14SA',12101,50404,52000
'14SA',12101,50404,55100
'14SA',12101,50404,62300
'14SA',12101,50404,65400
'14SA',12101,50404,72500
'14SA',12101,50404,75500
'14SA',12101,50404,81700
'14SA',12101,50404,83800
'14SA',12101,50404,85800
'14SA',12101,50404,91800
'14SA',12101,50404,93900
'14SA',12101,50404,95900
'14SA',12101,50404,101700
'14SA',12101,50404,103200
'14SA',12101,50404,104700
'14SA',12101,50404,110200
'14SA',12101,50404,111900
'14SA',12101,50404,113400
'14SA',12101,50404,114900
'14SA',12101,50404,120400
'14SA',12101,50404,121900
'14SA',12101,50404,122900
'14SA',12101,50404,123900
'14SA',12101,50404,124900
'14SA',12101,50404,125900
'14SA',12101,50404,130900
'14SA',12101,50404,131900
'14SA',12101,50404,132900
'14SA',12101,50404,133900
'14SA',12101,50404,134900
'14SA',12101,50404,135800
'14SA',12101,50404,140700
'14SA',12101,50404,141500
'14SA',12101,50404,142300
'14SA',12101,50404,143000
'14SA',12101,50404,143700
'14SA',12101,50404,144300
'14SA',12101,50404,145100
'14SA',12101,50404,145900
'14SA',12101,50404,150600
'14SA',12101,50404,151300
'14SA',12101,50404,152000
'14SA',12101,50404,152700
'14SA',12101,50404,153400
'14SA',12101,50404,154100
'14SA',12101,50404,154800
'14SA',12101,50404,155500
'14SA',12101,50404,160100
'14SA',12101,50404,160800
'14SA',12101,50404,161500
'14SA',12101,50404,162300
'14SA',12101,50404,163100
'14SA',12101,50404,163900
'14SA',12101,50404,164500
'14SA',12101,50404,165200
'14SA',12101,50404,165800
'14SA',12101,50404,170400
'14SA',12101,50404,171000
'14SA',12101,50404,171600
'14SA',12101,50404,172300
'14SA',12101,50404,173000
'14SA',12101,50404,173500
'14SA',12101,50404,174000
'14SA',12101,50404,174500
'14SA',12101,50404,175000
'14SA',12101,50404,175700
'14SA',12101,50404,180400
'14SA',12101,50404,181100
'14SA',12101,50404,181800
'14SA',12101,50404,182600
'14SA',12101,50404,183600
'14SA',12101,50404,184600
'14SA',12101,50404,185600
'14SA',12101,50404,191100
'14SA',12101,50404,192500
'14SA',12101,50404,194300
'14SA',12101,50404,200300
'14SA',12101,50404,202300
'14SA',12101,50404,204300
'14SA',12101,50404,210700
'14SA',12101,50404,213200
'14SA',12101,50404,215700
'14SA',12101,50404,222200
'14SA',12101,50404,224600
'14SA',12101,50404,231600
'14SA',12101,50404,234600
'14SA',12101,50404,241600
'14SA',12101,50404,244400
'14SA',12101,50404,251500
'14SA',12101,50404,254700
'14SF1',12101,50404,52000
'14SF1',12101,50404,55100
'14SF1',12101,50404,62300
'14SF1',12101,50404,65400
'14SF1',12101,50404,72500
'14SF1',12101,50404,75500
'14SF1',12101,50404,81700
'14SF1',12101,50404,83800
'14SF1',12101,50404,85800
'14SF1',12101,50404,91800
'14SF1',12101,50404,93900
'14SF1',12101,50404,95900
'14SF1',12101,50404,101700
'14SF1',12101,50404,103200
'14SF1',12101,50404,104700
'14SF1',12101,50404,110200
'14SF1',12101,50404,111900
'14SF1',12101,50404,113400
'14SF1',12101,50404,114900
'14SF1',12101,50404,120400
'14SF1',12101,50404,121900
'14SF1',12101,50404,122900
'14SF1',12101,50404,123900
'14SF1',12101,50404,124900
'14SF1',12101,50404,125900
'14SF1',12101,50404,130900
'14SF1',12101,50404,131900
'14SF1',12101,50404,132900
'14SF1',12101,50404,133900
'14SF1',12101,50404,134900
'14SF1',12101,50404,135800
'14SF1',12101,50404,140700
'14SF1',12101,50404,141500
'14SF1',12101,50404,142300
'14SF1',12101,50404,143000
'14SF1',12101,50404,143700
'14SF1',12101,50404,144300
'14SF1',12101,50404,145100
'14SF1',12101,50404,145900
'14SF1',12101,50404,150600
'14SF1',12101,50404,151300
'14SF1',12101,50404,152000
'14SF1',12101,50404,152700
'14SF1',12101,50404,153400
'14SF1',12101,50404,154100
'14SF1',12101,50404,154800
'14SF1',12101,50404,155500
'14SF1',12101,50404,160100
'14SF1',12101,50404,160800
'14SF1',12101,50404,161500
'14SF1',12101,50404,162300
'14SF1',12101,50404,163100
'14SF1',12101,50404,163900
'14SF1',12101,50404,164500
'14SF1',12101,50404,165200
'14SF1',12101,50404,165800
'14SF1',12101,50404,170400
'14SF1',12101,50404,171000
'14SF1',12101,50404,171600
'14SF1',12101,50404,172300
'14SF1',12101,50404,173000
'14SF1',12101,50404,173500
'14SF1',12101,50404,174000
'14SF1',12101,50404,174500
'14SF1',12101,50404,175000
'14SF1',12101,50404,175700
'14SF1',12101,50404,180400
'14SF1',12101,50404,181100
'14SF1',12101,50404,181800
'14SF1',12101,50404,182600
'14SF1',12101,50404,183600
'14SF1',12101,50404,184600
'14SF1',12101,50404,185600
'14SF1',12101,50404,191100
'14SF1',12101,50404,192500
'14SF1',12101,50404,194300
'14SF1',12101,50404,200300
'14SF1',12101,50404,202300
'14SF1',12101,50404,204300
'14SF1',12101,50404,210700
'14SF1',12101,50404,213200
'14SF1',12101,50404,215700
'14SF1',12101,50404,222200
'14SF1',12101,50404,224600
'14SF1',12101,50404,231600
'14SF1',12101,50404,234600
'14SF1',12101,50404,241600
'14SF1',12101,50404,244400
'14SF1',12101,50404,251200
'14SF1',12101,50404,254100
'14SF2',12101,50404,52000
'14SF2',12101,50404,55100
'14SF2',12101,50404,62300
'14SF2',12101,50404,65400
'14SF2',12101,50404,72500
'14SF2',12101,50404,75500
'14SF2',12101,50404,81700
'14SF2',12101,50404,83800
'14SF2',12101,50404,85800
'14SF2',12101,50404,91800
'14SF2',12101,50404,93900
'14SF2',12101,50404,95900
'14SF2',12101,50404,101700
'14SF2',12101,50404,103200
'14SF2',12101,50404,104700
'14SF2',12101,50404,110200
'14SF2',12101,50404,111900
'14SF2',12101,50404,113400
'14SF2',12101,50404,114900
'14SF2',12101,50404,120400
'14SF2',12101,50404,121900
'14SF2',12101,50404,122900
'14SF2',12101,50404,123900
'14SF2',12101,50404,124900
'14SF2',12101,50404,125900
'14SF2',12101,50404,130900
'14SF2',12101,50404,131900
'14SF2',12101,50404,132900
'14SF2',12101,50404,133900
'14SF2',12101,50404,134900
'14SF2',12101,50404,135800
'14SF2',12101,50404,140700
'14SF2',12101,50404,141500
'14SF2',12101,50404,142300
'14SF2',12101,50404,143000
'14SF2',12101,50404,143700
'14SF2',12101,50404,144300
'14SF2',12101,50404,145100
'14SF2',12101,50404,145900
'14SF2',12101,50404,150600
'14SF2',12101,50404,151300
'14SF2',12101,50404,152000
'14SF2',12101,50404,152700
'14SF2',12101,50404,153400
'14SF2',12101,50404,154100
'14SF2',12101,50404,154800
'14SF2',12101,50404,155500
'14SF2',12101,50404,160100
'14SF2',12101,50404,160800
'14SF2',12101,50404,161500
'14SF2',12101,50404,162300
'14SF2',12101,50404,163100
'14SF2',12101,50404,163900
'14SF2',12101,50404,164500
'14SF2',12101,50404,165200
'14SF2',12101,50404,165800
'14SF2',12101,50404,170400
'14SF2',12101,50404,171000
'14SF2',12101,50404,171600
'14SF2',12101,50404,172300
'14SF2',12101,50404,173000
'14SF2',12101,50404,173500
'14SF2',12101,50404,174000
'14SF2',12101,50404,174500
'14SF2',12101,50404,175000
'14SF2',12101,50404,175700
'14SF2',12101,50404,180400
'14SF2',12101,50404,181100
'14SF2',12101,50404,181800
'14SF2',12101,50404,182600
'14SF2',12101,50404,183600
'14SF2',12101,50404,184600
'14SF2',12101,50404,185600
'14SF2',12101,50404,191100
'14SF2',12101,50404,192500
'14SF2',12101,50404,194300
'14SF2',12101,50404,200300
'14SF2',12101,50404,202300
'14SF2',12101,50404,204300
'14SF2',12101,50404,210700
'14SF2',12101,50404,213200
'14SF2',12101,50404,215700
'14SF2',12101,50404,222200
'14SF2',12101,50404,224600
'14SF2',12101,50404,231600
'14SF2',12101,50404,234600
'14SF2',12101,50404,241600
'14SF2',12101,50404,244400
'14SF2',12101,50404,251200
'14SF2',12101,50404,254100
'14SI',12101,50404,51900
'14SI',12101,50404,54900
'14SI',12101,50404,61900
'14SI',12101,50404,65200
'14SI',12101,50404,72200
'14SI',12101,50404,75500
'14SI',12101,50404,82500
'14SI',12101,50404,85900
'14SI',12101,50404,92900
'14SI',12101,50404,95000
'14SI',12101,50404,101100
'14SI',12101,50404,103100
'14SI',12101,50404,105100
'14SI',12101,50404,111100
'14SI',12101,50404,113100
'14SI',12101,50404,114600
'14SI',12101,50404,120100
'14SI',12101,50404,121600
'14SI',12101,50404,123100
'14SI',12101,50404,124600
'14SI',12101,50404,130100
'14SI',12101,50404,131700
'14SI',12101,50404,133300
'14SI',12101,50404,134400
'14SI',12101,50404,135500
'14SI',12101,50404,140600
'14SI',12101,50404,141600
'14SI',12101,50404,142400
'14SI',12101,50404,143100
'14SI',12101,50404,143800
'14SI',12101,50404,144800
'14SI',12101,50404,145800
'14SI',12101,50404,150700
'14SI',12101,50404,151500
'14SI',12101,50404,152500
'14SI',12101,50404,153500
'14SI',12101,50404,154500
'14SI',12101,50404,155500
'14SI',12101,50404,160200
'14SI',12101,50404,160800
'14SI',12101,50404,161400
'14SI',12101,50404,162300
'14SI',12101,50404,163300
'14SI',12101,50404,164300
'14SI',12101,50404,165200
'14SI',12101,50404,170000
'14SI',12101,50404,170700
'14SI',12101,50404,171400
'14SI',12101,50404,172000
'14SI',12101,50404,172600
'14SI',12101,50404,173200
'14SI',12101,50404,173800
'14SI',12101,50404,174500
'14SI',12101,50404,175300
'14SI',12101,50404,180000
'14SI',12101,50404,181000
'14SI',12101,50404,181900
'14SI',12101,50404,182900
'14SI',12101,50404,183900
'14SI',12101,50404,184800
'14SI',12101,50404,185700
'14SI',12101,50404,190500
'14SI',12101,50404,192000
'14SI',12101,50404,193500
'14SI',12101,50404,195100
'14SI',12101,50404,201400
'14SI',12101,50404,204100
'14SI',12101,50404,210900
'14SI',12101,50404,213600
'14SI',12101,50404,220500
'14SI',12101,50404,223500
'14SI',12101,50404,230300
'14SI',12101,50404,233200
'14SI',12101,50404,240400
'14SI',12101,50404,243600
'14SI',12101,50404,250500
'14SI',12101,50404,253800
'14SS',12101,50404,52700
'14SS',12101,50404,55700
'14SS',12101,50404,62700
'14SS',12101,50404,63800
'14SS',12101,50404,64900
'14SS',12101,50404,70100
'14SS',12101,50404,71100
'14SS',12101,50404,72000
'14SS',12101,50404,72700
'14SS',12101,50404,73400
'14SS',12101,50404,73900
'14SS',12101,50404,74400
'14SS',12101,50404,74900
'14SS',12101,50404,75600
'14SS',12101,50404,80300
'14SS',12101,50404,81100
'14SS',12101,50404,81900
'14SS',12101,50404,82600
'14SS',12101,50404,83300
'14SS',12101,50404,84000
'14SS',12101,50404,84700
'14SS',12101,50404,85700
'14SS',12101,50404,90700
'14SS',12101,50404,91700
'14SS',12101,50404,92700
'14SS',12101,50404,93700
'14SS',12101,50404,94700
'14SS',12101,50404,95700
'14SS',12101,50404,100700
'14SS',12101,50404,101700
'14SS',12101,50404,102700
'14SS',12101,50404,103500
'14SS',12101,50404,104300
'14SS',12101,50404,105100
'14SS',12101,50404,110100
'14SS',12101,50404,111100
'14SS',12101,50404,112100
'14SS',12101,50404,113100
'14SS',12101,50404,114100
'14SS',12101,50404,115100
'14SS',12101,50404,120100
'14SS',12101,50404,121100
'14SS',12101,50404,122100
'14SS',12101,50404,123000
'14SS',12101,50404,123900
'14SS',12101,50404,124800
'14SS',12101,50404,125600
'14SS',12101,50404,130400
'14SS',12101,50404,131300
'14SS',12101,50404,132300
'14SS',12101,50404,133300
'14SS',12101,50404,134300
'14SS',12101,50404,135300
'14SS',12101,50404,140300
'14SS',12101,50404,141200
'14SS',12101,50404,142100
'14SS',12101,50404,143000
'14SS',12101,50404,143800
'14SS',12101,50404,144800
'14SS',12101,50404,145600
'14SS',12101,50404,150400
'14SS',12101,50404,151200
'14SS',12101,50404,152100
'14SS',12101,50404,153000
'14SS',12101,50404,153800
'14SS',12101,50404,154500
'14SS',12101,50404,155100
'14SS',12101,50404,155600
'14SS',12101,50404,160100
'14SS',12101,50404,160600
'14SS',12101,50404,161100
'14SS',12101,50404,161600
'14SS',12101,50404,162100
'14SS',12101,50404,162600
'14SS',12101,50404,163200
'14SS',12101,50404,163700
'14SS',12101,50404,164300
'14SS',12101,50404,164800
'14SS',12101,50404,165300
'14SS',12101,50404,165800
'14SS',12101,50404,170300
'14SS',12101,50404,170800
'14SS',12101,50404,171300
'14SS',12101,50404,171700
'14SS',12101,50404,172200
'14SS',12101,50404,172700
'14SS',12101,50404,173200
'14SS',12101,50404,173600
'14SS',12101,50404,174100
'14SS',12101,50404,174500
'14SS',12101,50404,175100
'14SS',12101,50404,175600
'14SS',12101,50404,180400
'14SS',12101,50404,181100
'14SS',12101,50404,181800
'14SS',12101,50404,182600
'14SS',12101,50404,183400
'14SS',12101,50404,184200
'14SS',12101,50404,184800
'14SS',12101,50404,185600
'14SS',12101,50404,190500
'14SS',12101,50404,191500
'14SS',12101,50404,192500
'14SS',12101,50404,193500
'14SS',12101,50404,194500
'14SS',12101,50404,195500
'14SS',12101,50404,200500
'14SS',12101,50404,201500
'14SS',12101,50404,202500
'14SS',12101,50404,203300
'14SS',12101,50404,204300
'14SS',12101,50404,205300
'14SS',12101,50404,210300
'14SS',12101,50404,211300
'14SS',12101,50404,212300
'14SS',12101,50404,214300
'14SS',12101,50404,220300
'14SS',12101,50404,222300
'14SS',12101,50404,224100
'14SS',12101,50404,230100
'14SS',12101,50404,232100
'14SS',12101,50404,234100
'14SS',12101,50404,241000
'14SS',12101,50404,243900
'14SS',12101,50404,251000
'14SS',12101,50404,254100
'14SA',37801,50404,260200
'14SA',37801,50404,265300
'14SA',37801,50404,274600
'14SA',37801,50404,283500
'14SF1',37801,50404,260200
'14SF1',37801,50404,265300
'14SF1',37801,50404,274300
'14SF1',37801,50404,283400
'14SF2',37801,50404,260200
'14SF2',37801,50404,265300
'14SF2',37801,50404,274300
'14SF2',37801,50404,283400
'14SI',37801,50404,260200
'14SI',37801,50404,265300
'14SI',37801,50404,274300
'14SI',37801,50404,283400
'14SS',37801,50404,260200
'14SS',37801,50404,265300
'14SS',37801,50404,274300
'14SS',37801,50404,283400
