'15MA',1203,56679,82600
'15MA',1203,56679,84600
'15MA',1203,56679,90700
'15MA',1203,56679,92800
'15MA',1203,56679,94900
'15MA',1203,56679,101000
'15MA',1203,56679,103100
'15MA',1203,56679,105200
'15MA',1203,56679,111300
'15MA',1203,56679,113300
'15MA',1203,56679,115400
'15MA',1203,56679,121400
'15MA',1203,56679,123400
'15MA',1203,56679,125400
'15MA',1203,56679,131400
'15MA',1203,56679,133400
'15MA',1203,56679,135500
'15MA',1203,56679,141500
'15MA',1203,56679,143600
'15MA',1203,56679,145700
'15MA',1203,56679,151800
'15MA',1203,56679,153900
'15MA',1203,56679,160000
'15MA',1203,56679,162000
'15MA',1203,56679,164100
'15MA',1203,56679,170100
'15MA',1203,56679,172200
'15MA',1203,56679,174200
'15MA',1203,56679,180100
'15MA',1203,56679,182100
'15MA',1203,56679,184000
'15MA',1203,56679,190000
'15MA',1203,56679,191900
'15MA',1203,56679,193800
'15MA',1203,56679,195800
'15MA',1203,56679,201800
'15MA',1203,56679,203900
'15MA',1203,56679,210000
'15MA',1203,56679,212100
'15MA',1203,56679,214200
'15MA',1203,56679,220300
'15MA',1203,56679,222400
'15MA',1203,56679,224500
'15MA',1203,56679,230600
'15MF1',1203,56679,82600
'15MF1',1203,56679,84600
'15MF1',1203,56679,90700
'15MF1',1203,56679,92800
'15MF1',1203,56679,94900
'15MF1',1203,56679,101000
'15MF1',1203,56679,103100
'15MF1',1203,56679,105200
'15MF1',1203,56679,111300
'15MF1',1203,56679,113300
'15MF1',1203,56679,115400
'15MF1',1203,56679,121400
'15MF1',1203,56679,123400
'15MF1',1203,56679,125400
'15MF1',1203,56679,131400
'15MF1',1203,56679,133400
'15MF1',1203,56679,135500
'15MF1',1203,56679,141500
'15MF1',1203,56679,143600
'15MF1',1203,56679,145700
'15MF1',1203,56679,151800
'15MF1',1203,56679,153900
'15MF1',1203,56679,160000
'15MF1',1203,56679,162000
'15MF1',1203,56679,164100
'15MF1',1203,56679,170100
'15MF1',1203,56679,172200
'15MF1',1203,56679,174200
'15MF1',1203,56679,180100
'15MF1',1203,56679,182100
'15MF1',1203,56679,184000
'15MF1',1203,56679,190000
'15MF1',1203,56679,191900
'15MF1',1203,56679,193800
'15MF1',1203,56679,195800
'15MF1',1203,56679,201800
'15MF1',1203,56679,203900
'15MF1',1203,56679,210000
'15MF1',1203,56679,212100
'15MF1',1203,56679,214200
'15MF1',1203,56679,220300
'15MF1',1203,56679,222400
'15MF1',1203,56679,224500
'15MF1',1203,56679,230600
'15MF2',1203,56679,82600
'15MF2',1203,56679,84600
'15MF2',1203,56679,90700
'15MF2',1203,56679,92800
'15MF2',1203,56679,94900
'15MF2',1203,56679,101000
'15MF2',1203,56679,103100
'15MF2',1203,56679,105200
'15MF2',1203,56679,111300
'15MF2',1203,56679,113300
'15MF2',1203,56679,115400
'15MF2',1203,56679,121400
'15MF2',1203,56679,123400
'15MF2',1203,56679,125400
'15MF2',1203,56679,131400
'15MF2',1203,56679,133400
'15MF2',1203,56679,135500
'15MF2',1203,56679,141500
'15MF2',1203,56679,143600
'15MF2',1203,56679,145700
'15MF2',1203,56679,151800
'15MF2',1203,56679,153900
'15MF2',1203,56679,160000
'15MF2',1203,56679,162000
'15MF2',1203,56679,164100
'15MF2',1203,56679,170100
'15MF2',1203,56679,172200
'15MF2',1203,56679,174200
'15MF2',1203,56679,180100
'15MF2',1203,56679,182100
'15MF2',1203,56679,184000
'15MF2',1203,56679,190000
'15MF2',1203,56679,191900
'15MF2',1203,56679,193800
'15MF2',1203,56679,195800
'15MF2',1203,56679,201800
'15MF2',1203,56679,203900
'15MF2',1203,56679,210000
'15MF2',1203,56679,212100
'15MF2',1203,56679,214200
'15MF2',1203,56679,220300
'15MF2',1203,56679,222400
'15MF2',1203,56679,224500
'15MF2',1203,56679,230600
'15MF3',1203,56679,82600
'15MF3',1203,56679,84600
'15MF3',1203,56679,90700
'15MF3',1203,56679,92800
'15MF3',1203,56679,94900
'15MF3',1203,56679,101000
'15MF3',1203,56679,103100
'15MF3',1203,56679,105200
'15MF3',1203,56679,111300
'15MF3',1203,56679,113300
'15MF3',1203,56679,115400
'15MF3',1203,56679,121400
'15MF3',1203,56679,123400
'15MF3',1203,56679,125400
'15MF3',1203,56679,131400
'15MF3',1203,56679,133400
'15MF3',1203,56679,135500
'15MF3',1203,56679,141500
'15MF3',1203,56679,143600
'15MF3',1203,56679,145700
'15MF3',1203,56679,151800
'15MF3',1203,56679,153900
'15MF3',1203,56679,160000
'15MF3',1203,56679,162000
'15MF3',1203,56679,164100
'15MF3',1203,56679,170100
'15MF3',1203,56679,172200
'15MF3',1203,56679,174200
'15MF3',1203,56679,180100
'15MF3',1203,56679,182100
'15MF3',1203,56679,184000
'15MF3',1203,56679,190000
'15MF3',1203,56679,191900
'15MF3',1203,56679,193800
'15MF3',1203,56679,195800
'15MF3',1203,56679,201800
'15MF3',1203,56679,203900
'15MF3',1203,56679,210000
'15MF3',1203,56679,212100
'15MF3',1203,56679,214200
'15MF3',1203,56679,220300
'15MF3',1203,56679,222400
'15MF3',1203,56679,224500
'15MF3',1203,56679,230600
'15MI',1203,56679,82500
'15MI',1203,56679,84500
'15MI',1203,56679,90500
'15MI',1203,56679,92500
'15MI',1203,56679,94500
'15MI',1203,56679,100500
'15MI',1203,56679,102600
'15MI',1203,56679,104600
'15MI',1203,56679,110700
'15MI',1203,56679,112700
'15MI',1203,56679,114800
'15MI',1203,56679,120800
'15MI',1203,56679,122900
'15MI',1203,56679,124900
'15MI',1203,56679,131000
'15MI',1203,56679,133000
'15MI',1203,56679,135100
'15MI',1203,56679,141100
'15MI',1203,56679,143200
'15MI',1203,56679,145200
'15MI',1203,56679,151300
'15MI',1203,56679,153300
'15MI',1203,56679,155400
'15MI',1203,56679,161400
'15MI',1203,56679,163500
'15MI',1203,56679,165500
'15MI',1203,56679,171600
'15MI',1203,56679,173600
'15MI',1203,56679,175600
'15MI',1203,56679,181600
'15MI',1203,56679,183500
'15MI',1203,56679,185500
'15MI',1203,56679,191500
'15MI',1203,56679,193600
'15MI',1203,56679,195700
'15MI',1203,56679,201800
'15MI',1203,56679,203900
'15MI',1203,56679,210000
'15MI',1203,56679,212100
'15MI',1203,56679,214200
'15MI',1203,56679,220300
'15MI',1203,56679,222400
'15MI',1203,56679,224500
'15MI',1203,56679,230600
'15MS',1203,56679,60800
'15MS',1203,56679,63800
'15MS',1203,56679,70800
'15MS',1203,56679,72600
'15MS',1203,56679,74100
'15MS',1203,56679,75400
'15MS',1203,56679,80700
'15MS',1203,56679,83000
'15MS',1203,56679,85500
'15MS',1203,56679,91900
'15MS',1203,56679,94400
'15MS',1203,56679,100900
'15MS',1203,56679,103300
'15MS',1203,56679,105700
'15MS',1203,56679,112000
'15MS',1203,56679,114300
'15MS',1203,56679,120600
'15MS',1203,56679,122900
'15MS',1203,56679,125200
'15MS',1203,56679,131500
'15MS',1203,56679,133800
'15MS',1203,56679,140100
'15MS',1203,56679,142600
'15MS',1203,56679,145100
'15MS',1203,56679,151700
'15MS',1203,56679,154500
'15MS',1203,56679,161300
'15MS',1203,56679,164100
'15MS',1203,56679,170700
'15MS',1203,56679,173400
'15MS',1203,56679,180100
'15MS',1203,56679,182500
'15MS',1203,56679,184900
'15MS',1203,56679,191300
'15MS',1203,56679,193700
'15MS',1203,56679,200100
'15MS',1203,56679,202500
'15MS',1203,56679,204800
'15MS',1203,56679,211100
'15MS',1203,56679,213400
'15MS',1203,56679,215700
'15MS',1203,56679,222000
'15MS',1203,56679,224300
'15MS',1203,56679,230600
'15MA',16803,56679,70500
'15MA',16803,56679,72800
'15MA',16803,56679,75100
'15MA',16803,56679,81100
'15MA',16803,56679,83100
'15MA',16803,56679,85100
'15MA',16803,56679,91400
'15MA',16803,56679,93900
'15MA',16803,56679,100500
'15MA',16803,56679,103100
'15MA',16803,56679,105300
'15MA',16803,56679,111300
'15MA',16803,56679,113300
'15MA',16803,56679,115300
'15MA',16803,56679,121600
'15MA',16803,56679,123800
'15MA',16803,56679,130000
'15MA',16803,56679,132200
'15MA',16803,56679,134400
'15MA',16803,56679,140600
'15MA',16803,56679,142800
'15MA',16803,56679,145000
'15MA',16803,56679,151200
'15MA',16803,56679,154000
'15MA',16803,56679,160900
'15MA',16803,56679,163800
'15MA',16803,56679,170700
'15MA',16803,56679,173500
'15MA',16803,56679,180300
'15MA',16803,56679,183100
'15MA',16803,56679,190200
'15MA',16803,56679,193400
'15MA',16803,56679,200600
'15MA',16803,56679,203700
'15MA',16803,56679,210900
'15MA',16803,56679,214000
'15MA',16803,56679,221200
'15MA',16803,56679,224300
'15MA',16803,56679,231400
'15MA',16803,56679,234500
'15MA',16803,56679,241600
'15MA',16803,56679,244500
'15MA',16803,56679,251500
'15MA',16803,56679,254500
'15MA',16803,56679,261500
'15MF1',16803,56679,70500
'15MF1',16803,56679,72800
'15MF1',16803,56679,75100
'15MF1',16803,56679,81100
'15MF1',16803,56679,83100
'15MF1',16803,56679,85100
'15MF1',16803,56679,91400
'15MF1',16803,56679,93900
'15MF1',16803,56679,100500
'15MF1',16803,56679,103100
'15MF1',16803,56679,105300
'15MF1',16803,56679,111300
'15MF1',16803,56679,113300
'15MF1',16803,56679,115300
'15MF1',16803,56679,121600
'15MF1',16803,56679,123800
'15MF1',16803,56679,130000
'15MF1',16803,56679,132200
'15MF1',16803,56679,134400
'15MF1',16803,56679,140600
'15MF1',16803,56679,142800
'15MF1',16803,56679,145000
'15MF1',16803,56679,151200
'15MF1',16803,56679,154000
'15MF1',16803,56679,160900
'15MF1',16803,56679,163800
'15MF1',16803,56679,170700
'15MF1',16803,56679,173500
'15MF1',16803,56679,180300
'15MF1',16803,56679,183100
'15MF1',16803,56679,190200
'15MF1',16803,56679,193400
'15MF1',16803,56679,200600
'15MF1',16803,56679,203700
'15MF1',16803,56679,210900
'15MF1',16803,56679,214000
'15MF1',16803,56679,221200
'15MF1',16803,56679,224300
'15MF1',16803,56679,231400
'15MF1',16803,56679,234500
'15MF1',16803,56679,241600
'15MF1',16803,56679,244500
'15MF1',16803,56679,251500
'15MF1',16803,56679,254600
'15MF2',16803,56679,70500
'15MF2',16803,56679,72800
'15MF2',16803,56679,75100
'15MF2',16803,56679,81100
'15MF2',16803,56679,83100
'15MF2',16803,56679,85100
'15MF2',16803,56679,91400
'15MF2',16803,56679,93900
'15MF2',16803,56679,100500
'15MF2',16803,56679,103100
'15MF2',16803,56679,105300
'15MF2',16803,56679,111300
'15MF2',16803,56679,113300
'15MF2',16803,56679,115300
'15MF2',16803,56679,121600
'15MF2',16803,56679,123800
'15MF2',16803,56679,130000
'15MF2',16803,56679,132200
'15MF2',16803,56679,134400
'15MF2',16803,56679,140600
'15MF2',16803,56679,142800
'15MF2',16803,56679,145000
'15MF2',16803,56679,151200
'15MF2',16803,56679,154000
'15MF2',16803,56679,160900
'15MF2',16803,56679,163800
'15MF2',16803,56679,170700
'15MF2',16803,56679,173500
'15MF2',16803,56679,180300
'15MF2',16803,56679,183100
'15MF2',16803,56679,190200
'15MF2',16803,56679,193400
'15MF2',16803,56679,200600
'15MF2',16803,56679,203700
'15MF2',16803,56679,210900
'15MF2',16803,56679,214000
'15MF2',16803,56679,221200
'15MF2',16803,56679,224300
'15MF2',16803,56679,231400
'15MF2',16803,56679,234500
'15MF2',16803,56679,241600
'15MF2',16803,56679,244500
'15MF2',16803,56679,251500
'15MF2',16803,56679,254600
'15MF3',16803,56679,70500
'15MF3',16803,56679,72800
'15MF3',16803,56679,75100
'15MF3',16803,56679,81100
'15MF3',16803,56679,83100
'15MF3',16803,56679,85100
'15MF3',16803,56679,91400
'15MF3',16803,56679,93900
'15MF3',16803,56679,100500
'15MF3',16803,56679,103100
'15MF3',16803,56679,105300
'15MF3',16803,56679,111300
'15MF3',16803,56679,113300
'15MF3',16803,56679,115300
'15MF3',16803,56679,121600
'15MF3',16803,56679,123800
'15MF3',16803,56679,130000
'15MF3',16803,56679,132200
'15MF3',16803,56679,134400
'15MF3',16803,56679,140600
'15MF3',16803,56679,142800
'15MF3',16803,56679,145000
'15MF3',16803,56679,151200
'15MF3',16803,56679,154000
'15MF3',16803,56679,160900
'15MF3',16803,56679,163800
'15MF3',16803,56679,170700
'15MF3',16803,56679,173500
'15MF3',16803,56679,180300
'15MF3',16803,56679,183100
'15MF3',16803,56679,190200
'15MF3',16803,56679,193400
'15MF3',16803,56679,200600
'15MF3',16803,56679,203700
'15MF3',16803,56679,210900
'15MF3',16803,56679,214000
'15MF3',16803,56679,221200
'15MF3',16803,56679,224300
'15MF3',16803,56679,231400
'15MF3',16803,56679,234500
'15MF3',16803,56679,241600
'15MF3',16803,56679,244500
'15MF3',16803,56679,251500
'15MF3',16803,56679,254600
'15MI',16803,56679,70600
'15MI',16803,56679,73600
'15MI',16803,56679,80700
'15MI',16803,56679,83700
'15MI',16803,56679,90800
'15MI',16803,56679,93900
'15MI',16803,56679,101100
'15MI',16803,56679,104300
'15MI',16803,56679,111400
'15MI',16803,56679,114600
'15MI',16803,56679,121800
'15MI',16803,56679,125000
'15MI',16803,56679,132200
'15MI',16803,56679,135400
'15MI',16803,56679,142600
'15MI',16803,56679,145800
'15MI',16803,56679,153000
'15MI',16803,56679,160200
'15MI',16803,56679,163400
'15MI',16803,56679,170600
'15MI',16803,56679,173700
'15MI',16803,56679,181000
'15MI',16803,56679,184300
'15MI',16803,56679,191600
'15MI',16803,56679,194600
'15MI',16803,56679,201700
'15MI',16803,56679,204700
'15MI',16803,56679,211700
'15MI',16803,56679,214700
'15MI',16803,56679,221700
'15MI',16803,56679,224700
'15MI',16803,56679,231700
'15MI',16803,56679,234600
'15MI',16803,56679,241600
'15MI',16803,56679,244600
'15MI',16803,56679,251600
'15MI',16803,56679,254600
'15MS',16803,56679,60800
'15MS',16803,56679,63400
'15MS',16803,56679,65000
'15MS',16803,56679,70100
'15MS',16803,56679,70500
'15MS',16803,56679,71300
'15MS',16803,56679,72000
'15MS',16803,56679,72700
'15MS',16803,56679,72900
'15MS',16803,56679,73400
'15MS',16803,56679,74000
'15MS',16803,56679,74200
'15MS',16803,56679,74500
'15MS',16803,56679,74900
'15MS',16803,56679,75500
'15MS',16803,56679,80000
'15MS',16803,56679,80500
'15MS',16803,56679,81200
'15MS',16803,56679,81400
'15MS',16803,56679,81800
'15MS',16803,56679,82300
'15MS',16803,56679,83000
'15MS',16803,56679,83700
'15MS',16803,56679,84100
'15MS',16803,56679,84400
'15MS',16803,56679,85100
'15MS',16803,56679,90000
'15MS',16803,56679,90800
'15MS',16803,56679,91300
'15MS',16803,56679,91700
'15MS',16803,56679,92800
'15MS',16803,56679,94100
'15MS',16803,56679,95600
'15MS',16803,56679,101200
'15MS',16803,56679,102900
'15MS',16803,56679,104900
'15MS',16803,56679,110900
'15MS',16803,56679,112900
'15MS',16803,56679,114800
'15MS',16803,56679,120700
'15MS',16803,56679,122700
'15MS',16803,56679,124600
'15MS',16803,56679,130500
'15MS',16803,56679,132400
'15MS',16803,56679,134300
'15MS',16803,56679,140200
'15MS',16803,56679,142100
'15MS',16803,56679,144000
'15MS',16803,56679,150000
'15MS',16803,56679,152000
'15MS',16803,56679,153800
'15MS',16803,56679,155400
'15MS',16803,56679,160800
'15MS',16803,56679,161600
'15MS',16803,56679,162300
'15MS',16803,56679,163000
'15MS',16803,56679,163800
'15MS',16803,56679,164500
'15MS',16803,56679,165200
'15MS',16803,56679,170000
'15MS',16803,56679,170800
'15MS',16803,56679,171500
'15MS',16803,56679,172300
'15MS',16803,56679,173100
'15MS',16803,56679,174100
'15MS',16803,56679,175300
'15MS',16803,56679,180800
'15MS',16803,56679,183900
'15MS',16803,56679,190800
'15MS',16803,56679,193900
'15MS',16803,56679,201000
'15MS',16803,56679,204100
'15MS',16803,56679,211100
'15MS',16803,56679,214200
'15MS',16803,56679,221300
'15MS',16803,56679,224400
'15MS',16803,56679,231500
'15MS',16803,56679,234600
'15MS',16803,56679,241600
'15MS',16803,56679,244600
'15MS',16803,56679,251600
'15MS',16803,56679,254600
