'14UA',8501,54623,60900
'14UA',8501,54623,65100
'14UA',8501,54623,73500
'14UA',8501,54623,81800
'14UA',8501,54623,90200
'14UA',8501,54623,94700
'14UA',8501,54623,103300
'14UA',8501,54623,110700
'14UA',8501,54623,114000
'14UA',8501,54623,121300
'14UA',8501,54623,124600
'14UA',8501,54623,131900
'14UA',8501,54623,135200
'14UA',8501,54623,142400
'14UA',8501,54623,145700
'14UA',8501,54623,153000
'14UA',8501,54623,160200
'14UA',8501,54623,163500
'14UA',8501,54623,170800
'14UA',8501,54623,174000
'14UA',8501,54623,181300
'14UA',8501,54623,184600
'14UA',8501,54623,191800
'14UA',8501,54623,195100
'14UA',8501,54623,203400
'14UA',8501,54623,212100
'14UA',8501,54623,221000
'14UA',8501,54623,225900
'14UA',8501,54623,234800
'14UA',8501,54623,243700
'14UA',8501,54623,252500
'14UA',8501,54623,261200
'14UF1',8501,54623,60900
'14UF1',8501,54623,65100
'14UF1',8501,54623,73500
'14UF1',8501,54623,81800
'14UF1',8501,54623,90200
'14UF1',8501,54623,94700
'14UF1',8501,54623,103300
'14UF1',8501,54623,110700
'14UF1',8501,54623,114000
'14UF1',8501,54623,121300
'14UF1',8501,54623,124600
'14UF1',8501,54623,131900
'14UF1',8501,54623,135200
'14UF1',8501,54623,142400
'14UF1',8501,54623,145700
'14UF1',8501,54623,153000
'14UF1',8501,54623,160200
'14UF1',8501,54623,163500
'14UF1',8501,54623,170800
'14UF1',8501,54623,174000
'14UF1',8501,54623,181300
'14UF1',8501,54623,184600
'14UF1',8501,54623,191800
'14UF1',8501,54623,195100
'14UF1',8501,54623,203400
'14UF1',8501,54623,212100
'14UF1',8501,54623,221000
'14UF1',8501,54623,225900
'14UF1',8501,54623,235100
'14UF1',8501,54623,244700
'14UF1',8501,54623,254100
'14UF2',8501,54623,60900
'14UF2',8501,54623,65100
'14UF2',8501,54623,73500
'14UF2',8501,54623,81800
'14UF2',8501,54623,90200
'14UF2',8501,54623,94700
'14UF2',8501,54623,103300
'14UF2',8501,54623,110700
'14UF2',8501,54623,114000
'14UF2',8501,54623,121300
'14UF2',8501,54623,124600
'14UF2',8501,54623,131900
'14UF2',8501,54623,135200
'14UF2',8501,54623,142400
'14UF2',8501,54623,145700
'14UF2',8501,54623,153000
'14UF2',8501,54623,160200
'14UF2',8501,54623,163500
'14UF2',8501,54623,170800
'14UF2',8501,54623,174000
'14UF2',8501,54623,181300
'14UF2',8501,54623,184600
'14UF2',8501,54623,191800
'14UF2',8501,54623,195100
'14UF2',8501,54623,203400
'14UF2',8501,54623,212100
'14UF2',8501,54623,221000
'14UF2',8501,54623,225900
'14UF2',8501,54623,235100
'14UF2',8501,54623,244700
'14UF2',8501,54623,254100
'14UI',8501,54623,60900
'14UI',8501,54623,65000
'14UI',8501,54623,73500
'14UI',8501,54623,81900
'14UI',8501,54623,90300
'14UI',8501,54623,94700
'14UI',8501,54623,103100
'14UI',8501,54623,110400
'14UI',8501,54623,113800
'14UI',8501,54623,121000
'14UI',8501,54623,124200
'14UI',8501,54623,131400
'14UI',8501,54623,134600
'14UI',8501,54623,141800
'14UI',8501,54623,145100
'14UI',8501,54623,152300
'14UI',8501,54623,155500
'14UI',8501,54623,162700
'14UI',8501,54623,170100
'14UI',8501,54623,173300
'14UI',8501,54623,180500
'14UI',8501,54623,183600
'14UI',8501,54623,190800
'14UI',8501,54623,194200
'14UI',8501,54623,202500
'14UI',8501,54623,210900
'14UI',8501,54623,215400
'14UI',8501,54623,223700
'14UI',8501,54623,232000
'14UI',8501,54623,240700
'14UI',8501,54623,245400
'14UI',8501,54623,254100
'14US',8501,54623,53500
'14US',8501,54623,60700
'14US',8501,54623,64100
'14US',8501,54623,71400
'14US',8501,54623,74200
'14US',8501,54623,80600
'14US',8501,54623,83800
'14US',8501,54623,91000
'14US',8501,54623,94100
'14US',8501,54623,101200
'14US',8501,54623,104200
'14US',8501,54623,111200
'14US',8501,54623,114200
'14US',8501,54623,121200
'14US',8501,54623,124300
'14US',8501,54623,131400
'14US',8501,54623,134500
'14US',8501,54623,141500
'14US',8501,54623,144500
'14US',8501,54623,151500
'14US',8501,54623,154500
'14US',8501,54623,161400
'14US',8501,54623,164200
'14US',8501,54623,165500
'14US',8501,54623,170800
'14US',8501,54623,172100
'14US',8501,54623,173400
'14US',8501,54623,174700
'14US',8501,54623,175900
'14US',8501,54623,181200
'14US',8501,54623,182500
'14US',8501,54623,184100
'14US',8501,54623,191200
'14US',8501,54623,194500
'14US',8501,54623,202900
'14US',8501,54623,211400
'14US',8501,54623,215900
'14US',8501,54623,224300
'14US',8501,54623,232700
'14US',8501,54623,241200
'14US',8501,54623,245600
'14US',8501,54623,254000
'14UA',14101,54623,50400
'14UA',14101,54623,54000
'14UA',14101,54623,60700
'14UA',14101,54623,63300
'14UA',14101,54623,70300
'14UA',14101,54623,72900
'14UA',14101,54623,75600
'14UA',14101,54623,81100
'14UA',14101,54623,82600
'14UA',14101,54623,84200
'14UA',14101,54623,85900
'14UA',14101,54623,90700
'14UA',14101,54623,91500
'14UA',14101,54623,92300
'14UA',14101,54623,93000
'14UA',14101,54623,93700
'14UA',14101,54623,94500
'14UA',14101,54623,95300
'14UA',14101,54623,100100
'14UA',14101,54623,100900
'14UA',14101,54623,101600
'14UA',14101,54623,102400
'14UA',14101,54623,103100
'14UA',14101,54623,104000
'14UA',14101,54623,104800
'14UA',14101,54623,105500
'14UA',14101,54623,110300
'14UA',14101,54623,110700
'14UA',14101,54623,111100
'14UA',14101,54623,111500
'14UA',14101,54623,112100
'14UA',14101,54623,112700
'14UA',14101,54623,113400
'14UA',14101,54623,113900
'14UA',14101,54623,114400
'14UA',14101,54623,114900
'14UA',14101,54623,115400
'14UA',14101,54623,115900
'14UA',14101,54623,120400
'14UA',14101,54623,120900
'14UA',14101,54623,121400
'14UA',14101,54623,121800
'14UA',14101,54623,122400
'14UA',14101,54623,122900
'14UA',14101,54623,123400
'14UA',14101,54623,123900
'14UA',14101,54623,124500
'14UA',14101,54623,125000
'14UA',14101,54623,125600
'14UA',14101,54623,130200
'14UA',14101,54623,130600
'14UA',14101,54623,131100
'14UA',14101,54623,131700
'14UA',14101,54623,132200
'14UA',14101,54623,132700
'14UA',14101,54623,133200
'14UA',14101,54623,133600
'14UA',14101,54623,134100
'14UA',14101,54623,134500
'14UA',14101,54623,135000
'14UA',14101,54623,135400
'14UA',14101,54623,135800
'14UA',14101,54623,140300
'14UA',14101,54623,140800
'14UA',14101,54623,141300
'14UA',14101,54623,141800
'14UA',14101,54623,142300
'14UA',14101,54623,142800
'14UA',14101,54623,143300
'14UA',14101,54623,143800
'14UA',14101,54623,144300
'14UA',14101,54623,144800
'14UA',14101,54623,145300
'14UA',14101,54623,145800
'14UA',14101,54623,150300
'14UA',14101,54623,150800
'14UA',14101,54623,151300
'14UA',14101,54623,151800
'14UA',14101,54623,152300
'14UA',14101,54623,152800
'14UA',14101,54623,153300
'14UA',14101,54623,153800
'14UA',14101,54623,154300
'14UA',14101,54623,154700
'14UA',14101,54623,155200
'14UA',14101,54623,155700
'14UA',14101,54623,160100
'14UA',14101,54623,160500
'14UA',14101,54623,160900
'14UA',14101,54623,161300
'14UA',14101,54623,161800
'14UA',14101,54623,162200
'14UA',14101,54623,162600
'14UA',14101,54623,163000
'14UA',14101,54623,163500
'14UA',14101,54623,163900
'14UA',14101,54623,164200
'14UA',14101,54623,164600
'14UA',14101,54623,165000
'14UA',14101,54623,165400
'14UA',14101,54623,165800
'14UA',14101,54623,170300
'14UA',14101,54623,170700
'14UA',14101,54623,171200
'14UA',14101,54623,171600
'14UA',14101,54623,172000
'14UA',14101,54623,172400
'14UA',14101,54623,172800
'14UA',14101,54623,173300
'14UA',14101,54623,173600
'14UA',14101,54623,174000
'14UA',14101,54623,174400
'14UA',14101,54623,174700
'14UA',14101,54623,175200
'14UA',14101,54623,175600
'14UA',14101,54623,180100
'14UA',14101,54623,180700
'14UA',14101,54623,181200
'14UA',14101,54623,181800
'14UA',14101,54623,182400
'14UA',14101,54623,183000
'14UA',14101,54623,183600
'14UA',14101,54623,184200
'14UA',14101,54623,184700
'14UA',14101,54623,185300
'14UA',14101,54623,190000
'14UA',14101,54623,190800
'14UA',14101,54623,191500
'14UA',14101,54623,192300
'14UA',14101,54623,193000
'14UA',14101,54623,193700
'14UA',14101,54623,194400
'14UA',14101,54623,195200
'14UA',14101,54623,200000
'14UA',14101,54623,200800
'14UA',14101,54623,201700
'14UA',14101,54623,202600
'14UA',14101,54623,203400
'14UA',14101,54623,204200
'14UA',14101,54623,205000
'14UA',14101,54623,210000
'14UA',14101,54623,211500
'14UA',14101,54623,213000
'14UA',14101,54623,214500
'14UA',14101,54623,220000
'14UA',14101,54623,221500
'14UA',14101,54623,223100
'14UA',14101,54623,224500
'14UA',14101,54623,230000
'14UA',14101,54623,231600
'14UA',14101,54623,233200
'14UA',14101,54623,235000
'14UA',14101,54623,240800
'14UA',14101,54623,242500
'14UA',14101,54623,244300
'14UA',14101,54623,250400
'14UA',14101,54623,253100
'14UF1',14101,54623,50400
'14UF1',14101,54623,54000
'14UF1',14101,54623,60700
'14UF1',14101,54623,63300
'14UF1',14101,54623,70300
'14UF1',14101,54623,72900
'14UF1',14101,54623,75600
'14UF1',14101,54623,81100
'14UF1',14101,54623,82600
'14UF1',14101,54623,84200
'14UF1',14101,54623,85900
'14UF1',14101,54623,90700
'14UF1',14101,54623,91500
'14UF1',14101,54623,92300
'14UF1',14101,54623,93000
'14UF1',14101,54623,93700
'14UF1',14101,54623,94500
'14UF1',14101,54623,95300
'14UF1',14101,54623,100100
'14UF1',14101,54623,100900
'14UF1',14101,54623,101600
'14UF1',14101,54623,102400
'14UF1',14101,54623,103100
'14UF1',14101,54623,104000
'14UF1',14101,54623,104800
'14UF1',14101,54623,105500
'14UF1',14101,54623,110300
'14UF1',14101,54623,110700
'14UF1',14101,54623,111100
'14UF1',14101,54623,111500
'14UF1',14101,54623,112100
'14UF1',14101,54623,112700
'14UF1',14101,54623,113400
'14UF1',14101,54623,113900
'14UF1',14101,54623,114400
'14UF1',14101,54623,114900
'14UF1',14101,54623,115400
'14UF1',14101,54623,115900
'14UF1',14101,54623,120400
'14UF1',14101,54623,120900
'14UF1',14101,54623,121400
'14UF1',14101,54623,121800
'14UF1',14101,54623,122400
'14UF1',14101,54623,122900
'14UF1',14101,54623,123400
'14UF1',14101,54623,123900
'14UF1',14101,54623,124500
'14UF1',14101,54623,125000
'14UF1',14101,54623,125600
'14UF1',14101,54623,130200
'14UF1',14101,54623,130600
'14UF1',14101,54623,131100
'14UF1',14101,54623,131700
'14UF1',14101,54623,132200
'14UF1',14101,54623,132700
'14UF1',14101,54623,133200
'14UF1',14101,54623,133600
'14UF1',14101,54623,134100
'14UF1',14101,54623,134500
'14UF1',14101,54623,135000
'14UF1',14101,54623,135400
'14UF1',14101,54623,135800
'14UF1',14101,54623,140300
'14UF1',14101,54623,140800
'14UF1',14101,54623,141300
'14UF1',14101,54623,141800
'14UF1',14101,54623,142300
'14UF1',14101,54623,142800
'14UF1',14101,54623,143300
'14UF1',14101,54623,143800
'14UF1',14101,54623,144300
'14UF1',14101,54623,144800
'14UF1',14101,54623,145300
'14UF1',14101,54623,145800
'14UF1',14101,54623,150300
'14UF1',14101,54623,150800
'14UF1',14101,54623,151300
'14UF1',14101,54623,151800
'14UF1',14101,54623,152300
'14UF1',14101,54623,152800
'14UF1',14101,54623,153300
'14UF1',14101,54623,153800
'14UF1',14101,54623,154300
'14UF1',14101,54623,154700
'14UF1',14101,54623,155200
'14UF1',14101,54623,155700
'14UF1',14101,54623,160100
'14UF1',14101,54623,160500
'14UF1',14101,54623,160900
'14UF1',14101,54623,161300
'14UF1',14101,54623,161800
'14UF1',14101,54623,162200
'14UF1',14101,54623,162600
'14UF1',14101,54623,163000
'14UF1',14101,54623,163500
'14UF1',14101,54623,163900
'14UF1',14101,54623,164200
'14UF1',14101,54623,164600
'14UF1',14101,54623,165000
'14UF1',14101,54623,165400
'14UF1',14101,54623,165800
'14UF1',14101,54623,170300
'14UF1',14101,54623,170700
'14UF1',14101,54623,171200
'14UF1',14101,54623,171600
'14UF1',14101,54623,172000
'14UF1',14101,54623,172400
'14UF1',14101,54623,172800
'14UF1',14101,54623,173300
'14UF1',14101,54623,173600
'14UF1',14101,54623,174000
'14UF1',14101,54623,174400
'14UF1',14101,54623,174700
'14UF1',14101,54623,175200
'14UF1',14101,54623,175600
'14UF1',14101,54623,180100
'14UF1',14101,54623,180700
'14UF1',14101,54623,181200
'14UF1',14101,54623,181800
'14UF1',14101,54623,182400
'14UF1',14101,54623,183000
'14UF1',14101,54623,183600
'14UF1',14101,54623,184200
'14UF1',14101,54623,184700
'14UF1',14101,54623,185300
'14UF1',14101,54623,190000
'14UF1',14101,54623,190800
'14UF1',14101,54623,191500
'14UF1',14101,54623,192300
'14UF1',14101,54623,193000
'14UF1',14101,54623,193700
'14UF1',14101,54623,194400
'14UF1',14101,54623,195200
'14UF1',14101,54623,200000
'14UF1',14101,54623,200800
'14UF1',14101,54623,201700
'14UF1',14101,54623,202600
'14UF1',14101,54623,203400
'14UF1',14101,54623,204200
'14UF1',14101,54623,205000
'14UF1',14101,54623,210000
'14UF1',14101,54623,211500
'14UF1',14101,54623,213000
'14UF1',14101,54623,214500
'14UF1',14101,54623,220000
'14UF1',14101,54623,221500
'14UF1',14101,54623,223100
'14UF1',14101,54623,224500
'14UF1',14101,54623,230000
'14UF1',14101,54623,231600
'14UF1',14101,54623,233200
'14UF1',14101,54623,235000
'14UF1',14101,54623,240800
'14UF1',14101,54623,242500
'14UF1',14101,54623,244300
'14UF1',14101,54623,250300
'14UF2',14101,54623,50400
'14UF2',14101,54623,54000
'14UF2',14101,54623,60700
'14UF2',14101,54623,63300
'14UF2',14101,54623,70300
'14UF2',14101,54623,72900
'14UF2',14101,54623,75600
'14UF2',14101,54623,81100
'14UF2',14101,54623,82600
'14UF2',14101,54623,84200
'14UF2',14101,54623,85900
'14UF2',14101,54623,90700
'14UF2',14101,54623,91500
'14UF2',14101,54623,92300
'14UF2',14101,54623,93000
'14UF2',14101,54623,93700
'14UF2',14101,54623,94500
'14UF2',14101,54623,95300
'14UF2',14101,54623,100100
'14UF2',14101,54623,100900
'14UF2',14101,54623,101600
'14UF2',14101,54623,102400
'14UF2',14101,54623,103100
'14UF2',14101,54623,104000
'14UF2',14101,54623,104800
'14UF2',14101,54623,105500
'14UF2',14101,54623,110300
'14UF2',14101,54623,110700
'14UF2',14101,54623,111100
'14UF2',14101,54623,111500
'14UF2',14101,54623,112100
'14UF2',14101,54623,112700
'14UF2',14101,54623,113400
'14UF2',14101,54623,113900
'14UF2',14101,54623,114400
'14UF2',14101,54623,114900
'14UF2',14101,54623,115400
'14UF2',14101,54623,115900
'14UF2',14101,54623,120400
'14UF2',14101,54623,120900
'14UF2',14101,54623,121400
'14UF2',14101,54623,121800
'14UF2',14101,54623,122400
'14UF2',14101,54623,122900
'14UF2',14101,54623,123400
'14UF2',14101,54623,123900
'14UF2',14101,54623,124500
'14UF2',14101,54623,125000
'14UF2',14101,54623,125600
'14UF2',14101,54623,130200
'14UF2',14101,54623,130600
'14UF2',14101,54623,131100
'14UF2',14101,54623,131700
'14UF2',14101,54623,132200
'14UF2',14101,54623,132700
'14UF2',14101,54623,133200
'14UF2',14101,54623,133600
'14UF2',14101,54623,134100
'14UF2',14101,54623,134500
'14UF2',14101,54623,135000
'14UF2',14101,54623,135400
'14UF2',14101,54623,135800
'14UF2',14101,54623,140300
'14UF2',14101,54623,140800
'14UF2',14101,54623,141300
'14UF2',14101,54623,141800
'14UF2',14101,54623,142300
'14UF2',14101,54623,142800
'14UF2',14101,54623,143300
'14UF2',14101,54623,143800
'14UF2',14101,54623,144300
'14UF2',14101,54623,144800
'14UF2',14101,54623,145300
'14UF2',14101,54623,145800
'14UF2',14101,54623,150300
'14UF2',14101,54623,150800
'14UF2',14101,54623,151300
'14UF2',14101,54623,151800
'14UF2',14101,54623,152300
'14UF2',14101,54623,152800
'14UF2',14101,54623,153300
'14UF2',14101,54623,153800
'14UF2',14101,54623,154300
'14UF2',14101,54623,154700
'14UF2',14101,54623,155200
'14UF2',14101,54623,155700
'14UF2',14101,54623,160100
'14UF2',14101,54623,160500
'14UF2',14101,54623,160900
'14UF2',14101,54623,161300
'14UF2',14101,54623,161800
'14UF2',14101,54623,162200
'14UF2',14101,54623,162600
'14UF2',14101,54623,163000
'14UF2',14101,54623,163500
'14UF2',14101,54623,163900
'14UF2',14101,54623,164200
'14UF2',14101,54623,164600
'14UF2',14101,54623,165000
'14UF2',14101,54623,165400
'14UF2',14101,54623,165800
'14UF2',14101,54623,170300
'14UF2',14101,54623,170700
'14UF2',14101,54623,171200
'14UF2',14101,54623,171600
'14UF2',14101,54623,172000
'14UF2',14101,54623,172400
'14UF2',14101,54623,172800
'14UF2',14101,54623,173300
'14UF2',14101,54623,173600
'14UF2',14101,54623,174000
'14UF2',14101,54623,174400
'14UF2',14101,54623,174700
'14UF2',14101,54623,175200
'14UF2',14101,54623,175600
'14UF2',14101,54623,180100
'14UF2',14101,54623,180700
'14UF2',14101,54623,181200
'14UF2',14101,54623,181800
'14UF2',14101,54623,182400
'14UF2',14101,54623,183000
'14UF2',14101,54623,183600
'14UF2',14101,54623,184200
'14UF2',14101,54623,184700
'14UF2',14101,54623,185300
'14UF2',14101,54623,190000
'14UF2',14101,54623,190800
'14UF2',14101,54623,191500
'14UF2',14101,54623,192300
'14UF2',14101,54623,193000
'14UF2',14101,54623,193700
'14UF2',14101,54623,194400
'14UF2',14101,54623,195200
'14UF2',14101,54623,200000
'14UF2',14101,54623,200800
'14UF2',14101,54623,201700
'14UF2',14101,54623,202600
'14UF2',14101,54623,203400
'14UF2',14101,54623,204200
'14UF2',14101,54623,205000
'14UF2',14101,54623,210000
'14UF2',14101,54623,211500
'14UF2',14101,54623,213000
'14UF2',14101,54623,214500
'14UF2',14101,54623,220000
'14UF2',14101,54623,221500
'14UF2',14101,54623,223100
'14UF2',14101,54623,224500
'14UF2',14101,54623,230000
'14UF2',14101,54623,231600
'14UF2',14101,54623,233200
'14UF2',14101,54623,235000
'14UF2',14101,54623,240800
'14UF2',14101,54623,242500
'14UF2',14101,54623,244300
'14UF2',14101,54623,250300
'14UI',14101,54623,51000
'14UI',14101,54623,54500
'14UI',14101,54623,62100
'14UI',14101,54623,70000
'14UI',14101,54623,72800
'14UI',14101,54623,75500
'14UI',14101,54623,81500
'14UI',14101,54623,83600
'14UI',14101,54623,85700
'14UI',14101,54623,91000
'14UI',14101,54623,92200
'14UI',14101,54623,93400
'14UI',14101,54623,94700
'14UI',14101,54623,100100
'14UI',14101,54623,101200
'14UI',14101,54623,102000
'14UI',14101,54623,102800
'14UI',14101,54623,103600
'14UI',14101,54623,104400
'14UI',14101,54623,105200
'14UI',14101,54623,105900
'14UI',14101,54623,110700
'14UI',14101,54623,111400
'14UI',14101,54623,112200
'14UI',14101,54623,112900
'14UI',14101,54623,113600
'14UI',14101,54623,114300
'14UI',14101,54623,115100
'14UI',14101,54623,115800
'14UI',14101,54623,120400
'14UI',14101,54623,121000
'14UI',14101,54623,121600
'14UI',14101,54623,122200
'14UI',14101,54623,122800
'14UI',14101,54623,123300
'14UI',14101,54623,123800
'14UI',14101,54623,124200
'14UI',14101,54623,124700
'14UI',14101,54623,125300
'14UI',14101,54623,125800
'14UI',14101,54623,130300
'14UI',14101,54623,130800
'14UI',14101,54623,131300
'14UI',14101,54623,131800
'14UI',14101,54623,132300
'14UI',14101,54623,132800
'14UI',14101,54623,133300
'14UI',14101,54623,133800
'14UI',14101,54623,134300
'14UI',14101,54623,134800
'14UI',14101,54623,135300
'14UI',14101,54623,135800
'14UI',14101,54623,140300
'14UI',14101,54623,140800
'14UI',14101,54623,141300
'14UI',14101,54623,141800
'14UI',14101,54623,142300
'14UI',14101,54623,142700
'14UI',14101,54623,143300
'14UI',14101,54623,143800
'14UI',14101,54623,144300
'14UI',14101,54623,144700
'14UI',14101,54623,145300
'14UI',14101,54623,145800
'14UI',14101,54623,150300
'14UI',14101,54623,150800
'14UI',14101,54623,151300
'14UI',14101,54623,151800
'14UI',14101,54623,152300
'14UI',14101,54623,152800
'14UI',14101,54623,153200
'14UI',14101,54623,153600
'14UI',14101,54623,154000
'14UI',14101,54623,154500
'14UI',14101,54623,154900
'14UI',14101,54623,155300
'14UI',14101,54623,155800
'14UI',14101,54623,160400
'14UI',14101,54623,161000
'14UI',14101,54623,161600
'14UI',14101,54623,162200
'14UI',14101,54623,162800
'14UI',14101,54623,163400
'14UI',14101,54623,164000
'14UI',14101,54623,164600
'14UI',14101,54623,165200
'14UI',14101,54623,165800
'14UI',14101,54623,170500
'14UI',14101,54623,171300
'14UI',14101,54623,172000
'14UI',14101,54623,172800
'14UI',14101,54623,173400
'14UI',14101,54623,174100
'14UI',14101,54623,174700
'14UI',14101,54623,175500
'14UI',14101,54623,180200
'14UI',14101,54623,181000
'14UI',14101,54623,181700
'14UI',14101,54623,182500
'14UI',14101,54623,183200
'14UI',14101,54623,184000
'14UI',14101,54623,184700
'14UI',14101,54623,185500
'14UI',14101,54623,190400
'14UI',14101,54623,191300
'14UI',14101,54623,192300
'14UI',14101,54623,193300
'14UI',14101,54623,194200
'14UI',14101,54623,195100
'14UI',14101,54623,200100
'14UI',14101,54623,201000
'14UI',14101,54623,202000
'14UI',14101,54623,203200
'14UI',14101,54623,204400
'14UI',14101,54623,205500
'14UI',14101,54623,210700
'14UI',14101,54623,211900
'14UI',14101,54623,213400
'14UI',14101,54623,215200
'14UI',14101,54623,221200
'14UI',14101,54623,223200
'14UI',14101,54623,224900
'14UI',14101,54623,230900
'14UI',14101,54623,232900
'14UI',14101,54623,234900
'14UI',14101,54623,240800
'14UI',14101,54623,243000
'14UI',14101,54623,250000
'14US',14101,54623,51100
'14US',14101,54623,53200
'14US',14101,54623,54700
'14US',14101,54623,60000
'14US',14101,54623,61300
'14US',14101,54623,62700
'14US',14101,54623,63700
'14US',14101,54623,64700
'14US',14101,54623,65700
'14US',14101,54623,70800
'14US',14101,54623,71400
'14US',14101,54623,72100
'14US',14101,54623,72600
'14US',14101,54623,73200
'14US',14101,54623,73700
'14US',14101,54623,74200
'14US',14101,54623,75200
'14US',14101,54623,80000
'14US',14101,54623,80800
'14US',14101,54623,81600
'14US',14101,54623,82400
'14US',14101,54623,83400
'14US',14101,54623,84400
'14US',14101,54623,85400
'14US',14101,54623,90400
'14US',14101,54623,91400
'14US',14101,54623,92400
'14US',14101,54623,93400
'14US',14101,54623,94400
'14US',14101,54623,95300
'14US',14101,54623,100100
'14US',14101,54623,100800
'14US',14101,54623,101500
'14US',14101,54623,102100
'14US',14101,54623,102700
'14US',14101,54623,103300
'14US',14101,54623,103900
'14US',14101,54623,104500
'14US',14101,54623,105100
'14US',14101,54623,105700
'14US',14101,54623,110300
'14US',14101,54623,110900
'14US',14101,54623,111600
'14US',14101,54623,112300
'14US',14101,54623,112900
'14US',14101,54623,113500
'14US',14101,54623,114100
'14US',14101,54623,114700
'14US',14101,54623,115300
'14US',14101,54623,115900
'14US',14101,54623,120500
'14US',14101,54623,121100
'14US',14101,54623,121700
'14US',14101,54623,122200
'14US',14101,54623,122700
'14US',14101,54623,123200
'14US',14101,54623,123700
'14US',14101,54623,124200
'14US',14101,54623,124700
'14US',14101,54623,125300
'14US',14101,54623,125700
'14US',14101,54623,130300
'14US',14101,54623,130700
'14US',14101,54623,131200
'14US',14101,54623,131700
'14US',14101,54623,132200
'14US',14101,54623,132700
'14US',14101,54623,133200
'14US',14101,54623,133700
'14US',14101,54623,134200
'14US',14101,54623,134700
'14US',14101,54623,135200
'14US',14101,54623,135700
'14US',14101,54623,140200
'14US',14101,54623,140600
'14US',14101,54623,141000
'14US',14101,54623,141400
'14US',14101,54623,141800
'14US',14101,54623,142200
'14US',14101,54623,142700
'14US',14101,54623,143200
'14US',14101,54623,143600
'14US',14101,54623,144000
'14US',14101,54623,144500
'14US',14101,54623,145000
'14US',14101,54623,145400
'14US',14101,54623,145800
'14US',14101,54623,150300
'14US',14101,54623,150900
'14US',14101,54623,151500
'14US',14101,54623,152100
'14US',14101,54623,152800
'14US',14101,54623,153600
'14US',14101,54623,154200
'14US',14101,54623,154800
'14US',14101,54623,155400
'14US',14101,54623,160100
'14US',14101,54623,160700
'14US',14101,54623,161300
'14US',14101,54623,161900
'14US',14101,54623,162500
'14US',14101,54623,163100
'14US',14101,54623,163700
'14US',14101,54623,164300
'14US',14101,54623,164900
'14US',14101,54623,165500
'14US',14101,54623,170100
'14US',14101,54623,170600
'14US',14101,54623,171100
'14US',14101,54623,171600
'14US',14101,54623,171900
'14US',14101,54623,172300
'14US',14101,54623,172700
'14US',14101,54623,173000
'14US',14101,54623,173400
'14US',14101,54623,174000
'14US',14101,54623,174400
'14US',14101,54623,174900
'14US',14101,54623,175300
'14US',14101,54623,175800
'14US',14101,54623,180300
'14US',14101,54623,180900
'14US',14101,54623,181500
'14US',14101,54623,182000
'14US',14101,54623,182700
'14US',14101,54623,183300
'14US',14101,54623,183900
'14US',14101,54623,184500
'14US',14101,54623,185100
'14US',14101,54623,185700
'14US',14101,54623,190300
'14US',14101,54623,190900
'14US',14101,54623,191500
'14US',14101,54623,192100
'14US',14101,54623,192600
'14US',14101,54623,193300
'14US',14101,54623,194000
'14US',14101,54623,194600
'14US',14101,54623,195100
'14US',14101,54623,195900
'14US',14101,54623,200700
'14US',14101,54623,201400
'14US',14101,54623,202100
'14US',14101,54623,202900
'14US',14101,54623,203600
'14US',14101,54623,204400
'14US',14101,54623,205100
'14US',14101,54623,205900
'14US',14101,54623,210600
'14US',14101,54623,211400
'14US',14101,54623,212000
'14US',14101,54623,212800
'14US',14101,54623,213500
'14US',14101,54623,214300
'14US',14101,54623,215000
'14US',14101,54623,215800
'14US',14101,54623,220500
'14US',14101,54623,221000
'14US',14101,54623,221500
'14US',14101,54623,222500
'14US',14101,54623,223500
'14US',14101,54623,224500
'14US',14101,54623,225500
'14US',14101,54623,230700
'14US',14101,54623,231900
'14US',14101,54623,233800
'14US',14101,54623,235800
'14US',14101,54623,241800
'14US',14101,54623,243900
'14US',14101,54623,250100
