'14UA',10703,56580,50200
'14UA',10703,56580,52600
'14UA',10703,56580,55100
'14UA',10703,56580,61600
'14UA',10703,56580,64000
'14UA',10703,56580,70500
'14UA',10703,56580,73100
'14UA',10703,56580,75600
'14UA',10703,56580,82100
'14UA',10703,56580,84800
'14UA',10703,56580,91500
'14UA',10703,56580,94300
'14UA',10703,56580,101000
'14UA',10703,56580,103800
'14UA',10703,56580,110700
'14UA',10703,56580,113600
'14UA',10703,56580,120500
'14UA',10703,56580,123300
'14UA',10703,56580,130200
'14UA',10703,56580,133200
'14UA',10703,56580,140200
'14UA',10703,56580,143100
'14UA',10703,56580,150100
'14UA',10703,56580,153100
'14UA',10703,56580,160000
'14UA',10703,56580,163000
'14UA',10703,56580,170000
'14UA',10703,56580,173000
'14UA',10703,56580,180000
'14UA',10703,56580,182800
'14UA',10703,56580,185500
'14UA',10703,56580,192200
'14UA',10703,56580,194900
'14UA',10703,56580,201600
'14UA',10703,56580,204300
'14UA',10703,56580,211000
'14UA',10703,56580,213700
'14UA',10703,56580,220400
'14UA',10703,56580,223100
'14UA',10703,56580,225800
'14UA',10703,56580,232500
'14UA',10703,56580,235100
'14UA',10703,56580,241800
'14UA',10703,56580,244500
'14UA',10703,56580,251300
'14UF1',10703,56580,50300
'14UF1',10703,56580,52800
'14UF1',10703,56580,55200
'14UF1',10703,56580,61700
'14UF1',10703,56580,64300
'14UF1',10703,56580,70800
'14UF1',10703,56580,73300
'14UF1',10703,56580,75900
'14UF1',10703,56580,82300
'14UF1',10703,56580,85000
'14UF1',10703,56580,91600
'14UF1',10703,56580,94300
'14UF1',10703,56580,101000
'14UF1',10703,56580,103800
'14UF1',10703,56580,110600
'14UF1',10703,56580,113600
'14UF1',10703,56580,120600
'14UF1',10703,56580,123500
'14UF1',10703,56580,130400
'14UF1',10703,56580,133400
'14UF1',10703,56580,140400
'14UF1',10703,56580,143300
'14UF1',10703,56580,150300
'14UF1',10703,56580,153300
'14UF1',10703,56580,160200
'14UF1',10703,56580,163200
'14UF1',10703,56580,170200
'14UF1',10703,56580,173200
'14UF1',10703,56580,180100
'14UF1',10703,56580,182800
'14UF1',10703,56580,185500
'14UF1',10703,56580,192200
'14UF1',10703,56580,194900
'14UF1',10703,56580,201600
'14UF1',10703,56580,204300
'14UF1',10703,56580,211000
'14UF1',10703,56580,213700
'14UF1',10703,56580,220400
'14UF1',10703,56580,223100
'14UF1',10703,56580,225800
'14UF1',10703,56580,232500
'14UF1',10703,56580,235100
'14UF1',10703,56580,241900
'14UF1',10703,56580,244600
'14UF2',10703,56580,50300
'14UF2',10703,56580,52800
'14UF2',10703,56580,55200
'14UF2',10703,56580,61700
'14UF2',10703,56580,64300
'14UF2',10703,56580,70800
'14UF2',10703,56580,73300
'14UF2',10703,56580,75900
'14UF2',10703,56580,82300
'14UF2',10703,56580,85000
'14UF2',10703,56580,91600
'14UF2',10703,56580,94300
'14UF2',10703,56580,101000
'14UF2',10703,56580,103800
'14UF2',10703,56580,110600
'14UF2',10703,56580,113600
'14UF2',10703,56580,120600
'14UF2',10703,56580,123500
'14UF2',10703,56580,130400
'14UF2',10703,56580,133400
'14UF2',10703,56580,140400
'14UF2',10703,56580,143300
'14UF2',10703,56580,150300
'14UF2',10703,56580,153300
'14UF2',10703,56580,160200
'14UF2',10703,56580,163200
'14UF2',10703,56580,170200
'14UF2',10703,56580,173200
'14UF2',10703,56580,180100
'14UF2',10703,56580,182800
'14UF2',10703,56580,185500
'14UF2',10703,56580,192200
'14UF2',10703,56580,194900
'14UF2',10703,56580,201600
'14UF2',10703,56580,204300
'14UF2',10703,56580,211000
'14UF2',10703,56580,213700
'14UF2',10703,56580,220400
'14UF2',10703,56580,223100
'14UF2',10703,56580,225800
'14UF2',10703,56580,232500
'14UF2',10703,56580,235100
'14UF2',10703,56580,241900
'14UF2',10703,56580,244600
'14UI',10703,56580,50300
'14UI',10703,56580,52800
'14UI',10703,56580,55200
'14UI',10703,56580,61700
'14UI',10703,56580,64300
'14UI',10703,56580,70800
'14UI',10703,56580,73300
'14UI',10703,56580,75900
'14UI',10703,56580,82300
'14UI',10703,56580,85000
'14UI',10703,56580,91600
'14UI',10703,56580,94300
'14UI',10703,56580,101000
'14UI',10703,56580,103800
'14UI',10703,56580,110600
'14UI',10703,56580,113600
'14UI',10703,56580,120600
'14UI',10703,56580,123500
'14UI',10703,56580,130400
'14UI',10703,56580,133400
'14UI',10703,56580,140400
'14UI',10703,56580,143300
'14UI',10703,56580,150300
'14UI',10703,56580,153300
'14UI',10703,56580,160200
'14UI',10703,56580,163200
'14UI',10703,56580,170200
'14UI',10703,56580,173200
'14UI',10703,56580,180100
'14UI',10703,56580,182800
'14UI',10703,56580,185500
'14UI',10703,56580,192200
'14UI',10703,56580,194900
'14UI',10703,56580,201600
'14UI',10703,56580,204300
'14UI',10703,56580,211000
'14UI',10703,56580,213700
'14UI',10703,56580,220400
'14UI',10703,56580,223100
'14UI',10703,56580,225800
'14UI',10703,56580,232500
'14UI',10703,56580,235100
'14UI',10703,56580,241900
'14UI',10703,56580,244600
'14US',10703,56580,50400
'14US',10703,56580,53800
'14US',10703,56580,61400
'14US',10703,56580,65000
'14US',10703,56580,71300
'14US',10703,56580,72600
'14US',10703,56580,73800
'14US',10703,56580,75100
'14US',10703,56580,80500
'14US',10703,56580,81900
'14US',10703,56580,83600
'14US',10703,56580,90600
'14US',10703,56580,93400
'14US',10703,56580,100500
'14US',10703,56580,103300
'14US',10703,56580,110100
'14US',10703,56580,113200
'14US',10703,56580,120100
'14US',10703,56580,122900
'14US',10703,56580,130100
'14US',10703,56580,133100
'14US',10703,56580,140200
'14US',10703,56580,143500
'14US',10703,56580,150700
'14US',10703,56580,153900
'14US',10703,56580,161300
'14US',10703,56580,165500
'14US',10703,56580,172500
'14US',10703,56580,175900
'14US',10703,56580,183000
'14US',10703,56580,185900
'14US',10703,56580,192500
'14US',10703,56580,195000
'14US',10703,56580,201600
'14US',10703,56580,204400
'14US',10703,56580,211400
'14US',10703,56580,214400
'14US',10703,56580,221400
'14US',10703,56580,224300
'14US',10703,56580,231300
'14US',10703,56580,234400
'14US',10703,56580,241500
'14US',10703,56580,244700
