'15MA',16001,54014,62100
'15MA',16001,54014,65500
'15MA',16001,54014,72900
'15MA',16001,54014,80300
'15MA',16001,54014,83700
'15MA',16001,54014,91200
'15MA',16001,54014,94900
'15MA',16001,54014,102300
'15MA',16001,54014,105900
'15MA',16001,54014,113000
'15MA',16001,54014,120000
'15MA',16001,54014,123000
'15MA',16001,54014,125900
'15MA',16001,54014,132300
'15MA',16001,54014,134700
'15MA',16001,54014,141100
'15MA',16001,54014,143400
'15MA',16001,54014,145500
'15MA',16001,54014,151600
'15MA',16001,54014,153700
'15MA',16001,54014,155700
'15MA',16001,54014,161800
'15MA',16001,54014,164000
'15MA',16001,54014,170100
'15MA',16001,54014,172200
'15MA',16001,54014,174300
'15MA',16001,54014,180500
'15MA',16001,54014,182800
'15MA',16001,54014,185000
'15MA',16001,54014,191200
'15MA',16001,54014,193500
'15MA',16001,54014,195700
'15MA',16001,54014,201900
'15MA',16001,54014,204200
'15MA',16001,54014,211200
'15MA',16001,54014,214200
'15MA',16001,54014,221700
'15MA',16001,54014,225200
'15MA',16001,54014,232700
'15MA',16001,54014,240100
'15MA',16001,54014,243500
'15MA',16001,54014,250600
'15MA',16001,54014,253900
'15MA',16001,54014,261000
'15MA',16001,54014,264100
'15MF1',16001,54014,62100
'15MF1',16001,54014,65500
'15MF1',16001,54014,72900
'15MF1',16001,54014,80300
'15MF1',16001,54014,83700
'15MF1',16001,54014,91200
'15MF1',16001,54014,94900
'15MF1',16001,54014,102300
'15MF1',16001,54014,105900
'15MF1',16001,54014,113000
'15MF1',16001,54014,120000
'15MF1',16001,54014,123000
'15MF1',16001,54014,125900
'15MF1',16001,54014,132300
'15MF1',16001,54014,134700
'15MF1',16001,54014,141100
'15MF1',16001,54014,143400
'15MF1',16001,54014,145500
'15MF1',16001,54014,151600
'15MF1',16001,54014,153700
'15MF1',16001,54014,155700
'15MF1',16001,54014,161800
'15MF1',16001,54014,164000
'15MF1',16001,54014,170100
'15MF1',16001,54014,172200
'15MF1',16001,54014,174300
'15MF1',16001,54014,180500
'15MF1',16001,54014,182800
'15MF1',16001,54014,185000
'15MF1',16001,54014,191200
'15MF1',16001,54014,193500
'15MF1',16001,54014,195700
'15MF1',16001,54014,201900
'15MF1',16001,54014,204200
'15MF1',16001,54014,211200
'15MF1',16001,54014,214200
'15MF1',16001,54014,221700
'15MF1',16001,54014,225200
'15MF1',16001,54014,232700
'15MF1',16001,54014,240100
'15MF1',16001,54014,243500
'15MF1',16001,54014,250600
'15MF1',16001,54014,254000
'15MF2',16001,54014,62100
'15MF2',16001,54014,65500
'15MF2',16001,54014,72900
'15MF2',16001,54014,80300
'15MF2',16001,54014,83700
'15MF2',16001,54014,91200
'15MF2',16001,54014,94900
'15MF2',16001,54014,102300
'15MF2',16001,54014,105900
'15MF2',16001,54014,113000
'15MF2',16001,54014,120000
'15MF2',16001,54014,123000
'15MF2',16001,54014,125900
'15MF2',16001,54014,132300
'15MF2',16001,54014,134700
'15MF2',16001,54014,141100
'15MF2',16001,54014,143400
'15MF2',16001,54014,145500
'15MF2',16001,54014,151600
'15MF2',16001,54014,153700
'15MF2',16001,54014,155700
'15MF2',16001,54014,161800
'15MF2',16001,54014,164000
'15MF2',16001,54014,170100
'15MF2',16001,54014,172200
'15MF2',16001,54014,174300
'15MF2',16001,54014,180500
'15MF2',16001,54014,182800
'15MF2',16001,54014,185000
'15MF2',16001,54014,191200
'15MF2',16001,54014,193500
'15MF2',16001,54014,195700
'15MF2',16001,54014,201900
'15MF2',16001,54014,204200
'15MF2',16001,54014,211200
'15MF2',16001,54014,214200
'15MF2',16001,54014,221700
'15MF2',16001,54014,225200
'15MF2',16001,54014,232700
'15MF2',16001,54014,240100
'15MF2',16001,54014,243500
'15MF2',16001,54014,250600
'15MF2',16001,54014,254000
'15MF3',16001,54014,62100
'15MF3',16001,54014,65500
'15MF3',16001,54014,72900
'15MF3',16001,54014,80300
'15MF3',16001,54014,83700
'15MF3',16001,54014,91200
'15MF3',16001,54014,94900
'15MF3',16001,54014,102300
'15MF3',16001,54014,105900
'15MF3',16001,54014,113000
'15MF3',16001,54014,120000
'15MF3',16001,54014,123000
'15MF3',16001,54014,125900
'15MF3',16001,54014,132300
'15MF3',16001,54014,134700
'15MF3',16001,54014,141100
'15MF3',16001,54014,143400
'15MF3',16001,54014,145500
'15MF3',16001,54014,151600
'15MF3',16001,54014,153700
'15MF3',16001,54014,155700
'15MF3',16001,54014,161800
'15MF3',16001,54014,164000
'15MF3',16001,54014,170100
'15MF3',16001,54014,172200
'15MF3',16001,54014,174300
'15MF3',16001,54014,180500
'15MF3',16001,54014,182800
'15MF3',16001,54014,185000
'15MF3',16001,54014,191200
'15MF3',16001,54014,193500
'15MF3',16001,54014,195700
'15MF3',16001,54014,201900
'15MF3',16001,54014,204200
'15MF3',16001,54014,211200
'15MF3',16001,54014,214200
'15MF3',16001,54014,221700
'15MF3',16001,54014,225200
'15MF3',16001,54014,232700
'15MF3',16001,54014,240100
'15MF3',16001,54014,243500
'15MF3',16001,54014,250600
'15MF3',16001,54014,254000
'15MI',16001,54014,73100
'15MI',16001,54014,80600
'15MI',16001,54014,84100
'15MI',16001,54014,91600
'15MI',16001,54014,95500
'15MI',16001,54014,103100
'15MI',16001,54014,110500
'15MI',16001,54014,114200
'15MI',16001,54014,121600
'15MI',16001,54014,125000
'15MI',16001,54014,131800
'15MI',16001,54014,134600
'15MI',16001,54014,141300
'15MI',16001,54014,143400
'15MI',16001,54014,145400
'15MI',16001,54014,151500
'15MI',16001,54014,153600
'15MI',16001,54014,155700
'15MI',16001,54014,161800
'15MI',16001,54014,163900
'15MI',16001,54014,165800
'15MI',16001,54014,171800
'15MI',16001,54014,173800
'15MI',16001,54014,180600
'15MI',16001,54014,183300
'15MI',16001,54014,190000
'15MI',16001,54014,192900
'15MI',16001,54014,195800
'15MI',16001,54014,202700
'15MI',16001,54014,205600
'15MI',16001,54014,212200
'15MI',16001,54014,215700
'15MI',16001,54014,223100
'15MI',16001,54014,230400
'15MI',16001,54014,233600
'15MI',16001,54014,240800
'15MI',16001,54014,244000
'15MI',16001,54014,250700
'15MI',16001,54014,253800
'15MS',16001,54014,62900
'15MS',16001,54014,65900
'15MS',16001,54014,73000
'15MS',16001,54014,75700
'15MS',16001,54014,82400
'15MS',16001,54014,84800
'15MS',16001,54014,90700
'15MS',16001,54014,93400
'15MS',16001,54014,100600
'15MS',16001,54014,103700
'15MS',16001,54014,110700
'15MS',16001,54014,113800
'15MS',16001,54014,120800
'15MS',16001,54014,123900
'15MS',16001,54014,131000
'15MS',16001,54014,133800
'15MS',16001,54014,140500
'15MS',16001,54014,143300
'15MS',16001,54014,150300
'15MS',16001,54014,153000
'15MS',16001,54014,155200
'15MS',16001,54014,161300
'15MS',16001,54014,163600
'15MS',16001,54014,170000
'15MS',16001,54014,172400
'15MS',16001,54014,174800
'15MS',16001,54014,180900
'15MS',16001,54014,182500
'15MS',16001,54014,184100
'15MS',16001,54014,185600
'15MS',16001,54014,192000
'15MS',16001,54014,195000
'15MS',16001,54014,202000
'15MS',16001,54014,205000
'15MS',16001,54014,212000
'15MS',16001,54014,214800
'15MS',16001,54014,221500
'15MS',16001,54014,225000
'15MS',16001,54014,232600
'15MS',16001,54014,240100
'15MS',16001,54014,243500
'15MS',16001,54014,250900
'15MS',16001,54014,254400
