'14SA',13904,53157,52600
'14SA',13904,53157,55500
'14SA',13904,53157,62100
'14SA',13904,53157,64100
'14SA',13904,53157,70100
'14SA',13904,53157,72100
'14SA',13904,53157,73600
'14SA',13904,53157,75100
'14SA',13904,53157,80600
'14SA',13904,53157,81400
'14SA',13904,53157,82200
'14SA',13904,53157,83000
'14SA',13904,53157,83800
'14SA',13904,53157,84600
'14SA',13904,53157,85400
'14SA',13904,53157,90300
'14SA',13904,53157,91100
'14SA',13904,53157,92000
'14SA',13904,53157,92800
'14SA',13904,53157,93700
'14SA',13904,53157,94600
'14SA',13904,53157,95300
'14SA',13904,53157,100000
'14SA',13904,53157,100800
'14SA',13904,53157,101700
'14SA',13904,53157,102600
'14SA',13904,53157,103500
'14SA',13904,53157,104300
'14SA',13904,53157,105000
'14SA',13904,53157,105600
'14SA',13904,53157,110200
'14SA',13904,53157,110900
'14SA',13904,53157,111700
'14SA',13904,53157,112600
'14SA',13904,53157,113400
'14SA',13904,53157,114100
'14SA',13904,53157,114800
'14SA',13904,53157,115500
'14SA',13904,53157,120200
'14SA',13904,53157,120900
'14SA',13904,53157,121500
'14SA',13904,53157,122100
'14SA',13904,53157,122600
'14SA',13904,53157,123200
'14SA',13904,53157,123800
'14SA',13904,53157,124400
'14SA',13904,53157,125000
'14SA',13904,53157,125600
'14SA',13904,53157,130400
'14SA',13904,53157,131200
'14SA',13904,53157,131900
'14SA',13904,53157,132600
'14SA',13904,53157,133300
'14SA',13904,53157,134000
'14SA',13904,53157,134600
'14SA',13904,53157,135100
'14SA',13904,53157,135700
'14SA',13904,53157,140200
'14SA',13904,53157,140800
'14SA',13904,53157,141300
'14SA',13904,53157,141900
'14SA',13904,53157,142600
'14SA',13904,53157,143500
'14SA',13904,53157,144200
'14SA',13904,53157,144800
'14SA',13904,53157,145300
'14SA',13904,53157,145800
'14SA',13904,53157,150300
'14SA',13904,53157,150900
'14SA',13904,53157,151500
'14SA',13904,53157,152100
'14SA',13904,53157,152800
'14SA',13904,53157,153600
'14SA',13904,53157,154500
'14SA',13904,53157,155300
'14SA',13904,53157,155800
'14SA',13904,53157,160600
'14SA',13904,53157,161400
'14SA',13904,53157,162200
'14SA',13904,53157,162900
'14SA',13904,53157,163600
'14SA',13904,53157,164400
'14SA',13904,53157,165200
'14SA',13904,53157,170000
'14SA',13904,53157,170800
'14SA',13904,53157,171600
'14SA',13904,53157,172600
'14SA',13904,53157,173600
'14SA',13904,53157,174500
'14SA',13904,53157,175400
'14SA',13904,53157,180100
'14SA',13904,53157,180800
'14SA',13904,53157,181600
'14SA',13904,53157,182400
'14SA',13904,53157,183400
'14SA',13904,53157,184300
'14SA',13904,53157,185200
'14SA',13904,53157,190200
'14SA',13904,53157,191200
'14SA',13904,53157,192300
'14SA',13904,53157,193300
'14SA',13904,53157,194400
'14SA',13904,53157,195500
'14SA',13904,53157,200400
'14SA',13904,53157,201300
'14SA',13904,53157,202300
'14SA',13904,53157,204300
'14SA',13904,53157,210300
'14SA',13904,53157,212300
'14SA',13904,53157,214300
'14SA',13904,53157,220200
'14SA',13904,53157,222000
'14SA',13904,53157,223700
'14SA',13904,53157,225800
'14SA',13904,53157,232000
'14SA',13904,53157,234500
'14SA',13904,53157,241400
'14SA',13904,53157,244300
'14SA',13904,53157,251300
'14SF1',13904,53157,52600
'14SF1',13904,53157,55500
'14SF1',13904,53157,62100
'14SF1',13904,53157,64100
'14SF1',13904,53157,70100
'14SF1',13904,53157,72100
'14SF1',13904,53157,73600
'14SF1',13904,53157,75100
'14SF1',13904,53157,80600
'14SF1',13904,53157,81400
'14SF1',13904,53157,82200
'14SF1',13904,53157,83000
'14SF1',13904,53157,83800
'14SF1',13904,53157,84600
'14SF1',13904,53157,85400
'14SF1',13904,53157,90300
'14SF1',13904,53157,91100
'14SF1',13904,53157,92000
'14SF1',13904,53157,92800
'14SF1',13904,53157,93700
'14SF1',13904,53157,94600
'14SF1',13904,53157,95300
'14SF1',13904,53157,100000
'14SF1',13904,53157,100800
'14SF1',13904,53157,101700
'14SF1',13904,53157,102600
'14SF1',13904,53157,103500
'14SF1',13904,53157,104300
'14SF1',13904,53157,105000
'14SF1',13904,53157,105600
'14SF1',13904,53157,110200
'14SF1',13904,53157,110900
'14SF1',13904,53157,111700
'14SF1',13904,53157,112600
'14SF1',13904,53157,113400
'14SF1',13904,53157,114100
'14SF1',13904,53157,114800
'14SF1',13904,53157,115500
'14SF1',13904,53157,120200
'14SF1',13904,53157,120900
'14SF1',13904,53157,121500
'14SF1',13904,53157,122100
'14SF1',13904,53157,122600
'14SF1',13904,53157,123200
'14SF1',13904,53157,123800
'14SF1',13904,53157,124400
'14SF1',13904,53157,125000
'14SF1',13904,53157,125600
'14SF1',13904,53157,130400
'14SF1',13904,53157,131200
'14SF1',13904,53157,131900
'14SF1',13904,53157,132600
'14SF1',13904,53157,133300
'14SF1',13904,53157,134000
'14SF1',13904,53157,134600
'14SF1',13904,53157,135100
'14SF1',13904,53157,135700
'14SF1',13904,53157,140200
'14SF1',13904,53157,140800
'14SF1',13904,53157,141300
'14SF1',13904,53157,141900
'14SF1',13904,53157,142600
'14SF1',13904,53157,143500
'14SF1',13904,53157,144200
'14SF1',13904,53157,144800
'14SF1',13904,53157,145300
'14SF1',13904,53157,145800
'14SF1',13904,53157,150300
'14SF1',13904,53157,150900
'14SF1',13904,53157,151500
'14SF1',13904,53157,152100
'14SF1',13904,53157,152800
'14SF1',13904,53157,153600
'14SF1',13904,53157,154500
'14SF1',13904,53157,155300
'14SF1',13904,53157,155800
'14SF1',13904,53157,160600
'14SF1',13904,53157,161400
'14SF1',13904,53157,162200
'14SF1',13904,53157,162900
'14SF1',13904,53157,163600
'14SF1',13904,53157,164400
'14SF1',13904,53157,165200
'14SF1',13904,53157,170000
'14SF1',13904,53157,170800
'14SF1',13904,53157,171600
'14SF1',13904,53157,172600
'14SF1',13904,53157,173600
'14SF1',13904,53157,174500
'14SF1',13904,53157,175400
'14SF1',13904,53157,180100
'14SF1',13904,53157,180800
'14SF1',13904,53157,181600
'14SF1',13904,53157,182400
'14SF1',13904,53157,183400
'14SF1',13904,53157,184300
'14SF1',13904,53157,185200
'14SF1',13904,53157,190200
'14SF1',13904,53157,191200
'14SF1',13904,53157,192300
'14SF1',13904,53157,193300
'14SF1',13904,53157,194400
'14SF1',13904,53157,195500
'14SF1',13904,53157,200400
'14SF1',13904,53157,201300
'14SF1',13904,53157,202300
'14SF1',13904,53157,204300
'14SF1',13904,53157,210300
'14SF1',13904,53157,212300
'14SF1',13904,53157,214300
'14SF1',13904,53157,220200
'14SF1',13904,53157,222000
'14SF1',13904,53157,223700
'14SF1',13904,53157,225800
'14SF1',13904,53157,232000
'14SF1',13904,53157,234800
'14SF1',13904,53157,241800
'14SF1',13904,53157,244800
'14SF1',13904,53157,251900
'14SF2',13904,53157,52600
'14SF2',13904,53157,55500
'14SF2',13904,53157,62100
'14SF2',13904,53157,64100
'14SF2',13904,53157,70100
'14SF2',13904,53157,72100
'14SF2',13904,53157,73600
'14SF2',13904,53157,75100
'14SF2',13904,53157,80600
'14SF2',13904,53157,81400
'14SF2',13904,53157,82200
'14SF2',13904,53157,83000
'14SF2',13904,53157,83800
'14SF2',13904,53157,84600
'14SF2',13904,53157,85400
'14SF2',13904,53157,90300
'14SF2',13904,53157,91100
'14SF2',13904,53157,92000
'14SF2',13904,53157,92800
'14SF2',13904,53157,93700
'14SF2',13904,53157,94600
'14SF2',13904,53157,95300
'14SF2',13904,53157,100000
'14SF2',13904,53157,100800
'14SF2',13904,53157,101700
'14SF2',13904,53157,102600
'14SF2',13904,53157,103500
'14SF2',13904,53157,104300
'14SF2',13904,53157,105000
'14SF2',13904,53157,105600
'14SF2',13904,53157,110200
'14SF2',13904,53157,110900
'14SF2',13904,53157,111700
'14SF2',13904,53157,112600
'14SF2',13904,53157,113400
'14SF2',13904,53157,114100
'14SF2',13904,53157,114800
'14SF2',13904,53157,115500
'14SF2',13904,53157,120200
'14SF2',13904,53157,120900
'14SF2',13904,53157,121500
'14SF2',13904,53157,122100
'14SF2',13904,53157,122600
'14SF2',13904,53157,123200
'14SF2',13904,53157,123800
'14SF2',13904,53157,124400
'14SF2',13904,53157,125000
'14SF2',13904,53157,125600
'14SF2',13904,53157,130400
'14SF2',13904,53157,131200
'14SF2',13904,53157,131900
'14SF2',13904,53157,132600
'14SF2',13904,53157,133300
'14SF2',13904,53157,134000
'14SF2',13904,53157,134600
'14SF2',13904,53157,135100
'14SF2',13904,53157,135700
'14SF2',13904,53157,140200
'14SF2',13904,53157,140800
'14SF2',13904,53157,141300
'14SF2',13904,53157,141900
'14SF2',13904,53157,142600
'14SF2',13904,53157,143500
'14SF2',13904,53157,144200
'14SF2',13904,53157,144800
'14SF2',13904,53157,145300
'14SF2',13904,53157,145800
'14SF2',13904,53157,150300
'14SF2',13904,53157,150900
'14SF2',13904,53157,151500
'14SF2',13904,53157,152100
'14SF2',13904,53157,152800
'14SF2',13904,53157,153600
'14SF2',13904,53157,154500
'14SF2',13904,53157,155300
'14SF2',13904,53157,155800
'14SF2',13904,53157,160600
'14SF2',13904,53157,161400
'14SF2',13904,53157,162200
'14SF2',13904,53157,162900
'14SF2',13904,53157,163600
'14SF2',13904,53157,164400
'14SF2',13904,53157,165200
'14SF2',13904,53157,170000
'14SF2',13904,53157,170800
'14SF2',13904,53157,171600
'14SF2',13904,53157,172600
'14SF2',13904,53157,173600
'14SF2',13904,53157,174500
'14SF2',13904,53157,175400
'14SF2',13904,53157,180100
'14SF2',13904,53157,180800
'14SF2',13904,53157,181600
'14SF2',13904,53157,182400
'14SF2',13904,53157,183400
'14SF2',13904,53157,184300
'14SF2',13904,53157,185200
'14SF2',13904,53157,190200
'14SF2',13904,53157,191200
'14SF2',13904,53157,192300
'14SF2',13904,53157,193300
'14SF2',13904,53157,194400
'14SF2',13904,53157,195500
'14SF2',13904,53157,200400
'14SF2',13904,53157,201300
'14SF2',13904,53157,202300
'14SF2',13904,53157,204300
'14SF2',13904,53157,210300
'14SF2',13904,53157,212300
'14SF2',13904,53157,214300
'14SF2',13904,53157,220200
'14SF2',13904,53157,222000
'14SF2',13904,53157,223700
'14SF2',13904,53157,225800
'14SF2',13904,53157,232000
'14SF2',13904,53157,234800
'14SF2',13904,53157,241800
'14SF2',13904,53157,244800
'14SF2',13904,53157,251900
'14SI',13904,53157,53700
'14SI',13904,53157,60400
'14SI',13904,53157,63400
'14SI',13904,53157,70500
'14SI',13904,53157,73600
'14SI',13904,53157,75500
'14SI',13904,53157,81500
'14SI',13904,53157,83400
'14SI',13904,53157,84500
'14SI',13904,53157,85500
'14SI',13904,53157,90700
'14SI',13904,53157,91700
'14SI',13904,53157,92700
'14SI',13904,53157,93700
'14SI',13904,53157,94700
'14SI',13904,53157,95700
'14SI',13904,53157,100700
'14SI',13904,53157,101500
'14SI',13904,53157,102300
'14SI',13904,53157,103200
'14SI',13904,53157,104000
'14SI',13904,53157,104800
'14SI',13904,53157,105500
'14SI',13904,53157,110200
'14SI',13904,53157,110900
'14SI',13904,53157,111600
'14SI',13904,53157,112300
'14SI',13904,53157,113100
'14SI',13904,53157,114000
'14SI',13904,53157,114900
'14SI',13904,53157,115600
'14SI',13904,53157,120300
'14SI',13904,53157,121100
'14SI',13904,53157,121900
'14SI',13904,53157,122700
'14SI',13904,53157,123600
'14SI',13904,53157,124400
'14SI',13904,53157,125100
'14SI',13904,53157,125900
'14SI',13904,53157,130700
'14SI',13904,53157,131400
'14SI',13904,53157,132100
'14SI',13904,53157,132800
'14SI',13904,53157,133500
'14SI',13904,53157,134100
'14SI',13904,53157,134700
'14SI',13904,53157,135400
'14SI',13904,53157,140200
'14SI',13904,53157,141000
'14SI',13904,53157,141800
'14SI',13904,53157,142500
'14SI',13904,53157,143300
'14SI',13904,53157,144100
'14SI',13904,53157,144900
'14SI',13904,53157,145700
'14SI',13904,53157,150500
'14SI',13904,53157,151200
'14SI',13904,53157,152000
'14SI',13904,53157,152800
'14SI',13904,53157,153700
'14SI',13904,53157,154500
'14SI',13904,53157,155300
'14SI',13904,53157,160200
'14SI',13904,53157,161200
'14SI',13904,53157,162100
'14SI',13904,53157,163100
'14SI',13904,53157,164000
'14SI',13904,53157,165000
'14SI',13904,53157,165700
'14SI',13904,53157,170400
'14SI',13904,53157,171300
'14SI',13904,53157,172300
'14SI',13904,53157,173300
'14SI',13904,53157,174100
'14SI',13904,53157,174900
'14SI',13904,53157,175800
'14SI',13904,53157,180700
'14SI',13904,53157,181700
'14SI',13904,53157,182700
'14SI',13904,53157,183700
'14SI',13904,53157,185200
'14SI',13904,53157,190700
'14SI',13904,53157,192700
'14SI',13904,53157,194700
'14SI',13904,53157,200600
'14SI',13904,53157,202400
'14SI',13904,53157,204300
'14SI',13904,53157,210300
'14SI',13904,53157,212300
'14SI',13904,53157,215300
'14SI',13904,53157,222300
'14SI',13904,53157,225100
'14SI',13904,53157,231900
'14SI',13904,53157,234900
'14SI',13904,53157,241900
'14SI',13904,53157,244900
'14SI',13904,53157,251900
'14SS',13904,53157,53100
'14SS',13904,53157,54100
'14SS',13904,53157,55300
'14SS',13904,53157,60400
'14SS',13904,53157,61400
'14SS',13904,53157,62400
'14SS',13904,53157,63400
'14SS',13904,53157,64400
'14SS',13904,53157,65400
'14SS',13904,53157,70400
'14SS',13904,53157,71400
'14SS',13904,53157,72000
'14SS',13904,53157,72500
'14SS',13904,53157,73400
'14SS',13904,53157,74100
'14SS',13904,53157,74700
'14SS',13904,53157,75100
'14SS',13904,53157,75900
'14SS',13904,53157,80500
'14SS',13904,53157,81100
'14SS',13904,53157,81700
'14SS',13904,53157,82100
'14SS',13904,53157,82400
'14SS',13904,53157,82800
'14SS',13904,53157,83200
'14SS',13904,53157,84000
'14SS',13904,53157,84800
'14SS',13904,53157,85400
'14SS',13904,53157,90000
'14SS',13904,53157,90800
'14SS',13904,53157,91800
'14SS',13904,53157,92800
'14SS',13904,53157,93800
'14SS',13904,53157,94700
'14SS',13904,53157,95500
'14SS',13904,53157,100200
'14SS',13904,53157,100800
'14SS',13904,53157,101500
'14SS',13904,53157,102400
'14SS',13904,53157,103100
'14SS',13904,53157,103800
'14SS',13904,53157,104500
'14SS',13904,53157,105100
'14SS',13904,53157,105800
'14SS',13904,53157,110500
'14SS',13904,53157,111300
'14SS',13904,53157,112000
'14SS',13904,53157,112800
'14SS',13904,53157,113600
'14SS',13904,53157,114400
'14SS',13904,53157,115200
'14SS',13904,53157,120000
'14SS',13904,53157,120800
'14SS',13904,53157,121500
'14SS',13904,53157,122200
'14SS',13904,53157,122800
'14SS',13904,53157,123400
'14SS',13904,53157,124000
'14SS',13904,53157,124700
'14SS',13904,53157,125400
'14SS',13904,53157,130100
'14SS',13904,53157,130800
'14SS',13904,53157,131500
'14SS',13904,53157,132200
'14SS',13904,53157,132800
'14SS',13904,53157,133500
'14SS',13904,53157,134200
'14SS',13904,53157,134900
'14SS',13904,53157,135600
'14SS',13904,53157,140400
'14SS',13904,53157,141200
'14SS',13904,53157,141900
'14SS',13904,53157,142600
'14SS',13904,53157,143400
'14SS',13904,53157,144200
'14SS',13904,53157,145000
'14SS',13904,53157,145800
'14SS',13904,53157,150500
'14SS',13904,53157,151200
'14SS',13904,53157,151900
'14SS',13904,53157,152500
'14SS',13904,53157,153100
'14SS',13904,53157,153700
'14SS',13904,53157,154400
'14SS',13904,53157,155000
'14SS',13904,53157,155600
'14SS',13904,53157,160300
'14SS',13904,53157,161100
'14SS',13904,53157,162000
'14SS',13904,53157,162800
'14SS',13904,53157,163500
'14SS',13904,53157,164200
'14SS',13904,53157,164900
'14SS',13904,53157,165600
'14SS',13904,53157,170300
'14SS',13904,53157,171000
'14SS',13904,53157,171800
'14SS',13904,53157,172600
'14SS',13904,53157,173400
'14SS',13904,53157,174100
'14SS',13904,53157,174900
'14SS',13904,53157,175800
'14SS',13904,53157,180700
'14SS',13904,53157,181400
'14SS',13904,53157,182200
'14SS',13904,53157,183200
'14SS',13904,53157,184100
'14SS',13904,53157,185000
'14SS',13904,53157,185900
'14SS',13904,53157,190900
'14SS',13904,53157,191800
'14SS',13904,53157,192800
'14SS',13904,53157,193700
'14SS',13904,53157,194600
'14SS',13904,53157,195400
'14SS',13904,53157,200300
'14SS',13904,53157,201300
'14SS',13904,53157,202300
'14SS',13904,53157,203300
'14SS',13904,53157,204300
'14SS',13904,53157,205300
'14SS',13904,53157,210300
'14SS',13904,53157,211300
'14SS',13904,53157,212300
'14SS',13904,53157,213300
'14SS',13904,53157,220300
'14SS',13904,53157,223400
'14SS',13904,53157,230500
'14SS',13904,53157,233600
'14SS',13904,53157,240800
'14SS',13904,53157,243200
'14SS',13904,53157,245200
'14SS',13904,53157,252100
'14SA',35504,53157,254500
'14SA',35504,53157,263000
'14SA',35504,53157,271500
'14SA',35504,53157,275700
'14SA',35504,53157,283900
'14SA',35504,53157,290800
'14SF1',35504,53157,254400
'14SF1',35504,53157,262900
'14SF1',35504,53157,271400
'14SF1',35504,53157,275900
'14SF1',35504,53157,284400
'14SF1',35504,53157,291000
'14SF2',35504,53157,254400
'14SF2',35504,53157,262900
'14SF2',35504,53157,271400
'14SF2',35504,53157,275900
'14SF2',35504,53157,284400
'14SF2',35504,53157,291000
'14SI',35504,53157,254400
'14SI',35504,53157,262900
'14SI',35504,53157,271400
'14SI',35504,53157,275900
'14SI',35504,53157,284400
'14SI',35504,53157,291000
'14SS',35504,53157,254400
'14SS',35504,53157,262900
'14SS',35504,53157,271400
'14SS',35504,53157,275900
'14SS',35504,53157,284000
'14SS',35504,53157,291000
