'14NS',7201,60827,65200
'14NS',7201,60827,72400
'14NS',7201,60827,75600
'14NS',7201,60827,82400
'14NS',7201,60827,85400
'14NS',7201,60827,92400
'14NS',7201,60827,95500
'14NS',7201,60827,102600
'14NS',7201,60827,105600
'14NS',7201,60827,112600
'14NS',7201,60827,115600
'14NS',7201,60827,122600
'14NS',7201,60827,125600
'14NS',7201,60827,132600
'14NS',7201,60827,135600
'14NS',7201,60827,142500
'14NS',7201,60827,145200
'14NS',7201,60827,151800
'14NS',7201,60827,154300
'14NS',7201,60827,155700
'14NS',7201,60827,160800
'14NS',7201,60827,161900
'14NS',7201,60827,163000
'14NS',7201,60827,164100
'14NS',7201,60827,164500
'14NS',7201,60827,165200
'14NS',7201,60827,165900
'14NS',7201,60827,170500
'14NS',7201,60827,171800
'14NS',7201,60827,173100
'14NS',7201,60827,174200
'14NS',7201,60827,175800
'14NS',7201,60827,181900
'14NS',7201,60827,184400
'14NS',7201,60827,191000
