'14MA',36201,53597,271800
'14MA',36201,53597,280300
'14MA',36201,53597,284800
'14MA',36201,53597,293300
'14MF1',36201,53597,263100
'14MF1',36201,53597,271600
'14MF1',36201,53597,280100
'14MF1',36201,53597,284600
'14MF1',36201,53597,293100
'14MF2',36201,53597,263100
'14MF2',36201,53597,271600
'14MF2',36201,53597,280100
'14MF2',36201,53597,284600
'14MF2',36201,53597,293100
'14MF3',36201,53597,263300
'14MF3',36201,53597,271800
'14MF3',36201,53597,280300
'14MF3',36201,53597,284800
'14MF3',36201,53597,293300
'14MI',36201,53597,263300
'14MI',36201,53597,271800
'14MI',36201,53597,280300
'14MI',36201,53597,284800
'14MI',36201,53597,293300
'14MS',36201,53597,263100
'14MS',36201,53597,271600
'14MS',36201,53597,280100
'14MS',36201,53597,284600
'14MS',36201,53597,293100
'14MF1',48701,53597,152500
'14MF1',48701,53597,155600
'14MF1',48701,53597,162700
'14MF1',48701,53597,165000
'14MF1',48701,53597,171000
'14MF1',48701,53597,173000
'14MF1',48701,53597,175000
'14MF1',48701,53597,180900
'14MF1',48701,53597,182600
'14MF1',48701,53597,185000
'14MF1',48701,53597,191700
'14MF1',48701,53597,194600
'14MF2',48701,53597,152500
'14MF2',48701,53597,155600
'14MF2',48701,53597,162700
'14MF2',48701,53597,165000
'14MF2',48701,53597,171000
'14MF2',48701,53597,173000
'14MF2',48701,53597,175000
'14MF2',48701,53597,180900
'14MF2',48701,53597,182600
'14MF2',48701,53597,185000
'14MF2',48701,53597,191700
'14MF2',48701,53597,194600
'14MS',48701,53597,152500
'14MS',48701,53597,155600
'14MS',48701,53597,162700
'14MS',48701,53597,164200
'14MS',48701,53597,165700
'14MS',48701,53597,171200
'14MS',48701,53597,172700
'14MS',48701,53597,173700
'14MS',48701,53597,174900
'14MS',48701,53597,180200
'14MS',48701,53597,182300
'14MS',48701,53597,185100
'14MS',48701,53597,191700
'14MS',48701,53597,194700
