'15JA',6901,50181,51500
'15JA',6901,50181,54400
'15JA',6901,50181,61300
'15JA',6901,50181,64300
'15JA',6901,50181,71300
'15JA',6901,50181,74300
'15JA',6901,50181,81300
'15JA',6901,50181,83400
'15JA',6901,50181,85500
'15JA',6901,50181,91600
'15JA',6901,50181,93800
'15JA',6901,50181,95900
'15JA',6901,50181,101700
'15JA',6901,50181,103200
'15JA',6901,50181,104200
'15JA',6901,50181,105200
'15JA',6901,50181,110300
'15JA',6901,50181,111300
'15JA',6901,50181,112700
'15JA',6901,50181,114100
'15JA',6901,50181,115500
'15JA',6901,50181,120500
'15JA',6901,50181,121500
'15JA',6901,50181,122500
'15JA',6901,50181,123500
'15JA',6901,50181,124500
'15JA',6901,50181,125500
'15JA',6901,50181,130600
'15JA',6901,50181,131800
'15JA',6901,50181,133100
'15JA',6901,50181,134400
'15JA',6901,50181,135700
'15JA',6901,50181,141100
'15JA',6901,50181,142400
'15JA',6901,50181,143200
'15JA',6901,50181,144200
'15JA',6901,50181,145200
'15JA',6901,50181,150200
'15JA',6901,50181,151200
'15JA',6901,50181,152200
'15JA',6901,50181,153200
'15JA',6901,50181,153900
'15JA',6901,50181,154700
'15JA',6901,50181,155500
'15JA',6901,50181,160300
'15JA',6901,50181,161300
'15JA',6901,50181,162300
'15JA',6901,50181,163300
'15JA',6901,50181,164300
'15JA',6901,50181,165300
'15JA',6901,50181,170300
'15JA',6901,50181,171300
'15JA',6901,50181,172300
'15JA',6901,50181,173300
'15JA',6901,50181,174400
'15JA',6901,50181,175600
'15JA',6901,50181,180700
'15JA',6901,50181,181700
'15JA',6901,50181,182600
'15JA',6901,50181,183500
'15JA',6901,50181,184900
'15JA',6901,50181,190900
'15JA',6901,50181,193000
'15JA',6901,50181,195000
'15JA',6901,50181,201000
'15JA',6901,50181,203100
'15JA',6901,50181,205000
'15JA',6901,50181,211000
'15JA',6901,50181,213000
'15JA',6901,50181,215000
'15JA',6901,50181,221100
'15JA',6901,50181,223100
'15JA',6901,50181,225100
'15JA',6901,50181,232100
'15JA',6901,50181,235100
'15JA',6901,50181,242100
'15JA',6901,50181,245100
'15JA',6901,50181,251800
'15JA',6901,50181,254100
'15JI',6901,50181,51300
'15JI',6901,50181,55000
'15JI',6901,50181,62500
'15JI',6901,50181,65800
'15JI',6901,50181,72800
'15JI',6901,50181,75800
'15JI',6901,50181,82300
'15JI',6901,50181,84300
'15JI',6901,50181,90300
'15JI',6901,50181,92300
'15JI',6901,50181,94300
'15JI',6901,50181,100300
'15JI',6901,50181,102300
'15JI',6901,50181,104300
'15JI',6901,50181,110300
'15JI',6901,50181,112300
'15JI',6901,50181,114300
'15JI',6901,50181,120300
'15JI',6901,50181,122300
'15JI',6901,50181,123900
'15JI',6901,50181,125500
'15JI',6901,50181,131100
'15JI',6901,50181,132600
'15JI',6901,50181,134100
'15JI',6901,50181,135600
'15JI',6901,50181,141100
'15JI',6901,50181,142600
'15JI',6901,50181,144000
'15JI',6901,50181,145300
'15JI',6901,50181,150500
'15JI',6901,50181,151600
'15JI',6901,50181,152800
'15JI',6901,50181,154000
'15JI',6901,50181,155500
'15JI',6901,50181,161000
'15JI',6901,50181,162100
'15JI',6901,50181,163200
'15JI',6901,50181,164400
'15JI',6901,50181,165600
'15JI',6901,50181,170900
'15JI',6901,50181,172200
'15JI',6901,50181,173500
'15JI',6901,50181,174800
'15JI',6901,50181,180100
'15JI',6901,50181,181400
'15JI',6901,50181,182600
'15JI',6901,50181,183800
'15JI',6901,50181,185000
'15JI',6901,50181,190500
'15JI',6901,50181,192600
'15JI',6901,50181,194700
'15JI',6901,50181,200900
'15JI',6901,50181,203100
'15JI',6901,50181,205300
'15JI',6901,50181,211500
'15JI',6901,50181,213700
'15JI',6901,50181,215900
'15JI',6901,50181,222100
'15JI',6901,50181,224100
'15JI',6901,50181,230200
'15JI',6901,50181,232400
'15JI',6901,50181,234800
'15JI',6901,50181,241600
'15JI',6901,50181,244400
'15JI',6901,50181,251200
'15JS',6901,50181,50100
'15JS',6901,50181,53000
'15JS',6901,50181,55900
'15JS',6901,50181,60900
'15JS',6901,50181,62000
'15JS',6901,50181,63000
'15JS',6901,50181,64000
'15JS',6901,50181,64900
'15JS',6901,50181,65700
'15JS',6901,50181,70500
'15JS',6901,50181,71200
'15JS',6901,50181,71900
'15JS',6901,50181,72600
'15JS',6901,50181,73200
'15JS',6901,50181,73700
'15JS',6901,50181,74200
'15JS',6901,50181,74800
'15JS',6901,50181,75600
'15JS',6901,50181,80300
'15JS',6901,50181,81100
'15JS',6901,50181,81800
'15JS',6901,50181,82600
'15JS',6901,50181,83600
'15JS',6901,50181,84600
'15JS',6901,50181,85500
'15JS',6901,50181,90400
'15JS',6901,50181,91200
'15JS',6901,50181,92100
'15JS',6901,50181,93100
'15JS',6901,50181,94100
'15JS',6901,50181,95100
'15JS',6901,50181,100100
'15JS',6901,50181,101100
'15JS',6901,50181,102100
'15JS',6901,50181,103000
'15JS',6901,50181,104000
'15JS',6901,50181,105000
'15JS',6901,50181,110000
'15JS',6901,50181,111000
'15JS',6901,50181,112000
'15JS',6901,50181,113000
'15JS',6901,50181,114000
'15JS',6901,50181,115000
'15JS',6901,50181,120000
'15JS',6901,50181,121000
'15JS',6901,50181,122000
'15JS',6901,50181,123000
'15JS',6901,50181,124000
'15JS',6901,50181,124900
'15JS',6901,50181,125900
'15JS',6901,50181,130900
'15JS',6901,50181,131900
'15JS',6901,50181,132900
'15JS',6901,50181,133800
'15JS',6901,50181,134800
'15JS',6901,50181,135800
'15JS',6901,50181,140800
'15JS',6901,50181,141800
'15JS',6901,50181,142800
'15JS',6901,50181,143800
'15JS',6901,50181,144800
'15JS',6901,50181,145800
'15JS',6901,50181,150800
'15JS',6901,50181,151800
'15JS',6901,50181,152700
'15JS',6901,50181,153500
'15JS',6901,50181,154400
'15JS',6901,50181,155400
'15JS',6901,50181,160400
'15JS',6901,50181,161400
'15JS',6901,50181,162400
'15JS',6901,50181,163300
'15JS',6901,50181,164000
'15JS',6901,50181,164800
'15JS',6901,50181,165500
'15JS',6901,50181,170100
'15JS',6901,50181,170700
'15JS',6901,50181,171300
'15JS',6901,50181,172000
'15JS',6901,50181,172800
'15JS',6901,50181,173800
'15JS',6901,50181,174800
'15JS',6901,50181,175800
'15JS',6901,50181,180800
'15JS',6901,50181,181700
'15JS',6901,50181,182700
'15JS',6901,50181,183700
'15JS',6901,50181,184700
'15JS',6901,50181,185700
'15JS',6901,50181,190700
'15JS',6901,50181,191700
'15JS',6901,50181,192700
'15JS',6901,50181,193600
'15JS',6901,50181,194500
'15JS',6901,50181,195500
'15JS',6901,50181,200500
'15JS',6901,50181,201500
'15JS',6901,50181,202500
'15JS',6901,50181,203500
'15JS',6901,50181,204500
'15JS',6901,50181,205500
'15JS',6901,50181,210700
'15JS',6901,50181,212300
'15JS',6901,50181,213800
'15JS',6901,50181,215300
'15JS',6901,50181,221300
'15JS',6901,50181,224300
'15JS',6901,50181,231400
'15JS',6901,50181,234500
'15JS',6901,50181,241500
'15JS',6901,50181,244600
'15JS',6901,50181,251300
