'14MF1',18801,54889,61000
'14MF1',18801,54889,64500
'14MF1',18801,54889,71800
'14MF1',18801,54889,75500
'14MF1',18801,54889,82900
'14MF1',18801,54889,90200
'14MF1',18801,54889,93500
'14MF2',18801,54889,61000
'14MF2',18801,54889,64500
'14MF2',18801,54889,71800
'14MF2',18801,54889,75500
'14MF2',18801,54889,82900
'14MF2',18801,54889,90200
'14MF2',18801,54889,93500
'14MS',18801,54889,61000
'14MS',18801,54889,64500
'14MS',18801,54889,71800
'14MS',18801,54889,75500
'14MS',18801,54889,82900
'14MS',18801,54889,90200
'14MS',18801,54889,93500
