'14MA',3203,53375,52000
'14MA',3203,53375,54900
'14MA',3203,53375,61800
'14MA',3203,53375,64700
'14MA',3203,53375,71400
'14MA',3203,53375,74100
'14MA',3203,53375,80800
'14MA',3203,53375,83000
'14MA',3203,53375,84800
'14MA',3203,53375,90600
'14MA',3203,53375,92300
'14MA',3203,53375,94000
'14MA',3203,53375,95800
'14MA',3203,53375,101400
'14MA',3203,53375,103000
'14MA',3203,53375,104600
'14MA',3203,53375,110200
'14MA',3203,53375,111800
'14MA',3203,53375,113400
'14MA',3203,53375,115000
'14MA',3203,53375,120500
'14MA',3203,53375,122000
'14MA',3203,53375,123600
'14MA',3203,53375,125100
'14MA',3203,53375,130600
'14MA',3203,53375,131900
'14MA',3203,53375,133100
'14MA',3203,53375,134400
'14MA',3203,53375,135600
'14MA',3203,53375,140800
'14MA',3203,53375,142000
'14MA',3203,53375,143100
'14MA',3203,53375,144200
'14MA',3203,53375,145300
'14MA',3203,53375,150400
'14MA',3203,53375,151500
'14MA',3203,53375,152600
'14MA',3203,53375,153800
'14MA',3203,53375,155100
'14MA',3203,53375,160300
'14MA',3203,53375,161500
'14MA',3203,53375,162700
'14MA',3203,53375,163900
'14MA',3203,53375,165100
'14MA',3203,53375,170400
'14MA',3203,53375,171600
'14MA',3203,53375,172900
'14MA',3203,53375,174200
'14MA',3203,53375,175000
'14MA',3203,53375,175800
'14MA',3203,53375,180600
'14MA',3203,53375,182000
'14MA',3203,53375,183500
'14MA',3203,53375,185400
'14MA',3203,53375,191400
'14MA',3203,53375,193400
'14MA',3203,53375,195400
'14MA',3203,53375,201400
'14MA',3203,53375,203300
'14MA',3203,53375,205300
'14MA',3203,53375,211300
'14MA',3203,53375,213300
'14MA',3203,53375,215200
'14MA',3203,53375,221100
'14MA',3203,53375,223100
'14MA',3203,53375,225400
'14MA',3203,53375,231800
'14MA',3203,53375,234200
'14MA',3203,53375,240700
'14MA',3203,53375,243200
'14MA',3203,53375,250000
'14MA',3203,53375,252800
'14MA',3203,53375,255700
'14MA',3204,53375,53900
'14MA',3204,53375,60900
'14MA',3204,53375,63900
'14MA',3204,53375,70200
'14MA',3204,53375,72300
'14MA',3204,53375,74300
'14MA',3204,53375,80300
'14MA',3204,53375,82300
'14MA',3204,53375,84300
'14MA',3204,53375,90200
'14MA',3204,53375,91900
'14MA',3204,53375,93600
'14MA',3204,53375,95400
'14MA',3204,53375,101000
'14MA',3204,53375,102400
'14MA',3204,53375,103700
'14MA',3204,53375,104900
'14MA',3204,53375,110100
'14MA',3204,53375,111300
'14MA',3204,53375,112900
'14MA',3204,53375,114500
'14MA',3204,53375,120000
'14MA',3204,53375,121500
'14MA',3204,53375,123100
'14MA',3204,53375,124600
'14MA',3204,53375,125800
'14MA',3204,53375,131000
'14MA',3204,53375,132300
'14MA',3204,53375,133600
'14MA',3204,53375,134800
'14MA',3204,53375,140000
'14MA',3204,53375,141200
'14MA',3204,53375,142400
'14MA',3204,53375,143600
'14MA',3204,53375,144800
'14MA',3204,53375,145900
'14MA',3204,53375,151000
'14MA',3204,53375,152100
'14MA',3204,53375,153700
'14MA',3204,53375,155400
'14MA',3204,53375,161000
'14MA',3204,53375,162500
'14MA',3204,53375,164000
'14MA',3204,53375,165400
'14MA',3204,53375,170800
'14MA',3204,53375,172300
'14MA',3204,53375,173800
'14MA',3204,53375,175400
'14MA',3204,53375,180800
'14MA',3204,53375,182500
'14MA',3204,53375,184200
'14MA',3204,53375,185900
'14MA',3204,53375,191500
'14MA',3204,53375,193000
'14MA',3204,53375,194600
'14MA',3204,53375,200900
'14MA',3204,53375,203800
'14MA',3204,53375,210800
'14MA',3204,53375,213700
'14MA',3204,53375,220700
'14MA',3204,53375,223600
'14MA',3204,53375,230500
'14MA',3204,53375,233300
'14MA',3204,53375,240000
'14MA',3204,53375,242800
'14MA',3204,53375,245600
'14MA',3204,53375,252500
'14MA',3204,53375,255400
'14MF1',3203,53375,52000
'14MF1',3203,53375,54900
'14MF1',3203,53375,61800
'14MF1',3203,53375,64700
'14MF1',3203,53375,71400
'14MF1',3203,53375,74100
'14MF1',3203,53375,80800
'14MF1',3203,53375,83000
'14MF1',3203,53375,84800
'14MF1',3203,53375,90600
'14MF1',3203,53375,92300
'14MF1',3203,53375,94000
'14MF1',3203,53375,95800
'14MF1',3203,53375,101400
'14MF1',3203,53375,103000
'14MF1',3203,53375,104600
'14MF1',3203,53375,110200
'14MF1',3203,53375,111800
'14MF1',3203,53375,113400
'14MF1',3203,53375,115000
'14MF1',3203,53375,120500
'14MF1',3203,53375,122000
'14MF1',3203,53375,123600
'14MF1',3203,53375,125100
'14MF1',3203,53375,130600
'14MF1',3203,53375,131900
'14MF1',3203,53375,133100
'14MF1',3203,53375,134400
'14MF1',3203,53375,135600
'14MF1',3203,53375,140800
'14MF1',3203,53375,142000
'14MF1',3203,53375,143100
'14MF1',3203,53375,144200
'14MF1',3203,53375,145300
'14MF1',3203,53375,150400
'14MF1',3203,53375,151500
'14MF1',3203,53375,152600
'14MF1',3203,53375,153800
'14MF1',3203,53375,155100
'14MF1',3203,53375,160300
'14MF1',3203,53375,161500
'14MF1',3203,53375,162700
'14MF1',3203,53375,163900
'14MF1',3203,53375,165100
'14MF1',3203,53375,170400
'14MF1',3203,53375,171600
'14MF1',3203,53375,172900
'14MF1',3203,53375,174200
'14MF1',3203,53375,175000
'14MF1',3203,53375,175800
'14MF1',3203,53375,180600
'14MF1',3203,53375,182000
'14MF1',3203,53375,183500
'14MF1',3203,53375,185400
'14MF1',3203,53375,191400
'14MF1',3203,53375,193400
'14MF1',3203,53375,195400
'14MF1',3203,53375,201400
'14MF1',3203,53375,203300
'14MF1',3203,53375,205300
'14MF1',3203,53375,211300
'14MF1',3203,53375,213300
'14MF1',3203,53375,215200
'14MF1',3203,53375,221100
'14MF1',3203,53375,223100
'14MF1',3203,53375,225400
'14MF1',3203,53375,231800
'14MF1',3203,53375,234200
'14MF1',3203,53375,240700
'14MF1',3203,53375,243200
'14MF1',3203,53375,250000
'14MF1',3203,53375,252800
'14MF1',3204,53375,53900
'14MF1',3204,53375,60900
'14MF1',3204,53375,63900
'14MF1',3204,53375,70200
'14MF1',3204,53375,72300
'14MF1',3204,53375,74300
'14MF1',3204,53375,80300
'14MF1',3204,53375,82300
'14MF1',3204,53375,84300
'14MF1',3204,53375,90200
'14MF1',3204,53375,91900
'14MF1',3204,53375,93600
'14MF1',3204,53375,95400
'14MF1',3204,53375,101000
'14MF1',3204,53375,102400
'14MF1',3204,53375,103700
'14MF1',3204,53375,104900
'14MF1',3204,53375,110100
'14MF1',3204,53375,111300
'14MF1',3204,53375,112900
'14MF1',3204,53375,114500
'14MF1',3204,53375,120000
'14MF1',3204,53375,121500
'14MF1',3204,53375,123100
'14MF1',3204,53375,124600
'14MF1',3204,53375,125800
'14MF1',3204,53375,131000
'14MF1',3204,53375,132300
'14MF1',3204,53375,133600
'14MF1',3204,53375,134800
'14MF1',3204,53375,140000
'14MF1',3204,53375,141200
'14MF1',3204,53375,142400
'14MF1',3204,53375,143600
'14MF1',3204,53375,144800
'14MF1',3204,53375,145900
'14MF1',3204,53375,151000
'14MF1',3204,53375,152100
'14MF1',3204,53375,153700
'14MF1',3204,53375,155400
'14MF1',3204,53375,161000
'14MF1',3204,53375,162500
'14MF1',3204,53375,164000
'14MF1',3204,53375,165400
'14MF1',3204,53375,170800
'14MF1',3204,53375,172300
'14MF1',3204,53375,173800
'14MF1',3204,53375,175400
'14MF1',3204,53375,180800
'14MF1',3204,53375,182500
'14MF1',3204,53375,184200
'14MF1',3204,53375,185900
'14MF1',3204,53375,191500
'14MF1',3204,53375,193000
'14MF1',3204,53375,194600
'14MF1',3204,53375,200900
'14MF1',3204,53375,203800
'14MF1',3204,53375,210800
'14MF1',3204,53375,213700
'14MF1',3204,53375,220700
'14MF1',3204,53375,223600
'14MF1',3204,53375,230500
'14MF1',3204,53375,233300
'14MF1',3204,53375,240000
'14MF1',3204,53375,242800
'14MF1',3204,53375,245600
'14MF1',3204,53375,252500
'14MF2',3203,53375,52000
'14MF2',3203,53375,54900
'14MF2',3203,53375,61800
'14MF2',3203,53375,64700
'14MF2',3203,53375,71400
'14MF2',3203,53375,74100
'14MF2',3203,53375,80800
'14MF2',3203,53375,83000
'14MF2',3203,53375,84800
'14MF2',3203,53375,90600
'14MF2',3203,53375,92300
'14MF2',3203,53375,94000
'14MF2',3203,53375,95800
'14MF2',3203,53375,101400
'14MF2',3203,53375,103000
'14MF2',3203,53375,104600
'14MF2',3203,53375,110200
'14MF2',3203,53375,111800
'14MF2',3203,53375,113400
'14MF2',3203,53375,115000
'14MF2',3203,53375,120500
'14MF2',3203,53375,122000
'14MF2',3203,53375,123600
'14MF2',3203,53375,125100
'14MF2',3203,53375,130600
'14MF2',3203,53375,131900
'14MF2',3203,53375,133100
'14MF2',3203,53375,134400
'14MF2',3203,53375,135600
'14MF2',3203,53375,140800
'14MF2',3203,53375,142000
'14MF2',3203,53375,143100
'14MF2',3203,53375,144200
'14MF2',3203,53375,145300
'14MF2',3203,53375,150400
'14MF2',3203,53375,151500
'14MF2',3203,53375,152600
'14MF2',3203,53375,153800
'14MF2',3203,53375,155100
'14MF2',3203,53375,160300
'14MF2',3203,53375,161500
'14MF2',3203,53375,162700
'14MF2',3203,53375,163900
'14MF2',3203,53375,165100
'14MF2',3203,53375,170400
'14MF2',3203,53375,171600
'14MF2',3203,53375,172900
'14MF2',3203,53375,174200
'14MF2',3203,53375,175000
'14MF2',3203,53375,175800
'14MF2',3203,53375,180600
'14MF2',3203,53375,182000
'14MF2',3203,53375,183500
'14MF2',3203,53375,185400
'14MF2',3203,53375,191400
'14MF2',3203,53375,193400
'14MF2',3203,53375,195400
'14MF2',3203,53375,201400
'14MF2',3203,53375,203300
'14MF2',3203,53375,205300
'14MF2',3203,53375,211300
'14MF2',3203,53375,213300
'14MF2',3203,53375,215200
'14MF2',3203,53375,221100
'14MF2',3203,53375,223100
'14MF2',3203,53375,225400
'14MF2',3203,53375,231800
'14MF2',3203,53375,234200
'14MF2',3203,53375,240700
'14MF2',3203,53375,243200
'14MF2',3203,53375,250000
'14MF2',3203,53375,252800
'14MF2',3204,53375,53900
'14MF2',3204,53375,60900
'14MF2',3204,53375,63900
'14MF2',3204,53375,70200
'14MF2',3204,53375,72300
'14MF2',3204,53375,74300
'14MF2',3204,53375,80300
'14MF2',3204,53375,82300
'14MF2',3204,53375,84300
'14MF2',3204,53375,90200
'14MF2',3204,53375,91900
'14MF2',3204,53375,93600
'14MF2',3204,53375,95400
'14MF2',3204,53375,101000
'14MF2',3204,53375,102400
'14MF2',3204,53375,103700
'14MF2',3204,53375,104900
'14MF2',3204,53375,110100
'14MF2',3204,53375,111300
'14MF2',3204,53375,112900
'14MF2',3204,53375,114500
'14MF2',3204,53375,120000
'14MF2',3204,53375,121500
'14MF2',3204,53375,123100
'14MF2',3204,53375,124600
'14MF2',3204,53375,125800
'14MF2',3204,53375,131000
'14MF2',3204,53375,132300
'14MF2',3204,53375,133600
'14MF2',3204,53375,134800
'14MF2',3204,53375,140000
'14MF2',3204,53375,141200
'14MF2',3204,53375,142400
'14MF2',3204,53375,143600
'14MF2',3204,53375,144800
'14MF2',3204,53375,145900
'14MF2',3204,53375,151000
'14MF2',3204,53375,152100
'14MF2',3204,53375,153700
'14MF2',3204,53375,155400
'14MF2',3204,53375,161000
'14MF2',3204,53375,162500
'14MF2',3204,53375,164000
'14MF2',3204,53375,165400
'14MF2',3204,53375,170800
'14MF2',3204,53375,172300
'14MF2',3204,53375,173800
'14MF2',3204,53375,175400
'14MF2',3204,53375,180800
'14MF2',3204,53375,182500
'14MF2',3204,53375,184200
'14MF2',3204,53375,185900
'14MF2',3204,53375,191500
'14MF2',3204,53375,193000
'14MF2',3204,53375,194600
'14MF2',3204,53375,200900
'14MF2',3204,53375,203800
'14MF2',3204,53375,210800
'14MF2',3204,53375,213700
'14MF2',3204,53375,220700
'14MF2',3204,53375,223600
'14MF2',3204,53375,230500
'14MF2',3204,53375,233300
'14MF2',3204,53375,240000
'14MF2',3204,53375,242800
'14MF2',3204,53375,245600
'14MF2',3204,53375,252500
'14MF3',3203,53375,52000
'14MF3',3203,53375,54900
'14MF3',3203,53375,61800
'14MF3',3203,53375,64700
'14MF3',3203,53375,71400
'14MF3',3203,53375,74100
'14MF3',3203,53375,80800
'14MF3',3203,53375,83000
'14MF3',3203,53375,84800
'14MF3',3203,53375,90600
'14MF3',3203,53375,92300
'14MF3',3203,53375,94000
'14MF3',3203,53375,95800
'14MF3',3203,53375,101400
'14MF3',3203,53375,103000
'14MF3',3203,53375,104600
'14MF3',3203,53375,110200
'14MF3',3203,53375,111800
'14MF3',3203,53375,113400
'14MF3',3203,53375,115000
'14MF3',3203,53375,120500
'14MF3',3203,53375,122000
'14MF3',3203,53375,123600
'14MF3',3203,53375,125100
'14MF3',3203,53375,130600
'14MF3',3203,53375,131900
'14MF3',3203,53375,133100
'14MF3',3203,53375,134400
'14MF3',3203,53375,135600
'14MF3',3203,53375,140800
'14MF3',3203,53375,142000
'14MF3',3203,53375,143100
'14MF3',3203,53375,144200
'14MF3',3203,53375,145300
'14MF3',3203,53375,150400
'14MF3',3203,53375,151500
'14MF3',3203,53375,152600
'14MF3',3203,53375,153800
'14MF3',3203,53375,155100
'14MF3',3203,53375,160300
'14MF3',3203,53375,161500
'14MF3',3203,53375,162700
'14MF3',3203,53375,163900
'14MF3',3203,53375,165100
'14MF3',3203,53375,170400
'14MF3',3203,53375,171600
'14MF3',3203,53375,172900
'14MF3',3203,53375,174200
'14MF3',3203,53375,175000
'14MF3',3203,53375,175800
'14MF3',3203,53375,180600
'14MF3',3203,53375,182000
'14MF3',3203,53375,183500
'14MF3',3203,53375,185400
'14MF3',3203,53375,191400
'14MF3',3203,53375,193400
'14MF3',3203,53375,195400
'14MF3',3203,53375,201400
'14MF3',3203,53375,203300
'14MF3',3203,53375,205300
'14MF3',3203,53375,211300
'14MF3',3203,53375,213300
'14MF3',3203,53375,215200
'14MF3',3203,53375,221100
'14MF3',3203,53375,223100
'14MF3',3203,53375,225400
'14MF3',3203,53375,231800
'14MF3',3203,53375,234200
'14MF3',3203,53375,240700
'14MF3',3203,53375,243200
'14MF3',3203,53375,250000
'14MF3',3203,53375,252800
'14MF3',3204,53375,53900
'14MF3',3204,53375,60900
'14MF3',3204,53375,63900
'14MF3',3204,53375,70200
'14MF3',3204,53375,72300
'14MF3',3204,53375,74300
'14MF3',3204,53375,80300
'14MF3',3204,53375,82300
'14MF3',3204,53375,84300
'14MF3',3204,53375,90200
'14MF3',3204,53375,91900
'14MF3',3204,53375,93600
'14MF3',3204,53375,95400
'14MF3',3204,53375,101000
'14MF3',3204,53375,102400
'14MF3',3204,53375,103700
'14MF3',3204,53375,104900
'14MF3',3204,53375,110100
'14MF3',3204,53375,111300
'14MF3',3204,53375,112900
'14MF3',3204,53375,114500
'14MF3',3204,53375,120000
'14MF3',3204,53375,121500
'14MF3',3204,53375,123100
'14MF3',3204,53375,124600
'14MF3',3204,53375,125800
'14MF3',3204,53375,131000
'14MF3',3204,53375,132300
'14MF3',3204,53375,133600
'14MF3',3204,53375,134800
'14MF3',3204,53375,140000
'14MF3',3204,53375,141200
'14MF3',3204,53375,142400
'14MF3',3204,53375,143600
'14MF3',3204,53375,144800
'14MF3',3204,53375,145900
'14MF3',3204,53375,151000
'14MF3',3204,53375,152100
'14MF3',3204,53375,153700
'14MF3',3204,53375,155400
'14MF3',3204,53375,161000
'14MF3',3204,53375,162500
'14MF3',3204,53375,164000
'14MF3',3204,53375,165400
'14MF3',3204,53375,170800
'14MF3',3204,53375,172300
'14MF3',3204,53375,173800
'14MF3',3204,53375,175400
'14MF3',3204,53375,180800
'14MF3',3204,53375,182500
'14MF3',3204,53375,184200
'14MF3',3204,53375,185900
'14MF3',3204,53375,191500
'14MF3',3204,53375,193000
'14MF3',3204,53375,194600
'14MF3',3204,53375,200900
'14MF3',3204,53375,203800
'14MF3',3204,53375,210800
'14MF3',3204,53375,213700
'14MF3',3204,53375,220700
'14MF3',3204,53375,223600
'14MF3',3204,53375,230500
'14MF3',3204,53375,233300
'14MF3',3204,53375,240000
'14MF3',3204,53375,242800
'14MF3',3204,53375,245600
'14MF3',3204,53375,252500
'14MI',3203,53375,52000
'14MI',3203,53375,55000
'14MI',3203,53375,62000
'14MI',3203,53375,64600
'14MI',3203,53375,71200
'14MI',3203,53375,73700
'14MI',3203,53375,80300
'14MI',3203,53375,82800
'14MI',3203,53375,85300
'14MI',3203,53375,91600
'14MI',3203,53375,93700
'14MI',3203,53375,95900
'14MI',3203,53375,102100
'14MI',3203,53375,104300
'14MI',3203,53375,110500
'14MI',3203,53375,112700
'14MI',3203,53375,114900
'14MI',3203,53375,121200
'14MI',3203,53375,123500
'14MI',3203,53375,125500
'14MI',3203,53375,131000
'14MI',3203,53375,132200
'14MI',3203,53375,133400
'14MI',3203,53375,134600
'14MI',3203,53375,135900
'14MI',3203,53375,141200
'14MI',3203,53375,142600
'14MI',3203,53375,144000
'14MI',3203,53375,145400
'14MI',3203,53375,151000
'14MI',3203,53375,152700
'14MI',3203,53375,154500
'14MI',3203,53375,160400
'14MI',3203,53375,162300
'14MI',3203,53375,164100
'14MI',3203,53375,165800
'14MI',3203,53375,171400
'14MI',3203,53375,172300
'14MI',3203,53375,173300
'14MI',3203,53375,174400
'14MI',3203,53375,175400
'14MI',3203,53375,180500
'14MI',3203,53375,181600
'14MI',3203,53375,182700
'14MI',3203,53375,184300
'14MI',3203,53375,190200
'14MI',3203,53375,192100
'14MI',3203,53375,194000
'14MI',3203,53375,200000
'14MI',3203,53375,202000
'14MI',3203,53375,204000
'14MI',3203,53375,210000
'14MI',3203,53375,212000
'14MI',3203,53375,214000
'14MI',3203,53375,220000
'14MI',3203,53375,222000
'14MI',3203,53375,224000
'14MI',3203,53375,230400
'14MI',3203,53375,233200
'14MI',3203,53375,240000
'14MI',3203,53375,242800
'14MI',3203,53375,245600
'14MI',3203,53375,252500
'14MI',3204,53375,53100
'14MI',3204,53375,60300
'14MI',3204,53375,63400
'14MI',3204,53375,70500
'14MI',3204,53375,73300
'14MI',3204,53375,75900
'14MI',3204,53375,82400
'14MI',3204,53375,84000
'14MI',3204,53375,85600
'14MI',3204,53375,91200
'14MI',3204,53375,93000
'14MI',3204,53375,95100
'14MI',3204,53375,101300
'14MI',3204,53375,103100
'14MI',3204,53375,104600
'14MI',3204,53375,110100
'14MI',3204,53375,111600
'14MI',3204,53375,113000
'14MI',3204,53375,114600
'14MI',3204,53375,120700
'14MI',3204,53375,122900
'14MI',3204,53375,125100
'14MI',3204,53375,131300
'14MI',3204,53375,132800
'14MI',3204,53375,134200
'14MI',3204,53375,135500
'14MI',3204,53375,140800
'14MI',3204,53375,142200
'14MI',3204,53375,143600
'14MI',3204,53375,145000
'14MI',3204,53375,150600
'14MI',3204,53375,152300
'14MI',3204,53375,154100
'14MI',3204,53375,160000
'14MI',3204,53375,161900
'14MI',3204,53375,163600
'14MI',3204,53375,165300
'14MI',3204,53375,171000
'14MI',3204,53375,172800
'14MI',3204,53375,175000
'14MI',3204,53375,181200
'14MI',3204,53375,183800
'14MI',3204,53375,190700
'14MI',3204,53375,193600
'14MI',3204,53375,200600
'14MI',3204,53375,203500
'14MI',3204,53375,210400
'14MI',3204,53375,213300
'14MI',3204,53375,220200
'14MI',3204,53375,223200
'14MI',3204,53375,230000
'14MI',3204,53375,232800
'14MI',3204,53375,235600
'14MI',3204,53375,242400
'14MI',3204,53375,245200
'14MI',3204,53375,252100
'14MS',3203,53375,52000
'14MS',3203,53375,54300
'14MS',3203,53375,60200
'14MS',3203,53375,62000
'14MS',3203,53375,63600
'14MS',3203,53375,64900
'14MS',3203,53375,70100
'14MS',3203,53375,71100
'14MS',3203,53375,71700
'14MS',3203,53375,72300
'14MS',3203,53375,73000
'14MS',3203,53375,73700
'14MS',3203,53375,74400
'14MS',3203,53375,75300
'14MS',3203,53375,80700
'14MS',3203,53375,82600
'14MS',3203,53375,84500
'14MS',3203,53375,90500
'14MS',3203,53375,92400
'14MS',3203,53375,94300
'14MS',3203,53375,95900
'14MS',3203,53375,101600
'14MS',3203,53375,103400
'14MS',3203,53375,104900
'14MS',3203,53375,110600
'14MS',3203,53375,112500
'14MS',3203,53375,114400
'14MS',3203,53375,115900
'14MS',3203,53375,120900
'14MS',3203,53375,121900
'14MS',3203,53375,122900
'14MS',3203,53375,123900
'14MS',3203,53375,124900
'14MS',3203,53375,125800
'14MS',3203,53375,130700
'14MS',3203,53375,131600
'14MS',3203,53375,132500
'14MS',3203,53375,133500
'14MS',3203,53375,134500
'14MS',3203,53375,135600
'14MS',3203,53375,140600
'14MS',3203,53375,141500
'14MS',3203,53375,142100
'14MS',3203,53375,142700
'14MS',3203,53375,143300
'14MS',3203,53375,143900
'14MS',3203,53375,144500
'14MS',3203,53375,145400
'14MS',3203,53375,150200
'14MS',3203,53375,151100
'14MS',3203,53375,152000
'14MS',3203,53375,152900
'14MS',3203,53375,153800
'14MS',3203,53375,154800
'14MS',3203,53375,155700
'14MS',3203,53375,160700
'14MS',3203,53375,161400
'14MS',3203,53375,162200
'14MS',3203,53375,162900
'14MS',3203,53375,163700
'14MS',3203,53375,164500
'14MS',3203,53375,165300
'14MS',3203,53375,170100
'14MS',3203,53375,170900
'14MS',3203,53375,171700
'14MS',3203,53375,172500
'14MS',3203,53375,173300
'14MS',3203,53375,174100
'14MS',3203,53375,174900
'14MS',3203,53375,175700
'14MS',3203,53375,180700
'14MS',3203,53375,181700
'14MS',3203,53375,182700
'14MS',3203,53375,183700
'14MS',3203,53375,184700
'14MS',3203,53375,185700
'14MS',3203,53375,190700
'14MS',3203,53375,191600
'14MS',3203,53375,192600
'14MS',3203,53375,193600
'14MS',3203,53375,194600
'14MS',3203,53375,195600
'14MS',3203,53375,200600
'14MS',3203,53375,201600
'14MS',3203,53375,202600
'14MS',3203,53375,203600
'14MS',3203,53375,204600
'14MS',3203,53375,205600
'14MS',3203,53375,210700
'14MS',3203,53375,211800
'14MS',3203,53375,212900
'14MS',3203,53375,214300
'14MS',3203,53375,215700
'14MS',3203,53375,221100
'14MS',3203,53375,223100
'14MS',3203,53375,225100
'14MS',3203,53375,231200
'14MS',3203,53375,233100
'14MS',3203,53375,235000
'14MS',3203,53375,241300
'14MS',3203,53375,243700
'14MS',3203,53375,250700
'14MS',3203,53375,253000
'14MS',3204,53375,53800
'14MS',3204,53375,55800
'14MS',3204,53375,61600
'14MS',3204,53375,63200
'14MS',3204,53375,64300
'14MS',3204,53375,65500
'14MS',3204,53375,70600
'14MS',3204,53375,71700
'14MS',3204,53375,72500
'14MS',3204,53375,73200
'14MS',3204,53375,73900
'14MS',3204,53375,74800
'14MS',3204,53375,75500
'14MS',3204,53375,80200
'14MS',3204,53375,81200
'14MS',3204,53375,82100
'14MS',3204,53375,83100
'14MS',3204,53375,84000
'14MS',3204,53375,85000
'14MS',3204,53375,90000
'14MS',3204,53375,91000
'14MS',3204,53375,91900
'14MS',3204,53375,92900
'14MS',3204,53375,93900
'14MS',3204,53375,94900
'14MS',3204,53375,95900
'14MS',3204,53375,100900
'14MS',3204,53375,101900
'14MS',3204,53375,102900
'14MS',3204,53375,103900
'14MS',3204,53375,104900
'14MS',3204,53375,105900
'14MS',3204,53375,110900
'14MS',3204,53375,111900
'14MS',3204,53375,112900
'14MS',3204,53375,113900
'14MS',3204,53375,114900
'14MS',3204,53375,115900
'14MS',3204,53375,120900
'14MS',3204,53375,121900
'14MS',3204,53375,122900
'14MS',3204,53375,123700
'14MS',3204,53375,124400
'14MS',3204,53375,125100
'14MS',3204,53375,125900
'14MS',3204,53375,130900
'14MS',3204,53375,131900
'14MS',3204,53375,132900
'14MS',3204,53375,133900
'14MS',3204,53375,134900
'14MS',3204,53375,135900
'14MS',3204,53375,140900
'14MS',3204,53375,141900
'14MS',3204,53375,142800
'14MS',3204,53375,143900
'14MS',3204,53375,144800
'14MS',3204,53375,145700
'14MS',3204,53375,150400
'14MS',3204,53375,151100
'14MS',3204,53375,151800
'14MS',3204,53375,152400
'14MS',3204,53375,153300
'14MS',3204,53375,154300
'14MS',3204,53375,155200
'14MS',3204,53375,160200
'14MS',3204,53375,161200
'14MS',3204,53375,162200
'14MS',3204,53375,163200
'14MS',3204,53375,164200
'14MS',3204,53375,165200
'14MS',3204,53375,170200
'14MS',3204,53375,171200
'14MS',3204,53375,172300
'14MS',3204,53375,173500
'14MS',3204,53375,175100
'14MS',3204,53375,181000
'14MS',3204,53375,182900
'14MS',3204,53375,184200
'14MS',3204,53375,190200
'14MS',3204,53375,192100
'14MS',3204,53375,194100
'14MS',3204,53375,200100
'14MS',3204,53375,202100
'14MS',3204,53375,205100
'14MS',3204,53375,212200
'14MS',3204,53375,215200
'14MS',3204,53375,222200
'14MS',3204,53375,224700
'14MS',3204,53375,230800
'14MS',3204,53375,233700
'14MS',3204,53375,240500
'14MS',3204,53375,243300
'14MS',3204,53375,250300
'14MS',3204,53375,252600
