'14SA',10002,53985,51600
'14SA',10002,53985,54600
'14SA',10002,53985,60600
'14SA',10002,53985,61600
'14SA',10002,53985,62500
'14SA',10002,53985,63400
'14SA',10002,53985,65100
'14SA',10002,53985,71400
'14SA',10002,53985,73500
'14SA',10002,53985,75500
'14SA',10002,53985,81500
'14SA',10002,53985,83500
'14SA',10002,53985,85500
'14SA',10002,53985,91500
'14SA',10002,53985,93500
'14SA',10002,53985,95500
'14SA',10002,53985,101500
'14SA',10002,53985,103500
'14SA',10002,53985,105500
'14SA',10002,53985,111500
'14SA',10002,53985,113600
'14SA',10002,53985,115700
'14SA',10002,53985,121700
'14SA',10002,53985,123700
'14SA',10002,53985,125800
'14SA',10002,53985,131900
'14SA',10002,53985,133900
'14SA',10002,53985,135900
'14SA',10002,53985,141800
'14SA',10002,53985,143700
'14SA',10002,53985,145600
'14SA',10002,53985,151500
'14SA',10002,53985,153400
'14SA',10002,53985,155400
'14SA',10002,53985,161400
'14SA',10002,53985,164200
'14SA',10002,53985,171000
'14SA',10002,53985,173900
'14SA',10002,53985,180800
'14SA',10002,53985,183700
'14SA',10002,53985,191000
'14SA',10002,53985,194200
'14SA',10002,53985,201400
'14SA',10002,53985,204600
'14SA',10002,53985,211600
'14SA',10002,53985,214600
'14SA',10002,53985,221600
'14SA',10002,53985,224600
'14SA',10002,53985,231600
'14SA',10002,53985,234600
'14SA',10002,53985,241600
'14SA',10002,53985,244600
'14SF1',10002,53985,51600
'14SF1',10002,53985,54600
'14SF1',10002,53985,60600
'14SF1',10002,53985,61600
'14SF1',10002,53985,62500
'14SF1',10002,53985,63400
'14SF1',10002,53985,65100
'14SF1',10002,53985,71400
'14SF1',10002,53985,73500
'14SF1',10002,53985,75500
'14SF1',10002,53985,81500
'14SF1',10002,53985,83500
'14SF1',10002,53985,85500
'14SF1',10002,53985,91500
'14SF1',10002,53985,93500
'14SF1',10002,53985,95500
'14SF1',10002,53985,101500
'14SF1',10002,53985,103500
'14SF1',10002,53985,105500
'14SF1',10002,53985,111500
'14SF1',10002,53985,112600
'14SF1',10002,53985,113700
'14SF1',10002,53985,114800
'14SF1',10002,53985,115900
'14SF1',10002,53985,120900
'14SF1',10002,53985,121900
'14SF1',10002,53985,122900
'14SF1',10002,53985,123900
'14SF1',10002,53985,124900
'14SF1',10002,53985,125900
'14SF1',10002,53985,130900
'14SF1',10002,53985,131900
'14SF1',10002,53985,132900
'14SF1',10002,53985,133900
'14SF1',10002,53985,134900
'14SF1',10002,53985,135900
'14SF1',10002,53985,141800
'14SF1',10002,53985,143700
'14SF1',10002,53985,145600
'14SF1',10002,53985,151500
'14SF1',10002,53985,153400
'14SF1',10002,53985,155400
'14SF1',10002,53985,161400
'14SF1',10002,53985,164200
'14SF1',10002,53985,171000
'14SF1',10002,53985,173900
'14SF1',10002,53985,180800
'14SF1',10002,53985,183700
'14SF1',10002,53985,191000
'14SF1',10002,53985,194200
'14SF1',10002,53985,201400
'14SF1',10002,53985,204600
'14SF1',10002,53985,211600
'14SF1',10002,53985,214600
'14SF1',10002,53985,221600
'14SF1',10002,53985,224600
'14SF1',10002,53985,231600
'14SF1',10002,53985,234600
'14SF1',10002,53985,241600
'14SF1',10002,53985,244600
'14SF2',10002,53985,51600
'14SF2',10002,53985,54600
'14SF2',10002,53985,60600
'14SF2',10002,53985,61600
'14SF2',10002,53985,62500
'14SF2',10002,53985,63400
'14SF2',10002,53985,65100
'14SF2',10002,53985,71400
'14SF2',10002,53985,73500
'14SF2',10002,53985,75500
'14SF2',10002,53985,81500
'14SF2',10002,53985,83500
'14SF2',10002,53985,85500
'14SF2',10002,53985,91500
'14SF2',10002,53985,93500
'14SF2',10002,53985,95500
'14SF2',10002,53985,101500
'14SF2',10002,53985,103500
'14SF2',10002,53985,105500
'14SF2',10002,53985,111500
'14SF2',10002,53985,112600
'14SF2',10002,53985,113700
'14SF2',10002,53985,114800
'14SF2',10002,53985,115900
'14SF2',10002,53985,120900
'14SF2',10002,53985,121900
'14SF2',10002,53985,122900
'14SF2',10002,53985,123900
'14SF2',10002,53985,124900
'14SF2',10002,53985,125900
'14SF2',10002,53985,130900
'14SF2',10002,53985,131900
'14SF2',10002,53985,132900
'14SF2',10002,53985,133900
'14SF2',10002,53985,134900
'14SF2',10002,53985,135900
'14SF2',10002,53985,141800
'14SF2',10002,53985,143700
'14SF2',10002,53985,145600
'14SF2',10002,53985,151500
'14SF2',10002,53985,153400
'14SF2',10002,53985,155400
'14SF2',10002,53985,161400
'14SF2',10002,53985,164200
'14SF2',10002,53985,171000
'14SF2',10002,53985,173900
'14SF2',10002,53985,180800
'14SF2',10002,53985,183700
'14SF2',10002,53985,191000
'14SF2',10002,53985,194200
'14SF2',10002,53985,201400
'14SF2',10002,53985,204600
'14SF2',10002,53985,211600
'14SF2',10002,53985,214600
'14SF2',10002,53985,221600
'14SF2',10002,53985,224600
'14SF2',10002,53985,231600
'14SF2',10002,53985,234600
'14SF2',10002,53985,241600
'14SF2',10002,53985,244600
'14SI',10002,53985,54600
'14SI',10002,53985,61100
'14SI',10002,53985,62600
'14SI',10002,53985,65500
'14SI',10002,53985,72500
'14SI',10002,53985,75500
'14SI',10002,53985,82500
'14SI',10002,53985,85500
'14SI',10002,53985,92500
'14SI',10002,53985,95500
'14SI',10002,53985,102500
'14SI',10002,53985,104600
'14SI',10002,53985,110600
'14SI',10002,53985,112600
'14SI',10002,53985,114600
'14SI',10002,53985,120600
'14SI',10002,53985,122600
'14SI',10002,53985,124600
'14SI',10002,53985,130600
'14SI',10002,53985,132600
'14SI',10002,53985,134600
'14SI',10002,53985,140600
'14SI',10002,53985,142600
'14SI',10002,53985,144600
'14SI',10002,53985,151600
'14SI',10002,53985,154600
'14SI',10002,53985,161600
'14SI',10002,53985,164600
'14SI',10002,53985,171600
'14SI',10002,53985,174600
'14SI',10002,53985,181600
'14SI',10002,53985,184600
'14SI',10002,53985,191600
'14SI',10002,53985,194600
'14SI',10002,53985,201600
'14SI',10002,53985,204600
'14SI',10002,53985,211600
'14SI',10002,53985,214600
'14SI',10002,53985,221600
'14SI',10002,53985,224600
'14SI',10002,53985,231600
'14SI',10002,53985,234600
'14SI',10002,53985,241600
'14SI',10002,53985,244900
'14SS',10002,53985,52100
'14SS',10002,53985,53100
'14SS',10002,53985,53900
'14SS',10002,53985,54600
'14SS',10002,53985,55200
'14SS',10002,53985,55800
'14SS',10002,53985,60700
'14SS',10002,53985,61500
'14SS',10002,53985,62200
'14SS',10002,53985,63000
'14SS',10002,53985,63800
'14SS',10002,53985,64500
'14SS',10002,53985,65200
'14SS',10002,53985,65900
'14SS',10002,53985,70600
'14SS',10002,53985,71300
'14SS',10002,53985,72000
'14SS',10002,53985,72600
'14SS',10002,53985,73200
'14SS',10002,53985,73800
'14SS',10002,53985,74400
'14SS',10002,53985,74900
'14SS',10002,53985,75500
'14SS',10002,53985,80300
'14SS',10002,53985,81100
'14SS',10002,53985,81900
'14SS',10002,53985,82600
'14SS',10002,53985,83300
'14SS',10002,53985,83900
'14SS',10002,53985,84600
'14SS',10002,53985,85500
'14SS',10002,53985,90300
'14SS',10002,53985,91100
'14SS',10002,53985,92100
'14SS',10002,53985,94100
'14SS',10002,53985,100100
'14SS',10002,53985,102100
'14SS',10002,53985,104100
'14SS',10002,53985,110100
'14SS',10002,53985,112100
'14SS',10002,53985,114100
'14SS',10002,53985,120100
'14SS',10002,53985,122100
'14SS',10002,53985,123600
'14SS',10002,53985,125100
'14SS',10002,53985,130600
'14SS',10002,53985,132100
'14SS',10002,53985,133200
'14SS',10002,53985,134300
'14SS',10002,53985,135300
'14SS',10002,53985,140400
'14SS',10002,53985,141500
'14SS',10002,53985,142600
'14SS',10002,53985,143800
'14SS',10002,53985,150700
'14SS',10002,53985,153700
'14SS',10002,53985,160700
'14SS',10002,53985,163700
'14SS',10002,53985,170700
'14SS',10002,53985,173700
'14SS',10002,53985,180700
'14SS',10002,53985,183500
'14SS',10002,53985,190500
'14SS',10002,53985,193900
'14SS',10002,53985,200600
'14SS',10002,53985,204000
'14SS',10002,53985,210700
'14SS',10002,53985,213600
'14SS',10002,53985,220500
'14SS',10002,53985,223500
'14SS',10002,53985,230500
'14SS',10002,53985,233500
'14SS',10002,53985,241000
'14SS',10002,53985,244600
