'14SA',21201,58559,55100
'14SA',21201,58559,61900
'14SA',21201,58559,64900
'14SA',21201,58559,71900
'14SA',21201,58559,74900
'14SA',21201,58559,81900
'14SA',21201,58559,84900
'14SA',21201,58559,91900
'14SA',21201,58559,94900
'14SA',21201,58559,101900
'14SA',21201,58559,104900
'14SA',21201,58559,111900
'14SA',21201,58559,114900
'14SA',21201,58559,121900
'14SA',21201,58559,124900
'14SA',21201,58559,131900
'14SA',21201,58559,134900
'14SA',21201,58559,141900
'14SA',21201,58559,144900
'14SA',21201,58559,151900
'14SA',21201,58559,154900
'14SA',21201,58559,161900
'14SA',21201,58559,164900
'14SA',21201,58559,171900
'14SA',21201,58559,174900
'14SA',21201,58559,181900
'14SA',21201,58559,184900
'14SA',21201,58559,191900
'14SA',21201,58559,194900
'14SA',21201,58559,201900
'14SA',21201,58559,204900
'14SA',21201,58559,211900
'14SA',21201,58559,214900
'14SA',21201,58559,221900
'14SA',21201,58559,224900
'14SA',21201,58559,231900
'14SA',21201,58559,234900
'14SA',21201,58559,241900
'14SA',21201,58559,244900
'14SA',21201,58559,251900
'14SA',21201,58559,254900
'14SA',21201,58559,261900
'14SF1',21201,58559,54900
'14SF1',21201,58559,61900
'14SF1',21201,58559,64900
'14SF1',21201,58559,71900
'14SF1',21201,58559,74900
'14SF1',21201,58559,81900
'14SF1',21201,58559,84900
'14SF1',21201,58559,91900
'14SF1',21201,58559,94900
'14SF1',21201,58559,101900
'14SF1',21201,58559,104900
'14SF1',21201,58559,111900
'14SF1',21201,58559,114900
'14SF1',21201,58559,121900
'14SF1',21201,58559,124900
'14SF1',21201,58559,131900
'14SF1',21201,58559,134900
'14SF1',21201,58559,141900
'14SF1',21201,58559,144900
'14SF1',21201,58559,151900
'14SF1',21201,58559,154900
'14SF1',21201,58559,161900
'14SF1',21201,58559,164900
'14SF1',21201,58559,171900
'14SF1',21201,58559,174900
'14SF1',21201,58559,181900
'14SF1',21201,58559,184900
'14SF1',21201,58559,191900
'14SF1',21201,58559,194900
'14SF1',21201,58559,201900
'14SF1',21201,58559,204900
'14SF1',21201,58559,211900
'14SF1',21201,58559,214900
'14SF1',21201,58559,221900
'14SF1',21201,58559,224900
'14SF1',21201,58559,231900
'14SF1',21201,58559,234900
'14SF1',21201,58559,241900
'14SF1',21201,58559,244900
'14SF2',21201,58559,54900
'14SF2',21201,58559,61900
'14SF2',21201,58559,64900
'14SF2',21201,58559,71900
'14SF2',21201,58559,74900
'14SF2',21201,58559,81900
'14SF2',21201,58559,84900
'14SF2',21201,58559,91900
'14SF2',21201,58559,94900
'14SF2',21201,58559,101900
'14SF2',21201,58559,104900
'14SF2',21201,58559,111900
'14SF2',21201,58559,114900
'14SF2',21201,58559,121900
'14SF2',21201,58559,124900
'14SF2',21201,58559,131900
'14SF2',21201,58559,134900
'14SF2',21201,58559,141900
'14SF2',21201,58559,144900
'14SF2',21201,58559,151900
'14SF2',21201,58559,154900
'14SF2',21201,58559,161900
'14SF2',21201,58559,164900
'14SF2',21201,58559,171900
'14SF2',21201,58559,174900
'14SF2',21201,58559,181900
'14SF2',21201,58559,184900
'14SF2',21201,58559,191900
'14SF2',21201,58559,194900
'14SF2',21201,58559,201900
'14SF2',21201,58559,204900
'14SF2',21201,58559,211900
'14SF2',21201,58559,214900
'14SF2',21201,58559,221900
'14SF2',21201,58559,224900
'14SF2',21201,58559,231900
'14SF2',21201,58559,234900
'14SF2',21201,58559,241900
'14SF2',21201,58559,244900
'14SI',21201,58559,54900
'14SI',21201,58559,61900
'14SI',21201,58559,64900
'14SI',21201,58559,71900
'14SI',21201,58559,74900
'14SI',21201,58559,81900
'14SI',21201,58559,84900
'14SI',21201,58559,91900
'14SI',21201,58559,94900
'14SI',21201,58559,101900
'14SI',21201,58559,104900
'14SI',21201,58559,111900
'14SI',21201,58559,114900
'14SI',21201,58559,121900
'14SI',21201,58559,124900
'14SI',21201,58559,131900
'14SI',21201,58559,134900
'14SI',21201,58559,141900
'14SI',21201,58559,144900
'14SI',21201,58559,151900
'14SI',21201,58559,154900
'14SI',21201,58559,161900
'14SI',21201,58559,164900
'14SI',21201,58559,171900
'14SI',21201,58559,174900
'14SI',21201,58559,181900
'14SI',21201,58559,184900
'14SI',21201,58559,191900
'14SI',21201,58559,194900
'14SI',21201,58559,201900
'14SI',21201,58559,204900
'14SI',21201,58559,211900
'14SI',21201,58559,214900
'14SI',21201,58559,221900
'14SI',21201,58559,224900
'14SI',21201,58559,231900
'14SI',21201,58559,234900
'14SI',21201,58559,241900
'14SI',21201,58559,244900
'14SS',21201,58559,44000
'14SS',21201,58559,50600
'14SS',21201,58559,53300
'14SS',21201,58559,55100
'14SS',21201,58559,60800
'14SS',21201,58559,62500
'14SS',21201,58559,64200
'14SS',21201,58559,65900
'14SS',21201,58559,71600
'14SS',21201,58559,73300
'14SS',21201,58559,75000
'14SS',21201,58559,80700
'14SS',21201,58559,82400
'14SS',21201,58559,84100
'14SS',21201,58559,85800
'14SS',21201,58559,91500
'14SS',21201,58559,93200
'14SS',21201,58559,94900
'14SS',21201,58559,100600
'14SS',21201,58559,102300
'14SS',21201,58559,104000
'14SS',21201,58559,105700
'14SS',21201,58559,111400
'14SS',21201,58559,113100
'14SS',21201,58559,114800
'14SS',21201,58559,120500
'14SS',21201,58559,122200
'14SS',21201,58559,123900
'14SS',21201,58559,125600
'14SS',21201,58559,131300
'14SS',21201,58559,133000
'14SS',21201,58559,134700
'14SS',21201,58559,140400
'14SS',21201,58559,142100
'14SS',21201,58559,143800
'14SS',21201,58559,145500
'14SS',21201,58559,151200
'14SS',21201,58559,152900
'14SS',21201,58559,154600
'14SS',21201,58559,160300
'14SS',21201,58559,162000
'14SS',21201,58559,163700
'14SS',21201,58559,165400
'14SS',21201,58559,171100
'14SS',21201,58559,172700
'14SS',21201,58559,174300
'14SS',21201,58559,175600
'14SS',21201,58559,181700
'14SS',21201,58559,183500
'14SS',21201,58559,185400
'14SS',21201,58559,191400
'14SS',21201,58559,193400
'14SS',21201,58559,200400
'14SS',21201,58559,203400
'14SS',21201,58559,210400
'14SS',21201,58559,213400
'14SS',21201,58559,220400
'14SS',21201,58559,223400
'14SS',21201,58559,230400
'14SS',21201,58559,233400
'14SS',21201,58559,240400
'14SS',21201,58559,243400
'14SS',21201,58559,250400
'14SS',21201,58559,253400
'14SS',21201,58559,260400
