'15JA',4503,52022,55800
'15JA',4503,52022,62700
'15JA',4503,52022,65700
'15JA',4503,52022,72700
'15JA',4503,52022,75900
'15JA',4503,52022,82900
'15JA',4503,52022,85900
'15JA',4503,52022,93000
'15JA',4503,52022,100200
'15JA',4503,52022,103200
'15JA',4503,52022,110200
'15JA',4503,52022,113000
'15JA',4503,52022,115100
'15JA',4503,52022,121200
'15JA',4503,52022,123200
'15JA',4503,52022,125300
'15JA',4503,52022,131400
'15JA',4503,52022,133400
'15JA',4503,52022,134700
'15JA',4503,52022,140100
'15JA',4503,52022,141500
'15JA',4503,52022,143000
'15JA',4503,52022,144500
'15JA',4503,52022,150000
'15JA',4503,52022,151500
'15JA',4503,52022,153000
'15JA',4503,52022,154500
'15JA',4503,52022,160000
'15JA',4503,52022,161400
'15JA',4503,52022,162900
'15JA',4503,52022,164400
'15JA',4503,52022,165900
'15JA',4503,52022,170900
'15JA',4503,52022,171900
'15JA',4503,52022,172900
'15JA',4503,52022,173900
'15JA',4503,52022,174900
'15JA',4503,52022,175900
'15JA',4503,52022,181000
'15JA',4503,52022,182200
'15JA',4503,52022,183400
'15JA',4503,52022,184600
'15JA',4503,52022,185800
'15JA',4503,52022,190900
'15JA',4503,52022,192000
'15JA',4503,52022,193600
'15JA',4503,52022,200300
'15JA',4503,52022,203300
'15JA',4503,52022,210300
'15JA',4503,52022,213300
'15JA',4503,52022,220300
'15JA',4503,52022,223300
'15JA',4503,52022,230300
'15JA',4503,52022,233300
'15JA',4503,52022,240000
'15JA',4503,52022,242800
'15JA',4503,52022,245800
'15JA',4503,52022,252800
'15JA',4503,52022,255800
'15JI',4503,52022,55900
'15JI',4503,52022,62900
'15JI',4503,52022,65900
'15JI',4503,52022,72900
'15JI',4503,52022,80000
'15JI',4503,52022,83000
'15JI',4503,52022,90000
'15JI',4503,52022,93000
'15JI',4503,52022,100200
'15JI',4503,52022,103200
'15JI',4503,52022,110300
'15JI',4503,52022,113300
'15JI',4503,52022,120400
'15JI',4503,52022,122500
'15JI',4503,52022,124500
'15JI',4503,52022,130500
'15JI',4503,52022,132500
'15JI',4503,52022,134500
'15JI',4503,52022,140500
'15JI',4503,52022,142200
'15JI',4503,52022,143700
'15JI',4503,52022,145100
'15JI',4503,52022,150600
'15JI',4503,52022,152100
'15JI',4503,52022,153600
'15JI',4503,52022,155100
'15JI',4503,52022,160600
'15JI',4503,52022,162100
'15JI',4503,52022,163600
'15JI',4503,52022,165100
'15JI',4503,52022,170600
'15JI',4503,52022,172100
'15JI',4503,52022,173600
'15JI',4503,52022,175100
'15JI',4503,52022,180600
'15JI',4503,52022,182100
'15JI',4503,52022,183600
'15JI',4503,52022,185800
'15JI',4503,52022,192800
'15JI',4503,52022,195800
'15JI',4503,52022,202800
'15JI',4503,52022,205800
'15JI',4503,52022,212800
'15JI',4503,52022,215800
'15JI',4503,52022,222800
'15JI',4503,52022,225500
'15JI',4503,52022,232300
'15JI',4503,52022,235200
'15JI',4503,52022,242200
'15JI',4503,52022,245200
'15JI',4503,52022,252200
'15JS',4503,52022,54700
'15JS',4503,52022,61400
'15JS',4503,52022,64400
'15JS',4503,52022,70600
'15JS',4503,52022,72600
'15JS',4503,52022,74600
'15JS',4503,52022,80100
'15JS',4503,52022,81100
'15JS',4503,52022,82100
'15JS',4503,52022,83000
'15JS',4503,52022,84000
'15JS',4503,52022,85500
'15JS',4503,52022,92500
'15JS',4503,52022,95500
'15JS',4503,52022,102500
'15JS',4503,52022,105500
'15JS',4503,52022,112500
'15JS',4503,52022,114500
'15JS',4503,52022,120500
'15JS',4503,52022,122500
'15JS',4503,52022,124500
'15JS',4503,52022,130500
'15JS',4503,52022,132500
'15JS',4503,52022,134500
'15JS',4503,52022,140600
'15JS',4503,52022,142200
'15JS',4503,52022,143700
'15JS',4503,52022,144700
'15JS',4503,52022,145700
'15JS',4503,52022,150700
'15JS',4503,52022,151700
'15JS',4503,52022,152600
'15JS',4503,52022,153600
'15JS',4503,52022,154600
'15JS',4503,52022,155700
'15JS',4503,52022,160700
'15JS',4503,52022,161700
'15JS',4503,52022,162600
'15JS',4503,52022,163400
'15JS',4503,52022,164200
'15JS',4503,52022,165000
'15JS',4503,52022,165800
'15JS',4503,52022,170700
'15JS',4503,52022,171700
'15JS',4503,52022,172600
'15JS',4503,52022,173600
'15JS',4503,52022,174600
'15JS',4503,52022,175600
'15JS',4503,52022,180600
'15JS',4503,52022,181500
'15JS',4503,52022,182500
'15JS',4503,52022,183500
'15JS',4503,52022,184500
'15JS',4503,52022,185500
'15JS',4503,52022,190400
'15JS',4503,52022,191400
'15JS',4503,52022,192400
'15JS',4503,52022,193400
'15JS',4503,52022,194400
'15JS',4503,52022,195400
'15JS',4503,52022,200400
'15JS',4503,52022,201400
'15JS',4503,52022,202400
'15JS',4503,52022,203400
'15JS',4503,52022,204400
'15JS',4503,52022,205400
'15JS',4503,52022,210400
'15JS',4503,52022,211400
'15JS',4503,52022,212400
'15JS',4503,52022,214400
'15JS',4503,52022,220900
'15JS',4503,52022,223400
'15JS',4503,52022,225800
'15JS',4503,52022,232300
'15JS',4503,52022,235300
'15JS',4503,52022,242200
'15JS',4503,52022,245300
'15JS',4503,52022,252400
'15JA',35903,52022,262100
'15JA',35903,52022,264200
'15JA',35903,52022,270200
'15JA',35903,52022,273100
'15JA',35903,52022,280600
'15JA',35903,52022,284000
'15JA',35903,52022,291500
'15JI',35903,52022,254500
'15JI',35903,52022,262000
'15JI',35903,52022,265500
'15JI',35903,52022,273000
'15JI',35903,52022,280500
'15JI',35903,52022,284000
'15JI',35903,52022,291500
'15JS',35903,52022,254500
'15JS',35903,52022,262000
'15JS',35903,52022,265500
'15JS',35903,52022,273000
'15JS',35903,52022,280400
'15JS',35903,52022,283900
'15JS',35903,52022,291400
