'15MF1',18801,54769,152200
'15MF1',18801,54769,160000
'15MF1',18801,54769,163700
'15MF1',18801,54769,171600
'15MF1',18801,54769,175100
'15MF1',18801,54769,182700
'15MF1',18801,54769,190000
'15MF2',18801,54769,152200
'15MF2',18801,54769,160000
'15MF2',18801,54769,163700
'15MF2',18801,54769,171600
'15MF2',18801,54769,175100
'15MF2',18801,54769,182700
'15MF2',18801,54769,190000
'15MS',18801,54769,152200
'15MS',18801,54769,160000
'15MS',18801,54769,163700
'15MS',18801,54769,171600
'15MS',18801,54769,175100
'15MS',18801,54769,182700
'15MS',18801,54769,190000
