'15JA',8602,54384,50200
'15JA',8602,54384,53300
'15JA',8602,54384,60300
'15JA',8602,54384,63200
'15JA',8602,54384,70300
'15JA',8602,54384,73400
'15JA',8602,54384,80400
'15JA',8602,54384,83300
'15JA',8602,54384,90700
'15JA',8602,54384,94100
'15JA',8602,54384,101100
'15JA',8602,54384,104000
'15JA',8602,54384,111600
'15JA',8602,54384,115300
'15JA',8602,54384,122200
'15JA',8602,54384,125100
'15JA',8602,54384,132500
'15JA',8602,54384,135700
'15JA',8602,54384,142800
'15JA',8602,54384,150300
'15JA',8602,54384,153700
'15JA',8602,54384,161000
'15JA',8602,54384,164300
'15JA',8602,54384,171600
'15JA',8602,54384,175000
'15JA',8602,54384,182300
'15JA',8602,54384,185500
'15JA',8602,54384,192500
'15JA',8602,54384,195700
'15JA',8602,54384,202900
'15JA',8602,54384,210200
'15JA',8602,54384,213200
'15JA',8602,54384,220400
'15JA',8602,54384,223500
'15JA',8602,54384,230600
'15JA',8602,54384,233600
'15JA',8602,54384,240400
'15JA',8602,54384,243200
'15JA',8602,54384,250300
'15JA',8602,54384,253300
'15JI',8602,54384,50400
'15JI',8602,54384,53400
'15JI',8602,54384,60400
'15JI',8602,54384,63300
'15JI',8602,54384,70100
'15JI',8602,54384,73000
'15JI',8602,54384,80100
'15JI',8602,54384,82900
'15JI',8602,54384,90100
'15JI',8602,54384,93200
'15JI',8602,54384,100600
'15JI',8602,54384,103600
'15JI',8602,54384,110800
'15JI',8602,54384,114000
'15JI',8602,54384,121300
'15JI',8602,54384,124400
'15JI',8602,54384,131700
'15JI',8602,54384,134800
'15JI',8602,54384,142100
'15JI',8602,54384,145300
'15JI',8602,54384,152500
'15JI',8602,54384,155600
'15JI',8602,54384,162800
'15JI',8602,54384,170000
'15JI',8602,54384,173200
'15JI',8602,54384,180300
'15JI',8602,54384,183500
'15JI',8602,54384,190700
'15JI',8602,54384,194000
'15JI',8602,54384,201200
'15JI',8602,54384,204300
'15JI',8602,54384,211400
'15JI',8602,54384,214500
'15JI',8602,54384,221600
'15JI',8602,54384,224700
'15JI',8602,54384,231600
'15JI',8602,54384,234600
'15JI',8602,54384,241500
'15JI',8602,54384,244500
'15JI',8602,54384,251300
'15JS',8602,54384,50900
'15JS',8602,54384,53400
'15JS',8602,54384,60000
'15JS',8602,54384,62800
'15JS',8602,54384,65700
'15JS',8602,54384,72600
'15JS',8602,54384,75500
'15JS',8602,54384,82500
'15JS',8602,54384,85300
'15JS',8602,54384,92000
'15JS',8602,54384,94500
'15JS',8602,54384,101300
'15JS',8602,54384,104000
'15JS',8602,54384,110700
'15JS',8602,54384,113300
'15JS',8602,54384,115800
'15JS',8602,54384,122600
'15JS',8602,54384,125300
'15JS',8602,54384,132000
'15JS',8602,54384,134600
'15JS',8602,54384,141200
'15JS',8602,54384,144000
'15JS',8602,54384,150900
'15JS',8602,54384,154100
'15JS',8602,54384,160700
'15JS',8602,54384,163300
'15JS',8602,54384,170600
'15JS',8602,54384,173100
'15JS',8602,54384,180300
'15JS',8602,54384,182800
'15JS',8602,54384,185200
'15JS',8602,54384,191700
'15JS',8602,54384,194200
'15JS',8602,54384,201200
'15JS',8602,54384,203700
'15JS',8602,54384,210000
'15JS',8602,54384,212400
'15JS',8602,54384,214900
'15JS',8602,54384,221700
'15JS',8602,54384,224200
'15JS',8602,54384,230500
'15JS',8602,54384,232700
'15JS',8602,54384,234900
'15JS',8602,54384,241300
'15JS',8602,54384,243700
'15JS',8602,54384,245900
'15JS',8602,54384,252100
'15JS',43002,54384,52800
'15JS',43002,54384,53500
'15JS',43002,54384,54200
'15JS',43002,54384,55200
'15JS',43002,54384,60200
'15JS',43002,54384,61800
'15JS',43002,54384,63300
'15JS',43002,54384,64900
'15JS',43002,54384,70900
'15JS',43002,54384,72900
'15JS',43002,54384,75000
'15JS',43002,54384,81600
'15JS',43002,54384,83500
'15JS',43002,54384,90400
'15JS',43002,54384,93300
'15JS',43002,54384,100200
'15JS',43002,54384,103200
'15JS',43002,54384,110200
'15JS',43002,54384,113200
'15JS',43002,54384,120200
