'14JS',1003,51233,60100
'14JS',1003,51233,63000
'14JS',1003,51233,70500
'14JS',1003,51233,74000
'14JS',1003,51233,81000
'14JS',1003,51233,83900
'14JS',1003,51233,90800
'14JS',1003,51233,93700
'14JS',1003,51233,100200
'14JS',1003,51233,102600
'14JS',1003,51233,104900
'14JS',1003,51233,111100
'14JS',1003,51233,113400
'14JS',1003,51233,115700
'14JS',1003,51233,122200
'14JS',1003,51233,124600
'14JS',1003,51233,131000
'14JS',1003,51233,133400
'14JS',1003,51233,135800
'14JS',1003,51233,142300
'14JS',1003,51233,144800
'14JS',1003,51233,151500
'14JS',1003,51233,154200
'14JS',1003,51233,160900
'14JS',1003,51233,163500
'14JS',1003,51233,170000
'14JS',1003,51233,172500
'14JS',1003,51233,174900
'14JS',1003,51233,181100
'14JS',1003,51233,183300
'14JS',1003,51233,185400
'14JS',1003,51233,191500
'14JS',1003,51233,193700
'14JS',1003,51233,200700
'14JS',1003,51233,203700
'14JS',1003,51233,210600
'14JS',1003,51233,213500
'14JS',1003,51233,220400
'14JS',1003,51233,223400
'14JS',1003,51233,230400
'14JS',1003,51233,233300
'14JS',1003,51233,240300
'14JS',1003,51233,243300
'14JS',1003,51233,245800
'14JS',1003,51233,252300
'14JS',1003,51260,60100
'14JS',1003,51260,63000
'14JS',1003,51260,70500
'14JS',1003,51260,74000
'14JS',1003,51260,81000
'14JS',1003,51260,83900
'14JS',1003,51260,90800
'14JS',1003,51260,93700
'14JS',1003,51260,100200
'14JS',1003,51260,102600
'14JS',1003,51260,104900
'14JS',1003,51260,111100
'14JS',1003,51260,113400
'14JS',1003,51260,115700
'14JS',1003,51260,122200
'14JS',1003,51260,124600
'14JS',1003,51260,131000
'14JS',1003,51260,133400
'14JS',1003,51260,135800
'14JS',1003,51260,142300
'14JS',1003,51260,144800
'14JS',1003,51260,151400
'14JS',1003,51260,154100
'14JS',1003,51260,160800
'14JS',1003,51260,163400
'14JS',1003,51260,165900
'14JS',1003,51260,172400
'14JS',1003,51260,174900
'14JS',1003,51260,181100
'14JS',1003,51260,183300
'14JS',1003,51260,185400
'14JS',1003,51260,191500
'14JS',1003,51260,193700
'14JS',1003,51260,200700
'14JS',1003,51260,203700
'14JS',1003,51260,210600
'14JS',1003,51260,213500
'14JS',1003,51260,220400
'14JS',1003,51260,223400
'14JS',1003,51260,230400
'14JS',1003,51260,233300
'14JS',1003,51260,240300
'14JS',1003,51260,243300
'14JS',1003,51260,245800
'14JS',1003,51260,252300
'14JS',1003,51308,55900
'14JS',1003,51308,62800
'14JS',1003,51308,70300
'14JS',1003,51308,73800
'14JS',1003,51308,80800
'14JS',1003,51308,83700
'14JS',1003,51308,90600
'14JS',1003,51308,93500
'14JS',1003,51308,100000
'14JS',1003,51308,102400
'14JS',1003,51308,104700
'14JS',1003,51308,110900
'14JS',1003,51308,113200
'14JS',1003,51308,115500
'14JS',1003,51308,122000
'14JS',1003,51308,124400
'14JS',1003,51308,130800
'14JS',1003,51308,133200
'14JS',1003,51308,135600
'14JS',1003,51308,142100
'14JS',1003,51308,144600
'14JS',1003,51308,151300
'14JS',1003,51308,154000
'14JS',1003,51308,160700
'14JS',1003,51308,163300
'14JS',1003,51308,165800
'14JS',1003,51308,172300
'14JS',1003,51308,174700
'14JS',1003,51308,180900
'14JS',1003,51308,183100
'14JS',1003,51308,185200
'14JS',1003,51308,191300
'14JS',1003,51308,193500
'14JS',1003,51308,200500
'14JS',1003,51308,203500
'14JS',1003,51308,210400
'14JS',1003,51308,213300
'14JS',1003,51308,220200
'14JS',1003,51308,223200
'14JS',1003,51308,230200
'14JS',1003,51308,233100
'14JS',1003,51308,240100
'14JS',1003,51308,243100
'14JS',1003,51308,245600
'14JS',1003,51308,252200
'14JS',1003,51351,55800
'14JS',1003,51351,62700
'14JS',1003,51351,70200
'14JS',1003,51351,73600
'14JS',1003,51351,80600
'14JS',1003,51351,83500
'14JS',1003,51351,90400
'14JS',1003,51351,93300
'14JS',1003,51351,95800
'14JS',1003,51351,102200
'14JS',1003,51351,104500
'14JS',1003,51351,110700
'14JS',1003,51351,113000
'14JS',1003,51351,115300
'14JS',1003,51351,121800
'14JS',1003,51351,124200
'14JS',1003,51351,130600
'14JS',1003,51351,133000
'14JS',1003,51351,135400
'14JS',1003,51351,141900
'14JS',1003,51351,144400
'14JS',1003,51351,151100
'14JS',1003,51351,153800
'14JS',1003,51351,160500
'14JS',1003,51351,163100
'14JS',1003,51351,165600
'14JS',1003,51351,172100
'14JS',1003,51351,174500
'14JS',1003,51351,180700
'14JS',1003,51351,182900
'14JS',1003,51351,185000
'14JS',1003,51351,191100
'14JS',1003,51351,193300
'14JS',1003,51351,200300
'14JS',1003,51351,203300
'14JS',1003,51351,210300
'14JS',1003,51351,213200
'14JS',1003,51351,220100
'14JS',1003,51351,223100
'14JS',1003,51351,230100
'14JS',1003,51351,233000
'14JS',1003,51351,240000
'14JS',1003,51351,243000
'14JS',1003,51351,245500
'14JS',1003,51351,252100
'14JS',1003,51497,55500
'14JS',1003,51497,62400
'14JS',1003,51497,65900
'14JS',1003,51497,73200
'14JS',1003,51497,80200
'14JS',1003,51497,83100
'14JS',1003,51497,90000
'14JS',1003,51497,92900
'14JS',1003,51497,95400
'14JS',1003,51497,101800
'14JS',1003,51497,104100
'14JS',1003,51497,110300
'14JS',1003,51497,112600
'14JS',1003,51497,114900
'14JS',1003,51497,121400
'14JS',1003,51497,123800
'14JS',1003,51497,130200
'14JS',1003,51497,132600
'14JS',1003,51497,135000
'14JS',1003,51497,141500
'14JS',1003,51497,144000
'14JS',1003,51497,150600
'14JS',1003,51497,153300
'14JS',1003,51497,160000
'14JS',1003,51497,162600
'14JS',1003,51497,165100
'14JS',1003,51497,171600
'14JS',1003,51497,174100
'14JS',1003,51497,180300
'14JS',1003,51497,182500
'14JS',1003,51497,184600
'14JS',1003,51497,190700
'14JS',1003,51497,192900
'14JS',1003,51497,195900
'14JS',1003,51497,202900
'14JS',1003,51497,205900
'14JS',1003,51497,212900
'14JS',1003,51497,215800
'14JS',1003,51497,222800
'14JS',1003,51497,225800
'14JS',1003,51497,232700
'14JS',1003,51497,235700
'14JS',1003,51497,242700
'14JS',1003,51497,245200
'14JS',1003,51497,251800
'14JS',1003,51579,55400
'14JS',1003,51579,62300
'14JS',1003,51579,65800
'14JS',1003,51579,73100
'14JS',1003,51579,80100
'14JS',1003,51579,83000
'14JS',1003,51579,85900
'14JS',1003,51579,92800
'14JS',1003,51579,95300
'14JS',1003,51579,101700
'14JS',1003,51579,104000
'14JS',1003,51579,110200
'14JS',1003,51579,112500
'14JS',1003,51579,114800
'14JS',1003,51579,121300
'14JS',1003,51579,123700
'14JS',1003,51579,130100
'14JS',1003,51579,132500
'14JS',1003,51579,134900
'14JS',1003,51579,141400
'14JS',1003,51579,143900
'14JS',1003,51579,150500
'14JS',1003,51579,153200
'14JS',1003,51579,155900
'14JS',1003,51579,162500
'14JS',1003,51579,165000
'14JS',1003,51579,171500
'14JS',1003,51579,174000
'14JS',1003,51579,180200
'14JS',1003,51579,182400
'14JS',1003,51579,184500
'14JS',1003,51579,190600
'14JS',1003,51579,192800
'14JS',1003,51579,195800
'14JS',1003,51579,202800
'14JS',1003,51579,205800
'14JS',1003,51579,212800
'14JS',1003,51579,215700
'14JS',1003,51579,222700
'14JS',1003,51579,225700
'14JS',1003,51579,232600
'14JS',1003,51579,235600
'14JS',1003,51579,242600
'14JS',1003,51579,245100
'14JS',1003,51579,251700
'14JS',1003,51651,55300
'14JS',1003,51651,62200
'14JS',1003,51651,65700
'14JS',1003,51651,73000
'14JS',1003,51651,80000
'14JS',1003,51651,82900
'14JS',1003,51651,85800
'14JS',1003,51651,92700
'14JS',1003,51651,95200
'14JS',1003,51651,101600
'14JS',1003,51651,103900
'14JS',1003,51651,110100
'14JS',1003,51651,112400
'14JS',1003,51651,114700
'14JS',1003,51651,121200
'14JS',1003,51651,123600
'14JS',1003,51651,130000
'14JS',1003,51651,132400
'14JS',1003,51651,134800
'14JS',1003,51651,141300
'14JS',1003,51651,143800
'14JS',1003,51651,150400
'14JS',1003,51651,153100
'14JS',1003,51651,155800
'14JS',1003,51651,162400
'14JS',1003,51651,164900
'14JS',1003,51651,171400
'14JS',1003,51651,173900
'14JS',1003,51651,180100
'14JS',1003,51651,182300
'14JS',1003,51651,184400
'14JS',1003,51651,190500
'14JS',1003,51651,192700
'14JS',1003,51651,195700
'14JS',1003,51651,202700
'14JS',1003,51651,205700
'14JS',1003,51651,212700
'14JS',1003,51651,215600
'14JS',1003,51651,222600
'14JS',1003,51651,225600
'14JS',1003,51651,232500
'14JS',1003,51651,235500
'14JS',1003,51651,242500
'14JS',1003,51651,245000
'14JS',1003,51651,251700
'14JS',1003,51738,55200
'14JS',1003,51738,62100
'14JS',1003,51738,65600
'14JS',1003,51738,72900
'14JS',1003,51738,75900
'14JS',1003,51738,82800
'14JS',1003,51738,85700
'14JS',1003,51738,92600
'14JS',1003,51738,95100
'14JS',1003,51738,101500
'14JS',1003,51738,103800
'14JS',1003,51738,110000
'14JS',1003,51738,112300
'14JS',1003,51738,114600
'14JS',1003,51738,121100
'14JS',1003,51738,123500
'14JS',1003,51738,125900
'14JS',1003,51738,132300
'14JS',1003,51738,134700
'14JS',1003,51738,141200
'14JS',1003,51738,143700
'14JS',1003,51738,150300
'14JS',1003,51738,153000
'14JS',1003,51738,155700
'14JS',1003,51738,162300
'14JS',1003,51738,164800
'14JS',1003,51738,171300
'14JS',1003,51738,173800
'14JS',1003,51738,180000
'14JS',1003,51738,182200
'14JS',1003,51738,184300
'14JS',1003,51738,190400
'14JS',1003,51738,192600
'14JS',1003,51738,195600
'14JS',1003,51738,202600
'14JS',1003,51738,205600
'14JS',1003,51738,212600
'14JS',1003,51738,215500
'14JS',1003,51738,222500
'14JS',1003,51738,225500
'14JS',1003,51738,232400
'14JS',1003,51738,235400
'14JS',1003,51738,242400
'14JS',1003,51738,244900
'14JS',1003,51738,251600
'14JS',1003,51824,55200
'14JS',1003,51824,62100
'14JS',1003,51824,65500
'14JS',1003,51824,72700
'14JS',1003,51824,75700
'14JS',1003,51824,82600
'14JS',1003,51824,85600
'14JS',1003,51824,92500
'14JS',1003,51824,95000
'14JS',1003,51824,101400
'14JS',1003,51824,103700
'14JS',1003,51824,105900
'14JS',1003,51824,112200
'14JS',1003,51824,114500
'14JS',1003,51824,121000
'14JS',1003,51824,123400
'14JS',1003,51824,125800
'14JS',1003,51824,132200
'14JS',1003,51824,134600
'14JS',1003,51824,141100
'14JS',1003,51824,143600
'14JS',1003,51824,150200
'14JS',1003,51824,152900
'14JS',1003,51824,155500
'14JS',1003,51824,162100
'14JS',1003,51824,164600
'14JS',1003,51824,171100
'14JS',1003,51824,173600
'14JS',1003,51824,175900
'14JS',1003,51824,182100
'14JS',1003,51824,184200
'14JS',1003,51824,190300
'14JS',1003,51824,192500
'14JS',1003,51824,195500
'14JS',1003,51824,202500
'14JS',1003,51824,205500
'14JS',1003,51824,212500
'14JS',1003,51824,215400
'14JS',1003,51824,222400
'14JS',1003,51824,225400
'14JS',1003,51824,232400
'14JS',1003,51824,235400
'14JS',1003,51824,242400
'14JS',1003,51824,244900
'14JS',1003,51824,251500
'14JS',1003,51858,55100
'14JS',1003,51858,62000
'14JS',1003,51858,65400
'14JS',1003,51858,72700
'14JS',1003,51858,75700
'14JS',1003,51858,82600
'14JS',1003,51858,85500
'14JS',1003,51858,92500
'14JS',1003,51858,95000
'14JS',1003,51858,101400
'14JS',1003,51858,103700
'14JS',1003,51858,105900
'14JS',1003,51858,112200
'14JS',1003,51858,114500
'14JS',1003,51858,121000
'14JS',1003,51858,123300
'14JS',1003,51858,125700
'14JS',1003,51858,132100
'14JS',1003,51858,134500
'14JS',1003,51858,141000
'14JS',1003,51858,143500
'14JS',1003,51858,150100
'14JS',1003,51858,152800
'14JS',1003,51858,155500
'14JS',1003,51858,162100
'14JS',1003,51858,164600
'14JS',1003,51858,171100
'14JS',1003,51858,173600
'14JS',1003,51858,175800
'14JS',1003,51858,182000
'14JS',1003,51858,184200
'14JS',1003,51858,190300
'14JS',1003,51858,192500
'14JS',1003,51858,195500
'14JS',1003,51858,202500
'14JS',1003,51858,205500
'14JS',1003,51858,212500
'14JS',1003,51858,215400
'14JS',1003,51858,222400
'14JS',1003,51858,225400
'14JS',1003,51858,232300
'14JS',1003,51858,235300
'14JS',1003,51858,242300
'14JS',1003,51858,244800
'14JS',1003,51858,251500
'14JS',1003,51953,55000
'14JS',1003,51953,61900
'14JS',1003,51953,65300
'14JS',1003,51953,72600
'14JS',1003,51953,75600
'14JS',1003,51953,82500
'14JS',1003,51953,85400
'14JS',1003,51953,92400
'14JS',1003,51953,94900
'14JS',1003,51953,101300
'14JS',1003,51953,103600
'14JS',1003,51953,105800
'14JS',1003,51953,112100
'14JS',1003,51953,114400
'14JS',1003,51953,120900
'14JS',1003,51953,123200
'14JS',1003,51953,125600
'14JS',1003,51953,132000
'14JS',1003,51953,134400
'14JS',1003,51953,140900
'14JS',1003,51953,143400
'14JS',1003,51953,150000
'14JS',1003,51953,152700
'14JS',1003,51953,155400
'14JS',1003,51953,162000
'14JS',1003,51953,164500
'14JS',1003,51953,171000
'14JS',1003,51953,173500
'14JS',1003,51953,175700
'14JS',1003,51953,181900
'14JS',1003,51953,184100
'14JS',1003,51953,190200
'14JS',1003,51953,192400
'14JS',1003,51953,195400
'14JS',1003,51953,202400
'14JS',1003,51953,205400
'14JS',1003,51953,212400
'14JS',1003,51953,215300
'14JS',1003,51953,222300
'14JS',1003,51953,225300
'14JS',1003,51953,232200
'14JS',1003,51953,235200
'14JS',1003,51953,242200
'14JS',1003,51953,244700
'14JS',1003,51953,251400
'14JS',1003,52087,54900
'14JS',1003,52087,61800
'14JS',1003,52087,65200
'14JS',1003,52087,72400
'14JS',1003,52087,75400
'14JS',1003,52087,82300
'14JS',1003,52087,85300
'14JS',1003,52087,92300
'14JS',1003,52087,94800
'14JS',1003,52087,101200
'14JS',1003,52087,103500
'14JS',1003,52087,105700
'14JS',1003,52087,112000
'14JS',1003,52087,114300
'14JS',1003,52087,120800
'14JS',1003,52087,123100
'14JS',1003,52087,125500
'14JS',1003,52087,131900
'14JS',1003,52087,134300
'14JS',1003,52087,140800
'14JS',1003,52087,143300
'14JS',1003,52087,145900
'14JS',1003,52087,152600
'14JS',1003,52087,155200
'14JS',1003,52087,161800
'14JS',1003,52087,164300
'14JS',1003,52087,170800
'14JS',1003,52087,173300
'14JS',1003,52087,175600
'14JS',1003,52087,181800
'14JS',1003,52087,184000
'14JS',1003,52087,190100
'14JS',1003,52087,192300
'14JS',1003,52087,195300
'14JS',1003,52087,202300
'14JS',1003,52087,205300
'14JS',1003,52087,212300
'14JS',1003,52087,215200
'14JS',1003,52087,222200
'14JS',1003,52087,225200
'14JS',1003,52087,232100
'14JS',1003,52087,235100
'14JS',1003,52087,242100
'14JS',1003,52087,244600
'14JS',1003,52087,251300
'14JS',1003,52181,54800
'14JS',1003,52181,61700
'14JS',1003,52181,65100
'14JS',1003,52181,72300
'14JS',1003,52181,75300
'14JS',1003,52181,82200
'14JS',1003,52181,85200
'14JS',1003,52181,92200
'14JS',1003,52181,94700
'14JS',1003,52181,101100
'14JS',1003,52181,103400
'14JS',1003,52181,105600
'14JS',1003,52181,111900
'14JS',1003,52181,114200
'14JS',1003,52181,120700
'14JS',1003,52181,123000
'14JS',1003,52181,125400
'14JS',1003,52181,131800
'14JS',1003,52181,134200
'14JS',1003,52181,140700
'14JS',1003,52181,143200
'14JS',1003,52181,145800
'14JS',1003,52181,152500
'14JS',1003,52181,155100
'14JS',1003,52181,161700
'14JS',1003,52181,164200
'14JS',1003,52181,170700
'14JS',1003,52181,173200
'14JS',1003,52181,175500
'14JS',1003,52181,181700
'14JS',1003,52181,183900
'14JS',1003,52181,190000
'14JS',1003,52181,192200
'14JS',1003,52181,195200
'14JS',1003,52181,202200
'14JS',1003,52181,205200
'14JS',1003,52181,212200
'14JS',1003,52181,215100
'14JS',1003,52181,222100
'14JS',1003,52181,225100
'14JS',1003,52181,232000
'14JS',1003,52181,235000
'14JS',1003,52181,242000
'14JS',1003,52181,244500
'14JS',1003,52181,251200
'14JS',1003,52220,54800
'14JS',1003,52220,61700
'14JS',1003,52220,65100
'14JS',1003,52220,72300
'14JS',1003,52220,75300
'14JS',1003,52220,82200
'14JS',1003,52220,85200
'14JS',1003,52220,92100
'14JS',1003,52220,94600
'14JS',1003,52220,101000
'14JS',1003,52220,103300
'14JS',1003,52220,105500
'14JS',1003,52220,111800
'14JS',1003,52220,114100
'14JS',1003,52220,120600
'14JS',1003,52220,123000
'14JS',1003,52220,125400
'14JS',1003,52220,131800
'14JS',1003,52220,134200
'14JS',1003,52220,140700
'14JS',1003,52220,143200
'14JS',1003,52220,145800
'14JS',1003,52220,152500
'14JS',1003,52220,155100
'14JS',1003,52220,161700
'14JS',1003,52220,164200
'14JS',1003,52220,170700
'14JS',1003,52220,173200
'14JS',1003,52220,175500
'14JS',1003,52220,181700
'14JS',1003,52220,183800
'14JS',1003,52220,185900
'14JS',1003,52220,192100
'14JS',1003,52220,195100
'14JS',1003,52220,202100
'14JS',1003,52220,205100
'14JS',1003,52220,212100
'14JS',1003,52220,215000
'14JS',1003,52220,222000
'14JS',1003,52220,225000
'14JS',1003,52220,232000
'14JS',1003,52220,235000
'14JS',1003,52220,242000
'14JS',1003,52220,244500
'14JS',1003,52220,251200
'14JS',1003,52267,54800
'14JS',1003,52267,61700
'14JS',1003,52267,65000
'14JS',1003,52267,72200
'14JS',1003,52267,75200
'14JS',1003,52267,82100
'14JS',1003,52267,85100
'14JS',1003,52267,92100
'14JS',1003,52267,94600
'14JS',1003,52267,101000
'14JS',1003,52267,103300
'14JS',1003,52267,105500
'14JS',1003,52267,111800
'14JS',1003,52267,114100
'14JS',1003,52267,120600
'14JS',1003,52267,122900
'14JS',1003,52267,125300
'14JS',1003,52267,131700
'14JS',1003,52267,134100
'14JS',1003,52267,140600
'14JS',1003,52267,143100
'14JS',1003,52267,145700
'14JS',1003,52267,152400
'14JS',1003,52267,155000
'14JS',1003,52267,161600
'14JS',1003,52267,164100
'14JS',1003,52267,170600
'14JS',1003,52267,173100
'14JS',1003,52267,175400
'14JS',1003,52267,181600
'14JS',1003,52267,183800
'14JS',1003,52267,185900
'14JS',1003,52267,192100
'14JS',1003,52267,195100
'14JS',1003,52267,202100
'14JS',1003,52267,205100
'14JS',1003,52267,212100
'14JS',1003,52267,215000
'14JS',1003,52267,222000
'14JS',1003,52267,225000
'14JS',1003,52267,232000
'14JS',1003,52267,235000
'14JS',1003,52267,242000
'14JS',1003,52267,244500
'14JS',1003,52267,251200
'14JS',1003,52380,54700
'14JS',1003,52380,61600
'14JS',1003,52380,64900
'14JS',1003,52380,72100
'14JS',1003,52380,75100
'14JS',1003,52380,82000
'14JS',1003,52380,85000
'14JS',1003,52380,92000
'14JS',1003,52380,94500
'14JS',1003,52380,100900
'14JS',1003,52380,103200
'14JS',1003,52380,105400
'14JS',1003,52380,111700
'14JS',1003,52380,114000
'14JS',1003,52380,120500
'14JS',1003,52380,122800
'14JS',1003,52380,125200
'14JS',1003,52380,131600
'14JS',1003,52380,134000
'14JS',1003,52380,140500
'14JS',1003,52380,143000
'14JS',1003,52380,145600
'14JS',1003,52380,152300
'14JS',1003,52380,154900
'14JS',1003,52380,161500
'14JS',1003,52380,164000
'14JS',1003,52380,170500
'14JS',1003,52380,173000
'14JS',1003,52380,175300
'14JS',1003,52380,181500
'14JS',1003,52380,183700
'14JS',1003,52380,185800
'14JS',1003,52380,192000
'14JS',1003,52380,195000
'14JS',1003,52380,202000
'14JS',1003,52380,205000
'14JS',1003,52380,212000
'14JS',1003,52380,214900
'14JS',1003,52380,221900
'14JS',1003,52380,224900
'14JS',1003,52380,231900
'14JS',1003,52380,234900
'14JS',1003,52380,241900
'14JS',1003,52380,244400
'14JS',1003,52380,251100
'14JS',1003,52456,54600
'14JS',1003,52456,61500
'14JS',1003,52456,64800
'14JS',1003,52456,72000
'14JS',1003,52456,75000
'14JS',1003,52456,81900
'14JS',1003,52456,84900
'14JS',1003,52456,91900
'14JS',1003,52456,94400
'14JS',1003,52456,100800
'14JS',1003,52456,103100
'14JS',1003,52456,105300
'14JS',1003,52456,111600
'14JS',1003,52456,113900
'14JS',1003,52456,120400
'14JS',1003,52456,122700
'14JS',1003,52456,125100
'14JS',1003,52456,131500
'14JS',1003,52456,133900
'14JS',1003,52456,140400
'14JS',1003,52456,142900
'14JS',1003,52456,145500
'14JS',1003,52456,152200
'14JS',1003,52456,154800
'14JS',1003,52456,161400
'14JS',1003,52456,163900
'14JS',1003,52456,170400
'14JS',1003,52456,172900
'14JS',1003,52456,175200
'14JS',1003,52456,181400
'14JS',1003,52456,183600
'14JS',1003,52456,185700
'14JS',1003,52456,191900
'14JS',1003,52456,194900
'14JS',1003,52456,201900
'14JS',1003,52456,204900
'14JS',1003,52456,211900
'14JS',1003,52456,214800
'14JS',1003,52456,221800
'14JS',1003,52456,224800
'14JS',1003,52456,231800
'14JS',1003,52456,234800
'14JS',1003,52456,241800
'14JS',1003,52456,244300
'14JS',1003,52456,251100
'14JS',1003,52561,54600
'14JS',1003,52561,61500
'14JS',1003,52561,64800
'14JS',1003,52561,72000
'14JS',1003,52561,74900
'14JS',1003,52561,81800
'14JS',1003,52561,84800
'14JS',1003,52561,91800
'14JS',1003,52561,94300
'14JS',1003,52561,100700
'14JS',1003,52561,103000
'14JS',1003,52561,105200
'14JS',1003,52561,111500
'14JS',1003,52561,113800
'14JS',1003,52561,120300
'14JS',1003,52561,122600
'14JS',1003,52561,125000
'14JS',1003,52561,131400
'14JS',1003,52561,133800
'14JS',1003,52561,140300
'14JS',1003,52561,142800
'14JS',1003,52561,145400
'14JS',1003,52561,152100
'14JS',1003,52561,154700
'14JS',1003,52561,161300
'14JS',1003,52561,163800
'14JS',1003,52561,170300
'14JS',1003,52561,172800
'14JS',1003,52561,175100
'14JS',1003,52561,181300
'14JS',1003,52561,183500
'14JS',1003,52561,185600
'14JS',1003,52561,191800
'14JS',1003,52561,194800
'14JS',1003,52561,201800
'14JS',1003,52561,204800
'14JS',1003,52561,211800
'14JS',1003,52561,214800
'14JS',1003,52561,221800
'14JS',1003,52561,224800
'14JS',1003,52561,231800
'14JS',1003,52561,234800
'14JS',1003,52561,241800
'14JS',1003,52561,244300
'14JS',1003,52561,251000
'14JS',1003,52637,54500
'14JS',1003,52637,61400
'14JS',1003,52637,64700
'14JS',1003,52637,71900
'14JS',1003,52637,74900
'14JS',1003,52637,81800
'14JS',1003,52637,84800
'14JS',1003,52637,91800
'14JS',1003,52637,94300
'14JS',1003,52637,100700
'14JS',1003,52637,103000
'14JS',1003,52637,105200
'14JS',1003,52637,111500
'14JS',1003,52637,113800
'14JS',1003,52637,120200
'14JS',1003,52637,122500
'14JS',1003,52637,124900
'14JS',1003,52637,131300
'14JS',1003,52637,133700
'14JS',1003,52637,140200
'14JS',1003,52637,142700
'14JS',1003,52637,145300
'14JS',1003,52637,152000
'14JS',1003,52637,154600
'14JS',1003,52637,161200
'14JS',1003,52637,163700
'14JS',1003,52637,170200
'14JS',1003,52637,172700
'14JS',1003,52637,175000
'14JS',1003,52637,181200
'14JS',1003,52637,183400
'14JS',1003,52637,185600
'14JS',1003,52637,191800
'14JS',1003,52637,194800
'14JS',1003,52637,201800
'14JS',1003,52637,204800
'14JS',1003,52637,211800
'14JS',1003,52637,214700
'14JS',1003,52637,221700
'14JS',1003,52637,224700
'14JS',1003,52637,231700
'14JS',1003,52637,234700
'14JS',1003,52637,241700
'14JS',1003,52637,244200
'14JS',1003,52637,250900
'14JS',1003,52718,54500
'14JS',1003,52718,61400
'14JS',1003,52718,64600
'14JS',1003,52718,71800
'14JS',1003,52718,74800
'14JS',1003,52718,81700
'14JS',1003,52718,84700
'14JS',1003,52718,91700
'14JS',1003,52718,94200
'14JS',1003,52718,100600
'14JS',1003,52718,102900
'14JS',1003,52718,105100
'14JS',1003,52718,111400
'14JS',1003,52718,113700
'14JS',1003,52718,120100
'14JS',1003,52718,122400
'14JS',1003,52718,124800
'14JS',1003,52718,131200
'14JS',1003,52718,133600
'14JS',1003,52718,140100
'14JS',1003,52718,142600
'14JS',1003,52718,145200
'14JS',1003,52718,151900
'14JS',1003,52718,154500
'14JS',1003,52718,161100
'14JS',1003,52718,163600
'14JS',1003,52718,170100
'14JS',1003,52718,172600
'14JS',1003,52718,174900
'14JS',1003,52718,181100
'14JS',1003,52718,183300
'14JS',1003,52718,185500
'14JS',1003,52718,191700
'14JS',1003,52718,194700
'14JS',1003,52718,201700
'14JS',1003,52718,204700
'14JS',1003,52718,211700
'14JS',1003,52718,214600
'14JS',1003,52718,221600
'14JS',1003,52718,224600
'14JS',1003,52718,231600
'14JS',1003,52718,234600
'14JS',1003,52718,241700
'14JS',1003,52718,244200
'14JS',1003,52718,250900
'14JS',1003,52813,54400
'14JS',1003,52813,61300
'14JS',1003,52813,64500
'14JS',1003,52813,71700
'14JS',1003,52813,74700
'14JS',1003,52813,81600
'14JS',1003,52813,84600
'14JS',1003,52813,91600
'14JS',1003,52813,94100
'14JS',1003,52813,100500
'14JS',1003,52813,102800
'14JS',1003,52813,105000
'14JS',1003,52813,111300
'14JS',1003,52813,113600
'14JS',1003,52813,120000
'14JS',1003,52813,122300
'14JS',1003,52813,124700
'14JS',1003,52813,131100
'14JS',1003,52813,133500
'14JS',1003,52813,140000
'14JS',1003,52813,142500
'14JS',1003,52813,145100
'14JS',1003,52813,151800
'14JS',1003,52813,154400
'14JS',1003,52813,161000
'14JS',1003,52813,163500
'14JS',1003,52813,170000
'14JS',1003,52813,172500
'14JS',1003,52813,174800
'14JS',1003,52813,181000
'14JS',1003,52813,183200
'14JS',1003,52813,185400
'14JS',1003,52813,191600
'14JS',1003,52813,194600
'14JS',1003,52813,201600
'14JS',1003,52813,204600
'14JS',1003,52813,211600
'14JS',1003,52813,214500
'14JS',1003,52813,221500
'14JS',1003,52813,224500
'14JS',1003,52813,231500
'14JS',1003,52813,234500
'14JS',1003,52813,241600
'14JS',1003,52813,244100
'14JS',1003,52813,250800
'14JS',1003,52895,54300
'14JS',1003,52895,61200
'14JS',1003,52895,64500
'14JS',1003,52895,71700
'14JS',1003,52895,74600
'14JS',1003,52895,81500
'14JS',1003,52895,84500
'14JS',1003,52895,91500
'14JS',1003,52895,94000
'14JS',1003,52895,100400
'14JS',1003,52895,102700
'14JS',1003,52895,104900
'14JS',1003,52895,111200
'14JS',1003,52895,113500
'14JS',1003,52895,115900
'14JS',1003,52895,122200
'14JS',1003,52895,124600
'14JS',1003,52895,131000
'14JS',1003,52895,133400
'14JS',1003,52895,135900
'14JS',1003,52895,142400
'14JS',1003,52895,145000
'14JS',1003,52895,151700
'14JS',1003,52895,154300
'14JS',1003,52895,160900
'14JS',1003,52895,163400
'14JS',1003,52895,165900
'14JS',1003,52895,172400
'14JS',1003,52895,174700
'14JS',1003,52895,180900
'14JS',1003,52895,183100
'14JS',1003,52895,185300
'14JS',1003,52895,191500
'14JS',1003,52895,194500
'14JS',1003,52895,201500
'14JS',1003,52895,204500
'14JS',1003,52895,211500
'14JS',1003,52895,214500
'14JS',1003,52895,221500
'14JS',1003,52895,224500
'14JS',1003,52895,231500
'14JS',1003,52895,234500
'14JS',1003,52895,241500
'14JS',1003,52895,244000
'14JS',1003,52895,250800
'14JS',1003,53010,54200
'14JS',1003,53010,61100
'14JS',1003,53010,64300
'14JS',1003,53010,71500
'14JS',1003,53010,74500
'14JS',1003,53010,81400
'14JS',1003,53010,84400
'14JS',1003,53010,91400
'14JS',1003,53010,93900
'14JS',1003,53010,100300
'14JS',1003,53010,102600
'14JS',1003,53010,104800
'14JS',1003,53010,111100
'14JS',1003,53010,113400
'14JS',1003,53010,115800
'14JS',1003,53010,122100
'14JS',1003,53010,124500
'14JS',1003,53010,130900
'14JS',1003,53010,133300
'14JS',1003,53010,135800
'14JS',1003,53010,142300
'14JS',1003,53010,144900
'14JS',1003,53010,151500
'14JS',1003,53010,154100
'14JS',1003,53010,160700
'14JS',1003,53010,163200
'14JS',1003,53010,165700
'14JS',1003,53010,172200
'14JS',1003,53010,174500
'14JS',1003,53010,180800
'14JS',1003,53010,183000
'14JS',1003,53010,185200
'14JS',1003,53010,191400
'14JS',1003,53010,194400
'14JS',1003,53010,201400
'14JS',1003,53010,204400
'14JS',1003,53010,211400
'14JS',1003,53010,214300
'14JS',1003,53010,221300
'14JS',1003,53010,224300
'14JS',1003,53010,231300
'14JS',1003,53010,234300
'14JS',1003,53010,241400
'14JS',1003,53010,243900
'14JS',1003,53010,250700
'14JS',1003,53045,54200
'14JS',1003,53045,61100
'14JS',1003,53045,64300
'14JS',1003,53045,71500
'14JS',1003,53045,74400
'14JS',1003,53045,81300
'14JS',1003,53045,84300
'14JS',1003,53045,91300
'14JS',1003,53045,93800
'14JS',1003,53045,100200
'14JS',1003,53045,102500
'14JS',1003,53045,104700
'14JS',1003,53045,111000
'14JS',1003,53045,113300
'14JS',1003,53045,115700
'14JS',1003,53045,122000
'14JS',1003,53045,124400
'14JS',1003,53045,130800
'14JS',1003,53045,133200
'14JS',1003,53045,135700
'14JS',1003,53045,142200
'14JS',1003,53045,144800
'14JS',1003,53045,151400
'14JS',1003,53045,154000
'14JS',1003,53045,160600
'14JS',1003,53045,163100
'14JS',1003,53045,165600
'14JS',1003,53045,172100
'14JS',1003,53045,174400
'14JS',1003,53045,180700
'14JS',1003,53045,182900
'14JS',1003,53045,185100
'14JS',1003,53045,191300
'14JS',1003,53045,194300
'14JS',1003,53045,201300
'14JS',1003,53045,204300
'14JS',1003,53045,211300
'14JS',1003,53045,214300
'14JS',1003,53045,221300
'14JS',1003,53045,224300
'14JS',1003,53045,231300
'14JS',1003,53045,234300
'14JS',1003,53045,241400
'14JS',1003,53045,243900
'14JS',1003,53045,250700
'14JS',1003,53051,54100
'14JS',1003,53051,61000
'14JS',1003,53051,64200
'14JS',1003,53051,71400
'14JS',1003,53051,74300
'14JS',1003,53051,81200
'14JS',1003,53051,84200
'14JS',1003,53051,91200
'14JS',1003,53051,93700
'14JS',1003,53051,100100
'14JS',1003,53051,102400
'14JS',1003,53051,104600
'14JS',1003,53051,110900
'14JS',1003,53051,113200
'14JS',1003,53051,115600
'14JS',1003,53051,121900
'14JS',1003,53051,124300
'14JS',1003,53051,130700
'14JS',1003,53051,133100
'14JS',1003,53051,135600
'14JS',1003,53051,142100
'14JS',1003,53051,144700
'14JS',1003,53051,151300
'14JS',1003,53051,153900
'14JS',1003,53051,160500
'14JS',1003,53051,163000
'14JS',1003,53051,165500
'14JS',1003,53051,172000
'14JS',1003,53051,174300
'14JS',1003,53051,180600
'14JS',1003,53051,182800
'14JS',1003,53051,185000
'14JS',1003,53051,191200
'14JS',1003,53051,194200
'14JS',1003,53051,201200
'14JS',1003,53051,204200
'14JS',1003,53051,211200
'14JS',1003,53051,214200
'14JS',1003,53051,221200
'14JS',1003,53051,224200
'14JS',1003,53051,231200
'14JS',1003,53051,234200
'14JS',1003,53051,241300
'14JS',1003,53051,243800
'14JS',1003,53051,250600
'14JS',1003,54320,55700
'14JS',1003,54320,62600
'14JS',1003,54320,70100
'14JS',1003,54320,73400
'14JS',1003,54320,80400
'14JS',1003,54320,83300
'14JS',1003,54320,90200
'14JS',1003,54320,93100
'14JS',1003,54320,95600
'14JS',1003,54320,102000
'14JS',1003,54320,104300
'14JS',1003,54320,110500
'14JS',1003,54320,112800
'14JS',1003,54320,115100
'14JS',1003,54320,121600
'14JS',1003,54320,124000
'14JS',1003,54320,130400
'14JS',1003,54320,132800
'14JS',1003,54320,135200
'14JS',1003,54320,141700
'14JS',1003,54320,144200
'14JS',1003,54320,150900
'14JS',1003,54320,153600
'14JS',1003,54320,160300
'14JS',1003,54320,162900
'14JS',1003,54320,165400
'14JS',1003,54320,171900
'14JS',1003,54320,174300
'14JS',1003,54320,180500
'14JS',1003,54320,182700
'14JS',1003,54320,184800
'14JS',1003,54320,190900
'14JS',1003,54320,193100
'14JS',1003,54320,200100
'14JS',1003,54320,203100
'14JS',1003,54320,210100
'14JS',1003,54320,213100
'14JS',1003,54320,220000
'14JS',1003,54320,223000
'14JS',1003,54320,230000
'14JS',1003,54320,232900
'14JS',1003,54320,235900
'14JS',1003,54320,242900
'14JS',1003,54320,245400
'14JS',1003,54320,251900
'14JS',1004,51104,51100
'14JS',1004,51104,53800
'14JS',1004,51104,60600
'14JS',1004,51104,63400
'14JS',1004,51104,70200
'14JS',1004,51104,72000
'14JS',1004,51104,73800
'14JS',1004,51104,75700
'14JS',1004,51104,82500
'14JS',1004,51104,85300
'14JS',1004,51104,92100
'14JS',1004,51104,94500
'14JS',1004,51104,100800
'14JS',1004,51104,103100
'14JS',1004,51104,105400
'14JS',1004,51104,111800
'14JS',1004,51104,114100
'14JS',1004,51104,120400
'14JS',1004,51104,122700
'14JS',1004,51104,125100
'14JS',1004,51104,131600
'14JS',1004,51104,134100
'14JS',1004,51104,140600
'14JS',1004,51104,143200
'14JS',1004,51104,145900
'14JS',1004,51104,152700
'14JS',1004,51104,155500
'14JS',1004,51104,162400
'14JS',1004,51104,165300
'14JS',1004,51104,172100
'14JS',1004,51104,174700
'14JS',1004,51104,181300
'14JS',1004,51104,184200
'14JS',1004,51104,191200
'14JS',1004,51104,194200
'14JS',1004,51104,201200
'14JS',1004,51104,204200
'14JS',1004,51104,211200
'14JS',1004,51104,214200
'14JS',1004,51104,221200
'14JS',1004,51104,224200
'14JS',1004,51104,231200
'14JS',1004,51104,234200
'14JS',1004,51104,241200
'14JS',1004,51104,244200
'14JS',1004,51178,51200
'14JS',1004,51178,53900
'14JS',1004,51178,60700
'14JS',1004,51178,63500
'14JS',1004,51178,70300
'14JS',1004,51178,72100
'14JS',1004,51178,73900
'14JS',1004,51178,75800
'14JS',1004,51178,82600
'14JS',1004,51178,85400
'14JS',1004,51178,92200
'14JS',1004,51178,94600
'14JS',1004,51178,100900
'14JS',1004,51178,103200
'14JS',1004,51178,105500
'14JS',1004,51178,111900
'14JS',1004,51178,114200
'14JS',1004,51178,120500
'14JS',1004,51178,122800
'14JS',1004,51178,125200
'14JS',1004,51178,131700
'14JS',1004,51178,134200
'14JS',1004,51178,140700
'14JS',1004,51178,143300
'14JS',1004,51178,150000
'14JS',1004,51178,152800
'14JS',1004,51178,155600
'14JS',1004,51178,162500
'14JS',1004,51178,165400
'14JS',1004,51178,172200
'14JS',1004,51178,174800
'14JS',1004,51178,181400
'14JS',1004,51178,184300
'14JS',1004,51178,191300
'14JS',1004,51178,194300
'14JS',1004,51178,201300
'14JS',1004,51178,204300
'14JS',1004,51178,211300
'14JS',1004,51178,214300
'14JS',1004,51178,221300
'14JS',1004,51178,224300
'14JS',1004,51178,231300
'14JS',1004,51178,234300
'14JS',1004,51178,241300
'14JS',1004,51178,244300
'14JS',1004,51200,51000
'14JS',1004,51200,53700
'14JS',1004,51200,60500
'14JS',1004,51200,63300
'14JS',1004,51200,70100
'14JS',1004,51200,71900
'14JS',1004,51200,73700
'14JS',1004,51200,75600
'14JS',1004,51200,82400
'14JS',1004,51200,85200
'14JS',1004,51200,92000
'14JS',1004,51200,94400
'14JS',1004,51200,100700
'14JS',1004,51200,103000
'14JS',1004,51200,105300
'14JS',1004,51200,111700
'14JS',1004,51200,114000
'14JS',1004,51200,120300
'14JS',1004,51200,122600
'14JS',1004,51200,125000
'14JS',1004,51200,131500
'14JS',1004,51200,134000
'14JS',1004,51200,140500
'14JS',1004,51200,143100
'14JS',1004,51200,145800
'14JS',1004,51200,152600
'14JS',1004,51200,155400
'14JS',1004,51200,162300
'14JS',1004,51200,165200
'14JS',1004,51200,172000
'14JS',1004,51200,174600
'14JS',1004,51200,181200
'14JS',1004,51200,184100
'14JS',1004,51200,191100
'14JS',1004,51200,194100
'14JS',1004,51200,201100
'14JS',1004,51200,204100
'14JS',1004,51200,211100
'14JS',1004,51200,214100
'14JS',1004,51200,221100
'14JS',1004,51200,224100
'14JS',1004,51200,231100
'14JS',1004,51200,234100
'14JS',1004,51200,241100
'14JS',1004,51200,244100
'14JS',1004,51223,51200
'14JS',1004,51223,53900
'14JS',1004,51223,60700
'14JS',1004,51223,63600
'14JS',1004,51223,70400
'14JS',1004,51223,72200
'14JS',1004,51223,74000
'14JS',1004,51223,75900
'14JS',1004,51223,82700
'14JS',1004,51223,85500
'14JS',1004,51223,92300
'14JS',1004,51223,94700
'14JS',1004,51223,100900
'14JS',1004,51223,103200
'14JS',1004,51223,105500
'14JS',1004,51223,111900
'14JS',1004,51223,114200
'14JS',1004,51223,120500
'14JS',1004,51223,122900
'14JS',1004,51223,125300
'14JS',1004,51223,131800
'14JS',1004,51223,134300
'14JS',1004,51223,140800
'14JS',1004,51223,143400
'14JS',1004,51223,150100
'14JS',1004,51223,152900
'14JS',1004,51223,155700
'14JS',1004,51223,162600
'14JS',1004,51223,165500
'14JS',1004,51223,172300
'14JS',1004,51223,174900
'14JS',1004,51223,181500
'14JS',1004,51223,184400
'14JS',1004,51223,191400
'14JS',1004,51223,194400
'14JS',1004,51223,201400
'14JS',1004,51223,204400
'14JS',1004,51223,211400
'14JS',1004,51223,214400
'14JS',1004,51223,221400
'14JS',1004,51223,224400
'14JS',1004,51223,231400
'14JS',1004,51223,234400
'14JS',1004,51223,241400
'14JS',1004,51223,244400
'14JS',1004,51233,50900
'14JS',1004,51233,53600
'14JS',1004,51233,60400
'14JS',1004,51233,63200
'14JS',1004,51233,70000
'14JS',1004,51233,71800
'14JS',1004,51233,73600
'14JS',1004,51233,75500
'14JS',1004,51233,82300
'14JS',1004,51233,85100
'14JS',1004,51233,91900
'14JS',1004,51233,94300
'14JS',1004,51233,100600
'14JS',1004,51233,102900
'14JS',1004,51233,105200
'14JS',1004,51233,111600
'14JS',1004,51233,113900
'14JS',1004,51233,120200
'14JS',1004,51233,122500
'14JS',1004,51233,124900
'14JS',1004,51233,131400
'14JS',1004,51233,133900
'14JS',1004,51233,140400
'14JS',1004,51233,143000
'14JS',1004,51233,145700
'14JS',1004,51233,152500
'14JS',1004,51233,155300
'14JS',1004,51233,162200
'14JS',1004,51233,165100
'14JS',1004,51233,171900
'14JS',1004,51233,174500
'14JS',1004,51233,181100
'14JS',1004,51233,184000
'14JS',1004,51233,191000
'14JS',1004,51233,194000
'14JS',1004,51233,201000
'14JS',1004,51233,204000
'14JS',1004,51233,211000
'14JS',1004,51233,214000
'14JS',1004,51233,221000
'14JS',1004,51233,224000
'14JS',1004,51233,231000
'14JS',1004,51233,234000
'14JS',1004,51233,241000
'14JS',1004,51233,244000
'14JS',1004,51262,51300
'14JS',1004,51262,54000
'14JS',1004,51262,60800
'14JS',1004,51262,63700
'14JS',1004,51262,70500
'14JS',1004,51262,72300
'14JS',1004,51262,74100
'14JS',1004,51262,80000
'14JS',1004,51262,82800
'14JS',1004,51262,85600
'14JS',1004,51262,92400
'14JS',1004,51262,94700
'14JS',1004,51262,101000
'14JS',1004,51262,103300
'14JS',1004,51262,105600
'14JS',1004,51262,112000
'14JS',1004,51262,114300
'14JS',1004,51262,120600
'14JS',1004,51262,122900
'14JS',1004,51262,125300
'14JS',1004,51262,131800
'14JS',1004,51262,134300
'14JS',1004,51262,140800
'14JS',1004,51262,143400
'14JS',1004,51262,150100
'14JS',1004,51262,152900
'14JS',1004,51262,155700
'14JS',1004,51262,162600
'14JS',1004,51262,165500
'14JS',1004,51262,172300
'14JS',1004,51262,174900
'14JS',1004,51262,181500
'14JS',1004,51262,184400
'14JS',1004,51262,191400
'14JS',1004,51262,194400
'14JS',1004,51262,201400
'14JS',1004,51262,204400
'14JS',1004,51262,211400
'14JS',1004,51262,214400
'14JS',1004,51262,221400
'14JS',1004,51262,224400
'14JS',1004,51262,231400
'14JS',1004,51262,234400
'14JS',1004,51262,241400
'14JS',1004,51262,244400
'14JS',1004,51309,51300
'14JS',1004,51309,54000
'14JS',1004,51309,60800
'14JS',1004,51309,63800
'14JS',1004,51309,70600
'14JS',1004,51309,72400
'14JS',1004,51309,74200
'14JS',1004,51309,80100
'14JS',1004,51309,82900
'14JS',1004,51309,85700
'14JS',1004,51309,92500
'14JS',1004,51309,94800
'14JS',1004,51309,101000
'14JS',1004,51309,103300
'14JS',1004,51309,105600
'14JS',1004,51309,112000
'14JS',1004,51309,114300
'14JS',1004,51309,120600
'14JS',1004,51309,123000
'14JS',1004,51309,125400
'14JS',1004,51309,131900
'14JS',1004,51309,134400
'14JS',1004,51309,140900
'14JS',1004,51309,143500
'14JS',1004,51309,150200
'14JS',1004,51309,153000
'14JS',1004,51309,155800
'14JS',1004,51309,162700
'14JS',1004,51309,165600
'14JS',1004,51309,172400
'14JS',1004,51309,175000
'14JS',1004,51309,181600
'14JS',1004,51309,184500
'14JS',1004,51309,191500
'14JS',1004,51309,194500
'14JS',1004,51309,201500
'14JS',1004,51309,204500
'14JS',1004,51309,211500
'14JS',1004,51309,214500
'14JS',1004,51309,221500
'14JS',1004,51309,224500
'14JS',1004,51309,231500
'14JS',1004,51309,234500
'14JS',1004,51309,241500
'14JS',1004,51309,244500
'14JS',1004,51353,51400
'14JS',1004,51353,54100
'14JS',1004,51353,60900
'14JS',1004,51353,63800
'14JS',1004,51353,70600
'14JS',1004,51353,72400
'14JS',1004,51353,74200
'14JS',1004,51353,80100
'14JS',1004,51353,82900
'14JS',1004,51353,85700
'14JS',1004,51353,92500
'14JS',1004,51353,94900
'14JS',1004,51353,101100
'14JS',1004,51353,103400
'14JS',1004,51353,105700
'14JS',1004,51353,112100
'14JS',1004,51353,114400
'14JS',1004,51353,120700
'14JS',1004,51353,123100
'14JS',1004,51353,125500
'14JS',1004,51353,132000
'14JS',1004,51353,134500
'14JS',1004,51353,141000
'14JS',1004,51353,143600
'14JS',1004,51353,150300
'14JS',1004,51353,153100
'14JS',1004,51353,155900
'14JS',1004,51353,162800
'14JS',1004,51353,165700
'14JS',1004,51353,172500
'14JS',1004,51353,175100
'14JS',1004,51353,181700
'14JS',1004,51353,184600
'14JS',1004,51353,191600
'14JS',1004,51353,194600
'14JS',1004,51353,201600
'14JS',1004,51353,204600
'14JS',1004,51353,211600
'14JS',1004,51353,214600
'14JS',1004,51353,221600
'14JS',1004,51353,224600
'14JS',1004,51353,231600
'14JS',1004,51353,234600
'14JS',1004,51353,241600
'14JS',1004,51353,244600
'14JS',1004,51499,51600
'14JS',1004,51499,54300
'14JS',1004,51499,61100
'14JS',1004,51499,64100
'14JS',1004,51499,70900
'14JS',1004,51499,72700
'14JS',1004,51499,74500
'14JS',1004,51499,80400
'14JS',1004,51499,83200
'14JS',1004,51499,90000
'14JS',1004,51499,92800
'14JS',1004,51499,95100
'14JS',1004,51499,101300
'14JS',1004,51499,103600
'14JS',1004,51499,105900
'14JS',1004,51499,112300
'14JS',1004,51499,114600
'14JS',1004,51499,120900
'14JS',1004,51499,123300
'14JS',1004,51499,125700
'14JS',1004,51499,132200
'14JS',1004,51499,134700
'14JS',1004,51499,141200
'14JS',1004,51499,143800
'14JS',1004,51499,150500
'14JS',1004,51499,153300
'14JS',1004,51499,160100
'14JS',1004,51499,163000
'14JS',1004,51499,165900
'14JS',1004,51499,172700
'14JS',1004,51499,175300
'14JS',1004,51499,181900
'14JS',1004,51499,184800
'14JS',1004,51499,191800
'14JS',1004,51499,194800
'14JS',1004,51499,201800
'14JS',1004,51499,204800
'14JS',1004,51499,211800
'14JS',1004,51499,214800
'14JS',1004,51499,221800
'14JS',1004,51499,224800
'14JS',1004,51499,231800
'14JS',1004,51499,234800
'14JS',1004,51499,241800
'14JS',1004,51499,244800
'14JS',1004,51581,51700
'14JS',1004,51581,54400
'14JS',1004,51581,61200
'14JS',1004,51581,64200
'14JS',1004,51581,71000
'14JS',1004,51581,72800
'14JS',1004,51581,74600
'14JS',1004,51581,80500
'14JS',1004,51581,83300
'14JS',1004,51581,90100
'14JS',1004,51581,92900
'14JS',1004,51581,95200
'14JS',1004,51581,101400
'14JS',1004,51581,103700
'14JS',1004,51581,110000
'14JS',1004,51581,112400
'14JS',1004,51581,114700
'14JS',1004,51581,121000
'14JS',1004,51581,123400
'14JS',1004,51581,125800
'14JS',1004,51581,132300
'14JS',1004,51581,134800
'14JS',1004,51581,141300
'14JS',1004,51581,143900
'14JS',1004,51581,150600
'14JS',1004,51581,153400
'14JS',1004,51581,160200
'14JS',1004,51581,163100
'14JS',1004,51581,170000
'14JS',1004,51581,172800
'14JS',1004,51581,175400
'14JS',1004,51581,182000
'14JS',1004,51581,184900
'14JS',1004,51581,191900
'14JS',1004,51581,194900
'14JS',1004,51581,201900
'14JS',1004,51581,204900
'14JS',1004,51581,211900
'14JS',1004,51581,214900
'14JS',1004,51581,221900
'14JS',1004,51581,224900
'14JS',1004,51581,231900
'14JS',1004,51581,234900
'14JS',1004,51581,241900
'14JS',1004,51581,244900
'14JS',1004,51652,51800
'14JS',1004,51652,54500
'14JS',1004,51652,61300
'14JS',1004,51652,64300
'14JS',1004,51652,71100
'14JS',1004,51652,72900
'14JS',1004,51652,74700
'14JS',1004,51652,80600
'14JS',1004,51652,83400
'14JS',1004,51652,90200
'14JS',1004,51652,93000
'14JS',1004,51652,95300
'14JS',1004,51652,101500
'14JS',1004,51652,103800
'14JS',1004,51652,110100
'14JS',1004,51652,112500
'14JS',1004,51652,114800
'14JS',1004,51652,121100
'14JS',1004,51652,123500
'14JS',1004,51652,125900
'14JS',1004,51652,132400
'14JS',1004,51652,134900
'14JS',1004,51652,141400
'14JS',1004,51652,144000
'14JS',1004,51652,150700
'14JS',1004,51652,153500
'14JS',1004,51652,160300
'14JS',1004,51652,163200
'14JS',1004,51652,170100
'14JS',1004,51652,172900
'14JS',1004,51652,175500
'14JS',1004,51652,182100
'14JS',1004,51652,185000
'14JS',1004,51652,192000
'14JS',1004,51652,195000
'14JS',1004,51652,202000
'14JS',1004,51652,205000
'14JS',1004,51652,212000
'14JS',1004,51652,215000
'14JS',1004,51652,222000
'14JS',1004,51652,225000
'14JS',1004,51652,232000
'14JS',1004,51652,235000
'14JS',1004,51652,241900
'14JS',1004,51652,244900
'14JS',1004,51740,51900
'14JS',1004,51740,54600
'14JS',1004,51740,61400
'14JS',1004,51740,64400
'14JS',1004,51740,71200
'14JS',1004,51740,73000
'14JS',1004,51740,74800
'14JS',1004,51740,80700
'14JS',1004,51740,83500
'14JS',1004,51740,90300
'14JS',1004,51740,93100
'14JS',1004,51740,95400
'14JS',1004,51740,101600
'14JS',1004,51740,103900
'14JS',1004,51740,110200
'14JS',1004,51740,112600
'14JS',1004,51740,114900
'14JS',1004,51740,121200
'14JS',1004,51740,123600
'14JS',1004,51740,130000
'14JS',1004,51740,132500
'14JS',1004,51740,135000
'14JS',1004,51740,141500
'14JS',1004,51740,144100
'14JS',1004,51740,150800
'14JS',1004,51740,153600
'14JS',1004,51740,160400
'14JS',1004,51740,163300
'14JS',1004,51740,170200
'14JS',1004,51740,173000
'14JS',1004,51740,175600
'14JS',1004,51740,182200
'14JS',1004,51740,185100
'14JS',1004,51740,192100
'14JS',1004,51740,195100
'14JS',1004,51740,202100
'14JS',1004,51740,205100
'14JS',1004,51740,212100
'14JS',1004,51740,215100
'14JS',1004,51740,222100
'14JS',1004,51740,225100
'14JS',1004,51740,232100
'14JS',1004,51740,235100
'14JS',1004,51740,242000
'14JS',1004,51740,245000
'14JS',1004,51825,51900
'14JS',1004,51825,54600
'14JS',1004,51825,61500
'14JS',1004,51825,64500
'14JS',1004,51825,71300
'14JS',1004,51825,73100
'14JS',1004,51825,74900
'14JS',1004,51825,80800
'14JS',1004,51825,83600
'14JS',1004,51825,90400
'14JS',1004,51825,93200
'14JS',1004,51825,95500
'14JS',1004,51825,101700
'14JS',1004,51825,104000
'14JS',1004,51825,110300
'14JS',1004,51825,112700
'14JS',1004,51825,115000
'14JS',1004,51825,121300
'14JS',1004,51825,123700
'14JS',1004,51825,130100
'14JS',1004,51825,132600
'14JS',1004,51825,135100
'14JS',1004,51825,141600
'14JS',1004,51825,144200
'14JS',1004,51825,150900
'14JS',1004,51825,153700
'14JS',1004,51825,160500
'14JS',1004,51825,163400
'14JS',1004,51825,170300
'14JS',1004,51825,173100
'14JS',1004,51825,175700
'14JS',1004,51825,182300
'14JS',1004,51825,185200
'14JS',1004,51825,192100
'14JS',1004,51825,195100
'14JS',1004,51825,202100
'14JS',1004,51825,205100
'14JS',1004,51825,212100
'14JS',1004,51825,215100
'14JS',1004,51825,222100
'14JS',1004,51825,225100
'14JS',1004,51825,232100
'14JS',1004,51825,235100
'14JS',1004,51825,242100
'14JS',1004,51825,245100
'14JS',1004,51860,52000
'14JS',1004,51860,54700
'14JS',1004,51860,61500
'14JS',1004,51860,64600
'14JS',1004,51860,71400
'14JS',1004,51860,73200
'14JS',1004,51860,75000
'14JS',1004,51860,80900
'14JS',1004,51860,83700
'14JS',1004,51860,90500
'14JS',1004,51860,93300
'14JS',1004,51860,95600
'14JS',1004,51860,101800
'14JS',1004,51860,104100
'14JS',1004,51860,110400
'14JS',1004,51860,112800
'14JS',1004,51860,115100
'14JS',1004,51860,121400
'14JS',1004,51860,123800
'14JS',1004,51860,130200
'14JS',1004,51860,132700
'14JS',1004,51860,135200
'14JS',1004,51860,141700
'14JS',1004,51860,144300
'14JS',1004,51860,151000
'14JS',1004,51860,153800
'14JS',1004,51860,160600
'14JS',1004,51860,163500
'14JS',1004,51860,170400
'14JS',1004,51860,173200
'14JS',1004,51860,175800
'14JS',1004,51860,182400
'14JS',1004,51860,185300
'14JS',1004,51860,192200
'14JS',1004,51860,195200
'14JS',1004,51860,202200
'14JS',1004,51860,205200
'14JS',1004,51860,212200
'14JS',1004,51860,215200
'14JS',1004,51860,222200
'14JS',1004,51860,225200
'14JS',1004,51860,232200
'14JS',1004,51860,235200
'14JS',1004,51860,242100
'14JS',1004,51860,245100
'14JS',1004,51954,52100
'14JS',1004,51954,54800
'14JS',1004,51954,61600
'14JS',1004,51954,64700
'14JS',1004,51954,71500
'14JS',1004,51954,73300
'14JS',1004,51954,75100
'14JS',1004,51954,81000
'14JS',1004,51954,83800
'14JS',1004,51954,90600
'14JS',1004,51954,93400
'14JS',1004,51954,95700
'14JS',1004,51954,101900
'14JS',1004,51954,104200
'14JS',1004,51954,110500
'14JS',1004,51954,112900
'14JS',1004,51954,115200
'14JS',1004,51954,121500
'14JS',1004,51954,123900
'14JS',1004,51954,130300
'14JS',1004,51954,132800
'14JS',1004,51954,135300
'14JS',1004,51954,141800
'14JS',1004,51954,144400
'14JS',1004,51954,151100
'14JS',1004,51954,153900
'14JS',1004,51954,160700
'14JS',1004,51954,163600
'14JS',1004,51954,170500
'14JS',1004,51954,173300
'14JS',1004,51954,175900
'14JS',1004,51954,182500
'14JS',1004,51954,185400
'14JS',1004,51954,192300
'14JS',1004,51954,195300
'14JS',1004,51954,202300
'14JS',1004,51954,205300
'14JS',1004,51954,212300
'14JS',1004,51954,215300
'14JS',1004,51954,222300
'14JS',1004,51954,225300
'14JS',1004,51954,232300
'14JS',1004,51954,235300
'14JS',1004,51954,242200
'14JS',1004,51954,245200
'14JS',1004,52089,52200
'14JS',1004,52089,54900
'14JS',1004,52089,61700
'14JS',1004,52089,64800
'14JS',1004,52089,71600
'14JS',1004,52089,73400
'14JS',1004,52089,75200
'14JS',1004,52089,81100
'14JS',1004,52089,83900
'14JS',1004,52089,90700
'14JS',1004,52089,93500
'14JS',1004,52089,95800
'14JS',1004,52089,102000
'14JS',1004,52089,104300
'14JS',1004,52089,110600
'14JS',1004,52089,113000
'14JS',1004,52089,115300
'14JS',1004,52089,121600
'14JS',1004,52089,124000
'14JS',1004,52089,130400
'14JS',1004,52089,132900
'14JS',1004,52089,135400
'14JS',1004,52089,141900
'14JS',1004,52089,144500
'14JS',1004,52089,151200
'14JS',1004,52089,154000
'14JS',1004,52089,160800
'14JS',1004,52089,163700
'14JS',1004,52089,170600
'14JS',1004,52089,173400
'14JS',1004,52089,180000
'14JS',1004,52089,182600
'14JS',1004,52089,185500
'14JS',1004,52089,192400
'14JS',1004,52089,195400
'14JS',1004,52089,202400
'14JS',1004,52089,205400
'14JS',1004,52089,212400
'14JS',1004,52089,215400
'14JS',1004,52089,222400
'14JS',1004,52089,225400
'14JS',1004,52089,232400
'14JS',1004,52089,235400
'14JS',1004,52089,242300
'14JS',1004,52089,245300
'14JS',1004,52182,52300
'14JS',1004,52182,55000
'14JS',1004,52182,61800
'14JS',1004,52182,64900
'14JS',1004,52182,71700
'14JS',1004,52182,73500
'14JS',1004,52182,75300
'14JS',1004,52182,81200
'14JS',1004,52182,84000
'14JS',1004,52182,90800
'14JS',1004,52182,93600
'14JS',1004,52182,95900
'14JS',1004,52182,102100
'14JS',1004,52182,104400
'14JS',1004,52182,110700
'14JS',1004,52182,113100
'14JS',1004,52182,115400
'14JS',1004,52182,121700
'14JS',1004,52182,124100
'14JS',1004,52182,130500
'14JS',1004,52182,133000
'14JS',1004,52182,135500
'14JS',1004,52182,142000
'14JS',1004,52182,144600
'14JS',1004,52182,151300
'14JS',1004,52182,154100
'14JS',1004,52182,160900
'14JS',1004,52182,163800
'14JS',1004,52182,170700
'14JS',1004,52182,173500
'14JS',1004,52182,180100
'14JS',1004,52182,182700
'14JS',1004,52182,185600
'14JS',1004,52182,192500
'14JS',1004,52182,195500
'14JS',1004,52182,202500
'14JS',1004,52182,205500
'14JS',1004,52182,212500
'14JS',1004,52182,215500
'14JS',1004,52182,222500
'14JS',1004,52182,225500
'14JS',1004,52182,232500
'14JS',1004,52182,235500
'14JS',1004,52182,242400
'14JS',1004,52182,245400
'14JS',1004,52222,52300
'14JS',1004,52222,55000
'14JS',1004,52222,61900
'14JS',1004,52222,64900
'14JS',1004,52222,71700
'14JS',1004,52222,73500
'14JS',1004,52222,75300
'14JS',1004,52222,81200
'14JS',1004,52222,84000
'14JS',1004,52222,90800
'14JS',1004,52222,93600
'14JS',1004,52222,95900
'14JS',1004,52222,102100
'14JS',1004,52222,104400
'14JS',1004,52222,110700
'14JS',1004,52222,113100
'14JS',1004,52222,115400
'14JS',1004,52222,121700
'14JS',1004,52222,124100
'14JS',1004,52222,130500
'14JS',1004,52222,133000
'14JS',1004,52222,135500
'14JS',1004,52222,142000
'14JS',1004,52222,144600
'14JS',1004,52222,151300
'14JS',1004,52222,154100
'14JS',1004,52222,160900
'14JS',1004,52222,163800
'14JS',1004,52222,170700
'14JS',1004,52222,173500
'14JS',1004,52222,180100
'14JS',1004,52222,182700
'14JS',1004,52222,185600
'14JS',1004,52222,192500
'14JS',1004,52222,195500
'14JS',1004,52222,202500
'14JS',1004,52222,205500
'14JS',1004,52222,212500
'14JS',1004,52222,215500
'14JS',1004,52222,222500
'14JS',1004,52222,225500
'14JS',1004,52222,232500
'14JS',1004,52222,235500
'14JS',1004,52222,242400
'14JS',1004,52222,245400
'14JS',1004,52268,52300
'14JS',1004,52268,55000
'14JS',1004,52268,61900
'14JS',1004,52268,65000
'14JS',1004,52268,71800
'14JS',1004,52268,73600
'14JS',1004,52268,75400
'14JS',1004,52268,81300
'14JS',1004,52268,84100
'14JS',1004,52268,90900
'14JS',1004,52268,93700
'14JS',1004,52268,100000
'14JS',1004,52268,102200
'14JS',1004,52268,104500
'14JS',1004,52268,110800
'14JS',1004,52268,113200
'14JS',1004,52268,115500
'14JS',1004,52268,121800
'14JS',1004,52268,124200
'14JS',1004,52268,130600
'14JS',1004,52268,133100
'14JS',1004,52268,135600
'14JS',1004,52268,142100
'14JS',1004,52268,144700
'14JS',1004,52268,151400
'14JS',1004,52268,154200
'14JS',1004,52268,161000
'14JS',1004,52268,163900
'14JS',1004,52268,170800
'14JS',1004,52268,173600
'14JS',1004,52268,180200
'14JS',1004,52268,182800
'14JS',1004,52268,185700
'14JS',1004,52268,192500
'14JS',1004,52268,195500
'14JS',1004,52268,202500
'14JS',1004,52268,205500
'14JS',1004,52268,212500
'14JS',1004,52268,215500
'14JS',1004,52268,222500
'14JS',1004,52268,225500
'14JS',1004,52268,232500
'14JS',1004,52268,235500
'14JS',1004,52268,242400
'14JS',1004,52268,245400
'14JS',1004,52382,52400
'14JS',1004,52382,55100
'14JS',1004,52382,62000
'14JS',1004,52382,65100
'14JS',1004,52382,71900
'14JS',1004,52382,73700
'14JS',1004,52382,75500
'14JS',1004,52382,81400
'14JS',1004,52382,84200
'14JS',1004,52382,91000
'14JS',1004,52382,93800
'14JS',1004,52382,100100
'14JS',1004,52382,102300
'14JS',1004,52382,104600
'14JS',1004,52382,110900
'14JS',1004,52382,113300
'14JS',1004,52382,115600
'14JS',1004,52382,121900
'14JS',1004,52382,124300
'14JS',1004,52382,130700
'14JS',1004,52382,133200
'14JS',1004,52382,135700
'14JS',1004,52382,142200
'14JS',1004,52382,144800
'14JS',1004,52382,151500
'14JS',1004,52382,154300
'14JS',1004,52382,161100
'14JS',1004,52382,164000
'14JS',1004,52382,170900
'14JS',1004,52382,173700
'14JS',1004,52382,180300
'14JS',1004,52382,182900
'14JS',1004,52382,185800
'14JS',1004,52382,192600
'14JS',1004,52382,195600
'14JS',1004,52382,202600
'14JS',1004,52382,205600
'14JS',1004,52382,212600
'14JS',1004,52382,215600
'14JS',1004,52382,222600
'14JS',1004,52382,225600
'14JS',1004,52382,232600
'14JS',1004,52382,235600
'14JS',1004,52382,242500
'14JS',1004,52382,245500
'14JS',1004,52457,52500
'14JS',1004,52457,55200
'14JS',1004,52457,62100
'14JS',1004,52457,65200
'14JS',1004,52457,72000
'14JS',1004,52457,73800
'14JS',1004,52457,75600
'14JS',1004,52457,81500
'14JS',1004,52457,84300
'14JS',1004,52457,91100
'14JS',1004,52457,93900
'14JS',1004,52457,100200
'14JS',1004,52457,102400
'14JS',1004,52457,104700
'14JS',1004,52457,111000
'14JS',1004,52457,113400
'14JS',1004,52457,115700
'14JS',1004,52457,122000
'14JS',1004,52457,124400
'14JS',1004,52457,130800
'14JS',1004,52457,133300
'14JS',1004,52457,135800
'14JS',1004,52457,142300
'14JS',1004,52457,144900
'14JS',1004,52457,151600
'14JS',1004,52457,154400
'14JS',1004,52457,161200
'14JS',1004,52457,164100
'14JS',1004,52457,171000
'14JS',1004,52457,173800
'14JS',1004,52457,180400
'14JS',1004,52457,183000
'14JS',1004,52457,185900
'14JS',1004,52457,192700
'14JS',1004,52457,195700
'14JS',1004,52457,202700
'14JS',1004,52457,205700
'14JS',1004,52457,212700
'14JS',1004,52457,215700
'14JS',1004,52457,222700
'14JS',1004,52457,225700
'14JS',1004,52457,232700
'14JS',1004,52457,235700
'14JS',1004,52457,242600
'14JS',1004,52457,245600
'14JS',1004,52563,52600
'14JS',1004,52563,55300
'14JS',1004,52563,62200
'14JS',1004,52563,65300
'14JS',1004,52563,72100
'14JS',1004,52563,73900
'14JS',1004,52563,75700
'14JS',1004,52563,81600
'14JS',1004,52563,84400
'14JS',1004,52563,91200
'14JS',1004,52563,94000
'14JS',1004,52563,100300
'14JS',1004,52563,102500
'14JS',1004,52563,104800
'14JS',1004,52563,111100
'14JS',1004,52563,113500
'14JS',1004,52563,115800
'14JS',1004,52563,122100
'14JS',1004,52563,124500
'14JS',1004,52563,130900
'14JS',1004,52563,133400
'14JS',1004,52563,135900
'14JS',1004,52563,142400
'14JS',1004,52563,145000
'14JS',1004,52563,151700
'14JS',1004,52563,154500
'14JS',1004,52563,161300
'14JS',1004,52563,164200
'14JS',1004,52563,171100
'14JS',1004,52563,173900
'14JS',1004,52563,180500
'14JS',1004,52563,183100
'14JS',1004,52563,190000
'14JS',1004,52563,192800
'14JS',1004,52563,195800
'14JS',1004,52563,202800
'14JS',1004,52563,205800
'14JS',1004,52563,212800
'14JS',1004,52563,215800
'14JS',1004,52563,222800
'14JS',1004,52563,225800
'14JS',1004,52563,232800
'14JS',1004,52563,235800
'14JS',1004,52563,242600
'14JS',1004,52563,245600
'14JS',1004,52614,52600
'14JS',1004,52614,55300
'14JS',1004,52614,62300
'14JS',1004,52614,65400
'14JS',1004,52614,72200
'14JS',1004,52614,74000
'14JS',1004,52614,75800
'14JS',1004,52614,81700
'14JS',1004,52614,84500
'14JS',1004,52614,91300
'14JS',1004,52614,94000
'14JS',1004,52614,100300
'14JS',1004,52614,102500
'14JS',1004,52614,104800
'14JS',1004,52614,111100
'14JS',1004,52614,113500
'14JS',1004,52614,115800
'14JS',1004,52614,122200
'14JS',1004,52614,124600
'14JS',1004,52614,131000
'14JS',1004,52614,133500
'14JS',1004,52614,140000
'14JS',1004,52614,142500
'14JS',1004,52614,145100
'14JS',1004,52614,151800
'14JS',1004,52614,154600
'14JS',1004,52614,161400
'14JS',1004,52614,164300
'14JS',1004,52614,171200
'14JS',1004,52614,174000
'14JS',1004,52614,180600
'14JS',1004,52614,183200
'14JS',1004,52614,190100
'14JS',1004,52614,192800
'14JS',1004,52614,195800
'14JS',1004,52614,202800
'14JS',1004,52614,205800
'14JS',1004,52614,212800
'14JS',1004,52614,215800
'14JS',1004,52614,222800
'14JS',1004,52614,225800
'14JS',1004,52614,232800
'14JS',1004,52614,235800
'14JS',1004,52614,242700
'14JS',1004,52614,245700
'14JS',1004,52685,52700
'14JS',1004,52685,55400
'14JS',1004,52685,62400
'14JS',1004,52685,65500
'14JS',1004,52685,72300
'14JS',1004,52685,74100
'14JS',1004,52685,75900
'14JS',1004,52685,81800
'14JS',1004,52685,84600
'14JS',1004,52685,91400
'14JS',1004,52685,94100
'14JS',1004,52685,100400
'14JS',1004,52685,102600
'14JS',1004,52685,104900
'14JS',1004,52685,111200
'14JS',1004,52685,113600
'14JS',1004,52685,115900
'14JS',1004,52685,122300
'14JS',1004,52685,124700
'14JS',1004,52685,131100
'14JS',1004,52685,133600
'14JS',1004,52685,140100
'14JS',1004,52685,142600
'14JS',1004,52685,145200
'14JS',1004,52685,151900
'14JS',1004,52685,154700
'14JS',1004,52685,161500
'14JS',1004,52685,164400
'14JS',1004,52685,171300
'14JS',1004,52685,174100
'14JS',1004,52685,180700
'14JS',1004,52685,183300
'14JS',1004,52685,190200
'14JS',1004,52685,192900
'14JS',1004,52685,195900
'14JS',1004,52685,202900
'14JS',1004,52685,205900
'14JS',1004,52685,212900
'14JS',1004,52685,215900
'14JS',1004,52685,222900
'14JS',1004,52685,225900
'14JS',1004,52685,232900
'14JS',1004,52685,235900
'14JS',1004,52685,242800
'14JS',1004,52685,245800
'14JS',1004,52736,52800
'14JS',1004,52736,55500
'14JS',1004,52736,62400
'14JS',1004,52736,65500
'14JS',1004,52736,72300
'14JS',1004,52736,74100
'14JS',1004,52736,75900
'14JS',1004,52736,81800
'14JS',1004,52736,84600
'14JS',1004,52736,91400
'14JS',1004,52736,94200
'14JS',1004,52736,100500
'14JS',1004,52736,102700
'14JS',1004,52736,105000
'14JS',1004,52736,111300
'14JS',1004,52736,113700
'14JS',1004,52736,120000
'14JS',1004,52736,122300
'14JS',1004,52736,124700
'14JS',1004,52736,131100
'14JS',1004,52736,133600
'14JS',1004,52736,140100
'14JS',1004,52736,142600
'14JS',1004,52736,145200
'14JS',1004,52736,151900
'14JS',1004,52736,154700
'14JS',1004,52736,161500
'14JS',1004,52736,164400
'14JS',1004,52736,171300
'14JS',1004,52736,174100
'14JS',1004,52736,180700
'14JS',1004,52736,183300
'14JS',1004,52736,190200
'14JS',1004,52736,193000
'14JS',1004,52736,200000
'14JS',1004,52736,203000
'14JS',1004,52736,210000
'14JS',1004,52736,213000
'14JS',1004,52736,220000
'14JS',1004,52736,223000
'14JS',1004,52736,230000
'14JS',1004,52736,233000
'14JS',1004,52736,240000
'14JS',1004,52736,242800
'14JS',1004,52736,245800
'14JS',1004,52830,52900
'14JS',1004,52830,55600
'14JS',1004,52830,62600
'14JS',1004,52830,65700
'14JS',1004,52830,72500
'14JS',1004,52830,74300
'14JS',1004,52830,80100
'14JS',1004,52830,82000
'14JS',1004,52830,84800
'14JS',1004,52830,91600
'14JS',1004,52830,94300
'14JS',1004,52830,100600
'14JS',1004,52830,102800
'14JS',1004,52830,105100
'14JS',1004,52830,111400
'14JS',1004,52830,113800
'14JS',1004,52830,120100
'14JS',1004,52830,122500
'14JS',1004,52830,124900
'14JS',1004,52830,131300
'14JS',1004,52830,133800
'14JS',1004,52830,140300
'14JS',1004,52830,142800
'14JS',1004,52830,145400
'14JS',1004,52830,152100
'14JS',1004,52830,154900
'14JS',1004,52830,161700
'14JS',1004,52830,164600
'14JS',1004,52830,171500
'14JS',1004,52830,174300
'14JS',1004,52830,180900
'14JS',1004,52830,183500
'14JS',1004,52830,190400
'14JS',1004,52830,193100
'14JS',1004,52830,200100
'14JS',1004,52830,203100
'14JS',1004,52830,210100
'14JS',1004,52830,213100
'14JS',1004,52830,220100
'14JS',1004,52830,223100
'14JS',1004,52830,230100
'14JS',1004,52830,233100
'14JS',1004,52830,240100
'14JS',1004,52830,242900
'14JS',1004,52830,245900
'14JS',1004,52879,52900
'14JS',1004,52879,55600
'14JS',1004,52879,62600
'14JS',1004,52879,65700
'14JS',1004,52879,72500
'14JS',1004,52879,74300
'14JS',1004,52879,80100
'14JS',1004,52879,82000
'14JS',1004,52879,84800
'14JS',1004,52879,91600
'14JS',1004,52879,94300
'14JS',1004,52879,100600
'14JS',1004,52879,102800
'14JS',1004,52879,105100
'14JS',1004,52879,111400
'14JS',1004,52879,113800
'14JS',1004,52879,120100
'14JS',1004,52879,122500
'14JS',1004,52879,124900
'14JS',1004,52879,131300
'14JS',1004,52879,133800
'14JS',1004,52879,140300
'14JS',1004,52879,142800
'14JS',1004,52879,145400
'14JS',1004,52879,152100
'14JS',1004,52879,154900
'14JS',1004,52879,161700
'14JS',1004,52879,164600
'14JS',1004,52879,171500
'14JS',1004,52879,174300
'14JS',1004,52879,180900
'14JS',1004,52879,183500
'14JS',1004,52879,190400
'14JS',1004,52879,193100
'14JS',1004,52879,200100
'14JS',1004,52879,203100
'14JS',1004,52879,210100
'14JS',1004,52879,213100
'14JS',1004,52879,220100
'14JS',1004,52879,223100
'14JS',1004,52879,230100
'14JS',1004,52879,233100
'14JS',1004,52879,240100
'14JS',1004,52879,242900
'14JS',1004,52879,245900
'14JS',1004,52936,53000
'14JS',1004,52936,55700
'14JS',1004,52936,62700
'14JS',1004,52936,65800
'14JS',1004,52936,72600
'14JS',1004,52936,74400
'14JS',1004,52936,80200
'14JS',1004,52936,82100
'14JS',1004,52936,84900
'14JS',1004,52936,91700
'14JS',1004,52936,94400
'14JS',1004,52936,100700
'14JS',1004,52936,102900
'14JS',1004,52936,105200
'14JS',1004,52936,111500
'14JS',1004,52936,113900
'14JS',1004,52936,120200
'14JS',1004,52936,122600
'14JS',1004,52936,125000
'14JS',1004,52936,131400
'14JS',1004,52936,133900
'14JS',1004,52936,140400
'14JS',1004,52936,142900
'14JS',1004,52936,145500
'14JS',1004,52936,152200
'14JS',1004,52936,155000
'14JS',1004,52936,161800
'14JS',1004,52936,164700
'14JS',1004,52936,171600
'14JS',1004,52936,174400
'14JS',1004,52936,181000
'14JS',1004,52936,183600
'14JS',1004,52936,190500
'14JS',1004,52936,193200
'14JS',1004,52936,200200
'14JS',1004,52936,203200
'14JS',1004,52936,210200
'14JS',1004,52936,213200
'14JS',1004,52936,220200
'14JS',1004,52936,223200
'14JS',1004,52936,230200
'14JS',1004,52936,233200
'14JS',1004,52936,240200
'14JS',1004,52936,243000
'14JS',1004,52936,250000
'14JS',1004,53033,53300
'14JS',1004,53033,60100
'14JS',1004,53033,63100
'14JS',1004,53033,70300
'14JS',1004,53033,73100
'14JS',1004,53033,74900
'14JS',1004,53033,80700
'14JS',1004,53033,82600
'14JS',1004,53033,85400
'14JS',1004,53033,92200
'14JS',1004,53033,94900
'14JS',1004,53033,101200
'14JS',1004,53033,103400
'14JS',1004,53033,105700
'14JS',1004,53033,112000
'14JS',1004,53033,114400
'14JS',1004,53033,120700
'14JS',1004,53033,123100
'14JS',1004,53033,125500
'14JS',1004,53033,131900
'14JS',1004,53033,134400
'14JS',1004,53033,140900
'14JS',1004,53033,143400
'14JS',1004,53033,150000
'14JS',1004,53033,152700
'14JS',1004,53033,155500
'14JS',1004,53033,162300
'14JS',1004,53033,165200
'14JS',1004,53033,172100
'14JS',1004,53033,174900
'14JS',1004,53033,181500
'14JS',1004,53033,184100
'14JS',1004,53033,190800
'14JS',1004,53033,193500
'14JS',1004,53033,200500
'14JS',1004,53033,203500
'14JS',1004,53033,210500
'14JS',1004,53033,213500
'14JS',1004,53033,220500
'14JS',1004,53033,223500
'14JS',1004,53033,230500
'14JS',1004,53033,233500
'14JS',1004,53033,240400
'14JS',1004,53033,243200
'14JS',1004,53033,250200
'14JS',1004,53046,53600
'14JS',1004,53046,60300
'14JS',1004,53046,63500
'14JS',1004,53046,70700
'14JS',1004,53046,73500
'14JS',1004,53046,75300
'14JS',1004,53046,81100
'14JS',1004,53046,83000
'14JS',1004,53046,85800
'14JS',1004,53046,92600
'14JS',1004,53046,95300
'14JS',1004,53046,101600
'14JS',1004,53046,103800
'14JS',1004,53046,110100
'14JS',1004,53046,112400
'14JS',1004,53046,114800
'14JS',1004,53046,121100
'14JS',1004,53046,123500
'14JS',1004,53046,125900
'14JS',1004,53046,132300
'14JS',1004,53046,134800
'14JS',1004,53046,141300
'14JS',1004,53046,143800
'14JS',1004,53046,150400
'14JS',1004,53046,153100
'14JS',1004,53046,155900
'14JS',1004,53046,162700
'14JS',1004,53046,165600
'14JS',1004,53046,172500
'14JS',1004,53046,175300
'14JS',1004,53046,181900
'14JS',1004,53046,184500
'14JS',1004,53046,191100
'14JS',1004,53046,193700
'14JS',1004,53046,200700
'14JS',1004,53046,203700
'14JS',1004,53046,210700
'14JS',1004,53046,213700
'14JS',1004,53046,220700
'14JS',1004,53046,223700
'14JS',1004,53046,230700
'14JS',1004,53046,233700
'14JS',1004,53046,240600
'14JS',1004,53046,243400
'14JS',1004,53046,250300
'14JS',1004,53051,53800
'14JS',1004,53051,60600
'14JS',1004,53051,63800
'14JS',1004,53051,71000
'14JS',1004,53051,73800
'14JS',1004,53051,75600
'14JS',1004,53051,81400
'14JS',1004,53051,83300
'14JS',1004,53051,90100
'14JS',1004,53051,92900
'14JS',1004,53051,95600
'14JS',1004,53051,101900
'14JS',1004,53051,104100
'14JS',1004,53051,110400
'14JS',1004,53051,112700
'14JS',1004,53051,115100
'14JS',1004,53051,121500
'14JS',1004,53051,123900
'14JS',1004,53051,130300
'14JS',1004,53051,132700
'14JS',1004,53051,135200
'14JS',1004,53051,141700
'14JS',1004,53051,144200
'14JS',1004,53051,150800
'14JS',1004,53051,153500
'14JS',1004,53051,160300
'14JS',1004,53051,163100
'14JS',1004,53051,170000
'14JS',1004,53051,172900
'14JS',1004,53051,175700
'14JS',1004,53051,182300
'14JS',1004,53051,184800
'14JS',1004,53051,191300
'14JS',1004,53051,193900
'14JS',1004,53051,200900
'14JS',1004,53051,203900
'14JS',1004,53051,210900
'14JS',1004,53051,213900
'14JS',1004,53051,220900
'14JS',1004,53051,223900
'14JS',1004,53051,230900
'14JS',1004,53051,233900
'14JS',1004,53051,240700
'14JS',1004,53051,243500
'14JS',1004,53051,250400
'14JS',1004,53063,53400
'14JS',1004,53063,60200
'14JS',1004,53063,63300
'14JS',1004,53063,70500
'14JS',1004,53063,73300
'14JS',1004,53063,75100
'14JS',1004,53063,80900
'14JS',1004,53063,82800
'14JS',1004,53063,85600
'14JS',1004,53063,92400
'14JS',1004,53063,95100
'14JS',1004,53063,101400
'14JS',1004,53063,103600
'14JS',1004,53063,105900
'14JS',1004,53063,112200
'14JS',1004,53063,114600
'14JS',1004,53063,120900
'14JS',1004,53063,123300
'14JS',1004,53063,125700
'14JS',1004,53063,132100
'14JS',1004,53063,134600
'14JS',1004,53063,141100
'14JS',1004,53063,143600
'14JS',1004,53063,150200
'14JS',1004,53063,152900
'14JS',1004,53063,155700
'14JS',1004,53063,162500
'14JS',1004,53063,165400
'14JS',1004,53063,172300
'14JS',1004,53063,175100
'14JS',1004,53063,181700
'14JS',1004,53063,184300
'14JS',1004,53063,190900
'14JS',1004,53063,193600
'14JS',1004,53063,200600
'14JS',1004,53063,203600
'14JS',1004,53063,210600
'14JS',1004,53063,213600
'14JS',1004,53063,220600
'14JS',1004,53063,223600
'14JS',1004,53063,230600
'14JS',1004,53063,233600
'14JS',1004,53063,240500
'14JS',1004,53063,243300
'14JS',1004,53063,250200
'14JS',1004,54321,51500
'14JS',1004,54321,54200
'14JS',1004,54321,61000
'14JS',1004,54321,64000
'14JS',1004,54321,70800
'14JS',1004,54321,72600
'14JS',1004,54321,74400
'14JS',1004,54321,80300
'14JS',1004,54321,83100
'14JS',1004,54321,85900
'14JS',1004,54321,92700
'14JS',1004,54321,95000
'14JS',1004,54321,101200
'14JS',1004,54321,103500
'14JS',1004,54321,105800
'14JS',1004,54321,112200
'14JS',1004,54321,114500
'14JS',1004,54321,120800
'14JS',1004,54321,123200
'14JS',1004,54321,125600
'14JS',1004,54321,132100
'14JS',1004,54321,134600
'14JS',1004,54321,141100
'14JS',1004,54321,143700
'14JS',1004,54321,150400
'14JS',1004,54321,153200
'14JS',1004,54321,160000
'14JS',1004,54321,162900
'14JS',1004,54321,165800
'14JS',1004,54321,172600
'14JS',1004,54321,175200
'14JS',1004,54321,181800
'14JS',1004,54321,184700
'14JS',1004,54321,191700
'14JS',1004,54321,194700
'14JS',1004,54321,201700
'14JS',1004,54321,204700
'14JS',1004,54321,211700
'14JS',1004,54321,214700
'14JS',1004,54321,221700
'14JS',1004,54321,224700
'14JS',1004,54321,231700
'14JS',1004,54321,234700
'14JS',1004,54321,241700
'14JS',1004,54321,244700
