'14NA',3703,51613,52000
'14NA',3703,51613,54400
'14NA',3703,51613,60800
'14NA',3703,51613,63200
'14NA',3703,51613,65600
'14NA',3703,51613,72000
'14NA',3703,51613,74500
'14NA',3703,51613,81100
'14NA',3703,51613,83600
'14NA',3703,51613,90200
'14NA',3703,51613,92800
'14NA',3703,51613,95700
'14NA',3703,51613,102600
'14NA',3703,51613,105500
'14NA',3703,51613,112400
'14NA',3703,51613,115400
'14NA',3703,51613,122400
'14NA',3703,51613,125400
'14NA',3703,51613,132500
'14NA',3703,51613,135500
'14NA',3703,51613,142600
'14NA',3703,51613,145600
'14NA',3703,51613,152700
'14NA',3703,51613,155700
'14NA',3703,51613,162800
'14NA',3703,51613,165800
'14NA',3703,51613,172700
'14NA',3703,51613,175700
'14NA',3703,51613,182700
'14NA',3703,51613,185700
'14NA',3703,51613,192600
'14NA',3703,51613,195500
'14NA',3703,51613,202300
'14NA',3703,51613,205100
'14NA',3703,51613,211900
'14NA',3703,51613,214700
'14NA',3703,51613,221400
'14NA',3703,51613,224100
'14NA',3703,51613,230800
'14NA',3703,51613,233400
'14NA',3703,51613,240100
'14NA',3703,51613,242700
'14NA',3703,51613,245100
'14NA',3703,51613,251400
'14NF1',3703,51613,52000
'14NF1',3703,51613,54400
'14NF1',3703,51613,60700
'14NF1',3703,51613,63000
'14NF1',3703,51613,65300
'14NF1',3703,51613,71700
'14NF1',3703,51613,74100
'14NF1',3703,51613,80500
'14NF1',3703,51613,83000
'14NF1',3703,51613,85500
'14NF1',3703,51613,92100
'14NF1',3703,51613,94900
'14NF1',3703,51613,101700
'14NF1',3703,51613,104500
'14NF1',3703,51613,111300
'14NF1',3703,51613,114200
'14NF1',3703,51613,121000
'14NF1',3703,51613,123800
'14NF1',3703,51613,130600
'14NF1',3703,51613,133500
'14NF1',3703,51613,140300
'14NF1',3703,51613,143100
'14NF1',3703,51613,150000
'14NF1',3703,51613,152900
'14NF1',3703,51613,155800
'14NF1',3703,51613,162600
'14NF1',3703,51613,165400
'14NF1',3703,51613,172300
'14NF1',3703,51613,175200
'14NF1',3703,51613,182100
'14NF1',3703,51613,185000
'14NF1',3703,51613,191800
'14NF1',3703,51613,194400
'14NF1',3703,51613,200900
'14NF1',3703,51613,203500
'14NF1',3703,51613,210200
'14NF1',3703,51613,212900
'14NF1',3703,51613,215500
'14NF1',3703,51613,222100
'14NF1',3703,51613,224700
'14NF1',3703,51613,231200
'14NF1',3703,51613,233700
'14NF1',3703,51613,240200
'14NF1',3703,51613,242700
'14NF1',3703,51613,245000
'14NF2',3703,51613,52000
'14NF2',3703,51613,54400
'14NF2',3703,51613,60800
'14NF2',3703,51613,63200
'14NF2',3703,51613,65600
'14NF2',3703,51613,72000
'14NF2',3703,51613,74500
'14NF2',3703,51613,81100
'14NF2',3703,51613,83600
'14NF2',3703,51613,90200
'14NF2',3703,51613,92800
'14NF2',3703,51613,95700
'14NF2',3703,51613,102600
'14NF2',3703,51613,105500
'14NF2',3703,51613,112400
'14NF2',3703,51613,115400
'14NF2',3703,51613,122400
'14NF2',3703,51613,125400
'14NF2',3703,51613,132500
'14NF2',3703,51613,135500
'14NF2',3703,51613,142600
'14NF2',3703,51613,145600
'14NF2',3703,51613,152700
'14NF2',3703,51613,155700
'14NF2',3703,51613,162800
'14NF2',3703,51613,165800
'14NF2',3703,51613,172700
'14NF2',3703,51613,175700
'14NF2',3703,51613,182700
'14NF2',3703,51613,185700
'14NF2',3703,51613,192600
'14NF2',3703,51613,195500
'14NF2',3703,51613,202300
'14NF2',3703,51613,205100
'14NF2',3703,51613,211900
'14NF2',3703,51613,214700
'14NF2',3703,51613,221400
'14NF2',3703,51613,224100
'14NF2',3703,51613,230800
'14NF2',3703,51613,233400
'14NF2',3703,51613,240100
'14NF2',3703,51613,242600
'14NF2',3703,51613,245000
'14NF3',3703,51613,52000
'14NF3',3703,51613,54400
'14NF3',3703,51613,60700
'14NF3',3703,51613,63000
'14NF3',3703,51613,65300
'14NF3',3703,51613,71700
'14NF3',3703,51613,74100
'14NF3',3703,51613,80500
'14NF3',3703,51613,83000
'14NF3',3703,51613,85500
'14NF3',3703,51613,92100
'14NF3',3703,51613,94900
'14NF3',3703,51613,101700
'14NF3',3703,51613,104500
'14NF3',3703,51613,111300
'14NF3',3703,51613,114200
'14NF3',3703,51613,121000
'14NF3',3703,51613,123800
'14NF3',3703,51613,130600
'14NF3',3703,51613,133500
'14NF3',3703,51613,140300
'14NF3',3703,51613,143100
'14NF3',3703,51613,150000
'14NF3',3703,51613,152900
'14NF3',3703,51613,155800
'14NF3',3703,51613,162600
'14NF3',3703,51613,165400
'14NF3',3703,51613,172300
'14NF3',3703,51613,175200
'14NF3',3703,51613,182100
'14NF3',3703,51613,185000
'14NF3',3703,51613,191800
'14NF3',3703,51613,194400
'14NF3',3703,51613,200900
'14NF3',3703,51613,203500
'14NF3',3703,51613,210200
'14NF3',3703,51613,212900
'14NF3',3703,51613,215500
'14NF3',3703,51613,222100
'14NF3',3703,51613,224700
'14NF3',3703,51613,231200
'14NF3',3703,51613,233700
'14NF3',3703,51613,240200
'14NF3',3703,51613,242700
'14NF3',3703,51613,245000
'14NF4',3703,51613,52000
'14NF4',3703,51613,54400
'14NF4',3703,51613,60800
'14NF4',3703,51613,63200
'14NF4',3703,51613,65600
'14NF4',3703,51613,72000
'14NF4',3703,51613,74500
'14NF4',3703,51613,81100
'14NF4',3703,51613,83600
'14NF4',3703,51613,90200
'14NF4',3703,51613,92800
'14NF4',3703,51613,95700
'14NF4',3703,51613,102600
'14NF4',3703,51613,105500
'14NF4',3703,51613,112400
'14NF4',3703,51613,115400
'14NF4',3703,51613,122400
'14NF4',3703,51613,125400
'14NF4',3703,51613,132500
'14NF4',3703,51613,135500
'14NF4',3703,51613,142600
'14NF4',3703,51613,145600
'14NF4',3703,51613,152700
'14NF4',3703,51613,155700
'14NF4',3703,51613,162800
'14NF4',3703,51613,165800
'14NF4',3703,51613,172700
'14NF4',3703,51613,175700
'14NF4',3703,51613,182700
'14NF4',3703,51613,185700
'14NF4',3703,51613,192600
'14NF4',3703,51613,195500
'14NF4',3703,51613,202300
'14NF4',3703,51613,205100
'14NF4',3703,51613,211900
'14NF4',3703,51613,214700
'14NF4',3703,51613,221400
'14NF4',3703,51613,224100
'14NF4',3703,51613,230800
'14NF4',3703,51613,233400
'14NF4',3703,51613,240100
'14NF4',3703,51613,242600
'14NF4',3703,51613,245000
'14NI',3703,51613,52000
'14NI',3703,51613,54400
'14NI',3703,51613,60700
'14NI',3703,51613,63000
'14NI',3703,51613,65300
'14NI',3703,51613,71700
'14NI',3703,51613,74100
'14NI',3703,51613,80500
'14NI',3703,51613,83000
'14NI',3703,51613,85500
'14NI',3703,51613,92100
'14NI',3703,51613,94900
'14NI',3703,51613,101700
'14NI',3703,51613,104500
'14NI',3703,51613,111300
'14NI',3703,51613,114200
'14NI',3703,51613,121000
'14NI',3703,51613,123800
'14NI',3703,51613,130600
'14NI',3703,51613,133500
'14NI',3703,51613,140300
'14NI',3703,51613,143100
'14NI',3703,51613,150000
'14NI',3703,51613,152900
'14NI',3703,51613,155800
'14NI',3703,51613,162600
'14NI',3703,51613,165400
'14NI',3703,51613,172300
'14NI',3703,51613,175200
'14NI',3703,51613,182100
'14NI',3703,51613,185000
'14NI',3703,51613,191800
'14NI',3703,51613,194400
'14NI',3703,51613,200900
'14NI',3703,51613,203500
'14NI',3703,51613,210200
'14NI',3703,51613,212900
'14NI',3703,51613,215500
'14NI',3703,51613,222100
'14NI',3703,51613,224700
'14NI',3703,51613,231200
'14NI',3703,51613,233700
'14NI',3703,51613,240200
'14NI',3703,51613,242700
'14NI',3703,51613,245000
'14NS',3703,51613,51200
'14NS',3703,51613,54600
'14NS',3703,51613,61600
'14NS',3703,51613,64000
'14NS',3703,51613,70400
'14NS',3703,51613,73000
'14NS',3703,51613,75600
'14NS',3703,51613,82100
'14NS',3703,51613,84600
'14NS',3703,51613,91100
'14NS',3703,51613,93500
'14NS',3703,51613,95900
'14NS',3703,51613,102300
'14NS',3703,51613,104700
'14NS',3703,51613,111200
'14NS',3703,51613,113700
'14NS',3703,51613,120200
'14NS',3703,51613,122700
'14NS',3703,51613,125200
'14NS',3703,51613,131800
'14NS',3703,51613,134400
'14NS',3703,51613,141000
'14NS',3703,51613,143700
'14NS',3703,51613,150300
'14NS',3703,51613,153000
'14NS',3703,51613,155700
'14NS',3703,51613,162400
'14NS',3703,51613,165100
'14NS',3703,51613,171800
'14NS',3703,51613,174400
'14NS',3703,51613,181000
'14NS',3703,51613,183600
'14NS',3703,51613,190600
'14NS',3703,51613,193700
'14NS',3703,51613,200700
'14NS',3703,51613,203800
'14NS',3703,51613,210800
'14NS',3703,51613,213800
'14NS',3703,51613,220900
'14NS',3703,51613,224000
'14NS',3703,51613,231100
'14NS',3703,51613,234100
'14NS',3703,51613,240500
'14NS',3703,51613,243000
'14NS',3703,51613,245500
'14NS',3703,51613,252200
'14NS',3703,51613,255000
