'13NS',12601,55460,153400
'13NS',12601,55460,154000
'13NS',12601,55462,153200
'13NS',12601,55462,153800
'13NS',12601,55472,153100
'13NS',12601,55472,153700
'13NS',12601,55476,153000
'13NS',12601,55476,153600
'13NS',12601,55490,152900
'13NS',12601,55490,153500
'13NS',12601,55504,152800
'13NS',12601,55504,153400
'13NS',12601,55531,152600
'13NS',12601,55531,153200
'13NS',12601,55548,152500
'13NS',12601,55548,153100
'13NS',12601,55576,152400
'13NS',12601,55576,153000
'13NS',12601,55868,152700
'13NS',12601,55868,153300
'13NS',12601,59532,151600
'13NS',12601,59532,152200
'13NS',12602,55344,75800
'13NS',12602,55344,80500
'13NS',12602,55344,80900
'13NS',12602,55344,81300
'13NS',12602,55460,74500
'13NS',12602,55460,75200
'13NS',12602,55460,75600
'13NS',12602,55460,80000
'13NS',12602,55477,74600
'13NS',12602,55477,75300
'13NS',12602,55477,75700
'13NS',12602,55477,80100
'13NS',12602,55491,74700
'13NS',12602,55491,75400
'13NS',12602,55491,75800
'13NS',12602,55491,80200
'13NS',12602,55505,74800
'13NS',12602,55505,75500
'13NS',12602,55505,75900
'13NS',12602,55505,80300
'13NS',12602,55532,74900
'13NS',12602,55532,75600
'13NS',12602,55532,80000
'13NS',12602,55532,80400
'13NS',12602,55542,75000
'13NS',12602,55542,75700
'13NS',12602,55542,80100
'13NS',12602,55542,80500
'13NS',12602,55551,75200
'13NS',12602,55551,75900
'13NS',12602,55551,80300
'13NS',12602,55551,80700
'13NS',12602,55569,75100
'13NS',12602,55569,75800
'13NS',12602,55569,80200
'13NS',12602,55569,80600
'13NS',12602,55867,74900
'13NS',12602,55867,75600
'13NS',12602,55867,80000
'13NS',12602,55867,80400
