'15UA',2803,54703,52900
'15UA',2803,54703,55800
'15UA',2803,54703,63000
'15UA',2803,54703,70000
'15UA',2803,54703,73200
'15UA',2803,54703,80200
'15UA',2803,54703,83400
'15UA',2803,54703,90400
'15UA',2803,54703,93600
'15UA',2803,54703,101000
'15UA',2803,54703,104200
'15UA',2803,54703,111600
'15UA',2803,54703,114800
'15UA',2803,54703,122200
'15UA',2803,54703,125400
'15UA',2803,54703,132800
'15UA',2803,54703,140000
'15UA',2803,54703,143400
'15UA',2803,54703,150800
'15UA',2803,54703,154200
'15UA',2803,54703,161600
'15UA',2803,54703,164800
'15UA',2803,54703,172200
'15UA',2803,54703,175300
'15UA',2803,54703,182600
'15UA',2803,54703,185700
'15UA',2803,54703,193000
'15UA',2803,54703,200100
'15UA',2803,54703,203400
'15UA',2803,54703,210500
'15UA',2803,54703,213800
'15UA',2803,54703,220900
'15UA',2803,54703,224100
'15UA',2803,54703,230800
'15UA',2803,54703,233700
'15UA',2803,54703,240400
'15UA',2803,54703,243300
'15UA',2803,54703,250000
'15UA',2803,54703,252900
'15UA',2803,54703,255600
'15UA',2803,54703,262500
'15UF1',2803,54703,52900
'15UF1',2803,54703,55800
'15UF1',2803,54703,63000
'15UF1',2803,54703,70000
'15UF1',2803,54703,73200
'15UF1',2803,54703,80200
'15UF1',2803,54703,83400
'15UF1',2803,54703,90400
'15UF1',2803,54703,93600
'15UF1',2803,54703,101000
'15UF1',2803,54703,104200
'15UF1',2803,54703,111600
'15UF1',2803,54703,114800
'15UF1',2803,54703,122200
'15UF1',2803,54703,125400
'15UF1',2803,54703,132800
'15UF1',2803,54703,140000
'15UF1',2803,54703,143400
'15UF1',2803,54703,150800
'15UF1',2803,54703,154200
'15UF1',2803,54703,161600
'15UF1',2803,54703,164800
'15UF1',2803,54703,172200
'15UF1',2803,54703,175300
'15UF1',2803,54703,182600
'15UF1',2803,54703,185700
'15UF1',2803,54703,193000
'15UF1',2803,54703,200100
'15UF1',2803,54703,203400
'15UF1',2803,54703,210500
'15UF1',2803,54703,213800
'15UF1',2803,54703,220900
'15UF1',2803,54703,224100
'15UF1',2803,54703,230800
'15UF1',2803,54703,233700
'15UF1',2803,54703,240400
'15UF1',2803,54703,243300
'15UF1',2803,54703,250000
'15UF1',2803,54703,252900
'15UF1',2803,54703,260100
'15UF2',2803,54703,52900
'15UF2',2803,54703,55800
'15UF2',2803,54703,63000
'15UF2',2803,54703,70000
'15UF2',2803,54703,73200
'15UF2',2803,54703,80200
'15UF2',2803,54703,83400
'15UF2',2803,54703,90400
'15UF2',2803,54703,93600
'15UF2',2803,54703,101000
'15UF2',2803,54703,104200
'15UF2',2803,54703,111600
'15UF2',2803,54703,114800
'15UF2',2803,54703,122200
'15UF2',2803,54703,125400
'15UF2',2803,54703,132800
'15UF2',2803,54703,140000
'15UF2',2803,54703,143400
'15UF2',2803,54703,150800
'15UF2',2803,54703,154200
'15UF2',2803,54703,161600
'15UF2',2803,54703,164800
'15UF2',2803,54703,172200
'15UF2',2803,54703,175300
'15UF2',2803,54703,182600
'15UF2',2803,54703,185700
'15UF2',2803,54703,193000
'15UF2',2803,54703,200100
'15UF2',2803,54703,203400
'15UF2',2803,54703,210500
'15UF2',2803,54703,213800
'15UF2',2803,54703,220900
'15UF2',2803,54703,224100
'15UF2',2803,54703,230800
'15UF2',2803,54703,233700
'15UF2',2803,54703,240400
'15UF2',2803,54703,243300
'15UF2',2803,54703,250000
'15UF2',2803,54703,252900
'15UF2',2803,54703,260100
'15UI',2803,54703,52700
'15UI',2803,54703,55600
'15UI',2803,54703,62600
'15UI',2803,54703,65600
'15UI',2803,54703,72600
'15UI',2803,54703,75600
'15UI',2803,54703,82600
'15UI',2803,54703,85700
'15UI',2803,54703,92800
'15UI',2803,54703,95900
'15UI',2803,54703,103000
'15UI',2803,54703,110100
'15UI',2803,54703,113200
'15UI',2803,54703,120300
'15UI',2803,54703,123400
'15UI',2803,54703,130700
'15UI',2803,54703,133900
'15UI',2803,54703,141200
'15UI',2803,54703,144400
'15UI',2803,54703,151700
'15UI',2803,54703,154900
'15UI',2803,54703,161800
'15UI',2803,54703,164600
'15UI',2803,54703,171200
'15UI',2803,54703,173600
'15UI',2803,54703,180800
'15UI',2803,54703,184000
'15UI',2803,54703,191200
'15UI',2803,54703,194400
'15UI',2803,54703,201500
'15UI',2803,54703,204600
'15UI',2803,54703,211600
'15UI',2803,54703,214600
'15UI',2803,54703,221600
'15UI',2803,54703,224500
'15UI',2803,54703,231300
'15UI',2803,54703,234000
'15UI',2803,54703,240700
'15UI',2803,54703,243500
'15UI',2803,54703,250100
'15UI',2803,54703,253100
'15UI',2803,54703,260000
'15US',2803,54703,53000
'15US',2803,54703,55800
'15US',2803,54703,62600
'15US',2803,54703,63600
'15US',2803,54703,64500
'15US',2803,54703,65400
'15US',2803,54703,70300
'15US',2803,54703,71500
'15US',2803,54703,72500
'15US',2803,54703,73500
'15US',2803,54703,74500
'15US',2803,54703,75500
'15US',2803,54703,80800
'15US',2803,54703,82600
'15US',2803,54703,84600
'15US',2803,54703,91000
'15US',2803,54703,93800
'15US',2803,54703,100600
'15US',2803,54703,103600
'15US',2803,54703,110600
'15US',2803,54703,113600
'15US',2803,54703,120600
'15US',2803,54703,123600
'15US',2803,54703,130600
'15US',2803,54703,133600
'15US',2803,54703,140700
'15US',2803,54703,143700
'15US',2803,54703,150700
'15US',2803,54703,153700
'15US',2803,54703,160900
'15US',2803,54703,163900
'15US',2803,54703,170900
'15US',2803,54703,173900
'15US',2803,54703,180700
'15US',2803,54703,183600
'15US',2803,54703,190600
'15US',2803,54703,193400
'15US',2803,54703,200400
'15US',2803,54703,203400
'15US',2803,54703,210400
'15US',2803,54703,213400
'15US',2803,54703,220400
'15US',2803,54703,223400
'15US',2803,54703,230400
'15US',2803,54703,233400
'15US',2803,54703,240300
'15US',2803,54703,243100
'15US',2803,54703,250100
'15US',2803,54703,253100
'15US',2803,54703,260100
