'14MA',6603,56259,60800
'14MA',6603,56259,63800
'14MA',6603,56259,70800
'14MA',6603,56259,73800
'14MA',6603,56259,80800
'14MA',6603,56259,83800
'14MA',6603,56259,90800
'14MA',6603,56259,93800
'14MA',6603,56259,100800
'14MA',6603,56259,103800
'14MA',6603,56259,110800
'14MA',6603,56259,113800
'14MA',6603,56259,120800
'14MA',6603,56259,123800
'14MA',6603,56259,130900
'14MA',6603,56259,134000
'14MA',6603,56259,141000
'14MA',6603,56259,144000
'14MA',6603,56259,151000
'14MA',6603,56259,154000
'14MA',6603,56259,160900
'14MA',6603,56259,163800
'14MA',6603,56259,170900
'14MA',6603,56259,173900
'14MA',6603,56259,180900
'14MA',6603,56259,183800
'14MA',6603,56259,190800
'14MA',6603,56259,193800
'14MA',6603,56259,200800
'14MA',6603,56259,203800
'14MA',6603,56259,210800
'14MA',6603,56259,213800
'14MA',6603,56259,220800
'14MA',6603,56259,223800
'14MA',6603,56259,230800
'14MA',6603,56259,233800
'14MA',6603,56259,240800
'14MA',6603,56259,243800
'14MA',6603,56259,251300
'14MA',6603,56259,254800
'14MF1',6603,56259,60800
'14MF1',6603,56259,63800
'14MF1',6603,56259,70800
'14MF1',6603,56259,73800
'14MF1',6603,56259,80800
'14MF1',6603,56259,83800
'14MF1',6603,56259,90800
'14MF1',6603,56259,93800
'14MF1',6603,56259,100800
'14MF1',6603,56259,103800
'14MF1',6603,56259,110800
'14MF1',6603,56259,113800
'14MF1',6603,56259,120800
'14MF1',6603,56259,123800
'14MF1',6603,56259,130900
'14MF1',6603,56259,134000
'14MF1',6603,56259,141000
'14MF1',6603,56259,144000
'14MF1',6603,56259,151000
'14MF1',6603,56259,154000
'14MF1',6603,56259,160900
'14MF1',6603,56259,163800
'14MF1',6603,56259,170900
'14MF1',6603,56259,173900
'14MF1',6603,56259,180900
'14MF1',6603,56259,183800
'14MF1',6603,56259,190800
'14MF1',6603,56259,193800
'14MF1',6603,56259,200800
'14MF1',6603,56259,203800
'14MF1',6603,56259,210800
'14MF1',6603,56259,213800
'14MF1',6603,56259,220800
'14MF1',6603,56259,223800
'14MF1',6603,56259,230800
'14MF1',6603,56259,233800
'14MF1',6603,56259,240800
'14MF1',6603,56259,243800
'14MF1',6603,56259,251600
'14MF2',6603,56259,60800
'14MF2',6603,56259,63800
'14MF2',6603,56259,70800
'14MF2',6603,56259,73800
'14MF2',6603,56259,80800
'14MF2',6603,56259,83800
'14MF2',6603,56259,90800
'14MF2',6603,56259,93800
'14MF2',6603,56259,100800
'14MF2',6603,56259,103800
'14MF2',6603,56259,110800
'14MF2',6603,56259,113800
'14MF2',6603,56259,120800
'14MF2',6603,56259,123800
'14MF2',6603,56259,130900
'14MF2',6603,56259,134000
'14MF2',6603,56259,141000
'14MF2',6603,56259,144000
'14MF2',6603,56259,151000
'14MF2',6603,56259,154000
'14MF2',6603,56259,160900
'14MF2',6603,56259,163800
'14MF2',6603,56259,170900
'14MF2',6603,56259,173900
'14MF2',6603,56259,180900
'14MF2',6603,56259,183800
'14MF2',6603,56259,190800
'14MF2',6603,56259,193800
'14MF2',6603,56259,200800
'14MF2',6603,56259,203800
'14MF2',6603,56259,210800
'14MF2',6603,56259,213800
'14MF2',6603,56259,220800
'14MF2',6603,56259,223800
'14MF2',6603,56259,230800
'14MF2',6603,56259,233800
'14MF2',6603,56259,240800
'14MF2',6603,56259,243800
'14MF2',6603,56259,251600
'14MF3',6603,56259,60800
'14MF3',6603,56259,63800
'14MF3',6603,56259,70800
'14MF3',6603,56259,73800
'14MF3',6603,56259,80800
'14MF3',6603,56259,83800
'14MF3',6603,56259,90800
'14MF3',6603,56259,93800
'14MF3',6603,56259,100800
'14MF3',6603,56259,103800
'14MF3',6603,56259,110800
'14MF3',6603,56259,113800
'14MF3',6603,56259,120800
'14MF3',6603,56259,123800
'14MF3',6603,56259,130900
'14MF3',6603,56259,134000
'14MF3',6603,56259,141000
'14MF3',6603,56259,144000
'14MF3',6603,56259,151000
'14MF3',6603,56259,154000
'14MF3',6603,56259,160900
'14MF3',6603,56259,163800
'14MF3',6603,56259,170900
'14MF3',6603,56259,173900
'14MF3',6603,56259,180900
'14MF3',6603,56259,183800
'14MF3',6603,56259,190800
'14MF3',6603,56259,193800
'14MF3',6603,56259,200800
'14MF3',6603,56259,203800
'14MF3',6603,56259,210800
'14MF3',6603,56259,213800
'14MF3',6603,56259,220800
'14MF3',6603,56259,223800
'14MF3',6603,56259,230800
'14MF3',6603,56259,233800
'14MF3',6603,56259,240800
'14MF3',6603,56259,243800
'14MF3',6603,56259,251600
'14MI',6603,56259,63800
'14MI',6603,56259,70800
'14MI',6603,56259,73800
'14MI',6603,56259,80800
'14MI',6603,56259,83800
'14MI',6603,56259,90800
'14MI',6603,56259,93800
'14MI',6603,56259,100800
'14MI',6603,56259,103800
'14MI',6603,56259,110800
'14MI',6603,56259,113800
'14MI',6603,56259,120800
'14MI',6603,56259,123800
'14MI',6603,56259,130800
'14MI',6603,56259,133800
'14MI',6603,56259,140800
'14MI',6603,56259,143800
'14MI',6603,56259,150800
'14MI',6603,56259,153800
'14MI',6603,56259,160800
'14MI',6603,56259,163800
'14MI',6603,56259,170800
'14MI',6603,56259,173800
'14MI',6603,56259,180800
'14MI',6603,56259,183800
'14MI',6603,56259,190800
'14MI',6603,56259,193800
'14MI',6603,56259,200800
'14MI',6603,56259,203800
'14MI',6603,56259,210800
'14MI',6603,56259,213900
'14MI',6603,56259,221000
'14MI',6603,56259,224100
'14MI',6603,56259,231200
'14MI',6603,56259,234300
'14MI',6603,56259,241400
'14MI',6603,56259,244400
'14MI',6603,56259,251600
'14MS',6603,56259,55700
'14MS',6603,56259,62800
'14MS',6603,56259,65900
'14MS',6603,56259,72900
'14MS',6603,56259,80100
'14MS',6603,56259,82800
'14MS',6603,56259,85700
'14MS',6603,56259,92900
'14MS',6603,56259,100200
'14MS',6603,56259,103500
'14MS',6603,56259,110700
'14MS',6603,56259,113900
'14MS',6603,56259,121200
'14MS',6603,56259,124500
'14MS',6603,56259,131800
'14MS',6603,56259,135100
'14MS',6603,56259,142400
'14MS',6603,56259,145100
'14MS',6603,56259,151400
'14MS',6603,56259,153700
'14MS',6603,56259,160100
'14MS',6603,56259,162900
'14MS',6603,56259,165700
'14MS',6603,56259,172400
'14MS',6603,56259,175000
'14MS',6603,56259,181500
'14MS',6603,56259,183900
'14MS',6603,56259,191000
'14MS',6603,56259,194000
'14MS',6603,56259,201000
'14MS',6603,56259,204000
'14MS',6603,56259,211000
'14MS',6603,56259,214000
'14MS',6603,56259,221000
'14MS',6603,56259,224100
'14MS',6603,56259,231200
'14MS',6603,56259,234300
'14MS',6603,56259,241300
'14MS',6603,56259,244400
'14MS',6603,56259,251600
