'13SS',11501,50397,150500
'13SS',11501,50397,153900
'13SS',11501,50397,161500
'13SS',11501,50397,163100
'13SS',11501,50397,164200
'13SS',11501,50397,165500
'13SS',11501,50397,170900
'13SS',11501,50397,173700
'13SS',11501,50397,180800
'13SS',11501,50397,184100
'13SS',11501,50478,61900
'13SS',11501,50478,64900
'13SS',11501,50478,73400
'13SS',11501,50478,75800
'13SS',11501,50478,82600
'13SS',11501,50478,85200
'13SS',11501,50478,151100
'13SS',11501,50478,154500
'13SS',11501,50478,162200
'13SS',11501,50478,163800
'13SS',11501,50478,164900
'13SS',11501,50478,170200
'13SS',11501,50478,171600
'13SS',11501,50478,174300
'13SS',11501,50478,181400
'13SS',11501,50478,184700
'13SS',11501,53887,150300
'13SS',11501,53887,153700
'13SS',11501,53887,161300
'13SS',11501,53887,162900
'13SS',11501,53887,164000
'13SS',11501,53887,165300
'13SS',11501,53887,170700
'13SS',11501,53887,173500
'13SS',11501,53887,180600
'13SS',11501,53887,183900
'13SS',11501,53888,150600
'13SS',11501,53888,154000
'13SS',11501,53888,161600
'13SS',11501,53888,163200
'13SS',11501,53888,164300
'13SS',11501,53888,165600
'13SS',11501,53888,171000
'13SS',11501,53888,173800
'13SS',11501,53888,180900
'13SS',11501,53888,184200
'13SS',11501,53889,150300
'13SS',11501,53889,153700
'13SS',11501,53889,161300
'13SS',11501,53889,162900
'13SS',11501,53889,164000
'13SS',11501,53889,165300
'13SS',11501,53889,170700
'13SS',11501,53889,173600
'13SS',11501,53889,180700
'13SS',11501,53889,184000
'13SS',11501,53890,150600
'13SS',11501,53890,154000
'13SS',11501,53890,161600
'13SS',11501,53890,163200
'13SS',11501,53890,164300
'13SS',11501,53890,165600
'13SS',11501,53890,171000
'13SS',11501,53890,173800
'13SS',11501,53890,180900
'13SS',11501,53890,184200
'13SS',11501,53891,150500
'13SS',11501,53891,153900
'13SS',11501,53891,161500
'13SS',11501,53891,163100
'13SS',11501,53891,164200
'13SS',11501,53891,165500
'13SS',11501,53891,170900
'13SS',11501,53891,173700
'13SS',11501,53891,180800
'13SS',11501,53891,184100
'13SS',11501,54195,151400
'13SS',11501,54195,154900
'13SS',11501,54195,162600
'13SS',11501,54195,164200
'13SS',11501,54195,165300
'13SS',11501,54195,170600
'13SS',11501,54195,171900
'13SS',11501,54195,174600
'13SS',11501,54195,181700
'13SS',11501,54195,185000
'13SS',11501,54262,62600
'13SS',11501,54262,65600
'13SS',11501,54262,74100
'13SS',11501,54262,80500
'13SS',11501,54262,83300
'13SS',11501,54262,85900
'13SS',11501,56010,61900
'13SS',11501,56010,64900
'13SS',11501,56010,73400
'13SS',11501,56010,75800
'13SS',11501,56010,82600
'13SS',11501,56010,85200
'13SS',11501,56010,151100
'13SS',11501,56010,154500
'13SS',11501,56010,162100
'13SS',11501,56010,163700
'13SS',11501,56010,164800
'13SS',11501,56010,170100
'13SS',11501,56010,171500
'13SS',11501,56010,174300
'13SS',11501,56010,181400
'13SS',11501,56010,184700
'13SS',11501,56013,150200
'13SS',11501,56013,153600
'13SS',11501,56013,161200
'13SS',11501,56013,162800
'13SS',11501,56013,163900
'13SS',11501,56013,165200
'13SS',11501,56013,170600
'13SS',11501,56013,173500
'13SS',11501,56013,180600
'13SS',11501,56013,183900
'13SS',11501,56014,61600
'13SS',11501,56014,64600
'13SS',11501,56014,73100
'13SS',11501,56014,75500
'13SS',11501,56014,82300
'13SS',11501,56014,84900
'13SS',11501,56014,150100
'13SS',11501,56014,153500
'13SS',11501,56014,161100
'13SS',11501,56014,162700
'13SS',11501,56014,163800
'13SS',11501,56014,165100
'13SS',11501,56014,170500
'13SS',11501,56014,173400
'13SS',11501,56014,180500
'13SS',11501,56014,183800
'13SS',11501,56016,61600
'13SS',11501,56016,64600
'13SS',11501,56016,73100
'13SS',11501,56016,75500
'13SS',11501,56016,82300
'13SS',11501,56016,84900
'13SS',11501,56016,150100
'13SS',11501,56016,153500
'13SS',11501,56016,161100
'13SS',11501,56016,162700
'13SS',11501,56016,163800
'13SS',11501,56016,165100
'13SS',11501,56016,170500
'13SS',11501,56016,173400
'13SS',11501,56016,180500
'13SS',11501,56016,183800
'13SS',11501,56020,61700
'13SS',11501,56020,64700
'13SS',11501,56020,73200
'13SS',11501,56020,75600
'13SS',11501,56020,82400
'13SS',11501,56020,85000
'13SS',11501,56021,150800
'13SS',11501,56021,154200
'13SS',11501,56021,161900
'13SS',11501,56021,163500
'13SS',11501,56021,164600
'13SS',11501,56021,165900
'13SS',11501,56021,171300
'13SS',11501,56021,174000
'13SS',11501,56021,181100
'13SS',11501,56021,184400
'13SS',11501,56026,61700
'13SS',11501,56026,64700
'13SS',11501,56026,73200
'13SS',11501,56026,75600
'13SS',11501,56026,82400
'13SS',11501,56026,85000
'13SS',11501,56026,150900
'13SS',11501,56026,154300
'13SS',11501,56026,162000
'13SS',11501,56026,163600
'13SS',11501,56026,164700
'13SS',11501,56026,170000
'13SS',11501,56026,171400
'13SS',11501,56026,174100
'13SS',11501,56026,181200
'13SS',11501,56026,184500
'13SS',11501,56108,150800
'13SS',11501,56108,154200
'13SS',11501,56108,161800
'13SS',11501,56108,163400
'13SS',11501,56108,164500
'13SS',11501,56108,165800
'13SS',11501,56108,171200
'13SS',11501,56108,174000
'13SS',11501,56108,181100
'13SS',11501,56108,184400
'13SS',11501,56109,61800
'13SS',11501,56109,64800
'13SS',11501,56109,73300
'13SS',11501,56109,75700
'13SS',11501,56109,82500
'13SS',11501,56109,85100
'13SS',11501,56109,151000
'13SS',11501,56109,154400
'13SS',11501,56109,162100
'13SS',11501,56109,163700
'13SS',11501,56109,164800
'13SS',11501,56109,170100
'13SS',11501,56109,171500
'13SS',11501,56109,174200
'13SS',11501,56109,181300
'13SS',11501,56109,184600
'13SS',11501,56135,150700
'13SS',11501,56135,154100
'13SS',11501,56135,161700
'13SS',11501,56135,163300
'13SS',11501,56135,164400
'13SS',11501,56135,165700
'13SS',11501,56135,171100
'13SS',11501,56135,173900
'13SS',11501,56135,181000
'13SS',11501,56135,184300
'13SS',11501,56146,61500
'13SS',11501,56146,64500
'13SS',11501,56146,73000
'13SS',11501,56146,75400
'13SS',11501,56146,82200
'13SS',11501,56146,84800
'13SS',11501,56146,150000
'13SS',11501,56146,153400
'13SS',11501,56146,161000
'13SS',11501,56146,162600
'13SS',11501,56146,163700
'13SS',11501,56146,165000
'13SS',11501,56146,170400
'13SS',11501,56146,173300
'13SS',11501,56146,180400
'13SS',11501,56146,183700
'13SS',11501,56148,61500
'13SS',11501,56148,64500
'13SS',11501,56148,73000
'13SS',11501,56148,75400
'13SS',11501,56148,82200
'13SS',11501,56148,84800
'13SS',11501,56148,150000
'13SS',11501,56148,153400
'13SS',11501,56148,161000
'13SS',11501,56148,162600
'13SS',11501,56148,163700
'13SS',11501,56148,165000
'13SS',11501,56148,170400
'13SS',11501,56148,173300
'13SS',11501,56148,180400
'13SS',11501,56148,183700
'13SS',11502,50397,60800
'13SS',11502,50397,62300
'13SS',11502,50397,63800
'13SS',11502,50397,65300
'13SS',11502,50397,70900
'13SS',11502,50397,71600
'13SS',11502,50397,72300
'13SS',11502,50397,73100
'13SS',11502,50397,73900
'13SS',11502,50397,74700
'13SS',11502,50397,75500
'13SS',11502,50397,80300
'13SS',11502,50397,80900
'13SS',11502,50397,81500
'13SS',11502,50397,82100
'13SS',11502,50397,82700
'13SS',11502,50397,83300
'13SS',11502,50397,84100
'13SS',11502,50397,84900
'13SS',11502,50397,85700
'13SS',11502,50397,90500
'13SS',11502,50397,91400
'13SS',11502,50397,92300
'13SS',11502,50479,60100
'13SS',11502,50479,61600
'13SS',11502,50479,63100
'13SS',11502,50479,64600
'13SS',11502,50479,70200
'13SS',11502,50479,70900
'13SS',11502,50479,71600
'13SS',11502,50479,72400
'13SS',11502,50479,73200
'13SS',11502,50479,74000
'13SS',11502,50479,74800
'13SS',11502,50479,75600
'13SS',11502,50479,80200
'13SS',11502,50479,80800
'13SS',11502,50479,81400
'13SS',11502,50479,82000
'13SS',11502,50479,82600
'13SS',11502,50479,83400
'13SS',11502,50479,84200
'13SS',11502,50479,85000
'13SS',11502,50479,85800
'13SS',11502,50479,90700
'13SS',11502,50479,91600
'13SS',11502,50479,152500
'13SS',11502,50479,160100
'13SS',11502,50479,162800
'13SS',11502,50479,165500
'13SS',11502,50479,172400
'13SS',11502,50479,175500
'13SS',11502,50479,182800
'13SS',11502,50500,152300
'13SS',11502,50500,155900
'13SS',11502,50500,162600
'13SS',11502,50500,165300
'13SS',11502,50500,172200
'13SS',11502,50500,175300
'13SS',11502,50500,182600
'13SS',11502,53887,60600
'13SS',11502,53887,62100
'13SS',11502,53887,63600
'13SS',11502,53887,65100
'13SS',11502,53887,70700
'13SS',11502,53887,71400
'13SS',11502,53887,72100
'13SS',11502,53887,72900
'13SS',11502,53887,73700
'13SS',11502,53887,74500
'13SS',11502,53887,75300
'13SS',11502,53887,80100
'13SS',11502,53887,80700
'13SS',11502,53887,81300
'13SS',11502,53887,81900
'13SS',11502,53887,82500
'13SS',11502,53887,83100
'13SS',11502,53887,83900
'13SS',11502,53887,84700
'13SS',11502,53887,85500
'13SS',11502,53887,90300
'13SS',11502,53887,91200
'13SS',11502,53887,92100
'13SS',11502,53888,60900
'13SS',11502,53888,62400
'13SS',11502,53888,63900
'13SS',11502,53888,65400
'13SS',11502,53888,71000
'13SS',11502,53888,71700
'13SS',11502,53888,72400
'13SS',11502,53888,73200
'13SS',11502,53888,74000
'13SS',11502,53888,74800
'13SS',11502,53888,75600
'13SS',11502,53888,80400
'13SS',11502,53888,81000
'13SS',11502,53888,81600
'13SS',11502,53888,82200
'13SS',11502,53888,82800
'13SS',11502,53888,83400
'13SS',11502,53888,84200
'13SS',11502,53888,85000
'13SS',11502,53888,85800
'13SS',11502,53888,90600
'13SS',11502,53888,91500
'13SS',11502,53888,92400
'13SS',11502,53889,60600
'13SS',11502,53889,62100
'13SS',11502,53889,63600
'13SS',11502,53889,65100
'13SS',11502,53889,70700
'13SS',11502,53889,71400
'13SS',11502,53889,72100
'13SS',11502,53889,72900
'13SS',11502,53889,73700
'13SS',11502,53889,74500
'13SS',11502,53889,75300
'13SS',11502,53889,80100
'13SS',11502,53889,80700
'13SS',11502,53889,81300
'13SS',11502,53889,81900
'13SS',11502,53889,82500
'13SS',11502,53889,83100
'13SS',11502,53889,83900
'13SS',11502,53889,84700
'13SS',11502,53889,85500
'13SS',11502,53889,90300
'13SS',11502,53889,91200
'13SS',11502,53889,92100
'13SS',11502,53890,60900
'13SS',11502,53890,62400
'13SS',11502,53890,63900
'13SS',11502,53890,65400
'13SS',11502,53890,71000
'13SS',11502,53890,71700
'13SS',11502,53890,72400
'13SS',11502,53890,73200
'13SS',11502,53890,74000
'13SS',11502,53890,74800
'13SS',11502,53890,75600
'13SS',11502,53890,80400
'13SS',11502,53890,81000
'13SS',11502,53890,81600
'13SS',11502,53890,82200
'13SS',11502,53890,82800
'13SS',11502,53890,83400
'13SS',11502,53890,84200
'13SS',11502,53890,85000
'13SS',11502,53890,85800
'13SS',11502,53890,90600
'13SS',11502,53890,91500
'13SS',11502,53890,92400
'13SS',11502,53891,60700
'13SS',11502,53891,62200
'13SS',11502,53891,63700
'13SS',11502,53891,65200
'13SS',11502,53891,70800
'13SS',11502,53891,71500
'13SS',11502,53891,72200
'13SS',11502,53891,73000
'13SS',11502,53891,73800
'13SS',11502,53891,74600
'13SS',11502,53891,75400
'13SS',11502,53891,80200
'13SS',11502,53891,80800
'13SS',11502,53891,81400
'13SS',11502,53891,82000
'13SS',11502,53891,82600
'13SS',11502,53891,83200
'13SS',11502,53891,84000
'13SS',11502,53891,84800
'13SS',11502,53891,85600
'13SS',11502,53891,90400
'13SS',11502,53891,91300
'13SS',11502,53891,92200
'13SS',11502,54195,152200
'13SS',11502,54195,155800
'13SS',11502,54195,162500
'13SS',11502,54195,165200
'13SS',11502,54195,172100
'13SS',11502,54195,175200
'13SS',11502,54195,182500
'13SS',11502,54262,60000
'13SS',11502,54262,61500
'13SS',11502,54262,63000
'13SS',11502,54262,64500
'13SS',11502,54262,70000
'13SS',11502,54262,70700
'13SS',11502,54262,71400
'13SS',11502,54262,72200
'13SS',11502,54262,73000
'13SS',11502,54262,73800
'13SS',11502,54262,74600
'13SS',11502,54262,75400
'13SS',11502,54262,80000
'13SS',11502,54262,80600
'13SS',11502,54262,81200
'13SS',11502,54262,81800
'13SS',11502,54262,82400
'13SS',11502,54262,83200
'13SS',11502,54262,84000
'13SS',11502,54262,84800
'13SS',11502,54262,85600
'13SS',11502,54262,90500
'13SS',11502,54262,91400
'13SS',11502,56009,60100
'13SS',11502,56009,61600
'13SS',11502,56009,63100
'13SS',11502,56009,64600
'13SS',11502,56009,70200
'13SS',11502,56009,70900
'13SS',11502,56009,71600
'13SS',11502,56009,72400
'13SS',11502,56009,73200
'13SS',11502,56009,74000
'13SS',11502,56009,74800
'13SS',11502,56009,75600
'13SS',11502,56009,80200
'13SS',11502,56009,80800
'13SS',11502,56009,81400
'13SS',11502,56009,82000
'13SS',11502,56009,82600
'13SS',11502,56009,83400
'13SS',11502,56009,84200
'13SS',11502,56009,85000
'13SS',11502,56009,85800
'13SS',11502,56009,90700
'13SS',11502,56009,91600
'13SS',11502,56009,152500
'13SS',11502,56009,160100
'13SS',11502,56009,162800
'13SS',11502,56009,165500
'13SS',11502,56009,172400
'13SS',11502,56009,175500
'13SS',11502,56009,182800
'13SS',11502,56011,60200
'13SS',11502,56011,61700
'13SS',11502,56011,63200
'13SS',11502,56011,64700
'13SS',11502,56011,70300
'13SS',11502,56011,71000
'13SS',11502,56011,71700
'13SS',11502,56011,72500
'13SS',11502,56011,73300
'13SS',11502,56011,74100
'13SS',11502,56011,74900
'13SS',11502,56011,75700
'13SS',11502,56011,80300
'13SS',11502,56011,80900
'13SS',11502,56011,81500
'13SS',11502,56011,82100
'13SS',11502,56011,82700
'13SS',11502,56011,83500
'13SS',11502,56011,84300
'13SS',11502,56011,85100
'13SS',11502,56011,85900
'13SS',11502,56011,90800
'13SS',11502,56011,91700
'13SS',11502,56011,152700
'13SS',11502,56011,160300
'13SS',11502,56011,163000
'13SS',11502,56011,165700
'13SS',11502,56011,172600
'13SS',11502,56011,175700
'13SS',11502,56011,183000
'13SS',11502,56012,60500
'13SS',11502,56012,62000
'13SS',11502,56012,63500
'13SS',11502,56012,65000
'13SS',11502,56012,70600
'13SS',11502,56012,71300
'13SS',11502,56012,72000
'13SS',11502,56012,72800
'13SS',11502,56012,73600
'13SS',11502,56012,74400
'13SS',11502,56012,75200
'13SS',11502,56012,80000
'13SS',11502,56012,80600
'13SS',11502,56012,81200
'13SS',11502,56012,81800
'13SS',11502,56012,82400
'13SS',11502,56012,83000
'13SS',11502,56012,83800
'13SS',11502,56012,84600
'13SS',11502,56012,85400
'13SS',11502,56012,90200
'13SS',11502,56012,91100
'13SS',11502,56012,92000
'13SS',11502,56015,152900
'13SS',11502,56015,160500
'13SS',11502,56015,163200
'13SS',11502,56015,165900
'13SS',11502,56015,172800
'13SS',11502,56015,175900
'13SS',11502,56015,183200
'13SS',11502,56017,61000
'13SS',11502,56017,62500
'13SS',11502,56017,64000
'13SS',11502,56017,65500
'13SS',11502,56017,71100
'13SS',11502,56017,71800
'13SS',11502,56017,72500
'13SS',11502,56017,73300
'13SS',11502,56017,74100
'13SS',11502,56017,74900
'13SS',11502,56017,75700
'13SS',11502,56017,80500
'13SS',11502,56017,81100
'13SS',11502,56017,81700
'13SS',11502,56017,82300
'13SS',11502,56017,82900
'13SS',11502,56017,83500
'13SS',11502,56017,84300
'13SS',11502,56017,85100
'13SS',11502,56017,85900
'13SS',11502,56017,90700
'13SS',11502,56017,91600
'13SS',11502,56017,92500
'13SS',11502,56018,61100
'13SS',11502,56018,62600
'13SS',11502,56018,64100
'13SS',11502,56018,65600
'13SS',11502,56018,71200
'13SS',11502,56018,71900
'13SS',11502,56018,72600
'13SS',11502,56018,73400
'13SS',11502,56018,74200
'13SS',11502,56018,75000
'13SS',11502,56018,75800
'13SS',11502,56018,80600
'13SS',11502,56018,81200
'13SS',11502,56018,81800
'13SS',11502,56018,82400
'13SS',11502,56018,83000
'13SS',11502,56018,83600
'13SS',11502,56018,84400
'13SS',11502,56018,85200
'13SS',11502,56018,90000
'13SS',11502,56018,90800
'13SS',11502,56018,91700
'13SS',11502,56018,92600
'13SS',11502,56018,152900
'13SS',11502,56018,160500
'13SS',11502,56018,163200
'13SS',11502,56018,165900
'13SS',11502,56018,172800
'13SS',11502,56018,175900
'13SS',11502,56018,183200
'13SS',11502,56019,152800
'13SS',11502,56019,160400
'13SS',11502,56019,163100
'13SS',11502,56019,165800
'13SS',11502,56019,172700
'13SS',11502,56019,175800
'13SS',11502,56019,183100
'13SS',11502,56022,60400
'13SS',11502,56022,61900
'13SS',11502,56022,63400
'13SS',11502,56022,64900
'13SS',11502,56022,70500
'13SS',11502,56022,71200
'13SS',11502,56022,71900
'13SS',11502,56022,72700
'13SS',11502,56022,73500
'13SS',11502,56022,74300
'13SS',11502,56022,75100
'13SS',11502,56022,75900
'13SS',11502,56022,80500
'13SS',11502,56022,81100
'13SS',11502,56022,81700
'13SS',11502,56022,82300
'13SS',11502,56022,82900
'13SS',11502,56022,83700
'13SS',11502,56022,84500
'13SS',11502,56022,85300
'13SS',11502,56022,90100
'13SS',11502,56022,91000
'13SS',11502,56022,91900
'13SS',11502,56025,60300
'13SS',11502,56025,61800
'13SS',11502,56025,63300
'13SS',11502,56025,64800
'13SS',11502,56025,70400
'13SS',11502,56025,71100
'13SS',11502,56025,71800
'13SS',11502,56025,72600
'13SS',11502,56025,73400
'13SS',11502,56025,74200
'13SS',11502,56025,75000
'13SS',11502,56025,75800
'13SS',11502,56025,80400
'13SS',11502,56025,81000
'13SS',11502,56025,81600
'13SS',11502,56025,82200
'13SS',11502,56025,82800
'13SS',11502,56025,83600
'13SS',11502,56025,84400
'13SS',11502,56025,85200
'13SS',11502,56025,90000
'13SS',11502,56025,90900
'13SS',11502,56025,91800
'13SS',11502,56025,152700
'13SS',11502,56025,160300
'13SS',11502,56025,163000
'13SS',11502,56025,165700
'13SS',11502,56025,172600
'13SS',11502,56025,175700
'13SS',11502,56025,183000
'13SS',11502,56107,60400
'13SS',11502,56107,61900
'13SS',11502,56107,63400
'13SS',11502,56107,64900
'13SS',11502,56107,70500
'13SS',11502,56107,71200
'13SS',11502,56107,71900
'13SS',11502,56107,72700
'13SS',11502,56107,73500
'13SS',11502,56107,74300
'13SS',11502,56107,75100
'13SS',11502,56107,75900
'13SS',11502,56107,80500
'13SS',11502,56107,81100
'13SS',11502,56107,81700
'13SS',11502,56107,82300
'13SS',11502,56107,82900
'13SS',11502,56107,83700
'13SS',11502,56107,84500
'13SS',11502,56107,85300
'13SS',11502,56107,90100
'13SS',11502,56107,91000
'13SS',11502,56107,91900
'13SS',11502,56135,61000
'13SS',11502,56135,62500
'13SS',11502,56135,64000
'13SS',11502,56135,65500
'13SS',11502,56135,71100
'13SS',11502,56135,71800
'13SS',11502,56135,72500
'13SS',11502,56135,73300
'13SS',11502,56135,74100
'13SS',11502,56135,74900
'13SS',11502,56135,75700
'13SS',11502,56135,80500
'13SS',11502,56135,81100
'13SS',11502,56135,81700
'13SS',11502,56135,82300
'13SS',11502,56135,82900
'13SS',11502,56135,83500
'13SS',11502,56135,84300
'13SS',11502,56135,85100
'13SS',11502,56135,85900
'13SS',11502,56135,90700
'13SS',11502,56135,91600
'13SS',11502,56135,92500
'13SS',11502,56146,61300
'13SS',11502,56146,62800
'13SS',11502,56146,64300
'13SS',11502,56146,65800
'13SS',11502,56146,71400
'13SS',11502,56146,72100
'13SS',11502,56146,72800
'13SS',11502,56146,73600
'13SS',11502,56146,74400
'13SS',11502,56146,75200
'13SS',11502,56146,80000
'13SS',11502,56146,80800
'13SS',11502,56146,81400
'13SS',11502,56146,82000
'13SS',11502,56146,82600
'13SS',11502,56146,83200
'13SS',11502,56146,83800
'13SS',11502,56146,84600
'13SS',11502,56146,85400
'13SS',11502,56146,90200
'13SS',11502,56146,91000
'13SS',11502,56146,91900
'13SS',11502,56146,92800
'13SS',11502,56146,153200
'13SS',11502,56146,160800
'13SS',11502,56146,163500
'13SS',11502,56146,170200
'13SS',11502,56146,173100
'13SS',11502,56146,180200
'13SS',11502,56146,183500
'13SS',11502,56147,61200
'13SS',11502,56147,62700
'13SS',11502,56147,64200
'13SS',11502,56147,65700
'13SS',11502,56147,71300
'13SS',11502,56147,72000
'13SS',11502,56147,72700
'13SS',11502,56147,73500
'13SS',11502,56147,74300
'13SS',11502,56147,75100
'13SS',11502,56147,75900
'13SS',11502,56147,80700
'13SS',11502,56147,81300
'13SS',11502,56147,81900
'13SS',11502,56147,82500
'13SS',11502,56147,83100
'13SS',11502,56147,83700
'13SS',11502,56147,84500
'13SS',11502,56147,85300
'13SS',11502,56147,90100
'13SS',11502,56147,90900
'13SS',11502,56147,91800
'13SS',11502,56147,92700
'13SS',11502,56147,153100
'13SS',11502,56147,160700
'13SS',11502,56147,163400
'13SS',11502,56147,170100
'13SS',11502,56147,173000
'13SS',11502,56147,180100
'13SS',11502,56147,183400
'13SS',11502,56149,61200
'13SS',11502,56149,62700
'13SS',11502,56149,64200
'13SS',11502,56149,65700
'13SS',11502,56149,71300
'13SS',11502,56149,72000
'13SS',11502,56149,72700
'13SS',11502,56149,73500
'13SS',11502,56149,74300
'13SS',11502,56149,75100
'13SS',11502,56149,75900
'13SS',11502,56149,80700
'13SS',11502,56149,81300
'13SS',11502,56149,81900
'13SS',11502,56149,82500
'13SS',11502,56149,83100
'13SS',11502,56149,83700
'13SS',11502,56149,84500
'13SS',11502,56149,85300
'13SS',11502,56149,90100
'13SS',11502,56149,90900
'13SS',11502,56149,91800
'13SS',11502,56149,92700
'13SS',11502,56149,153000
'13SS',11502,56149,160600
'13SS',11502,56149,163300
'13SS',11502,56149,170000
'13SS',11502,56149,172900
'13SS',11502,56149,180000
'13SS',11502,56149,183300
