'14MA',3104,50672,51600
'14MA',3104,50672,55500
'14MA',3104,50672,62500
'14MA',3104,50672,65500
'14MA',3104,50672,72500
'14MA',3104,50672,75500
'14MA',3104,50672,82500
'14MA',3104,50672,85500
'14MA',3104,50672,92500
'14MA',3104,50672,95500
'14MA',3104,50672,102500
'14MA',3104,50672,105500
'14MA',3104,50672,112500
'14MA',3104,50672,115500
'14MA',3104,50672,122500
'14MA',3104,50672,125500
'14MA',3104,50672,132500
'14MA',3104,50672,135500
'14MA',3104,50672,142500
'14MA',3104,50672,145500
'14MA',3104,50672,152500
'14MA',3104,50672,155500
'14MA',3104,50672,162500
'14MA',3104,50672,165500
'14MA',3104,50672,172500
'14MA',3104,50672,175500
'14MA',3104,50672,182500
'14MA',3104,50672,185500
'14MA',3104,50672,192500
'14MF1',3104,50672,51600
'14MF1',3104,50672,55500
'14MF1',3104,50672,62500
'14MF1',3104,50672,65500
'14MF1',3104,50672,72500
'14MF1',3104,50672,75500
'14MF1',3104,50672,82500
'14MF1',3104,50672,85500
'14MF1',3104,50672,92500
'14MF1',3104,50672,95500
'14MF1',3104,50672,102500
'14MF1',3104,50672,105500
'14MF1',3104,50672,112500
'14MF1',3104,50672,115500
'14MF1',3104,50672,122500
'14MF1',3104,50672,125500
'14MF1',3104,50672,132500
'14MF1',3104,50672,135500
'14MF1',3104,50672,142500
'14MF1',3104,50672,145500
'14MF1',3104,50672,152500
'14MF1',3104,50672,155500
'14MF1',3104,50672,162500
'14MF1',3104,50672,165500
'14MF1',3104,50672,172500
'14MF1',3104,50672,175500
'14MF1',3104,50672,182500
'14MF1',3104,50672,185500
'14MF1',3104,50672,192500
'14MF2',3104,50672,51600
'14MF2',3104,50672,55500
'14MF2',3104,50672,62500
'14MF2',3104,50672,65500
'14MF2',3104,50672,72500
'14MF2',3104,50672,75500
'14MF2',3104,50672,82500
'14MF2',3104,50672,85500
'14MF2',3104,50672,92500
'14MF2',3104,50672,95500
'14MF2',3104,50672,102500
'14MF2',3104,50672,105500
'14MF2',3104,50672,112500
'14MF2',3104,50672,115500
'14MF2',3104,50672,122500
'14MF2',3104,50672,125500
'14MF2',3104,50672,132500
'14MF2',3104,50672,135500
'14MF2',3104,50672,142500
'14MF2',3104,50672,145500
'14MF2',3104,50672,152500
'14MF2',3104,50672,155500
'14MF2',3104,50672,162500
'14MF2',3104,50672,165500
'14MF2',3104,50672,172500
'14MF2',3104,50672,175500
'14MF2',3104,50672,182500
'14MF2',3104,50672,185500
'14MF2',3104,50672,192500
'14MF3',3104,50672,51600
'14MF3',3104,50672,55500
'14MF3',3104,50672,62500
'14MF3',3104,50672,65500
'14MF3',3104,50672,72500
'14MF3',3104,50672,75500
'14MF3',3104,50672,82500
'14MF3',3104,50672,85500
'14MF3',3104,50672,92500
'14MF3',3104,50672,95500
'14MF3',3104,50672,102500
'14MF3',3104,50672,105500
'14MF3',3104,50672,112500
'14MF3',3104,50672,115500
'14MF3',3104,50672,122500
'14MF3',3104,50672,125500
'14MF3',3104,50672,132500
'14MF3',3104,50672,135500
'14MF3',3104,50672,142500
'14MF3',3104,50672,145500
'14MF3',3104,50672,152500
'14MF3',3104,50672,155500
'14MF3',3104,50672,162500
'14MF3',3104,50672,165500
'14MF3',3104,50672,172500
'14MF3',3104,50672,175500
'14MF3',3104,50672,182500
'14MF3',3104,50672,185500
'14MF3',3104,50672,192500
'14MI',3104,50672,51500
'14MI',3104,50672,55500
'14MI',3104,50672,62500
'14MI',3104,50672,65400
'14MI',3104,50672,72400
'14MI',3104,50672,75400
'14MI',3104,50672,82400
'14MI',3104,50672,85400
'14MI',3104,50672,92400
'14MI',3104,50672,95400
'14MI',3104,50672,102400
'14MI',3104,50672,105400
'14MI',3104,50672,112400
'14MI',3104,50672,115400
'14MI',3104,50672,122400
'14MI',3104,50672,125400
'14MI',3104,50672,132400
'14MI',3104,50672,135400
'14MI',3104,50672,142400
'14MI',3104,50672,145400
'14MI',3104,50672,152400
'14MI',3104,50672,155400
'14MI',3104,50672,162400
'14MI',3104,50672,165400
'14MI',3104,50672,172400
'14MI',3104,50672,175400
'14MI',3104,50672,182400
'14MI',3104,50672,185400
'14MI',3104,50672,192400
'14MS',3104,50672,51500
'14MS',3104,50672,55400
'14MS',3104,50672,62400
'14MS',3104,50672,65400
'14MS',3104,50672,72500
'14MS',3104,50672,75500
'14MS',3104,50672,82500
'14MS',3104,50672,85500
'14MS',3104,50672,92500
'14MS',3104,50672,95500
'14MS',3104,50672,102500
'14MS',3104,50672,105500
'14MS',3104,50672,112500
'14MS',3104,50672,115500
'14MS',3104,50672,122500
'14MS',3104,50672,125500
'14MS',3104,50672,132500
'14MS',3104,50672,135500
'14MS',3104,50672,142500
'14MS',3104,50672,145500
'14MS',3104,50672,152500
'14MS',3104,50672,155500
'14MS',3104,50672,162600
'14MS',3104,50672,165900
'14MS',3104,50672,173200
'14MS',3104,50672,180300
'14MS',3104,50672,183000
'14MS',3104,50672,190000
'14MS',3104,50672,193000
'14MS',3104,50672,195700
'14MS',3104,50672,202500
'14MS',3104,50672,205400
'14MS',3104,50672,212400
'14MS',3104,50672,215400
'14MS',3104,50672,222400
'14MS',3104,50672,225400
'14MS',3104,50672,232400
'14MS',3104,50672,235400
'14MS',3104,50672,242400
'14MS',3104,50672,245400
'14MS',3104,50672,253000
'14MA',5304,50672,52200
'14MA',5304,50672,55800
'14MA',5304,50672,63400
'14MA',5304,50672,71000
'14MA',5304,50672,74600
'14MA',5304,50672,82200
'14MA',5304,50672,85800
'14MA',5304,50672,93500
'14MA',5304,50672,101100
'14MA',5304,50672,104700
'14MA',5304,50672,112300
'14MA',5304,50672,115900
'14MA',5304,50672,123500
'14MA',5304,50672,131100
'14MA',5304,50672,134700
'14MA',5304,50672,142300
'14MA',5304,50672,145900
'14MA',5304,50672,153500
'14MA',5304,50672,161100
'14MA',5304,50672,164700
'14MA',5304,50672,172300
'14MA',5304,50672,175900
'14MA',5304,50672,183500
'14MA',5304,50672,191100
'14MA',5304,50672,194700
'14MA',5304,50672,202300
'14MA',5304,50672,205900
'14MA',5304,50672,213500
'14MA',5304,50672,221000
'14MA',5304,50672,224600
'14MA',5304,50672,232100
'14MA',5304,50672,235600
'14MA',5304,50672,243100
'14MA',5304,50672,250700
'14MA',5304,50672,254200
'14MF1',5304,50672,52300
'14MF1',5304,50672,55900
'14MF1',5304,50672,63500
'14MF1',5304,50672,71100
'14MF1',5304,50672,74700
'14MF1',5304,50672,82300
'14MF1',5304,50672,85900
'14MF1',5304,50672,93500
'14MF1',5304,50672,101100
'14MF1',5304,50672,104700
'14MF1',5304,50672,112300
'14MF1',5304,50672,115900
'14MF1',5304,50672,123500
'14MF1',5304,50672,131100
'14MF1',5304,50672,134700
'14MF1',5304,50672,142300
'14MF1',5304,50672,145900
'14MF1',5304,50672,153500
'14MF1',5304,50672,161100
'14MF1',5304,50672,164700
'14MF1',5304,50672,172300
'14MF1',5304,50672,175900
'14MF1',5304,50672,183500
'14MF1',5304,50672,191100
'14MF1',5304,50672,194700
'14MF1',5304,50672,202300
'14MF1',5304,50672,205900
'14MF1',5304,50672,213500
'14MF1',5304,50672,221100
'14MF1',5304,50672,224600
'14MF1',5304,50672,232200
'14MF1',5304,50672,235800
'14MF1',5304,50672,243600
'14MF2',5304,50672,52300
'14MF2',5304,50672,55900
'14MF2',5304,50672,63500
'14MF2',5304,50672,71100
'14MF2',5304,50672,74700
'14MF2',5304,50672,82300
'14MF2',5304,50672,85900
'14MF2',5304,50672,93500
'14MF2',5304,50672,101100
'14MF2',5304,50672,104700
'14MF2',5304,50672,112300
'14MF2',5304,50672,115900
'14MF2',5304,50672,123500
'14MF2',5304,50672,131100
'14MF2',5304,50672,134700
'14MF2',5304,50672,142300
'14MF2',5304,50672,145900
'14MF2',5304,50672,153500
'14MF2',5304,50672,161100
'14MF2',5304,50672,164700
'14MF2',5304,50672,172300
'14MF2',5304,50672,175900
'14MF2',5304,50672,183500
'14MF2',5304,50672,191100
'14MF2',5304,50672,194700
'14MF2',5304,50672,202300
'14MF2',5304,50672,205900
'14MF2',5304,50672,213500
'14MF2',5304,50672,221100
'14MF2',5304,50672,224600
'14MF2',5304,50672,232200
'14MF2',5304,50672,235800
'14MF2',5304,50672,243600
'14MF3',5304,50672,52300
'14MF3',5304,50672,55900
'14MF3',5304,50672,63500
'14MF3',5304,50672,71100
'14MF3',5304,50672,74700
'14MF3',5304,50672,82300
'14MF3',5304,50672,85900
'14MF3',5304,50672,93500
'14MF3',5304,50672,101100
'14MF3',5304,50672,104700
'14MF3',5304,50672,112300
'14MF3',5304,50672,115900
'14MF3',5304,50672,123500
'14MF3',5304,50672,131100
'14MF3',5304,50672,134700
'14MF3',5304,50672,142300
'14MF3',5304,50672,145900
'14MF3',5304,50672,153500
'14MF3',5304,50672,161100
'14MF3',5304,50672,164700
'14MF3',5304,50672,172300
'14MF3',5304,50672,175900
'14MF3',5304,50672,183500
'14MF3',5304,50672,191100
'14MF3',5304,50672,194700
'14MF3',5304,50672,202300
'14MF3',5304,50672,205900
'14MF3',5304,50672,213500
'14MF3',5304,50672,221100
'14MF3',5304,50672,224600
'14MF3',5304,50672,232200
'14MF3',5304,50672,235800
'14MF3',5304,50672,243600
'14MI',5304,50672,52300
'14MI',5304,50672,55900
'14MI',5304,50672,63500
'14MI',5304,50672,71100
'14MI',5304,50672,74700
'14MI',5304,50672,82300
'14MI',5304,50672,85900
'14MI',5304,50672,93500
'14MI',5304,50672,101100
'14MI',5304,50672,104700
'14MI',5304,50672,112300
'14MI',5304,50672,115900
'14MI',5304,50672,123500
'14MI',5304,50672,131100
'14MI',5304,50672,134700
'14MI',5304,50672,142300
'14MI',5304,50672,145900
'14MI',5304,50672,153500
'14MI',5304,50672,161100
'14MI',5304,50672,164700
'14MI',5304,50672,172300
'14MI',5304,50672,175900
'14MI',5304,50672,183500
'14MI',5304,50672,191100
'14MI',5304,50672,194700
'14MI',5304,50672,202300
'14MI',5304,50672,205900
'14MI',5304,50672,213500
'14MI',5304,50672,221100
'14MI',5304,50672,224600
'14MI',5304,50672,232200
'14MI',5304,50672,235800
'14MI',5304,50672,243600
'14MS',5304,50672,52100
'14MS',5304,50672,54100
'14MS',5304,50672,55800
'14MS',5304,50672,61600
'14MS',5304,50672,63400
'14MS',5304,50672,65400
'14MS',5304,50672,71400
'14MS',5304,50672,73700
'14MS',5304,50672,75800
'14MS',5304,50672,81900
'14MS',5304,50672,83700
'14MS',5304,50672,85700
'14MS',5304,50672,91700
'14MS',5304,50672,93700
'14MS',5304,50672,95700
'14MS',5304,50672,101700
'14MS',5304,50672,103700
'14MS',5304,50672,105700
'14MS',5304,50672,111700
'14MS',5304,50672,113700
'14MS',5304,50672,115700
'14MS',5304,50672,121700
'14MS',5304,50672,123700
'14MS',5304,50672,125700
'14MS',5304,50672,131700
'14MS',5304,50672,133700
'14MS',5304,50672,135700
'14MS',5304,50672,141700
'14MS',5304,50672,143700
'14MS',5304,50672,145700
'14MS',5304,50672,151600
'14MS',5304,50672,153500
'14MS',5304,50672,155700
'14MS',5304,50672,161700
'14MS',5304,50672,163800
'14MS',5304,50672,165800
'14MS',5304,50672,171900
'14MS',5304,50672,174000
'14MS',5304,50672,175900
'14MS',5304,50672,182200
'14MS',5304,50672,185500
'14MS',5304,50672,192600
'14MS',5304,50672,195700
'14MS',5304,50672,202800
'14MS',5304,50672,205900
'14MS',5304,50672,213000
'14MS',5304,50672,220100
'14MS',5304,50672,223200
'14MS',5304,50672,230300
'14MS',5304,50672,233400
'14MS',5304,50672,240500
'14MS',5304,50672,243600
'14MA',14601,50672,55400
'14MA',14601,50672,62400
'14MA',14601,50672,65400
'14MA',14601,50672,72400
'14MA',14601,50672,75600
'14MA',14601,50672,82600
'14MA',14601,50672,85600
'14MA',14601,50672,92600
'14MA',14601,50672,95600
'14MA',14601,50672,102600
'14MA',14601,50672,105600
'14MA',14601,50672,112700
'14MA',14601,50672,115700
'14MA',14601,50672,122900
'14MA',14601,50672,125900
'14MA',14601,50672,133100
'14MA',14601,50672,140200
'14MA',14601,50672,143200
'14MA',14601,50672,150300
'14MA',14601,50672,153300
'14MA',14601,50672,160400
'14MA',14601,50672,163400
'14MA',14601,50672,170500
'14MA',14601,50672,173500
'14MA',14601,50672,180500
'14MA',14601,50672,183400
'14MA',14601,50672,190200
'14MA',14601,50672,193100
'14MA',14601,50672,195900
'14MA',14601,50672,202700
'14MA',14601,50672,205500
'14MA',14601,50672,212500
'14MA',14601,50672,215500
'14MA',14601,50672,222500
'14MA',14601,50672,225500
'14MA',14601,50672,232500
'14MA',14601,50672,235400
'14MA',14601,50672,242400
'14MA',14601,50672,245400
'14MA',14601,50672,252400
'14MA',14601,50672,255400
'14MF1',14601,50672,65400
'14MF1',14601,50672,72400
'14MF1',14601,50672,75400
'14MF1',14601,50672,82400
'14MF1',14601,50672,85500
'14MF1',14601,50672,92500
'14MF1',14601,50672,95500
'14MF1',14601,50672,102500
'14MF1',14601,50672,105500
'14MF1',14601,50672,112500
'14MF1',14601,50672,115500
'14MF1',14601,50672,122500
'14MF1',14601,50672,125500
'14MF1',14601,50672,132500
'14MF1',14601,50672,135500
'14MF1',14601,50672,142500
'14MF1',14601,50672,145500
'14MF1',14601,50672,152500
'14MF1',14601,50672,155700
'14MF1',14601,50672,162700
'14MF1',14601,50672,165800
'14MF1',14601,50672,172800
'14MF1',14601,50672,175900
'14MF1',14601,50672,182900
'14MF1',14601,50672,190000
'14MF1',14601,50672,193000
'14MF1',14601,50672,200100
'14MF1',14601,50672,203100
'14MF1',14601,50672,210000
'14MF1',14601,50672,212900
'14MF1',14601,50672,215600
'14MF1',14601,50672,222500
'14MF1',14601,50672,225400
'14MF1',14601,50672,232300
'14MF1',14601,50672,235200
'14MF1',14601,50672,242200
'14MF1',14601,50672,245200
'14MF1',14601,50672,252200
'14MF2',14601,50672,65400
'14MF2',14601,50672,70900
'14MF2',14601,50672,72400
'14MF2',14601,50672,73900
'14MF2',14601,50672,75400
'14MF2',14601,50672,80900
'14MF2',14601,50672,82400
'14MF2',14601,50672,84000
'14MF2',14601,50672,85500
'14MF2',14601,50672,91000
'14MF2',14601,50672,92500
'14MF2',14601,50672,94000
'14MF2',14601,50672,95500
'14MF2',14601,50672,102500
'14MF2',14601,50672,105500
'14MF2',14601,50672,112500
'14MF2',14601,50672,115500
'14MF2',14601,50672,122500
'14MF2',14601,50672,125500
'14MF2',14601,50672,132500
'14MF2',14601,50672,135500
'14MF2',14601,50672,142500
'14MF2',14601,50672,145500
'14MF2',14601,50672,152500
'14MF2',14601,50672,155700
'14MF2',14601,50672,162700
'14MF2',14601,50672,165800
'14MF2',14601,50672,172800
'14MF2',14601,50672,175900
'14MF2',14601,50672,182900
'14MF2',14601,50672,190000
'14MF2',14601,50672,193000
'14MF2',14601,50672,200100
'14MF2',14601,50672,203100
'14MF2',14601,50672,210000
'14MF2',14601,50672,212900
'14MF2',14601,50672,215600
'14MF2',14601,50672,222500
'14MF2',14601,50672,225400
'14MF2',14601,50672,232300
'14MF2',14601,50672,235200
'14MF2',14601,50672,242200
'14MF2',14601,50672,245200
'14MF2',14601,50672,252200
'14MF3',14601,50672,65400
'14MF3',14601,50672,72400
'14MF3',14601,50672,75400
'14MF3',14601,50672,82400
'14MF3',14601,50672,85500
'14MF3',14601,50672,92500
'14MF3',14601,50672,95500
'14MF3',14601,50672,102500
'14MF3',14601,50672,105500
'14MF3',14601,50672,112500
'14MF3',14601,50672,115500
'14MF3',14601,50672,122500
'14MF3',14601,50672,125500
'14MF3',14601,50672,132500
'14MF3',14601,50672,135500
'14MF3',14601,50672,142500
'14MF3',14601,50672,145500
'14MF3',14601,50672,152500
'14MF3',14601,50672,155700
'14MF3',14601,50672,162700
'14MF3',14601,50672,165800
'14MF3',14601,50672,172800
'14MF3',14601,50672,175900
'14MF3',14601,50672,182900
'14MF3',14601,50672,190000
'14MF3',14601,50672,193000
'14MF3',14601,50672,200100
'14MF3',14601,50672,203100
'14MF3',14601,50672,210000
'14MF3',14601,50672,212900
'14MF3',14601,50672,215600
'14MF3',14601,50672,222500
'14MF3',14601,50672,225400
'14MF3',14601,50672,232300
'14MF3',14601,50672,235200
'14MF3',14601,50672,242200
'14MF3',14601,50672,245200
'14MF3',14601,50672,252200
'14MI',14601,50672,65400
'14MI',14601,50672,72400
'14MI',14601,50672,75400
'14MI',14601,50672,82400
'14MI',14601,50672,85500
'14MI',14601,50672,92500
'14MI',14601,50672,95500
'14MI',14601,50672,102500
'14MI',14601,50672,105500
'14MI',14601,50672,112500
'14MI',14601,50672,115500
'14MI',14601,50672,122500
'14MI',14601,50672,125500
'14MI',14601,50672,132500
'14MI',14601,50672,135500
'14MI',14601,50672,142500
'14MI',14601,50672,145500
'14MI',14601,50672,152500
'14MI',14601,50672,155700
'14MI',14601,50672,162700
'14MI',14601,50672,165800
'14MI',14601,50672,172800
'14MI',14601,50672,175900
'14MI',14601,50672,182900
'14MI',14601,50672,190000
'14MI',14601,50672,193000
'14MI',14601,50672,200100
'14MI',14601,50672,203100
'14MI',14601,50672,210000
'14MI',14601,50672,212900
'14MI',14601,50672,215600
'14MI',14601,50672,222500
'14MI',14601,50672,225400
'14MI',14601,50672,232300
'14MI',14601,50672,235200
'14MI',14601,50672,242200
'14MI',14601,50672,245200
'14MI',14601,50672,252200
'14MS',14601,50672,55500
'14MS',14601,50672,62700
'14MS',14601,50672,65900
'14MS',14601,50672,73200
'14MS',14601,50672,74500
'14MS',14601,50672,75800
'14MS',14601,50672,82100
'14MS',14601,50672,84300
'14MS',14601,50672,90100
'14MS',14601,50672,92700
'14MS',14601,50672,95800
'14MS',14601,50672,102800
'14MS',14601,50672,105900
'14MS',14601,50672,112900
'14MS',14601,50672,120000
'14MS',14601,50672,123100
'14MS',14601,50672,130200
'14MS',14601,50672,133300
'14MS',14601,50672,140400
'14MS',14601,50672,143500
'14MS',14601,50672,150700
'14MS',14601,50672,153800
'14MS',14601,50672,161100
'14MS',14601,50672,162700
'14MS',14601,50672,164400
'14MS',14601,50672,170900
'14MS',14601,50672,173400
'14MS',14601,50672,175900
'14MS',14601,50672,182300
'14MS',14601,50672,184800
'14MS',14601,50672,191800
'14MS',14601,50672,194600
'14MS',14601,50672,201600
'14MS',14601,50672,204600
'14MS',14601,50672,211600
'14MS',14601,50672,214600
'14MS',14601,50672,221600
'14MS',14601,50672,224600
'14MS',14601,50672,231500
'14MS',14601,50672,234500
'14MS',14601,50672,241500
'14MS',14601,50672,244500
'14MS',14601,50672,251500
'14MA',36104,50672,242100
'14MA',36104,50672,250600
'14MA',36104,50672,255200
'14MA',36104,50672,262200
'14MA',36104,50672,265200
'14MA',36104,50672,272200
'14MA',36104,50672,275100
'14MA',36104,50672,282100
'14MF1',36104,50672,242100
'14MF1',36104,50672,250600
'14MF1',36104,50672,255200
'14MF1',36104,50672,262200
'14MF1',36104,50672,265200
'14MF1',36104,50672,272200
'14MF1',36104,50672,275100
'14MF1',36104,50672,282100
'14MF2',36104,50672,242100
'14MF2',36104,50672,250600
'14MF2',36104,50672,255200
'14MF2',36104,50672,262200
'14MF2',36104,50672,265200
'14MF2',36104,50672,272200
'14MF2',36104,50672,275100
'14MF2',36104,50672,282100
'14MF3',36104,50672,242100
'14MF3',36104,50672,250600
'14MF3',36104,50672,255200
'14MF3',36104,50672,262200
'14MF3',36104,50672,265200
'14MF3',36104,50672,272200
'14MF3',36104,50672,275100
'14MF3',36104,50672,282100
'14MI',36104,50672,243600
'14MI',36104,50672,250600
'14MI',36104,50672,253600
'14MI',36104,50672,261900
'14MI',36104,50672,270200
'14MI',36104,50672,274600
'14MI',36104,50672,283300
'14MS',36104,50672,243600
'14MS',36104,50672,250800
'14MS',36104,50672,253900
'14MS',36104,50672,260100
'14MS',36104,50672,262100
'14MS',36104,50672,264200
'14MS',36104,50672,271300
'14MS',36104,50672,274600
'14MS',36104,50672,283300
