'15JA',12501,53123,53900
'15JA',12501,53123,61400
'15JA',12501,53123,64800
'15JA',12501,53123,72200
'15JA',12501,53123,75600
'15JA',12501,53123,83100
'15JA',12501,53123,90800
'15JA',12501,53123,94500
'15JA',12501,53123,102000
'15JA',12501,53123,105100
'15JA',12501,53123,112200
'15JA',12501,53123,115300
'15JA',12501,53123,122300
'15JA',12501,53123,125300
'15JA',12501,53123,132300
'15JA',12501,53123,133900
'15JA',12501,53123,135500
'15JA',12501,53123,141100
'15JA',12501,53123,142700
'15JA',12501,53123,144500
'15JA',12501,53123,150400
'15JA',12501,53123,152500
'15JA',12501,53123,154600
'15JA',12501,53123,160700
'15JA',12501,53123,162700
'15JA',12501,53123,164700
'15JA',12501,53123,170700
'15JA',12501,53123,172600
'15JA',12501,53123,174500
'15JA',12501,53123,180400
'15JA',12501,53123,182300
'15JA',12501,53123,185100
'15JA',12501,53123,192000
'15JA',12501,53123,195000
'15JA',12501,53123,202000
'15JA',12501,53123,205000
'15JA',12501,53123,212500
'15JA',12501,53123,220100
'15JA',12501,53123,223700
'15JA',12501,53123,230800
'15JA',12501,53123,233800
'15JA',12501,53123,240900
'15JA',12501,53123,244000
'15JA',12501,53123,251000
'15JA',12501,53123,254500
'15JI',12501,53123,53700
'15JI',12501,53123,60900
'15JI',12501,53123,64100
'15JI',12501,53123,71300
'15JI',12501,53123,74800
'15JI',12501,53123,82100
'15JI',12501,53123,85500
'15JI',12501,53123,93100
'15JI',12501,53123,100700
'15JI',12501,53123,104300
'15JI',12501,53123,111900
'15JI',12501,53123,115300
'15JI',12501,53123,122600
'15JI',12501,53123,125400
'15JI',12501,53123,131900
'15JI',12501,53123,133900
'15JI',12501,53123,135800
'15JI',12501,53123,141500
'15JI',12501,53123,143100
'15JI',12501,53123,144700
'15JI',12501,53123,150300
'15JI',12501,53123,152000
'15JI',12501,53123,153900
'15JI',12501,53123,155800
'15JI',12501,53123,161800
'15JI',12501,53123,163900
'15JI',12501,53123,165900
'15JI',12501,53123,171900
'15JI',12501,53123,174000
'15JI',12501,53123,180900
'15JI',12501,53123,183700
'15JI',12501,53123,190400
'15JI',12501,53123,193100
'15JI',12501,53123,195700
'15JI',12501,53123,202300
'15JI',12501,53123,205800
'15JI',12501,53123,213400
'15JI',12501,53123,221200
'15JI',12501,53123,224900
'15JI',12501,53123,232800
'15JI',12501,53123,240700
'15JI',12501,53123,244700
'15JI',12501,53123,253700
'15JS',12501,53123,53800
'15JS',12501,53123,60600
'15JS',12501,53123,63600
'15JS',12501,53123,70700
'15JS',12501,53123,73600
'15JS',12501,53123,80700
'15JS',12501,53123,83800
'15JS',12501,53123,90800
'15JS',12501,53123,93800
'15JS',12501,53123,100800
'15JS',12501,53123,103800
'15JS',12501,53123,110900
'15JS',12501,53123,114000
'15JS',12501,53123,121200
'15JS',12501,53123,124400
'15JS',12501,53123,130500
'15JS',12501,53123,132400
'15JS',12501,53123,134300
'15JS',12501,53123,140200
'15JS',12501,53123,142200
'15JS',12501,53123,144200
'15JS',12501,53123,150300
'15JS',12501,53123,152300
'15JS',12501,53123,154400
'15JS',12501,53123,160200
'15JS',12501,53123,162000
'15JS',12501,53123,163200
'15JS',12501,53123,164500
'15JS',12501,53123,165700
'15JS',12501,53123,170900
'15JS',12501,53123,173300
'15JS',12501,53123,174400
'15JS',12501,53123,175500
'15JS',12501,53123,180700
'15JS',12501,53123,181900
'15JS',12501,53123,184400
'15JS',12501,53123,191300
'15JS',12501,53123,194200
'15JS',12501,53123,201200
'15JS',12501,53123,204200
'15JS',12501,53123,211100
'15JS',12501,53123,213800
'15JS',12501,53123,215300
'15JS',12501,53123,220900
'15JS',12501,53123,222600
'15JS',12501,53123,224300
'15JS',12501,53123,232400
'15JS',12501,53123,240400
'15JS',12501,53123,244600
'15JS',12501,53123,253800
'15JA',35503,53123,254900
'15JA',35503,53123,261900
'15JA',35503,53123,264500
'15JA',35503,53123,271100
'15JA',35503,53123,273700
'15JA',35503,53123,280700
'15JA',35503,53123,284300
'15JA',35503,53123,291300
'15JI',35503,53123,254500
'15JI',35503,53123,263000
'15JI',35503,53123,271500
'15JI',35503,53123,280000
'15JI',35503,53123,284500
'15JI',35503,53123,291100
'15JS',35503,53123,254600
'15JS',35503,53123,263100
'15JS',35503,53123,271600
'15JS',35503,53123,280100
'15JS',35503,53123,283900
'15JS',35503,53123,291200
