'14SA',3203,55269,54400
'14SA',3203,55269,61400
'14SA',3203,55269,64300
'14SA',3203,55269,71300
'14SA',3203,55269,74400
'14SA',3203,55269,81500
'14SA',3203,55269,84600
'14SA',3203,55269,91600
'14SA',3203,55269,94700
'14SA',3203,55269,101400
'14SA',3203,55269,103400
'14SA',3203,55269,105400
'14SA',3203,55269,111400
'14SA',3203,55269,113300
'14SA',3203,55269,115100
'14SA',3203,55269,120700
'14SA',3203,55269,122300
'14SA',3203,55269,123800
'14SA',3203,55269,125300
'14SA',3203,55269,130800
'14SA',3203,55269,132400
'14SA',3203,55269,134000
'14SA',3203,55269,135600
'14SA',3203,55269,141100
'14SA',3203,55269,142600
'14SA',3203,55269,144100
'14SA',3203,55269,145400
'14SA',3203,55269,150700
'14SA',3203,55269,152000
'14SA',3203,55269,153400
'14SA',3203,55269,154800
'14SA',3203,55269,160100
'14SA',3203,55269,161400
'14SA',3203,55269,162800
'14SA',3203,55269,164200
'14SA',3203,55269,165300
'14SA',3203,55269,170300
'14SA',3203,55269,171300
'14SA',3203,55269,172300
'14SA',3203,55269,173300
'14SA',3203,55269,174300
'14SA',3203,55269,175300
'14SA',3203,55269,180300
'14SA',3203,55269,181300
'14SA',3203,55269,182400
'14SA',3203,55269,183500
'14SA',3203,55269,184500
'14SA',3203,55269,190300
'14SA',3203,55269,192100
'14SA',3203,55269,193900
'14SA',3203,55269,200100
'14SA',3203,55269,202300
'14SA',3203,55269,204400
'14SA',3203,55269,210500
'14SA',3203,55269,212600
'14SA',3203,55269,214700
'14SA',3203,55269,220700
'14SA',3203,55269,222800
'14SA',3203,55269,224900
'14SA',3203,55269,231200
'14SA',3203,55269,233700
'14SA',3203,55269,240100
'14SA',3203,55269,243000
'14SA',3203,55269,245900
'14SA',3203,55269,252800
'14SA',3203,55269,255500
'14SA',3203,55269,262100
'14SF1',3203,55269,54400
'14SF1',3203,55269,61400
'14SF1',3203,55269,64300
'14SF1',3203,55269,70900
'14SF1',3203,55269,73500
'14SF1',3203,55269,80200
'14SF1',3203,55269,83000
'14SF1',3203,55269,85600
'14SF1',3203,55269,92100
'14SF1',3203,55269,94500
'14SF1',3203,55269,100800
'14SF1',3203,55269,103000
'14SF1',3203,55269,105200
'14SF1',3203,55269,111400
'14SF1',3203,55269,113600
'14SF1',3203,55269,115800
'14SF1',3203,55269,122000
'14SF1',3203,55269,123600
'14SF1',3203,55269,125200
'14SF1',3203,55269,131000
'14SF1',3203,55269,132900
'14SF1',3203,55269,134800
'14SF1',3203,55269,140500
'14SF1',3203,55269,142000
'14SF1',3203,55269,143400
'14SF1',3203,55269,144800
'14SF1',3203,55269,150100
'14SF1',3203,55269,151400
'14SF1',3203,55269,152500
'14SF1',3203,55269,153600
'14SF1',3203,55269,154700
'14SF1',3203,55269,155800
'14SF1',3203,55269,161600
'14SF1',3203,55269,163500
'14SF1',3203,55269,165400
'14SF1',3203,55269,171200
'14SF1',3203,55269,172900
'14SF1',3203,55269,174500
'14SF1',3203,55269,175500
'14SF1',3203,55269,180500
'14SF1',3203,55269,181500
'14SF1',3203,55269,182600
'14SF1',3203,55269,183800
'14SF1',3203,55269,185500
'14SF1',3203,55269,191400
'14SF1',3203,55269,193300
'14SF1',3203,55269,195200
'14SF1',3203,55269,201200
'14SF1',3203,55269,204100
'14SF1',3203,55269,210900
'14SF1',3203,55269,213800
'14SF1',3203,55269,220700
'14SF1',3203,55269,223600
'14SF1',3203,55269,230500
'14SF1',3203,55269,233300
'14SF1',3203,55269,235900
'14SF1',3203,55269,242500
'14SF1',3203,55269,245200
'14SF1',3203,55269,251800
'14SF1',3203,55269,254700
'14SF2',3203,55269,54400
'14SF2',3203,55269,61400
'14SF2',3203,55269,64300
'14SF2',3203,55269,71300
'14SF2',3203,55269,74400
'14SF2',3203,55269,81500
'14SF2',3203,55269,84600
'14SF2',3203,55269,91600
'14SF2',3203,55269,94700
'14SF2',3203,55269,101400
'14SF2',3203,55269,103400
'14SF2',3203,55269,105400
'14SF2',3203,55269,111400
'14SF2',3203,55269,113300
'14SF2',3203,55269,115100
'14SF2',3203,55269,120700
'14SF2',3203,55269,122300
'14SF2',3203,55269,123800
'14SF2',3203,55269,125300
'14SF2',3203,55269,130800
'14SF2',3203,55269,132400
'14SF2',3203,55269,134000
'14SF2',3203,55269,135600
'14SF2',3203,55269,141100
'14SF2',3203,55269,142600
'14SF2',3203,55269,144100
'14SF2',3203,55269,145400
'14SF2',3203,55269,150700
'14SF2',3203,55269,152000
'14SF2',3203,55269,153400
'14SF2',3203,55269,154800
'14SF2',3203,55269,160100
'14SF2',3203,55269,161400
'14SF2',3203,55269,162800
'14SF2',3203,55269,164200
'14SF2',3203,55269,165300
'14SF2',3203,55269,170300
'14SF2',3203,55269,171300
'14SF2',3203,55269,172300
'14SF2',3203,55269,173300
'14SF2',3203,55269,174300
'14SF2',3203,55269,175300
'14SF2',3203,55269,180300
'14SF2',3203,55269,181300
'14SF2',3203,55269,182400
'14SF2',3203,55269,183500
'14SF2',3203,55269,184500
'14SF2',3203,55269,190300
'14SF2',3203,55269,192100
'14SF2',3203,55269,193900
'14SF2',3203,55269,200100
'14SF2',3203,55269,202300
'14SF2',3203,55269,204400
'14SF2',3203,55269,210500
'14SF2',3203,55269,212600
'14SF2',3203,55269,214700
'14SF2',3203,55269,220700
'14SF2',3203,55269,222800
'14SF2',3203,55269,224900
'14SF2',3203,55269,231200
'14SF2',3203,55269,233700
'14SF2',3203,55269,240100
'14SF2',3203,55269,243000
'14SF2',3203,55269,245900
'14SF2',3203,55269,252600
'14SF2',3203,55269,254700
'14SI',3203,55269,54400
'14SI',3203,55269,61400
'14SI',3203,55269,64300
'14SI',3203,55269,70900
'14SI',3203,55269,73500
'14SI',3203,55269,80200
'14SI',3203,55269,83000
'14SI',3203,55269,85600
'14SI',3203,55269,92100
'14SI',3203,55269,94500
'14SI',3203,55269,100800
'14SI',3203,55269,103000
'14SI',3203,55269,105200
'14SI',3203,55269,111400
'14SI',3203,55269,113600
'14SI',3203,55269,115800
'14SI',3203,55269,122000
'14SI',3203,55269,123600
'14SI',3203,55269,125200
'14SI',3203,55269,131000
'14SI',3203,55269,132900
'14SI',3203,55269,134800
'14SI',3203,55269,140500
'14SI',3203,55269,142000
'14SI',3203,55269,143400
'14SI',3203,55269,144800
'14SI',3203,55269,150100
'14SI',3203,55269,151400
'14SI',3203,55269,152500
'14SI',3203,55269,153600
'14SI',3203,55269,154700
'14SI',3203,55269,155800
'14SI',3203,55269,161600
'14SI',3203,55269,163500
'14SI',3203,55269,165400
'14SI',3203,55269,171200
'14SI',3203,55269,172900
'14SI',3203,55269,174500
'14SI',3203,55269,175500
'14SI',3203,55269,180500
'14SI',3203,55269,181500
'14SI',3203,55269,182600
'14SI',3203,55269,183800
'14SI',3203,55269,185500
'14SI',3203,55269,191400
'14SI',3203,55269,193300
'14SI',3203,55269,195200
'14SI',3203,55269,201200
'14SI',3203,55269,204100
'14SI',3203,55269,210900
'14SI',3203,55269,213800
'14SI',3203,55269,220700
'14SI',3203,55269,223600
'14SI',3203,55269,230500
'14SI',3203,55269,233300
'14SI',3203,55269,235900
'14SI',3203,55269,242500
'14SI',3203,55269,245200
'14SI',3203,55269,251800
'14SI',3203,55269,254700
'14SS',3203,55269,54700
'14SS',3203,55269,61700
'14SS',3203,55269,64800
'14SS',3203,55269,71100
'14SS',3203,55269,73100
'14SS',3203,55269,74200
'14SS',3203,55269,75200
'14SS',3203,55269,75800
'14SS',3203,55269,80500
'14SS',3203,55269,81200
'14SS',3203,55269,81900
'14SS',3203,55269,82900
'14SS',3203,55269,84300
'14SS',3203,55269,90000
'14SS',3203,55269,91800
'14SS',3203,55269,93800
'14SS',3203,55269,95600
'14SS',3203,55269,101300
'14SS',3203,55269,103200
'14SS',3203,55269,105100
'14SS',3203,55269,111000
'14SS',3203,55269,112800
'14SS',3203,55269,114500
'14SS',3203,55269,120200
'14SS',3203,55269,121800
'14SS',3203,55269,123300
'14SS',3203,55269,124800
'14SS',3203,55269,130300
'14SS',3203,55269,131800
'14SS',3203,55269,133300
'14SS',3203,55269,134600
'14SS',3203,55269,135800
'14SS',3203,55269,140900
'14SS',3203,55269,141900
'14SS',3203,55269,143000
'14SS',3203,55269,144100
'14SS',3203,55269,145100
'14SS',3203,55269,150000
'14SS',3203,55269,150800
'14SS',3203,55269,151500
'14SS',3203,55269,152200
'14SS',3203,55269,153100
'14SS',3203,55269,154000
'14SS',3203,55269,155000
'14SS',3203,55269,155900
'14SS',3203,55269,160800
'14SS',3203,55269,161700
'14SS',3203,55269,162600
'14SS',3203,55269,163400
'14SS',3203,55269,164200
'14SS',3203,55269,165000
'14SS',3203,55269,165800
'14SS',3203,55269,170600
'14SS',3203,55269,171400
'14SS',3203,55269,172100
'14SS',3203,55269,172800
'14SS',3203,55269,173600
'14SS',3203,55269,174300
'14SS',3203,55269,175200
'14SS',3203,55269,180000
'14SS',3203,55269,180800
'14SS',3203,55269,181500
'14SS',3203,55269,182300
'14SS',3203,55269,183100
'14SS',3203,55269,184000
'14SS',3203,55269,185000
'14SS',3203,55269,190000
'14SS',3203,55269,191000
'14SS',3203,55269,192000
'14SS',3203,55269,193000
'14SS',3203,55269,194000
'14SS',3203,55269,194800
'14SS',3203,55269,195700
'14SS',3203,55269,200700
'14SS',3203,55269,201700
'14SS',3203,55269,202700
'14SS',3203,55269,203700
'14SS',3203,55269,204700
'14SS',3203,55269,205700
'14SS',3203,55269,210700
'14SS',3203,55269,211700
'14SS',3203,55269,212700
'14SS',3203,55269,213800
'14SS',3203,55269,214900
'14SS',3203,55269,220000
'14SS',3203,55269,221100
'14SS',3203,55269,222200
'14SS',3203,55269,223400
'14SS',3203,55269,224400
'14SS',3203,55269,230100
'14SS',3203,55269,231900
'14SS',3203,55269,233900
'14SS',3203,55269,235900
'14SS',3203,55269,242000
'14SS',3203,55269,244000
'14SS',3203,55269,250200
'14SS',3203,55269,252800
'14SS',3203,55269,255500
'14SA',3303,55269,55200
'14SA',3303,55269,62200
'14SA',3303,55269,65000
'14SA',3303,55269,71900
'14SA',3303,55269,74000
'14SA',3303,55269,80300
'14SA',3303,55269,82500
'14SA',3303,55269,84600
'14SA',3303,55269,90600
'14SA',3303,55269,92500
'14SA',3303,55269,94700
'14SA',3303,55269,100900
'14SA',3303,55269,102400
'14SA',3303,55269,103900
'14SA',3303,55269,105400
'14SA',3303,55269,110900
'14SA',3303,55269,112400
'14SA',3303,55269,113500
'14SA',3303,55269,114600
'14SA',3303,55269,115600
'14SA',3303,55269,120600
'14SA',3303,55269,121600
'14SA',3303,55269,122600
'14SA',3303,55269,123600
'14SA',3303,55269,124600
'14SA',3303,55269,125600
'14SA',3303,55269,130600
'14SA',3303,55269,131600
'14SA',3303,55269,132600
'14SA',3303,55269,133600
'14SA',3303,55269,134600
'14SA',3303,55269,135600
'14SA',3303,55269,140400
'14SA',3303,55269,141100
'14SA',3303,55269,141900
'14SA',3303,55269,142600
'14SA',3303,55269,143400
'14SA',3303,55269,144100
'14SA',3303,55269,144900
'14SA',3303,55269,145600
'14SA',3303,55269,150400
'14SA',3303,55269,151100
'14SA',3303,55269,151900
'14SA',3303,55269,152600
'14SA',3303,55269,153400
'14SA',3303,55269,154100
'14SA',3303,55269,154900
'14SA',3303,55269,155600
'14SA',3303,55269,160400
'14SA',3303,55269,161100
'14SA',3303,55269,161900
'14SA',3303,55269,162600
'14SA',3303,55269,163400
'14SA',3303,55269,164100
'14SA',3303,55269,164900
'14SA',3303,55269,165600
'14SA',3303,55269,170400
'14SA',3303,55269,171100
'14SA',3303,55269,171900
'14SA',3303,55269,172600
'14SA',3303,55269,173400
'14SA',3303,55269,174100
'14SA',3303,55269,174800
'14SA',3303,55269,175500
'14SA',3303,55269,180300
'14SA',3303,55269,181000
'14SA',3303,55269,181800
'14SA',3303,55269,182500
'14SA',3303,55269,183400
'14SA',3303,55269,184300
'14SA',3303,55269,185300
'14SA',3303,55269,190300
'14SA',3303,55269,191200
'14SA',3303,55269,192000
'14SA',3303,55269,193300
'14SA',3303,55269,194600
'14SA',3303,55269,200500
'14SA',3303,55269,202500
'14SA',3303,55269,204500
'14SA',3303,55269,210500
'14SA',3303,55269,212500
'14SA',3303,55269,214500
'14SA',3303,55269,220500
'14SA',3303,55269,222500
'14SA',3303,55269,224500
'14SA',3303,55269,230500
'14SA',3303,55269,232500
'14SA',3303,55269,234300
'14SA',3303,55269,241300
'14SA',3303,55269,244300
'14SA',3303,55269,251300
'14SA',3303,55269,254200
'14SA',3303,55269,261200
'14SF1',3303,55269,55600
'14SF1',3303,55269,62600
'14SF1',3303,55269,65600
'14SF1',3303,55269,72600
'14SF1',3303,55269,75800
'14SF1',3303,55269,83000
'14SF1',3303,55269,90100
'14SF1',3303,55269,92600
'14SF1',3303,55269,95100
'14SF1',3303,55269,101200
'14SF1',3303,55269,103100
'14SF1',3303,55269,104900
'14SF1',3303,55269,110500
'14SF1',3303,55269,112000
'14SF1',3303,55269,113500
'14SF1',3303,55269,115000
'14SF1',3303,55269,120400
'14SF1',3303,55269,121800
'14SF1',3303,55269,123200
'14SF1',3303,55269,124400
'14SF1',3303,55269,125600
'14SF1',3303,55269,130800
'14SF1',3303,55269,131900
'14SF1',3303,55269,133100
'14SF1',3303,55269,134100
'14SF1',3303,55269,135100
'14SF1',3303,55269,140100
'14SF1',3303,55269,141000
'14SF1',3303,55269,142000
'14SF1',3303,55269,143000
'14SF1',3303,55269,144000
'14SF1',3303,55269,145000
'14SF1',3303,55269,145900
'14SF1',3303,55269,150900
'14SF1',3303,55269,152000
'14SF1',3303,55269,153100
'14SF1',3303,55269,154200
'14SF1',3303,55269,155200
'14SF1',3303,55269,160200
'14SF1',3303,55269,161200
'14SF1',3303,55269,162100
'14SF1',3303,55269,163000
'14SF1',3303,55269,163900
'14SF1',3303,55269,164800
'14SF1',3303,55269,165600
'14SF1',3303,55269,170500
'14SF1',3303,55269,171400
'14SF1',3303,55269,172300
'14SF1',3303,55269,173300
'14SF1',3303,55269,174100
'14SF1',3303,55269,175100
'14SF1',3303,55269,180100
'14SF1',3303,55269,181100
'14SF1',3303,55269,182100
'14SF1',3303,55269,183100
'14SF1',3303,55269,184500
'14SF1',3303,55269,190000
'14SF1',3303,55269,191300
'14SF1',3303,55269,192600
'14SF1',3303,55269,193200
'14SF1',3303,55269,200100
'14SF1',3303,55269,203100
'14SF1',3303,55269,205800
'14SF1',3303,55269,212500
'14SF1',3303,55269,215200
'14SF1',3303,55269,221900
'14SF1',3303,55269,224500
'14SF1',3303,55269,231100
'14SF1',3303,55269,233800
'14SF1',3303,55269,240700
'14SF1',3303,55269,243700
'14SF1',3303,55269,250700
'14SF1',3303,55269,253700
'14SF1',3303,55269,260900
'14SF2',3303,55269,55600
'14SF2',3303,55269,62600
'14SF2',3303,55269,65600
'14SF2',3303,55269,72600
'14SF2',3303,55269,75800
'14SF2',3303,55269,83000
'14SF2',3303,55269,90100
'14SF2',3303,55269,92600
'14SF2',3303,55269,95100
'14SF2',3303,55269,101200
'14SF2',3303,55269,103100
'14SF2',3303,55269,104900
'14SF2',3303,55269,110500
'14SF2',3303,55269,112000
'14SF2',3303,55269,113500
'14SF2',3303,55269,115000
'14SF2',3303,55269,120400
'14SF2',3303,55269,121800
'14SF2',3303,55269,123200
'14SF2',3303,55269,124400
'14SF2',3303,55269,125600
'14SF2',3303,55269,130800
'14SF2',3303,55269,131900
'14SF2',3303,55269,133100
'14SF2',3303,55269,134100
'14SF2',3303,55269,135100
'14SF2',3303,55269,140100
'14SF2',3303,55269,141000
'14SF2',3303,55269,142000
'14SF2',3303,55269,143000
'14SF2',3303,55269,144000
'14SF2',3303,55269,145000
'14SF2',3303,55269,145900
'14SF2',3303,55269,150900
'14SF2',3303,55269,152000
'14SF2',3303,55269,153100
'14SF2',3303,55269,154200
'14SF2',3303,55269,155200
'14SF2',3303,55269,160200
'14SF2',3303,55269,161200
'14SF2',3303,55269,162100
'14SF2',3303,55269,163000
'14SF2',3303,55269,163900
'14SF2',3303,55269,164800
'14SF2',3303,55269,165600
'14SF2',3303,55269,170500
'14SF2',3303,55269,171400
'14SF2',3303,55269,172300
'14SF2',3303,55269,173300
'14SF2',3303,55269,174100
'14SF2',3303,55269,175100
'14SF2',3303,55269,180100
'14SF2',3303,55269,181100
'14SF2',3303,55269,182100
'14SF2',3303,55269,183100
'14SF2',3303,55269,184500
'14SF2',3303,55269,190000
'14SF2',3303,55269,191300
'14SF2',3303,55269,192600
'14SF2',3303,55269,193200
'14SF2',3303,55269,200100
'14SF2',3303,55269,203100
'14SF2',3303,55269,205800
'14SF2',3303,55269,212500
'14SF2',3303,55269,215200
'14SF2',3303,55269,221900
'14SF2',3303,55269,224500
'14SF2',3303,55269,231100
'14SF2',3303,55269,233800
'14SF2',3303,55269,240700
'14SF2',3303,55269,243700
'14SF2',3303,55269,250700
'14SF2',3303,55269,253700
'14SF2',3303,55269,260900
'14SI',3303,55269,55600
'14SI',3303,55269,62600
'14SI',3303,55269,65600
'14SI',3303,55269,72600
'14SI',3303,55269,75800
'14SI',3303,55269,83000
'14SI',3303,55269,90100
'14SI',3303,55269,92600
'14SI',3303,55269,95100
'14SI',3303,55269,101200
'14SI',3303,55269,103100
'14SI',3303,55269,104900
'14SI',3303,55269,110500
'14SI',3303,55269,112000
'14SI',3303,55269,113500
'14SI',3303,55269,115000
'14SI',3303,55269,120400
'14SI',3303,55269,121800
'14SI',3303,55269,123200
'14SI',3303,55269,124400
'14SI',3303,55269,125600
'14SI',3303,55269,130800
'14SI',3303,55269,131900
'14SI',3303,55269,133100
'14SI',3303,55269,134100
'14SI',3303,55269,135100
'14SI',3303,55269,140100
'14SI',3303,55269,141000
'14SI',3303,55269,142000
'14SI',3303,55269,143000
'14SI',3303,55269,144000
'14SI',3303,55269,145000
'14SI',3303,55269,145900
'14SI',3303,55269,150900
'14SI',3303,55269,152000
'14SI',3303,55269,153100
'14SI',3303,55269,154200
'14SI',3303,55269,155200
'14SI',3303,55269,160200
'14SI',3303,55269,161200
'14SI',3303,55269,162100
'14SI',3303,55269,163000
'14SI',3303,55269,163900
'14SI',3303,55269,164800
'14SI',3303,55269,165600
'14SI',3303,55269,170500
'14SI',3303,55269,171400
'14SI',3303,55269,172300
'14SI',3303,55269,173300
'14SI',3303,55269,174100
'14SI',3303,55269,175100
'14SI',3303,55269,180100
'14SI',3303,55269,181100
'14SI',3303,55269,182100
'14SI',3303,55269,183100
'14SI',3303,55269,184500
'14SI',3303,55269,190000
'14SI',3303,55269,191300
'14SI',3303,55269,192600
'14SI',3303,55269,193200
'14SI',3303,55269,200100
'14SI',3303,55269,203100
'14SI',3303,55269,205800
'14SI',3303,55269,212500
'14SI',3303,55269,215200
'14SI',3303,55269,221900
'14SI',3303,55269,224500
'14SI',3303,55269,231100
'14SI',3303,55269,233800
'14SI',3303,55269,240700
'14SI',3303,55269,243700
'14SI',3303,55269,250700
'14SI',3303,55269,253700
'14SI',3303,55269,260900
'14SS',3303,55269,54600
'14SS',3303,55269,61300
'14SS',3303,55269,62900
'14SS',3303,55269,64500
'14SS',3303,55269,70200
'14SS',3303,55269,71600
'14SS',3303,55269,72900
'14SS',3303,55269,74100
'14SS',3303,55269,75200
'14SS',3303,55269,80200
'14SS',3303,55269,81200
'14SS',3303,55269,82100
'14SS',3303,55269,83200
'14SS',3303,55269,84600
'14SS',3303,55269,90600
'14SS',3303,55269,92600
'14SS',3303,55269,94600
'14SS',3303,55269,100800
'14SS',3303,55269,102600
'14SS',3303,55269,104300
'14SS',3303,55269,110200
'14SS',3303,55269,111500
'14SS',3303,55269,112800
'14SS',3303,55269,114100
'14SS',3303,55269,115400
'14SS',3303,55269,120700
'14SS',3303,55269,121700
'14SS',3303,55269,122700
'14SS',3303,55269,123700
'14SS',3303,55269,124700
'14SS',3303,55269,125700
'14SS',3303,55269,130700
'14SS',3303,55269,131700
'14SS',3303,55269,132700
'14SS',3303,55269,133700
'14SS',3303,55269,134500
'14SS',3303,55269,135300
'14SS',3303,55269,140000
'14SS',3303,55269,140800
'14SS',3303,55269,141600
'14SS',3303,55269,142400
'14SS',3303,55269,143200
'14SS',3303,55269,143900
'14SS',3303,55269,144500
'14SS',3303,55269,145300
'14SS',3303,55269,150000
'14SS',3303,55269,150800
'14SS',3303,55269,151600
'14SS',3303,55269,152700
'14SS',3303,55269,153400
'14SS',3303,55269,154100
'14SS',3303,55269,155000
'14SS',3303,55269,155800
'14SS',3303,55269,160500
'14SS',3303,55269,161200
'14SS',3303,55269,161900
'14SS',3303,55269,162600
'14SS',3303,55269,163200
'14SS',3303,55269,163900
'14SS',3303,55269,164500
'14SS',3303,55269,165100
'14SS',3303,55269,165800
'14SS',3303,55269,170300
'14SS',3303,55269,170900
'14SS',3303,55269,171500
'14SS',3303,55269,172000
'14SS',3303,55269,172600
'14SS',3303,55269,173200
'14SS',3303,55269,173800
'14SS',3303,55269,174400
'14SS',3303,55269,174700
'14SS',3303,55269,175200
'14SS',3303,55269,175700
'14SS',3303,55269,180300
'14SS',3303,55269,180900
'14SS',3303,55269,181400
'14SS',3303,55269,182000
'14SS',3303,55269,182600
'14SS',3303,55269,183100
'14SS',3303,55269,183700
'14SS',3303,55269,184300
'14SS',3303,55269,185000
'14SS',3303,55269,185800
'14SS',3303,55269,190700
'14SS',3303,55269,191600
'14SS',3303,55269,192500
'14SS',3303,55269,193500
'14SS',3303,55269,194400
'14SS',3303,55269,195400
'14SS',3303,55269,200400
'14SS',3303,55269,201400
'14SS',3303,55269,202400
'14SS',3303,55269,203400
'14SS',3303,55269,204400
'14SS',3303,55269,205400
'14SS',3303,55269,210400
'14SS',3303,55269,211400
'14SS',3303,55269,212400
'14SS',3303,55269,213400
'14SS',3303,55269,214400
'14SS',3303,55269,215600
'14SS',3303,55269,220600
'14SS',3303,55269,221600
'14SS',3303,55269,222900
'14SS',3303,55269,224300
'14SS',3303,55269,230300
'14SS',3303,55269,232300
'14SS',3303,55269,234800
'14SS',3303,55269,241500
'14SS',3303,55269,244300
'14SS',3303,55269,251200
'14SS',3303,55269,254200
'14SS',3303,55269,261200
'14SA',4301,55269,62500
'14SA',4301,55269,70000
'14SA',4301,55269,73400
'14SA',4301,55269,80700
'14SA',4301,55269,84200
'14SA',4301,55269,91700
'14SA',4301,55269,95200
'14SA',4301,55269,102700
'14SA',4301,55269,110300
'14SA',4301,55269,113900
'14SA',4301,55269,121600
'14SA',4301,55269,124500
'14SA',4301,55269,131300
'14SA',4301,55269,134200
'14SA',4301,55269,141100
'14SA',4301,55269,143900
'14SA',4301,55269,150800
'14SA',4301,55269,153700
'14SA',4301,55269,160600
'14SA',4301,55269,163500
'14SA',4301,55269,170400
'14SA',4301,55269,173300
'14SA',4301,55269,180200
'14SA',4301,55269,183100
'14SA',4301,55269,185800
'14SA',4301,55269,192700
'14SA',4301,55269,195500
'14SA',4301,55269,202400
'14SA',4301,55269,205300
'14SA',4301,55269,212200
'14SA',4301,55269,215000
'14SA',4301,55269,222000
'14SA',4301,55269,231400
'14SA',4301,55269,240700
'14SA',4301,55269,250500
'14SA',4301,55269,260400
'14SF1',4301,55269,65800
'14SF1',4301,55269,73300
'14SF1',4301,55269,80700
'14SF1',4301,55269,84100
'14SF1',4301,55269,91600
'14SF1',4301,55269,95200
'14SF1',4301,55269,102600
'14SF1',4301,55269,110000
'14SF1',4301,55269,113400
'14SF1',4301,55269,120900
'14SF1',4301,55269,124300
'14SF1',4301,55269,131200
'14SF1',4301,55269,134100
'14SF1',4301,55269,140900
'14SF1',4301,55269,143800
'14SF1',4301,55269,150700
'14SF1',4301,55269,153600
'14SF1',4301,55269,160500
'14SF1',4301,55269,163400
'14SF1',4301,55269,170300
'14SF1',4301,55269,173300
'14SF1',4301,55269,180200
'14SF1',4301,55269,183100
'14SF1',4301,55269,185800
'14SF1',4301,55269,192600
'14SF1',4301,55269,195500
'14SF1',4301,55269,202400
'14SF1',4301,55269,205300
'14SF1',4301,55269,212200
'14SF1',4301,55269,215200
'14SF1',4301,55269,221900
'14SF1',4301,55269,231000
'14SF1',4301,55269,240400
'14SF1',4301,55269,250400
'14SF1',4301,55269,260400
'14SF2',4301,55269,65800
'14SF2',4301,55269,73300
'14SF2',4301,55269,80700
'14SF2',4301,55269,84100
'14SF2',4301,55269,91600
'14SF2',4301,55269,95200
'14SF2',4301,55269,102600
'14SF2',4301,55269,110000
'14SF2',4301,55269,113400
'14SF2',4301,55269,120900
'14SF2',4301,55269,124300
'14SF2',4301,55269,131200
'14SF2',4301,55269,134100
'14SF2',4301,55269,140900
'14SF2',4301,55269,143800
'14SF2',4301,55269,150700
'14SF2',4301,55269,153600
'14SF2',4301,55269,160500
'14SF2',4301,55269,163400
'14SF2',4301,55269,170300
'14SF2',4301,55269,173300
'14SF2',4301,55269,180200
'14SF2',4301,55269,183100
'14SF2',4301,55269,185800
'14SF2',4301,55269,192600
'14SF2',4301,55269,195500
'14SF2',4301,55269,202400
'14SF2',4301,55269,205300
'14SF2',4301,55269,212200
'14SF2',4301,55269,215200
'14SF2',4301,55269,221900
'14SF2',4301,55269,231000
'14SF2',4301,55269,240400
'14SF2',4301,55269,250400
'14SF2',4301,55269,260400
'14SI',4301,55269,65800
'14SI',4301,55269,73300
'14SI',4301,55269,80700
'14SI',4301,55269,84100
'14SI',4301,55269,91600
'14SI',4301,55269,95200
'14SI',4301,55269,102600
'14SI',4301,55269,110000
'14SI',4301,55269,113400
'14SI',4301,55269,120900
'14SI',4301,55269,124300
'14SI',4301,55269,131200
'14SI',4301,55269,134100
'14SI',4301,55269,140900
'14SI',4301,55269,143800
'14SI',4301,55269,150700
'14SI',4301,55269,153600
'14SI',4301,55269,160500
'14SI',4301,55269,163400
'14SI',4301,55269,170300
'14SI',4301,55269,173300
'14SI',4301,55269,180200
'14SI',4301,55269,183100
'14SI',4301,55269,185800
'14SI',4301,55269,192600
'14SI',4301,55269,195500
'14SI',4301,55269,202400
'14SI',4301,55269,205300
'14SI',4301,55269,212200
'14SI',4301,55269,215200
'14SI',4301,55269,221900
'14SI',4301,55269,231000
'14SI',4301,55269,240400
'14SI',4301,55269,250400
'14SI',4301,55269,260400
'14SS',4301,55269,55600
'14SS',4301,55269,62500
'14SS',4301,55269,65500
'14SS',4301,55269,72600
'14SS',4301,55269,75800
'14SS',4301,55269,82800
'14SS',4301,55269,85900
'14SS',4301,55269,92900
'14SS',4301,55269,95800
'14SS',4301,55269,102700
'14SS',4301,55269,105800
'14SS',4301,55269,112800
'14SS',4301,55269,115900
'14SS',4301,55269,122800
'14SS',4301,55269,125700
'14SS',4301,55269,132700
'14SS',4301,55269,135800
'14SS',4301,55269,143000
'14SS',4301,55269,150100
'14SS',4301,55269,153300
'14SS',4301,55269,160600
'14SS',4301,55269,164100
'14SS',4301,55269,171300
'14SS',4301,55269,174400
'14SS',4301,55269,181400
'14SS',4301,55269,184200
'14SS',4301,55269,190900
'14SS',4301,55269,193800
'14SS',4301,55269,200400
'14SS',4301,55269,203300
'14SS',4301,55269,210300
'14SS',4301,55269,213200
'14SS',4301,55269,221600
'14SS',4301,55269,230200
'14SS',4301,55269,235600
'14SS',4301,55269,245500
'14SS',4301,55269,255000
'14SA',35301,55269,265200
'14SA',35301,55269,273700
'14SA',35301,55269,282200
'14SA',35301,55269,290200
'14SF1',35301,55269,260700
'14SF1',35301,55269,265200
'14SF1',35301,55269,273700
'14SF1',35301,55269,282200
'14SF1',35301,55269,290200
'14SF2',35301,55269,260700
'14SF2',35301,55269,265200
'14SF2',35301,55269,273700
'14SF2',35301,55269,282200
'14SF2',35301,55269,290200
'14SI',35301,55269,260700
'14SI',35301,55269,265200
'14SI',35301,55269,273700
'14SI',35301,55269,282200
'14SI',35301,55269,290200
'14SS',35301,55269,260700
'14SS',35301,55269,265200
'14SS',35301,55269,273700
'14SS',35301,55269,282200
'14SS',35301,55269,290200
'14SS',43203,55269,93400
'14SS',43203,55269,100400
'14SS',43203,55269,103400
'14SS',43203,55269,110400
'14SS',43203,55269,113400
'14SS',43203,55269,120300
'14SS',43203,55269,123300
'14SS',43203,55269,130300
'14SS',43203,55269,133300
'14SS',43203,55269,140300
'14SS',43203,55269,143300
'14SS',43203,55269,150300
'14SS',43203,55269,153300
'14SS',43203,55269,155400
'14SS',43203,55269,161400
'14SS',43203,55269,163700
'14SS',43203,55269,165300
'14SS',43203,55269,170300
'14SS',43203,55269,171300
'14SS',43203,55269,172200
'14SS',43203,55269,173200
'14SS',43203,55269,174100
'14SS',43203,55269,175100
'14SS',43203,55269,180000
'14SS',43203,55269,181200
'14SS',43203,55269,182700
'14SS',43203,55269,184100
'14SS',43203,55269,190000
'14SS',43203,55269,192700
