'14NA',19102,54191,50600
'14NA',19102,54191,53600
'14NA',19102,54191,60600
'14NA',19102,54191,63700
'14NA',19102,54191,70900
'14NA',19102,54191,74100
'14NA',19102,54191,81300
'14NA',19102,54191,84400
'14NA',19102,54191,91500
'14NA',19102,54191,94500
'14NA',19102,54191,101500
'14NA',19102,54191,104500
'14NA',19102,54191,111500
'14NA',19102,54191,114500
'14NA',19102,54191,121500
'14NA',19102,54191,124500
'14NA',19102,54191,131000
'14NA',19102,54191,133400
'14NA',19102,54191,135100
'14NA',19102,54191,140600
'14NA',19102,54191,142100
'14NA',19102,54191,143600
'14NA',19102,54191,145100
'14NA',19102,54191,150600
'14NA',19102,54191,152100
'14NA',19102,54191,153600
'14NA',19102,54191,155100
'14NA',19102,54191,160600
'14NA',19102,54191,162100
'14NA',19102,54191,163600
'14NA',19102,54191,165100
'14NA',19102,54191,170300
'14NA',19102,54191,171500
'14NA',19102,54191,172700
'14NA',19102,54191,173900
'14NA',19102,54191,175100
'14NA',19102,54191,180300
'14NA',19102,54191,181600
'14NA',19102,54191,182800
'14NA',19102,54191,184100
'14NA',19102,54191,185600
'14NA',19102,54191,191600
'14NA',19102,54191,193700
'14NA',19102,54191,195800
'14NA',19102,54191,202100
'14NA',19102,54191,204500
'14NA',19102,54191,211000
'14NA',19102,54191,213500
'14NA',19102,54191,220000
'14NA',19102,54191,223000
'14NA',19102,54191,230000
'14NA',19102,54191,233000
'14NA',19102,54191,240000
'14NA',19102,54191,242600
'14NA',19102,54191,245300
'14NA',19102,54191,252000
'14NA',19102,54191,254700
'14NF1',19102,54191,53800
'14NF1',19102,54191,60900
'14NF1',19102,54191,64000
'14NF1',19102,54191,71100
'14NF1',19102,54191,74100
'14NF1',19102,54191,81100
'14NF1',19102,54191,84100
'14NF1',19102,54191,91100
'14NF1',19102,54191,94100
'14NF1',19102,54191,101100
'14NF1',19102,54191,104200
'14NF1',19102,54191,111100
'14NF1',19102,54191,113900
'14NF1',19102,54191,120700
'14NF1',19102,54191,123500
'14NF1',19102,54191,130100
'14NF1',19102,54191,132600
'14NF1',19102,54191,134600
'14NF1',19102,54191,140500
'14NF1',19102,54191,142300
'14NF1',19102,54191,144100
'14NF1',19102,54191,145900
'14NF1',19102,54191,151700
'14NF1',19102,54191,153500
'14NF1',19102,54191,155300
'14NF1',19102,54191,161200
'14NF1',19102,54191,163100
'14NF1',19102,54191,165000
'14NF1',19102,54191,170900
'14NF1',19102,54191,172800
'14NF1',19102,54191,174400
'14NF1',19102,54191,180000
'14NF1',19102,54191,181500
'14NF1',19102,54191,183000
'14NF1',19102,54191,184700
'14NF1',19102,54191,190500
'14NF1',19102,54191,192400
'14NF1',19102,54191,194500
'14NF1',19102,54191,200700
'14NF1',19102,54191,202900
'14NF1',19102,54191,205700
'14NF1',19102,54191,212700
'14NF1',19102,54191,215700
'14NF1',19102,54191,222700
'14NF1',19102,54191,225600
'14NF1',19102,54191,232400
'14NF1',19102,54191,235200
'14NF1',19102,54191,242100
'14NF1',19102,54191,245100
'14NF1',19102,54191,252100
'14NF2',19102,54191,50600
'14NF2',19102,54191,53600
'14NF2',19102,54191,60600
'14NF2',19102,54191,63700
'14NF2',19102,54191,70900
'14NF2',19102,54191,74100
'14NF2',19102,54191,81300
'14NF2',19102,54191,84400
'14NF2',19102,54191,91500
'14NF2',19102,54191,94500
'14NF2',19102,54191,101500
'14NF2',19102,54191,104500
'14NF2',19102,54191,111500
'14NF2',19102,54191,114500
'14NF2',19102,54191,121500
'14NF2',19102,54191,124500
'14NF2',19102,54191,131000
'14NF2',19102,54191,133400
'14NF2',19102,54191,135100
'14NF2',19102,54191,140600
'14NF2',19102,54191,142100
'14NF2',19102,54191,143600
'14NF2',19102,54191,145100
'14NF2',19102,54191,150600
'14NF2',19102,54191,152100
'14NF2',19102,54191,153600
'14NF2',19102,54191,155100
'14NF2',19102,54191,160600
'14NF2',19102,54191,162100
'14NF2',19102,54191,163600
'14NF2',19102,54191,165100
'14NF2',19102,54191,170300
'14NF2',19102,54191,171500
'14NF2',19102,54191,172700
'14NF2',19102,54191,173900
'14NF2',19102,54191,175100
'14NF2',19102,54191,180300
'14NF2',19102,54191,181600
'14NF2',19102,54191,182800
'14NF2',19102,54191,184100
'14NF2',19102,54191,185600
'14NF2',19102,54191,191600
'14NF2',19102,54191,193700
'14NF2',19102,54191,195800
'14NF2',19102,54191,202100
'14NF2',19102,54191,204500
'14NF2',19102,54191,211000
'14NF2',19102,54191,213500
'14NF2',19102,54191,220000
'14NF2',19102,54191,223000
'14NF2',19102,54191,230000
'14NF2',19102,54191,233000
'14NF2',19102,54191,240000
'14NF2',19102,54191,242600
'14NF2',19102,54191,245300
'14NF2',19102,54191,252100
'14NF3',19102,54191,53800
'14NF3',19102,54191,60900
'14NF3',19102,54191,64000
'14NF3',19102,54191,71100
'14NF3',19102,54191,74100
'14NF3',19102,54191,81100
'14NF3',19102,54191,84100
'14NF3',19102,54191,91100
'14NF3',19102,54191,94100
'14NF3',19102,54191,101100
'14NF3',19102,54191,104200
'14NF3',19102,54191,111100
'14NF3',19102,54191,113900
'14NF3',19102,54191,120700
'14NF3',19102,54191,123500
'14NF3',19102,54191,130100
'14NF3',19102,54191,132600
'14NF3',19102,54191,134600
'14NF3',19102,54191,140500
'14NF3',19102,54191,142300
'14NF3',19102,54191,144100
'14NF3',19102,54191,145900
'14NF3',19102,54191,151700
'14NF3',19102,54191,153500
'14NF3',19102,54191,155300
'14NF3',19102,54191,161200
'14NF3',19102,54191,163100
'14NF3',19102,54191,165000
'14NF3',19102,54191,170900
'14NF3',19102,54191,172800
'14NF3',19102,54191,174400
'14NF3',19102,54191,180000
'14NF3',19102,54191,181500
'14NF3',19102,54191,183000
'14NF3',19102,54191,184700
'14NF3',19102,54191,190500
'14NF3',19102,54191,192400
'14NF3',19102,54191,194500
'14NF3',19102,54191,200700
'14NF3',19102,54191,202900
'14NF3',19102,54191,205700
'14NF3',19102,54191,212700
'14NF3',19102,54191,215700
'14NF3',19102,54191,222700
'14NF3',19102,54191,225600
'14NF3',19102,54191,232400
'14NF3',19102,54191,235200
'14NF3',19102,54191,242100
'14NF3',19102,54191,245100
'14NF3',19102,54191,252100
'14NF4',19102,54191,50600
'14NF4',19102,54191,53600
'14NF4',19102,54191,60600
'14NF4',19102,54191,63700
'14NF4',19102,54191,70900
'14NF4',19102,54191,74100
'14NF4',19102,54191,81300
'14NF4',19102,54191,84400
'14NF4',19102,54191,91500
'14NF4',19102,54191,94500
'14NF4',19102,54191,101500
'14NF4',19102,54191,104500
'14NF4',19102,54191,111500
'14NF4',19102,54191,114500
'14NF4',19102,54191,121500
'14NF4',19102,54191,124500
'14NF4',19102,54191,131000
'14NF4',19102,54191,133400
'14NF4',19102,54191,135100
'14NF4',19102,54191,140600
'14NF4',19102,54191,142100
'14NF4',19102,54191,143600
'14NF4',19102,54191,145100
'14NF4',19102,54191,150600
'14NF4',19102,54191,152100
'14NF4',19102,54191,153600
'14NF4',19102,54191,155100
'14NF4',19102,54191,160600
'14NF4',19102,54191,162100
'14NF4',19102,54191,163600
'14NF4',19102,54191,165100
'14NF4',19102,54191,170300
'14NF4',19102,54191,171500
'14NF4',19102,54191,172700
'14NF4',19102,54191,173900
'14NF4',19102,54191,175100
'14NF4',19102,54191,180300
'14NF4',19102,54191,181600
'14NF4',19102,54191,182800
'14NF4',19102,54191,184100
'14NF4',19102,54191,185600
'14NF4',19102,54191,191600
'14NF4',19102,54191,193700
'14NF4',19102,54191,195800
'14NF4',19102,54191,202100
'14NF4',19102,54191,204500
'14NF4',19102,54191,211000
'14NF4',19102,54191,213500
'14NF4',19102,54191,220000
'14NF4',19102,54191,223000
'14NF4',19102,54191,230000
'14NF4',19102,54191,233000
'14NF4',19102,54191,240000
'14NF4',19102,54191,242600
'14NF4',19102,54191,245300
'14NF4',19102,54191,252100
'14NI',19102,54191,53800
'14NI',19102,54191,60900
'14NI',19102,54191,64000
'14NI',19102,54191,71100
'14NI',19102,54191,74100
'14NI',19102,54191,81100
'14NI',19102,54191,84100
'14NI',19102,54191,91100
'14NI',19102,54191,94100
'14NI',19102,54191,101100
'14NI',19102,54191,104200
'14NI',19102,54191,111100
'14NI',19102,54191,113900
'14NI',19102,54191,120700
'14NI',19102,54191,123500
'14NI',19102,54191,130100
'14NI',19102,54191,132600
'14NI',19102,54191,134600
'14NI',19102,54191,140500
'14NI',19102,54191,142300
'14NI',19102,54191,144100
'14NI',19102,54191,145900
'14NI',19102,54191,151700
'14NI',19102,54191,153500
'14NI',19102,54191,155300
'14NI',19102,54191,161200
'14NI',19102,54191,163100
'14NI',19102,54191,165000
'14NI',19102,54191,170900
'14NI',19102,54191,172800
'14NI',19102,54191,174400
'14NI',19102,54191,180000
'14NI',19102,54191,181500
'14NI',19102,54191,183000
'14NI',19102,54191,184700
'14NI',19102,54191,190500
'14NI',19102,54191,192400
'14NI',19102,54191,194500
'14NI',19102,54191,200700
'14NI',19102,54191,202900
'14NI',19102,54191,205700
'14NI',19102,54191,212700
'14NI',19102,54191,215700
'14NI',19102,54191,222700
'14NI',19102,54191,225600
'14NI',19102,54191,232400
'14NI',19102,54191,235200
'14NI',19102,54191,242100
'14NI',19102,54191,245100
'14NI',19102,54191,252100
'14NS',19102,54191,50600
'14NS',19102,54191,52600
'14NS',19102,54191,54600
'14NS',19102,54191,60600
'14NS',19102,54191,62700
'14NS',19102,54191,64700
'14NS',19102,54191,70600
'14NS',19102,54191,72600
'14NS',19102,54191,75000
'14NS',19102,54191,81800
'14NS',19102,54191,84600
'14NS',19102,54191,91400
'14NS',19102,54191,94100
'14NS',19102,54191,100900
'14NS',19102,54191,103900
'14NS',19102,54191,110900
'14NS',19102,54191,113700
'14NS',19102,54191,120700
'14NS',19102,54191,123700
'14NS',19102,54191,130800
'14NS',19102,54191,133900
'14NS',19102,54191,141000
'14NS',19102,54191,144000
'14NS',19102,54191,151100
'14NS',19102,54191,154100
'14NS',19102,54191,161100
'14NS',19102,54191,164200
'14NS',19102,54191,171300
'14NS',19102,54191,174300
'14NS',19102,54191,181300
'14NS',19102,54191,184100
'14NS',19102,54191,190900
'14NS',19102,54191,193300
'14NS',19102,54191,195500
'14NS',19102,54191,201300
'14NS',19102,54191,203100
'14NS',19102,54191,204900
'14NS',19102,54191,211000
'14NS',19102,54191,213100
'14NS',19102,54191,215100
'14NS',19102,54191,221100
'14NS',19102,54191,223100
'14NS',19102,54191,225100
'14NS',19102,54191,231600
'14NS',19102,54191,234100
'14NS',19102,54191,241400
'14NS',19102,54191,244700
'14NS',19102,54191,252000
