'14NA',4503,52678,55100
'14NA',4503,52678,62000
'14NA',4503,52678,65000
'14NA',4503,52678,72000
'14NA',4503,52678,75100
'14NA',4503,52678,82100
'14NA',4503,52678,85100
'14NA',4503,52678,92200
'14NA',4503,52678,95300
'14NA',4503,52678,102300
'14NA',4503,52678,105300
'14NA',4503,52678,112100
'14NA',4503,52678,114200
'14NA',4503,52678,120300
'14NA',4503,52678,122300
'14NA',4503,52678,124400
'14NA',4503,52678,130500
'14NA',4503,52678,132600
'14NA',4503,52678,134600
'14NA',4503,52678,140600
'14NA',4503,52678,142100
'14NA',4503,52678,143600
'14NA',4503,52678,145100
'14NA',4503,52678,150600
'14NA',4503,52678,152100
'14NA',4503,52678,153600
'14NA',4503,52678,155100
'14NA',4503,52678,160500
'14NA',4503,52678,162000
'14NA',4503,52678,163500
'14NA',4503,52678,165000
'14NA',4503,52678,170500
'14NA',4503,52678,172000
'14NA',4503,52678,173100
'14NA',4503,52678,174100
'14NA',4503,52678,175100
'14NA',4503,52678,180100
'14NA',4503,52678,181100
'14NA',4503,52678,182400
'14NA',4503,52678,184400
'14NA',4503,52678,190200
'14NA',4503,52678,192500
'14NA',4503,52678,195500
'14NA',4503,52678,202500
'14NA',4503,52678,205500
'14NA',4503,52678,212500
'14NA',4503,52678,215500
'14NA',4503,52678,222500
'14NA',4503,52678,225500
'14NA',4503,52678,232500
'14NA',4503,52678,235200
'14NA',4503,52678,242000
'14NA',4503,52678,245000
'14NA',4503,52678,252000
'14NA',4503,52678,255000
'14NF1',4503,52678,55100
'14NF1',4503,52678,62000
'14NF1',4503,52678,65000
'14NF1',4503,52678,72000
'14NF1',4503,52678,75100
'14NF1',4503,52678,82100
'14NF1',4503,52678,85100
'14NF1',4503,52678,92200
'14NF1',4503,52678,95300
'14NF1',4503,52678,102300
'14NF1',4503,52678,105300
'14NF1',4503,52678,112100
'14NF1',4503,52678,114200
'14NF1',4503,52678,120300
'14NF1',4503,52678,122300
'14NF1',4503,52678,124400
'14NF1',4503,52678,130500
'14NF1',4503,52678,132600
'14NF1',4503,52678,134600
'14NF1',4503,52678,140600
'14NF1',4503,52678,142100
'14NF1',4503,52678,143600
'14NF1',4503,52678,145100
'14NF1',4503,52678,150600
'14NF1',4503,52678,152100
'14NF1',4503,52678,153600
'14NF1',4503,52678,155100
'14NF1',4503,52678,160500
'14NF1',4503,52678,162000
'14NF1',4503,52678,163500
'14NF1',4503,52678,165000
'14NF1',4503,52678,170500
'14NF1',4503,52678,172000
'14NF1',4503,52678,173100
'14NF1',4503,52678,174100
'14NF1',4503,52678,175100
'14NF1',4503,52678,180100
'14NF1',4503,52678,181100
'14NF1',4503,52678,182400
'14NF1',4503,52678,184400
'14NF1',4503,52678,190200
'14NF1',4503,52678,192500
'14NF1',4503,52678,195500
'14NF1',4503,52678,202500
'14NF1',4503,52678,205500
'14NF1',4503,52678,212500
'14NF1',4503,52678,215500
'14NF1',4503,52678,222500
'14NF1',4503,52678,225500
'14NF1',4503,52678,232500
'14NF1',4503,52678,235200
'14NF1',4503,52678,241900
'14NF1',4503,52678,244700
'14NF1',4503,52678,251500
'14NF2',4503,52678,55100
'14NF2',4503,52678,62000
'14NF2',4503,52678,65000
'14NF2',4503,52678,72000
'14NF2',4503,52678,75100
'14NF2',4503,52678,82100
'14NF2',4503,52678,85100
'14NF2',4503,52678,92200
'14NF2',4503,52678,95300
'14NF2',4503,52678,102300
'14NF2',4503,52678,105300
'14NF2',4503,52678,112100
'14NF2',4503,52678,114200
'14NF2',4503,52678,120300
'14NF2',4503,52678,122300
'14NF2',4503,52678,124400
'14NF2',4503,52678,130500
'14NF2',4503,52678,132600
'14NF2',4503,52678,134600
'14NF2',4503,52678,140600
'14NF2',4503,52678,142100
'14NF2',4503,52678,143600
'14NF2',4503,52678,145100
'14NF2',4503,52678,150600
'14NF2',4503,52678,152100
'14NF2',4503,52678,153600
'14NF2',4503,52678,155100
'14NF2',4503,52678,160500
'14NF2',4503,52678,162000
'14NF2',4503,52678,163500
'14NF2',4503,52678,165000
'14NF2',4503,52678,170500
'14NF2',4503,52678,172000
'14NF2',4503,52678,173100
'14NF2',4503,52678,174100
'14NF2',4503,52678,175100
'14NF2',4503,52678,180100
'14NF2',4503,52678,181100
'14NF2',4503,52678,182400
'14NF2',4503,52678,184400
'14NF2',4503,52678,190200
'14NF2',4503,52678,192500
'14NF2',4503,52678,195500
'14NF2',4503,52678,202500
'14NF2',4503,52678,205500
'14NF2',4503,52678,212500
'14NF2',4503,52678,215500
'14NF2',4503,52678,222500
'14NF2',4503,52678,225500
'14NF2',4503,52678,232500
'14NF2',4503,52678,235200
'14NF2',4503,52678,241900
'14NF2',4503,52678,244700
'14NF2',4503,52678,251500
'14NF3',4503,52678,55100
'14NF3',4503,52678,62000
'14NF3',4503,52678,65000
'14NF3',4503,52678,72000
'14NF3',4503,52678,75100
'14NF3',4503,52678,82100
'14NF3',4503,52678,85100
'14NF3',4503,52678,92200
'14NF3',4503,52678,95300
'14NF3',4503,52678,102300
'14NF3',4503,52678,105300
'14NF3',4503,52678,112100
'14NF3',4503,52678,114200
'14NF3',4503,52678,120300
'14NF3',4503,52678,122300
'14NF3',4503,52678,124400
'14NF3',4503,52678,130500
'14NF3',4503,52678,132600
'14NF3',4503,52678,134600
'14NF3',4503,52678,140600
'14NF3',4503,52678,142100
'14NF3',4503,52678,143600
'14NF3',4503,52678,145100
'14NF3',4503,52678,150600
'14NF3',4503,52678,152100
'14NF3',4503,52678,153600
'14NF3',4503,52678,155100
'14NF3',4503,52678,160500
'14NF3',4503,52678,162000
'14NF3',4503,52678,163500
'14NF3',4503,52678,165000
'14NF3',4503,52678,170500
'14NF3',4503,52678,172000
'14NF3',4503,52678,173100
'14NF3',4503,52678,174100
'14NF3',4503,52678,175100
'14NF3',4503,52678,180100
'14NF3',4503,52678,181100
'14NF3',4503,52678,182400
'14NF3',4503,52678,184400
'14NF3',4503,52678,190200
'14NF3',4503,52678,192500
'14NF3',4503,52678,195500
'14NF3',4503,52678,202500
'14NF3',4503,52678,205500
'14NF3',4503,52678,212500
'14NF3',4503,52678,215500
'14NF3',4503,52678,222500
'14NF3',4503,52678,225500
'14NF3',4503,52678,232500
'14NF3',4503,52678,235200
'14NF3',4503,52678,241900
'14NF3',4503,52678,244700
'14NF3',4503,52678,251500
'14NF4',4503,52678,55100
'14NF4',4503,52678,62000
'14NF4',4503,52678,65000
'14NF4',4503,52678,72000
'14NF4',4503,52678,75100
'14NF4',4503,52678,82100
'14NF4',4503,52678,85100
'14NF4',4503,52678,92200
'14NF4',4503,52678,95300
'14NF4',4503,52678,102300
'14NF4',4503,52678,105300
'14NF4',4503,52678,112100
'14NF4',4503,52678,114200
'14NF4',4503,52678,120300
'14NF4',4503,52678,122300
'14NF4',4503,52678,124400
'14NF4',4503,52678,130500
'14NF4',4503,52678,132600
'14NF4',4503,52678,134600
'14NF4',4503,52678,140600
'14NF4',4503,52678,142100
'14NF4',4503,52678,143600
'14NF4',4503,52678,145100
'14NF4',4503,52678,150600
'14NF4',4503,52678,152100
'14NF4',4503,52678,153600
'14NF4',4503,52678,155100
'14NF4',4503,52678,160500
'14NF4',4503,52678,162000
'14NF4',4503,52678,163500
'14NF4',4503,52678,165000
'14NF4',4503,52678,170500
'14NF4',4503,52678,172000
'14NF4',4503,52678,173100
'14NF4',4503,52678,174100
'14NF4',4503,52678,175100
'14NF4',4503,52678,180100
'14NF4',4503,52678,181100
'14NF4',4503,52678,182400
'14NF4',4503,52678,184400
'14NF4',4503,52678,190200
'14NF4',4503,52678,192500
'14NF4',4503,52678,195500
'14NF4',4503,52678,202500
'14NF4',4503,52678,205500
'14NF4',4503,52678,212500
'14NF4',4503,52678,215500
'14NF4',4503,52678,222500
'14NF4',4503,52678,225500
'14NF4',4503,52678,232500
'14NF4',4503,52678,235200
'14NF4',4503,52678,241900
'14NF4',4503,52678,244700
'14NF4',4503,52678,251500
'14NI',4503,52678,55200
'14NI',4503,52678,62200
'14NI',4503,52678,65200
'14NI',4503,52678,72200
'14NI',4503,52678,75200
'14NI',4503,52678,82200
'14NI',4503,52678,85200
'14NI',4503,52678,92200
'14NI',4503,52678,95400
'14NI',4503,52678,102400
'14NI',4503,52678,105500
'14NI',4503,52678,112500
'14NI',4503,52678,115500
'14NI',4503,52678,121600
'14NI',4503,52678,123600
'14NI',4503,52678,125600
'14NI',4503,52678,131600
'14NI',4503,52678,133600
'14NI',4503,52678,135600
'14NI',4503,52678,141600
'14NI',4503,52678,143700
'14NI',4503,52678,145800
'14NI',4503,52678,151300
'14NI',4503,52678,152800
'14NI',4503,52678,154300
'14NI',4503,52678,155800
'14NI',4503,52678,161300
'14NI',4503,52678,162800
'14NI',4503,52678,164300
'14NI',4503,52678,165800
'14NI',4503,52678,171300
'14NI',4503,52678,172800
'14NI',4503,52678,174300
'14NI',4503,52678,175800
'14NI',4503,52678,181300
'14NI',4503,52678,182800
'14NI',4503,52678,185000
'14NI',4503,52678,192000
'14NI',4503,52678,195000
'14NI',4503,52678,202000
'14NI',4503,52678,205000
'14NI',4503,52678,212000
'14NI',4503,52678,215000
'14NI',4503,52678,222000
'14NI',4503,52678,224700
'14NI',4503,52678,231500
'14NI',4503,52678,234400
'14NI',4503,52678,241400
'14NI',4503,52678,244400
'14NI',4503,52678,251400
'14NS',4503,52678,53900
'14NS',4503,52678,60600
'14NS',4503,52678,63600
'14NS',4503,52678,65100
'14NS',4503,52678,70600
'14NS',4503,52678,72100
'14NS',4503,52678,73600
'14NS',4503,52678,74600
'14NS',4503,52678,75600
'14NS',4503,52678,80600
'14NS',4503,52678,81600
'14NS',4503,52678,83100
'14NS',4503,52678,84600
'14NS',4503,52678,91600
'14NS',4503,52678,94600
'14NS',4503,52678,101600
'14NS',4503,52678,104600
'14NS',4503,52678,110600
'14NS',4503,52678,112600
'14NS',4503,52678,114600
'14NS',4503,52678,120600
'14NS',4503,52678,123600
'14NS',4503,52678,125600
'14NS',4503,52678,131600
'14NS',4503,52678,133700
'14NS',4503,52678,135700
'14NS',4503,52678,140700
'14NS',4503,52678,141700
'14NS',4503,52678,142700
'14NS',4503,52678,143700
'14NS',4503,52678,144700
'14NS',4503,52678,145700
'14NS',4503,52678,150700
'14NS',4503,52678,151600
'14NS',4503,52678,152600
'14NS',4503,52678,153600
'14NS',4503,52678,154700
'14NS',4503,52678,155700
'14NS',4503,52678,160700
'14NS',4503,52678,161700
'14NS',4503,52678,162700
'14NS',4503,52678,163700
'14NS',4503,52678,164700
'14NS',4503,52678,165700
'14NS',4503,52678,170700
'14NS',4503,52678,171600
'14NS',4503,52678,172600
'14NS',4503,52678,173600
'14NS',4503,52678,174600
'14NS',4503,52678,175600
'14NS',4503,52678,180600
'14NS',4503,52678,181600
'14NS',4503,52678,182600
'14NS',4503,52678,183600
'14NS',4503,52678,184600
'14NS',4503,52678,185600
'14NS',4503,52678,190600
'14NS',4503,52678,191600
'14NS',4503,52678,192600
'14NS',4503,52678,193600
'14NS',4503,52678,194600
'14NS',4503,52678,195600
'14NS',4503,52678,200600
'14NS',4503,52678,201600
'14NS',4503,52678,202600
'14NS',4503,52678,203600
'14NS',4503,52678,204600
'14NS',4503,52678,205600
'14NS',4503,52678,210600
'14NS',4503,52678,211600
'14NS',4503,52678,213600
'14NS',4503,52678,215600
'14NS',4503,52678,221600
'14NS',4503,52678,223600
'14NS',4503,52678,225600
'14NS',4503,52678,231600
'14NS',4503,52678,234600
'14NS',4503,52678,241500
'14NS',4503,52678,244600
'14NS',4503,52678,251700
'14NA',35903,52678,261400
'14NA',35903,52678,263500
'14NA',35903,52678,265500
'14NA',35903,52678,272500
'14NA',35903,52678,275900
'14NA',35903,52678,283400
'14NA',35903,52678,290900
'14NF1',35903,52678,253900
'14NF1',35903,52678,261400
'14NF1',35903,52678,264900
'14NF1',35903,52678,272400
'14NF1',35903,52678,275900
'14NF1',35903,52678,283400
'14NF1',35903,52678,290900
'14NF2',35903,52678,261400
'14NF2',35903,52678,263500
'14NF2',35903,52678,265500
'14NF2',35903,52678,272500
'14NF2',35903,52678,275900
'14NF2',35903,52678,283400
'14NF2',35903,52678,290900
'14NF3',35903,52678,253900
'14NF3',35903,52678,261400
'14NF3',35903,52678,264900
'14NF3',35903,52678,272400
'14NF3',35903,52678,275900
'14NF3',35903,52678,283400
'14NF3',35903,52678,290900
'14NF4',35903,52678,261400
'14NF4',35903,52678,263500
'14NF4',35903,52678,265500
'14NF4',35903,52678,272500
'14NF4',35903,52678,275900
'14NF4',35903,52678,283400
'14NF4',35903,52678,290900
'14NI',35903,52678,253900
'14NI',35903,52678,261400
'14NI',35903,52678,264900
'14NI',35903,52678,272400
'14NI',35903,52678,275900
'14NI',35903,52678,283400
'14NI',35903,52678,290900
'14NS',35903,52678,253900
'14NS',35903,52678,261400
'14NS',35903,52678,264900
'14NS',35903,52678,272400
'14NS',35903,52678,275900
'14NS',35903,52678,283400
'14NS',35903,52678,290900
