'14UA',20103,58462,62800
'14UA',20103,58462,65800
'14UA',20103,58462,72800
'14UA',20103,58462,75800
'14UA',20103,58462,82900
'14UA',20103,58462,90000
'14UA',20103,58462,93000
'14UA',20103,58462,95300
'14UA',20103,58462,101500
'14UA',20103,58462,103700
'14UA',20103,58462,110000
'14UA',20103,58462,112100
'14UA',20103,58462,114300
'14UA',20103,58462,120500
'14UA',20103,58462,122900
'14UA',20103,58462,125300
'14UA',20103,58462,131800
'14UA',20103,58462,134100
'14UA',20103,58462,140300
'14UA',20103,58462,142500
'14UA',20103,58462,144800
'14UA',20103,58462,151300
'14UA',20103,58462,153800
'14UA',20103,58462,160000
'14UA',20103,58462,162200
'14UA',20103,58462,164400
'14UA',20103,58462,170600
'14UA',20103,58462,173100
'14UA',20103,58462,175600
'14UA',20103,58462,182000
'14UA',20103,58462,184500
'14UA',20103,58462,191700
'14UA',20103,58462,194900
'14UA',20103,58462,202200
'14UA',20103,58462,205400
'14UA',20103,58462,212700
'14UA',20103,58462,215700
'14UA',20103,58462,222900
'14UA',20103,58462,230000
'14UA',20103,58462,233000
'14UA',20103,58462,240000
'14UF1',20103,58462,71900
'14UF1',20103,58462,75400
'14UF1',20103,58462,82700
'14UF1',20103,58462,85900
'14UF1',20103,58462,93100
'14UF1',20103,58462,100300
'14UF1',20103,58462,103700
'14UF1',20103,58462,110900
'14UF1',20103,58462,114200
'14UF1',20103,58462,121500
'14UF1',20103,58462,124900
'14UF1',20103,58462,132300
'14UF1',20103,58462,135800
'14UF1',20103,58462,143100
'14UF1',20103,58462,150400
'14UF1',20103,58462,153800
'14UF1',20103,58462,161200
'14UF1',20103,58462,164400
'14UF1',20103,58462,171600
'14UF1',20103,58462,174700
'14UF1',20103,58462,181800
'14UF1',20103,58462,184800
'14UF1',20103,58462,191900
'14UF1',20103,58462,194900
'14UF1',20103,58462,202100
'14UF1',20103,58462,205300
'14UF1',20103,58462,212500
'14UF1',20103,58462,215700
'14UF1',20103,58462,222800
'14UF1',20103,58462,225800
'14UF1',20103,58462,232800
'14UF1',20103,58462,235800
'14UF2',20103,58462,62800
'14UF2',20103,58462,65800
'14UF2',20103,58462,72800
'14UF2',20103,58462,75800
'14UF2',20103,58462,82900
'14UF2',20103,58462,90000
'14UF2',20103,58462,93000
'14UF2',20103,58462,95300
'14UF2',20103,58462,101500
'14UF2',20103,58462,103700
'14UF2',20103,58462,110000
'14UF2',20103,58462,112100
'14UF2',20103,58462,114300
'14UF2',20103,58462,120500
'14UF2',20103,58462,122900
'14UF2',20103,58462,125300
'14UF2',20103,58462,131800
'14UF2',20103,58462,134100
'14UF2',20103,58462,140300
'14UF2',20103,58462,142500
'14UF2',20103,58462,144800
'14UF2',20103,58462,151300
'14UF2',20103,58462,153800
'14UF2',20103,58462,160000
'14UF2',20103,58462,162200
'14UF2',20103,58462,164400
'14UF2',20103,58462,170600
'14UF2',20103,58462,173100
'14UF2',20103,58462,175600
'14UF2',20103,58462,182000
'14UF2',20103,58462,184500
'14UF2',20103,58462,191700
'14UF2',20103,58462,194900
'14UF2',20103,58462,202200
'14UF2',20103,58462,205400
'14UF2',20103,58462,212700
'14UF2',20103,58462,215700
'14UF2',20103,58462,222900
'14UF2',20103,58462,230000
'14UF2',20103,58462,233000
'14UF2',20103,58462,240000
'14UI',20103,58462,71900
'14UI',20103,58462,75400
'14UI',20103,58462,82700
'14UI',20103,58462,85900
'14UI',20103,58462,93100
'14UI',20103,58462,100300
'14UI',20103,58462,103700
'14UI',20103,58462,110900
'14UI',20103,58462,114200
'14UI',20103,58462,121500
'14UI',20103,58462,124900
'14UI',20103,58462,132300
'14UI',20103,58462,135800
'14UI',20103,58462,143100
'14UI',20103,58462,150400
'14UI',20103,58462,153800
'14UI',20103,58462,161200
'14UI',20103,58462,164400
'14UI',20103,58462,171600
'14UI',20103,58462,174700
'14UI',20103,58462,181800
'14UI',20103,58462,184800
'14UI',20103,58462,191900
'14UI',20103,58462,194900
'14UI',20103,58462,202100
'14UI',20103,58462,205300
'14UI',20103,58462,212500
'14UI',20103,58462,215700
'14UI',20103,58462,222800
'14UI',20103,58462,225800
'14UI',20103,58462,232800
'14UI',20103,58462,235800
'14US',20103,58462,63100
'14US',20103,58462,70700
'14US',20103,58462,74500
'14US',20103,58462,81100
'14US',20103,58462,85800
'14US',20103,58462,93200
'14US',20103,58462,100700
'14US',20103,58462,104200
'14US',20103,58462,111700
'14US',20103,58462,115100
'14US',20103,58462,122400
'14US',20103,58462,125800
'14US',20103,58462,133300
'14US',20103,58462,141100
'14US',20103,58462,144900
'14US',20103,58462,152600
'14US',20103,58462,160500
'14US',20103,58462,164500
'14US',20103,58462,172300
'14US',20103,58462,175900
'14US',20103,58462,183300
'14US',20103,58462,190100
'14US',20103,58462,192900
'14US',20103,58462,195800
'14US',20103,58462,202900
'14US',20103,58462,210100
'14US',20103,58462,213200
'14US',20103,58462,220200
'14US',20103,58462,223200
'14US',20103,58462,230100
'14US',20103,58462,233000
'14US',20103,58462,235900
'14UA',20002,58462,61100
'14UA',20002,58462,63900
'14UA',20002,58462,70700
'14UA',20002,58462,73400
'14UA',20002,58462,80100
'14UA',20002,58462,82800
'14UA',20002,58462,85600
'14UA',20002,58462,92300
'14UA',20002,58462,95200
'14UA',20002,58462,102000
'14UA',20002,58462,104700
'14UA',20002,58462,111400
'14UA',20002,58462,114200
'14UA',20002,58462,120900
'14UA',20002,58462,123600
'14UA',20002,58462,130400
'14UA',20002,58462,133100
'14UA',20002,58462,135900
'14UA',20002,58462,142700
'14UA',20002,58462,145400
'14UA',20002,58462,152100
'14UA',20002,58462,154900
'14UA',20002,58462,161600
'14UA',20002,58462,164300
'14UA',20002,58462,171100
'14UA',20002,58462,173800
'14UA',20002,58462,180400
'14UA',20002,58462,183000
'14UA',20002,58462,185700
'14UA',20002,58462,192400
'14UF1',20002,58462,71200
'14UF1',20002,58462,74200
'14UF1',20002,58462,81200
'14UF1',20002,58462,84200
'14UF1',20002,58462,91200
'14UF1',20002,58462,94200
'14UF1',20002,58462,101200
'14UF1',20002,58462,104300
'14UF1',20002,58462,111300
'14UF1',20002,58462,114300
'14UF1',20002,58462,121300
'14UF1',20002,58462,124300
'14UF1',20002,58462,131300
'14UF1',20002,58462,134500
'14UF1',20002,58462,141500
'14UF1',20002,58462,144500
'14UF1',20002,58462,151500
'14UF1',20002,58462,154500
'14UF1',20002,58462,161500
'14UF1',20002,58462,164500
'14UF1',20002,58462,171500
'14UF1',20002,58462,174400
'14UF1',20002,58462,181300
'14UF1',20002,58462,184300
'14UF1',20002,58462,191300
'14UF2',20002,58462,61100
'14UF2',20002,58462,63900
'14UF2',20002,58462,70700
'14UF2',20002,58462,73400
'14UF2',20002,58462,80100
'14UF2',20002,58462,82800
'14UF2',20002,58462,85600
'14UF2',20002,58462,92300
'14UF2',20002,58462,95200
'14UF2',20002,58462,102000
'14UF2',20002,58462,104700
'14UF2',20002,58462,111400
'14UF2',20002,58462,114200
'14UF2',20002,58462,120900
'14UF2',20002,58462,123600
'14UF2',20002,58462,130400
'14UF2',20002,58462,133100
'14UF2',20002,58462,135900
'14UF2',20002,58462,142700
'14UF2',20002,58462,145400
'14UF2',20002,58462,152100
'14UF2',20002,58462,154900
'14UF2',20002,58462,161600
'14UF2',20002,58462,164300
'14UF2',20002,58462,171100
'14UF2',20002,58462,173800
'14UF2',20002,58462,180400
'14UF2',20002,58462,183000
'14UF2',20002,58462,185700
'14UF2',20002,58462,192400
'14UI',20002,58462,71200
'14UI',20002,58462,74200
'14UI',20002,58462,81200
'14UI',20002,58462,84200
'14UI',20002,58462,91200
'14UI',20002,58462,94200
'14UI',20002,58462,101200
'14UI',20002,58462,104300
'14UI',20002,58462,111300
'14UI',20002,58462,114300
'14UI',20002,58462,121300
'14UI',20002,58462,124300
'14UI',20002,58462,131300
'14UI',20002,58462,134500
'14UI',20002,58462,141500
'14UI',20002,58462,144500
'14UI',20002,58462,151500
'14UI',20002,58462,154500
'14UI',20002,58462,161500
'14UI',20002,58462,164500
'14UI',20002,58462,171500
'14UI',20002,58462,174400
'14UI',20002,58462,181300
'14UI',20002,58462,184300
'14UI',20002,58462,191300
'14US',20002,58462,60200
'14US',20002,58462,64300
'14US',20002,58462,65800
'14US',20002,58462,71000
'14US',20002,58462,72800
'14US',20002,58462,74500
'14US',20002,58462,80200
'14US',20002,58462,82700
'14US',20002,58462,83300
'14US',20002,58462,90100
'14US',20002,58462,92800
'14US',20002,58462,95400
'14US',20002,58462,102000
'14US',20002,58462,104700
'14US',20002,58462,111400
'14US',20002,58462,114100
'14US',20002,58462,120900
'14US',20002,58462,123600
'14US',20002,58462,130300
'14US',20002,58462,133000
'14US',20002,58462,135700
'14US',20002,58462,142400
'14US',20002,58462,145100
'14US',20002,58462,152100
'14US',20002,58462,155200
'14US',20002,58462,161900
'14US',20002,58462,164600
'14US',20002,58462,171300
'14US',20002,58462,173800
'14US',20002,58462,180200
'14US',20002,58462,182700
'14US',20002,58462,185200
'14US',20002,58462,191900
'14UA',21702,58462,64000
'14UA',21702,58462,71100
'14UA',21702,58462,74200
'14UA',21702,58462,81300
'14UA',21702,58462,84400
'14UA',21702,58462,91500
'14UA',21702,58462,94700
'14UA',21702,58462,101900
'14UA',21702,58462,105100
'14UA',21702,58462,112200
'14UA',21702,58462,115400
'14UA',21702,58462,122600
'14UA',21702,58462,125900
'14UA',21702,58462,133100
'14UA',21702,58462,140300
'14UA',21702,58462,143500
'14UA',21702,58462,150600
'14UA',21702,58462,153800
'14UA',21702,58462,161000
'14UA',21702,58462,164300
'14UA',21702,58462,171500
'14UA',21702,58462,174700
'14UA',21702,58462,181800
'14UA',21702,58462,184800
'14UA',21702,58462,191900
'14UA',21702,58462,194900
'14UA',21702,58462,201900
'14UA',21702,58462,205000
'14UA',21702,58462,212000
'14UA',21702,58462,215100
'14UA',21702,58462,222100
'14UA',21702,58462,225200
'14UA',21702,58462,232300
'14UA',21702,58462,240900
'14UF1',21702,58462,73500
'14UF1',21702,58462,80600
'14UF1',21702,58462,83700
'14UF1',21702,58462,90800
'14UF1',21702,58462,93900
'14UF1',21702,58462,101100
'14UF1',21702,58462,104300
'14UF1',21702,58462,111400
'14UF1',21702,58462,114600
'14UF1',21702,58462,121800
'14UF1',21702,58462,125000
'14UF1',21702,58462,132200
'14UF1',21702,58462,135300
'14UF1',21702,58462,142500
'14UF1',21702,58462,145700
'14UF1',21702,58462,152900
'14UF1',21702,58462,160100
'14UF1',21702,58462,163300
'14UF1',21702,58462,170500
'14UF1',21702,58462,173600
'14UF1',21702,58462,180800
'14UF1',21702,58462,184000
'14UF1',21702,58462,191100
'14UF1',21702,58462,194200
'14UF1',21702,58462,201300
'14UF1',21702,58462,204400
'14UF1',21702,58462,211500
'14UF1',21702,58462,214600
'14UF1',21702,58462,221700
'14UF1',21702,58462,224700
'14UF1',21702,58462,232400
'14UF1',21702,58462,240800
'14UF2',21702,58462,64000
'14UF2',21702,58462,71100
'14UF2',21702,58462,74200
'14UF2',21702,58462,81300
'14UF2',21702,58462,84400
'14UF2',21702,58462,91500
'14UF2',21702,58462,94700
'14UF2',21702,58462,101900
'14UF2',21702,58462,105100
'14UF2',21702,58462,112200
'14UF2',21702,58462,115400
'14UF2',21702,58462,122600
'14UF2',21702,58462,125900
'14UF2',21702,58462,133100
'14UF2',21702,58462,140300
'14UF2',21702,58462,143500
'14UF2',21702,58462,150600
'14UF2',21702,58462,153800
'14UF2',21702,58462,161000
'14UF2',21702,58462,164300
'14UF2',21702,58462,171500
'14UF2',21702,58462,174700
'14UF2',21702,58462,181800
'14UF2',21702,58462,184800
'14UF2',21702,58462,191900
'14UF2',21702,58462,194900
'14UF2',21702,58462,201900
'14UF2',21702,58462,205000
'14UF2',21702,58462,212000
'14UF2',21702,58462,215100
'14UF2',21702,58462,222100
'14UF2',21702,58462,225200
'14UF2',21702,58462,232300
'14UF2',21702,58462,240900
'14UI',21702,58462,73500
'14UI',21702,58462,80600
'14UI',21702,58462,83700
'14UI',21702,58462,90800
'14UI',21702,58462,93900
'14UI',21702,58462,101100
'14UI',21702,58462,104300
'14UI',21702,58462,111400
'14UI',21702,58462,114600
'14UI',21702,58462,121800
'14UI',21702,58462,125000
'14UI',21702,58462,132200
'14UI',21702,58462,135300
'14UI',21702,58462,142500
'14UI',21702,58462,145700
'14UI',21702,58462,152900
'14UI',21702,58462,160100
'14UI',21702,58462,163300
'14UI',21702,58462,170500
'14UI',21702,58462,173600
'14UI',21702,58462,180800
'14UI',21702,58462,184000
'14UI',21702,58462,191100
'14UI',21702,58462,194200
'14UI',21702,58462,201300
'14UI',21702,58462,204400
'14UI',21702,58462,211500
'14UI',21702,58462,214600
'14UI',21702,58462,221700
'14UI',21702,58462,224700
'14UI',21702,58462,232400
'14UI',21702,58462,240800
'14US',21702,58462,64700
'14US',21702,58462,72100
'14US',21702,58462,75500
'14US',21702,58462,82800
'14US',21702,58462,90200
'14US',21702,58462,93300
'14US',21702,58462,100400
'14US',21702,58462,103600
'14US',21702,58462,110800
'14US',21702,58462,113900
'14US',21702,58462,121200
'14US',21702,58462,124400
'14US',21702,58462,131700
'14US',21702,58462,134900
'14US',21702,58462,142200
'14US',21702,58462,145500
'14US',21702,58462,152800
'14US',21702,58462,160000
'14US',21702,58462,162400
'14US',21702,58462,170600
'14US',21702,58462,172200
'14US',21702,58462,174000
'14US',21702,58462,175900
'14US',21702,58462,181600
'14US',21702,58462,183500
'14US',21702,58462,190700
'14US',21702,58462,195700
'14US',21702,58462,203000
'14US',21702,58462,210300
'14US',21702,58462,213600
'14US',21702,58462,221000
'14US',21702,58462,230900
'14US',21702,58462,240900
'14UA',38202,58462,264400
'14UA',38202,58462,272900
'14UA',38202,58462,281400
'14UA',38202,58462,285900
'14UF1',38202,58462,264400
'14UF1',38202,58462,272900
'14UF1',38202,58462,281400
'14UF1',38202,58462,285900
'14UF2',38202,58462,264400
'14UF2',38202,58462,272900
'14UF2',38202,58462,281400
'14UF2',38202,58462,285900
'14UI',38202,58462,264400
'14UI',38202,58462,272900
'14UI',38202,58462,281400
'14UI',38202,58462,285900
'14US',38202,58462,264300
'14US',38202,58462,272800
'14US',38202,58462,281300
'14US',38202,58462,285800
'14UF2',40104,58462,114200
'14UF2',40104,58462,154400
'14UF2',40104,58462,185900
'14US',40104,58462,60100
'14US',40104,58462,64200
'14US',40104,58462,65700
'14US',40104,58462,71300
'14US',40104,58462,72600
'14US',40104,58462,74500
'14US',40104,58462,80000
'14US',40104,58462,82600
'14US',40104,58462,83300
'14US',40104,58462,161000
'14US',40104,58462,172700
'14US',40104,58462,180000
'14US',40104,58462,182600
