'14JA',47001,57616,45900
'14JA',47001,57616,53200
'14JA',47001,57616,60600
'14JA',47001,57616,64000
'14JA',47001,57616,71200
'14JA',47001,57616,74000
'14JA',47001,57616,75900
'14JA',47001,57616,81700
'14JA',47001,57616,83400
'14JA',47001,57616,85100
'14JA',47001,57616,90900
'14JA',47001,57616,92700
'14JA',47001,57616,94500
'14JA',47001,57616,100200
'14JA',47001,57616,101800
'14JA',47001,57616,103500
'14JA',47001,57616,105200
'14JA',47001,57616,111200
'14JA',47001,57616,113300
'14JA',47001,57616,115400
'14JA',47001,57616,120600
'14JA',47001,57616,121800
'14JA',47001,57616,123000
'14JA',47001,57616,124200
'14JA',47001,57616,125300
'14JA',47001,57616,130400
'14JA',47001,57616,131700
'14JA',47001,57616,133100
'14JA',47001,57616,134500
'14JA',47001,57616,135900
'14JA',47001,57616,141200
'14JA',47001,57616,142700
'14JA',47001,57616,144200
'14JA',47001,57616,145700
'14JA',47001,57616,151200
'14JA',47001,57616,152800
'14JA',47001,57616,154100
'14JA',47001,57616,155600
'14JA',47001,57616,160700
'14JA',47001,57616,161800
'14JA',47001,57616,162800
'14JA',47001,57616,163800
'14JA',47001,57616,164800
'14JA',47001,57616,165700
'14JA',47001,57616,170700
'14JA',47001,57616,171700
'14JA',47001,57616,172800
'14JA',47001,57616,173900
'14JA',47001,57616,175000
'14JA',47001,57616,180400
'14JA',47001,57616,182400
'14JA',47001,57616,184500
'14JA',47001,57616,190700
'14JA',47001,57616,192900
'14JA',47001,57616,195000
'14JA',47001,57616,201200
'14JA',47001,57616,203400
'14JA',47001,57616,205700
'14JA',47001,57616,212700
'14JA',47001,57616,215700
'14JA',47001,57616,222700
'14JA',47001,57616,225700
'14JA',47001,57616,232700
'14JA',47001,57616,235700
'14JA',47001,57616,242800
'14JA',47001,57620,50000
'14JA',47001,57620,53300
'14JA',47001,57620,60700
'14JA',47001,57620,64100
'14JA',47001,57620,71300
'14JA',47001,57620,74100
'14JA',47001,57620,80000
'14JA',47001,57620,81800
'14JA',47001,57620,83500
'14JA',47001,57620,85200
'14JA',47001,57620,91000
'14JA',47001,57620,92800
'14JA',47001,57620,94600
'14JA',47001,57620,100300
'14JA',47001,57620,101900
'14JA',47001,57620,103600
'14JA',47001,57620,105300
'14JA',47001,57620,111300
'14JA',47001,57620,113400
'14JA',47001,57620,115500
'14JA',47001,57620,120700
'14JA',47001,57620,121900
'14JA',47001,57620,123100
'14JA',47001,57620,124300
'14JA',47001,57620,125400
'14JA',47001,57620,130500
'14JA',47001,57620,131800
'14JA',47001,57620,133200
'14JA',47001,57620,134600
'14JA',47001,57620,140000
'14JA',47001,57620,141300
'14JA',47001,57620,142800
'14JA',47001,57620,144300
'14JA',47001,57620,145800
'14JA',47001,57620,151300
'14JA',47001,57620,152900
'14JA',47001,57620,154200
'14JA',47001,57620,155700
'14JA',47001,57620,160800
'14JA',47001,57620,161900
'14JA',47001,57620,162900
'14JA',47001,57620,163900
'14JA',47001,57620,164900
'14JA',47001,57620,165800
'14JA',47001,57620,170800
'14JA',47001,57620,171800
'14JA',47001,57620,172900
'14JA',47001,57620,174000
'14JA',47001,57620,175100
'14JA',47001,57620,180500
'14JA',47001,57620,182500
'14JA',47001,57620,184600
'14JA',47001,57620,190800
'14JA',47001,57620,193000
'14JA',47001,57620,195100
'14JA',47001,57620,201300
'14JA',47001,57620,203500
'14JA',47001,57620,205800
'14JA',47001,57620,212800
'14JA',47001,57620,215800
'14JA',47001,57620,222800
'14JA',47001,57620,225800
'14JA',47001,57620,232800
'14JA',47001,57620,235800
'14JA',47001,57620,242900
'14JA',47001,57621,50300
'14JA',47001,57621,53600
'14JA',47001,57621,61000
'14JA',47001,57621,64400
'14JA',47001,57621,71600
'14JA',47001,57621,74400
'14JA',47001,57621,80300
'14JA',47001,57621,82100
'14JA',47001,57621,83800
'14JA',47001,57621,85500
'14JA',47001,57621,91300
'14JA',47001,57621,93100
'14JA',47001,57621,94900
'14JA',47001,57621,100600
'14JA',47001,57621,102200
'14JA',47001,57621,103900
'14JA',47001,57621,105600
'14JA',47001,57621,111600
'14JA',47001,57621,113700
'14JA',47001,57621,115800
'14JA',47001,57621,121000
'14JA',47001,57621,122200
'14JA',47001,57621,123400
'14JA',47001,57621,124600
'14JA',47001,57621,125700
'14JA',47001,57621,130800
'14JA',47001,57621,132100
'14JA',47001,57621,133500
'14JA',47001,57621,134900
'14JA',47001,57621,140300
'14JA',47001,57621,141600
'14JA',47001,57621,143100
'14JA',47001,57621,144600
'14JA',47001,57621,150100
'14JA',47001,57621,151600
'14JA',47001,57621,153200
'14JA',47001,57621,154500
'14JA',47001,57621,160000
'14JA',47001,57621,161100
'14JA',47001,57621,162200
'14JA',47001,57621,163200
'14JA',47001,57621,164200
'14JA',47001,57621,165200
'14JA',47001,57621,170100
'14JA',47001,57621,171100
'14JA',47001,57621,172100
'14JA',47001,57621,173200
'14JA',47001,57621,174300
'14JA',47001,57621,175400
'14JA',47001,57621,180800
'14JA',47001,57621,182800
'14JA',47001,57621,184900
'14JA',47001,57621,191100
'14JA',47001,57621,193300
'14JA',47001,57621,195400
'14JA',47001,57621,201600
'14JA',47001,57621,203800
'14JA',47001,57621,210100
'14JA',47001,57621,213100
'14JA',47001,57621,220100
'14JA',47001,57621,223100
'14JA',47001,57621,230100
'14JA',47001,57621,233100
'14JA',47001,57621,240100
'14JA',47001,57621,243200
'14JA',47001,57794,50300
'14JA',47001,57794,53600
'14JA',47001,57794,61000
'14JA',47001,57794,64400
'14JA',47001,57794,71600
'14JA',47001,57794,74400
'14JA',47001,57794,80300
'14JA',47001,57794,82100
'14JA',47001,57794,83800
'14JA',47001,57794,85500
'14JA',47001,57794,91300
'14JA',47001,57794,93100
'14JA',47001,57794,94900
'14JA',47001,57794,100600
'14JA',47001,57794,102200
'14JA',47001,57794,103900
'14JA',47001,57794,105600
'14JA',47001,57794,111600
'14JA',47001,57794,113700
'14JA',47001,57794,115800
'14JA',47001,57794,121000
'14JA',47001,57794,122200
'14JA',47001,57794,123400
'14JA',47001,57794,124600
'14JA',47001,57794,125700
'14JA',47001,57794,130800
'14JA',47001,57794,132100
'14JA',47001,57794,133500
'14JA',47001,57794,134900
'14JA',47001,57794,140300
'14JA',47001,57794,141600
'14JA',47001,57794,143100
'14JA',47001,57794,144600
'14JA',47001,57794,150100
'14JA',47001,57794,151600
'14JA',47001,57794,153200
'14JA',47001,57794,154500
'14JA',47001,57794,160000
'14JA',47001,57794,161100
'14JA',47001,57794,162200
'14JA',47001,57794,163200
'14JA',47001,57794,164200
'14JA',47001,57794,165200
'14JA',47001,57794,170100
'14JA',47001,57794,171100
'14JA',47001,57794,172100
'14JA',47001,57794,173200
'14JA',47001,57794,174300
'14JA',47001,57794,175400
'14JA',47001,57794,180800
'14JA',47001,57794,182800
'14JA',47001,57794,184900
'14JA',47001,57794,191100
'14JA',47001,57794,193300
'14JA',47001,57794,195400
'14JA',47001,57794,201600
'14JA',47001,57794,203800
'14JA',47001,57794,210100
'14JA',47001,57794,213100
'14JA',47001,57794,220100
'14JA',47001,57794,223100
'14JA',47001,57794,230100
'14JA',47001,57794,233100
'14JA',47001,57794,240100
'14JA',47001,57794,243200
'14JA',47001,57833,45700
'14JA',47001,57833,53000
'14JA',47001,57833,60400
'14JA',47001,57833,63800
'14JA',47001,57833,71000
'14JA',47001,57833,73800
'14JA',47001,57833,75700
'14JA',47001,57833,81500
'14JA',47001,57833,83200
'14JA',47001,57833,84900
'14JA',47001,57833,90700
'14JA',47001,57833,92500
'14JA',47001,57833,94300
'14JA',47001,57833,100000
'14JA',47001,57833,101600
'14JA',47001,57833,103300
'14JA',47001,57833,105000
'14JA',47001,57833,111000
'14JA',47001,57833,113100
'14JA',47001,57833,115200
'14JA',47001,57833,120400
'14JA',47001,57833,121600
'14JA',47001,57833,122800
'14JA',47001,57833,124000
'14JA',47001,57833,125100
'14JA',47001,57833,130200
'14JA',47001,57833,131500
'14JA',47001,57833,132900
'14JA',47001,57833,134300
'14JA',47001,57833,135700
'14JA',47001,57833,141000
'14JA',47001,57833,142500
'14JA',47001,57833,144000
'14JA',47001,57833,145500
'14JA',47001,57833,151000
'14JA',47001,57833,152600
'14JA',47001,57833,153900
'14JA',47001,57833,155400
'14JA',47001,57833,160500
'14JA',47001,57833,161600
'14JA',47001,57833,162600
'14JA',47001,57833,163600
'14JA',47001,57833,164600
'14JA',47001,57833,165500
'14JA',47001,57833,170500
'14JA',47001,57833,171500
'14JA',47001,57833,172600
'14JA',47001,57833,173700
'14JA',47001,57833,174800
'14JA',47001,57833,180200
'14JA',47001,57833,182200
'14JA',47001,57833,184300
'14JA',47001,57833,190500
'14JA',47001,57833,192700
'14JA',47001,57833,194800
'14JA',47001,57833,201000
'14JA',47001,57833,203200
'14JA',47001,57833,205500
'14JA',47001,57833,212500
'14JA',47001,57833,215500
'14JA',47001,57833,222500
'14JA',47001,57833,225500
'14JA',47001,57833,232500
'14JA',47001,57833,235500
'14JA',47001,57833,242600
'14JA',47001,57851,45200
'14JA',47001,57851,52500
'14JA',47001,57851,55900
'14JA',47001,57851,63300
'14JA',47001,57851,70500
'14JA',47001,57851,73300
'14JA',47001,57851,75200
'14JA',47001,57851,81000
'14JA',47001,57851,82700
'14JA',47001,57851,84400
'14JA',47001,57851,90200
'14JA',47001,57851,92000
'14JA',47001,57851,93800
'14JA',47001,57851,95500
'14JA',47001,57851,101100
'14JA',47001,57851,102800
'14JA',47001,57851,104500
'14JA',47001,57851,110500
'14JA',47001,57851,112600
'14JA',47001,57851,114600
'14JA',47001,57851,115800
'14JA',47001,57851,121000
'14JA',47001,57851,122200
'14JA',47001,57851,123400
'14JA',47001,57851,124500
'14JA',47001,57851,125600
'14JA',47001,57851,130900
'14JA',47001,57851,132300
'14JA',47001,57851,133700
'14JA',47001,57851,135100
'14JA',47001,57851,140400
'14JA',47001,57851,141900
'14JA',47001,57851,143400
'14JA',47001,57851,144900
'14JA',47001,57851,150400
'14JA',47001,57851,152000
'14JA',47001,57851,153400
'14JA',47001,57851,154900
'14JA',47001,57851,160000
'14JA',47001,57851,161100
'14JA',47001,57851,162100
'14JA',47001,57851,163100
'14JA',47001,57851,164100
'14JA',47001,57851,165000
'14JA',47001,57851,170000
'14JA',47001,57851,171000
'14JA',47001,57851,172100
'14JA',47001,57851,173200
'14JA',47001,57851,174300
'14JA',47001,57851,175700
'14JA',47001,57851,181700
'14JA',47001,57851,183800
'14JA',47001,57851,190000
'14JA',47001,57851,192200
'14JA',47001,57851,194300
'14JA',47001,57851,200500
'14JA',47001,57851,202700
'14JA',47001,57851,205000
'14JA',47001,57851,212000
'14JA',47001,57851,215000
'14JA',47001,57851,222000
'14JA',47001,57851,225000
'14JA',47001,57851,232000
'14JA',47001,57851,235000
'14JA',47001,57851,242100
'14JA',47001,57853,45400
'14JA',47001,57853,52700
'14JA',47001,57853,60100
'14JA',47001,57853,63500
'14JA',47001,57853,70700
'14JA',47001,57853,73500
'14JA',47001,57853,75400
'14JA',47001,57853,81200
'14JA',47001,57853,82900
'14JA',47001,57853,84600
'14JA',47001,57853,90400
'14JA',47001,57853,92200
'14JA',47001,57853,94000
'14JA',47001,57853,95700
'14JA',47001,57853,101300
'14JA',47001,57853,103000
'14JA',47001,57853,104700
'14JA',47001,57853,110700
'14JA',47001,57853,112800
'14JA',47001,57853,114900
'14JA',47001,57853,120100
'14JA',47001,57853,121300
'14JA',47001,57853,122500
'14JA',47001,57853,123700
'14JA',47001,57853,124800
'14JA',47001,57853,125900
'14JA',47001,57853,131200
'14JA',47001,57853,132600
'14JA',47001,57853,134000
'14JA',47001,57853,135400
'14JA',47001,57853,140700
'14JA',47001,57853,142200
'14JA',47001,57853,143700
'14JA',47001,57853,145200
'14JA',47001,57853,150700
'14JA',47001,57853,152300
'14JA',47001,57853,153600
'14JA',47001,57853,155100
'14JA',47001,57853,160200
'14JA',47001,57853,161300
'14JA',47001,57853,162300
'14JA',47001,57853,163300
'14JA',47001,57853,164300
'14JA',47001,57853,165200
'14JA',47001,57853,170200
'14JA',47001,57853,171200
'14JA',47001,57853,172300
'14JA',47001,57853,173400
'14JA',47001,57853,174500
'14JA',47001,57853,175900
'14JA',47001,57853,181900
'14JA',47001,57853,184000
'14JA',47001,57853,190200
'14JA',47001,57853,192400
'14JA',47001,57853,194500
'14JA',47001,57853,200700
'14JA',47001,57853,202900
'14JA',47001,57853,205200
'14JA',47001,57853,212200
'14JA',47001,57853,215200
'14JA',47001,57853,222200
'14JA',47001,57853,225200
'14JA',47001,57853,232200
'14JA',47001,57853,235200
'14JA',47001,57853,242300
'14JA',47001,57855,45600
'14JA',47001,57855,52900
'14JA',47001,57855,60300
'14JA',47001,57855,63700
'14JA',47001,57855,70900
'14JA',47001,57855,73700
'14JA',47001,57855,75600
'14JA',47001,57855,81400
'14JA',47001,57855,83100
'14JA',47001,57855,84800
'14JA',47001,57855,90600
'14JA',47001,57855,92400
'14JA',47001,57855,94200
'14JA',47001,57855,95900
'14JA',47001,57855,101500
'14JA',47001,57855,103200
'14JA',47001,57855,104900
'14JA',47001,57855,110900
'14JA',47001,57855,113000
'14JA',47001,57855,115000
'14JA',47001,57855,120200
'14JA',47001,57855,121400
'14JA',47001,57855,122600
'14JA',47001,57855,123800
'14JA',47001,57855,124900
'14JA',47001,57855,130000
'14JA',47001,57855,131300
'14JA',47001,57855,132700
'14JA',47001,57855,134100
'14JA',47001,57855,135500
'14JA',47001,57855,140800
'14JA',47001,57855,142300
'14JA',47001,57855,143800
'14JA',47001,57855,145300
'14JA',47001,57855,150800
'14JA',47001,57855,152400
'14JA',47001,57855,153800
'14JA',47001,57855,155300
'14JA',47001,57855,160400
'14JA',47001,57855,161500
'14JA',47001,57855,162500
'14JA',47001,57855,163500
'14JA',47001,57855,164500
'14JA',47001,57855,165400
'14JA',47001,57855,170400
'14JA',47001,57855,171400
'14JA',47001,57855,172500
'14JA',47001,57855,173600
'14JA',47001,57855,174700
'14JA',47001,57855,180100
'14JA',47001,57855,182100
'14JA',47001,57855,184200
'14JA',47001,57855,190400
'14JA',47001,57855,192600
'14JA',47001,57855,194700
'14JA',47001,57855,200900
'14JA',47001,57855,203100
'14JA',47001,57855,205400
'14JA',47001,57855,212400
'14JA',47001,57855,215400
'14JA',47001,57855,222400
'14JA',47001,57855,225400
'14JA',47001,57855,232400
'14JA',47001,57855,235400
'14JA',47001,57855,242500
'14JA',47001,57858,45900
'14JA',47001,57858,53200
'14JA',47001,57858,60600
'14JA',47001,57858,64000
'14JA',47001,57858,71200
'14JA',47001,57858,74000
'14JA',47001,57858,75900
'14JA',47001,57858,81700
'14JA',47001,57858,83400
'14JA',47001,57858,85100
'14JA',47001,57858,90900
'14JA',47001,57858,92700
'14JA',47001,57858,94500
'14JA',47001,57858,100200
'14JA',47001,57858,101800
'14JA',47001,57858,103500
'14JA',47001,57858,105200
'14JA',47001,57858,111200
'14JA',47001,57858,113300
'14JA',47001,57858,115400
'14JA',47001,57858,120600
'14JA',47001,57858,121800
'14JA',47001,57858,123000
'14JA',47001,57858,124200
'14JA',47001,57858,125300
'14JA',47001,57858,130400
'14JA',47001,57858,131700
'14JA',47001,57858,133100
'14JA',47001,57858,134500
'14JA',47001,57858,135900
'14JA',47001,57858,141200
'14JA',47001,57858,142700
'14JA',47001,57858,144200
'14JA',47001,57858,145700
'14JA',47001,57858,151200
'14JA',47001,57858,152800
'14JA',47001,57858,154100
'14JA',47001,57858,155600
'14JA',47001,57858,160700
'14JA',47001,57858,161800
'14JA',47001,57858,162800
'14JA',47001,57858,163800
'14JA',47001,57858,164800
'14JA',47001,57858,165700
'14JA',47001,57858,170700
'14JA',47001,57858,171700
'14JA',47001,57858,172800
'14JA',47001,57858,173900
'14JA',47001,57858,175000
'14JA',47001,57858,180400
'14JA',47001,57858,182400
'14JA',47001,57858,184500
'14JA',47001,57858,190700
'14JA',47001,57858,192900
'14JA',47001,57858,195000
'14JA',47001,57858,201200
'14JA',47001,57858,203400
'14JA',47001,57858,205700
'14JA',47001,57858,212700
'14JA',47001,57858,215700
'14JA',47001,57858,222700
'14JA',47001,57858,225700
'14JA',47001,57858,232700
'14JA',47001,57858,235700
'14JA',47001,57858,242800
'14JA',47001,57997,45100
'14JA',47001,57997,52400
'14JA',47001,57997,55800
'14JA',47001,57997,63200
'14JA',47001,57997,70400
'14JA',47001,57997,73200
'14JA',47001,57997,75100
'14JA',47001,57997,80900
'14JA',47001,57997,82600
'14JA',47001,57997,84300
'14JA',47001,57997,90100
'14JA',47001,57997,91900
'14JA',47001,57997,93700
'14JA',47001,57997,95400
'14JA',47001,57997,101000
'14JA',47001,57997,102700
'14JA',47001,57997,104400
'14JA',47001,57997,110400
'14JA',47001,57997,112500
'14JA',47001,57997,114500
'14JA',47001,57997,115700
'14JA',47001,57997,120900
'14JA',47001,57997,122100
'14JA',47001,57997,123300
'14JA',47001,57997,124400
'14JA',47001,57997,125500
'14JA',47001,57997,130800
'14JA',47001,57997,132200
'14JA',47001,57997,133600
'14JA',47001,57997,135000
'14JA',47001,57997,140300
'14JA',47001,57997,141800
'14JA',47001,57997,143300
'14JA',47001,57997,144800
'14JA',47001,57997,150300
'14JA',47001,57997,151900
'14JA',47001,57997,153300
'14JA',47001,57997,154800
'14JA',47001,57997,155900
'14JA',47001,57997,161000
'14JA',47001,57997,162000
'14JA',47001,57997,163000
'14JA',47001,57997,164000
'14JA',47001,57997,164900
'14JA',47001,57997,165900
'14JA',47001,57997,170900
'14JA',47001,57997,172000
'14JA',47001,57997,173100
'14JA',47001,57997,174200
'14JA',47001,57997,175600
'14JA',47001,57997,181600
'14JA',47001,57997,183700
'14JA',47001,57997,185900
'14JA',47001,57997,192100
'14JA',47001,57997,194200
'14JA',47001,57997,200400
'14JA',47001,57997,202600
'14JA',47001,57997,204900
'14JA',47001,57997,211900
'14JA',47001,57997,214900
'14JA',47001,57997,221900
'14JA',47001,57997,224900
'14JA',47001,57997,231900
'14JA',47001,57997,234900
'14JA',47001,57997,242000
'14JA',47001,58083,44100
'14JA',47001,58083,51400
'14JA',47001,58083,54800
'14JA',47001,58083,62200
'14JA',47001,58083,65400
'14JA',47001,58083,72200
'14JA',47001,58083,74100
'14JA',47001,58083,75900
'14JA',47001,58083,81600
'14JA',47001,58083,83300
'14JA',47001,58083,85000
'14JA',47001,58083,90800
'14JA',47001,58083,92600
'14JA',47001,58083,94300
'14JA',47001,58083,95900
'14JA',47001,58083,101600
'14JA',47001,58083,103300
'14JA',47001,58083,105300
'14JA',47001,58083,111400
'14JA',47001,58083,113400
'14JA',47001,58083,114600
'14JA',47001,58083,115800
'14JA',47001,58083,121000
'14JA',47001,58083,122200
'14JA',47001,58083,123300
'14JA',47001,58083,124400
'14JA',47001,58083,125700
'14JA',47001,58083,131100
'14JA',47001,58083,132500
'14JA',47001,58083,133900
'14JA',47001,58083,135200
'14JA',47001,58083,140700
'14JA',47001,58083,142200
'14JA',47001,58083,143700
'14JA',47001,58083,145200
'14JA',47001,58083,150800
'14JA',47001,58083,152200
'14JA',47001,58083,153700
'14JA',47001,58083,154800
'14JA',47001,58083,155900
'14JA',47001,58083,160900
'14JA',47001,58083,161900
'14JA',47001,58083,162900
'14JA',47001,58083,163800
'14JA',47001,58083,164800
'14JA',47001,58083,165800
'14JA',47001,58083,170900
'14JA',47001,58083,172000
'14JA',47001,58083,173100
'14JA',47001,58083,174500
'14JA',47001,58083,180500
'14JA',47001,58083,182600
'14JA',47001,58083,184800
'14JA',47001,58083,191000
'14JA',47001,58083,193200
'14JA',47001,58083,195400
'14JA',47001,58083,201600
'14JA',47001,58083,203900
'14JA',47001,58083,210900
'14JA',47001,58083,213900
'14JA',47001,58083,220900
'14JA',47001,58083,223900
'14JA',47001,58083,230900
'14JA',47001,58083,233900
'14JA',47001,58083,241000
'14JA',47001,58095,44300
'14JA',47001,58095,51600
'14JA',47001,58095,55000
'14JA',47001,58095,62400
'14JA',47001,58095,65600
'14JA',47001,58095,72400
'14JA',47001,58095,74300
'14JA',47001,58095,80100
'14JA',47001,58095,81800
'14JA',47001,58095,83500
'14JA',47001,58095,85200
'14JA',47001,58095,91000
'14JA',47001,58095,92800
'14JA',47001,58095,94500
'14JA',47001,58095,100100
'14JA',47001,58095,101800
'14JA',47001,58095,103500
'14JA',47001,58095,105500
'14JA',47001,58095,111600
'14JA',47001,58095,113600
'14JA',47001,58095,114800
'14JA',47001,58095,120000
'14JA',47001,58095,121200
'14JA',47001,58095,122400
'14JA',47001,58095,123500
'14JA',47001,58095,124600
'14JA',47001,58095,125900
'14JA',47001,58095,131300
'14JA',47001,58095,132700
'14JA',47001,58095,134100
'14JA',47001,58095,135400
'14JA',47001,58095,140900
'14JA',47001,58095,142400
'14JA',47001,58095,143900
'14JA',47001,58095,145400
'14JA',47001,58095,151000
'14JA',47001,58095,152400
'14JA',47001,58095,153900
'14JA',47001,58095,155000
'14JA',47001,58095,160100
'14JA',47001,58095,161100
'14JA',47001,58095,162100
'14JA',47001,58095,163100
'14JA',47001,58095,164000
'14JA',47001,58095,165000
'14JA',47001,58095,170000
'14JA',47001,58095,171100
'14JA',47001,58095,172200
'14JA',47001,58095,173300
'14JA',47001,58095,174700
'14JA',47001,58095,180700
'14JA',47001,58095,182800
'14JA',47001,58095,185000
'14JA',47001,58095,191200
'14JA',47001,58095,193400
'14JA',47001,58095,195600
'14JA',47001,58095,201800
'14JA',47001,58095,204100
'14JA',47001,58095,211100
'14JA',47001,58095,214100
'14JA',47001,58095,221100
'14JA',47001,58095,224100
'14JA',47001,58095,231100
'14JA',47001,58095,234100
'14JA',47001,58095,241200
'14JA',47001,58119,44600
'14JA',47001,58119,51900
'14JA',47001,58119,55300
'14JA',47001,58119,62700
'14JA',47001,58119,65900
'14JA',47001,58119,72700
'14JA',47001,58119,74600
'14JA',47001,58119,80400
'14JA',47001,58119,82100
'14JA',47001,58119,83800
'14JA',47001,58119,85500
'14JA',47001,58119,91300
'14JA',47001,58119,93100
'14JA',47001,58119,94800
'14JA',47001,58119,100400
'14JA',47001,58119,102100
'14JA',47001,58119,103800
'14JA',47001,58119,105800
'14JA',47001,58119,111900
'14JA',47001,58119,113900
'14JA',47001,58119,115100
'14JA',47001,58119,120300
'14JA',47001,58119,121500
'14JA',47001,58119,122700
'14JA',47001,58119,123800
'14JA',47001,58119,124900
'14JA',47001,58119,130200
'14JA',47001,58119,131600
'14JA',47001,58119,133000
'14JA',47001,58119,134400
'14JA',47001,58119,135700
'14JA',47001,58119,141200
'14JA',47001,58119,142700
'14JA',47001,58119,144200
'14JA',47001,58119,145700
'14JA',47001,58119,151300
'14JA',47001,58119,152700
'14JA',47001,58119,154200
'14JA',47001,58119,155300
'14JA',47001,58119,160400
'14JA',47001,58119,161400
'14JA',47001,58119,162400
'14JA',47001,58119,163400
'14JA',47001,58119,164300
'14JA',47001,58119,165300
'14JA',47001,58119,170300
'14JA',47001,58119,171400
'14JA',47001,58119,172500
'14JA',47001,58119,173600
'14JA',47001,58119,175000
'14JA',47001,58119,181000
'14JA',47001,58119,183100
'14JA',47001,58119,185300
'14JA',47001,58119,191500
'14JA',47001,58119,193700
'14JA',47001,58119,195900
'14JA',47001,58119,202100
'14JA',47001,58119,204400
'14JA',47001,58119,211400
'14JA',47001,58119,214400
'14JA',47001,58119,221400
'14JA',47001,58119,224400
'14JA',47001,58119,231400
'14JA',47001,58119,234400
'14JA',47001,58119,241500
'14JA',47001,58136,44900
'14JA',47001,58136,52200
'14JA',47001,58136,55600
'14JA',47001,58136,63000
'14JA',47001,58136,70200
'14JA',47001,58136,73000
'14JA',47001,58136,74900
'14JA',47001,58136,80700
'14JA',47001,58136,82400
'14JA',47001,58136,84100
'14JA',47001,58136,85900
'14JA',47001,58136,91700
'14JA',47001,58136,93500
'14JA',47001,58136,95200
'14JA',47001,58136,100800
'14JA',47001,58136,102500
'14JA',47001,58136,104200
'14JA',47001,58136,110200
'14JA',47001,58136,112300
'14JA',47001,58136,114300
'14JA',47001,58136,115500
'14JA',47001,58136,120700
'14JA',47001,58136,121900
'14JA',47001,58136,123100
'14JA',47001,58136,124200
'14JA',47001,58136,125300
'14JA',47001,58136,130600
'14JA',47001,58136,132000
'14JA',47001,58136,133400
'14JA',47001,58136,134800
'14JA',47001,58136,140100
'14JA',47001,58136,141600
'14JA',47001,58136,143100
'14JA',47001,58136,144600
'14JA',47001,58136,150100
'14JA',47001,58136,151700
'14JA',47001,58136,153100
'14JA',47001,58136,154600
'14JA',47001,58136,155700
'14JA',47001,58136,160800
'14JA',47001,58136,161800
'14JA',47001,58136,162800
'14JA',47001,58136,163800
'14JA',47001,58136,164700
'14JA',47001,58136,165700
'14JA',47001,58136,170700
'14JA',47001,58136,171800
'14JA',47001,58136,172900
'14JA',47001,58136,174000
'14JA',47001,58136,175400
'14JA',47001,58136,181400
'14JA',47001,58136,183500
'14JA',47001,58136,185700
'14JA',47001,58136,191900
'14JA',47001,58136,194000
'14JA',47001,58136,200200
'14JA',47001,58136,202400
'14JA',47001,58136,204700
'14JA',47001,58136,211700
'14JA',47001,58136,214700
'14JA',47001,58136,221700
'14JA',47001,58136,224700
'14JA',47001,58136,231700
'14JA',47001,58136,234700
'14JA',47001,58136,241800
'14JA',47001,58239,44000
'14JA',47001,58239,51300
'14JA',47001,58239,54700
'14JA',47001,58239,62100
'14JA',47001,58239,65300
'14JA',47001,58239,72100
'14JA',47001,58239,74000
'14JA',47001,58239,75800
'14JA',47001,58239,81500
'14JA',47001,58239,83200
'14JA',47001,58239,84900
'14JA',47001,58239,90700
'14JA',47001,58239,92500
'14JA',47001,58239,94200
'14JA',47001,58239,95800
'14JA',47001,58239,101500
'14JA',47001,58239,103200
'14JA',47001,58239,105200
'14JA',47001,58239,111300
'14JA',47001,58239,113300
'14JA',47001,58239,114500
'14JA',47001,58239,115700
'14JA',47001,58239,120900
'14JA',47001,58239,122100
'14JA',47001,58239,123200
'14JA',47001,58239,124300
'14JA',47001,58239,125600
'14JA',47001,58239,131000
'14JA',47001,58239,132400
'14JA',47001,58239,133800
'14JA',47001,58239,135100
'14JA',47001,58239,140600
'14JA',47001,58239,142100
'14JA',47001,58239,143600
'14JA',47001,58239,145100
'14JA',47001,58239,150700
'14JA',47001,58239,152100
'14JA',47001,58239,153600
'14JA',47001,58239,154700
'14JA',47001,58239,155800
'14JA',47001,58239,160800
'14JA',47001,58239,161800
'14JA',47001,58239,162800
'14JA',47001,58239,163700
'14JA',47001,58239,164700
'14JA',47001,58239,165700
'14JA',47001,58239,170800
'14JA',47001,58239,171900
'14JA',47001,58239,173000
'14JA',47001,58239,174400
'14JA',47001,58239,180400
'14JA',47001,58239,182500
'14JA',47001,58239,184700
'14JA',47001,58239,190900
'14JA',47001,58239,193100
'14JA',47001,58239,195300
'14JA',47001,58239,201500
'14JA',47001,58239,203800
'14JA',47001,58239,210800
'14JA',47001,58239,213800
'14JA',47001,58239,220800
'14JA',47001,58239,223800
'14JA',47001,58239,230800
'14JA',47001,58239,233800
'14JA',47001,58239,240900
'14JA',47001,58241,44100
'14JA',47001,58241,51400
'14JA',47001,58241,54800
'14JA',47001,58241,62200
'14JA',47001,58241,65400
'14JA',47001,58241,72200
'14JA',47001,58241,74100
'14JA',47001,58241,75900
'14JA',47001,58241,81600
'14JA',47001,58241,83300
'14JA',47001,58241,85000
'14JA',47001,58241,90800
'14JA',47001,58241,92600
'14JA',47001,58241,94300
'14JA',47001,58241,95900
'14JA',47001,58241,101600
'14JA',47001,58241,103300
'14JA',47001,58241,105300
'14JA',47001,58241,111400
'14JA',47001,58241,113400
'14JA',47001,58241,114600
'14JA',47001,58241,115800
'14JA',47001,58241,121000
'14JA',47001,58241,122200
'14JA',47001,58241,123300
'14JA',47001,58241,124400
'14JA',47001,58241,125700
'14JA',47001,58241,131100
'14JA',47001,58241,132500
'14JA',47001,58241,133900
'14JA',47001,58241,135200
'14JA',47001,58241,140700
'14JA',47001,58241,142200
'14JA',47001,58241,143700
'14JA',47001,58241,145200
'14JA',47001,58241,150800
'14JA',47001,58241,152200
'14JA',47001,58241,153700
'14JA',47001,58241,154800
'14JA',47001,58241,155900
'14JA',47001,58241,160900
'14JA',47001,58241,161900
'14JA',47001,58241,162900
'14JA',47001,58241,163800
'14JA',47001,58241,164800
'14JA',47001,58241,165800
'14JA',47001,58241,170900
'14JA',47001,58241,172000
'14JA',47001,58241,173100
'14JA',47001,58241,174500
'14JA',47001,58241,180500
'14JA',47001,58241,182600
'14JA',47001,58241,184800
'14JA',47001,58241,191000
'14JA',47001,58241,193200
'14JA',47001,58241,195400
'14JA',47001,58241,201600
'14JA',47001,58241,203900
'14JA',47001,58241,210900
'14JA',47001,58241,213900
'14JA',47001,58241,220900
'14JA',47001,58241,223900
'14JA',47001,58241,230900
'14JA',47001,58241,233900
'14JA',47001,58241,241000
'14JA',47001,58245,44800
'14JA',47001,58245,52100
'14JA',47001,58245,55500
'14JA',47001,58245,62900
'14JA',47001,58245,70100
'14JA',47001,58245,72900
'14JA',47001,58245,74800
'14JA',47001,58245,80600
'14JA',47001,58245,82300
'14JA',47001,58245,84000
'14JA',47001,58245,85800
'14JA',47001,58245,91600
'14JA',47001,58245,93400
'14JA',47001,58245,95100
'14JA',47001,58245,100700
'14JA',47001,58245,102400
'14JA',47001,58245,104100
'14JA',47001,58245,110100
'14JA',47001,58245,112200
'14JA',47001,58245,114200
'14JA',47001,58245,115400
'14JA',47001,58245,120600
'14JA',47001,58245,121800
'14JA',47001,58245,123000
'14JA',47001,58245,124100
'14JA',47001,58245,125200
'14JA',47001,58245,130500
'14JA',47001,58245,131900
'14JA',47001,58245,133300
'14JA',47001,58245,134700
'14JA',47001,58245,140000
'14JA',47001,58245,141500
'14JA',47001,58245,143000
'14JA',47001,58245,144500
'14JA',47001,58245,150000
'14JA',47001,58245,151600
'14JA',47001,58245,153000
'14JA',47001,58245,154500
'14JA',47001,58245,155600
'14JA',47001,58245,160700
'14JA',47001,58245,161700
'14JA',47001,58245,162700
'14JA',47001,58245,163700
'14JA',47001,58245,164600
'14JA',47001,58245,165600
'14JA',47001,58245,170600
'14JA',47001,58245,171700
'14JA',47001,58245,172800
'14JA',47001,58245,173900
'14JA',47001,58245,175300
'14JA',47001,58245,181300
'14JA',47001,58245,183400
'14JA',47001,58245,185600
'14JA',47001,58245,191800
'14JA',47001,58245,193900
'14JA',47001,58245,200100
'14JA',47001,58245,202300
'14JA',47001,58245,204600
'14JA',47001,58245,211600
'14JA',47001,58245,214600
'14JA',47001,58245,221600
'14JA',47001,58245,224600
'14JA',47001,58245,231600
'14JA',47001,58245,234600
'14JA',47001,58245,241700
'14JA',47001,58264,44500
'14JA',47001,58264,51800
'14JA',47001,58264,55200
'14JA',47001,58264,62600
'14JA',47001,58264,65800
'14JA',47001,58264,72600
'14JA',47001,58264,74500
'14JA',47001,58264,80300
'14JA',47001,58264,82000
'14JA',47001,58264,83700
'14JA',47001,58264,85400
'14JA',47001,58264,91200
'14JA',47001,58264,93000
'14JA',47001,58264,94700
'14JA',47001,58264,100300
'14JA',47001,58264,102000
'14JA',47001,58264,103700
'14JA',47001,58264,105700
'14JA',47001,58264,111800
'14JA',47001,58264,113800
'14JA',47001,58264,115000
'14JA',47001,58264,120200
'14JA',47001,58264,121400
'14JA',47001,58264,122600
'14JA',47001,58264,123700
'14JA',47001,58264,124800
'14JA',47001,58264,130100
'14JA',47001,58264,131500
'14JA',47001,58264,132900
'14JA',47001,58264,134300
'14JA',47001,58264,135600
'14JA',47001,58264,141100
'14JA',47001,58264,142600
'14JA',47001,58264,144100
'14JA',47001,58264,145600
'14JA',47001,58264,151200
'14JA',47001,58264,152600
'14JA',47001,58264,154100
'14JA',47001,58264,155200
'14JA',47001,58264,160300
'14JA',47001,58264,161300
'14JA',47001,58264,162300
'14JA',47001,58264,163300
'14JA',47001,58264,164200
'14JA',47001,58264,165200
'14JA',47001,58264,170200
'14JA',47001,58264,171300
'14JA',47001,58264,172400
'14JA',47001,58264,173500
'14JA',47001,58264,174900
'14JA',47001,58264,180900
'14JA',47001,58264,183000
'14JA',47001,58264,185200
'14JA',47001,58264,191400
'14JA',47001,58264,193600
'14JA',47001,58264,195800
'14JA',47001,58264,202000
'14JA',47001,58264,204300
'14JA',47001,58264,211300
'14JA',47001,58264,214300
'14JA',47001,58264,221300
'14JA',47001,58264,224300
'14JA',47001,58264,231300
'14JA',47001,58264,234300
'14JA',47001,58264,241400
'14JA',47001,58266,44600
'14JA',47001,58266,51900
'14JA',47001,58266,55300
'14JA',47001,58266,62700
'14JA',47001,58266,65900
'14JA',47001,58266,72700
'14JA',47001,58266,74600
'14JA',47001,58266,80400
'14JA',47001,58266,82100
'14JA',47001,58266,83800
'14JA',47001,58266,85600
'14JA',47001,58266,91400
'14JA',47001,58266,93200
'14JA',47001,58266,94900
'14JA',47001,58266,100500
'14JA',47001,58266,102200
'14JA',47001,58266,103900
'14JA',47001,58266,105900
'14JA',47001,58266,112000
'14JA',47001,58266,114000
'14JA',47001,58266,115200
'14JA',47001,58266,120400
'14JA',47001,58266,121600
'14JA',47001,58266,122800
'14JA',47001,58266,123900
'14JA',47001,58266,125000
'14JA',47001,58266,130300
'14JA',47001,58266,131700
'14JA',47001,58266,133100
'14JA',47001,58266,134500
'14JA',47001,58266,135800
'14JA',47001,58266,141300
'14JA',47001,58266,142800
'14JA',47001,58266,144300
'14JA',47001,58266,145800
'14JA',47001,58266,151400
'14JA',47001,58266,152800
'14JA',47001,58266,154300
'14JA',47001,58266,155400
'14JA',47001,58266,160500
'14JA',47001,58266,161500
'14JA',47001,58266,162500
'14JA',47001,58266,163500
'14JA',47001,58266,164400
'14JA',47001,58266,165400
'14JA',47001,58266,170400
'14JA',47001,58266,171500
'14JA',47001,58266,172600
'14JA',47001,58266,173700
'14JA',47001,58266,175100
'14JA',47001,58266,181100
'14JA',47001,58266,183200
'14JA',47001,58266,185400
'14JA',47001,58266,191600
'14JA',47001,58266,193700
'14JA',47001,58266,195900
'14JA',47001,58266,202100
'14JA',47001,58266,204400
'14JA',47001,58266,211400
'14JA',47001,58266,214400
'14JA',47001,58266,221400
'14JA',47001,58266,224400
'14JA',47001,58266,231400
'14JA',47001,58266,234400
'14JA',47001,58266,241500
'14JA',47001,58286,43700
'14JA',47001,58286,51000
'14JA',47001,58286,54400
'14JA',47001,58286,61800
'14JA',47001,58286,65000
'14JA',47001,58286,71800
'14JA',47001,58286,73700
'14JA',47001,58286,75500
'14JA',47001,58286,81200
'14JA',47001,58286,82900
'14JA',47001,58286,84600
'14JA',47001,58286,90400
'14JA',47001,58286,92200
'14JA',47001,58286,93900
'14JA',47001,58286,95500
'14JA',47001,58286,101200
'14JA',47001,58286,102900
'14JA',47001,58286,104900
'14JA',47001,58286,111000
'14JA',47001,58286,113000
'14JA',47001,58286,114200
'14JA',47001,58286,115400
'14JA',47001,58286,120600
'14JA',47001,58286,121800
'14JA',47001,58286,122900
'14JA',47001,58286,124000
'14JA',47001,58286,125300
'14JA',47001,58286,130700
'14JA',47001,58286,132200
'14JA',47001,58286,133600
'14JA',47001,58286,140300
'14JA',47001,58298,43800
'14JA',47001,58298,51100
'14JA',47001,58298,54500
'14JA',47001,58298,61900
'14JA',47001,58298,65100
'14JA',47001,58298,71900
'14JA',47001,58298,73800
'14JA',47001,58298,75600
'14JA',47001,58298,81300
'14JA',47001,58298,83000
'14JA',47001,58298,84700
'14JA',47001,58298,90500
'14JA',47001,58298,92300
'14JA',47001,58298,94000
'14JA',47001,58298,95600
'14JA',47001,58298,101300
'14JA',47001,58298,103000
'14JA',47001,58298,105000
'14JA',47001,58298,111100
'14JA',47001,58298,113100
'14JA',47001,58298,114300
'14JA',47001,58298,115500
'14JA',47001,58298,120700
'14JA',47001,58298,121900
'14JA',47001,58298,123000
'14JA',47001,58298,124100
'14JA',47001,58298,125400
'14JA',47001,58298,130800
'14JA',47001,58298,132200
'14JA',47001,58298,133600
'14JA',47001,58298,140400
'14JA',47001,60288,52200
'14JA',47001,60288,55500
'14JA',47001,60288,62900
'14JA',47001,60288,70300
'14JA',47001,60288,73500
'14JA',47001,60288,80300
'14JA',47001,60288,82200
'14JA',47001,60288,84200
'14JA',47001,60288,85800
'14JA',47001,60288,91500
'14JA',47001,60288,93300
'14JA',47001,60288,95100
'14JA',47001,60288,100900
'14JA',47001,60288,102600
'14JA',47001,60288,104200
'14JA',47001,60288,105900
'14JA',47001,60288,111600
'14JA',47001,60288,113700
'14JA',47001,60288,120000
'14JA',47001,60288,122100
'14JA',47001,60288,123300
'14JA',47001,60288,124500
'14JA',47001,60288,125700
'14JA',47001,60288,130900
'14JA',47001,60288,132000
'14JA',47001,60288,133100
'14JA',47001,60288,134400
'14JA',47001,60288,135800
'14JA',47001,60288,141200
'14JA',47001,60288,142600
'14JA',47001,60288,143900
'14JA',47001,60288,145400
'14JA',47001,60288,150900
'14JA',47001,60288,152400
'14JA',47001,60288,153900
'14JA',47001,60288,155500
'14JA',47001,60288,160800
'14JA',47001,60288,162300
'14JA',47001,60288,163400
'14JA',47001,60288,164500
'14JA',47001,60288,165500
'14JA',47001,60288,170500
'14JA',47001,60288,171500
'14JA',47001,60288,172400
'14JA',47001,60288,173400
'14JA',47001,60288,174400
'14JA',47001,60288,175500
'14JA',47001,60288,180600
'14JA',47001,60288,181700
'14JA',47001,60288,183100
'14JA',47001,60288,185100
'14JA',47001,60288,191200
'14JA',47001,60288,193400
'14JA',47001,60288,195400
'14JA',47001,60288,201500
'14JA',47001,60288,203700
'14JA',47001,60288,205900
'14JA',47001,60288,212200
'14JA',47001,60288,215200
'14JA',47001,60288,222200
'14JA',47001,60288,225200
'14JA',47001,60288,232200
'14JA',47001,60288,235200
'14JA',47001,60288,242200
'14JA',47001,60288,245300
'14JA',47001,60414,43900
'14JA',47001,60414,51200
'14JA',47001,60414,54600
'14JA',47001,60414,62000
'14JA',47001,60414,65200
'14JA',47001,60414,72000
'14JA',47001,60414,73900
'14JA',47001,60414,75700
'14JA',47001,60414,81400
'14JA',47001,60414,83100
'14JA',47001,60414,84800
'14JA',47001,60414,90600
'14JA',47001,60414,92400
'14JA',47001,60414,94100
'14JA',47001,60414,95700
'14JA',47001,60414,101400
'14JA',47001,60414,103100
'14JA',47001,60414,105100
'14JA',47001,60414,111200
'14JA',47001,60414,113200
'14JA',47001,60414,114400
'14JA',47001,60414,115600
'14JA',47001,60414,120800
'14JA',47001,60414,122000
'14JA',47001,60414,123100
'14JA',47001,60414,124200
'14JA',47001,60414,125500
'14JA',47001,60414,130900
'14JA',47001,60414,132300
'14JA',47001,60414,133700
'14JA',47001,60414,140500
'14JA',47001,60414,155700
'14JA',47001,60414,161700
'14JA',47001,60414,162700
'14JA',47001,60414,182400
'14JA',47001,60414,201400
'14JA',47001,60414,203700
'14JA',47001,60414,210700
'14JA',47001,60414,213700
'14JA',47001,60414,220700
'14JA',47001,60414,223700
'14JA',47001,60414,230700
'14JA',47001,60414,233700
'14JA',47001,60414,240800
'14JA',47001,60536,45000
'14JA',47001,60536,52300
'14JA',47001,60536,55700
'14JA',47001,60536,63100
'14JA',47001,60536,70300
'14JA',47001,60536,73100
'14JA',47001,60536,75000
'14JA',47001,60536,80800
'14JA',47001,60536,82500
'14JA',47001,60536,84200
'14JA',47001,60536,90000
'14JA',47001,60536,91800
'14JA',47001,60536,93600
'14JA',47001,60536,95300
'14JA',47001,60536,100900
'14JA',47001,60536,102600
'14JA',47001,60536,104300
'14JA',47001,60536,110300
'14JA',47001,60536,112400
'14JA',47001,60536,114400
'14JA',47001,60536,115600
'14JA',47001,60536,120800
'14JA',47001,60536,122000
'14JA',47001,60536,123200
'14JA',47001,60536,124300
'14JA',47001,60536,125400
'14JA',47001,60536,130700
'14JA',47001,60536,132100
'14JA',47001,60536,133500
'14JA',47001,60536,134900
'14JA',47001,60536,140200
'14JA',47001,60536,141700
'14JA',47001,60536,143200
'14JA',47001,60536,144700
'14JA',47001,60536,150200
'14JA',47001,60536,151800
'14JA',47001,60536,153200
'14JA',47001,60536,154700
'14JA',47001,60536,155800
'14JA',47001,60536,160900
'14JA',47001,60536,161900
'14JA',47001,60536,162900
'14JA',47001,60536,163900
'14JA',47001,60536,164800
'14JA',47001,60536,165800
'14JA',47001,60536,170800
'14JA',47001,60536,171900
'14JA',47001,60536,173000
'14JA',47001,60536,174100
'14JA',47001,60536,175500
'14JA',47001,60536,181500
'14JA',47001,60536,183600
'14JA',47001,60536,185800
'14JA',47001,60536,192000
'14JA',47001,60536,194100
'14JA',47001,60536,200300
'14JA',47001,60536,202500
'14JA',47001,60536,204800
'14JA',47001,60536,211800
'14JA',47001,60536,214800
'14JA',47001,60536,221800
'14JA',47001,60536,224800
'14JA',47001,60536,231800
'14JA',47001,60536,234800
'14JA',47001,60536,241900
'14JA',47001,61254,135000
'14JA',47001,61254,142000
'14JA',47001,61254,143500
'14JA',47001,61254,145000
'14JA',47001,61254,150600
'14JA',47001,61254,152000
'14JA',47001,61254,153500
'14JA',47001,61254,154600
'14JA',47001,61254,160700
'14JA',47001,61254,163600
'14JA',47001,61254,164600
'14JA',47001,61254,165600
'14JA',47001,61254,170700
'14JA',47001,61254,171800
'14JA',47001,61254,172900
'14JA',47001,61254,174300
'14JA',47001,61254,180300
'14JA',47001,61254,184600
'14JA',47001,61254,190800
'14JA',47001,61254,193000
'14JA',47001,61254,195200
'14JA',47001,61312,134900
'14JA',47001,61312,141900
'14JA',47001,61312,144900
'14JA',47001,61312,150500
'14JA',47001,61312,153400
'14JA',47001,61312,160600
'14JA',47001,61312,163500
'14JA',47001,61312,165500
'14JA',47001,61312,171700
'14JA',47001,61312,174200
'14JA',47001,61312,180200
'14JA',47001,61312,184500
'14JA',47001,61312,190700
'14JA',47001,61312,192900
'14JA',47001,61312,195100
'14JA',47002,57826,55300
'14JA',47002,57826,62400
'14JA',47002,57826,65300
'14JA',47002,57826,72300
'14JA',47002,57826,75300
'14JA',47002,57826,81500
'14JA',47002,57826,83600
'14JA',47002,57826,85700
'14JA',47002,57826,91800
'14JA',47002,57826,94000
'14JA',47002,57826,100200
'14JA',47002,57826,102100
'14JA',47002,57826,104000
'14JA',47002,57826,105900
'14JA',47002,57826,111800
'14JA',47002,57826,113700
'14JA',47002,57826,115700
'14JA',47002,57826,121700
'14JA',47002,57826,123600
'14JA',47002,57826,125300
'14JA',47002,57826,130800
'14JA',47002,57826,132300
'14JA',47002,57826,133800
'14JA',47002,57826,135300
'14JA',47002,57826,140500
'14JA',47002,57826,141700
'14JA',47002,57826,142900
'14JA',47002,57826,144100
'14JA',47002,57826,145500
'14JA',47002,57826,150900
'14JA',47002,57826,152300
'14JA',47002,57826,153800
'14JA',47002,57826,155300
'14JA',47002,57826,160500
'14JA',47002,57826,161700
'14JA',47002,57826,162900
'14JA',47002,57826,164100
'14JA',47002,57826,165300
'14JA',47002,57826,170500
'14JA',47002,57826,171700
'14JA',47002,57826,172900
'14JA',47002,57826,174100
'14JA',47002,57826,175300
'14JA',47002,57826,180500
'14JA',47002,57826,181700
'14JA',47002,57826,182900
'14JA',47002,57826,184100
'14JA',47002,57826,185300
'14JA',47002,57826,190600
'14JA',47002,57826,191900
'14JA',47002,57826,193500
'14JA',47002,57826,195300
'14JA',47002,57826,201300
'14JA',47002,57826,203500
'14JA',47002,57826,210000
'14JA',47002,57826,212800
'14JA',47002,57826,215700
'14JA',47002,57826,222600
'14JA',47002,57826,225500
'14JA',47002,57826,232100
'14JA',47002,57826,234600
'14JA',47002,57826,241000
'14JA',47002,57826,243400
'14JA',47002,57826,250000
'14JA',47002,57826,252700
'14JA',47002,57826,255400
'14JA',47002,57826,262000
'14JA',47002,57834,55600
'14JA',47002,57834,62700
'14JA',47002,57834,65600
'14JA',47002,57834,72600
'14JA',47002,57834,75600
'14JA',47002,57834,81800
'14JA',47002,57834,83900
'14JA',47002,57834,90000
'14JA',47002,57834,92100
'14JA',47002,57834,94300
'14JA',47002,57834,100500
'14JA',47002,57834,102400
'14JA',47002,57834,104300
'14JA',47002,57834,110200
'14JA',47002,57834,112100
'14JA',47002,57834,114000
'14JA',47002,57834,120000
'14JA',47002,57834,122000
'14JA',47002,57834,123900
'14JA',47002,57834,125600
'14JA',47002,57834,131100
'14JA',47002,57834,132600
'14JA',47002,57834,134100
'14JA',47002,57834,135600
'14JA',47002,57834,140800
'14JA',47002,57834,142000
'14JA',47002,57834,143300
'14JA',47002,57834,144500
'14JA',47002,57834,145900
'14JA',47002,57834,151300
'14JA',47002,57834,152700
'14JA',47002,57834,154200
'14JA',47002,57834,155700
'14JA',47002,57834,160900
'14JA',47002,57834,162100
'14JA',47002,57834,163300
'14JA',47002,57834,164500
'14JA',47002,57834,165700
'14JA',47002,57834,170900
'14JA',47002,57834,172100
'14JA',47002,57834,173200
'14JA',47002,57834,174400
'14JA',47002,57834,175600
'14JA',47002,57834,180800
'14JA',47002,57834,182000
'14JA',47002,57834,183200
'14JA',47002,57834,184400
'14JA',47002,57834,185600
'14JA',47002,57834,190900
'14JA',47002,57834,192200
'14JA',47002,57834,193800
'14JA',47002,57834,195600
'14JA',47002,57834,201600
'14JA',47002,57834,203800
'14JA',47002,57834,210300
'14JA',47002,57834,213100
'14JA',47002,57834,220000
'14JA',47002,57834,222900
'14JA',47002,57834,225800
'14JA',47002,57834,232400
'14JA',47002,57834,234900
'14JA',47002,57834,241300
'14JA',47002,57834,243700
'14JA',47002,57834,250300
'14JA',47002,57834,253000
'14JA',47002,57834,255700
'14JA',47002,57834,262300
'14JA',47002,57852,55900
'14JA',47002,57852,63000
'14JA',47002,57852,65900
'14JA',47002,57852,72900
'14JA',47002,57852,75900
'14JA',47002,57852,82100
'14JA',47002,57852,84200
'14JA',47002,57852,90300
'14JA',47002,57852,92400
'14JA',47002,57852,94600
'14JA',47002,57852,100800
'14JA',47002,57852,102700
'14JA',47002,57852,104600
'14JA',47002,57852,110500
'14JA',47002,57852,112400
'14JA',47002,57852,114300
'14JA',47002,57852,120300
'14JA',47002,57852,122300
'14JA',47002,57852,124200
'14JA',47002,57852,125900
'14JA',47002,57852,131400
'14JA',47002,57852,132900
'14JA',47002,57852,134400
'14JA',47002,57852,135900
'14JA',47002,57852,141100
'14JA',47002,57852,142300
'14JA',47002,57852,143600
'14JA',47002,57852,144800
'14JA',47002,57852,150200
'14JA',47002,57852,151600
'14JA',47002,57852,153000
'14JA',47002,57852,154500
'14JA',47002,57852,160000
'14JA',47002,57852,161200
'14JA',47002,57852,162400
'14JA',47002,57852,163600
'14JA',47002,57852,164800
'14JA',47002,57852,170000
'14JA',47002,57852,171200
'14JA',47002,57852,172400
'14JA',47002,57852,173500
'14JA',47002,57852,174700
'14JA',47002,57852,175900
'14JA',47002,57852,181100
'14JA',47002,57852,182300
'14JA',47002,57852,183500
'14JA',47002,57852,184700
'14JA',47002,57852,185900
'14JA',47002,57852,191200
'14JA',47002,57852,192500
'14JA',47002,57852,194100
'14JA',47002,57852,195900
'14JA',47002,57852,201900
'14JA',47002,57852,204100
'14JA',47002,57852,210600
'14JA',47002,57852,213400
'14JA',47002,57852,220300
'14JA',47002,57852,223200
'14JA',47002,57852,230100
'14JA',47002,57852,232700
'14JA',47002,57852,235200
'14JA',47002,57852,241600
'14JA',47002,57852,244000
'14JA',47002,57852,250600
'14JA',47002,57852,253300
'14JA',47002,57852,260000
'14JA',47002,57852,262600
'14JA',47002,57854,55700
'14JA',47002,57854,62800
'14JA',47002,57854,65700
'14JA',47002,57854,72700
'14JA',47002,57854,75700
'14JA',47002,57854,81900
'14JA',47002,57854,84000
'14JA',47002,57854,90100
'14JA',47002,57854,92200
'14JA',47002,57854,94400
'14JA',47002,57854,100600
'14JA',47002,57854,102600
'14JA',47002,57854,104500
'14JA',47002,57854,110400
'14JA',47002,57854,112300
'14JA',47002,57854,114200
'14JA',47002,57854,120200
'14JA',47002,57854,122200
'14JA',47002,57854,124100
'14JA',47002,57854,125800
'14JA',47002,57854,131300
'14JA',47002,57854,132800
'14JA',47002,57854,134300
'14JA',47002,57854,135800
'14JA',47002,57854,141000
'14JA',47002,57854,142200
'14JA',47002,57854,143400
'14JA',47002,57854,144600
'14JA',47002,57854,150000
'14JA',47002,57854,151400
'14JA',47002,57854,152800
'14JA',47002,57854,154300
'14JA',47002,57854,155800
'14JA',47002,57854,161000
'14JA',47002,57854,162200
'14JA',47002,57854,163400
'14JA',47002,57854,164600
'14JA',47002,57854,165800
'14JA',47002,57854,171000
'14JA',47002,57854,172200
'14JA',47002,57854,173300
'14JA',47002,57854,174500
'14JA',47002,57854,175700
'14JA',47002,57854,180900
'14JA',47002,57854,182100
'14JA',47002,57854,183300
'14JA',47002,57854,184500
'14JA',47002,57854,185700
'14JA',47002,57854,191000
'14JA',47002,57854,192300
'14JA',47002,57854,193900
'14JA',47002,57854,195700
'14JA',47002,57854,201700
'14JA',47002,57854,203900
'14JA',47002,57854,210400
'14JA',47002,57854,213200
'14JA',47002,57854,220100
'14JA',47002,57854,223000
'14JA',47002,57854,225900
'14JA',47002,57854,232500
'14JA',47002,57854,235000
'14JA',47002,57854,241400
'14JA',47002,57854,243800
'14JA',47002,57854,250400
'14JA',47002,57854,253100
'14JA',47002,57854,255800
'14JA',47002,57854,262400
'14JA',47002,57981,55500
'14JA',47002,57981,62600
'14JA',47002,57981,65500
'14JA',47002,57981,72500
'14JA',47002,57981,75500
'14JA',47002,57981,81700
'14JA',47002,57981,83800
'14JA',47002,57981,85900
'14JA',47002,57981,92000
'14JA',47002,57981,94200
'14JA',47002,57981,100400
'14JA',47002,57981,102400
'14JA',47002,57981,104300
'14JA',47002,57981,110200
'14JA',47002,57981,112100
'14JA',47002,57981,114000
'14JA',47002,57981,120000
'14JA',47002,57981,122000
'14JA',47002,57981,123900
'14JA',47002,57981,125600
'14JA',47002,57981,131100
'14JA',47002,57981,132600
'14JA',47002,57981,134100
'14JA',47002,57981,135600
'14JA',47002,57981,140800
'14JA',47002,57981,142000
'14JA',47002,57981,143200
'14JA',47002,57981,144400
'14JA',47002,57981,145800
'14JA',47002,57981,151200
'14JA',47002,57981,152600
'14JA',47002,57981,154100
'14JA',47002,57981,155600
'14JA',47002,57981,160800
'14JA',47002,57981,162000
'14JA',47002,57981,163200
'14JA',47002,57981,164400
'14JA',47002,57981,165600
'14JA',47002,57981,170800
'14JA',47002,57981,172000
'14JA',47002,57981,173100
'14JA',47002,57981,174300
'14JA',47002,57981,175500
'14JA',47002,57981,180700
'14JA',47002,57981,181900
'14JA',47002,57981,183100
'14JA',47002,57981,184300
'14JA',47002,57981,185500
'14JA',47002,57981,190800
'14JA',47002,57981,192100
'14JA',47002,57981,193700
'14JA',47002,57981,195500
'14JA',47002,57981,201500
'14JA',47002,57981,203700
'14JA',47002,57981,210200
'14JA',47002,57981,213000
'14JA',47002,57981,215900
'14JA',47002,57981,222800
'14JA',47002,57981,225700
'14JA',47002,57981,232300
'14JA',47002,57981,234800
'14JA',47002,57981,241200
'14JA',47002,57981,243600
'14JA',47002,57981,250200
'14JA',47002,57981,252900
'14JA',47002,57981,255600
'14JA',47002,57981,262200
'14JA',47002,57994,60000
'14JA',47002,57994,63100
'14JA',47002,57994,70000
'14JA',47002,57994,73000
'14JA',47002,57994,80000
'14JA',47002,57994,82200
'14JA',47002,57994,84300
'14JA',47002,57994,90400
'14JA',47002,57994,92500
'14JA',47002,57994,94700
'14JA',47002,57994,100900
'14JA',47002,57994,102900
'14JA',47002,57994,104800
'14JA',47002,57994,110700
'14JA',47002,57994,112600
'14JA',47002,57994,114500
'14JA',47002,57994,120500
'14JA',47002,57994,122500
'14JA',47002,57994,124400
'14JA',47002,57994,130100
'14JA',47002,57994,131600
'14JA',47002,57994,133100
'14JA',47002,57994,134600
'14JA',47002,57994,140100
'14JA',47002,57994,141300
'14JA',47002,57994,142500
'14JA',47002,57994,143800
'14JA',47002,57994,145000
'14JA',47002,57994,150400
'14JA',47002,57994,151800
'14JA',47002,57994,153200
'14JA',47002,57994,154700
'14JA',47002,57994,160200
'14JA',47002,57994,161400
'14JA',47002,57994,162600
'14JA',47002,57994,163800
'14JA',47002,57994,165000
'14JA',47002,57994,170200
'14JA',47002,57994,171400
'14JA',47002,57994,172600
'14JA',47002,57994,173600
'14JA',47002,57994,174800
'14JA',47002,57994,180000
'14JA',47002,57994,181200
'14JA',47002,57994,182400
'14JA',47002,57994,183600
'14JA',47002,57994,184800
'14JA',47002,57994,190000
'14JA',47002,57994,191300
'14JA',47002,57994,192600
'14JA',47002,57994,194200
'14JA',47002,57994,200000
'14JA',47002,57994,202000
'14JA',47002,57994,204200
'14JA',47002,57994,210700
'14JA',47002,57994,213500
'14JA',47002,57994,220400
'14JA',47002,57994,223300
'14JA',47002,57994,230200
'14JA',47002,57994,232800
'14JA',47002,57994,235300
'14JA',47002,57994,241700
'14JA',47002,57994,244100
'14JA',47002,57994,250700
'14JA',47002,57994,253400
'14JA',47002,57994,260100
'14JA',47002,57994,262700
'14JA',47002,58089,61100
'14JA',47002,58089,64200
'14JA',47002,58089,71100
'14JA',47002,58089,74100
'14JA',47002,58089,81100
'14JA',47002,58089,83300
'14JA',47002,58089,85400
'14JA',47002,58089,91500
'14JA',47002,58089,93600
'14JA',47002,58089,95800
'14JA',47002,58089,102000
'14JA',47002,58089,104000
'14JA',47002,58089,105900
'14JA',47002,58089,111800
'14JA',47002,58089,113800
'14JA',47002,58089,115700
'14JA',47002,58089,121700
'14JA',47002,58089,123700
'14JA',47002,58089,125600
'14JA',47002,58089,131300
'14JA',47002,58089,132800
'14JA',47002,58089,134300
'14JA',47002,58089,135800
'14JA',47002,58089,141300
'14JA',47002,58089,142500
'14JA',47002,58089,143700
'14JA',47002,58089,145000
'14JA',47002,58089,150200
'14JA',47002,58089,151600
'14JA',47002,58089,153000
'14JA',47002,58089,154400
'14JA',47002,58089,155900
'14JA',47002,58089,161400
'14JA',47002,58089,162600
'14JA',47002,58089,163800
'14JA',47002,58089,165000
'14JA',47002,58089,170200
'14JA',47002,58089,171400
'14JA',47002,58089,172600
'14JA',47002,58089,173800
'14JA',47002,58089,174800
'14JA',47002,58089,180000
'14JA',47002,58089,181200
'14JA',47002,58089,182400
'14JA',47002,58089,183600
'14JA',47002,58089,184800
'14JA',47002,58089,190000
'14JA',47002,58089,191200
'14JA',47002,58089,192500
'14JA',47002,58089,193800
'14JA',47002,58089,195400
'14JA',47002,58089,201200
'14JA',47002,58089,203200
'14JA',47002,58089,205400
'14JA',47002,58089,211900
'14JA',47002,58089,214700
'14JA',47002,58089,221600
'14JA',47002,58089,224500
'14JA',47002,58089,231400
'14JA',47002,58089,234000
'14JA',47002,58089,240500
'14JA',47002,58089,242900
'14JA',47002,58089,245300
'14JA',47002,58089,251900
'14JA',47002,58089,254600
'14JA',47002,58089,261300
'14JA',47002,58089,263900
'14JA',47002,58093,60900
'14JA',47002,58093,64000
'14JA',47002,58093,70900
'14JA',47002,58093,73900
'14JA',47002,58093,80900
'14JA',47002,58093,83100
'14JA',47002,58093,85200
'14JA',47002,58093,91300
'14JA',47002,58093,93400
'14JA',47002,58093,95600
'14JA',47002,58093,101800
'14JA',47002,58093,103800
'14JA',47002,58093,105700
'14JA',47002,58093,111600
'14JA',47002,58093,113600
'14JA',47002,58093,115500
'14JA',47002,58093,121500
'14JA',47002,58093,123500
'14JA',47002,58093,125400
'14JA',47002,58093,131100
'14JA',47002,58093,132600
'14JA',47002,58093,134100
'14JA',47002,58093,135600
'14JA',47002,58093,141100
'14JA',47002,58093,142300
'14JA',47002,58093,143500
'14JA',47002,58093,144800
'14JA',47002,58093,150000
'14JA',47002,58093,151400
'14JA',47002,58093,152800
'14JA',47002,58093,154200
'14JA',47002,58093,155700
'14JA',47002,58093,161200
'14JA',47002,58093,162400
'14JA',47002,58093,163600
'14JA',47002,58093,164800
'14JA',47002,58093,170000
'14JA',47002,58093,171200
'14JA',47002,58093,172400
'14JA',47002,58093,173600
'14JA',47002,58093,174600
'14JA',47002,58093,175800
'14JA',47002,58093,181000
'14JA',47002,58093,182200
'14JA',47002,58093,183400
'14JA',47002,58093,184600
'14JA',47002,58093,185800
'14JA',47002,58093,191000
'14JA',47002,58093,192300
'14JA',47002,58093,193600
'14JA',47002,58093,195200
'14JA',47002,58093,201000
'14JA',47002,58093,203000
'14JA',47002,58093,205200
'14JA',47002,58093,211700
'14JA',47002,58093,214500
'14JA',47002,58093,221400
'14JA',47002,58093,224300
'14JA',47002,58093,231200
'14JA',47002,58093,233800
'14JA',47002,58093,240300
'14JA',47002,58093,242700
'14JA',47002,58093,245100
'14JA',47002,58093,251700
'14JA',47002,58093,254400
'14JA',47002,58093,261100
'14JA',47002,58093,263700
'14JA',47002,58103,60700
'14JA',47002,58103,63800
'14JA',47002,58103,70700
'14JA',47002,58103,73700
'14JA',47002,58103,80700
'14JA',47002,58103,82900
'14JA',47002,58103,85000
'14JA',47002,58103,91100
'14JA',47002,58103,93200
'14JA',47002,58103,95400
'14JA',47002,58103,101600
'14JA',47002,58103,103600
'14JA',47002,58103,105500
'14JA',47002,58103,111400
'14JA',47002,58103,113400
'14JA',47002,58103,115300
'14JA',47002,58103,121300
'14JA',47002,58103,123300
'14JA',47002,58103,125200
'14JA',47002,58103,130900
'14JA',47002,58103,132400
'14JA',47002,58103,133900
'14JA',47002,58103,135400
'14JA',47002,58103,140900
'14JA',47002,58103,142100
'14JA',47002,58103,143300
'14JA',47002,58103,144600
'14JA',47002,58103,145800
'14JA',47002,58103,151200
'14JA',47002,58103,152600
'14JA',47002,58103,154000
'14JA',47002,58103,155500
'14JA',47002,58103,161000
'14JA',47002,58103,162200
'14JA',47002,58103,163400
'14JA',47002,58103,164600
'14JA',47002,58103,165800
'14JA',47002,58103,171000
'14JA',47002,58103,172200
'14JA',47002,58103,173400
'14JA',47002,58103,174400
'14JA',47002,58103,175600
'14JA',47002,58103,180800
'14JA',47002,58103,182000
'14JA',47002,58103,183200
'14JA',47002,58103,184400
'14JA',47002,58103,185600
'14JA',47002,58103,190800
'14JA',47002,58103,192100
'14JA',47002,58103,193400
'14JA',47002,58103,195000
'14JA',47002,58103,200800
'14JA',47002,58103,202800
'14JA',47002,58103,205000
'14JA',47002,58103,211500
'14JA',47002,58103,214300
'14JA',47002,58103,221200
'14JA',47002,58103,224100
'14JA',47002,58103,231000
'14JA',47002,58103,233600
'14JA',47002,58103,240100
'14JA',47002,58103,242500
'14JA',47002,58103,244900
'14JA',47002,58103,251500
'14JA',47002,58103,254200
'14JA',47002,58103,260900
'14JA',47002,58103,263500
'14JA',47002,58118,60600
'14JA',47002,58118,63700
'14JA',47002,58118,70600
'14JA',47002,58118,73600
'14JA',47002,58118,80600
'14JA',47002,58118,82800
'14JA',47002,58118,84900
'14JA',47002,58118,91000
'14JA',47002,58118,93100
'14JA',47002,58118,95300
'14JA',47002,58118,101500
'14JA',47002,58118,103500
'14JA',47002,58118,105400
'14JA',47002,58118,111300
'14JA',47002,58118,113200
'14JA',47002,58118,115100
'14JA',47002,58118,121100
'14JA',47002,58118,123100
'14JA',47002,58118,125000
'14JA',47002,58118,130700
'14JA',47002,58118,132200
'14JA',47002,58118,133700
'14JA',47002,58118,135200
'14JA',47002,58118,140700
'14JA',47002,58118,141900
'14JA',47002,58118,143100
'14JA',47002,58118,144400
'14JA',47002,58118,145600
'14JA',47002,58118,151000
'14JA',47002,58118,152400
'14JA',47002,58118,153800
'14JA',47002,58118,155300
'14JA',47002,58118,160800
'14JA',47002,58118,162000
'14JA',47002,58118,163200
'14JA',47002,58118,164400
'14JA',47002,58118,165600
'14JA',47002,58118,170800
'14JA',47002,58118,172000
'14JA',47002,58118,173200
'14JA',47002,58118,174200
'14JA',47002,58118,175400
'14JA',47002,58118,180600
'14JA',47002,58118,181800
'14JA',47002,58118,183000
'14JA',47002,58118,184200
'14JA',47002,58118,185400
'14JA',47002,58118,190600
'14JA',47002,58118,191900
'14JA',47002,58118,193200
'14JA',47002,58118,194800
'14JA',47002,58118,200600
'14JA',47002,58118,202600
'14JA',47002,58118,204800
'14JA',47002,58118,211300
'14JA',47002,58118,214100
'14JA',47002,58118,221000
'14JA',47002,58118,223900
'14JA',47002,58118,230800
'14JA',47002,58118,233400
'14JA',47002,58118,235900
'14JA',47002,58118,242300
'14JA',47002,58118,244700
'14JA',47002,58118,251300
'14JA',47002,58118,254000
'14JA',47002,58118,260700
'14JA',47002,58118,263300
'14JA',47002,58124,60500
'14JA',47002,58124,63600
'14JA',47002,58124,70500
'14JA',47002,58124,73500
'14JA',47002,58124,80500
'14JA',47002,58124,82700
'14JA',47002,58124,84800
'14JA',47002,58124,90900
'14JA',47002,58124,93000
'14JA',47002,58124,95200
'14JA',47002,58124,101400
'14JA',47002,58124,103400
'14JA',47002,58124,105300
'14JA',47002,58124,111200
'14JA',47002,58124,113200
'14JA',47002,58124,115100
'14JA',47002,58124,121100
'14JA',47002,58124,123100
'14JA',47002,58124,125000
'14JA',47002,58124,130700
'14JA',47002,58124,132200
'14JA',47002,58124,133700
'14JA',47002,58124,135200
'14JA',47002,58124,140700
'14JA',47002,58124,141900
'14JA',47002,58124,143100
'14JA',47002,58124,144400
'14JA',47002,58124,145600
'14JA',47002,58124,151000
'14JA',47002,58124,152400
'14JA',47002,58124,153800
'14JA',47002,58124,155300
'14JA',47002,58124,160800
'14JA',47002,58124,162000
'14JA',47002,58124,163200
'14JA',47002,58124,164400
'14JA',47002,58124,165600
'14JA',47002,58124,170800
'14JA',47002,58124,172000
'14JA',47002,58124,173200
'14JA',47002,58124,174200
'14JA',47002,58124,175400
'14JA',47002,58124,180600
'14JA',47002,58124,181800
'14JA',47002,58124,183000
'14JA',47002,58124,184200
'14JA',47002,58124,185400
'14JA',47002,58124,190600
'14JA',47002,58124,191900
'14JA',47002,58124,193200
'14JA',47002,58124,194800
'14JA',47002,58124,200600
'14JA',47002,58124,202600
'14JA',47002,58124,204800
'14JA',47002,58124,211300
'14JA',47002,58124,214100
'14JA',47002,58124,221000
'14JA',47002,58124,223900
'14JA',47002,58124,230800
'14JA',47002,58124,233400
'14JA',47002,58124,235900
'14JA',47002,58124,242300
'14JA',47002,58124,244700
'14JA',47002,58124,251300
'14JA',47002,58124,254000
'14JA',47002,58124,260700
'14JA',47002,58124,263300
'14JA',47002,58137,60300
'14JA',47002,58137,63400
'14JA',47002,58137,70300
'14JA',47002,58137,73300
'14JA',47002,58137,80300
'14JA',47002,58137,82500
'14JA',47002,58137,84600
'14JA',47002,58137,90700
'14JA',47002,58137,92800
'14JA',47002,58137,95000
'14JA',47002,58137,101200
'14JA',47002,58137,103200
'14JA',47002,58137,105100
'14JA',47002,58137,111000
'14JA',47002,58137,112900
'14JA',47002,58137,114800
'14JA',47002,58137,120800
'14JA',47002,58137,122800
'14JA',47002,58137,124700
'14JA',47002,58137,130400
'14JA',47002,58137,131900
'14JA',47002,58137,133400
'14JA',47002,58137,134900
'14JA',47002,58137,140400
'14JA',47002,58137,141600
'14JA',47002,58137,142800
'14JA',47002,58137,144100
'14JA',47002,58137,145300
'14JA',47002,58137,150700
'14JA',47002,58137,152100
'14JA',47002,58137,153500
'14JA',47002,58137,155000
'14JA',47002,58137,160500
'14JA',47002,58137,161700
'14JA',47002,58137,162900
'14JA',47002,58137,164100
'14JA',47002,58137,165300
'14JA',47002,58137,170500
'14JA',47002,58137,171700
'14JA',47002,58137,172900
'14JA',47002,58137,173900
'14JA',47002,58137,175100
'14JA',47002,58137,180300
'14JA',47002,58137,181500
'14JA',47002,58137,182700
'14JA',47002,58137,183900
'14JA',47002,58137,185100
'14JA',47002,58137,190300
'14JA',47002,58137,191600
'14JA',47002,58137,192900
'14JA',47002,58137,194500
'14JA',47002,58137,200300
'14JA',47002,58137,202300
'14JA',47002,58137,204500
'14JA',47002,58137,211000
'14JA',47002,58137,213800
'14JA',47002,58137,220700
'14JA',47002,58137,223600
'14JA',47002,58137,230500
'14JA',47002,58137,233100
'14JA',47002,58137,235600
'14JA',47002,58137,242000
'14JA',47002,58137,244400
'14JA',47002,58137,251000
'14JA',47002,58137,253700
'14JA',47002,58137,260400
'14JA',47002,58137,263000
'14JA',47002,58147,60100
'14JA',47002,58147,63200
'14JA',47002,58147,70100
'14JA',47002,58147,73100
'14JA',47002,58147,80100
'14JA',47002,58147,82300
'14JA',47002,58147,84400
'14JA',47002,58147,90500
'14JA',47002,58147,92600
'14JA',47002,58147,94800
'14JA',47002,58147,101000
'14JA',47002,58147,103000
'14JA',47002,58147,104900
'14JA',47002,58147,110800
'14JA',47002,58147,112700
'14JA',47002,58147,114600
'14JA',47002,58147,120600
'14JA',47002,58147,122600
'14JA',47002,58147,124500
'14JA',47002,58147,130200
'14JA',47002,58147,131700
'14JA',47002,58147,133200
'14JA',47002,58147,134700
'14JA',47002,58147,140200
'14JA',47002,58147,141400
'14JA',47002,58147,142600
'14JA',47002,58147,143900
'14JA',47002,58147,145100
'14JA',47002,58147,150500
'14JA',47002,58147,151900
'14JA',47002,58147,153300
'14JA',47002,58147,154800
'14JA',47002,58147,160300
'14JA',47002,58147,161500
'14JA',47002,58147,162700
'14JA',47002,58147,163900
'14JA',47002,58147,165100
'14JA',47002,58147,170300
'14JA',47002,58147,171500
'14JA',47002,58147,172700
'14JA',47002,58147,173700
'14JA',47002,58147,174900
'14JA',47002,58147,180100
'14JA',47002,58147,181300
'14JA',47002,58147,182500
'14JA',47002,58147,183700
'14JA',47002,58147,184900
'14JA',47002,58147,190100
'14JA',47002,58147,191400
'14JA',47002,58147,192700
'14JA',47002,58147,194300
'14JA',47002,58147,200100
'14JA',47002,58147,202100
'14JA',47002,58147,204300
'14JA',47002,58147,210800
'14JA',47002,58147,213600
'14JA',47002,58147,220500
'14JA',47002,58147,223400
'14JA',47002,58147,230300
'14JA',47002,58147,232900
'14JA',47002,58147,235400
'14JA',47002,58147,241800
'14JA',47002,58147,244200
'14JA',47002,58147,250800
'14JA',47002,58147,253500
'14JA',47002,58147,260200
'14JA',47002,58147,262800
'14JA',47002,58240,61200
'14JA',47002,58240,64300
'14JA',47002,58240,71200
'14JA',47002,58240,74200
'14JA',47002,58240,81200
'14JA',47002,58240,83400
'14JA',47002,58240,85500
'14JA',47002,58240,91600
'14JA',47002,58240,93700
'14JA',47002,58240,95900
'14JA',47002,58240,102100
'14JA',47002,58240,104100
'14JA',47002,58240,110000
'14JA',47002,58240,111900
'14JA',47002,58240,113900
'14JA',47002,58240,115800
'14JA',47002,58240,121800
'14JA',47002,58240,123800
'14JA',47002,58240,125700
'14JA',47002,58240,131400
'14JA',47002,58240,132900
'14JA',47002,58240,134400
'14JA',47002,58240,135900
'14JA',47002,58240,141400
'14JA',47002,58240,142600
'14JA',47002,58240,143800
'14JA',47002,58240,145100
'14JA',47002,58240,150300
'14JA',47002,58240,151700
'14JA',47002,58240,153100
'14JA',47002,58240,154500
'14JA',47002,58240,160000
'14JA',47002,58240,161500
'14JA',47002,58240,162700
'14JA',47002,58240,163900
'14JA',47002,58240,165100
'14JA',47002,58240,170300
'14JA',47002,58240,171500
'14JA',47002,58240,172700
'14JA',47002,58240,173900
'14JA',47002,58240,174900
'14JA',47002,58240,180100
'14JA',47002,58240,181300
'14JA',47002,58240,182500
'14JA',47002,58240,183700
'14JA',47002,58240,184900
'14JA',47002,58240,190100
'14JA',47002,58240,191300
'14JA',47002,58240,192600
'14JA',47002,58240,193900
'14JA',47002,58240,195500
'14JA',47002,58240,201300
'14JA',47002,58240,203300
'14JA',47002,58240,205500
'14JA',47002,58240,212000
'14JA',47002,58240,214800
'14JA',47002,58240,221700
'14JA',47002,58240,224600
'14JA',47002,58240,231500
'14JA',47002,58240,234100
'14JA',47002,58240,240600
'14JA',47002,58240,243000
'14JA',47002,58240,245400
'14JA',47002,58240,252000
'14JA',47002,58240,254700
'14JA',47002,58240,261400
'14JA',47002,58240,264000
'14JA',47002,58244,60400
'14JA',47002,58244,63500
'14JA',47002,58244,70400
'14JA',47002,58244,73400
'14JA',47002,58244,80400
'14JA',47002,58244,82600
'14JA',47002,58244,84700
'14JA',47002,58244,90800
'14JA',47002,58244,92900
'14JA',47002,58244,95100
'14JA',47002,58244,101300
'14JA',47002,58244,103300
'14JA',47002,58244,105200
'14JA',47002,58244,111100
'14JA',47002,58244,113000
'14JA',47002,58244,114900
'14JA',47002,58244,120900
'14JA',47002,58244,122900
'14JA',47002,58244,124800
'14JA',47002,58244,130500
'14JA',47002,58244,132000
'14JA',47002,58244,133500
'14JA',47002,58244,135000
'14JA',47002,58244,140500
'14JA',47002,58244,141700
'14JA',47002,58244,142900
'14JA',47002,58244,144200
'14JA',47002,58244,145400
'14JA',47002,58244,150800
'14JA',47002,58244,152200
'14JA',47002,58244,153600
'14JA',47002,58244,155100
'14JA',47002,58244,160600
'14JA',47002,58244,161800
'14JA',47002,58244,163000
'14JA',47002,58244,164200
'14JA',47002,58244,165400
'14JA',47002,58244,170600
'14JA',47002,58244,171800
'14JA',47002,58244,173000
'14JA',47002,58244,174000
'14JA',47002,58244,175200
'14JA',47002,58244,180400
'14JA',47002,58244,181600
'14JA',47002,58244,182800
'14JA',47002,58244,184000
'14JA',47002,58244,185200
'14JA',47002,58244,190400
'14JA',47002,58244,191700
'14JA',47002,58244,193000
'14JA',47002,58244,194600
'14JA',47002,58244,200400
'14JA',47002,58244,202400
'14JA',47002,58244,204600
'14JA',47002,58244,211100
'14JA',47002,58244,213900
'14JA',47002,58244,220800
'14JA',47002,58244,223700
'14JA',47002,58244,230600
'14JA',47002,58244,233200
'14JA',47002,58244,235700
'14JA',47002,58244,242100
'14JA',47002,58244,244500
'14JA',47002,58244,251100
'14JA',47002,58244,253800
'14JA',47002,58244,260500
'14JA',47002,58244,263100
'14JA',47002,58249,61300
'14JA',47002,58249,64400
'14JA',47002,58249,71300
'14JA',47002,58249,74300
'14JA',47002,58249,81300
'14JA',47002,58249,83500
'14JA',47002,58249,85600
'14JA',47002,58249,91700
'14JA',47002,58249,93900
'14JA',47002,58249,100100
'14JA',47002,58249,102300
'14JA',47002,58249,104300
'14JA',47002,58249,110200
'14JA',47002,58249,112100
'14JA',47002,58249,114100
'14JA',47002,58249,120000
'14JA',47002,58249,122000
'14JA',47002,58249,124000
'14JA',47002,58249,125900
'14JA',47002,58249,131600
'14JA',47002,58249,134600
'14JA',47002,58249,141600
'14JA',47002,58249,144000
'14JA',47002,58249,150500
'14JA',47002,58249,153300
'14JA',47002,58249,160200
'14JA',47002,58249,162900
'14JA',47002,58249,165300
'14JA',47002,58249,171700
'14JA',47002,58249,174100
'14JA',47002,58249,180300
'14JA',47002,58249,182700
'14JA',47002,58249,185100
'14JA',47002,58249,191500
'14JA',47002,58249,194100
'14JA',47002,58249,195700
'14JA',47002,58249,201500
'14JA',47002,58249,203500
'14JA',47002,58249,205700
'14JA',47002,58249,212200
'14JA',47002,58249,215000
'14JA',47002,58249,221900
'14JA',47002,58249,224800
'14JA',47002,58249,231700
'14JA',47002,58249,234300
'14JA',47002,58249,240800
'14JA',47002,58249,243200
'14JA',47002,58249,245600
'14JA',47002,58249,252200
'14JA',47002,58249,254900
'14JA',47002,58249,261600
'14JA',47002,58249,264200
'14JA',47002,58286,61400
'14JA',47002,58286,64500
'14JA',47002,58286,71400
'14JA',47002,58286,74400
'14JA',47002,58286,81400
'14JA',47002,58286,83600
'14JA',47002,58286,85700
'14JA',47002,58286,91800
'14JA',47002,58286,94000
'14JA',47002,58286,100200
'14JA',47002,58286,102400
'14JA',47002,58286,104400
'14JA',47002,58286,110300
'14JA',47002,58286,112200
'14JA',47002,58286,114200
'14JA',47002,58286,120100
'14JA',47002,58286,122100
'14JA',47002,58286,124100
'14JA',47002,58286,130000
'14JA',47002,58286,131700
'14JA',47002,58286,134700
'14JA',47002,58286,141700
'14JA',47002,58286,144100
'14JA',47002,58286,150600
'14JA',47002,58286,153400
'14JA',47002,58286,160300
'14JA',47002,58286,163000
'14JA',47002,58286,165400
'14JA',47002,58286,171800
'14JA',47002,58286,174200
'14JA',47002,58286,180400
'14JA',47002,58286,182800
'14JA',47002,58286,185200
'14JA',47002,58286,191600
'14JA',47002,58286,194200
'14JA',47002,58286,195800
'14JA',47002,58286,201600
'14JA',47002,58286,203600
'14JA',47002,58286,205800
'14JA',47002,58286,212300
'14JA',47002,58286,215100
'14JA',47002,58286,222000
'14JA',47002,58286,224900
'14JA',47002,58286,231800
'14JA',47002,58286,234400
'14JA',47002,58286,240900
'14JA',47002,58286,243300
'14JA',47002,58286,245700
'14JA',47002,58286,252300
'14JA',47002,58286,255000
'14JA',47002,58286,261700
'14JA',47002,58286,264300
'14JA',47002,58298,163100
'14JA',47002,58298,165500
'14JA',47002,58298,171900
'14JA',47002,58298,174300
'14JA',47002,58298,180500
'14JA',47002,58298,182900
'14JA',47002,58298,185300
'14JA',47002,58298,191700
'14JA',47002,58298,194300
'14JA',47002,58298,195900
'14JA',47002,58298,201700
'14JA',47002,58298,203700
'14JA',47002,58298,205900
'14JA',47002,58298,212400
'14JA',47002,58298,215200
'14JA',47002,58298,222100
'14JA',47002,58298,225000
'14JA',47002,58298,231900
'14JA',47002,58298,234500
'14JA',47002,58298,241000
'14JA',47002,58298,243400
'14JA',47002,58298,245800
'14JA',47002,58298,252400
'14JA',47002,58298,255100
'14JA',47002,58298,261800
'14JA',47002,58298,264400
'14JA',47002,60296,53000
'14JA',47002,60296,60100
'14JA',47002,60296,63000
'14JA',47002,60296,70000
'14JA',47002,60296,73000
'14JA',47002,60296,75200
'14JA',47002,60296,81300
'14JA',47002,60296,83400
'14JA',47002,60296,85500
'14JA',47002,60296,91700
'14JA',47002,60296,93900
'14JA',47002,60296,95800
'14JA',47002,60296,101700
'14JA',47002,60296,103600
'14JA',47002,60296,105500
'14JA',47002,60296,111400
'14JA',47002,60296,113400
'14JA',47002,60296,115400
'14JA',47002,60296,121300
'14JA',47002,60296,123000
'14JA',47002,60296,124500
'14JA',47002,60296,130000
'14JA',47002,60296,131500
'14JA',47002,60296,133000
'14JA',47002,60296,134200
'14JA',47002,60296,135400
'14JA',47002,60296,140600
'14JA',47002,60296,141800
'14JA',47002,60296,143200
'14JA',47002,60296,144600
'14JA',47002,60296,150000
'14JA',47002,60296,151500
'14JA',47002,60296,153000
'14JA',47002,60296,154200
'14JA',47002,60296,155400
'14JA',47002,60296,160600
'14JA',47002,60296,161800
'14JA',47002,60296,163000
'14JA',47002,60296,164200
'14JA',47002,60296,165400
'14JA',47002,60296,170600
'14JA',47002,60296,171800
'14JA',47002,60296,173000
'14JA',47002,60296,174200
'14JA',47002,60296,175400
'14JA',47002,60296,180600
'14JA',47002,60296,181800
'14JA',47002,60296,183000
'14JA',47002,60296,184300
'14JA',47002,60296,185600
'14JA',47002,60296,191200
'14JA',47002,60296,193000
'14JA',47002,60296,195000
'14JA',47002,60296,201200
'14JA',47002,60296,203700
'14JA',47002,60296,210500
'14JA',47002,60296,213400
'14JA',47002,60296,220300
'14JA',47002,60296,223200
'14JA',47002,60296,225800
'14JA',47002,60296,232300
'14JA',47002,60296,234700
'14JA',47002,60296,241100
'14JA',47002,60296,243700
'14JA',47002,60296,250400
'14JA',47002,60296,253100
'14JA',47002,60296,255800
'14JA',47002,60414,163200
'14JA',47002,60414,165600
'14JA',47002,60414,172000
'14JA',47002,60414,174400
'14JA',47002,60414,180600
'14JA',47002,60414,183000
'14JA',47002,60414,185400
'14JA',47002,60414,191800
'14JA',47002,60414,194400
'14JA',47002,60414,200000
'14JA',47002,60414,201800
'14JA',47002,60414,203800
'14JA',47002,60414,210000
'14JA',47002,60414,212500
'14JA',47002,60414,215300
'14JA',47002,60414,222200
'14JA',47002,60414,225100
'14JA',47002,60414,232000
'14JA',47002,60414,234600
'14JA',47002,60414,241100
'14JA',47002,60414,243500
'14JA',47002,60414,245900
'14JA',47002,60414,252500
'14JA',47002,60414,255200
'14JA',47002,60414,261900
'14JA',47002,60414,264500
'14JA',47002,60537,60200
'14JA',47002,60537,63300
'14JA',47002,60537,70200
'14JA',47002,60537,73200
'14JA',47002,60537,80200
'14JA',47002,60537,82400
'14JA',47002,60537,84500
'14JA',47002,60537,90600
'14JA',47002,60537,92700
'14JA',47002,60537,94900
'14JA',47002,60537,101100
'14JA',47002,60537,103100
'14JA',47002,60537,105000
'14JA',47002,60537,110900
'14JA',47002,60537,112800
'14JA',47002,60537,114700
'14JA',47002,60537,120700
'14JA',47002,60537,122700
'14JA',47002,60537,124600
'14JA',47002,60537,130300
'14JA',47002,60537,131800
'14JA',47002,60537,133300
'14JA',47002,60537,134800
'14JA',47002,60537,140300
'14JA',47002,60537,141500
'14JA',47002,60537,142700
'14JA',47002,60537,144000
'14JA',47002,60537,145200
'14JA',47002,60537,150600
'14JA',47002,60537,152000
'14JA',47002,60537,153400
'14JA',47002,60537,154900
'14JA',47002,60537,160400
'14JA',47002,60537,161600
'14JA',47002,60537,162800
'14JA',47002,60537,164000
'14JA',47002,60537,165200
'14JA',47002,60537,170400
'14JA',47002,60537,171600
'14JA',47002,60537,172800
'14JA',47002,60537,173800
'14JA',47002,60537,175000
'14JA',47002,60537,180200
'14JA',47002,60537,181400
'14JA',47002,60537,182600
'14JA',47002,60537,183800
'14JA',47002,60537,185000
'14JA',47002,60537,190200
'14JA',47002,60537,191500
'14JA',47002,60537,192800
'14JA',47002,60537,194400
'14JA',47002,60537,200200
'14JA',47002,60537,202200
'14JA',47002,60537,204400
'14JA',47002,60537,210900
'14JA',47002,60537,213700
'14JA',47002,60537,220600
'14JA',47002,60537,223500
'14JA',47002,60537,230400
'14JA',47002,60537,233000
'14JA',47002,60537,235500
'14JA',47002,60537,241900
'14JA',47002,60537,244300
'14JA',47002,60537,250900
'14JA',47002,60537,253600
'14JA',47002,60537,260300
'14JA',47002,60537,262900
'14JA',47002,61256,133100
'14JA',47002,61256,140100
'14JA',47002,61256,142800
'14JA',47002,61256,145300
'14JA',47002,61256,151900
'14JA',47002,61256,154700
'14JA',47002,61256,161700
'14JA',47002,61256,164100
'14JA',47002,61256,170500
'14JA',47002,61256,172900
'14JA',47002,61256,175100
'14JA',47002,61256,181500
'14JA',47002,61256,183900
'14JA',47002,61256,190300
'14JA',47002,61256,192800
'14JA',47002,61257,133300
'14JA',47002,61257,140300
'14JA',47002,61257,143000
'14JA',47002,61257,145500
'14JA',47002,61257,152100
'14JA',47002,61257,154900
'14JA',47002,61257,161900
'14JA',47002,61257,164300
'14JA',47002,61257,170700
'14JA',47002,61257,173100
'14JA',47002,61257,175300
'14JA',47002,61257,181700
'14JA',47002,61257,184100
'14JA',47002,61257,190500
'14JA',47002,61257,193000
'14JA',47002,61258,133300
'14JA',47002,61258,140300
'14JA',47002,61258,143000
'14JA',47002,61258,145500
'14JA',47002,61258,152100
'14JA',47002,61258,154900
'14JA',47002,61258,161900
'14JA',47002,61258,164300
'14JA',47002,61258,170700
'14JA',47002,61258,173100
'14JA',47002,61258,175300
'14JA',47002,61258,181700
'14JA',47002,61258,184100
'14JA',47002,61258,190500
'14JA',47002,61258,193000
'14JA',47002,61312,133600
'14JA',47002,61312,140600
'14JA',47002,61312,143300
'14JA',47002,61312,145800
'14JA',47002,61312,152400
'14JA',47002,61312,155200
'14JA',47002,61312,162200
'14JA',47002,61312,164600
'14JA',47002,61312,171000
'14JA',47002,61312,173400
'14JA',47002,61312,175600
'14JA',47002,61312,182000
'14JA',47002,61312,184400
'14JA',47002,61312,190800
'14JA',47002,61312,193300
