'14NA',11001,57205,45800
'14NA',11001,57205,52800
'14NA',11001,57205,55800
'14NA',11001,57205,62800
'14NA',11001,57205,65800
'14NA',11001,57205,72600
'14NA',11001,57205,75500
'14NA',11001,57205,82400
'14NA',11001,57205,85100
'14NA',11001,57205,91700
'14NA',11001,57205,94100
'14NA',11001,57205,100300
'14NA',11001,57205,102400
'14NA',11001,57205,104500
'14NA',11001,57205,110500
'14NA',11001,57205,112500
'14NA',11001,57205,114600
'14NA',11001,57205,120600
'14NA',11001,57205,122600
'14NA',11001,57205,124600
'14NA',11001,57205,130700
'14NA',11001,57205,132700
'14NA',11001,57205,134700
'14NA',11001,57205,141200
'14NA',11001,57205,143800
'14NA',11001,57205,150800
'14NA',11001,57205,153900
'14NA',11001,57205,161000
'14NA',11001,57205,164100
'14NA',11001,57205,171100
'14NA',11001,57205,173900
'14NA',11001,57205,180700
'14NA',11001,57205,183700
'14NA',11001,57205,190700
'14NA',11001,57205,193600
'14NA',11001,57205,200600
'14NA',11001,57205,203500
'14NA',11001,57205,210300
'14NA',11001,57205,213100
'14NA',11001,57205,220000
'14NA',11001,57205,222900
'14NA',11001,57205,225700
'14NA',11001,57205,232400
'14NA',11001,57205,235200
'14NA',11001,57205,242000
'14NA',11001,57205,244700
'14NA',11001,57205,251400
'14NF1',11001,57205,53000
'14NF1',11001,57205,60000
'14NF1',11001,57205,63000
'14NF1',11001,57205,70000
'14NF1',11001,57205,73000
'14NF1',11001,57205,80000
'14NF1',11001,57205,82700
'14NF1',11001,57205,85500
'14NF1',11001,57205,92100
'14NF1',11001,57205,94400
'14NF1',11001,57205,100600
'14NF1',11001,57205,102900
'14NF1',11001,57205,105800
'14NF1',11001,57205,112700
'14NF1',11001,57205,115600
'14NF1',11001,57205,122100
'14NF1',11001,57205,124300
'14NF1',11001,57205,130600
'14NF1',11001,57205,133000
'14NF1',11001,57205,140000
'14NF1',11001,57205,143100
'14NF1',11001,57205,150300
'14NF1',11001,57205,153500
'14NF1',11001,57205,160700
'14NF1',11001,57205,163800
'14NF1',11001,57205,170900
'14NF1',11001,57205,174000
'14NF1',11001,57205,181100
'14NF1',11001,57205,183900
'14NF1',11001,57205,190800
'14NF1',11001,57205,193600
'14NF1',11001,57205,200500
'14NF1',11001,57205,203400
'14NF1',11001,57205,210200
'14NF1',11001,57205,213000
'14NF1',11001,57205,215800
'14NF1',11001,57205,222700
'14NF1',11001,57205,225500
'14NF1',11001,57205,232300
'14NF1',11001,57205,235100
'14NF1',11001,57205,242000
'14NF1',11001,57205,244500
'14NF2',11001,57205,45800
'14NF2',11001,57205,52800
'14NF2',11001,57205,55800
'14NF2',11001,57205,62800
'14NF2',11001,57205,65800
'14NF2',11001,57205,72600
'14NF2',11001,57205,75500
'14NF2',11001,57205,82400
'14NF2',11001,57205,85100
'14NF2',11001,57205,91700
'14NF2',11001,57205,94100
'14NF2',11001,57205,100300
'14NF2',11001,57205,102400
'14NF2',11001,57205,104500
'14NF2',11001,57205,110500
'14NF2',11001,57205,112500
'14NF2',11001,57205,114600
'14NF2',11001,57205,120600
'14NF2',11001,57205,122600
'14NF2',11001,57205,124600
'14NF2',11001,57205,130700
'14NF2',11001,57205,132700
'14NF2',11001,57205,134700
'14NF2',11001,57205,141200
'14NF2',11001,57205,143800
'14NF2',11001,57205,150800
'14NF2',11001,57205,153900
'14NF2',11001,57205,161000
'14NF2',11001,57205,164100
'14NF2',11001,57205,171100
'14NF2',11001,57205,173900
'14NF2',11001,57205,180700
'14NF2',11001,57205,183700
'14NF2',11001,57205,190700
'14NF2',11001,57205,193600
'14NF2',11001,57205,200600
'14NF2',11001,57205,203500
'14NF2',11001,57205,210300
'14NF2',11001,57205,213100
'14NF2',11001,57205,220000
'14NF2',11001,57205,222900
'14NF2',11001,57205,225700
'14NF2',11001,57205,232400
'14NF2',11001,57205,235200
'14NF2',11001,57205,242000
'14NF2',11001,57205,244700
'14NF3',11001,57205,53000
'14NF3',11001,57205,60000
'14NF3',11001,57205,63000
'14NF3',11001,57205,70000
'14NF3',11001,57205,73000
'14NF3',11001,57205,80000
'14NF3',11001,57205,82700
'14NF3',11001,57205,85500
'14NF3',11001,57205,92100
'14NF3',11001,57205,94400
'14NF3',11001,57205,100600
'14NF3',11001,57205,102900
'14NF3',11001,57205,105800
'14NF3',11001,57205,112700
'14NF3',11001,57205,115600
'14NF3',11001,57205,122100
'14NF3',11001,57205,124300
'14NF3',11001,57205,130600
'14NF3',11001,57205,133000
'14NF3',11001,57205,140000
'14NF3',11001,57205,143100
'14NF3',11001,57205,150300
'14NF3',11001,57205,153500
'14NF3',11001,57205,160700
'14NF3',11001,57205,163800
'14NF3',11001,57205,170900
'14NF3',11001,57205,174000
'14NF3',11001,57205,181100
'14NF3',11001,57205,183900
'14NF3',11001,57205,190800
'14NF3',11001,57205,193600
'14NF3',11001,57205,200500
'14NF3',11001,57205,203400
'14NF3',11001,57205,210200
'14NF3',11001,57205,213000
'14NF3',11001,57205,215800
'14NF3',11001,57205,222700
'14NF3',11001,57205,225500
'14NF3',11001,57205,232300
'14NF3',11001,57205,235100
'14NF3',11001,57205,242000
'14NF3',11001,57205,244500
'14NF4',11001,57205,45800
'14NF4',11001,57205,52800
'14NF4',11001,57205,55800
'14NF4',11001,57205,62800
'14NF4',11001,57205,65800
'14NF4',11001,57205,72600
'14NF4',11001,57205,75500
'14NF4',11001,57205,82400
'14NF4',11001,57205,85100
'14NF4',11001,57205,91700
'14NF4',11001,57205,94100
'14NF4',11001,57205,100300
'14NF4',11001,57205,102400
'14NF4',11001,57205,104500
'14NF4',11001,57205,110500
'14NF4',11001,57205,112500
'14NF4',11001,57205,114600
'14NF4',11001,57205,120600
'14NF4',11001,57205,122600
'14NF4',11001,57205,124600
'14NF4',11001,57205,130700
'14NF4',11001,57205,132700
'14NF4',11001,57205,134700
'14NF4',11001,57205,141200
'14NF4',11001,57205,143800
'14NF4',11001,57205,150800
'14NF4',11001,57205,153900
'14NF4',11001,57205,161000
'14NF4',11001,57205,164100
'14NF4',11001,57205,171100
'14NF4',11001,57205,173900
'14NF4',11001,57205,180700
'14NF4',11001,57205,183700
'14NF4',11001,57205,190700
'14NF4',11001,57205,193600
'14NF4',11001,57205,200600
'14NF4',11001,57205,203500
'14NF4',11001,57205,210300
'14NF4',11001,57205,213100
'14NF4',11001,57205,220000
'14NF4',11001,57205,222900
'14NF4',11001,57205,225700
'14NF4',11001,57205,232400
'14NF4',11001,57205,235200
'14NF4',11001,57205,242000
'14NF4',11001,57205,244700
'14NI',11001,57205,53000
'14NI',11001,57205,60000
'14NI',11001,57205,63000
'14NI',11001,57205,70000
'14NI',11001,57205,73000
'14NI',11001,57205,80000
'14NI',11001,57205,82700
'14NI',11001,57205,85500
'14NI',11001,57205,92100
'14NI',11001,57205,94400
'14NI',11001,57205,100600
'14NI',11001,57205,102900
'14NI',11001,57205,105800
'14NI',11001,57205,112700
'14NI',11001,57205,115600
'14NI',11001,57205,122100
'14NI',11001,57205,124300
'14NI',11001,57205,130600
'14NI',11001,57205,133000
'14NI',11001,57205,140000
'14NI',11001,57205,143100
'14NI',11001,57205,150300
'14NI',11001,57205,153500
'14NI',11001,57205,160700
'14NI',11001,57205,163800
'14NI',11001,57205,170900
'14NI',11001,57205,174000
'14NI',11001,57205,181100
'14NI',11001,57205,183900
'14NI',11001,57205,190800
'14NI',11001,57205,193600
'14NI',11001,57205,200500
'14NI',11001,57205,203400
'14NI',11001,57205,210200
'14NI',11001,57205,213000
'14NI',11001,57205,215800
'14NI',11001,57205,222700
'14NI',11001,57205,225500
'14NI',11001,57205,232300
'14NI',11001,57205,235100
'14NI',11001,57205,242000
'14NI',11001,57205,244500
'14NS',11001,57205,43100
'14NS',11001,57205,50600
'14NS',11001,57205,53300
'14NS',11001,57205,55300
'14NS',11001,57205,60700
'14NS',11001,57205,62100
'14NS',11001,57205,63500
'14NS',11001,57205,64900
'14NS',11001,57205,70300
'14NS',11001,57205,71900
'14NS',11001,57205,73500
'14NS',11001,57205,75500
'14NS',11001,57205,81400
'14NS',11001,57205,83600
'14NS',11001,57205,85500
'14NS',11001,57205,91400
'14NS',11001,57205,93400
'14NS',11001,57205,95400
'14NS',11001,57205,101400
'14NS',11001,57205,103500
'14NS',11001,57205,105400
'14NS',11001,57205,111400
'14NS',11001,57205,113400
'14NS',11001,57205,115400
'14NS',11001,57205,121700
'14NS',11001,57205,124200
'14NS',11001,57205,131100
'14NS',11001,57205,134100
'14NS',11001,57205,141100
'14NS',11001,57205,144100
'14NS',11001,57205,151100
'14NS',11001,57205,154200
'14NS',11001,57205,161200
'14NS',11001,57205,164200
'14NS',11001,57205,171100
'14NS',11001,57205,174100
'14NS',11001,57205,181100
'14NS',11001,57205,184000
'14NS',11001,57205,190900
'14NS',11001,57205,193800
'14NS',11001,57205,200700
'14NS',11001,57205,203700
'14NS',11001,57205,210600
'14NS',11001,57205,213500
'14NS',11001,57205,220300
'14NS',11001,57205,223200
'14NS',11001,57205,230000
'14NS',11001,57205,232600
'14NS',11001,57205,234800
'14NS',11001,57205,242000
'14NS',11001,57205,244600
