'15MA',4302,55265,53900
'15MA',4302,55265,61500
'15MA',4302,55265,64800
'15MA',4302,55265,72300
'15MA',4302,55265,75600
'15MA',4302,55265,83100
'15MA',4302,55265,90500
'15MA',4302,55265,94100
'15MA',4302,55265,101700
'15MA',4302,55265,105200
'15MA',4302,55265,112700
'15MA',4302,55265,115600
'15MA',4302,55265,122300
'15MA',4302,55265,125200
'15MA',4302,55265,132100
'15MA',4302,55265,134900
'15MA',4302,55265,141700
'15MA',4302,55265,144600
'15MA',4302,55265,151500
'15MA',4302,55265,154400
'15MA',4302,55265,161300
'15MA',4302,55265,164200
'15MA',4302,55265,171100
'15MA',4302,55265,173800
'15MA',4302,55265,180500
'15MA',4302,55265,183400
'15MA',4302,55265,190300
'15MA',4302,55265,193100
'15MA',4302,55265,200000
'15MA',4302,55265,202900
'15MA',4302,55265,205800
'15MA',4302,55265,212700
'15MA',4302,55265,215600
'15MA',4302,55265,223100
'15MA',4302,55265,232100
'15MA',4302,55265,242100
'15MA',4302,55265,252100
'15MF1',4302,55265,50700
'15MF1',4302,55265,53400
'15MF1',4302,55265,60100
'15MF1',4302,55265,63200
'15MF1',4302,55265,70000
'15MF1',4302,55265,73200
'15MF1',4302,55265,80200
'15MF1',4302,55265,83300
'15MF1',4302,55265,90400
'15MF1',4302,55265,93300
'15MF1',4302,55265,100400
'15MF1',4302,55265,103400
'15MF1',4302,55265,110500
'15MF1',4302,55265,113400
'15MF1',4302,55265,120500
'15MF1',4302,55265,123500
'15MF1',4302,55265,130800
'15MF1',4302,55265,133700
'15MF1',4302,55265,140600
'15MF1',4302,55265,143800
'15MF1',4302,55265,151200
'15MF1',4302,55265,154100
'15MF1',4302,55265,161300
'15MF1',4302,55265,164600
'15MF1',4302,55265,171700
'15MF1',4302,55265,175100
'15MF1',4302,55265,182000
'15MF1',4302,55265,184900
'15MF1',4302,55265,191700
'15MF1',4302,55265,194600
'15MF1',4302,55265,201100
'15MF1',4302,55265,203800
'15MF1',4302,55265,210400
'15MF1',4302,55265,213200
'15MF1',4302,55265,220100
'15MF1',4302,55265,223100
'15MF1',4302,55265,231300
'15MF1',4302,55265,235500
'15MF1',4302,55265,244800
'15MF1',4302,55265,254500
'15MF2',4302,55265,50700
'15MF2',4302,55265,53400
'15MF2',4302,55265,60100
'15MF2',4302,55265,63200
'15MF2',4302,55265,70000
'15MF2',4302,55265,73200
'15MF2',4302,55265,80200
'15MF2',4302,55265,83300
'15MF2',4302,55265,90400
'15MF2',4302,55265,93300
'15MF2',4302,55265,100400
'15MF2',4302,55265,103400
'15MF2',4302,55265,110500
'15MF2',4302,55265,113400
'15MF2',4302,55265,120500
'15MF2',4302,55265,123500
'15MF2',4302,55265,130800
'15MF2',4302,55265,133700
'15MF2',4302,55265,140600
'15MF2',4302,55265,143800
'15MF2',4302,55265,151200
'15MF2',4302,55265,154100
'15MF2',4302,55265,161300
'15MF2',4302,55265,164600
'15MF2',4302,55265,171700
'15MF2',4302,55265,175100
'15MF2',4302,55265,182000
'15MF2',4302,55265,184900
'15MF2',4302,55265,191700
'15MF2',4302,55265,194600
'15MF2',4302,55265,201100
'15MF2',4302,55265,203800
'15MF2',4302,55265,210400
'15MF2',4302,55265,213200
'15MF2',4302,55265,220100
'15MF2',4302,55265,223100
'15MF2',4302,55265,231300
'15MF2',4302,55265,235500
'15MF2',4302,55265,244800
'15MF2',4302,55265,254500
'15MF3',4302,55265,61500
'15MF3',4302,55265,64900
'15MF3',4302,55265,72300
'15MF3',4302,55265,75700
'15MF3',4302,55265,83300
'15MF3',4302,55265,90700
'15MF3',4302,55265,94100
'15MF3',4302,55265,101500
'15MF3',4302,55265,104800
'15MF3',4302,55265,112300
'15MF3',4302,55265,115600
'15MF3',4302,55265,122400
'15MF3',4302,55265,125200
'15MF3',4302,55265,131900
'15MF3',4302,55265,134900
'15MF3',4302,55265,141800
'15MF3',4302,55265,144700
'15MF3',4302,55265,151600
'15MF3',4302,55265,154500
'15MF3',4302,55265,161400
'15MF3',4302,55265,164300
'15MF3',4302,55265,171200
'15MF3',4302,55265,173900
'15MF3',4302,55265,180800
'15MF3',4302,55265,183600
'15MF3',4302,55265,190500
'15MF3',4302,55265,193400
'15MF3',4302,55265,200200
'15MF3',4302,55265,203100
'15MF3',4302,55265,210000
'15MF3',4302,55265,212900
'15MF3',4302,55265,215800
'15MF3',4302,55265,222700
'15MF3',4302,55265,231800
'15MF3',4302,55265,241000
'15MF3',4302,55265,250300
'15MF3',4302,55265,255600
'15MI',4302,55265,61500
'15MI',4302,55265,64900
'15MI',4302,55265,72300
'15MI',4302,55265,75700
'15MI',4302,55265,83300
'15MI',4302,55265,90700
'15MI',4302,55265,94100
'15MI',4302,55265,101500
'15MI',4302,55265,104800
'15MI',4302,55265,112300
'15MI',4302,55265,115600
'15MI',4302,55265,122400
'15MI',4302,55265,125200
'15MI',4302,55265,131900
'15MI',4302,55265,134900
'15MI',4302,55265,141800
'15MI',4302,55265,144700
'15MI',4302,55265,151600
'15MI',4302,55265,154500
'15MI',4302,55265,161400
'15MI',4302,55265,164300
'15MI',4302,55265,171200
'15MI',4302,55265,173900
'15MI',4302,55265,180800
'15MI',4302,55265,183600
'15MI',4302,55265,190500
'15MI',4302,55265,193400
'15MI',4302,55265,200200
'15MI',4302,55265,203100
'15MI',4302,55265,210000
'15MI',4302,55265,212900
'15MI',4302,55265,215800
'15MI',4302,55265,222700
'15MI',4302,55265,231800
'15MI',4302,55265,241000
'15MI',4302,55265,250300
'15MI',4302,55265,255600
'15MS',4302,55265,50700
'15MS',4302,55265,53400
'15MS',4302,55265,60100
'15MS',4302,55265,63300
'15MS',4302,55265,70100
'15MS',4302,55265,73200
'15MS',4302,55265,80200
'15MS',4302,55265,83400
'15MS',4302,55265,90400
'15MS',4302,55265,93300
'15MS',4302,55265,100400
'15MS',4302,55265,103400
'15MS',4302,55265,110500
'15MS',4302,55265,113400
'15MS',4302,55265,120500
'15MS',4302,55265,123500
'15MS',4302,55265,130800
'15MS',4302,55265,133700
'15MS',4302,55265,140600
'15MS',4302,55265,143800
'15MS',4302,55265,151200
'15MS',4302,55265,154100
'15MS',4302,55265,161300
'15MS',4302,55265,164600
'15MS',4302,55265,171700
'15MS',4302,55265,175100
'15MS',4302,55265,182000
'15MS',4302,55265,184900
'15MS',4302,55265,191700
'15MS',4302,55265,194600
'15MS',4302,55265,201100
'15MS',4302,55265,203800
'15MS',4302,55265,210400
'15MS',4302,55265,213200
'15MS',4302,55265,220100
'15MS',4302,55265,223100
'15MS',4302,55265,231300
'15MS',4302,55265,235500
'15MS',4302,55265,244800
'15MS',4302,55265,254500
