'15MA',35601,61149,251900
'15MA',35601,61149,260600
'15MA',35601,61149,265600
'15MA',35601,61149,274600
'15MA',35601,61149,283000
'15MF1',35601,61149,252900
'15MF1',35601,61149,260300
'15MF1',35601,61149,263600
'15MF1',35601,61149,270900
'15MF1',35601,61149,275500
'15MF1',35601,61149,283600
'15MF2',35601,61149,252900
'15MF2',35601,61149,260300
'15MF2',35601,61149,263600
'15MF2',35601,61149,270900
'15MF2',35601,61149,275500
'15MF2',35601,61149,283600
'15MF3',35601,61149,252500
'15MF3',35601,61149,260400
'15MF3',35601,61149,264200
'15MF3',35601,61149,272000
'15MF3',35601,61149,275800
'15MF3',35601,61149,283600
'15MI',35601,61149,252500
'15MI',35601,61149,260400
'15MI',35601,61149,264200
'15MI',35601,61149,272000
'15MI',35601,61149,275800
'15MI',35601,61149,283600
'15MS',35601,61149,252900
'15MS',35601,61149,260300
'15MS',35601,61149,263600
'15MS',35601,61149,270900
'15MS',35601,61149,275500
'15MS',35601,61149,284100
