'13NF2',10903,54112,63400
'13NF2',10903,54112,65700
'13NF2',10903,54112,71900
'13NF2',10903,54112,74000
'13NF2',10903,54112,80200
'13NF2',10903,54112,82300
'13NF2',10903,54112,84400
'13NF2',10903,54112,90500
'13NF2',10903,54112,92800
'13NF2',10903,54112,95100
'13NF2',10903,54112,101500
'13NF2',10903,54112,103800
'13NF2',10903,54112,110000
'13NF2',10903,54112,112300
'13NF2',10903,54112,114600
'13NF2',10903,54112,120800
'13NF2',10903,54112,123100
'13NF2',10903,54112,125400
'13NF2',10903,54112,131600
'13NF2',10903,54112,133900
'13NF2',10903,54112,140200
'13NF2',10903,54112,142400
'13NF2',10903,54112,144700
'13NF2',10903,54112,150900
'13NF2',10903,54112,153100
'13NF2',10903,54112,155300
'13NF2',10903,54112,161600
'13NF2',10903,54112,163800
'13NF2',10903,54112,170000
'13NF2',10903,54112,172200
'13NF2',10903,54112,174500
'13NF2',10903,54112,180800
'13NF2',10903,54112,183100
'13NF2',10903,54112,185300
'13NF2',10903,54112,191500
'13NF2',10903,54112,193700
'13NF2',10903,54112,195800
'13NF2',10903,54112,201900
'13NF2',10903,54112,204000
'13NF2',10903,54112,210100
'13NF2',10903,54112,212200
'13NF2',10903,54112,214300
'13NF2',10903,54112,220500
'13NF2',10903,54112,222700
'13NF2',10903,56724,62300
'13NF2',10903,56724,64600
'13NF2',10903,56724,70800
'13NF2',10903,56724,72900
'13NF2',10903,56724,75100
'13NF2',10903,56724,81200
'13NF2',10903,56724,83300
'13NF2',10903,56724,85400
'13NF2',10903,56724,91600
'13NF2',10903,56724,93800
'13NF2',10903,56724,100100
'13NF2',10903,56724,102400
'13NF2',10903,56724,104600
'13NF2',10903,56724,110900
'13NF2',10903,56724,113200
'13NF2',10903,56724,115400
'13NF2',10903,56724,121700
'13NF2',10903,56724,124000
'13NF2',10903,56724,130200
'13NF2',10903,56724,132500
'13NF2',10903,56724,134800
'13NF2',10903,56724,141000
'13NF2',10903,56724,143300
'13NF2',10903,56724,145600
'13NF2',10903,56724,151800
'13NF2',10903,56724,154000
'13NF2',10903,56724,160300
'13NF2',10903,56724,162500
'13NF2',10903,56724,164800
'13NF2',10903,56724,171000
'13NF2',10903,56724,173300
'13NF2',10903,56724,175600
'13NF2',10903,56724,181900
'13NF2',10903,56724,184100
'13NF2',10903,56724,190300
'13NF2',10903,56724,192500
'13NF2',10903,56724,194600
'13NF2',10903,56724,200700
'13NF2',10903,56724,202800
'13NF2',10903,56724,204900
'13NF2',10903,56724,211000
'13NF2',10903,56724,213100
'13NF2',10903,56724,215300
'13NF2',10903,56724,221500
'13NF2',10903,56728,61800
'13NF2',10903,56728,64100
'13NF2',10903,56728,70200
'13NF2',10903,56728,72300
'13NF2',10903,56728,74500
'13NF2',10903,56728,80600
'13NF2',10903,56728,82700
'13NF2',10903,56728,84800
'13NF2',10903,56728,91000
'13NF2',10903,56728,93200
'13NF2',10903,56728,95500
'13NF2',10903,56728,101800
'13NF2',10903,56728,104000
'13NF2',10903,56728,110300
'13NF2',10903,56728,112600
'13NF2',10903,56728,114800
'13NF2',10903,56728,121100
'13NF2',10903,56728,123400
'13NF2',10903,56728,125600
'13NF2',10903,56728,131900
'13NF2',10903,56728,134200
'13NF2',10903,56728,140400
'13NF2',10903,56728,142700
'13NF2',10903,56728,145000
'13NF2',10903,56728,151200
'13NF2',10903,56728,153400
'13NF2',10903,56728,155700
'13NF2',10903,56728,161900
'13NF2',10903,56728,164200
'13NF2',10903,56728,170400
'13NF2',10903,56728,172700
'13NF2',10903,56728,175000
'13NF2',10903,56728,181300
'13NF2',10903,56728,183500
'13NF2',10903,56728,185700
'13NF2',10903,56728,191900
'13NF2',10903,56728,194000
'13NF2',10903,56728,200100
'13NF2',10903,56728,202200
'13NF2',10903,56728,204300
'13NF2',10903,56728,210400
'13NF2',10903,56728,212500
'13NF2',10903,56728,214700
'13NF2',10903,56728,220900
'13NF2',10903,56837,62200
'13NF2',10903,56837,64500
'13NF2',10903,56837,70700
'13NF2',10903,56837,72800
'13NF2',10903,56837,75000
'13NF2',10903,56837,81100
'13NF2',10903,56837,83200
'13NF2',10903,56837,85300
'13NF2',10903,56837,91500
'13NF2',10903,56837,93700
'13NF2',10903,56837,100000
'13NF2',10903,56837,102300
'13NF2',10903,56837,104500
'13NF2',10903,56837,110800
'13NF2',10903,56837,113100
'13NF2',10903,56837,115300
'13NF2',10903,56837,121600
'13NF2',10903,56837,123900
'13NF2',10903,56837,130100
'13NF2',10903,56837,132400
'13NF2',10903,56837,134700
'13NF2',10903,56837,140900
'13NF2',10903,56837,143200
'13NF2',10903,56837,145500
'13NF2',10903,56837,151700
'13NF2',10903,56837,153900
'13NF2',10903,56837,160200
'13NF2',10903,56837,162400
'13NF2',10903,56837,164700
'13NF2',10903,56837,170900
'13NF2',10903,56837,173200
'13NF2',10903,56837,175500
'13NF2',10903,56837,181800
'13NF2',10903,56837,184000
'13NF2',10903,56837,190200
'13NF2',10903,56837,192400
'13NF2',10903,56837,194500
'13NF2',10903,56837,200600
'13NF2',10903,56837,202700
'13NF2',10903,56837,204800
'13NF2',10903,56837,210900
'13NF2',10903,56837,213000
'13NF2',10903,56837,215200
'13NF2',10903,56837,221400
'13NF2',10903,56840,62600
'13NF2',10903,56840,64900
'13NF2',10903,56840,71100
'13NF2',10903,56840,73200
'13NF2',10903,56840,75400
'13NF2',10903,56840,81500
'13NF2',10903,56840,83600
'13NF2',10903,56840,85700
'13NF2',10903,56840,91900
'13NF2',10903,56840,94100
'13NF2',10903,56840,100500
'13NF2',10903,56840,102800
'13NF2',10903,56840,105000
'13NF2',10903,56840,111300
'13NF2',10903,56840,113600
'13NF2',10903,56840,115800
'13NF2',10903,56840,122100
'13NF2',10903,56840,124400
'13NF2',10903,56840,130600
'13NF2',10903,56840,132900
'13NF2',10903,56840,135200
'13NF2',10903,56840,141400
'13NF2',10903,56840,143700
'13NF2',10903,56840,145900
'13NF2',10903,56840,152100
'13NF2',10903,56840,154300
'13NF2',10903,56840,160600
'13NF2',10903,56840,162800
'13NF2',10903,56840,165100
'13NF2',10903,56840,171300
'13NF2',10903,56840,173600
'13NF2',10903,56840,175900
'13NF2',10903,56840,182200
'13NF2',10903,56840,184400
'13NF2',10903,56840,190600
'13NF2',10903,56840,192800
'13NF2',10903,56840,194900
'13NF2',10903,56840,201000
'13NF2',10903,56840,203100
'13NF2',10903,56840,205200
'13NF2',10903,56840,211300
'13NF2',10903,56840,213400
'13NF2',10903,56840,215600
'13NF2',10903,56840,221800
'13NF2',10903,56842,62300
'13NF2',10903,56842,64600
'13NF2',10903,56842,70700
'13NF2',10903,56842,72800
'13NF2',10903,56842,75000
'13NF2',10903,56842,81100
'13NF2',10903,56842,83200
'13NF2',10903,56842,85300
'13NF2',10903,56842,91500
'13NF2',10903,56842,93800
'13NF2',10903,56842,100100
'13NF2',10903,56842,102400
'13NF2',10903,56842,104600
'13NF2',10903,56842,110900
'13NF2',10903,56842,113200
'13NF2',10903,56842,115400
'13NF2',10903,56842,121700
'13NF2',10903,56842,124000
'13NF2',10903,56842,130200
'13NF2',10903,56842,132500
'13NF2',10903,56842,134800
'13NF2',10903,56842,141000
'13NF2',10903,56842,143300
'13NF2',10903,56842,145600
'13NF2',10903,56842,151800
'13NF2',10903,56842,154000
'13NF2',10903,56842,160300
'13NF2',10903,56842,162500
'13NF2',10903,56842,164700
'13NF2',10903,56842,170900
'13NF2',10903,56842,173200
'13NF2',10903,56842,175500
'13NF2',10903,56842,181800
'13NF2',10903,56842,184000
'13NF2',10903,56842,190200
'13NF2',10903,56842,192400
'13NF2',10903,56842,194500
'13NF2',10903,56842,200600
'13NF2',10903,56842,202700
'13NF2',10903,56842,204800
'13NF2',10903,56842,210900
'13NF2',10903,56842,213000
'13NF2',10903,56842,215200
'13NF2',10903,56842,221400
'13NF2',10903,56846,62700
'13NF2',10903,56846,65000
'13NF2',10903,56846,71100
'13NF2',10903,56846,73200
'13NF2',10903,56846,75400
'13NF2',10903,56846,81500
'13NF2',10903,56846,83600
'13NF2',10903,56846,85700
'13NF2',10903,56846,91900
'13NF2',10903,56846,94200
'13NF2',10903,56846,100500
'13NF2',10903,56846,102800
'13NF2',10903,56846,105000
'13NF2',10903,56846,111300
'13NF2',10903,56846,113600
'13NF2',10903,56846,115800
'13NF2',10903,56846,122100
'13NF2',10903,56846,124400
'13NF2',10903,56846,130600
'13NF2',10903,56846,132900
'13NF2',10903,56846,135200
'13NF2',10903,56846,141400
'13NF2',10903,56846,143700
'13NF2',10903,56846,150000
'13NF2',10903,56846,152200
'13NF2',10903,56846,154400
'13NF2',10903,56846,160700
'13NF2',10903,56846,162900
'13NF2',10903,56846,165100
'13NF2',10903,56846,171300
'13NF2',10903,56846,173600
'13NF2',10903,56846,175900
'13NF2',10903,56846,182200
'13NF2',10903,56846,184400
'13NF2',10903,56846,190600
'13NF2',10903,56846,192800
'13NF2',10903,56846,194900
'13NF2',10903,56846,201000
'13NF2',10903,56846,203100
'13NF2',10903,56846,205200
'13NF2',10903,56846,211300
'13NF2',10903,56846,213400
'13NF2',10903,56846,215600
'13NF2',10903,56846,221800
'13NF2',10903,56849,62200
'13NF2',10903,56849,64500
'13NF2',10903,56849,70600
'13NF2',10903,56849,72700
'13NF2',10903,56849,74900
'13NF2',10903,56849,81000
'13NF2',10903,56849,83100
'13NF2',10903,56849,85200
'13NF2',10903,56849,91400
'13NF2',10903,56849,93600
'13NF2',10903,56849,95900
'13NF2',10903,56849,102200
'13NF2',10903,56849,104400
'13NF2',10903,56849,110700
'13NF2',10903,56849,113000
'13NF2',10903,56849,115200
'13NF2',10903,56849,121500
'13NF2',10903,56849,123800
'13NF2',10903,56849,130000
'13NF2',10903,56849,132300
'13NF2',10903,56849,134600
'13NF2',10903,56849,140800
'13NF2',10903,56849,143100
'13NF2',10903,56849,145400
'13NF2',10903,56849,151600
'13NF2',10903,56849,153800
'13NF2',10903,56849,160100
'13NF2',10903,56849,162300
'13NF2',10903,56849,164600
'13NF2',10903,56849,170800
'13NF2',10903,56849,173100
'13NF2',10903,56849,175400
'13NF2',10903,56849,181700
'13NF2',10903,56849,183900
'13NF2',10903,56849,190100
'13NF2',10903,56849,192300
'13NF2',10903,56849,194400
'13NF2',10903,56849,200500
'13NF2',10903,56849,202600
'13NF2',10903,56849,204700
'13NF2',10903,56849,210800
'13NF2',10903,56849,212900
'13NF2',10903,56849,215100
'13NF2',10903,56849,221300
'13NF2',10903,56850,62100
'13NF2',10903,56850,64400
'13NF2',10903,56850,70500
'13NF2',10903,56850,72600
'13NF2',10903,56850,74800
'13NF2',10903,56850,80900
'13NF2',10903,56850,83000
'13NF2',10903,56850,85100
'13NF2',10903,56850,91300
'13NF2',10903,56850,93500
'13NF2',10903,56850,95800
'13NF2',10903,56850,102100
'13NF2',10903,56850,104300
'13NF2',10903,56850,110600
'13NF2',10903,56850,112900
'13NF2',10903,56850,115100
'13NF2',10903,56850,121400
'13NF2',10903,56850,123700
'13NF2',10903,56850,125900
'13NF2',10903,56850,132200
'13NF2',10903,56850,134500
'13NF2',10903,56850,140700
'13NF2',10903,56850,143000
'13NF2',10903,56850,145300
'13NF2',10903,56850,151500
'13NF2',10903,56850,153700
'13NF2',10903,56850,160000
'13NF2',10903,56850,162200
'13NF2',10903,56850,164500
'13NF2',10903,56850,170700
'13NF2',10903,56850,173000
'13NF2',10903,56850,175300
'13NF2',10903,56850,181600
'13NF2',10903,56850,183800
'13NF2',10903,56850,190000
'13NF2',10903,56850,192200
'13NF2',10903,56850,194300
'13NF2',10903,56850,200400
'13NF2',10903,56850,202500
'13NF2',10903,56850,204600
'13NF2',10903,56850,210700
'13NF2',10903,56850,212800
'13NF2',10903,56850,215000
'13NF2',10903,56850,221200
'13NF2',10903,56854,62100
'13NF2',10903,56854,64400
'13NF2',10903,56854,70500
'13NF2',10903,56854,72600
'13NF2',10903,56854,74800
'13NF2',10903,56854,80900
'13NF2',10903,56854,83000
'13NF2',10903,56854,85100
'13NF2',10903,56854,91300
'13NF2',10903,56854,93500
'13NF2',10903,56854,95800
'13NF2',10903,56854,102100
'13NF2',10903,56854,104300
'13NF2',10903,56854,110600
'13NF2',10903,56854,112900
'13NF2',10903,56854,115100
'13NF2',10903,56854,121400
'13NF2',10903,56854,123700
'13NF2',10903,56854,125900
'13NF2',10903,56854,132200
'13NF2',10903,56854,134500
'13NF2',10903,56854,140700
'13NF2',10903,56854,143000
'13NF2',10903,56854,145300
'13NF2',10903,56854,151500
'13NF2',10903,56854,153700
'13NF2',10903,56854,160000
'13NF2',10903,56854,162200
'13NF2',10903,56854,164500
'13NF2',10903,56854,170700
'13NF2',10903,56854,173000
'13NF2',10903,56854,175300
'13NF2',10903,56854,181600
'13NF2',10903,56854,183800
'13NF2',10903,56854,190000
'13NF2',10903,56854,192200
'13NF2',10903,56854,194300
'13NF2',10903,56854,200400
'13NF2',10903,56854,202500
'13NF2',10903,56854,204600
'13NF2',10903,56854,210700
'13NF2',10903,56854,212800
'13NF2',10903,56854,215000
'13NF2',10903,56854,221200
'13NF2',10903,56855,62500
'13NF2',10903,56855,64800
'13NF2',10903,56855,71000
'13NF2',10903,56855,73100
'13NF2',10903,56855,75300
'13NF2',10903,56855,81400
'13NF2',10903,56855,83500
'13NF2',10903,56855,85600
'13NF2',10903,56855,91800
'13NF2',10903,56855,94000
'13NF2',10903,56855,100400
'13NF2',10903,56855,102700
'13NF2',10903,56855,104900
'13NF2',10903,56855,111200
'13NF2',10903,56855,113500
'13NF2',10903,56855,115700
'13NF2',10903,56855,122000
'13NF2',10903,56855,124300
'13NF2',10903,56855,130500
'13NF2',10903,56855,132800
'13NF2',10903,56855,135100
'13NF2',10903,56855,141300
'13NF2',10903,56855,143600
'13NF2',10903,56855,145800
'13NF2',10903,56855,152000
'13NF2',10903,56855,154200
'13NF2',10903,56855,160500
'13NF2',10903,56855,162700
'13NF2',10903,56855,165000
'13NF2',10903,56855,171200
'13NF2',10903,56855,173500
'13NF2',10903,56855,175800
'13NF2',10903,56855,182100
'13NF2',10903,56855,184300
'13NF2',10903,56855,190500
'13NF2',10903,56855,192700
'13NF2',10903,56855,194800
'13NF2',10903,56855,200900
'13NF2',10903,56855,203000
'13NF2',10903,56855,205100
'13NF2',10903,56855,211200
'13NF2',10903,56855,213300
'13NF2',10903,56855,215500
'13NF2',10903,56855,221700
'13NF2',10903,56857,62700
'13NF2',10903,56857,65000
'13NF2',10903,56857,71200
'13NF2',10903,56857,73300
'13NF2',10903,56857,75500
'13NF2',10903,56857,81600
'13NF2',10903,56857,83700
'13NF2',10903,56857,85800
'13NF2',10903,56857,92000
'13NF2',10903,56857,94300
'13NF2',10903,56857,100600
'13NF2',10903,56857,102900
'13NF2',10903,56857,105100
'13NF2',10903,56857,111400
'13NF2',10903,56857,113700
'13NF2',10903,56857,115900
'13NF2',10903,56857,122200
'13NF2',10903,56857,124500
'13NF2',10903,56857,130700
'13NF2',10903,56857,133000
'13NF2',10903,56857,135300
'13NF2',10903,56857,141500
'13NF2',10903,56857,143800
'13NF2',10903,56857,150100
'13NF2',10903,56857,152300
'13NF2',10903,56857,154500
'13NF2',10903,56857,160800
'13NF2',10903,56857,163000
'13NF2',10903,56857,165200
'13NF2',10903,56857,171400
'13NF2',10903,56857,173700
'13NF2',10903,56857,180000
'13NF2',10903,56857,182300
'13NF2',10903,56857,184500
'13NF2',10903,56857,190700
'13NF2',10903,56857,192900
'13NF2',10903,56857,195000
'13NF2',10903,56857,201100
'13NF2',10903,56857,203200
'13NF2',10903,56857,205300
'13NF2',10903,56857,211400
'13NF2',10903,56857,213500
'13NF2',10903,56857,215700
'13NF2',10903,56857,221900
'13NF2',10903,56867,62400
'13NF2',10903,56867,64700
'13NF2',10903,56867,70800
'13NF2',10903,56867,72900
'13NF2',10903,56867,75100
'13NF2',10903,56867,81200
'13NF2',10903,56867,83300
'13NF2',10903,56867,85400
'13NF2',10903,56867,91700
'13NF2',10903,56867,93900
'13NF2',10903,56867,100200
'13NF2',10903,56867,102500
'13NF2',10903,56867,104700
'13NF2',10903,56867,111000
'13NF2',10903,56867,113300
'13NF2',10903,56867,115500
'13NF2',10903,56867,121800
'13NF2',10903,56867,124100
'13NF2',10903,56867,130300
'13NF2',10903,56867,132600
'13NF2',10903,56867,134900
'13NF2',10903,56867,141100
'13NF2',10903,56867,143400
'13NF2',10903,56867,145700
'13NF2',10903,56867,151900
'13NF2',10903,56867,154100
'13NF2',10903,56867,160400
'13NF2',10903,56867,162600
'13NF2',10903,56867,164900
'13NF2',10903,56867,171100
'13NF2',10903,56867,173400
'13NF2',10903,56867,175700
'13NF2',10903,56867,182000
'13NF2',10903,56867,184200
'13NF2',10903,56867,190400
'13NF2',10903,56867,192600
'13NF2',10903,56867,194700
'13NF2',10903,56867,200800
'13NF2',10903,56867,202900
'13NF2',10903,56867,205000
'13NF2',10903,56867,211100
'13NF2',10903,56867,213200
'13NF2',10903,56867,215400
'13NF2',10903,56867,221600
'13NF2',10903,56868,62000
'13NF2',10903,56868,64300
'13NF2',10903,56868,70400
'13NF2',10903,56868,72500
'13NF2',10903,56868,74700
'13NF2',10903,56868,80800
'13NF2',10903,56868,82900
'13NF2',10903,56868,85000
'13NF2',10903,56868,91200
'13NF2',10903,56868,93400
'13NF2',10903,56868,95700
'13NF2',10903,56868,102000
'13NF2',10903,56868,104200
'13NF2',10903,56868,110500
'13NF2',10903,56868,112800
'13NF2',10903,56868,115000
'13NF2',10903,56868,121300
'13NF2',10903,56868,123600
'13NF2',10903,56868,125800
'13NF2',10903,56868,132100
'13NF2',10903,56868,134400
'13NF2',10903,56868,140600
'13NF2',10903,56868,142900
'13NF2',10903,56868,145200
'13NF2',10903,56868,151400
'13NF2',10903,56868,153600
'13NF2',10903,56868,155900
'13NF2',10903,56868,162100
'13NF2',10903,56868,164400
'13NF2',10903,56868,170600
'13NF2',10903,56868,172900
'13NF2',10903,56868,175200
'13NF2',10903,56868,181500
'13NF2',10903,56868,183700
'13NF2',10903,56868,185900
'13NF2',10903,56868,192100
'13NF2',10903,56868,194200
'13NF2',10903,56868,200300
'13NF2',10903,56868,202400
'13NF2',10903,56868,204500
'13NF2',10903,56868,210600
'13NF2',10903,56868,212700
'13NF2',10903,56868,214900
'13NF2',10903,56868,221100
'13NF2',10903,56875,62500
'13NF2',10903,56875,64800
'13NF2',10903,56875,70900
'13NF2',10903,56875,73000
'13NF2',10903,56875,75200
'13NF2',10903,56875,81300
'13NF2',10903,56875,83400
'13NF2',10903,56875,85500
'13NF2',10903,56875,91700
'13NF2',10903,56875,94000
'13NF2',10903,56875,100300
'13NF2',10903,56875,102600
'13NF2',10903,56875,104800
'13NF2',10903,56875,111100
'13NF2',10903,56875,113400
'13NF2',10903,56875,115600
'13NF2',10903,56875,121900
'13NF2',10903,56875,124200
'13NF2',10903,56875,130400
'13NF2',10903,56875,132700
'13NF2',10903,56875,135000
'13NF2',10903,56875,141200
'13NF2',10903,56875,143500
'13NF2',10903,56875,145800
'13NF2',10903,56875,152000
'13NF2',10903,56875,154200
'13NF2',10903,56875,160500
'13NF2',10903,56875,162700
'13NF2',10903,56875,164900
'13NF2',10903,56875,171100
'13NF2',10903,56875,173400
'13NF2',10903,56875,175700
'13NF2',10903,56875,182000
'13NF2',10903,56875,184200
'13NF2',10903,56875,190400
'13NF2',10903,56875,192600
'13NF2',10903,56875,194700
'13NF2',10903,56875,200800
'13NF2',10903,56875,202900
'13NF2',10903,56875,205000
'13NF2',10903,56875,211100
'13NF2',10903,56875,213200
'13NF2',10903,56875,215400
'13NF2',10903,56875,221600
'13NF2',10903,56884,62000
'13NF2',10903,56884,64300
'13NF2',10903,56884,70400
'13NF2',10903,56884,72500
'13NF2',10903,56884,74700
'13NF2',10903,56884,80800
'13NF2',10903,56884,82900
'13NF2',10903,56884,85000
'13NF2',10903,56884,91200
'13NF2',10903,56884,93400
'13NF2',10903,56884,95700
'13NF2',10903,56884,102000
'13NF2',10903,56884,104200
'13NF2',10903,56884,110500
'13NF2',10903,56884,112800
'13NF2',10903,56884,115000
'13NF2',10903,56884,121300
'13NF2',10903,56884,123600
'13NF2',10903,56884,125800
'13NF2',10903,56884,132100
'13NF2',10903,56884,134400
'13NF2',10903,56884,140600
'13NF2',10903,56884,142900
'13NF2',10903,56884,145200
'13NF2',10903,56884,151400
'13NF2',10903,56884,153600
'13NF2',10903,56884,155900
'13NF2',10903,56884,162100
'13NF2',10903,56884,164400
'13NF2',10903,56884,170600
'13NF2',10903,56884,172900
'13NF2',10903,56884,175200
'13NF2',10903,56884,181500
'13NF2',10903,56884,183700
'13NF2',10903,56884,185900
'13NF2',10903,56884,192100
'13NF2',10903,56884,194200
'13NF2',10903,56884,200300
'13NF2',10903,56884,202400
'13NF2',10903,56884,204500
'13NF2',10903,56884,210600
'13NF2',10903,56884,212700
'13NF2',10903,56884,214900
'13NF2',10903,56884,221100
'13NF2',10903,56906,62900
'13NF2',10903,56906,65200
'13NF2',10903,56906,71400
'13NF2',10903,56906,73500
'13NF2',10903,56906,75700
'13NF2',10903,56906,81800
'13NF2',10903,56906,83900
'13NF2',10903,56906,90000
'13NF2',10903,56906,92200
'13NF2',10903,56906,94500
'13NF2',10903,56906,100900
'13NF2',10903,56906,103200
'13NF2',10903,56906,105400
'13NF2',10903,56906,111700
'13NF2',10903,56906,114000
'13NF2',10903,56906,120200
'13NF2',10903,56906,122500
'13NF2',10903,56906,124800
'13NF2',10903,56906,131000
'13NF2',10903,56906,133300
'13NF2',10903,56906,135600
'13NF2',10903,56906,141800
'13NF2',10903,56906,144100
'13NF2',10903,56906,150300
'13NF2',10903,56906,152500
'13NF2',10903,56906,154700
'13NF2',10903,56906,161000
'13NF2',10903,56906,163200
'13NF2',10903,56906,165400
'13NF2',10903,56906,171600
'13NF2',10903,56906,173900
'13NF2',10903,56906,180200
'13NF2',10903,56906,182500
'13NF2',10903,56906,184700
'13NF2',10903,56906,190900
'13NF2',10903,56906,193100
'13NF2',10903,56906,195200
'13NF2',10903,56906,201300
'13NF2',10903,56906,203400
'13NF2',10903,56906,205500
'13NF2',10903,56906,211600
'13NF2',10903,56906,213700
'13NF2',10903,56906,215900
'13NF2',10903,56906,222100
'13NF2',10903,56912,61900
'13NF2',10903,56912,64200
'13NF2',10903,56912,70300
'13NF2',10903,56912,72400
'13NF2',10903,56912,74600
'13NF2',10903,56912,80700
'13NF2',10903,56912,82800
'13NF2',10903,56912,84900
'13NF2',10903,56912,91100
'13NF2',10903,56912,93300
'13NF2',10903,56912,95600
'13NF2',10903,56912,101900
'13NF2',10903,56912,104100
'13NF2',10903,56912,110400
'13NF2',10903,56912,112700
'13NF2',10903,56912,114900
'13NF2',10903,56912,121200
'13NF2',10903,56912,123500
'13NF2',10903,56912,125700
'13NF2',10903,56912,132000
'13NF2',10903,56912,134300
'13NF2',10903,56912,140500
'13NF2',10903,56912,142800
'13NF2',10903,56912,145100
'13NF2',10903,56912,151300
'13NF2',10903,56912,153500
'13NF2',10903,56912,155800
'13NF2',10903,56912,162000
'13NF2',10903,56912,164300
'13NF2',10903,56912,170500
'13NF2',10903,56912,172800
'13NF2',10903,56912,175100
'13NF2',10903,56912,181400
'13NF2',10903,56912,183600
'13NF2',10903,56912,185800
'13NF2',10903,56912,192000
'13NF2',10903,56912,194100
'13NF2',10903,56912,200200
'13NF2',10903,56912,202300
'13NF2',10903,56912,204400
'13NF2',10903,56912,210500
'13NF2',10903,56912,212600
'13NF2',10903,56912,214800
'13NF2',10903,56912,221000
'13NF2',10903,56922,61900
'13NF2',10903,56922,64200
'13NF2',10903,56922,70300
'13NF2',10903,56922,72400
'13NF2',10903,56922,74600
'13NF2',10903,56922,80700
'13NF2',10903,56922,82800
'13NF2',10903,56922,84900
'13NF2',10903,56922,91000
'13NF2',10903,56922,93200
'13NF2',10903,56922,95500
'13NF2',10903,56922,101800
'13NF2',10903,56922,104000
'13NF2',10903,56922,110300
'13NF2',10903,56922,112600
'13NF2',10903,56922,114800
'13NF2',10903,56922,121100
'13NF2',10903,56922,123400
'13NF2',10903,56922,125600
'13NF2',10903,56922,131900
'13NF2',10903,56922,134200
'13NF2',10903,56922,140400
'13NF2',10903,56922,142700
'13NF2',10903,56922,145000
'13NF2',10903,56922,151200
'13NF2',10903,56922,153500
'13NF2',10903,56922,155800
'13NF2',10903,56922,162000
'13NF2',10903,56922,164300
'13NF2',10903,56922,170500
'13NF2',10903,56922,172800
'13NF2',10903,56922,175100
'13NF2',10903,56922,181400
'13NF2',10903,56922,183600
'13NF2',10903,56922,185800
'13NF2',10903,56922,192000
'13NF2',10903,56922,194100
'13NF2',10903,56922,200200
'13NF2',10903,56922,202300
'13NF2',10903,56922,204400
'13NF2',10903,56922,210500
'13NF2',10903,56922,212600
'13NF2',10903,56922,214800
'13NF2',10903,56922,221000
'13NF2',10903,56948,61800
'13NF2',10903,56948,64100
'13NF2',10903,56948,70200
'13NF2',10903,56948,72300
'13NF2',10903,56948,74400
'13NF2',10903,56948,80500
'13NF2',10903,56948,82600
'13NF2',10903,56948,84700
'13NF2',10903,56948,90900
'13NF2',10903,56948,93100
'13NF2',10903,56948,95400
'13NF2',10903,56948,101700
'13NF2',10903,56948,103900
'13NF2',10903,56948,110200
'13NF2',10903,56948,112500
'13NF2',10903,56948,114700
'13NF2',10903,56948,121000
'13NF2',10903,56948,123300
'13NF2',10903,56948,125500
'13NF2',10903,56948,131800
'13NF2',10903,56948,134100
'13NF2',10903,56948,140300
'13NF2',10903,56948,142600
'13NF2',10903,56948,144900
'13NF2',10903,56948,151100
'13NF2',10903,56948,153300
'13NF2',10903,56948,155600
'13NF2',10903,56948,161800
'13NF2',10903,56948,164100
'13NF2',10903,56948,170300
'13NF2',10903,56948,172600
'13NF2',10903,56948,174900
'13NF2',10903,56948,181200
'13NF2',10903,56948,183400
'13NF2',10903,56948,185600
'13NF2',10903,56948,191800
'13NF2',10903,56948,193900
'13NF2',10903,56948,200000
'13NF2',10903,56948,202100
'13NF2',10903,56948,204200
'13NF2',10903,56948,210300
'13NF2',10903,56948,212400
'13NF2',10903,56948,214600
'13NF2',10903,56948,220800
'13NF2',10903,56964,61700
'13NF2',10903,56964,64000
'13NF2',10903,56964,70100
'13NF2',10903,56964,72200
'13NF2',10903,56964,74400
'13NF2',10903,56964,80500
'13NF2',10903,56964,82600
'13NF2',10903,56964,84700
'13NF2',10903,56964,90800
'13NF2',10903,56964,93000
'13NF2',10903,56964,95300
'13NF2',10903,56964,101600
'13NF2',10903,56964,103800
'13NF2',10903,56964,110100
'13NF2',10903,56964,112400
'13NF2',10903,56964,114600
'13NF2',10903,56964,120900
'13NF2',10903,56964,123200
'13NF2',10903,56964,125400
'13NF2',10903,56964,131700
'13NF2',10903,56964,134000
'13NF2',10903,56964,140200
'13NF2',10903,56964,142500
'13NF2',10903,56964,144800
'13NF2',10903,56964,151000
'13NF2',10903,56964,153300
'13NF2',10903,56964,155600
'13NF2',10903,56964,161800
'13NF2',10903,56964,164100
'13NF2',10903,56964,170300
'13NF2',10903,56964,172600
'13NF2',10903,56964,174900
'13NF2',10903,56964,181200
'13NF2',10903,56964,183400
'13NF2',10903,56964,185600
'13NF2',10903,56964,191800
'13NF2',10903,56964,193900
'13NF2',10903,56964,200000
'13NF2',10903,56964,202100
'13NF2',10903,56964,204200
'13NF2',10903,56964,210300
'13NF2',10903,56964,212400
'13NF2',10903,56964,214600
'13NF2',10903,56964,220800
'13NF2',10903,56972,61600
'13NF2',10903,56972,63900
'13NF2',10903,56972,70000
'13NF2',10903,56972,72100
'13NF2',10903,56972,74300
'13NF2',10903,56972,80400
'13NF2',10903,56972,82500
'13NF2',10903,56972,84600
'13NF2',10903,56972,90700
'13NF2',10903,56972,92900
'13NF2',10903,56972,95200
'13NF2',10903,56972,101500
'13NF2',10903,56972,103700
'13NF2',10903,56972,110000
'13NF2',10903,56972,112300
'13NF2',10903,56972,114500
'13NF2',10903,56972,120800
'13NF2',10903,56972,123100
'13NF2',10903,56972,125300
'13NF2',10903,56972,131600
'13NF2',10903,56972,133900
'13NF2',10903,56972,140100
'13NF2',10903,56972,142400
'13NF2',10903,56972,144700
'13NF2',10903,56972,150900
'13NF2',10903,56972,153200
'13NF2',10903,56972,155500
'13NF2',10903,56972,161700
'13NF2',10903,56972,164000
'13NF2',10903,56972,170200
'13NF2',10903,56972,172500
'13NF2',10903,56972,174800
'13NF2',10903,56972,181100
'13NF2',10903,56972,183300
'13NF2',10903,56972,185500
'13NF2',10903,56972,191700
'13NF2',10903,56972,193800
'13NF2',10903,56972,195900
'13NF2',10903,56972,202000
'13NF2',10903,56972,204100
'13NF2',10903,56972,210200
'13NF2',10903,56972,212300
'13NF2',10903,56972,214500
'13NF2',10903,56972,220700
'13NF2',10903,56976,61500
'13NF2',10903,56976,63800
'13NF2',10903,56976,65900
'13NF2',10903,56976,72000
'13NF2',10903,56976,74100
'13NF2',10903,56976,80200
'13NF2',10903,56976,82300
'13NF2',10903,56976,84400
'13NF2',10903,56976,90500
'13NF2',10903,56976,92700
'13NF2',10903,56976,95000
'13NF2',10903,56976,101300
'13NF2',10903,56976,103500
'13NF2',10903,56976,105800
'13NF2',10903,56976,112100
'13NF2',10903,56976,114300
'13NF2',10903,56976,120600
'13NF2',10903,56976,122900
'13NF2',10903,56976,125100
'13NF2',10903,56976,131400
'13NF2',10903,56976,133700
'13NF2',10903,56976,135900
'13NF2',10903,56976,142200
'13NF2',10903,56976,144500
'13NF2',10903,56976,150700
'13NF2',10903,56976,153000
'13NF2',10903,56976,155300
'13NF2',10903,56976,161500
'13NF2',10903,56976,163800
'13NF2',10903,56976,170000
'13NF2',10903,56976,172300
'13NF2',10903,56976,174600
'13NF2',10903,56976,180900
'13NF2',10903,56976,183100
'13NF2',10903,56976,185300
'13NF2',10903,56976,191500
'13NF2',10903,56976,193600
'13NF2',10903,56976,195700
'13NF2',10903,56976,201800
'13NF2',10903,56976,203900
'13NF2',10903,56976,210000
'13NF2',10903,56976,212100
'13NF2',10903,56976,214300
'13NF2',10903,56976,220500
'13NF2',10903,56981,61400
'13NF2',10903,56981,63700
'13NF2',10903,56981,65800
'13NF2',10903,56981,71900
'13NF2',10903,56981,74000
'13NF2',10903,56981,80100
'13NF2',10903,56981,82200
'13NF2',10903,56981,84300
'13NF2',10903,56981,90400
'13NF2',10903,56981,92600
'13NF2',10903,56981,94900
'13NF2',10903,56981,101200
'13NF2',10903,56981,103400
'13NF2',10903,56981,105700
'13NF2',10903,56981,112000
'13NF2',10903,56981,114200
'13NF2',10903,56981,120500
'13NF2',10903,56981,122800
'13NF2',10903,56981,125000
'13NF2',10903,56981,131300
'13NF2',10903,56981,133600
'13NF2',10903,56981,135800
'13NF2',10903,56981,142100
'13NF2',10903,56981,144400
'13NF2',10903,56981,150600
'13NF2',10903,56981,152900
'13NF2',10903,56981,155200
'13NF2',10903,56981,161400
'13NF2',10903,56981,163700
'13NF2',10903,56981,165900
'13NF2',10903,56981,172200
'13NF2',10903,56981,174500
'13NF2',10903,56981,180800
'13NF2',10903,56981,183000
'13NF2',10903,56981,185200
'13NF2',10903,56981,191400
'13NF2',10903,56981,193500
'13NF2',10903,56981,195600
'13NF2',10903,56981,201700
'13NF2',10903,56981,203800
'13NF2',10903,56981,205900
'13NF2',10903,56981,212000
'13NF2',10903,56981,214200
'13NF2',10903,56981,220400
'13NF2',10903,57004,61300
'13NF2',10903,57004,63600
'13NF2',10903,57004,65700
'13NF2',10903,57004,71800
'13NF2',10903,57004,73900
'13NF2',10903,57004,80000
'13NF2',10903,57004,82100
'13NF2',10903,57004,84200
'13NF2',10903,57004,90300
'13NF2',10903,57004,92500
'13NF2',10903,57004,94800
'13NF2',10903,57004,101100
'13NF2',10903,57004,103300
'13NF2',10903,57004,105600
'13NF2',10903,57004,111900
'13NF2',10903,57004,114100
'13NF2',10903,57004,120400
'13NF2',10903,57004,122700
'13NF2',10903,57004,124900
'13NF2',10903,57004,131200
'13NF2',10903,57004,133500
'13NF2',10903,57004,135700
'13NF2',10903,57004,142000
'13NF2',10903,57004,144300
'13NF2',10903,57004,150500
'13NF2',10903,57004,152800
'13NF2',10903,57004,155100
'13NF2',10903,57004,161300
'13NF2',10903,57004,163600
'13NF2',10903,57004,165800
'13NF2',10903,57004,172100
'13NF2',10903,57004,174400
'13NF2',10903,57004,180700
'13NF2',10903,57004,182900
'13NF2',10903,57004,185100
'13NF2',10903,57004,191300
'13NF2',10903,57004,193400
'13NF2',10903,57004,195500
'13NF2',10903,57004,201600
'13NF2',10903,57004,203700
'13NF2',10903,57004,205800
'13NF2',10903,57004,211900
'13NF2',10903,57004,214100
'13NF2',10903,57004,220300
'13NF2',10903,57014,61100
'13NF2',10903,57014,63400
'13NF2',10903,57014,65500
'13NF2',10903,57014,71600
'13NF2',10903,57014,73700
'13NF2',10903,57014,75800
'13NF2',10903,57014,81900
'13NF2',10903,57014,84000
'13NF2',10903,57014,90200
'13NF2',10903,57014,92400
'13NF2',10903,57014,94700
'13NF2',10903,57014,101000
'13NF2',10903,57014,103200
'13NF2',10903,57014,105500
'13NF2',10903,57014,111800
'13NF2',10903,57014,114000
'13NF2',10903,57014,120300
'13NF2',10903,57014,122600
'13NF2',10903,57014,124800
'13NF2',10903,57014,131100
'13NF2',10903,57014,133400
'13NF2',10903,57014,135600
'13NF2',10903,57014,141900
'13NF2',10903,57014,144200
'13NF2',10903,57014,150400
'13NF2',10903,57014,152600
'13NF2',10903,57014,154900
'13NF2',10903,57014,161100
'13NF2',10903,57014,163400
'13NF2',10903,57014,165600
'13NF2',10903,57014,171900
'13NF2',10903,57014,174200
'13NF2',10903,57014,180500
'13NF2',10903,57014,182700
'13NF2',10903,57014,184900
'13NF2',10903,57014,191100
'13NF2',10903,57014,193200
'13NF2',10903,57014,195300
'13NF2',10903,57014,201400
'13NF2',10903,57014,203500
'13NF2',10903,57014,205600
'13NF2',10903,57014,211700
'13NF2',10903,57014,213900
'13NF2',10903,57014,220100
'13NF2',10903,57016,61100
'13NF2',10903,57016,63400
'13NF2',10903,57016,65500
'13NF2',10903,57016,71600
'13NF2',10903,57016,73700
'13NF2',10903,57016,75800
'13NF2',10903,57016,81900
'13NF2',10903,57016,84000
'13NF2',10903,57016,90100
'13NF2',10903,57016,92300
'13NF2',10903,57016,94600
'13NF2',10903,57016,100900
'13NF2',10903,57016,103100
'13NF2',10903,57016,105400
'13NF2',10903,57016,111700
'13NF2',10903,57016,113900
'13NF2',10903,57016,120200
'13NF2',10903,57016,122500
'13NF2',10903,57016,124700
'13NF2',10903,57016,131000
'13NF2',10903,57016,133300
'13NF2',10903,57016,135500
'13NF2',10903,57016,141800
'13NF2',10903,57016,144100
'13NF2',10903,57016,150300
'13NF2',10903,57016,152600
'13NF2',10903,57016,154900
'13NF2',10903,57016,161100
'13NF2',10903,57016,163400
'13NF2',10903,57016,165600
'13NF2',10903,57016,171900
'13NF2',10903,57016,174200
'13NF2',10903,57016,180500
'13NF2',10903,57016,182700
'13NF2',10903,57016,184900
'13NF2',10903,57016,191100
'13NF2',10903,57016,193200
'13NF2',10903,57016,195300
'13NF2',10903,57016,201400
'13NF2',10903,57016,203500
'13NF2',10903,57016,205600
'13NF2',10903,57016,211700
'13NF2',10903,57016,213900
'13NF2',10903,57016,220100
'13NF2',10903,57018,61100
'13NF2',10903,57018,63400
'13NF2',10903,57018,65500
'13NF2',10903,57018,71600
'13NF2',10903,57018,73700
'13NF2',10903,57018,75800
'13NF2',10903,57018,81900
'13NF2',10903,57018,84000
'13NF2',10903,57018,90100
'13NF2',10903,57018,92300
'13NF2',10903,57018,94600
'13NF2',10903,57018,100900
'13NF2',10903,57018,103100
'13NF2',10903,57018,105400
'13NF2',10903,57018,111700
'13NF2',10903,57018,113900
'13NF2',10903,57018,120200
'13NF2',10903,57018,122500
'13NF2',10903,57018,124700
'13NF2',10903,57018,131000
'13NF2',10903,57018,133300
'13NF2',10903,57018,135500
'13NF2',10903,57018,141800
'13NF2',10903,57018,144100
'13NF2',10903,57018,150300
'13NF2',10903,57018,152600
'13NF2',10903,57018,154900
'13NF2',10903,57018,161100
'13NF2',10903,57018,163400
'13NF2',10903,57018,165600
'13NF2',10903,57018,171900
'13NF2',10903,57018,174200
'13NF2',10903,57018,180500
'13NF2',10903,57018,182700
'13NF2',10903,57018,184900
'13NF2',10903,57018,191100
'13NF2',10903,57018,193200
'13NF2',10903,57018,195300
'13NF2',10903,57018,201400
'13NF2',10903,57018,203500
'13NF2',10903,57018,205600
'13NF2',10903,57018,211700
'13NF2',10903,57018,213900
'13NF2',10903,57018,220100
'13NF2',10903,57023,61000
'13NF2',10903,57023,63300
'13NF2',10903,57023,65400
'13NF2',10903,57023,71500
'13NF2',10903,57023,73600
'13NF2',10903,57023,75700
'13NF2',10903,57023,81800
'13NF2',10903,57023,83900
'13NF2',10903,57023,90000
'13NF2',10903,57023,92200
'13NF2',10903,57023,94500
'13NF2',10903,57023,100800
'13NF2',10903,57023,103000
'13NF2',10903,57023,105300
'13NF2',10903,57023,111600
'13NF2',10903,57023,113800
'13NF2',10903,57023,120100
'13NF2',10903,57023,122400
'13NF2',10903,57023,124600
'13NF2',10903,57023,130900
'13NF2',10903,57023,133200
'13NF2',10903,57023,135400
'13NF2',10903,57023,141700
'13NF2',10903,57023,144000
'13NF2',10903,57023,150200
'13NF2',10903,57023,152500
'13NF2',10903,57023,154800
'13NF2',10903,57023,161000
'13NF2',10903,57023,163300
'13NF2',10903,57023,165500
'13NF2',10903,57023,171800
'13NF2',10903,57023,174100
'13NF2',10903,57023,180400
'13NF2',10903,57023,182600
'13NF2',10903,57023,184800
'13NF2',10903,57023,191000
'13NF2',10903,57023,193100
'13NF2',10903,57023,195200
'13NF2',10903,57023,201300
'13NF2',10903,57023,203400
'13NF2',10903,57023,205500
'13NF2',10903,57023,211600
'13NF2',10903,57023,213800
'13NF2',10903,57023,220000
'13NF2',10903,57036,62800
'13NF2',10903,57036,65100
'13NF2',10903,57036,71200
'13NF2',10903,57036,73300
'13NF2',10903,57036,75500
'13NF2',10903,57036,81600
'13NF2',10903,57036,83700
'13NF2',10903,57036,85800
'13NF2',10903,57036,92100
'13NF2',10903,57036,94300
'13NF2',10903,57036,100700
'13NF2',10903,57036,103000
'13NF2',10903,57036,105200
'13NF2',10903,57036,111500
'13NF2',10903,57036,113800
'13NF2',10903,57036,120000
'13NF2',10903,57036,122300
'13NF2',10903,57036,124600
'13NF2',10903,57036,130800
'13NF2',10903,57036,133100
'13NF2',10903,57036,135400
'13NF2',10903,57036,141600
'13NF2',10903,57036,143900
'13NF2',10903,57036,150100
'13NF2',10903,57036,152300
'13NF2',10903,57036,154500
'13NF2',10903,57036,160800
'13NF2',10903,57036,163000
'13NF2',10903,57036,165300
'13NF2',10903,57036,171500
'13NF2',10903,57036,173800
'13NF2',10903,57036,180100
'13NF2',10903,57036,182400
'13NF2',10903,57036,184600
'13NF2',10903,57036,190800
'13NF2',10903,57036,193000
'13NF2',10903,57036,195100
'13NF2',10903,57036,201200
'13NF2',10903,57036,203300
'13NF2',10903,57036,205400
'13NF2',10903,57036,211500
'13NF2',10903,57036,213600
'13NF2',10903,57036,215800
'13NF2',10903,57036,222000
'13NF2',10903,57041,63200
'13NF2',10903,57041,65500
'13NF2',10903,57041,71700
'13NF2',10903,57041,73800
'13NF2',10903,57041,80000
'13NF2',10903,57041,82100
'13NF2',10903,57041,84200
'13NF2',10903,57041,90300
'13NF2',10903,57041,92600
'13NF2',10903,57041,94900
'13NF2',10903,57041,101300
'13NF2',10903,57041,103600
'13NF2',10903,57041,105800
'13NF2',10903,57041,112100
'13NF2',10903,57041,114400
'13NF2',10903,57041,120600
'13NF2',10903,57041,122900
'13NF2',10903,57041,125200
'13NF2',10903,57041,131400
'13NF2',10903,57041,133700
'13NF2',10903,57041,140000
'13NF2',10903,57041,142200
'13NF2',10903,57041,144500
'13NF2',10903,57041,150700
'13NF2',10903,57041,152900
'13NF2',10903,57041,155100
'13NF2',10903,57041,161400
'13NF2',10903,57041,163600
'13NF2',10903,57041,165800
'13NF2',10903,57041,172000
'13NF2',10903,57041,174300
'13NF2',10903,57041,180600
'13NF2',10903,57041,182900
'13NF2',10903,57041,185100
'13NF2',10903,57041,191300
'13NF2',10903,57041,193500
'13NF2',10903,57041,195600
'13NF2',10903,57041,201700
'13NF2',10903,57041,203800
'13NF2',10903,57041,205900
'13NF2',10903,57041,212000
'13NF2',10903,57041,214100
'13NF2',10903,57041,220300
'13NF2',10903,57041,222500
'13NF2',10903,57042,62800
'13NF2',10903,57042,65100
'13NF2',10903,57042,71300
'13NF2',10903,57042,73400
'13NF2',10903,57042,75600
'13NF2',10903,57042,81700
'13NF2',10903,57042,83800
'13NF2',10903,57042,85900
'13NF2',10903,57042,92200
'13NF2',10903,57042,94400
'13NF2',10903,57042,100800
'13NF2',10903,57042,103100
'13NF2',10903,57042,105300
'13NF2',10903,57042,111600
'13NF2',10903,57042,113900
'13NF2',10903,57042,120100
'13NF2',10903,57042,122400
'13NF2',10903,57042,124700
'13NF2',10903,57042,130900
'13NF2',10903,57042,133200
'13NF2',10903,57042,135500
'13NF2',10903,57042,141700
'13NF2',10903,57042,144000
'13NF2',10903,57042,150200
'13NF2',10903,57042,152400
'13NF2',10903,57042,154600
'13NF2',10903,57042,160900
'13NF2',10903,57042,163100
'13NF2',10903,57042,165400
'13NF2',10903,57042,171600
'13NF2',10903,57042,173900
'13NF2',10903,57042,180200
'13NF2',10903,57042,182500
'13NF2',10903,57042,184700
'13NF2',10903,57042,190900
'13NF2',10903,57042,193100
'13NF2',10903,57042,195200
'13NF2',10903,57042,201300
'13NF2',10903,57042,203400
'13NF2',10903,57042,205500
'13NF2',10903,57042,211600
'13NF2',10903,57042,213700
'13NF2',10903,57042,215900
'13NF2',10903,57042,222100
'13NF2',10903,57044,61200
'13NF2',10903,57044,63500
'13NF2',10903,57044,65600
'13NF2',10903,57044,71700
'13NF2',10903,57044,73800
'13NF2',10903,57044,75900
'13NF2',10903,57044,82000
'13NF2',10903,57044,84100
'13NF2',10903,57044,90200
'13NF2',10903,57044,92400
'13NF2',10903,57044,94700
'13NF2',10903,57044,101000
'13NF2',10903,57044,103200
'13NF2',10903,57044,105500
'13NF2',10903,57044,111800
'13NF2',10903,57044,114000
'13NF2',10903,57044,120300
'13NF2',10903,57044,122600
'13NF2',10903,57044,124800
'13NF2',10903,57044,131100
'13NF2',10903,57044,133400
'13NF2',10903,57044,135600
'13NF2',10903,57044,141900
'13NF2',10903,57044,144200
'13NF2',10903,57044,150400
'13NF2',10903,57044,152700
'13NF2',10903,57044,155000
'13NF2',10903,57044,161200
'13NF2',10903,57044,163500
'13NF2',10903,57044,165700
'13NF2',10903,57044,172000
'13NF2',10903,57044,174300
'13NF2',10903,57044,180600
'13NF2',10903,57044,182800
'13NF2',10903,57044,185000
'13NF2',10903,57044,191200
'13NF2',10903,57044,193300
'13NF2',10903,57044,195400
'13NF2',10903,57044,201500
'13NF2',10903,57044,203600
'13NF2',10903,57044,205700
'13NF2',10903,57044,211800
'13NF2',10903,57044,214000
'13NF2',10903,57044,220200
'13NF2',10903,57094,61500
'13NF2',10903,57094,63800
'13NF2',10903,57094,65900
'13NF2',10903,57094,72000
'13NF2',10903,57094,74200
'13NF2',10903,57094,80300
'13NF2',10903,57094,82400
'13NF2',10903,57094,84500
'13NF2',10903,57094,90600
'13NF2',10903,57094,92800
'13NF2',10903,57094,95100
'13NF2',10903,57094,101400
'13NF2',10903,57094,103600
'13NF2',10903,57094,105900
'13NF2',10903,57094,112200
'13NF2',10903,57094,114400
'13NF2',10903,57094,120700
'13NF2',10903,57094,123000
'13NF2',10903,57094,125200
'13NF2',10903,57094,131500
'13NF2',10903,57094,133800
'13NF2',10903,57094,140000
'13NF2',10903,57094,142300
'13NF2',10903,57094,144600
'13NF2',10903,57094,150800
'13NF2',10903,57094,153100
'13NF2',10903,57094,155400
'13NF2',10903,57094,161600
'13NF2',10903,57094,163900
'13NF2',10903,57094,170100
'13NF2',10903,57094,172400
'13NF2',10903,57094,174700
'13NF2',10903,57094,181000
'13NF2',10903,57094,183200
'13NF2',10903,57094,185400
'13NF2',10903,57094,191600
'13NF2',10903,57094,193700
'13NF2',10903,57094,195800
'13NF2',10903,57094,201900
'13NF2',10903,57094,204000
'13NF2',10903,57094,210100
'13NF2',10903,57094,212200
'13NF2',10903,57094,214400
'13NF2',10903,57094,220600
'13NF2',10903,57108,63200
'13NF2',10903,57108,65500
'13NF2',10903,57108,71600
'13NF2',10903,57108,73700
'13NF2',10903,57108,75900
'13NF2',10903,57108,82000
'13NF2',10903,57108,84100
'13NF2',10903,57108,90200
'13NF2',10903,57108,92500
'13NF2',10903,57108,94800
'13NF2',10903,57108,101200
'13NF2',10903,57108,103500
'13NF2',10903,57108,105700
'13NF2',10903,57108,112000
'13NF2',10903,57108,114300
'13NF2',10903,57108,120500
'13NF2',10903,57108,122800
'13NF2',10903,57108,125100
'13NF2',10903,57108,131300
'13NF2',10903,57108,133600
'13NF2',10903,57108,135900
'13NF2',10903,57108,142100
'13NF2',10903,57108,144400
'13NF2',10903,57108,150600
'13NF2',10903,57108,152800
'13NF2',10903,57108,155000
'13NF2',10903,57108,161300
'13NF2',10903,57108,163500
'13NF2',10903,57108,165700
'13NF2',10903,57108,171900
'13NF2',10903,57108,174200
'13NF2',10903,57108,180500
'13NF2',10903,57108,182800
'13NF2',10903,57108,185000
'13NF2',10903,57108,191200
'13NF2',10903,57108,193400
'13NF2',10903,57108,195500
'13NF2',10903,57108,201600
'13NF2',10903,57108,203700
'13NF2',10903,57108,205800
'13NF2',10903,57108,211900
'13NF2',10903,57108,214000
'13NF2',10903,57108,220200
'13NF2',10903,57108,222400
'13NF2',10903,57109,63000
'13NF2',10903,57109,65300
'13NF2',10903,57109,71500
'13NF2',10903,57109,73600
'13NF2',10903,57109,75800
'13NF2',10903,57109,81900
'13NF2',10903,57109,84000
'13NF2',10903,57109,90100
'13NF2',10903,57109,92400
'13NF2',10903,57109,94700
'13NF2',10903,57109,101000
'13NF2',10903,57109,103300
'13NF2',10903,57109,105500
'13NF2',10903,57109,111800
'13NF2',10903,57109,114100
'13NF2',10903,57109,120300
'13NF2',10903,57109,122600
'13NF2',10903,57109,124900
'13NF2',10903,57109,131100
'13NF2',10903,57109,133400
'13NF2',10903,57109,135700
'13NF2',10903,57109,141900
'13NF2',10903,57109,144200
'13NF2',10903,57109,150500
'13NF2',10903,57109,152700
'13NF2',10903,57109,154900
'13NF2',10903,57109,161200
'13NF2',10903,57109,163400
'13NF2',10903,57109,165600
'13NF2',10903,57109,171800
'13NF2',10903,57109,174100
'13NF2',10903,57109,180400
'13NF2',10903,57109,182700
'13NF2',10903,57109,184900
'13NF2',10903,57109,191100
'13NF2',10903,57109,193300
'13NF2',10903,57109,195400
'13NF2',10903,57109,201500
'13NF2',10903,57109,203600
'13NF2',10903,57109,205700
'13NF2',10903,57109,211800
'13NF2',10903,57109,213900
'13NF2',10903,57109,220100
'13NF2',10903,57109,222300
'13NF2',10903,60633,63300
'13NF2',10903,60633,65600
'13NF2',10903,60633,71800
'13NF2',10903,60633,73900
'13NF2',10903,60633,80100
'13NF2',10903,60633,82200
'13NF2',10903,60633,84300
'13NF2',10903,60633,90400
'13NF2',10903,60633,92700
'13NF2',10903,60633,95000
'13NF2',10903,60633,101400
'13NF2',10903,60633,103700
'13NF2',10903,60633,105900
'13NF2',10903,60633,112200
'13NF2',10903,60633,114500
'13NF2',10903,60633,120700
'13NF2',10903,60633,123000
'13NF2',10903,60633,125300
'13NF2',10903,60633,131500
'13NF2',10903,60633,133800
'13NF2',10903,60633,140100
'13NF2',10903,60633,142300
'13NF2',10903,60633,144600
'13NF2',10903,60633,150800
'13NF2',10903,60633,153000
'13NF2',10903,60633,155200
'13NF2',10903,60633,161500
'13NF2',10903,60633,163700
'13NF2',10903,60633,165900
'13NF2',10903,60633,172100
'13NF2',10903,60633,174400
'13NF2',10903,60633,180700
'13NF2',10903,60633,183000
'13NF2',10903,60633,185200
'13NF2',10903,60633,191400
'13NF2',10903,60633,193600
'13NF2',10903,60633,195700
'13NF2',10903,60633,201800
'13NF2',10903,60633,203900
'13NF2',10903,60633,210000
'13NF2',10903,60633,212100
'13NF2',10903,60633,214200
'13NF2',10903,60633,220400
'13NF2',10903,60633,222600
'13NF2',10904,54112,60000
'13NF2',10904,54112,62100
'13NF2',10904,54112,64200
'13NF2',10904,54112,70300
'13NF2',10904,54112,72400
'13NF2',10904,54112,74500
'13NF2',10904,54112,80600
'13NF2',10904,54112,82700
'13NF2',10904,54112,84800
'13NF2',10904,54112,91000
'13NF2',10904,54112,93300
'13NF2',10904,54112,95500
'13NF2',10904,54112,101800
'13NF2',10904,54112,104100
'13NF2',10904,54112,110300
'13NF2',10904,54112,112600
'13NF2',10904,54112,114900
'13NF2',10904,54112,121100
'13NF2',10904,54112,123400
'13NF2',10904,54112,125700
'13NF2',10904,54112,131900
'13NF2',10904,54112,134200
'13NF2',10904,54112,140500
'13NF2',10904,54112,142700
'13NF2',10904,54112,145000
'13NF2',10904,54112,151300
'13NF2',10904,54112,153500
'13NF2',10904,54112,155800
'13NF2',10904,54112,162000
'13NF2',10904,54112,164300
'13NF2',10904,54112,170600
'13NF2',10904,54112,172900
'13NF2',10904,54112,175100
'13NF2',10904,54112,181400
'13NF2',10904,54112,183600
'13NF2',10904,54112,185800
'13NF2',10904,54112,191900
'13NF2',10904,54112,194000
'13NF2',10904,54112,200100
'13NF2',10904,54112,202200
'13NF2',10904,54112,204300
'13NF2',10904,54112,210400
'13NF2',10904,54112,212500
'13NF2',10904,54112,214700
'13NF2',10904,54112,220900
'13NF2',10904,54112,223200
'13NF2',10904,56723,61200
'13NF2',10904,56723,63300
'13NF2',10904,56723,65400
'13NF2',10904,56723,71500
'13NF2',10904,56723,73600
'13NF2',10904,56723,75700
'13NF2',10904,56723,81800
'13NF2',10904,56723,83900
'13NF2',10904,56723,90000
'13NF2',10904,56723,92200
'13NF2',10904,56723,94500
'13NF2',10904,56723,100700
'13NF2',10904,56723,103000
'13NF2',10904,56723,105400
'13NF2',10904,56723,111600
'13NF2',10904,56723,113900
'13NF2',10904,56723,120200
'13NF2',10904,56723,122400
'13NF2',10904,56723,124700
'13NF2',10904,56723,131000
'13NF2',10904,56723,133200
'13NF2',10904,56723,135500
'13NF2',10904,56723,141800
'13NF2',10904,56723,144000
'13NF2',10904,56723,150300
'13NF2',10904,56723,152600
'13NF2',10904,56723,154800
'13NF2',10904,56723,161100
'13NF2',10904,56723,163300
'13NF2',10904,56723,165600
'13NF2',10904,56723,171900
'13NF2',10904,56723,174200
'13NF2',10904,56723,180400
'13NF2',10904,56723,182600
'13NF2',10904,56723,184800
'13NF2',10904,56723,191000
'13NF2',10904,56723,193100
'13NF2',10904,56723,195200
'13NF2',10904,56723,201300
'13NF2',10904,56723,203400
'13NF2',10904,56723,205500
'13NF2',10904,56723,211600
'13NF2',10904,56723,213700
'13NF2',10904,56723,215900
'13NF2',10904,56723,222100
'13NF2',10904,56723,224400
'13NF2',10904,56838,61300
'13NF2',10904,56838,63400
'13NF2',10904,56838,65500
'13NF2',10904,56838,71600
'13NF2',10904,56838,73700
'13NF2',10904,56838,75800
'13NF2',10904,56838,81900
'13NF2',10904,56838,84000
'13NF2',10904,56838,90100
'13NF2',10904,56838,92400
'13NF2',10904,56838,94700
'13NF2',10904,56838,100900
'13NF2',10904,56838,103200
'13NF2',10904,56838,105600
'13NF2',10904,56838,111800
'13NF2',10904,56838,114100
'13NF2',10904,56838,120400
'13NF2',10904,56838,122600
'13NF2',10904,56838,124900
'13NF2',10904,56838,131200
'13NF2',10904,56838,133400
'13NF2',10904,56838,135700
'13NF2',10904,56838,142000
'13NF2',10904,56838,144200
'13NF2',10904,56838,150500
'13NF2',10904,56838,152800
'13NF2',10904,56838,155000
'13NF2',10904,56838,161300
'13NF2',10904,56838,163500
'13NF2',10904,56838,165800
'13NF2',10904,56838,172100
'13NF2',10904,56838,174400
'13NF2',10904,56838,180600
'13NF2',10904,56838,182800
'13NF2',10904,56838,184900
'13NF2',10904,56838,191100
'13NF2',10904,56838,193200
'13NF2',10904,56838,195300
'13NF2',10904,56838,201400
'13NF2',10904,56838,203500
'13NF2',10904,56838,205600
'13NF2',10904,56838,211700
'13NF2',10904,56838,213800
'13NF2',10904,56838,220000
'13NF2',10904,56838,222200
'13NF2',10904,56838,224500
'13NF2',10904,56839,60900
'13NF2',10904,56839,63000
'13NF2',10904,56839,65100
'13NF2',10904,56839,71200
'13NF2',10904,56839,73300
'13NF2',10904,56839,75400
'13NF2',10904,56839,81500
'13NF2',10904,56839,83600
'13NF2',10904,56839,85700
'13NF2',10904,56839,92000
'13NF2',10904,56839,94300
'13NF2',10904,56839,100500
'13NF2',10904,56839,102800
'13NF2',10904,56839,105100
'13NF2',10904,56839,111300
'13NF2',10904,56839,113600
'13NF2',10904,56839,115900
'13NF2',10904,56839,122100
'13NF2',10904,56839,124400
'13NF2',10904,56839,130700
'13NF2',10904,56839,132900
'13NF2',10904,56839,135200
'13NF2',10904,56839,141500
'13NF2',10904,56839,143700
'13NF2',10904,56839,150000
'13NF2',10904,56839,152300
'13NF2',10904,56839,154500
'13NF2',10904,56839,160800
'13NF2',10904,56839,163000
'13NF2',10904,56839,165300
'13NF2',10904,56839,171600
'13NF2',10904,56839,173900
'13NF2',10904,56839,180100
'13NF2',10904,56839,182400
'13NF2',10904,56839,184500
'13NF2',10904,56839,190700
'13NF2',10904,56839,192800
'13NF2',10904,56839,194900
'13NF2',10904,56839,201000
'13NF2',10904,56839,203100
'13NF2',10904,56839,205200
'13NF2',10904,56839,211300
'13NF2',10904,56839,213400
'13NF2',10904,56839,215600
'13NF2',10904,56839,221800
'13NF2',10904,56839,224100
'13NF2',10904,56841,61200
'13NF2',10904,56841,63300
'13NF2',10904,56841,65400
'13NF2',10904,56841,71500
'13NF2',10904,56841,73600
'13NF2',10904,56841,75700
'13NF2',10904,56841,81800
'13NF2',10904,56841,83900
'13NF2',10904,56841,90000
'13NF2',10904,56841,92300
'13NF2',10904,56841,94600
'13NF2',10904,56841,100800
'13NF2',10904,56841,103100
'13NF2',10904,56841,105500
'13NF2',10904,56841,111700
'13NF2',10904,56841,114000
'13NF2',10904,56841,120300
'13NF2',10904,56841,122500
'13NF2',10904,56841,124800
'13NF2',10904,56841,131100
'13NF2',10904,56841,133300
'13NF2',10904,56841,135600
'13NF2',10904,56841,141900
'13NF2',10904,56841,144100
'13NF2',10904,56841,150400
'13NF2',10904,56841,152700
'13NF2',10904,56841,154900
'13NF2',10904,56841,161200
'13NF2',10904,56841,163400
'13NF2',10904,56841,165700
'13NF2',10904,56841,172000
'13NF2',10904,56841,174300
'13NF2',10904,56841,180500
'13NF2',10904,56841,182700
'13NF2',10904,56841,184800
'13NF2',10904,56841,191000
'13NF2',10904,56841,193100
'13NF2',10904,56841,195200
'13NF2',10904,56841,201300
'13NF2',10904,56841,203400
'13NF2',10904,56841,205500
'13NF2',10904,56841,211600
'13NF2',10904,56841,213700
'13NF2',10904,56841,215900
'13NF2',10904,56841,222100
'13NF2',10904,56841,224400
'13NF2',10904,56845,60900
'13NF2',10904,56845,63000
'13NF2',10904,56845,65100
'13NF2',10904,56845,71200
'13NF2',10904,56845,73300
'13NF2',10904,56845,75400
'13NF2',10904,56845,81500
'13NF2',10904,56845,83600
'13NF2',10904,56845,85700
'13NF2',10904,56845,91900
'13NF2',10904,56845,94200
'13NF2',10904,56845,100400
'13NF2',10904,56845,102700
'13NF2',10904,56845,105100
'13NF2',10904,56845,111300
'13NF2',10904,56845,113600
'13NF2',10904,56845,115900
'13NF2',10904,56845,122100
'13NF2',10904,56845,124400
'13NF2',10904,56845,130700
'13NF2',10904,56845,132900
'13NF2',10904,56845,135200
'13NF2',10904,56845,141500
'13NF2',10904,56845,143700
'13NF2',10904,56845,150000
'13NF2',10904,56845,152300
'13NF2',10904,56845,154500
'13NF2',10904,56845,160800
'13NF2',10904,56845,163000
'13NF2',10904,56845,165300
'13NF2',10904,56845,171600
'13NF2',10904,56845,173900
'13NF2',10904,56845,180100
'13NF2',10904,56845,182300
'13NF2',10904,56845,184500
'13NF2',10904,56845,190700
'13NF2',10904,56845,192800
'13NF2',10904,56845,194900
'13NF2',10904,56845,201000
'13NF2',10904,56845,203100
'13NF2',10904,56845,205200
'13NF2',10904,56845,211300
'13NF2',10904,56845,213400
'13NF2',10904,56845,215600
'13NF2',10904,56845,221800
'13NF2',10904,56845,224100
'13NF2',10904,56852,61400
'13NF2',10904,56852,63500
'13NF2',10904,56852,65600
'13NF2',10904,56852,71700
'13NF2',10904,56852,73800
'13NF2',10904,56852,75900
'13NF2',10904,56852,82000
'13NF2',10904,56852,84100
'13NF2',10904,56852,90200
'13NF2',10904,56852,92500
'13NF2',10904,56852,94800
'13NF2',10904,56852,101000
'13NF2',10904,56852,103300
'13NF2',10904,56852,105700
'13NF2',10904,56852,111900
'13NF2',10904,56852,114200
'13NF2',10904,56852,120500
'13NF2',10904,56852,122700
'13NF2',10904,56852,125000
'13NF2',10904,56852,131300
'13NF2',10904,56852,133500
'13NF2',10904,56852,135800
'13NF2',10904,56852,142100
'13NF2',10904,56852,144300
'13NF2',10904,56852,150600
'13NF2',10904,56852,152900
'13NF2',10904,56852,155100
'13NF2',10904,56852,161400
'13NF2',10904,56852,163600
'13NF2',10904,56852,165900
'13NF2',10904,56852,172200
'13NF2',10904,56852,174500
'13NF2',10904,56852,180700
'13NF2',10904,56852,182900
'13NF2',10904,56852,185000
'13NF2',10904,56852,191200
'13NF2',10904,56852,193300
'13NF2',10904,56852,195400
'13NF2',10904,56852,201500
'13NF2',10904,56852,203600
'13NF2',10904,56852,205700
'13NF2',10904,56852,211800
'13NF2',10904,56852,213900
'13NF2',10904,56852,220100
'13NF2',10904,56852,222300
'13NF2',10904,56852,224600
'13NF2',10904,56856,60800
'13NF2',10904,56856,62900
'13NF2',10904,56856,65000
'13NF2',10904,56856,71100
'13NF2',10904,56856,73200
'13NF2',10904,56856,75300
'13NF2',10904,56856,81400
'13NF2',10904,56856,83500
'13NF2',10904,56856,85600
'13NF2',10904,56856,91900
'13NF2',10904,56856,94200
'13NF2',10904,56856,100400
'13NF2',10904,56856,102700
'13NF2',10904,56856,105100
'13NF2',10904,56856,111300
'13NF2',10904,56856,113600
'13NF2',10904,56856,115900
'13NF2',10904,56856,122100
'13NF2',10904,56856,124400
'13NF2',10904,56856,130700
'13NF2',10904,56856,132900
'13NF2',10904,56856,135200
'13NF2',10904,56856,141500
'13NF2',10904,56856,143700
'13NF2',10904,56856,150000
'13NF2',10904,56856,152300
'13NF2',10904,56856,154500
'13NF2',10904,56856,160800
'13NF2',10904,56856,163000
'13NF2',10904,56856,165300
'13NF2',10904,56856,171600
'13NF2',10904,56856,173900
'13NF2',10904,56856,180100
'13NF2',10904,56856,182300
'13NF2',10904,56856,184400
'13NF2',10904,56856,190600
'13NF2',10904,56856,192700
'13NF2',10904,56856,194800
'13NF2',10904,56856,200900
'13NF2',10904,56856,203000
'13NF2',10904,56856,205100
'13NF2',10904,56856,211200
'13NF2',10904,56856,213300
'13NF2',10904,56856,215500
'13NF2',10904,56856,221700
'13NF2',10904,56856,224000
'13NF2',10904,56859,61000
'13NF2',10904,56859,63100
'13NF2',10904,56859,65200
'13NF2',10904,56859,71300
'13NF2',10904,56859,73400
'13NF2',10904,56859,75500
'13NF2',10904,56859,81600
'13NF2',10904,56859,83700
'13NF2',10904,56859,85800
'13NF2',10904,56859,92100
'13NF2',10904,56859,94400
'13NF2',10904,56859,100600
'13NF2',10904,56859,102900
'13NF2',10904,56859,105300
'13NF2',10904,56859,111500
'13NF2',10904,56859,113800
'13NF2',10904,56859,120100
'13NF2',10904,56859,122300
'13NF2',10904,56859,124600
'13NF2',10904,56859,130900
'13NF2',10904,56859,133100
'13NF2',10904,56859,135400
'13NF2',10904,56859,141700
'13NF2',10904,56859,143900
'13NF2',10904,56859,150200
'13NF2',10904,56859,152500
'13NF2',10904,56859,154700
'13NF2',10904,56859,161000
'13NF2',10904,56859,163200
'13NF2',10904,56859,165500
'13NF2',10904,56859,171800
'13NF2',10904,56859,174100
'13NF2',10904,56859,180300
'13NF2',10904,56859,182500
'13NF2',10904,56859,184600
'13NF2',10904,56859,190800
'13NF2',10904,56859,192900
'13NF2',10904,56859,195000
'13NF2',10904,56859,201100
'13NF2',10904,56859,203200
'13NF2',10904,56859,205300
'13NF2',10904,56859,211400
'13NF2',10904,56859,213500
'13NF2',10904,56859,215700
'13NF2',10904,56859,221900
'13NF2',10904,56859,224200
'13NF2',10904,56866,61100
'13NF2',10904,56866,63200
'13NF2',10904,56866,65300
'13NF2',10904,56866,71400
'13NF2',10904,56866,73500
'13NF2',10904,56866,75600
'13NF2',10904,56866,81700
'13NF2',10904,56866,83800
'13NF2',10904,56866,85900
'13NF2',10904,56866,92200
'13NF2',10904,56866,94500
'13NF2',10904,56866,100700
'13NF2',10904,56866,103000
'13NF2',10904,56866,105400
'13NF2',10904,56866,111600
'13NF2',10904,56866,113900
'13NF2',10904,56866,120200
'13NF2',10904,56866,122400
'13NF2',10904,56866,124700
'13NF2',10904,56866,131000
'13NF2',10904,56866,133200
'13NF2',10904,56866,135500
'13NF2',10904,56866,141800
'13NF2',10904,56866,144000
'13NF2',10904,56866,150300
'13NF2',10904,56866,152600
'13NF2',10904,56866,154800
'13NF2',10904,56866,161100
'13NF2',10904,56866,163300
'13NF2',10904,56866,165600
'13NF2',10904,56866,171900
'13NF2',10904,56866,174200
'13NF2',10904,56866,180400
'13NF2',10904,56866,182600
'13NF2',10904,56866,184700
'13NF2',10904,56866,190900
'13NF2',10904,56866,193000
'13NF2',10904,56866,195100
'13NF2',10904,56866,201200
'13NF2',10904,56866,203300
'13NF2',10904,56866,205400
'13NF2',10904,56866,211500
'13NF2',10904,56866,213600
'13NF2',10904,56866,215800
'13NF2',10904,56866,222000
'13NF2',10904,56866,224300
'13NF2',10904,56869,61500
'13NF2',10904,56869,63600
'13NF2',10904,56869,65700
'13NF2',10904,56869,71800
'13NF2',10904,56869,73900
'13NF2',10904,56869,80000
'13NF2',10904,56869,82100
'13NF2',10904,56869,84200
'13NF2',10904,56869,90300
'13NF2',10904,56869,92600
'13NF2',10904,56869,94900
'13NF2',10904,56869,101100
'13NF2',10904,56869,103400
'13NF2',10904,56869,105800
'13NF2',10904,56869,112000
'13NF2',10904,56869,114300
'13NF2',10904,56869,120600
'13NF2',10904,56869,122800
'13NF2',10904,56869,125100
'13NF2',10904,56869,131400
'13NF2',10904,56869,133600
'13NF2',10904,56869,135900
'13NF2',10904,56869,142200
'13NF2',10904,56869,144400
'13NF2',10904,56869,150700
'13NF2',10904,56869,153000
'13NF2',10904,56869,155200
'13NF2',10904,56869,161500
'13NF2',10904,56869,163700
'13NF2',10904,56869,170000
'13NF2',10904,56869,172300
'13NF2',10904,56869,174600
'13NF2',10904,56869,180800
'13NF2',10904,56869,183000
'13NF2',10904,56869,185100
'13NF2',10904,56869,191300
'13NF2',10904,56869,193400
'13NF2',10904,56869,195500
'13NF2',10904,56869,201600
'13NF2',10904,56869,203700
'13NF2',10904,56869,205800
'13NF2',10904,56869,211900
'13NF2',10904,56869,214000
'13NF2',10904,56869,220200
'13NF2',10904,56869,222400
'13NF2',10904,56869,224700
'13NF2',10904,56874,61100
'13NF2',10904,56874,63200
'13NF2',10904,56874,65300
'13NF2',10904,56874,71400
'13NF2',10904,56874,73500
'13NF2',10904,56874,75600
'13NF2',10904,56874,81700
'13NF2',10904,56874,83800
'13NF2',10904,56874,85900
'13NF2',10904,56874,92100
'13NF2',10904,56874,94400
'13NF2',10904,56874,100600
'13NF2',10904,56874,102900
'13NF2',10904,56874,105300
'13NF2',10904,56874,111500
'13NF2',10904,56874,113800
'13NF2',10904,56874,120100
'13NF2',10904,56874,122300
'13NF2',10904,56874,124600
'13NF2',10904,56874,130900
'13NF2',10904,56874,133100
'13NF2',10904,56874,135400
'13NF2',10904,56874,141700
'13NF2',10904,56874,143900
'13NF2',10904,56874,150200
'13NF2',10904,56874,152500
'13NF2',10904,56874,154700
'13NF2',10904,56874,161000
'13NF2',10904,56874,163200
'13NF2',10904,56874,165500
'13NF2',10904,56874,171800
'13NF2',10904,56874,174100
'13NF2',10904,56874,180300
'13NF2',10904,56874,182500
'13NF2',10904,56874,184700
'13NF2',10904,56874,190900
'13NF2',10904,56874,193000
'13NF2',10904,56874,195100
'13NF2',10904,56874,201200
'13NF2',10904,56874,203300
'13NF2',10904,56874,205400
'13NF2',10904,56874,211500
'13NF2',10904,56874,213600
'13NF2',10904,56874,215800
'13NF2',10904,56874,222000
'13NF2',10904,56874,224300
'13NF2',10904,56886,60700
'13NF2',10904,56886,62800
'13NF2',10904,56886,64900
'13NF2',10904,56886,71000
'13NF2',10904,56886,73100
'13NF2',10904,56886,75200
'13NF2',10904,56886,81300
'13NF2',10904,56886,83400
'13NF2',10904,56886,85500
'13NF2',10904,56886,91800
'13NF2',10904,56886,94100
'13NF2',10904,56886,100300
'13NF2',10904,56886,102600
'13NF2',10904,56886,104900
'13NF2',10904,56886,111100
'13NF2',10904,56886,113400
'13NF2',10904,56886,115700
'13NF2',10904,56886,121900
'13NF2',10904,56886,124200
'13NF2',10904,56886,130500
'13NF2',10904,56886,132700
'13NF2',10904,56886,135000
'13NF2',10904,56886,141300
'13NF2',10904,56886,143500
'13NF2',10904,56886,145800
'13NF2',10904,56886,152100
'13NF2',10904,56886,154300
'13NF2',10904,56886,160600
'13NF2',10904,56886,162800
'13NF2',10904,56886,165100
'13NF2',10904,56886,171400
'13NF2',10904,56886,173700
'13NF2',10904,56886,175900
'13NF2',10904,56886,182200
'13NF2',10904,56886,184300
'13NF2',10904,56886,190500
'13NF2',10904,56886,192600
'13NF2',10904,56886,194700
'13NF2',10904,56886,200800
'13NF2',10904,56886,202900
'13NF2',10904,56886,205000
'13NF2',10904,56886,211100
'13NF2',10904,56886,213200
'13NF2',10904,56886,215400
'13NF2',10904,56886,221600
'13NF2',10904,56886,223900
'13NF2',10904,56890,61500
'13NF2',10904,56890,63600
'13NF2',10904,56890,65700
'13NF2',10904,56890,71800
'13NF2',10904,56890,73900
'13NF2',10904,56890,80000
'13NF2',10904,56890,82100
'13NF2',10904,56890,84200
'13NF2',10904,56890,90400
'13NF2',10904,56890,92700
'13NF2',10904,56890,95000
'13NF2',10904,56890,101200
'13NF2',10904,56890,103500
'13NF2',10904,56890,105900
'13NF2',10904,56890,112100
'13NF2',10904,56890,114400
'13NF2',10904,56890,120700
'13NF2',10904,56890,122900
'13NF2',10904,56890,125200
'13NF2',10904,56890,131500
'13NF2',10904,56890,133700
'13NF2',10904,56890,140000
'13NF2',10904,56890,142300
'13NF2',10904,56890,144500
'13NF2',10904,56890,150800
'13NF2',10904,56890,153100
'13NF2',10904,56890,155300
'13NF2',10904,56890,161600
'13NF2',10904,56890,163800
'13NF2',10904,56890,170100
'13NF2',10904,56890,172400
'13NF2',10904,56890,174700
'13NF2',10904,56890,180900
'13NF2',10904,56890,183000
'13NF2',10904,56890,185100
'13NF2',10904,56890,191300
'13NF2',10904,56890,193400
'13NF2',10904,56890,195500
'13NF2',10904,56890,201600
'13NF2',10904,56890,203700
'13NF2',10904,56890,205800
'13NF2',10904,56890,211900
'13NF2',10904,56890,214000
'13NF2',10904,56890,220200
'13NF2',10904,56890,222400
'13NF2',10904,56890,224700
'13NF2',10904,56901,60800
'13NF2',10904,56901,62900
'13NF2',10904,56901,65000
'13NF2',10904,56901,71100
'13NF2',10904,56901,73200
'13NF2',10904,56901,75300
'13NF2',10904,56901,81400
'13NF2',10904,56901,83500
'13NF2',10904,56901,85600
'13NF2',10904,56901,91800
'13NF2',10904,56901,94100
'13NF2',10904,56901,100300
'13NF2',10904,56901,102600
'13NF2',10904,56901,105000
'13NF2',10904,56901,111200
'13NF2',10904,56901,113500
'13NF2',10904,56901,115800
'13NF2',10904,56901,122000
'13NF2',10904,56901,124300
'13NF2',10904,56901,130600
'13NF2',10904,56901,132800
'13NF2',10904,56901,135100
'13NF2',10904,56901,141400
'13NF2',10904,56901,143600
'13NF2',10904,56901,145900
'13NF2',10904,56901,152200
'13NF2',10904,56901,154400
'13NF2',10904,56901,160700
'13NF2',10904,56901,162900
'13NF2',10904,56901,165200
'13NF2',10904,56901,171500
'13NF2',10904,56901,173800
'13NF2',10904,56901,180000
'13NF2',10904,56901,182200
'13NF2',10904,56901,184400
'13NF2',10904,56901,190600
'13NF2',10904,56901,192700
'13NF2',10904,56901,194800
'13NF2',10904,56901,200900
'13NF2',10904,56901,203000
'13NF2',10904,56901,205100
'13NF2',10904,56901,211200
'13NF2',10904,56901,213300
'13NF2',10904,56901,215500
'13NF2',10904,56901,221700
'13NF2',10904,56901,224000
'13NF2',10904,56904,60600
'13NF2',10904,56904,62700
'13NF2',10904,56904,64800
'13NF2',10904,56904,70900
'13NF2',10904,56904,73000
'13NF2',10904,56904,75100
'13NF2',10904,56904,81200
'13NF2',10904,56904,83300
'13NF2',10904,56904,85400
'13NF2',10904,56904,91600
'13NF2',10904,56904,93900
'13NF2',10904,56904,100100
'13NF2',10904,56904,102400
'13NF2',10904,56904,104800
'13NF2',10904,56904,111000
'13NF2',10904,56904,113300
'13NF2',10904,56904,115600
'13NF2',10904,56904,121800
'13NF2',10904,56904,124100
'13NF2',10904,56904,130400
'13NF2',10904,56904,132600
'13NF2',10904,56904,134900
'13NF2',10904,56904,141200
'13NF2',10904,56904,143400
'13NF2',10904,56904,145700
'13NF2',10904,56904,152000
'13NF2',10904,56904,154200
'13NF2',10904,56904,160500
'13NF2',10904,56904,162700
'13NF2',10904,56904,165000
'13NF2',10904,56904,171300
'13NF2',10904,56904,173600
'13NF2',10904,56904,175800
'13NF2',10904,56904,182000
'13NF2',10904,56904,184200
'13NF2',10904,56904,190400
'13NF2',10904,56904,192500
'13NF2',10904,56904,194600
'13NF2',10904,56904,200700
'13NF2',10904,56904,202800
'13NF2',10904,56904,204900
'13NF2',10904,56904,211000
'13NF2',10904,56904,213100
'13NF2',10904,56904,215300
'13NF2',10904,56904,221500
'13NF2',10904,56904,223800
'13NF2',10904,56907,60400
'13NF2',10904,56907,62500
'13NF2',10904,56907,64600
'13NF2',10904,56907,70700
'13NF2',10904,56907,72800
'13NF2',10904,56907,74900
'13NF2',10904,56907,81000
'13NF2',10904,56907,83100
'13NF2',10904,56907,85200
'13NF2',10904,56907,91500
'13NF2',10904,56907,93800
'13NF2',10904,56907,100000
'13NF2',10904,56907,102300
'13NF2',10904,56907,104600
'13NF2',10904,56907,110800
'13NF2',10904,56907,113100
'13NF2',10904,56907,115400
'13NF2',10904,56907,121600
'13NF2',10904,56907,123900
'13NF2',10904,56907,130200
'13NF2',10904,56907,132400
'13NF2',10904,56907,134700
'13NF2',10904,56907,141000
'13NF2',10904,56907,143200
'13NF2',10904,56907,145500
'13NF2',10904,56907,151800
'13NF2',10904,56907,154000
'13NF2',10904,56907,160300
'13NF2',10904,56907,162500
'13NF2',10904,56907,164800
'13NF2',10904,56907,171100
'13NF2',10904,56907,173400
'13NF2',10904,56907,175600
'13NF2',10904,56907,181900
'13NF2',10904,56907,184000
'13NF2',10904,56907,190200
'13NF2',10904,56907,192300
'13NF2',10904,56907,194400
'13NF2',10904,56907,200500
'13NF2',10904,56907,202600
'13NF2',10904,56907,204700
'13NF2',10904,56907,210800
'13NF2',10904,56907,212900
'13NF2',10904,56907,215100
'13NF2',10904,56907,221300
'13NF2',10904,56907,223600
'13NF2',10904,56913,61600
'13NF2',10904,56913,63700
'13NF2',10904,56913,65800
'13NF2',10904,56913,71900
'13NF2',10904,56913,74000
'13NF2',10904,56913,80100
'13NF2',10904,56913,82200
'13NF2',10904,56913,84300
'13NF2',10904,56913,90400
'13NF2',10904,56913,92700
'13NF2',10904,56913,95000
'13NF2',10904,56913,101200
'13NF2',10904,56913,103500
'13NF2',10904,56913,105900
'13NF2',10904,56913,112100
'13NF2',10904,56913,114400
'13NF2',10904,56913,120700
'13NF2',10904,56913,122900
'13NF2',10904,56913,125200
'13NF2',10904,56913,131500
'13NF2',10904,56913,133700
'13NF2',10904,56913,140000
'13NF2',10904,56913,142300
'13NF2',10904,56913,144500
'13NF2',10904,56913,150800
'13NF2',10904,56913,153100
'13NF2',10904,56913,155300
'13NF2',10904,56913,161600
'13NF2',10904,56913,163800
'13NF2',10904,56913,170100
'13NF2',10904,56913,172400
'13NF2',10904,56913,174700
'13NF2',10904,56913,180900
'13NF2',10904,56913,183100
'13NF2',10904,56913,185200
'13NF2',10904,56913,191400
'13NF2',10904,56913,193500
'13NF2',10904,56913,195600
'13NF2',10904,56913,201700
'13NF2',10904,56913,203800
'13NF2',10904,56913,205900
'13NF2',10904,56913,212000
'13NF2',10904,56913,214100
'13NF2',10904,56913,220300
'13NF2',10904,56913,222500
'13NF2',10904,56913,224800
'13NF2',10904,56924,61700
'13NF2',10904,56924,63800
'13NF2',10904,56924,65900
'13NF2',10904,56924,72000
'13NF2',10904,56924,74100
'13NF2',10904,56924,80200
'13NF2',10904,56924,82300
'13NF2',10904,56924,84400
'13NF2',10904,56924,90500
'13NF2',10904,56924,92800
'13NF2',10904,56924,95100
'13NF2',10904,56924,101300
'13NF2',10904,56924,103600
'13NF2',10904,56924,110000
'13NF2',10904,56924,112200
'13NF2',10904,56924,114500
'13NF2',10904,56924,120800
'13NF2',10904,56924,123000
'13NF2',10904,56924,125300
'13NF2',10904,56924,131600
'13NF2',10904,56924,133800
'13NF2',10904,56924,140100
'13NF2',10904,56924,142400
'13NF2',10904,56924,144600
'13NF2',10904,56924,150900
'13NF2',10904,56924,153200
'13NF2',10904,56924,155400
'13NF2',10904,56924,161700
'13NF2',10904,56924,163900
'13NF2',10904,56924,170200
'13NF2',10904,56924,172500
'13NF2',10904,56924,174800
'13NF2',10904,56924,181000
'13NF2',10904,56924,183200
'13NF2',10904,56924,185300
'13NF2',10904,56924,191500
'13NF2',10904,56924,193600
'13NF2',10904,56924,195700
'13NF2',10904,56924,201800
'13NF2',10904,56924,203900
'13NF2',10904,56924,210000
'13NF2',10904,56924,212100
'13NF2',10904,56924,214200
'13NF2',10904,56924,220400
'13NF2',10904,56924,222600
'13NF2',10904,56924,224900
'13NF2',10904,56949,61800
'13NF2',10904,56949,63900
'13NF2',10904,56949,70000
'13NF2',10904,56949,72100
'13NF2',10904,56949,74200
'13NF2',10904,56949,80300
'13NF2',10904,56949,82400
'13NF2',10904,56949,84500
'13NF2',10904,56949,90600
'13NF2',10904,56949,92900
'13NF2',10904,56949,95200
'13NF2',10904,56949,101400
'13NF2',10904,56949,103700
'13NF2',10904,56949,110100
'13NF2',10904,56949,112300
'13NF2',10904,56949,114600
'13NF2',10904,56949,120900
'13NF2',10904,56949,123100
'13NF2',10904,56949,125400
'13NF2',10904,56949,131700
'13NF2',10904,56949,133900
'13NF2',10904,56949,140200
'13NF2',10904,56949,142500
'13NF2',10904,56949,144700
'13NF2',10904,56949,151000
'13NF2',10904,56949,153300
'13NF2',10904,56949,155500
'13NF2',10904,56949,161800
'13NF2',10904,56949,164000
'13NF2',10904,56949,170300
'13NF2',10904,56949,172600
'13NF2',10904,56949,174900
'13NF2',10904,56949,181100
'13NF2',10904,56949,183300
'13NF2',10904,56949,185400
'13NF2',10904,56949,191600
'13NF2',10904,56949,193700
'13NF2',10904,56949,195800
'13NF2',10904,56949,201900
'13NF2',10904,56949,204000
'13NF2',10904,56949,210100
'13NF2',10904,56949,212200
'13NF2',10904,56949,214300
'13NF2',10904,56949,220500
'13NF2',10904,56949,222700
'13NF2',10904,56949,225000
'13NF2',10904,56963,61800
'13NF2',10904,56963,63900
'13NF2',10904,56963,70000
'13NF2',10904,56963,72100
'13NF2',10904,56963,74200
'13NF2',10904,56963,80300
'13NF2',10904,56963,82400
'13NF2',10904,56963,84500
'13NF2',10904,56963,90700
'13NF2',10904,56963,93000
'13NF2',10904,56963,95300
'13NF2',10904,56963,101500
'13NF2',10904,56963,103800
'13NF2',10904,56963,110200
'13NF2',10904,56963,112400
'13NF2',10904,56963,114700
'13NF2',10904,56963,121000
'13NF2',10904,56963,123200
'13NF2',10904,56963,125500
'13NF2',10904,56963,131800
'13NF2',10904,56963,134000
'13NF2',10904,56963,140300
'13NF2',10904,56963,142600
'13NF2',10904,56963,144800
'13NF2',10904,56963,151100
'13NF2',10904,56963,153400
'13NF2',10904,56963,155600
'13NF2',10904,56963,161900
'13NF2',10904,56963,164100
'13NF2',10904,56963,170400
'13NF2',10904,56963,172700
'13NF2',10904,56963,175000
'13NF2',10904,56963,181200
'13NF2',10904,56963,183300
'13NF2',10904,56963,185400
'13NF2',10904,56963,191600
'13NF2',10904,56963,193700
'13NF2',10904,56963,195800
'13NF2',10904,56963,201900
'13NF2',10904,56963,204000
'13NF2',10904,56963,210100
'13NF2',10904,56963,212200
'13NF2',10904,56963,214300
'13NF2',10904,56963,220500
'13NF2',10904,56963,222700
'13NF2',10904,56963,225000
'13NF2',10904,56978,62200
'13NF2',10904,56978,64300
'13NF2',10904,56978,70400
'13NF2',10904,56978,72500
'13NF2',10904,56978,74600
'13NF2',10904,56978,80700
'13NF2',10904,56978,82800
'13NF2',10904,56978,84900
'13NF2',10904,56978,91000
'13NF2',10904,56978,93300
'13NF2',10904,56978,95600
'13NF2',10904,56978,101800
'13NF2',10904,56978,104200
'13NF2',10904,56978,110600
'13NF2',10904,56978,112800
'13NF2',10904,56978,115100
'13NF2',10904,56978,121400
'13NF2',10904,56978,123600
'13NF2',10904,56978,125900
'13NF2',10904,56978,132200
'13NF2',10904,56978,134400
'13NF2',10904,56978,140700
'13NF2',10904,56978,143000
'13NF2',10904,56978,145200
'13NF2',10904,56978,151500
'13NF2',10904,56978,153800
'13NF2',10904,56978,160000
'13NF2',10904,56978,162300
'13NF2',10904,56978,164500
'13NF2',10904,56978,170800
'13NF2',10904,56978,173100
'13NF2',10904,56978,175400
'13NF2',10904,56978,181500
'13NF2',10904,56978,183700
'13NF2',10904,56978,185800
'13NF2',10904,56978,192000
'13NF2',10904,56978,194100
'13NF2',10904,56978,200200
'13NF2',10904,56978,202300
'13NF2',10904,56978,204400
'13NF2',10904,56978,210500
'13NF2',10904,56978,212600
'13NF2',10904,56978,214700
'13NF2',10904,56978,220900
'13NF2',10904,56978,223100
'13NF2',10904,56978,225400
'13NF2',10904,56987,62300
'13NF2',10904,56987,64400
'13NF2',10904,56987,70500
'13NF2',10904,56987,72600
'13NF2',10904,56987,74700
'13NF2',10904,56987,80800
'13NF2',10904,56987,82900
'13NF2',10904,56987,85000
'13NF2',10904,56987,91100
'13NF2',10904,56987,93400
'13NF2',10904,56987,95700
'13NF2',10904,56987,101900
'13NF2',10904,56987,104300
'13NF2',10904,56987,110700
'13NF2',10904,56987,112900
'13NF2',10904,56987,115200
'13NF2',10904,56987,121500
'13NF2',10904,56987,123700
'13NF2',10904,56987,130000
'13NF2',10904,56987,132300
'13NF2',10904,56987,134500
'13NF2',10904,56987,140800
'13NF2',10904,56987,143100
'13NF2',10904,56987,145300
'13NF2',10904,56987,151600
'13NF2',10904,56987,153900
'13NF2',10904,56987,160100
'13NF2',10904,56987,162400
'13NF2',10904,56987,164600
'13NF2',10904,56987,170900
'13NF2',10904,56987,173200
'13NF2',10904,56987,175500
'13NF2',10904,56987,181600
'13NF2',10904,56987,183800
'13NF2',10904,56987,185900
'13NF2',10904,56987,192100
'13NF2',10904,56987,194200
'13NF2',10904,56987,200300
'13NF2',10904,56987,202400
'13NF2',10904,56987,204500
'13NF2',10904,56987,210600
'13NF2',10904,56987,212700
'13NF2',10904,56987,214800
'13NF2',10904,56987,221000
'13NF2',10904,56987,223200
'13NF2',10904,56987,225500
'13NF2',10904,56997,62300
'13NF2',10904,56997,64400
'13NF2',10904,56997,70500
'13NF2',10904,56997,72600
'13NF2',10904,56997,74700
'13NF2',10904,56997,80800
'13NF2',10904,56997,82900
'13NF2',10904,56997,85000
'13NF2',10904,56997,91200
'13NF2',10904,56997,93500
'13NF2',10904,56997,95800
'13NF2',10904,56997,102000
'13NF2',10904,56997,104400
'13NF2',10904,56997,110800
'13NF2',10904,56997,113000
'13NF2',10904,56997,115300
'13NF2',10904,56997,121600
'13NF2',10904,56997,123800
'13NF2',10904,56997,130100
'13NF2',10904,56997,132400
'13NF2',10904,56997,134600
'13NF2',10904,56997,140900
'13NF2',10904,56997,143200
'13NF2',10904,56997,145400
'13NF2',10904,56997,151700
'13NF2',10904,56997,154000
'13NF2',10904,56997,160200
'13NF2',10904,56997,162500
'13NF2',10904,56997,164700
'13NF2',10904,56997,171000
'13NF2',10904,56997,173300
'13NF2',10904,56997,175600
'13NF2',10904,56997,181700
'13NF2',10904,56997,183800
'13NF2',10904,56997,185900
'13NF2',10904,56997,192100
'13NF2',10904,56997,194200
'13NF2',10904,56997,200300
'13NF2',10904,56997,202400
'13NF2',10904,56997,204500
'13NF2',10904,56997,210600
'13NF2',10904,56997,212700
'13NF2',10904,56997,214800
'13NF2',10904,56997,221000
'13NF2',10904,56997,223200
'13NF2',10904,56997,225500
'13NF2',10904,57006,62400
'13NF2',10904,57006,64500
'13NF2',10904,57006,70600
'13NF2',10904,57006,72700
'13NF2',10904,57006,74800
'13NF2',10904,57006,80900
'13NF2',10904,57006,83000
'13NF2',10904,57006,85100
'13NF2',10904,57006,91300
'13NF2',10904,57006,93600
'13NF2',10904,57006,95900
'13NF2',10904,57006,102100
'13NF2',10904,57006,104400
'13NF2',10904,57006,110800
'13NF2',10904,57006,113000
'13NF2',10904,57006,115300
'13NF2',10904,57006,121600
'13NF2',10904,57006,123800
'13NF2',10904,57006,130100
'13NF2',10904,57006,132400
'13NF2',10904,57006,134600
'13NF2',10904,57006,140900
'13NF2',10904,57006,143200
'13NF2',10904,57006,145400
'13NF2',10904,57006,151700
'13NF2',10904,57006,154000
'13NF2',10904,57006,160200
'13NF2',10904,57006,162500
'13NF2',10904,57006,164700
'13NF2',10904,57006,171000
'13NF2',10904,57006,173300
'13NF2',10904,57006,175600
'13NF2',10904,57006,181800
'13NF2',10904,57006,183900
'13NF2',10904,57006,190000
'13NF2',10904,57006,192200
'13NF2',10904,57006,194300
'13NF2',10904,57006,200400
'13NF2',10904,57006,202500
'13NF2',10904,57006,204600
'13NF2',10904,57006,210700
'13NF2',10904,57006,212800
'13NF2',10904,57006,214900
'13NF2',10904,57006,221100
'13NF2',10904,57006,223300
'13NF2',10904,57006,225600
'13NF2',10904,57010,62500
'13NF2',10904,57010,64600
'13NF2',10904,57010,70700
'13NF2',10904,57010,72800
'13NF2',10904,57010,74900
'13NF2',10904,57010,81000
'13NF2',10904,57010,83100
'13NF2',10904,57010,85200
'13NF2',10904,57010,91300
'13NF2',10904,57010,93600
'13NF2',10904,57010,95900
'13NF2',10904,57010,102100
'13NF2',10904,57010,104500
'13NF2',10904,57010,110900
'13NF2',10904,57010,113100
'13NF2',10904,57010,115400
'13NF2',10904,57010,121700
'13NF2',10904,57010,123900
'13NF2',10904,57010,130200
'13NF2',10904,57010,132500
'13NF2',10904,57010,134700
'13NF2',10904,57010,141000
'13NF2',10904,57010,143300
'13NF2',10904,57010,145500
'13NF2',10904,57010,151800
'13NF2',10904,57010,154100
'13NF2',10904,57010,160300
'13NF2',10904,57010,162600
'13NF2',10904,57010,164800
'13NF2',10904,57010,171100
'13NF2',10904,57010,173400
'13NF2',10904,57010,175700
'13NF2',10904,57010,181800
'13NF2',10904,57010,184000
'13NF2',10904,57010,190100
'13NF2',10904,57010,192300
'13NF2',10904,57010,194400
'13NF2',10904,57010,200500
'13NF2',10904,57010,202600
'13NF2',10904,57010,204700
'13NF2',10904,57010,210800
'13NF2',10904,57010,212900
'13NF2',10904,57010,215000
'13NF2',10904,57010,221200
'13NF2',10904,57010,223400
'13NF2',10904,57010,225700
'13NF2',10904,57011,62500
'13NF2',10904,57011,64600
'13NF2',10904,57011,70700
'13NF2',10904,57011,72800
'13NF2',10904,57011,74900
'13NF2',10904,57011,81000
'13NF2',10904,57011,83100
'13NF2',10904,57011,85200
'13NF2',10904,57011,91400
'13NF2',10904,57011,93700
'13NF2',10904,57011,100000
'13NF2',10904,57011,102200
'13NF2',10904,57011,104600
'13NF2',10904,57011,111000
'13NF2',10904,57011,113200
'13NF2',10904,57011,115500
'13NF2',10904,57011,121800
'13NF2',10904,57011,124000
'13NF2',10904,57011,130300
'13NF2',10904,57011,132600
'13NF2',10904,57011,134800
'13NF2',10904,57011,141100
'13NF2',10904,57011,143400
'13NF2',10904,57011,145600
'13NF2',10904,57011,151900
'13NF2',10904,57011,154200
'13NF2',10904,57011,160400
'13NF2',10904,57011,162700
'13NF2',10904,57011,164900
'13NF2',10904,57011,171200
'13NF2',10904,57011,173500
'13NF2',10904,57011,175800
'13NF2',10904,57011,181900
'13NF2',10904,57011,184000
'13NF2',10904,57011,190100
'13NF2',10904,57011,192300
'13NF2',10904,57011,194400
'13NF2',10904,57011,200500
'13NF2',10904,57011,202600
'13NF2',10904,57011,204700
'13NF2',10904,57011,210800
'13NF2',10904,57011,212900
'13NF2',10904,57011,215000
'13NF2',10904,57011,221200
'13NF2',10904,57011,223400
'13NF2',10904,57011,225700
'13NF2',10904,57012,62600
'13NF2',10904,57012,64700
'13NF2',10904,57012,70800
'13NF2',10904,57012,72900
'13NF2',10904,57012,75000
'13NF2',10904,57012,81100
'13NF2',10904,57012,83200
'13NF2',10904,57012,85300
'13NF2',10904,57012,91500
'13NF2',10904,57012,93800
'13NF2',10904,57012,100100
'13NF2',10904,57012,102300
'13NF2',10904,57012,104700
'13NF2',10904,57012,111100
'13NF2',10904,57012,113300
'13NF2',10904,57012,115600
'13NF2',10904,57012,121900
'13NF2',10904,57012,124100
'13NF2',10904,57012,130400
'13NF2',10904,57012,132700
'13NF2',10904,57012,134900
'13NF2',10904,57012,141200
'13NF2',10904,57012,143500
'13NF2',10904,57012,145700
'13NF2',10904,57012,152000
'13NF2',10904,57012,154300
'13NF2',10904,57012,160500
'13NF2',10904,57012,162800
'13NF2',10904,57012,165000
'13NF2',10904,57012,171300
'13NF2',10904,57012,173600
'13NF2',10904,57012,175900
'13NF2',10904,57012,182000
'13NF2',10904,57012,184100
'13NF2',10904,57012,190200
'13NF2',10904,57012,192400
'13NF2',10904,57012,194500
'13NF2',10904,57012,200600
'13NF2',10904,57012,202700
'13NF2',10904,57012,204800
'13NF2',10904,57012,210900
'13NF2',10904,57012,213000
'13NF2',10904,57012,215100
'13NF2',10904,57012,221300
'13NF2',10904,57012,223500
'13NF2',10904,57012,225800
'13NF2',10904,57013,62700
'13NF2',10904,57013,64800
'13NF2',10904,57013,70900
'13NF2',10904,57013,73000
'13NF2',10904,57013,75100
'13NF2',10904,57013,81200
'13NF2',10904,57013,83300
'13NF2',10904,57013,85400
'13NF2',10904,57013,91600
'13NF2',10904,57013,93900
'13NF2',10904,57013,100200
'13NF2',10904,57013,102400
'13NF2',10904,57013,104700
'13NF2',10904,57013,111100
'13NF2',10904,57013,113300
'13NF2',10904,57013,115600
'13NF2',10904,57013,121900
'13NF2',10904,57013,124100
'13NF2',10904,57013,130400
'13NF2',10904,57013,132700
'13NF2',10904,57013,134900
'13NF2',10904,57013,141200
'13NF2',10904,57013,143500
'13NF2',10904,57013,145700
'13NF2',10904,57013,152000
'13NF2',10904,57013,154300
'13NF2',10904,57013,160500
'13NF2',10904,57013,162800
'13NF2',10904,57013,165000
'13NF2',10904,57013,171300
'13NF2',10904,57013,173600
'13NF2',10904,57013,175900
'13NF2',10904,57013,182100
'13NF2',10904,57013,184200
'13NF2',10904,57013,190300
'13NF2',10904,57013,192500
'13NF2',10904,57013,194600
'13NF2',10904,57013,200700
'13NF2',10904,57013,202800
'13NF2',10904,57013,204900
'13NF2',10904,57013,211000
'13NF2',10904,57013,213100
'13NF2',10904,57013,215200
'13NF2',10904,57013,221400
'13NF2',10904,57013,223600
'13NF2',10904,57013,225900
'13NF2',10904,57023,62800
'13NF2',10904,57023,64900
'13NF2',10904,57023,71000
'13NF2',10904,57023,73100
'13NF2',10904,57023,75200
'13NF2',10904,57023,81300
'13NF2',10904,57023,83400
'13NF2',10904,57023,85500
'13NF2',10904,57023,91700
'13NF2',10904,57023,94000
'13NF2',10904,57023,100300
'13NF2',10904,57023,102500
'13NF2',10904,57023,104900
'13NF2',10904,57023,111300
'13NF2',10904,57023,113500
'13NF2',10904,57023,115800
'13NF2',10904,57023,122100
'13NF2',10904,57023,124300
'13NF2',10904,57023,130600
'13NF2',10904,57023,132900
'13NF2',10904,57023,135100
'13NF2',10904,57023,141400
'13NF2',10904,57023,143700
'13NF2',10904,57023,145900
'13NF2',10904,57023,152200
'13NF2',10904,57023,154500
'13NF2',10904,57023,160700
'13NF2',10904,57023,163000
'13NF2',10904,57023,165200
'13NF2',10904,57023,171500
'13NF2',10904,57023,173800
'13NF2',10904,57023,180100
'13NF2',10904,57023,182200
'13NF2',10904,57023,184300
'13NF2',10904,57023,190400
'13NF2',10904,57023,192600
'13NF2',10904,57023,194700
'13NF2',10904,57023,200800
'13NF2',10904,57023,202900
'13NF2',10904,57023,205000
'13NF2',10904,57023,211100
'13NF2',10904,57023,213200
'13NF2',10904,57023,215300
'13NF2',10904,57023,221500
'13NF2',10904,57023,223700
'13NF2',10904,57023,230000
'13NF2',10904,57043,61700
'13NF2',10904,57043,63800
'13NF2',10904,57043,65900
'13NF2',10904,57043,72000
'13NF2',10904,57043,74100
'13NF2',10904,57043,80200
'13NF2',10904,57043,82300
'13NF2',10904,57043,84400
'13NF2',10904,57043,90500
'13NF2',10904,57043,92800
'13NF2',10904,57043,95100
'13NF2',10904,57043,101300
'13NF2',10904,57043,103700
'13NF2',10904,57043,110100
'13NF2',10904,57043,112300
'13NF2',10904,57043,114600
'13NF2',10904,57043,120900
'13NF2',10904,57043,123100
'13NF2',10904,57043,125400
'13NF2',10904,57043,131700
'13NF2',10904,57043,133900
'13NF2',10904,57043,140200
'13NF2',10904,57043,142500
'13NF2',10904,57043,144700
'13NF2',10904,57043,151000
'13NF2',10904,57043,153300
'13NF2',10904,57043,155500
'13NF2',10904,57043,161800
'13NF2',10904,57043,164000
'13NF2',10904,57043,170300
'13NF2',10904,57043,172600
'13NF2',10904,57043,174900
'13NF2',10904,57043,181000
'13NF2',10904,57043,183200
'13NF2',10904,57043,185300
'13NF2',10904,57043,191500
'13NF2',10904,57043,193600
'13NF2',10904,57043,195700
'13NF2',10904,57043,201800
'13NF2',10904,57043,203900
'13NF2',10904,57043,210000
'13NF2',10904,57043,212100
'13NF2',10904,57043,214200
'13NF2',10904,57043,220400
'13NF2',10904,57043,222600
'13NF2',10904,57043,224900
'13NF2',10904,57069,61400
'13NF2',10904,57069,63500
'13NF2',10904,57069,65600
'13NF2',10904,57069,71700
'13NF2',10904,57069,73800
'13NF2',10904,57069,75900
'13NF2',10904,57069,82000
'13NF2',10904,57069,84100
'13NF2',10904,57069,90200
'13NF2',10904,57069,92500
'13NF2',10904,57069,94800
'13NF2',10904,57069,101000
'13NF2',10904,57069,103300
'13NF2',10904,57069,105600
'13NF2',10904,57069,111800
'13NF2',10904,57069,114100
'13NF2',10904,57069,120400
'13NF2',10904,57069,122600
'13NF2',10904,57069,124900
'13NF2',10904,57069,131200
'13NF2',10904,57069,133400
'13NF2',10904,57069,135700
'13NF2',10904,57069,142000
'13NF2',10904,57069,144200
'13NF2',10904,57069,150500
'13NF2',10904,57069,152800
'13NF2',10904,57069,155000
'13NF2',10904,57069,161300
'13NF2',10904,57069,163500
'13NF2',10904,57069,165800
'13NF2',10904,57069,172100
'13NF2',10904,57069,174400
'13NF2',10904,57069,180600
'13NF2',10904,57069,182900
'13NF2',10904,57069,185000
'13NF2',10904,57069,191200
'13NF2',10904,57069,193300
'13NF2',10904,57069,195400
'13NF2',10904,57069,201500
'13NF2',10904,57069,203600
'13NF2',10904,57069,205700
'13NF2',10904,57069,211800
'13NF2',10904,57069,213900
'13NF2',10904,57069,220100
'13NF2',10904,57069,222300
'13NF2',10904,57069,224600
'13NF2',10904,57095,61900
'13NF2',10904,57095,64000
'13NF2',10904,57095,70100
'13NF2',10904,57095,72200
'13NF2',10904,57095,74300
'13NF2',10904,57095,80400
'13NF2',10904,57095,82500
'13NF2',10904,57095,84600
'13NF2',10904,57095,90800
'13NF2',10904,57095,93100
'13NF2',10904,57095,95400
'13NF2',10904,57095,101600
'13NF2',10904,57095,103900
'13NF2',10904,57095,110300
'13NF2',10904,57095,112500
'13NF2',10904,57095,114800
'13NF2',10904,57095,121100
'13NF2',10904,57095,123300
'13NF2',10904,57095,125600
'13NF2',10904,57095,131900
'13NF2',10904,57095,134100
'13NF2',10904,57095,140400
'13NF2',10904,57095,142700
'13NF2',10904,57095,144900
'13NF2',10904,57095,151200
'13NF2',10904,57095,153500
'13NF2',10904,57095,155700
'13NF2',10904,57095,162000
'13NF2',10904,57095,164200
'13NF2',10904,57095,170500
'13NF2',10904,57095,172800
'13NF2',10904,57095,175100
'13NF2',10904,57095,181300
'13NF2',10904,57095,183400
'13NF2',10904,57095,185500
'13NF2',10904,57095,191700
'13NF2',10904,57095,193800
'13NF2',10904,57095,195900
'13NF2',10904,57095,202000
'13NF2',10904,57095,204100
'13NF2',10904,57095,210200
'13NF2',10904,57095,212300
'13NF2',10904,57095,214400
'13NF2',10904,57095,220600
'13NF2',10904,57095,222800
'13NF2',10904,57095,225100
'13NF2',10904,57096,62100
'13NF2',10904,57096,64200
'13NF2',10904,57096,70300
'13NF2',10904,57096,72400
'13NF2',10904,57096,74500
'13NF2',10904,57096,80600
'13NF2',10904,57096,82700
'13NF2',10904,57096,84800
'13NF2',10904,57096,90900
'13NF2',10904,57096,93200
'13NF2',10904,57096,95500
'13NF2',10904,57096,101700
'13NF2',10904,57096,104000
'13NF2',10904,57096,110400
'13NF2',10904,57096,112600
'13NF2',10904,57096,114900
'13NF2',10904,57096,121200
'13NF2',10904,57096,123400
'13NF2',10904,57096,125700
'13NF2',10904,57096,132000
'13NF2',10904,57096,134200
'13NF2',10904,57096,140500
'13NF2',10904,57096,142800
'13NF2',10904,57096,145000
'13NF2',10904,57096,151300
'13NF2',10904,57096,153600
'13NF2',10904,57096,155800
'13NF2',10904,57096,162100
'13NF2',10904,57096,164300
'13NF2',10904,57096,170600
'13NF2',10904,57096,172900
'13NF2',10904,57096,175200
'13NF2',10904,57096,181400
'13NF2',10904,57096,183600
'13NF2',10904,57096,185700
'13NF2',10904,57096,191900
'13NF2',10904,57096,194000
'13NF2',10904,57096,200100
'13NF2',10904,57096,202200
'13NF2',10904,57096,204300
'13NF2',10904,57096,210400
'13NF2',10904,57096,212500
'13NF2',10904,57096,214600
'13NF2',10904,57096,220800
'13NF2',10904,57096,223000
'13NF2',10904,57096,225300
'13NF2',10904,57097,62100
'13NF2',10904,57097,64200
'13NF2',10904,57097,70300
'13NF2',10904,57097,72400
'13NF2',10904,57097,74500
'13NF2',10904,57097,80600
'13NF2',10904,57097,82700
'13NF2',10904,57097,84800
'13NF2',10904,57097,91000
'13NF2',10904,57097,93300
'13NF2',10904,57097,95600
'13NF2',10904,57097,101800
'13NF2',10904,57097,104100
'13NF2',10904,57097,110500
'13NF2',10904,57097,112700
'13NF2',10904,57097,115000
'13NF2',10904,57097,121300
'13NF2',10904,57097,123500
'13NF2',10904,57097,125800
'13NF2',10904,57097,132100
'13NF2',10904,57097,134300
'13NF2',10904,57097,140600
'13NF2',10904,57097,142900
'13NF2',10904,57097,145100
'13NF2',10904,57097,151400
'13NF2',10904,57097,153700
'13NF2',10904,57097,155900
'13NF2',10904,57097,162200
'13NF2',10904,57097,164400
'13NF2',10904,57097,170700
'13NF2',10904,57097,173000
'13NF2',10904,57097,175300
'13NF2',10904,57097,181500
'13NF2',10904,57097,183600
'13NF2',10904,57097,185700
'13NF2',10904,57097,191900
'13NF2',10904,57097,194000
'13NF2',10904,57097,200100
'13NF2',10904,57097,202200
'13NF2',10904,57097,204300
'13NF2',10904,57097,210400
'13NF2',10904,57097,212500
'13NF2',10904,57097,214600
'13NF2',10904,57097,220800
'13NF2',10904,57097,223000
'13NF2',10904,57097,225300
'13NF2',10904,57103,62700
'13NF2',10904,57103,64800
'13NF2',10904,57103,70900
'13NF2',10904,57103,73000
'13NF2',10904,57103,75100
'13NF2',10904,57103,81200
'13NF2',10904,57103,83300
'13NF2',10904,57103,85400
'13NF2',10904,57103,91600
'13NF2',10904,57103,93900
'13NF2',10904,57103,100200
'13NF2',10904,57103,102400
'13NF2',10904,57103,104800
'13NF2',10904,57103,111200
'13NF2',10904,57103,113400
'13NF2',10904,57103,115700
'13NF2',10904,57103,122000
'13NF2',10904,57103,124200
'13NF2',10904,57103,130500
'13NF2',10904,57103,132800
'13NF2',10904,57103,135000
'13NF2',10904,57103,141300
'13NF2',10904,57103,143600
'13NF2',10904,57103,145800
'13NF2',10904,57103,152100
'13NF2',10904,57103,154400
'13NF2',10904,57103,160600
'13NF2',10904,57103,162900
'13NF2',10904,57103,165100
'13NF2',10904,57103,171400
'13NF2',10904,57103,173700
'13NF2',10904,57103,180000
'13NF2',10904,57103,182100
'13NF2',10904,57103,184200
'13NF2',10904,57103,190300
'13NF2',10904,57103,192500
'13NF2',10904,57103,194600
'13NF2',10904,57103,200700
'13NF2',10904,57103,202800
'13NF2',10904,57103,204900
'13NF2',10904,57103,211000
'13NF2',10904,57103,213100
'13NF2',10904,57103,215200
'13NF2',10904,57103,221400
'13NF2',10904,57103,223600
'13NF2',10904,57103,225900
'13NF2',10904,57104,60500
'13NF2',10904,57104,62600
'13NF2',10904,57104,64700
'13NF2',10904,57104,70800
'13NF2',10904,57104,72900
'13NF2',10904,57104,75000
'13NF2',10904,57104,81100
'13NF2',10904,57104,83200
'13NF2',10904,57104,85300
'13NF2',10904,57104,91500
'13NF2',10904,57104,93800
'13NF2',10904,57104,100000
'13NF2',10904,57104,102300
'13NF2',10904,57104,104700
'13NF2',10904,57104,110900
'13NF2',10904,57104,113200
'13NF2',10904,57104,115500
'13NF2',10904,57104,121700
'13NF2',10904,57104,124000
'13NF2',10904,57104,130300
'13NF2',10904,57104,132500
'13NF2',10904,57104,134800
'13NF2',10904,57104,141100
'13NF2',10904,57104,143300
'13NF2',10904,57104,145600
'13NF2',10904,57104,151900
'13NF2',10904,57104,154100
'13NF2',10904,57104,160400
'13NF2',10904,57104,162600
'13NF2',10904,57104,164900
'13NF2',10904,57104,171200
'13NF2',10904,57104,173500
'13NF2',10904,57104,175700
'13NF2',10904,57104,181900
'13NF2',10904,57104,184100
'13NF2',10904,57104,190300
'13NF2',10904,57104,192400
'13NF2',10904,57104,194500
'13NF2',10904,57104,200600
'13NF2',10904,57104,202700
'13NF2',10904,57104,204800
'13NF2',10904,57104,210900
'13NF2',10904,57104,213000
'13NF2',10904,57104,215200
'13NF2',10904,57104,221400
'13NF2',10904,57104,223700
'13NF2',10904,57110,60200
'13NF2',10904,57110,62300
'13NF2',10904,57110,64400
'13NF2',10904,57110,70500
'13NF2',10904,57110,72600
'13NF2',10904,57110,74700
'13NF2',10904,57110,80800
'13NF2',10904,57110,82900
'13NF2',10904,57110,85000
'13NF2',10904,57110,91300
'13NF2',10904,57110,93600
'13NF2',10904,57110,95800
'13NF2',10904,57110,102100
'13NF2',10904,57110,104400
'13NF2',10904,57110,110600
'13NF2',10904,57110,112900
'13NF2',10904,57110,115200
'13NF2',10904,57110,121400
'13NF2',10904,57110,123700
'13NF2',10904,57110,130000
'13NF2',10904,57110,132200
'13NF2',10904,57110,134500
'13NF2',10904,57110,140800
'13NF2',10904,57110,143000
'13NF2',10904,57110,145300
'13NF2',10904,57110,151600
'13NF2',10904,57110,153800
'13NF2',10904,57110,160100
'13NF2',10904,57110,162300
'13NF2',10904,57110,164600
'13NF2',10904,57110,170900
'13NF2',10904,57110,173200
'13NF2',10904,57110,175400
'13NF2',10904,57110,181700
'13NF2',10904,57110,183800
'13NF2',10904,57110,190000
'13NF2',10904,57110,192100
'13NF2',10904,57110,194200
'13NF2',10904,57110,200300
'13NF2',10904,57110,202400
'13NF2',10904,57110,204500
'13NF2',10904,57110,210600
'13NF2',10904,57110,212700
'13NF2',10904,57110,214900
'13NF2',10904,57110,221100
'13NF2',10904,57110,223400
'13NF2',10904,57111,60300
'13NF2',10904,57111,62400
'13NF2',10904,57111,64500
'13NF2',10904,57111,70600
'13NF2',10904,57111,72700
'13NF2',10904,57111,74800
'13NF2',10904,57111,80900
'13NF2',10904,57111,83000
'13NF2',10904,57111,85100
'13NF2',10904,57111,91400
'13NF2',10904,57111,93700
'13NF2',10904,57111,95900
'13NF2',10904,57111,102200
'13NF2',10904,57111,104500
'13NF2',10904,57111,110700
'13NF2',10904,57111,113000
'13NF2',10904,57111,115300
'13NF2',10904,57111,121500
'13NF2',10904,57111,123800
'13NF2',10904,57111,130100
'13NF2',10904,57111,132300
'13NF2',10904,57111,134600
'13NF2',10904,57111,140900
'13NF2',10904,57111,143100
'13NF2',10904,57111,145400
'13NF2',10904,57111,151700
'13NF2',10904,57111,153900
'13NF2',10904,57111,160200
'13NF2',10904,57111,162400
'13NF2',10904,57111,164700
'13NF2',10904,57111,171000
'13NF2',10904,57111,173300
'13NF2',10904,57111,175500
'13NF2',10904,57111,181800
'13NF2',10904,57111,183900
'13NF2',10904,57111,190100
'13NF2',10904,57111,192200
'13NF2',10904,57111,194300
'13NF2',10904,57111,200400
'13NF2',10904,57111,202500
'13NF2',10904,57111,204600
'13NF2',10904,57111,210700
'13NF2',10904,57111,212800
'13NF2',10904,57111,215000
'13NF2',10904,57111,221200
'13NF2',10904,57111,223500
'13NF2',10904,57112,60600
'13NF2',10904,57112,62700
'13NF2',10904,57112,64800
'13NF2',10904,57112,70900
'13NF2',10904,57112,73000
'13NF2',10904,57112,75100
'13NF2',10904,57112,81200
'13NF2',10904,57112,83300
'13NF2',10904,57112,85400
'13NF2',10904,57112,91700
'13NF2',10904,57112,94000
'13NF2',10904,57112,100200
'13NF2',10904,57112,102500
'13NF2',10904,57112,104800
'13NF2',10904,57112,111000
'13NF2',10904,57112,113300
'13NF2',10904,57112,115600
'13NF2',10904,57112,121800
'13NF2',10904,57112,124100
'13NF2',10904,57112,130400
'13NF2',10904,57112,132600
'13NF2',10904,57112,134900
'13NF2',10904,57112,141200
'13NF2',10904,57112,143400
'13NF2',10904,57112,145700
'13NF2',10904,57112,152000
'13NF2',10904,57112,154200
'13NF2',10904,57112,160500
'13NF2',10904,57112,162700
'13NF2',10904,57112,165000
'13NF2',10904,57112,171300
'13NF2',10904,57112,173600
'13NF2',10904,57112,175800
'13NF2',10904,57112,182100
'13NF2',10904,57112,184200
'13NF2',10904,57112,190400
'13NF2',10904,57112,192500
'13NF2',10904,57112,194600
'13NF2',10904,57112,200700
'13NF2',10904,57112,202800
'13NF2',10904,57112,204900
'13NF2',10904,57112,211000
'13NF2',10904,57112,213100
'13NF2',10904,57112,215300
'13NF2',10904,57112,221500
'13NF2',10904,57112,223800
'13NF2',10904,60456,60400
'13NF2',10904,60456,62500
'13NF2',10904,60456,64600
'13NF2',10904,60456,70700
'13NF2',10904,60456,72800
'13NF2',10904,60456,74900
'13NF2',10904,60456,81000
'13NF2',10904,60456,83100
'13NF2',10904,60456,85200
'13NF2',10904,60456,91400
'13NF2',10904,60456,93700
'13NF2',10904,60456,95900
'13NF2',10904,60456,102200
'13NF2',10904,60456,104500
'13NF2',10904,60456,110700
'13NF2',10904,60456,113000
'13NF2',10904,60456,115300
'13NF2',10904,60456,121500
'13NF2',10904,60456,123800
'13NF2',10904,60456,130100
'13NF2',10904,60456,132300
'13NF2',10904,60456,134600
'13NF2',10904,60456,140900
'13NF2',10904,60456,143100
'13NF2',10904,60456,145400
'13NF2',10904,60456,151700
'13NF2',10904,60456,153900
'13NF2',10904,60456,160200
'13NF2',10904,60456,162400
'13NF2',10904,60456,164700
'13NF2',10904,60456,171000
'13NF2',10904,60456,173300
'13NF2',10904,60456,175500
'13NF2',10904,60456,181800
'13NF2',10904,60456,184000
'13NF2',10904,60456,190200
'13NF2',10904,60456,192300
'13NF2',10904,60456,194400
'13NF2',10904,60456,200500
'13NF2',10904,60456,202600
'13NF2',10904,60456,204700
'13NF2',10904,60456,210800
'13NF2',10904,60456,212900
'13NF2',10904,60456,215100
'13NF2',10904,60456,221300
'13NF2',10904,60456,223600
