'14NA',13904,55085,45800
'14NA',13904,55085,52300
'14NA',13904,55085,54800
'14NA',13904,55085,60800
'14NA',13904,55085,62800
'14NA',13904,55085,64800
'14NA',13904,55085,70300
'14NA',13904,55085,71800
'14NA',13904,55085,73200
'14NA',13904,55085,74000
'14NA',13904,55085,74800
'14NA',13904,55085,75600
'14NA',13904,55085,80400
'14NA',13904,55085,81200
'14NA',13904,55085,82000
'14NA',13904,55085,82800
'14NA',13904,55085,83600
'14NA',13904,55085,84400
'14NA',13904,55085,85200
'14NA',13904,55085,90100
'14NA',13904,55085,90900
'14NA',13904,55085,91600
'14NA',13904,55085,92300
'14NA',13904,55085,93100
'14NA',13904,55085,94000
'14NA',13904,55085,94900
'14NA',13904,55085,95800
'14NA',13904,55085,100600
'14NA',13904,55085,101300
'14NA',13904,55085,101900
'14NA',13904,55085,102500
'14NA',13904,55085,103200
'14NA',13904,55085,104000
'14NA',13904,55085,104900
'14NA',13904,55085,105700
'14NA',13904,55085,110400
'14NA',13904,55085,111100
'14NA',13904,55085,111800
'14NA',13904,55085,112500
'14NA',13904,55085,113200
'14NA',13904,55085,113800
'14NA',13904,55085,114400
'14NA',13904,55085,114900
'14NA',13904,55085,115500
'14NA',13904,55085,120100
'14NA',13904,55085,120700
'14NA',13904,55085,121300
'14NA',13904,55085,121900
'14NA',13904,55085,122700
'14NA',13904,55085,123500
'14NA',13904,55085,124200
'14NA',13904,55085,124900
'14NA',13904,55085,125600
'14NA',13904,55085,130300
'14NA',13904,55085,130900
'14NA',13904,55085,131400
'14NA',13904,55085,132000
'14NA',13904,55085,132500
'14NA',13904,55085,133100
'14NA',13904,55085,133600
'14NA',13904,55085,134200
'14NA',13904,55085,134800
'14NA',13904,55085,135500
'14NA',13904,55085,140200
'14NA',13904,55085,140800
'14NA',13904,55085,141300
'14NA',13904,55085,141800
'14NA',13904,55085,142300
'14NA',13904,55085,142900
'14NA',13904,55085,143500
'14NA',13904,55085,144100
'14NA',13904,55085,144800
'14NA',13904,55085,145600
'14NA',13904,55085,150500
'14NA',13904,55085,151300
'14NA',13904,55085,151800
'14NA',13904,55085,152600
'14NA',13904,55085,153400
'14NA',13904,55085,154200
'14NA',13904,55085,154900
'14NA',13904,55085,155600
'14NA',13904,55085,160400
'14NA',13904,55085,161200
'14NA',13904,55085,162000
'14NA',13904,55085,162800
'14NA',13904,55085,163600
'14NA',13904,55085,164600
'14NA',13904,55085,165600
'14NA',13904,55085,170600
'14NA',13904,55085,171500
'14NA',13904,55085,172200
'14NA',13904,55085,172900
'14NA',13904,55085,173700
'14NA',13904,55085,174500
'14NA',13904,55085,175500
'14NA',13904,55085,180500
'14NA',13904,55085,181500
'14NA',13904,55085,182500
'14NA',13904,55085,183500
'14NA',13904,55085,184600
'14NA',13904,55085,185600
'14NA',13904,55085,190700
'14NA',13904,55085,191800
'14NA',13904,55085,192800
'14NA',13904,55085,193800
'14NA',13904,55085,194800
'14NA',13904,55085,200800
'14NA',13904,55085,202800
'14NA',13904,55085,204800
'14NA',13904,55085,210800
'14NA',13904,55085,212700
'14NA',13904,55085,214500
'14NA',13904,55085,220200
'14NA',13904,55085,222400
'14NA',13904,55085,224700
'14NA',13904,55085,231200
'14NA',13904,55085,234200
'14NA',13904,55085,241200
'14NA',13904,55085,244200
'14NF1',13904,55085,45800
'14NF1',13904,55085,52300
'14NF1',13904,55085,54800
'14NF1',13904,55085,60800
'14NF1',13904,55085,62800
'14NF1',13904,55085,64800
'14NF1',13904,55085,70300
'14NF1',13904,55085,71800
'14NF1',13904,55085,73200
'14NF1',13904,55085,74000
'14NF1',13904,55085,74800
'14NF1',13904,55085,75600
'14NF1',13904,55085,80400
'14NF1',13904,55085,81200
'14NF1',13904,55085,82000
'14NF1',13904,55085,82800
'14NF1',13904,55085,83600
'14NF1',13904,55085,84400
'14NF1',13904,55085,85200
'14NF1',13904,55085,90100
'14NF1',13904,55085,90900
'14NF1',13904,55085,91600
'14NF1',13904,55085,92300
'14NF1',13904,55085,93100
'14NF1',13904,55085,94000
'14NF1',13904,55085,94900
'14NF1',13904,55085,95800
'14NF1',13904,55085,100600
'14NF1',13904,55085,101300
'14NF1',13904,55085,101900
'14NF1',13904,55085,102500
'14NF1',13904,55085,103200
'14NF1',13904,55085,104000
'14NF1',13904,55085,104900
'14NF1',13904,55085,105700
'14NF1',13904,55085,110400
'14NF1',13904,55085,111100
'14NF1',13904,55085,111800
'14NF1',13904,55085,112500
'14NF1',13904,55085,113200
'14NF1',13904,55085,113800
'14NF1',13904,55085,114400
'14NF1',13904,55085,114900
'14NF1',13904,55085,115500
'14NF1',13904,55085,120100
'14NF1',13904,55085,120700
'14NF1',13904,55085,121300
'14NF1',13904,55085,121900
'14NF1',13904,55085,122700
'14NF1',13904,55085,123500
'14NF1',13904,55085,124200
'14NF1',13904,55085,124900
'14NF1',13904,55085,125600
'14NF1',13904,55085,130300
'14NF1',13904,55085,130900
'14NF1',13904,55085,131400
'14NF1',13904,55085,132000
'14NF1',13904,55085,132500
'14NF1',13904,55085,133100
'14NF1',13904,55085,133600
'14NF1',13904,55085,134200
'14NF1',13904,55085,134800
'14NF1',13904,55085,135500
'14NF1',13904,55085,140200
'14NF1',13904,55085,140800
'14NF1',13904,55085,141300
'14NF1',13904,55085,141800
'14NF1',13904,55085,142300
'14NF1',13904,55085,142900
'14NF1',13904,55085,143500
'14NF1',13904,55085,144100
'14NF1',13904,55085,144800
'14NF1',13904,55085,145600
'14NF1',13904,55085,150500
'14NF1',13904,55085,151300
'14NF1',13904,55085,151800
'14NF1',13904,55085,152600
'14NF1',13904,55085,153400
'14NF1',13904,55085,154200
'14NF1',13904,55085,154900
'14NF1',13904,55085,155600
'14NF1',13904,55085,160400
'14NF1',13904,55085,161200
'14NF1',13904,55085,162000
'14NF1',13904,55085,162800
'14NF1',13904,55085,163600
'14NF1',13904,55085,164600
'14NF1',13904,55085,165600
'14NF1',13904,55085,170600
'14NF1',13904,55085,171500
'14NF1',13904,55085,172200
'14NF1',13904,55085,172900
'14NF1',13904,55085,173700
'14NF1',13904,55085,174500
'14NF1',13904,55085,175500
'14NF1',13904,55085,180500
'14NF1',13904,55085,181500
'14NF1',13904,55085,182500
'14NF1',13904,55085,183500
'14NF1',13904,55085,184600
'14NF1',13904,55085,185600
'14NF1',13904,55085,190700
'14NF1',13904,55085,191800
'14NF1',13904,55085,192800
'14NF1',13904,55085,193800
'14NF1',13904,55085,194800
'14NF1',13904,55085,200800
'14NF1',13904,55085,202800
'14NF1',13904,55085,204800
'14NF1',13904,55085,210800
'14NF1',13904,55085,212700
'14NF1',13904,55085,214500
'14NF1',13904,55085,220200
'14NF1',13904,55085,222400
'14NF1',13904,55085,224700
'14NF1',13904,55085,231500
'14NF1',13904,55085,234600
'14NF1',13904,55085,241700
'14NF1',13904,55085,244800
'14NF2',13904,55085,45800
'14NF2',13904,55085,52300
'14NF2',13904,55085,54800
'14NF2',13904,55085,60800
'14NF2',13904,55085,62800
'14NF2',13904,55085,64800
'14NF2',13904,55085,70300
'14NF2',13904,55085,71800
'14NF2',13904,55085,73200
'14NF2',13904,55085,74000
'14NF2',13904,55085,74800
'14NF2',13904,55085,75600
'14NF2',13904,55085,80400
'14NF2',13904,55085,81200
'14NF2',13904,55085,82000
'14NF2',13904,55085,82800
'14NF2',13904,55085,83600
'14NF2',13904,55085,84400
'14NF2',13904,55085,85200
'14NF2',13904,55085,90100
'14NF2',13904,55085,90900
'14NF2',13904,55085,91600
'14NF2',13904,55085,92300
'14NF2',13904,55085,93100
'14NF2',13904,55085,94000
'14NF2',13904,55085,94900
'14NF2',13904,55085,95800
'14NF2',13904,55085,100600
'14NF2',13904,55085,101300
'14NF2',13904,55085,101900
'14NF2',13904,55085,102500
'14NF2',13904,55085,103200
'14NF2',13904,55085,104000
'14NF2',13904,55085,104900
'14NF2',13904,55085,105700
'14NF2',13904,55085,110400
'14NF2',13904,55085,111100
'14NF2',13904,55085,111800
'14NF2',13904,55085,112500
'14NF2',13904,55085,113200
'14NF2',13904,55085,113800
'14NF2',13904,55085,114400
'14NF2',13904,55085,114900
'14NF2',13904,55085,115500
'14NF2',13904,55085,120100
'14NF2',13904,55085,120700
'14NF2',13904,55085,121300
'14NF2',13904,55085,121900
'14NF2',13904,55085,122700
'14NF2',13904,55085,123500
'14NF2',13904,55085,124200
'14NF2',13904,55085,124900
'14NF2',13904,55085,125600
'14NF2',13904,55085,130300
'14NF2',13904,55085,130900
'14NF2',13904,55085,131400
'14NF2',13904,55085,132000
'14NF2',13904,55085,132500
'14NF2',13904,55085,133100
'14NF2',13904,55085,133600
'14NF2',13904,55085,134200
'14NF2',13904,55085,134800
'14NF2',13904,55085,135500
'14NF2',13904,55085,140200
'14NF2',13904,55085,140800
'14NF2',13904,55085,141300
'14NF2',13904,55085,141800
'14NF2',13904,55085,142300
'14NF2',13904,55085,142900
'14NF2',13904,55085,143500
'14NF2',13904,55085,144100
'14NF2',13904,55085,144800
'14NF2',13904,55085,145600
'14NF2',13904,55085,150500
'14NF2',13904,55085,151300
'14NF2',13904,55085,151800
'14NF2',13904,55085,152600
'14NF2',13904,55085,153400
'14NF2',13904,55085,154200
'14NF2',13904,55085,154900
'14NF2',13904,55085,155600
'14NF2',13904,55085,160400
'14NF2',13904,55085,161200
'14NF2',13904,55085,162000
'14NF2',13904,55085,162800
'14NF2',13904,55085,163600
'14NF2',13904,55085,164600
'14NF2',13904,55085,165600
'14NF2',13904,55085,170600
'14NF2',13904,55085,171500
'14NF2',13904,55085,172200
'14NF2',13904,55085,172900
'14NF2',13904,55085,173700
'14NF2',13904,55085,174500
'14NF2',13904,55085,175500
'14NF2',13904,55085,180500
'14NF2',13904,55085,181500
'14NF2',13904,55085,182500
'14NF2',13904,55085,183500
'14NF2',13904,55085,184600
'14NF2',13904,55085,185600
'14NF2',13904,55085,190700
'14NF2',13904,55085,191800
'14NF2',13904,55085,192800
'14NF2',13904,55085,193800
'14NF2',13904,55085,194800
'14NF2',13904,55085,200800
'14NF2',13904,55085,202800
'14NF2',13904,55085,204800
'14NF2',13904,55085,210800
'14NF2',13904,55085,212700
'14NF2',13904,55085,214500
'14NF2',13904,55085,220200
'14NF2',13904,55085,222400
'14NF2',13904,55085,224700
'14NF2',13904,55085,231500
'14NF2',13904,55085,234600
'14NF2',13904,55085,241700
'14NF2',13904,55085,244800
'14NF3',13904,55085,45800
'14NF3',13904,55085,52300
'14NF3',13904,55085,54800
'14NF3',13904,55085,60800
'14NF3',13904,55085,62800
'14NF3',13904,55085,64800
'14NF3',13904,55085,70300
'14NF3',13904,55085,71800
'14NF3',13904,55085,73200
'14NF3',13904,55085,74000
'14NF3',13904,55085,74800
'14NF3',13904,55085,75600
'14NF3',13904,55085,80400
'14NF3',13904,55085,81200
'14NF3',13904,55085,82000
'14NF3',13904,55085,82800
'14NF3',13904,55085,83600
'14NF3',13904,55085,84400
'14NF3',13904,55085,85200
'14NF3',13904,55085,90100
'14NF3',13904,55085,90900
'14NF3',13904,55085,91600
'14NF3',13904,55085,92300
'14NF3',13904,55085,93100
'14NF3',13904,55085,94000
'14NF3',13904,55085,94900
'14NF3',13904,55085,95800
'14NF3',13904,55085,100600
'14NF3',13904,55085,101300
'14NF3',13904,55085,101900
'14NF3',13904,55085,102500
'14NF3',13904,55085,103200
'14NF3',13904,55085,104000
'14NF3',13904,55085,104900
'14NF3',13904,55085,105700
'14NF3',13904,55085,110400
'14NF3',13904,55085,111100
'14NF3',13904,55085,111800
'14NF3',13904,55085,112500
'14NF3',13904,55085,113200
'14NF3',13904,55085,113800
'14NF3',13904,55085,114400
'14NF3',13904,55085,114900
'14NF3',13904,55085,115500
'14NF3',13904,55085,120100
'14NF3',13904,55085,120700
'14NF3',13904,55085,121300
'14NF3',13904,55085,121900
'14NF3',13904,55085,122700
'14NF3',13904,55085,123500
'14NF3',13904,55085,124200
'14NF3',13904,55085,124900
'14NF3',13904,55085,125600
'14NF3',13904,55085,130300
'14NF3',13904,55085,130900
'14NF3',13904,55085,131400
'14NF3',13904,55085,132000
'14NF3',13904,55085,132500
'14NF3',13904,55085,133100
'14NF3',13904,55085,133600
'14NF3',13904,55085,134200
'14NF3',13904,55085,134800
'14NF3',13904,55085,135500
'14NF3',13904,55085,140200
'14NF3',13904,55085,140800
'14NF3',13904,55085,141300
'14NF3',13904,55085,141800
'14NF3',13904,55085,142300
'14NF3',13904,55085,142900
'14NF3',13904,55085,143500
'14NF3',13904,55085,144100
'14NF3',13904,55085,144800
'14NF3',13904,55085,145600
'14NF3',13904,55085,150500
'14NF3',13904,55085,151300
'14NF3',13904,55085,151800
'14NF3',13904,55085,152600
'14NF3',13904,55085,153400
'14NF3',13904,55085,154200
'14NF3',13904,55085,154900
'14NF3',13904,55085,155600
'14NF3',13904,55085,160400
'14NF3',13904,55085,161200
'14NF3',13904,55085,162000
'14NF3',13904,55085,162800
'14NF3',13904,55085,163600
'14NF3',13904,55085,164600
'14NF3',13904,55085,165600
'14NF3',13904,55085,170600
'14NF3',13904,55085,171500
'14NF3',13904,55085,172200
'14NF3',13904,55085,172900
'14NF3',13904,55085,173700
'14NF3',13904,55085,174500
'14NF3',13904,55085,175500
'14NF3',13904,55085,180500
'14NF3',13904,55085,181500
'14NF3',13904,55085,182500
'14NF3',13904,55085,183500
'14NF3',13904,55085,184600
'14NF3',13904,55085,185600
'14NF3',13904,55085,190700
'14NF3',13904,55085,191800
'14NF3',13904,55085,192800
'14NF3',13904,55085,193800
'14NF3',13904,55085,194800
'14NF3',13904,55085,200800
'14NF3',13904,55085,202800
'14NF3',13904,55085,204800
'14NF3',13904,55085,210800
'14NF3',13904,55085,212700
'14NF3',13904,55085,214500
'14NF3',13904,55085,220200
'14NF3',13904,55085,222400
'14NF3',13904,55085,224700
'14NF3',13904,55085,231500
'14NF3',13904,55085,234600
'14NF3',13904,55085,241700
'14NF3',13904,55085,244800
'14NF4',13904,55085,45800
'14NF4',13904,55085,52300
'14NF4',13904,55085,54800
'14NF4',13904,55085,60800
'14NF4',13904,55085,62800
'14NF4',13904,55085,64800
'14NF4',13904,55085,70300
'14NF4',13904,55085,71800
'14NF4',13904,55085,73200
'14NF4',13904,55085,74000
'14NF4',13904,55085,74800
'14NF4',13904,55085,75600
'14NF4',13904,55085,80400
'14NF4',13904,55085,81200
'14NF4',13904,55085,82000
'14NF4',13904,55085,82800
'14NF4',13904,55085,83600
'14NF4',13904,55085,84400
'14NF4',13904,55085,85200
'14NF4',13904,55085,90100
'14NF4',13904,55085,90900
'14NF4',13904,55085,91600
'14NF4',13904,55085,92300
'14NF4',13904,55085,93100
'14NF4',13904,55085,94000
'14NF4',13904,55085,94900
'14NF4',13904,55085,95800
'14NF4',13904,55085,100600
'14NF4',13904,55085,101300
'14NF4',13904,55085,101900
'14NF4',13904,55085,102500
'14NF4',13904,55085,103200
'14NF4',13904,55085,104000
'14NF4',13904,55085,104900
'14NF4',13904,55085,105700
'14NF4',13904,55085,110400
'14NF4',13904,55085,111100
'14NF4',13904,55085,111800
'14NF4',13904,55085,112500
'14NF4',13904,55085,113200
'14NF4',13904,55085,113800
'14NF4',13904,55085,114400
'14NF4',13904,55085,114900
'14NF4',13904,55085,115500
'14NF4',13904,55085,120100
'14NF4',13904,55085,120700
'14NF4',13904,55085,121300
'14NF4',13904,55085,121900
'14NF4',13904,55085,122700
'14NF4',13904,55085,123500
'14NF4',13904,55085,124200
'14NF4',13904,55085,124900
'14NF4',13904,55085,125600
'14NF4',13904,55085,130300
'14NF4',13904,55085,130900
'14NF4',13904,55085,131400
'14NF4',13904,55085,132000
'14NF4',13904,55085,132500
'14NF4',13904,55085,133100
'14NF4',13904,55085,133600
'14NF4',13904,55085,134200
'14NF4',13904,55085,134800
'14NF4',13904,55085,135500
'14NF4',13904,55085,140200
'14NF4',13904,55085,140800
'14NF4',13904,55085,141300
'14NF4',13904,55085,141800
'14NF4',13904,55085,142300
'14NF4',13904,55085,142900
'14NF4',13904,55085,143500
'14NF4',13904,55085,144100
'14NF4',13904,55085,144800
'14NF4',13904,55085,145600
'14NF4',13904,55085,150500
'14NF4',13904,55085,151300
'14NF4',13904,55085,151800
'14NF4',13904,55085,152600
'14NF4',13904,55085,153400
'14NF4',13904,55085,154200
'14NF4',13904,55085,154900
'14NF4',13904,55085,155600
'14NF4',13904,55085,160400
'14NF4',13904,55085,161200
'14NF4',13904,55085,162000
'14NF4',13904,55085,162800
'14NF4',13904,55085,163600
'14NF4',13904,55085,164600
'14NF4',13904,55085,165600
'14NF4',13904,55085,170600
'14NF4',13904,55085,171500
'14NF4',13904,55085,172200
'14NF4',13904,55085,172900
'14NF4',13904,55085,173700
'14NF4',13904,55085,174500
'14NF4',13904,55085,175500
'14NF4',13904,55085,180500
'14NF4',13904,55085,181500
'14NF4',13904,55085,182500
'14NF4',13904,55085,183500
'14NF4',13904,55085,184600
'14NF4',13904,55085,185600
'14NF4',13904,55085,190700
'14NF4',13904,55085,191800
'14NF4',13904,55085,192800
'14NF4',13904,55085,193800
'14NF4',13904,55085,194800
'14NF4',13904,55085,200800
'14NF4',13904,55085,202800
'14NF4',13904,55085,204800
'14NF4',13904,55085,210800
'14NF4',13904,55085,212700
'14NF4',13904,55085,214500
'14NF4',13904,55085,220200
'14NF4',13904,55085,222400
'14NF4',13904,55085,224700
'14NF4',13904,55085,231500
'14NF4',13904,55085,234600
'14NF4',13904,55085,241700
'14NF4',13904,55085,244800
'14NI',13904,55085,50800
'14NI',13904,55085,53500
'14NI',13904,55085,60500
'14NI',13904,55085,63500
'14NI',13904,55085,70500
'14NI',13904,55085,72400
'14NI',13904,55085,74400
'14NI',13904,55085,80300
'14NI',13904,55085,81300
'14NI',13904,55085,82300
'14NI',13904,55085,83300
'14NI',13904,55085,84300
'14NI',13904,55085,85300
'14NI',13904,55085,90300
'14NI',13904,55085,91300
'14NI',13904,55085,92300
'14NI',13904,55085,93300
'14NI',13904,55085,94100
'14NI',13904,55085,94900
'14NI',13904,55085,95700
'14NI',13904,55085,100500
'14NI',13904,55085,101200
'14NI',13904,55085,101900
'14NI',13904,55085,102600
'14NI',13904,55085,103300
'14NI',13904,55085,104000
'14NI',13904,55085,104700
'14NI',13904,55085,105500
'14NI',13904,55085,110300
'14NI',13904,55085,111100
'14NI',13904,55085,111800
'14NI',13904,55085,112500
'14NI',13904,55085,113300
'14NI',13904,55085,114100
'14NI',13904,55085,114900
'14NI',13904,55085,115800
'14NI',13904,55085,120600
'14NI',13904,55085,121300
'14NI',13904,55085,122100
'14NI',13904,55085,122900
'14NI',13904,55085,123600
'14NI',13904,55085,124300
'14NI',13904,55085,125000
'14NI',13904,55085,125700
'14NI',13904,55085,130300
'14NI',13904,55085,130900
'14NI',13904,55085,131600
'14NI',13904,55085,132400
'14NI',13904,55085,133200
'14NI',13904,55085,134000
'14NI',13904,55085,134700
'14NI',13904,55085,135500
'14NI',13904,55085,140200
'14NI',13904,55085,141000
'14NI',13904,55085,141800
'14NI',13904,55085,142500
'14NI',13904,55085,143200
'14NI',13904,55085,144000
'14NI',13904,55085,144800
'14NI',13904,55085,145700
'14NI',13904,55085,150500
'14NI',13904,55085,151300
'14NI',13904,55085,152200
'14NI',13904,55085,153200
'14NI',13904,55085,154100
'14NI',13904,55085,155100
'14NI',13904,55085,160100
'14NI',13904,55085,161100
'14NI',13904,55085,161800
'14NI',13904,55085,162500
'14NI',13904,55085,163400
'14NI',13904,55085,164400
'14NI',13904,55085,165400
'14NI',13904,55085,170300
'14NI',13904,55085,171200
'14NI',13904,55085,172200
'14NI',13904,55085,173100
'14NI',13904,55085,174100
'14NI',13904,55085,175100
'14NI',13904,55085,180100
'14NI',13904,55085,181600
'14NI',13904,55085,183100
'14NI',13904,55085,185100
'14NI',13904,55085,191100
'14NI',13904,55085,193000
'14NI',13904,55085,194900
'14NI',13904,55085,200900
'14NI',13904,55085,202900
'14NI',13904,55085,204900
'14NI',13904,55085,211900
'14NI',13904,55085,214900
'14NI',13904,55085,221900
'14NI',13904,55085,224900
'14NI',13904,55085,231900
'14NI',13904,55085,234900
'14NI',13904,55085,241900
'14NI',13904,55085,244900
'14NS',13904,55085,45900
'14NS',13904,55085,50900
'14NS',13904,55085,51900
'14NS',13904,55085,53000
'14NS',13904,55085,54000
'14NS',13904,55085,55000
'14NS',13904,55085,60000
'14NS',13904,55085,61000
'14NS',13904,55085,62000
'14NS',13904,55085,63000
'14NS',13904,55085,64000
'14NS',13904,55085,64900
'14NS',13904,55085,65700
'14NS',13904,55085,70400
'14NS',13904,55085,71200
'14NS',13904,55085,72000
'14NS',13904,55085,72600
'14NS',13904,55085,73200
'14NS',13904,55085,73800
'14NS',13904,55085,74500
'14NS',13904,55085,75300
'14NS',13904,55085,80100
'14NS',13904,55085,80900
'14NS',13904,55085,81600
'14NS',13904,55085,82300
'14NS',13904,55085,83100
'14NS',13904,55085,84100
'14NS',13904,55085,85100
'14NS',13904,55085,90100
'14NS',13904,55085,91000
'14NS',13904,55085,91800
'14NS',13904,55085,92500
'14NS',13904,55085,93100
'14NS',13904,55085,93800
'14NS',13904,55085,94600
'14NS',13904,55085,95300
'14NS',13904,55085,100000
'14NS',13904,55085,100700
'14NS',13904,55085,101300
'14NS',13904,55085,102000
'14NS',13904,55085,102700
'14NS',13904,55085,103500
'14NS',13904,55085,104200
'14NS',13904,55085,105000
'14NS',13904,55085,105800
'14NS',13904,55085,110600
'14NS',13904,55085,111400
'14NS',13904,55085,112200
'14NS',13904,55085,113000
'14NS',13904,55085,113700
'14NS',13904,55085,114400
'14NS',13904,55085,115000
'14NS',13904,55085,115600
'14NS',13904,55085,120200
'14NS',13904,55085,120900
'14NS',13904,55085,121600
'14NS',13904,55085,122300
'14NS',13904,55085,123000
'14NS',13904,55085,123700
'14NS',13904,55085,124400
'14NS',13904,55085,125000
'14NS',13904,55085,125700
'14NS',13904,55085,130400
'14NS',13904,55085,131100
'14NS',13904,55085,131800
'14NS',13904,55085,132600
'14NS',13904,55085,133400
'14NS',13904,55085,134100
'14NS',13904,55085,134800
'14NS',13904,55085,135500
'14NS',13904,55085,140200
'14NS',13904,55085,140900
'14NS',13904,55085,141700
'14NS',13904,55085,142400
'14NS',13904,55085,143000
'14NS',13904,55085,143700
'14NS',13904,55085,144300
'14NS',13904,55085,144900
'14NS',13904,55085,145500
'14NS',13904,55085,150100
'14NS',13904,55085,150700
'14NS',13904,55085,151300
'14NS',13904,55085,151900
'14NS',13904,55085,152700
'14NS',13904,55085,153500
'14NS',13904,55085,154300
'14NS',13904,55085,155000
'14NS',13904,55085,155700
'14NS',13904,55085,160400
'14NS',13904,55085,161100
'14NS',13904,55085,161800
'14NS',13904,55085,162500
'14NS',13904,55085,163300
'14NS',13904,55085,164100
'14NS',13904,55085,165000
'14NS',13904,55085,165800
'14NS',13904,55085,170600
'14NS',13904,55085,171500
'14NS',13904,55085,172400
'14NS',13904,55085,173200
'14NS',13904,55085,174000
'14NS',13904,55085,175000
'14NS',13904,55085,180000
'14NS',13904,55085,181000
'14NS',13904,55085,181900
'14NS',13904,55085,182900
'14NS',13904,55085,183900
'14NS',13904,55085,184900
'14NS',13904,55085,185900
'14NS',13904,55085,190900
'14NS',13904,55085,191900
'14NS',13904,55085,192900
'14NS',13904,55085,193900
'14NS',13904,55085,194900
'14NS',13904,55085,195900
'14NS',13904,55085,200900
'14NS',13904,55085,201900
'14NS',13904,55085,202900
'14NS',13904,55085,203900
'14NS',13904,55085,204900
'14NS',13904,55085,205900
'14NS',13904,55085,212900
'14NS',13904,55085,220000
'14NS',13904,55085,223100
'14NS',13904,55085,230200
'14NS',13904,55085,233400
'14NS',13904,55085,235800
'14NS',13904,55085,242300
'14NS',13904,55085,245200
'14NA',35504,55085,252100
'14NA',35504,55085,260600
'14NA',35504,55085,265100
'14NA',35504,55085,273600
'14NA',35504,55085,281800
'14NA',35504,55085,284700
'14NF1',35504,55085,252100
'14NF1',35504,55085,260600
'14NF1',35504,55085,265100
'14NF1',35504,55085,273600
'14NF1',35504,55085,282100
'14NF1',35504,55085,284700
'14NF2',35504,55085,252100
'14NF2',35504,55085,260600
'14NF2',35504,55085,265100
'14NF2',35504,55085,273600
'14NF2',35504,55085,281800
'14NF2',35504,55085,284700
'14NF3',35504,55085,252100
'14NF3',35504,55085,260600
'14NF3',35504,55085,265100
'14NF3',35504,55085,273600
'14NF3',35504,55085,282100
'14NF3',35504,55085,284700
'14NF4',35504,55085,252100
'14NF4',35504,55085,260600
'14NF4',35504,55085,265100
'14NF4',35504,55085,273600
'14NF4',35504,55085,281800
'14NF4',35504,55085,284700
'14NI',35504,55085,252100
'14NI',35504,55085,260600
'14NI',35504,55085,265100
'14NI',35504,55085,273600
'14NI',35504,55085,282100
'14NI',35504,55085,284700
'14NS',35504,55085,252100
'14NS',35504,55085,260600
'14NS',35504,55085,265100
'14NS',35504,55085,273600
'14NS',35504,55085,281700
'14NS',35504,55085,284700
