'14NA',3601,52733,55400
'14NA',3601,52733,63300
'14NA',3601,52733,71100
'14NA',3601,52733,75000
'14NA',3601,52733,82900
'14NA',3601,52733,90800
'14NA',3601,52733,94900
'14NA',3601,52733,102900
'14NA',3601,52733,110900
'14NA',3601,52733,114900
'14NA',3601,52733,122900
'14NA',3601,52733,131000
'14NA',3601,52733,135000
'14NA',3601,52733,143100
'14NA',3601,52733,151100
'14NA',3601,52733,155200
'14NA',3601,52733,163200
'14NA',3601,52733,171300
'14NA',3601,52733,175300
'14NA',3601,52733,183300
'14NA',3601,52733,191300
'14NA',3601,52733,195300
'14NA',3601,52733,203500
'14NA',3601,52733,211700
'14NA',3601,52733,220200
'14NA',3601,52733,224600
'14NA',3601,52733,233000
'14NA',3601,52733,241500
'14NA',3601,52733,250000
'14NF1',3601,52733,55300
'14NF1',3601,52733,63000
'14NF1',3601,52733,70700
'14NF1',3601,52733,74400
'14NF1',3601,52733,82100
'14NF1',3601,52733,90000
'14NF1',3601,52733,94000
'14NF1',3601,52733,102000
'14NF1',3601,52733,110000
'14NF1',3601,52733,114100
'14NF1',3601,52733,122200
'14NF1',3601,52733,130200
'14NF1',3601,52733,134300
'14NF1',3601,52733,142300
'14NF1',3601,52733,150400
'14NF1',3601,52733,154400
'14NF1',3601,52733,162500
'14NF1',3601,52733,170600
'14NF1',3601,52733,174700
'14NF1',3601,52733,182800
'14NF1',3601,52733,190900
'14NF1',3601,52733,195100
'14NF1',3601,52733,203400
'14NF1',3601,52733,211700
'14NF1',3601,52733,220200
'14NF1',3601,52733,224700
'14NF1',3601,52733,233200
'14NF1',3601,52733,241700
'14NF1',3601,52733,245900
'14NF2',3601,52733,55400
'14NF2',3601,52733,63300
'14NF2',3601,52733,71100
'14NF2',3601,52733,75000
'14NF2',3601,52733,82900
'14NF2',3601,52733,90800
'14NF2',3601,52733,94900
'14NF2',3601,52733,102900
'14NF2',3601,52733,110900
'14NF2',3601,52733,114900
'14NF2',3601,52733,122900
'14NF2',3601,52733,131000
'14NF2',3601,52733,135000
'14NF2',3601,52733,143100
'14NF2',3601,52733,151100
'14NF2',3601,52733,155200
'14NF2',3601,52733,163200
'14NF2',3601,52733,171300
'14NF2',3601,52733,175300
'14NF2',3601,52733,183300
'14NF2',3601,52733,191300
'14NF2',3601,52733,195300
'14NF2',3601,52733,203500
'14NF2',3601,52733,211700
'14NF2',3601,52733,220200
'14NF2',3601,52733,224600
'14NF2',3601,52733,233000
'14NF2',3601,52733,241500
'14NF2',3601,52733,250000
'14NF3',3601,52733,55300
'14NF3',3601,52733,63000
'14NF3',3601,52733,70700
'14NF3',3601,52733,74400
'14NF3',3601,52733,82100
'14NF3',3601,52733,90000
'14NF3',3601,52733,94000
'14NF3',3601,52733,102000
'14NF3',3601,52733,110000
'14NF3',3601,52733,114100
'14NF3',3601,52733,122200
'14NF3',3601,52733,130200
'14NF3',3601,52733,134300
'14NF3',3601,52733,142300
'14NF3',3601,52733,150400
'14NF3',3601,52733,154400
'14NF3',3601,52733,162500
'14NF3',3601,52733,170600
'14NF3',3601,52733,174700
'14NF3',3601,52733,182800
'14NF3',3601,52733,190900
'14NF3',3601,52733,195100
'14NF3',3601,52733,203400
'14NF3',3601,52733,211700
'14NF3',3601,52733,220200
'14NF3',3601,52733,224700
'14NF3',3601,52733,233200
'14NF3',3601,52733,241700
'14NF3',3601,52733,245900
'14NF4',3601,52733,55400
'14NF4',3601,52733,63300
'14NF4',3601,52733,71100
'14NF4',3601,52733,75000
'14NF4',3601,52733,82900
'14NF4',3601,52733,90800
'14NF4',3601,52733,94900
'14NF4',3601,52733,102900
'14NF4',3601,52733,110900
'14NF4',3601,52733,114900
'14NF4',3601,52733,122900
'14NF4',3601,52733,131000
'14NF4',3601,52733,135000
'14NF4',3601,52733,143100
'14NF4',3601,52733,151100
'14NF4',3601,52733,155200
'14NF4',3601,52733,163200
'14NF4',3601,52733,171300
'14NF4',3601,52733,175300
'14NF4',3601,52733,183300
'14NF4',3601,52733,191300
'14NF4',3601,52733,195300
'14NF4',3601,52733,203500
'14NF4',3601,52733,211700
'14NF4',3601,52733,220200
'14NF4',3601,52733,224600
'14NF4',3601,52733,233000
'14NF4',3601,52733,241500
'14NF4',3601,52733,250000
'14NI',3601,52733,55300
'14NI',3601,52733,63000
'14NI',3601,52733,70700
'14NI',3601,52733,74400
'14NI',3601,52733,82100
'14NI',3601,52733,90000
'14NI',3601,52733,94000
'14NI',3601,52733,102000
'14NI',3601,52733,110000
'14NI',3601,52733,114100
'14NI',3601,52733,122200
'14NI',3601,52733,130200
'14NI',3601,52733,134300
'14NI',3601,52733,142300
'14NI',3601,52733,150400
'14NI',3601,52733,154400
'14NI',3601,52733,162500
'14NI',3601,52733,170600
'14NI',3601,52733,174700
'14NI',3601,52733,182800
'14NI',3601,52733,190900
'14NI',3601,52733,195100
'14NI',3601,52733,203400
'14NI',3601,52733,211700
'14NI',3601,52733,220200
'14NI',3601,52733,224700
'14NI',3601,52733,233200
'14NI',3601,52733,241700
'14NI',3601,52733,245900
'14NS',3601,52733,55500
'14NS',3601,52733,62800
'14NS',3601,52733,70500
'14NS',3601,52733,73800
'14NS',3601,52733,80300
'14NS',3601,52733,82800
'14NS',3601,52733,85100
'14NS',3601,52733,91500
'14NS',3601,52733,94000
'14NS',3601,52733,100900
'14NS',3601,52733,103900
'14NS',3601,52733,110900
'14NS',3601,52733,114000
'14NS',3601,52733,121100
'14NS',3601,52733,124100
'14NS',3601,52733,131200
'14NS',3601,52733,134200
'14NS',3601,52733,141200
'14NS',3601,52733,144400
'14NS',3601,52733,151300
'14NS',3601,52733,154300
'14NS',3601,52733,161300
'14NS',3601,52733,164300
'14NS',3601,52733,171300
'14NS',3601,52733,174300
'14NS',3601,52733,180700
'14NS',3601,52733,183500
'14NS',3601,52733,190500
'14NS',3601,52733,193500
'14NS',3601,52733,200400
'14NS',3601,52733,203400
'14NS',3601,52733,210400
'14NS',3601,52733,213400
'14NS',3601,52733,220400
'14NS',3601,52733,224700
'14NS',3601,52733,233100
'14NS',3601,52733,241600
'14NS',3601,52733,245900
