'15JA',200,67,52459
'15JA',200,67,53559
'15JA',200,67,54659
'15JA',200,67,55700
'15JA',200,67,60659
'15JA',200,67,61700
'15JA',200,67,62700
'15JA',200,67,63600
'15JA',200,67,64500
'15JA',200,67,65400
'15JA',200,67,70359
'15JA',200,67,71259
'15JA',200,67,72159
'15JA',200,67,73059
'15JA',200,67,74100
'15JA',200,67,75000
'15JA',200,67,75900
'15JA',200,67,80800
'15JA',200,67,81759
'15JA',200,67,82659
'15JA',200,67,83559
'15JA',200,67,84459
'15JA',200,67,85359
'15JA',200,67,90400
'15JA',200,67,91159
'15JA',200,67,92059
'15JA',200,67,92900
'15JA',200,67,93800
'15JA',200,67,94559
'15JA',200,67,95459
'15JA',200,67,100300
'15JA',200,67,101200
'15JA',200,67,102000
'15JA',200,67,102900
'15JA',200,67,103600
'15JA',200,67,104300
'15JA',200,67,105059
'15JA',200,67,105759
'15JA',200,67,110500
'15JA',200,67,111259
'15JA',200,67,111959
'15JA',200,67,112659
'15JA',200,67,113500
'15JA',200,67,114200
'15JA',200,67,114859
'15JA',200,67,115700
'15JA',200,67,120259
'15JA',200,67,120959
'15JA',200,67,121700
'15JA',200,67,122259
'15JA',200,67,122959
'15JA',200,67,123600
'15JA',200,67,124259
'15JA',200,67,124900
'15JA',200,67,125600
'15JA',200,67,130200
'15JA',200,67,130759
'15JA',200,67,131459
'15JA',200,67,132100
'15JA',200,67,132759
'15JA',200,67,133400
'15JA',200,67,133959
'15JA',200,67,134700
'15JA',200,67,135259
'15JA',200,67,135959
'15JA',200,67,140600
'15JA',200,67,141259
'15JA',200,67,141900
'15JA',200,67,142459
'15JA',200,67,143200
'15JA',200,67,143759
'15JA',200,67,144459
'15JA',200,67,145100
'15JA',200,67,145700
'15JA',200,67,150400
'15JA',200,67,150959
'15JA',200,67,151700
'15JA',200,67,152259
'15JA',200,67,152959
'15JA',200,67,153600
'15JA',200,67,154200
'15JA',200,67,154900
'15JA',200,67,155459
'15JA',200,67,160200
'15JA',200,67,160759
'15JA',200,67,161400
'15JA',200,67,162100
'15JA',200,67,162700
'15JA',200,67,163400
'15JA',200,67,163959
'15JA',200,67,164700
'15JA',200,67,165259
'15JA',200,67,165900
'15JA',200,67,170600
'15JA',200,67,171200
'15JA',200,67,171900
'15JA',200,67,172459
'15JA',200,67,173059
'15JA',200,67,173759
'15JA',200,67,174400
'15JA',200,67,175100
'15JA',200,67,175700
'15JA',200,67,180400
'15JA',200,67,180959
'15JA',200,67,181559
'15JA',200,67,182259
'15JA',200,67,182900
'15JA',200,67,183600
'15JA',200,67,184200
'15JA',200,67,184759
'15JA',200,67,185459
'15JA',200,67,190200
'15JA',200,67,190900
'15JA',200,67,191659
'15JA',200,67,192359
'15JA',200,67,193059
'15JA',200,67,193900
'15JA',200,67,194559
'15JA',200,67,195259
'15JA',200,67,200100
'15JA',200,67,200800
'15JA',200,67,201500
'15JA',200,67,202300
'15JA',200,67,203059
'15JA',200,67,203900
'15JA',200,67,204659
'15JA',200,67,205500
'15JA',200,67,210259
'15JA',200,67,211100
'15JA',200,67,212000
'15JA',200,67,212759
'15JA',200,67,213800
'15JA',200,67,214700
'15JA',200,67,215600
'15JA',200,67,220500
'15JA',200,67,221459
'15JA',200,67,222359
'15JA',200,67,223259
'15JA',200,67,224159
'15JA',200,67,225200
'15JA',200,67,230100
'15JA',200,67,231000
'15JA',200,67,231900
'15JA',200,67,232859
'15JA',200,67,233900
'15JA',200,67,234859
'15JA',200,67,235900
'15JA',200,67,240900
'15JA',200,67,242000
'15JA',200,67,242959
'15JA',200,67,244059
'15JA',200,67,245159
'15JA',200,67,250359
'15JA',201,67,55500
'15JA',201,67,60259
'15JA',201,67,61300
'15JA',201,67,62400
'15JA',201,67,63500
'15JA',201,67,64400
'15JA',201,67,64559
'15JA',201,67,65659
'15JA',201,67,70759
'15JA',201,67,71859
'15JA',201,67,73000
'15JA',201,67,73959
'15JA',201,67,75000
'15JA',201,67,75900
'15JA',201,67,80859
'15JA',201,67,81759
'15JA',201,67,82659
'15JA',201,67,83559
'15JA',201,67,84459
'15JA',201,67,85500
'15JA',201,67,90259
'15JA',201,67,91159
'15JA',201,67,92000
'15JA',201,67,92900
'15JA',201,67,93659
'15JA',201,67,94559
'15JA',201,67,95400
'15JA',201,67,100300
'15JA',201,67,101100
'15JA',201,67,102000
'15JA',201,67,102559
'15JA',201,67,102759
'15JA',201,67,103659
'15JA',201,67,104500
'15JA',201,67,105400
'15JA',201,67,110159
'15JA',201,67,111059
'15JA',201,67,111759
'15JA',201,67,112459
'15JA',201,67,113300
'15JA',201,67,113959
'15JA',201,67,114659
'15JA',201,67,115300
'15JA',201,67,115500
'15JA',201,67,120200
'15JA',201,67,120900
'15JA',201,67,121700
'15JA',201,67,122400
'15JA',201,67,123100
'15JA',201,67,123859
'15JA',201,67,124559
'15JA',201,67,125300
'15JA',201,67,130059
'15JA',201,67,130759
'15JA',201,67,131459
'15JA',201,67,132300
'15JA',201,67,133000
'15JA',201,67,133659
'15JA',201,67,134359
'15JA',201,67,135000
'15JA',201,67,135700
'15JA',201,67,140300
'15JA',201,67,141000
'15JA',201,67,141559
'15JA',201,67,142300
'15JA',201,67,142859
'15JA',201,67,143500
'15JA',201,67,144200
'15JA',201,67,144800
'15JA',201,67,145500
'15JA',201,67,150059
'15JA',201,67,150800
'15JA',201,67,151359
'15JA',201,67,152000
'15JA',201,67,152700
'15JA',201,67,153300
'15JA',201,67,154000
'15JA',201,67,154559
'15JA',201,67,155159
'15JA',201,67,155859
'15JA',201,67,160500
'15JA',201,67,161200
'15JA',201,67,161800
'15JA',201,67,162500
'15JA',201,67,163059
'15JA',201,67,163659
'15JA',201,67,164359
'15JA',201,67,165000
'15JA',201,67,165700
'15JA',201,67,170300
'15JA',201,67,170859
'15JA',201,67,171559
'15JA',201,67,172159
'15JA',201,67,172859
'15JA',201,67,173500
'15JA',201,67,174100
'15JA',201,67,174800
'15JA',201,67,175359
'15JA',201,67,180059
'15JA',201,67,180659
'15JA',201,67,181300
'15JA',201,67,182000
'15JA',201,67,182600
'15JA',201,67,183300
'15JA',201,67,183859
'15JA',201,67,184559
'15JA',201,67,185159
'15JA',201,67,185800
'15JA',201,67,190500
'15JA',201,67,191100
'15JA',201,67,191800
'15JA',201,67,192359
'15JA',201,67,193000
'15JA',201,67,193659
'15JA',201,67,194359
'15JA',201,67,195059
'15JA',201,67,195900
'15JA',201,67,200600
'15JA',201,67,201259
'15JA',201,67,202100
'15JA',201,67,202800
'15JA',201,67,203500
'15JA',201,67,204259
'15JA',201,67,205000
'15JA',201,67,205700
'15JA',201,67,210459
'15JA',201,67,211159
'15JA',201,67,211859
'15JA',201,67,212700
'15JA',201,67,213359
'15JA',201,67,214059
'15JA',201,67,214900
'15JA',201,67,215600
'15JA',201,67,220359
'15JA',201,67,221200
'15JA',201,67,222000
'15JA',201,67,222759
'15JA',201,67,223600
'15JA',201,67,224359
'15JA',201,67,225259
'15JA',201,67,230100
'15JA',201,67,231000
'15JA',201,67,231900
'15JA',201,67,232800
'15JA',201,67,233759
'15JA',201,67,234659
'15JA',201,67,235559
'15JA',201,67,240459
'15JA',201,67,241500
'15JA',201,67,242400
'15JA',201,67,243300
'15JA',201,67,244259
'15JA',201,67,245159
'15JA',201,67,250200
'15JA',201,67,251200
'15JA',201,67,252159
'15JA',201,67,253200
'15JA',201,67,254700
'15JI',200,67,52459
'15JI',200,67,53500
'15JI',200,67,54459
'15JI',200,67,55500
'15JI',200,67,60459
'15JI',200,67,61559
'15JI',200,67,62600
'15JI',200,67,63600
'15JI',200,67,64559
'15JI',200,67,65600
'15JI',200,67,70500
'15JI',200,67,71459
'15JI',200,67,72359
'15JI',200,67,73259
'15JI',200,67,74159
'15JI',200,67,75200
'15JI',200,67,80100
'15JI',200,67,81000
'15JI',200,67,81900
'15JI',200,67,82859
'15JI',200,67,83759
'15JI',200,67,84659
'15JI',200,67,85559
'15JI',200,67,90600
'15JI',200,67,91500
'15JI',200,67,92400
'15JI',200,67,93300
'15JI',200,67,94200
'15JI',200,67,94959
'15JI',200,67,95859
'15JI',200,67,100700
'15JI',200,67,101600
'15JI',200,67,102500
'15JI',200,67,103259
'15JI',200,67,104159
'15JI',200,67,105000
'15JI',200,67,105900
'15JI',200,67,110659
'15JI',200,67,111559
'15JI',200,67,112459
'15JI',200,67,113300
'15JI',200,67,113959
'15JI',200,67,114800
'15JI',200,67,115559
'15JI',200,67,120400
'15JI',200,67,121159
'15JI',200,67,122000
'15JI',200,67,122759
'15JI',200,67,123600
'15JI',200,67,124400
'15JI',200,67,125159
'15JI',200,67,130000
'15JI',200,67,130700
'15JI',200,67,131400
'15JI',200,67,132100
'15JI',200,67,132759
'15JI',200,67,133459
'15JI',200,67,134100
'15JI',200,67,134800
'15JI',200,67,135459
'15JI',200,67,140159
'15JI',200,67,140859
'15JI',200,67,141559
'15JI',200,67,142159
'15JI',200,67,142859
'15JI',200,67,143559
'15JI',200,67,144259
'15JI',200,67,145000
'15JI',200,67,145700
'15JI',200,67,150259
'15JI',200,67,150959
'15JI',200,67,151700
'15JI',200,67,152400
'15JI',200,67,153100
'15JI',200,67,153800
'15JI',200,67,154400
'15JI',200,67,155100
'15JI',200,67,155800
'15JI',200,67,160500
'15JI',200,67,161200
'15JI',200,67,161859
'15JI',200,67,162500
'15JI',200,67,163200
'15JI',200,67,163900
'15JI',200,67,164559
'15JI',200,67,165259
'15JI',200,67,165959
'15JI',200,67,170600
'15JI',200,67,171400
'15JI',200,67,172100
'15JI',200,67,172800
'15JI',200,67,173559
'15JI',200,67,174259
'15JI',200,67,175000
'15JI',200,67,175759
'15JI',200,67,180459
'15JI',200,67,181159
'15JI',200,67,182000
'15JI',200,67,182700
'15JI',200,67,183359
'15JI',200,67,184200
'15JI',200,67,184959
'15JI',200,67,185800
'15JI',200,67,190559
'15JI',200,67,191400
'15JI',200,67,192100
'15JI',200,67,192900
'15JI',200,67,193659
'15JI',200,67,194500
'15JI',200,67,195259
'15JI',200,67,200100
'15JI',200,67,200800
'15JI',200,67,201700
'15JI',200,67,202459
'15JI',200,67,203359
'15JI',200,67,204200
'15JI',200,67,205100
'15JI',200,67,205900
'15JI',200,67,210800
'15JI',200,67,211559
'15JI',200,67,212459
'15JI',200,67,213300
'15JI',200,67,214200
'15JI',200,67,215100
'15JI',200,67,220000
'15JI',200,67,220959
'15JI',200,67,221859
'15JI',200,67,222759
'15JI',200,67,223800
'15JI',200,67,224859
'15JI',200,67,225900
'15JI',200,67,230859
'15JI',200,67,231900
'15JI',200,67,232859
'15JI',200,67,233900
'15JI',200,67,235000
'15JI',200,67,240000
'15JI',200,67,241100
'15JI',200,67,242200
'15JI',200,67,243359
'15JI',201,67,55500
'15JI',201,67,60259
'15JI',201,67,61300
'15JI',201,67,62400
'15JI',201,67,63500
'15JI',201,67,64559
'15JI',201,67,65459
'15JI',201,67,65659
'15JI',201,67,70700
'15JI',201,67,71800
'15JI',201,67,72759
'15JI',201,67,73800
'15JI',201,67,74800
'15JI',201,67,75759
'15JI',201,67,80800
'15JI',201,67,81900
'15JI',201,67,82859
'15JI',201,67,83759
'15JI',201,67,84659
'15JI',201,67,85559
'15JI',201,67,90600
'15JI',201,67,91500
'15JI',201,67,92400
'15JI',201,67,93159
'15JI',201,67,94059
'15JI',201,67,94959
'15JI',201,67,95800
'15JI',201,67,100700
'15JI',201,67,101459
'15JI',201,67,102359
'15JI',201,67,103259
'15JI',201,67,104100
'15JI',201,67,105000
'15JI',201,67,105759
'15JI',201,67,110659
'15JI',201,67,111400
'15JI',201,67,111559
'15JI',201,67,112400
'15JI',201,67,113300
'15JI',201,67,114100
'15JI',201,67,115000
'15JI',201,67,115900
'15JI',201,67,120659
'15JI',201,67,121559
'15JI',201,67,122400
'15JI',201,67,123300
'15JI',201,67,124059
'15JI',201,67,124959
'15JI',201,67,125800
'15JI',201,67,130559
'15JI',201,67,131400
'15JI',201,67,132159
'15JI',201,67,133000
'15JI',201,67,133800
'15JI',201,67,134500
'15JI',201,67,135259
'15JI',201,67,140100
'15JI',201,67,140859
'15JI',201,67,141700
'15JI',201,67,142459
'15JI',201,67,143300
'15JI',201,67,144100
'15JI',201,67,144659
'15JI',201,67,145359
'15JI',201,67,150059
'15JI',201,67,150800
'15JI',201,67,151500
'15JI',201,67,152200
'15JI',201,67,152759
'15JI',201,67,153500
'15JI',201,67,154200
'15JI',201,67,154900
'15JI',201,67,155600
'15JI',201,67,160300
'15JI',201,67,160900
'15JI',201,67,161600
'15JI',201,67,162300
'15JI',201,67,163000
'15JI',201,67,163659
'15JI',201,67,164359
'15JI',201,67,165000
'15JI',201,67,165700
'15JI',201,67,170359
'15JI',201,67,171059
'15JI',201,67,171759
'15JI',201,67,172459
'15JI',201,67,173059
'15JI',201,67,173759
'15JI',201,67,174459
'15JI',201,67,175159
'15JI',201,67,175900
'15JI',201,67,180459
'15JI',201,67,181159
'15JI',201,67,181859
'15JI',201,67,182600
'15JI',201,67,183300
'15JI',201,67,184000
'15JI',201,67,184700
'15JI',201,67,185459
'15JI',201,67,190200
'15JI',201,67,190900
'15JI',201,67,191659
'15JI',201,67,192359
'15JI',201,67,193059
'15JI',201,67,193900
'15JI',201,67,194559
'15JI',201,67,195259
'15JI',201,67,200100
'15JI',201,67,200800
'15JI',201,67,201500
'15JI',201,67,202300
'15JI',201,67,203059
'15JI',201,67,203900
'15JI',201,67,204659
'15JI',201,67,205500
'15JI',201,67,210200
'15JI',201,67,210959
'15JI',201,67,211800
'15JI',201,67,212600
'15JI',201,67,213359
'15JI',201,67,214200
'15JI',201,67,214959
'15JI',201,67,215859
'15JI',201,67,220700
'15JI',201,67,221600
'15JI',201,67,222359
'15JI',201,67,223259
'15JI',201,67,224100
'15JI',201,67,225000
'15JI',201,67,225759
'15JI',201,67,230659
'15JI',201,67,231500
'15JI',201,67,232400
'15JI',201,67,233359
'15JI',201,67,234259
'15JI',201,67,235159
'15JI',201,67,240200
'15JI',201,67,241159
'15JI',201,67,242200
'15JI',201,67,243159
'15JI',201,67,244200
'15JI',201,67,245159
'15JI',201,67,250300
'15JI',201,67,251659
'15JS',200,67,52459
'15JS',200,67,53300
'15JS',200,67,54100
'15JS',200,67,54859
'15JS',200,67,55700
'15JS',200,67,60459
'15JS',200,67,61300
'15JS',200,67,61859
'15JS',200,67,62459
'15JS',200,67,62959
'15JS',200,67,63500
'15JS',200,67,63859
'15JS',200,67,64259
'15JS',200,67,64700
'15JS',200,67,65100
'15JS',200,67,65400
'15JS',200,67,65800
'15JS',200,67,70059
'15JS',200,67,70500
'15JS',200,67,70759
'15JS',200,67,71200
'15JS',200,67,71459
'15JS',200,67,71859
'15JS',200,67,72159
'15JS',200,67,72500
'15JS',200,67,72900
'15JS',200,67,73200
'15JS',200,67,73459
'15JS',200,67,74100
'15JS',200,67,74700
'15JS',200,67,75259
'15JS',200,67,75759
'15JS',200,67,80100
'15JS',200,67,80600
'15JS',200,67,80800
'15JS',200,67,81259
'15JS',200,67,81559
'15JS',200,67,82100
'15JS',200,67,82400
'15JS',200,67,83000
'15JS',200,67,83559
'15JS',200,67,84259
'15JS',200,67,85100
'15JS',200,67,85759
'15JS',200,67,90200
'15JS',200,67,90659
'15JS',200,67,91100
'15JS',200,67,91559
'15JS',200,67,92000
'15JS',200,67,92459
'15JS',200,67,92959
'15JS',200,67,93600
'15JS',200,67,94200
'15JS',200,67,94700
'15JS',200,67,95300
'15JS',200,67,95859
'15JS',200,67,100500
'15JS',200,67,101100
'15JS',200,67,101659
'15JS',200,67,102300
'15JS',200,67,102900
'15JS',200,67,103459
'15JS',200,67,104100
'15JS',200,67,104700
'15JS',200,67,105259
'15JS',200,67,105900
'15JS',200,67,110500
'15JS',200,67,111059
'15JS',200,67,111700
'15JS',200,67,112300
'15JS',200,67,112859
'15JS',200,67,113500
'15JS',200,67,114100
'15JS',200,67,114659
'15JS',200,67,115300
'15JS',200,67,115900
'15JS',200,67,120459
'15JS',200,67,121100
'15JS',200,67,121700
'15JS',200,67,122259
'15JS',200,67,122900
'15JS',200,67,123500
'15JS',200,67,124059
'15JS',200,67,124700
'15JS',200,67,125300
'15JS',200,67,125859
'15JS',200,67,130500
'15JS',200,67,131100
'15JS',200,67,131659
'15JS',200,67,132300
'15JS',200,67,132900
'15JS',200,67,133459
'15JS',200,67,134100
'15JS',200,67,134700
'15JS',200,67,135259
'15JS',200,67,135900
'15JS',200,67,140500
'15JS',200,67,141059
'15JS',200,67,141700
'15JS',200,67,142300
'15JS',200,67,142859
'15JS',200,67,143359
'15JS',200,67,143759
'15JS',200,67,144259
'15JS',200,67,144659
'15JS',200,67,145159
'15JS',200,67,145559
'15JS',200,67,150059
'15JS',200,67,150459
'15JS',200,67,150959
'15JS',200,67,151359
'15JS',200,67,151800
'15JS',200,67,152459
'15JS',200,67,152900
'15JS',200,67,153500
'15JS',200,67,154059
'15JS',200,67,154700
'15JS',200,67,155159
'15JS',200,67,155800
'15JS',200,67,160300
'15JS',200,67,160559
'15JS',200,67,160900
'15JS',200,67,161259
'15JS',200,67,161600
'15JS',200,67,161859
'15JS',200,67,162559
'15JS',200,67,162900
'15JS',200,67,163200
'15JS',200,67,163600
'15JS',200,67,163900
'15JS',200,67,164300
'15JS',200,67,164559
'15JS',200,67,165000
'15JS',200,67,165259
'15JS',200,67,165700
'15JS',200,67,165959
'15JS',200,67,170359
'15JS',200,67,170859
'15JS',200,67,171400
'15JS',200,67,171959
'15JS',200,67,172459
'15JS',200,67,173000
'15JS',200,67,173559
'15JS',200,67,174100
'15JS',200,67,174600
'15JS',200,67,175159
'15JS',200,67,175700
'15JS',200,67,180200
'15JS',200,67,180800
'15JS',200,67,181300
'15JS',200,67,181800
'15JS',200,67,182400
'15JS',200,67,182900
'15JS',200,67,183359
'15JS',200,67,184000
'15JS',200,67,184500
'15JS',200,67,184959
'15JS',200,67,185600
'15JS',200,67,190059
'15JS',200,67,190700
'15JS',200,67,191200
'15JS',200,67,191800
'15JS',200,67,192300
'15JS',200,67,192759
'15JS',200,67,193400
'15JS',200,67,193959
'15JS',200,67,194559
'15JS',200,67,195259
'15JS',200,67,195900
'15JS',200,67,200600
'15JS',200,67,201200
'15JS',200,67,201900
'15JS',200,67,202459
'15JS',200,67,203200
'15JS',200,67,203759
'15JS',200,67,204459
'15JS',200,67,205159
'15JS',200,67,205759
'15JS',200,67,210459
'15JS',200,67,211159
'15JS',200,67,211859
'15JS',200,67,212600
'15JS',200,67,213300
'15JS',200,67,213859
'15JS',200,67,214559
'15JS',200,67,215300
'15JS',200,67,220000
'15JS',200,67,220700
'15JS',200,67,221400
'15JS',200,67,222000
'15JS',200,67,222700
'15JS',200,67,223459
'15JS',200,67,224300
'15JS',200,67,225059
'15JS',200,67,225900
'15JS',200,67,230600
'15JS',200,67,231400
'15JS',200,67,232159
'15JS',200,67,233000
'15JS',200,67,233759
'15JS',200,67,234600
'15JS',200,67,235300
'15JS',200,67,240059
'15JS',200,67,240900
'15JS',200,67,241700
'15JS',200,67,242459
'15JS',200,67,243359
'15JS',201,67,55500
'15JS',201,67,60259
'15JS',201,67,61300
'15JS',201,67,62059
'15JS',201,67,62900
'15JS',201,67,63659
'15JS',201,67,64559
'15JS',201,67,65400
'15JS',201,67,70200
'15JS',201,67,70900
'15JS',201,67,71459
'15JS',201,67,72100
'15JS',201,67,72700
'15JS',201,67,73259
'15JS',201,67,73900
'15JS',201,67,74359
'15JS',201,67,74800
'15JS',201,67,75200
'15JS',201,67,75600
'15JS',201,67,75959
'15JS',201,67,80359
'15JS',201,67,80800
'15JS',201,67,81200
'15JS',201,67,81559
'15JS',201,67,81959
'15JS',201,67,82659
'15JS',201,67,83500
'15JS',201,67,84200
'15JS',201,67,84859
'15JS',201,67,85159
'15JS',201,67,85900
'15JS',201,67,90200
'15JS',201,67,90459
'15JS',201,67,91159
'15JS',201,67,91500
'15JS',201,67,91800
'15JS',201,67,92059
'15JS',201,67,92759
'15JS',201,67,93100
'15JS',201,67,93659
'15JS',201,67,94400
'15JS',201,67,94959
'15JS',201,67,95400
'15JS',201,67,100000
'15JS',201,67,100700
'15JS',201,67,101400
'15JS',201,67,102000
'15JS',201,67,102359
'15JS',201,67,102900
'15JS',201,67,103400
'15JS',201,67,103900
'15JS',201,67,104359
'15JS',201,67,104859
'15JS',201,67,105400
'15JS',201,67,105900
'15JS',201,67,110359
'15JS',201,67,111000
'15JS',201,67,111500
'15JS',201,67,112100
'15JS',201,67,112600
'15JS',201,67,113200
'15JS',201,67,113759
'15JS',201,67,114400
'15JS',201,67,115000
'15JS',201,67,115559
'15JS',201,67,120200
'15JS',201,67,120800
'15JS',201,67,121359
'15JS',201,67,122000
'15JS',201,67,122600
'15JS',201,67,123159
'15JS',201,67,123800
'15JS',201,67,124400
'15JS',201,67,124959
'15JS',201,67,125600
'15JS',201,67,130200
'15JS',201,67,130759
'15JS',201,67,131400
'15JS',201,67,132000
'15JS',201,67,132559
'15JS',201,67,133200
'15JS',201,67,133800
'15JS',201,67,134359
'15JS',201,67,135000
'15JS',201,67,135600
'15JS',201,67,140159
'15JS',201,67,140800
'15JS',201,67,141400
'15JS',201,67,141959
'15JS',201,67,142300
'15JS',201,67,142600
'15JS',201,67,143200
'15JS',201,67,143759
'15JS',201,67,144400
'15JS',201,67,145000
'15JS',201,67,145559
'15JS',201,67,150200
'15JS',201,67,150900
'15JS',201,67,151500
'15JS',201,67,152200
'15JS',201,67,152900
'15JS',201,67,153500
'15JS',201,67,154059
'15JS',201,67,154559
'15JS',201,67,154959
'15JS',201,67,155459
'15JS',201,67,155859
'15JS',201,67,160300
'15JS',201,67,160700
'15JS',201,67,161100
'15JS',201,67,161459
'15JS',201,67,161859
'15JS',201,67,162300
'15JS',201,67,162700
'15JS',201,67,163059
'15JS',201,67,163400
'15JS',201,67,163800
'15JS',201,67,164100
'15JS',201,67,164500
'15JS',201,67,164800
'15JS',201,67,165200
'15JS',201,67,165459
'15JS',201,67,165900
'15JS',201,67,170500
'15JS',201,67,171000
'15JS',201,67,171559
'15JS',201,67,172100
'15JS',201,67,172659
'15JS',201,67,173200
'15JS',201,67,173759
'15JS',201,67,174259
'15JS',201,67,174659
'15JS',201,67,175000
'15JS',201,67,175300
'15JS',201,67,175559
'15JS',201,67,180000
'15JS',201,67,180259
'15JS',201,67,180659
'15JS',201,67,180959
'15JS',201,67,181359
'15JS',201,67,181700
'15JS',201,67,182059
'15JS',201,67,182400
'15JS',201,67,182759
'15JS',201,67,183100
'15JS',201,67,183359
'15JS',201,67,183800
'15JS',201,67,184200
'15JS',201,67,184700
'15JS',201,67,185100
'15JS',201,67,185600
'15JS',201,67,190059
'15JS',201,67,190700
'15JS',201,67,191200
'15JS',201,67,191659
'15JS',201,67,192300
'15JS',201,67,192759
'15JS',201,67,193259
'15JS',201,67,193900
'15JS',201,67,194500
'15JS',201,67,195059
'15JS',201,67,195700
'15JS',201,67,200300
'15JS',201,67,201000
'15JS',201,67,201559
'15JS',201,67,202300
'15JS',201,67,202859
'15JS',201,67,203559
'15JS',201,67,204200
'15JS',201,67,204859
'15JS',201,67,205500
'15JS',201,67,210200
'15JS',201,67,210800
'15JS',201,67,211500
'15JS',201,67,212200
'15JS',201,67,212900
'15JS',201,67,213500
'15JS',201,67,214200
'15JS',201,67,214900
'15JS',201,67,215459
'15JS',201,67,220200
'15JS',201,67,220759
'15JS',201,67,221459
'15JS',201,67,222159
'15JS',201,67,222900
'15JS',201,67,223600
'15JS',201,67,224159
'15JS',201,67,224859
'15JS',201,67,225600
'15JS',201,67,230300
'15JS',201,67,231000
'15JS',201,67,231700
'15JS',201,67,232300
'15JS',201,67,233000
'15JS',201,67,233700
'15JS',201,67,234400
'15JS',201,67,235100
'15JS',201,67,235759
'15JS',201,67,240459
'15JS',201,67,241159
'15JS',201,67,241859
'15JS',201,67,242700
'15JS',201,67,243359
'15JS',201,67,244059
'15JS',201,67,244900
'15JS',201,67,245659
'15JS',201,67,250500
'15JS',201,67,251659
