'14MA',200,10,54200
'14MA',200,10,55359
'14MA',200,10,60459
'14MA',200,10,61500
'14MA',200,10,62459
'14MA',200,10,63500
'14MA',200,10,64400
'14MA',200,10,65300
'14MA',200,10,70300
'14MA',200,10,71200
'14MA',200,10,72100
'14MA',200,10,73000
'14MA',200,10,73959
'14MA',200,10,74859
'14MA',200,10,75759
'14MA',200,10,80659
'14MA',200,10,81700
'14MA',200,10,82600
'14MA',200,10,83500
'14MA',200,10,84400
'14MA',200,10,85359
'14MA',200,10,90259
'14MA',200,10,91159
'14MA',200,10,92059
'14MA',200,10,92959
'14MA',200,10,93800
'14MA',200,10,94700
'14MA',200,10,95459
'14MA',200,10,100359
'14MA',200,10,101200
'14MA',200,10,102100
'14MA',200,10,102900
'14MA',200,10,103800
'14MA',200,10,104559
'14MA',200,10,105400
'14MA',200,10,110100
'14MA',200,10,110800
'14MA',200,10,111559
'14MA',200,10,112300
'14MA',200,10,113000
'14MA',200,10,113759
'14MA',200,10,114459
'14MA',200,10,115159
'14MA',200,10,120000
'14MA',200,10,120659
'14MA',200,10,121359
'14MA',200,10,122059
'14MA',200,10,122759
'14MA',200,10,123500
'14MA',200,10,124059
'14MA',200,10,124759
'14MA',200,10,125400
'14MA',200,10,130000
'14MA',200,10,130700
'14MA',200,10,131259
'14MA',200,10,132000
'14MA',200,10,132559
'14MA',200,10,133259
'14MA',200,10,133900
'14MA',200,10,134500
'14MA',200,10,135200
'14MA',200,10,135759
'14MA',200,10,140500
'14MA',200,10,141059
'14MA',200,10,141700
'14MA',200,10,142400
'14MA',200,10,143000
'14MA',200,10,143700
'14MA',200,10,144259
'14MA',200,10,145000
'14MA',200,10,145559
'14MA',200,10,150200
'14MA',200,10,150900
'14MA',200,10,151500
'14MA',200,10,152200
'14MA',200,10,152759
'14MA',200,10,153359
'14MA',200,10,154059
'14MA',200,10,154700
'14MA',200,10,155400
'14MA',200,10,160000
'14MA',200,10,160700
'14MA',200,10,161259
'14MA',200,10,161859
'14MA',200,10,162559
'14MA',200,10,163200
'14MA',200,10,163900
'14MA',200,10,164500
'14MA',200,10,165059
'14MA',200,10,165759
'14MA',200,10,170359
'14MA',200,10,171059
'14MA',200,10,171700
'14MA',200,10,172400
'14MA',200,10,173000
'14MA',200,10,173559
'14MA',200,10,174259
'14MA',200,10,174859
'14MA',200,10,175500
'14MA',200,10,180200
'14MA',200,10,180800
'14MA',200,10,181500
'14MA',200,10,182059
'14MA',200,10,182759
'14MA',200,10,183359
'14MA',200,10,184000
'14MA',200,10,184700
'14MA',200,10,185300
'14MA',200,10,190000
'14MA',200,10,190559
'14MA',200,10,191259
'14MA',200,10,192000
'14MA',200,10,192700
'14MA',200,10,193400
'14MA',200,10,194159
'14MA',200,10,194859
'14MA',200,10,195600
'14MA',200,10,200359
'14MA',200,10,201059
'14MA',200,10,201759
'14MA',200,10,202600
'14MA',200,10,203300
'14MA',200,10,204100
'14MA',200,10,204859
'14MA',200,10,205700
'14MA',200,10,210400
'14MA',200,10,211159
'14MA',200,10,212000
'14MA',200,10,212900
'14MA',200,10,213659
'14MA',200,10,214559
'14MA',200,10,215459
'14MA',200,10,220359
'14MA',200,10,221400
'14MA',200,10,222300
'14MA',200,10,223200
'14MA',200,10,224100
'14MA',200,10,225059
'14MA',200,10,225959
'14MA',200,10,230859
'14MA',200,10,231759
'14MA',200,10,232800
'14MA',200,10,233700
'14MA',200,10,234659
'14MA',200,10,235700
'14MA',200,10,240659
'14MA',200,10,241700
'14MA',200,10,242700
'14MA',200,10,243659
'14MA',200,10,244759
'14MA',200,10,245800
'14MA',200,10,250959
'14MA',200,10,252100
'14MA',201,10,55500
'14MA',201,10,60600
'14MA',201,10,61700
'14MA',201,10,62759
'14MA',201,10,63859
'14MA',201,10,64959
'14MA',201,10,70059
'14MA',201,10,71200
'14MA',201,10,72159
'14MA',201,10,73200
'14MA',201,10,74100
'14MA',201,10,75059
'14MA',201,10,75959
'14MA',201,10,80859
'14MA',201,10,81759
'14MA',201,10,82659
'14MA',201,10,83700
'14MA',201,10,84459
'14MA',201,10,85359
'14MA',201,10,90200
'14MA',201,10,91100
'14MA',201,10,91859
'14MA',201,10,92759
'14MA',201,10,93600
'14MA',201,10,94500
'14MA',201,10,95300
'14MA',201,10,100200
'14MA',201,10,100959
'14MA',201,10,101859
'14MA',201,10,102700
'14MA',201,10,103600
'14MA',201,10,104359
'14MA',201,10,105259
'14MA',201,10,105959
'14MA',201,10,110659
'14MA',201,10,111500
'14MA',201,10,112159
'14MA',201,10,112859
'14MA',201,10,113700
'14MA',201,10,114400
'14MA',201,10,115100
'14MA',201,10,115900
'14MA',201,10,120600
'14MA',201,10,121300
'14MA',201,10,122059
'14MA',201,10,122759
'14MA',201,10,123500
'14MA',201,10,124259
'14MA',201,10,124959
'14MA',201,10,125659
'14MA',201,10,130500
'14MA',201,10,131200
'14MA',201,10,131859
'14MA',201,10,132559
'14MA',201,10,133200
'14MA',201,10,133900
'14MA',201,10,134500
'14MA',201,10,135200
'14MA',201,10,135759
'14MA',201,10,140500
'14MA',201,10,141059
'14MA',201,10,141700
'14MA',201,10,142400
'14MA',201,10,143000
'14MA',201,10,143700
'14MA',201,10,144259
'14MA',201,10,144859
'14MA',201,10,145559
'14MA',201,10,150200
'14MA',201,10,150900
'14MA',201,10,151500
'14MA',201,10,152200
'14MA',201,10,152759
'14MA',201,10,153359
'14MA',201,10,154059
'14MA',201,10,154700
'14MA',201,10,155400
'14MA',201,10,160000
'14MA',201,10,160559
'14MA',201,10,161259
'14MA',201,10,161859
'14MA',201,10,162559
'14MA',201,10,163200
'14MA',201,10,163900
'14MA',201,10,164500
'14MA',201,10,165059
'14MA',201,10,165759
'14MA',201,10,170359
'14MA',201,10,171059
'14MA',201,10,171700
'14MA',201,10,172300
'14MA',201,10,173000
'14MA',201,10,173559
'14MA',201,10,174259
'14MA',201,10,174859
'14MA',201,10,175500
'14MA',201,10,180200
'14MA',201,10,180800
'14MA',201,10,181500
'14MA',201,10,182059
'14MA',201,10,182700
'14MA',201,10,183359
'14MA',201,10,184000
'14MA',201,10,184700
'14MA',201,10,185300
'14MA',201,10,190000
'14MA',201,10,190559
'14MA',201,10,191200
'14MA',201,10,191859
'14MA',201,10,192559
'14MA',201,10,193259
'14MA',201,10,194100
'14MA',201,10,194800
'14MA',201,10,195459
'14MA',201,10,200300
'14MA',201,10,201000
'14MA',201,10,201700
'14MA',201,10,202459
'14MA',201,10,203200
'14MA',201,10,203900
'14MA',201,10,204659
'14MA',201,10,205359
'14MA',201,10,210059
'14MA',201,10,210900
'14MA',201,10,211559
'14MA',201,10,212259
'14MA',201,10,213100
'14MA',201,10,213800
'14MA',201,10,214559
'14MA',201,10,215400
'14MA',201,10,220200
'14MA',201,10,220959
'14MA',201,10,221800
'14MA',201,10,222559
'14MA',201,10,223459
'14MA',201,10,224300
'14MA',201,10,225200
'14MA',201,10,230100
'14MA',201,10,231000
'14MA',201,10,231959
'14MA',201,10,232859
'14MA',201,10,233759
'14MA',201,10,234659
'14MA',201,10,235700
'14MA',201,10,240600
'14MA',201,10,241500
'14MA',201,10,242459
'14MA',201,10,243359
'14MA',201,10,244400
'14MA',201,10,245400
'14MA',201,10,250359
'14MA',201,10,251400
'14MA',201,10,252900
'14MF1',200,10,54200
'14MF1',200,10,55100
'14MF1',200,10,60000
'14MF1',200,10,60800
'14MF1',200,10,61559
'14MF1',200,10,62400
'14MF1',200,10,63100
'14MF1',200,10,63859
'14MF1',200,10,64700
'14MF1',200,10,65459
'14MF1',200,10,70300
'14MF1',200,10,71100
'14MF1',200,10,71800
'14MF1',200,10,72559
'14MF1',200,10,73259
'14MF1',200,10,74100
'14MF1',200,10,74800
'14MF1',200,10,75459
'14MF1',200,10,80159
'14MF1',200,10,81000
'14MF1',200,10,81700
'14MF1',200,10,82400
'14MF1',200,10,83059
'14MF1',200,10,83900
'14MF1',200,10,84600
'14MF1',200,10,85300
'14MF1',200,10,90000
'14MF1',200,10,90800
'14MF1',200,10,91500
'14MF1',200,10,92200
'14MF1',200,10,92900
'14MF1',200,10,93659
'14MF1',200,10,94400
'14MF1',200,10,95100
'14MF1',200,10,95800
'14MF1',200,10,100559
'14MF1',200,10,101259
'14MF1',200,10,102000
'14MF1',200,10,102700
'14MF1',200,10,103459
'14MF1',200,10,104159
'14MF1',200,10,104800
'14MF1',200,10,105459
'14MF1',200,10,110100
'14MF1',200,10,110800
'14MF1',200,10,111400
'14MF1',200,10,111959
'14MF1',200,10,112659
'14MF1',200,10,113300
'14MF1',200,10,113959
'14MF1',200,10,114600
'14MF1',200,10,115159
'14MF1',200,10,115900
'14MF1',200,10,120459
'14MF1',200,10,121159
'14MF1',200,10,121800
'14MF1',200,10,122459
'14MF1',200,10,123100
'14MF1',200,10,123659
'14MF1',200,10,124259
'14MF1',200,10,124900
'14MF1',200,10,125400
'14MF1',200,10,130000
'14MF1',200,10,130559
'14MF1',200,10,131200
'14MF1',200,10,131659
'14MF1',200,10,132300
'14MF1',200,10,132900
'14MF1',200,10,133459
'14MF1',200,10,133959
'14MF1',200,10,134559
'14MF1',200,10,135200
'14MF1',200,10,135759
'14MF1',200,10,140300
'14MF1',200,10,140859
'14MF1',200,10,141500
'14MF1',200,10,142100
'14MF1',200,10,142600
'14MF1',200,10,143200
'14MF1',200,10,143759
'14MF1',200,10,144400
'14MF1',200,10,144859
'14MF1',200,10,145500
'14MF1',200,10,150059
'14MF1',200,10,150659
'14MF1',200,10,151159
'14MF1',200,10,151800
'14MF1',200,10,152400
'14MF1',200,10,152959
'14MF1',200,10,153500
'14MF1',200,10,154059
'14MF1',200,10,154700
'14MF1',200,10,155300
'14MF1',200,10,155800
'14MF1',200,10,160359
'14MF1',200,10,160959
'14MF1',200,10,161600
'14MF1',200,10,162100
'14MF1',200,10,162700
'14MF1',200,10,163259
'14MF1',200,10,163900
'14MF1',200,10,164359
'14MF1',200,10,165000
'14MF1',200,10,165600
'14MF1',200,10,170159
'14MF1',200,10,170659
'14MF1',200,10,171259
'14MF1',200,10,171900
'14MF1',200,10,172459
'14MF1',200,10,173000
'14MF1',200,10,173559
'14MF1',200,10,174200
'14MF1',200,10,174800
'14MF1',200,10,175359
'14MF1',200,10,180000
'14MF1',200,10,180600
'14MF1',200,10,181300
'14MF1',200,10,181859
'14MF1',200,10,182600
'14MF1',200,10,183159
'14MF1',200,10,183800
'14MF1',200,10,184500
'14MF1',200,10,185100
'14MF1',200,10,185800
'14MF1',200,10,190500
'14MF1',200,10,191200
'14MF1',200,10,191859
'14MF1',200,10,192700
'14MF1',200,10,193400
'14MF1',200,10,194100
'14MF1',200,10,194859
'14MF1',200,10,195600
'14MF1',200,10,200300
'14MF1',200,10,201200
'14MF1',200,10,201959
'14MF1',200,10,202859
'14MF1',200,10,203700
'14MF1',200,10,204600
'14MF1',200,10,205359
'14MF1',200,10,210259
'14MF1',200,10,211100
'14MF1',200,10,212000
'14MF1',200,10,212759
'14MF1',200,10,213659
'14MF1',200,10,214500
'14MF1',200,10,215400
'14MF1',200,10,220200
'14MF1',200,10,221200
'14MF1',200,10,222100
'14MF1',200,10,223000
'14MF1',200,10,223900
'14MF1',200,10,224859
'14MF1',200,10,225759
'14MF1',200,10,230659
'14MF1',200,10,231700
'14MF1',200,10,232800
'14MF1',200,10,233759
'14MF1',200,10,234800
'14MF1',200,10,235759
'14MF1',200,10,240800
'14MF1',200,10,241800
'14MF1',200,10,242900
'14MF1',200,10,244000
'14MF1',200,10,245100
'14MF1',201,10,55500
'14MF1',201,10,60259
'14MF1',201,10,60959
'14MF1',201,10,61800
'14MF1',201,10,62600
'14MF1',201,10,63359
'14MF1',201,10,64200
'14MF1',201,10,64959
'14MF1',201,10,65659
'14MF1',201,10,70500
'14MF1',201,10,71259
'14MF1',201,10,72100
'14MF1',201,10,72900
'14MF1',201,10,73659
'14MF1',201,10,74359
'14MF1',201,10,75200
'14MF1',201,10,75959
'14MF1',201,10,80800
'14MF1',201,10,81559
'14MF1',201,10,82300
'14MF1',201,10,83000
'14MF1',201,10,83700
'14MF1',201,10,84459
'14MF1',201,10,85159
'14MF1',201,10,85900
'14MF1',201,10,90600
'14MF1',201,10,91359
'14MF1',201,10,92059
'14MF1',201,10,92759
'14MF1',201,10,93500
'14MF1',201,10,94259
'14MF1',201,10,94959
'14MF1',201,10,95659
'14MF1',201,10,100359
'14MF1',201,10,101200
'14MF1',201,10,101859
'14MF1',201,10,102559
'14MF1',201,10,103259
'14MF1',201,10,104100
'14MF1',201,10,104800
'14MF1',201,10,105400
'14MF1',201,10,110100
'14MF1',201,10,110659
'14MF1',201,10,111400
'14MF1',201,10,111959
'14MF1',201,10,112659
'14MF1',201,10,113300
'14MF1',201,10,113900
'14MF1',201,10,114600
'14MF1',201,10,115159
'14MF1',201,10,115900
'14MF1',201,10,120459
'14MF1',201,10,121100
'14MF1',201,10,121800
'14MF1',201,10,122400
'14MF1',201,10,123100
'14MF1',201,10,123659
'14MF1',201,10,124259
'14MF1',201,10,124900
'14MF1',201,10,125459
'14MF1',201,10,130059
'14MF1',201,10,130559
'14MF1',201,10,131200
'14MF1',201,10,131800
'14MF1',201,10,132359
'14MF1',201,10,132900
'14MF1',201,10,133459
'14MF1',201,10,134100
'14MF1',201,10,134700
'14MF1',201,10,135200
'14MF1',201,10,135759
'14MF1',201,10,140359
'14MF1',201,10,141000
'14MF1',201,10,141500
'14MF1',201,10,142100
'14MF1',201,10,142659
'14MF1',201,10,143300
'14MF1',201,10,143759
'14MF1',201,10,144400
'14MF1',201,10,145000
'14MF1',201,10,145559
'14MF1',201,10,150059
'14MF1',201,10,150659
'14MF1',201,10,151300
'14MF1',201,10,151859
'14MF1',201,10,152400
'14MF1',201,10,152959
'14MF1',201,10,153600
'14MF1',201,10,154200
'14MF1',201,10,154700
'14MF1',201,10,155300
'14MF1',201,10,155859
'14MF1',201,10,160500
'14MF1',201,10,160959
'14MF1',201,10,161600
'14MF1',201,10,162159
'14MF1',201,10,162759
'14MF1',201,10,163259
'14MF1',201,10,163900
'14MF1',201,10,164500
'14MF1',201,10,165059
'14MF1',201,10,165600
'14MF1',201,10,170159
'14MF1',201,10,170800
'14MF1',201,10,171400
'14MF1',201,10,171900
'14MF1',201,10,172459
'14MF1',201,10,173059
'14MF1',201,10,173700
'14MF1',201,10,174200
'14MF1',201,10,174800
'14MF1',201,10,175359
'14MF1',201,10,180000
'14MF1',201,10,180600
'14MF1',201,10,181300
'14MF1',201,10,181859
'14MF1',201,10,182459
'14MF1',201,10,183159
'14MF1',201,10,183800
'14MF1',201,10,184500
'14MF1',201,10,185100
'14MF1',201,10,185659
'14MF1',201,10,190359
'14MF1',201,10,191100
'14MF1',201,10,191800
'14MF1',201,10,192559
'14MF1',201,10,193259
'14MF1',201,10,193959
'14MF1',201,10,194800
'14MF1',201,10,195459
'14MF1',201,10,200159
'14MF1',201,10,201000
'14MF1',201,10,201759
'14MF1',201,10,202659
'14MF1',201,10,203500
'14MF1',201,10,204400
'14MF1',201,10,205159
'14MF1',201,10,210059
'14MF1',201,10,210900
'14MF1',201,10,211800
'14MF1',201,10,212600
'14MF1',201,10,213500
'14MF1',201,10,214259
'14MF1',201,10,215159
'14MF1',201,10,220000
'14MF1',201,10,220900
'14MF1',201,10,221659
'14MF1',201,10,222559
'14MF1',201,10,223400
'14MF1',201,10,224300
'14MF1',201,10,225059
'14MF1',201,10,225959
'14MF1',201,10,230859
'14MF1',201,10,231759
'14MF1',201,10,232659
'14MF1',201,10,233700
'14MF1',201,10,234600
'14MF1',201,10,235500
'14MF1',201,10,240400
'14MF1',201,10,241359
'14MF1',201,10,242400
'14MF1',201,10,243359
'14MF1',201,10,244500
'14MF1',201,10,245859
'14MF2',200,10,54200
'14MF2',200,10,55100
'14MF2',200,10,60000
'14MF2',200,10,60800
'14MF2',200,10,61559
'14MF2',200,10,62400
'14MF2',200,10,63100
'14MF2',200,10,63859
'14MF2',200,10,64700
'14MF2',200,10,65459
'14MF2',200,10,70300
'14MF2',200,10,71100
'14MF2',200,10,71800
'14MF2',200,10,72559
'14MF2',200,10,73259
'14MF2',200,10,74100
'14MF2',200,10,74800
'14MF2',200,10,75459
'14MF2',200,10,80159
'14MF2',200,10,81000
'14MF2',200,10,81700
'14MF2',200,10,82400
'14MF2',200,10,83059
'14MF2',200,10,83900
'14MF2',200,10,84600
'14MF2',200,10,85300
'14MF2',200,10,90000
'14MF2',200,10,90800
'14MF2',200,10,91500
'14MF2',200,10,92200
'14MF2',200,10,92900
'14MF2',200,10,93659
'14MF2',200,10,94400
'14MF2',200,10,95100
'14MF2',200,10,95800
'14MF2',200,10,100559
'14MF2',200,10,101259
'14MF2',200,10,102000
'14MF2',200,10,102700
'14MF2',200,10,103459
'14MF2',200,10,104159
'14MF2',200,10,104800
'14MF2',200,10,105459
'14MF2',200,10,110100
'14MF2',200,10,110800
'14MF2',200,10,111400
'14MF2',200,10,111959
'14MF2',200,10,112659
'14MF2',200,10,113300
'14MF2',200,10,113959
'14MF2',200,10,114600
'14MF2',200,10,115159
'14MF2',200,10,115900
'14MF2',200,10,120459
'14MF2',200,10,121159
'14MF2',200,10,121800
'14MF2',200,10,122459
'14MF2',200,10,123100
'14MF2',200,10,123659
'14MF2',200,10,124259
'14MF2',200,10,124900
'14MF2',200,10,125400
'14MF2',200,10,130000
'14MF2',200,10,130559
'14MF2',200,10,131200
'14MF2',200,10,131659
'14MF2',200,10,132300
'14MF2',200,10,132900
'14MF2',200,10,133459
'14MF2',200,10,133959
'14MF2',200,10,134559
'14MF2',200,10,135200
'14MF2',200,10,135759
'14MF2',200,10,140300
'14MF2',200,10,140859
'14MF2',200,10,141500
'14MF2',200,10,142100
'14MF2',200,10,142600
'14MF2',200,10,143200
'14MF2',200,10,143759
'14MF2',200,10,144400
'14MF2',200,10,144859
'14MF2',200,10,145500
'14MF2',200,10,150059
'14MF2',200,10,150659
'14MF2',200,10,151159
'14MF2',200,10,151800
'14MF2',200,10,152400
'14MF2',200,10,152959
'14MF2',200,10,153500
'14MF2',200,10,154059
'14MF2',200,10,154700
'14MF2',200,10,155300
'14MF2',200,10,155800
'14MF2',200,10,160359
'14MF2',200,10,160959
'14MF2',200,10,161600
'14MF2',200,10,162100
'14MF2',200,10,162700
'14MF2',200,10,163259
'14MF2',200,10,163900
'14MF2',200,10,164359
'14MF2',200,10,165000
'14MF2',200,10,165600
'14MF2',200,10,170159
'14MF2',200,10,170659
'14MF2',200,10,171259
'14MF2',200,10,171900
'14MF2',200,10,172459
'14MF2',200,10,173000
'14MF2',200,10,173559
'14MF2',200,10,174200
'14MF2',200,10,174800
'14MF2',200,10,175359
'14MF2',200,10,180000
'14MF2',200,10,180600
'14MF2',200,10,181300
'14MF2',200,10,181859
'14MF2',200,10,182600
'14MF2',200,10,183159
'14MF2',200,10,183800
'14MF2',200,10,184500
'14MF2',200,10,185100
'14MF2',200,10,185800
'14MF2',200,10,190500
'14MF2',200,10,191200
'14MF2',200,10,191859
'14MF2',200,10,192700
'14MF2',200,10,193400
'14MF2',200,10,194100
'14MF2',200,10,194859
'14MF2',200,10,195600
'14MF2',200,10,200300
'14MF2',200,10,201200
'14MF2',200,10,201959
'14MF2',200,10,202859
'14MF2',200,10,203700
'14MF2',200,10,204600
'14MF2',200,10,205359
'14MF2',200,10,210259
'14MF2',200,10,211100
'14MF2',200,10,212000
'14MF2',200,10,212759
'14MF2',200,10,213659
'14MF2',200,10,214500
'14MF2',200,10,215400
'14MF2',200,10,220200
'14MF2',200,10,221200
'14MF2',200,10,222100
'14MF2',200,10,223000
'14MF2',200,10,223900
'14MF2',200,10,224859
'14MF2',200,10,225759
'14MF2',200,10,230659
'14MF2',200,10,231700
'14MF2',200,10,232800
'14MF2',200,10,233759
'14MF2',200,10,234800
'14MF2',200,10,235759
'14MF2',200,10,240800
'14MF2',200,10,241800
'14MF2',200,10,242900
'14MF2',200,10,244000
'14MF2',200,10,245100
'14MF2',201,10,55500
'14MF2',201,10,60259
'14MF2',201,10,60959
'14MF2',201,10,61800
'14MF2',201,10,62600
'14MF2',201,10,63359
'14MF2',201,10,64200
'14MF2',201,10,64959
'14MF2',201,10,65659
'14MF2',201,10,70500
'14MF2',201,10,71259
'14MF2',201,10,72100
'14MF2',201,10,72900
'14MF2',201,10,73659
'14MF2',201,10,74359
'14MF2',201,10,75200
'14MF2',201,10,75959
'14MF2',201,10,80800
'14MF2',201,10,81559
'14MF2',201,10,82300
'14MF2',201,10,83000
'14MF2',201,10,83700
'14MF2',201,10,84459
'14MF2',201,10,85159
'14MF2',201,10,85900
'14MF2',201,10,90600
'14MF2',201,10,91359
'14MF2',201,10,92059
'14MF2',201,10,92759
'14MF2',201,10,93500
'14MF2',201,10,94259
'14MF2',201,10,94959
'14MF2',201,10,95659
'14MF2',201,10,100359
'14MF2',201,10,101200
'14MF2',201,10,101859
'14MF2',201,10,102559
'14MF2',201,10,103259
'14MF2',201,10,104100
'14MF2',201,10,104800
'14MF2',201,10,105400
'14MF2',201,10,110100
'14MF2',201,10,110659
'14MF2',201,10,111400
'14MF2',201,10,111959
'14MF2',201,10,112659
'14MF2',201,10,113300
'14MF2',201,10,113900
'14MF2',201,10,114600
'14MF2',201,10,115159
'14MF2',201,10,115900
'14MF2',201,10,120459
'14MF2',201,10,121100
'14MF2',201,10,121800
'14MF2',201,10,122400
'14MF2',201,10,123100
'14MF2',201,10,123659
'14MF2',201,10,124259
'14MF2',201,10,124900
'14MF2',201,10,125459
'14MF2',201,10,130059
'14MF2',201,10,130559
'14MF2',201,10,131200
'14MF2',201,10,131800
'14MF2',201,10,132359
'14MF2',201,10,132900
'14MF2',201,10,133459
'14MF2',201,10,134100
'14MF2',201,10,134700
'14MF2',201,10,135200
'14MF2',201,10,135759
'14MF2',201,10,140359
'14MF2',201,10,141000
'14MF2',201,10,141500
'14MF2',201,10,142100
'14MF2',201,10,142659
'14MF2',201,10,143300
'14MF2',201,10,143759
'14MF2',201,10,144400
'14MF2',201,10,145000
'14MF2',201,10,145559
'14MF2',201,10,150059
'14MF2',201,10,150659
'14MF2',201,10,151300
'14MF2',201,10,151859
'14MF2',201,10,152400
'14MF2',201,10,152959
'14MF2',201,10,153600
'14MF2',201,10,154200
'14MF2',201,10,154700
'14MF2',201,10,155300
'14MF2',201,10,155859
'14MF2',201,10,160500
'14MF2',201,10,160959
'14MF2',201,10,161600
'14MF2',201,10,162159
'14MF2',201,10,162759
'14MF2',201,10,163259
'14MF2',201,10,163900
'14MF2',201,10,164500
'14MF2',201,10,165059
'14MF2',201,10,165600
'14MF2',201,10,170159
'14MF2',201,10,170800
'14MF2',201,10,171400
'14MF2',201,10,171900
'14MF2',201,10,172459
'14MF2',201,10,173059
'14MF2',201,10,173700
'14MF2',201,10,174200
'14MF2',201,10,174800
'14MF2',201,10,175359
'14MF2',201,10,180000
'14MF2',201,10,180600
'14MF2',201,10,181300
'14MF2',201,10,181859
'14MF2',201,10,182459
'14MF2',201,10,183159
'14MF2',201,10,183800
'14MF2',201,10,184500
'14MF2',201,10,185100
'14MF2',201,10,185659
'14MF2',201,10,190359
'14MF2',201,10,191100
'14MF2',201,10,191800
'14MF2',201,10,192559
'14MF2',201,10,193259
'14MF2',201,10,193959
'14MF2',201,10,194800
'14MF2',201,10,195459
'14MF2',201,10,200159
'14MF2',201,10,201000
'14MF2',201,10,201759
'14MF2',201,10,202659
'14MF2',201,10,203500
'14MF2',201,10,204400
'14MF2',201,10,205159
'14MF2',201,10,210059
'14MF2',201,10,210900
'14MF2',201,10,211800
'14MF2',201,10,212600
'14MF2',201,10,213500
'14MF2',201,10,214259
'14MF2',201,10,215159
'14MF2',201,10,220000
'14MF2',201,10,220900
'14MF2',201,10,221659
'14MF2',201,10,222559
'14MF2',201,10,223400
'14MF2',201,10,224300
'14MF2',201,10,225059
'14MF2',201,10,225959
'14MF2',201,10,230859
'14MF2',201,10,231759
'14MF2',201,10,232659
'14MF2',201,10,233700
'14MF2',201,10,234600
'14MF2',201,10,235500
'14MF2',201,10,240400
'14MF2',201,10,241359
'14MF2',201,10,242400
'14MF2',201,10,243359
'14MF2',201,10,244500
'14MF2',201,10,245859
'14MF3',200,10,54200
'14MF3',200,10,55300
'14MF3',200,10,60259
'14MF3',200,10,61300
'14MF3',200,10,62259
'14MF3',200,10,63300
'14MF3',200,10,64259
'14MF3',200,10,65400
'14MF3',200,10,70359
'14MF3',200,10,71400
'14MF3',200,10,72300
'14MF3',200,10,73200
'14MF3',200,10,74100
'14MF3',200,10,75059
'14MF3',200,10,75959
'14MF3',200,10,80859
'14MF3',200,10,81759
'14MF3',200,10,82800
'14MF3',200,10,83700
'14MF3',200,10,84600
'14MF3',200,10,85500
'14MF3',200,10,90459
'14MF3',200,10,91359
'14MF3',200,10,92259
'14MF3',200,10,93159
'14MF3',200,10,94059
'14MF3',200,10,95100
'14MF3',200,10,95859
'14MF3',200,10,100759
'14MF3',200,10,101600
'14MF3',200,10,102500
'14MF3',200,10,103400
'14MF3',200,10,104159
'14MF3',200,10,105059
'14MF3',200,10,105900
'14MF3',200,10,110800
'14MF3',200,10,111700
'14MF3',200,10,112459
'14MF3',200,10,113359
'14MF3',200,10,114200
'14MF3',200,10,115000
'14MF3',200,10,115759
'14MF3',200,10,120600
'14MF3',200,10,121359
'14MF3',200,10,122200
'14MF3',200,10,122959
'14MF3',200,10,123800
'14MF3',200,10,124559
'14MF3',200,10,125400
'14MF3',200,10,130200
'14MF3',200,10,130900
'14MF3',200,10,131659
'14MF3',200,10,132500
'14MF3',200,10,133200
'14MF3',200,10,133900
'14MF3',200,10,134559
'14MF3',200,10,135200
'14MF3',200,10,135900
'14MF3',200,10,140600
'14MF3',200,10,141259
'14MF3',200,10,141959
'14MF3',200,10,142659
'14MF3',200,10,143300
'14MF3',200,10,143959
'14MF3',200,10,144659
'14MF3',200,10,145359
'14MF3',200,10,150059
'14MF3',200,10,150800
'14MF3',200,10,151359
'14MF3',200,10,152059
'14MF3',200,10,152759
'14MF3',200,10,153500
'14MF3',200,10,154200
'14MF3',200,10,154900
'14MF3',200,10,155459
'14MF3',200,10,160200
'14MF3',200,10,160900
'14MF3',200,10,161600
'14MF3',200,10,162300
'14MF3',200,10,163000
'14MF3',200,10,163600
'14MF3',200,10,164300
'14MF3',200,10,165000
'14MF3',200,10,165700
'14MF3',200,10,170359
'14MF3',200,10,171059
'14MF3',200,10,171700
'14MF3',200,10,172400
'14MF3',200,10,173200
'14MF3',200,10,173900
'14MF3',200,10,174600
'14MF3',200,10,175300
'14MF3',200,10,180059
'14MF3',200,10,180800
'14MF3',200,10,181500
'14MF3',200,10,182259
'14MF3',200,10,182959
'14MF3',200,10,183659
'14MF3',200,10,184500
'14MF3',200,10,185159
'14MF3',200,10,190000
'14MF3',200,10,190759
'14MF3',200,10,191600
'14MF3',200,10,192300
'14MF3',200,10,193059
'14MF3',200,10,193900
'14MF3',200,10,194700
'14MF3',200,10,195459
'14MF3',200,10,200300
'14MF3',200,10,201000
'14MF3',200,10,201759
'14MF3',200,10,202600
'14MF3',200,10,203500
'14MF3',200,10,204259
'14MF3',200,10,205159
'14MF3',200,10,210000
'14MF3',200,10,210900
'14MF3',200,10,211700
'14MF3',200,10,212600
'14MF3',200,10,213359
'14MF3',200,10,214259
'14MF3',200,10,215100
'14MF3',200,10,220000
'14MF3',200,10,220900
'14MF3',200,10,221800
'14MF3',200,10,222700
'14MF3',200,10,223659
'14MF3',200,10,224559
'14MF3',200,10,225600
'14MF3',200,10,230600
'14MF3',200,10,231559
'14MF3',200,10,232600
'14MF3',200,10,233700
'14MF3',200,10,234659
'14MF3',200,10,235700
'14MF3',200,10,240659
'14MF3',200,10,241700
'14MF3',200,10,242759
'14MF3',200,10,244000
'14MF3',200,10,245100
'14MF3',201,10,55500
'14MF3',201,10,60600
'14MF3',201,10,61700
'14MF3',201,10,62759
'14MF3',201,10,63859
'14MF3',201,10,64900
'14MF3',201,10,65859
'14MF3',201,10,70959
'14MF3',201,10,72000
'14MF3',201,10,73000
'14MF3',201,10,73959
'14MF3',201,10,75000
'14MF3',201,10,75959
'14MF3',201,10,81059
'14MF3',201,10,81959
'14MF3',201,10,82859
'14MF3',201,10,83759
'14MF3',201,10,84800
'14MF3',201,10,85700
'14MF3',201,10,90600
'14MF3',201,10,91359
'14MF3',201,10,92259
'14MF3',201,10,93159
'14MF3',201,10,94000
'14MF3',201,10,94900
'14MF3',201,10,95659
'14MF3',201,10,100559
'14MF3',201,10,101400
'14MF3',201,10,102300
'14MF3',201,10,103200
'14MF3',201,10,103959
'14MF3',201,10,104859
'14MF3',201,10,105759
'14MF3',201,10,110600
'14MF3',201,10,111500
'14MF3',201,10,112300
'14MF3',201,10,113200
'14MF3',201,10,113959
'14MF3',201,10,114859
'14MF3',201,10,115759
'14MF3',201,10,120600
'14MF3',201,10,121500
'14MF3',201,10,122259
'14MF3',201,10,123159
'14MF3',201,10,124000
'14MF3',201,10,124759
'14MF3',201,10,125600
'14MF3',201,10,130359
'14MF3',201,10,131200
'14MF3',201,10,131859
'14MF3',201,10,132700
'14MF3',201,10,133459
'14MF3',201,10,134300
'14MF3',201,10,135059
'14MF3',201,10,135900
'14MF3',201,10,140659
'14MF3',201,10,141500
'14MF3',201,10,142300
'14MF3',201,10,142859
'14MF3',201,10,143559
'14MF3',201,10,144259
'14MF3',201,10,145000
'14MF3',201,10,145700
'14MF3',201,10,150400
'14MF3',201,10,150959
'14MF3',201,10,151700
'14MF3',201,10,152400
'14MF3',201,10,153100
'14MF3',201,10,153800
'14MF3',201,10,154500
'14MF3',201,10,155100
'14MF3',201,10,155800
'14MF3',201,10,160500
'14MF3',201,10,161200
'14MF3',201,10,161859
'14MF3',201,10,162559
'14MF3',201,10,163200
'14MF3',201,10,163900
'14MF3',201,10,164559
'14MF3',201,10,165259
'14MF3',201,10,165959
'14MF3',201,10,170659
'14MF3',201,10,171259
'14MF3',201,10,171959
'14MF3',201,10,172659
'14MF3',201,10,173359
'14MF3',201,10,174100
'14MF3',201,10,174659
'14MF3',201,10,175359
'14MF3',201,10,180059
'14MF3',201,10,180800
'14MF3',201,10,181500
'14MF3',201,10,182200
'14MF3',201,10,182900
'14MF3',201,10,183659
'14MF3',201,10,184400
'14MF3',201,10,185100
'14MF3',201,10,185859
'14MF3',201,10,190559
'14MF3',201,10,191259
'14MF3',201,10,192100
'14MF3',201,10,192759
'14MF3',201,10,193459
'14MF3',201,10,194300
'14MF3',201,10,195000
'14MF3',201,10,195700
'14MF3',201,10,200500
'14MF3',201,10,201259
'14MF3',201,10,202100
'14MF3',201,10,202859
'14MF3',201,10,203700
'14MF3',201,10,204400
'14MF3',201,10,205159
'14MF3',201,10,210000
'14MF3',201,10,210800
'14MF3',201,10,211559
'14MF3',201,10,212400
'14MF3',201,10,213159
'14MF3',201,10,214059
'14MF3',201,10,214900
'14MF3',201,10,215800
'14MF3',201,10,220559
'14MF3',201,10,221459
'14MF3',201,10,222300
'14MF3',201,10,223200
'14MF3',201,10,223959
'14MF3',201,10,224859
'14MF3',201,10,225700
'14MF3',201,10,230600
'14MF3',201,10,231559
'14MF3',201,10,232459
'14MF3',201,10,233359
'14MF3',201,10,234400
'14MF3',201,10,235359
'14MF3',201,10,240400
'14MF3',201,10,241359
'14MF3',201,10,242400
'14MF3',201,10,243359
'14MF3',201,10,244500
'14MF3',201,10,245859
'14MI',200,10,54200
'14MI',200,10,55300
'14MI',200,10,60259
'14MI',200,10,61300
'14MI',200,10,62259
'14MI',200,10,63300
'14MI',200,10,64259
'14MI',200,10,65400
'14MI',200,10,70359
'14MI',200,10,71400
'14MI',200,10,72300
'14MI',200,10,73200
'14MI',200,10,74100
'14MI',200,10,75059
'14MI',200,10,75959
'14MI',200,10,80859
'14MI',200,10,81759
'14MI',200,10,82800
'14MI',200,10,83700
'14MI',200,10,84600
'14MI',200,10,85500
'14MI',200,10,90459
'14MI',200,10,91359
'14MI',200,10,92259
'14MI',200,10,93159
'14MI',200,10,94059
'14MI',200,10,95100
'14MI',200,10,95859
'14MI',200,10,100759
'14MI',200,10,101600
'14MI',200,10,102500
'14MI',200,10,103400
'14MI',200,10,104159
'14MI',200,10,105059
'14MI',200,10,105900
'14MI',200,10,110800
'14MI',200,10,111700
'14MI',200,10,112459
'14MI',200,10,113359
'14MI',200,10,114200
'14MI',200,10,115000
'14MI',200,10,115759
'14MI',200,10,120600
'14MI',200,10,121359
'14MI',200,10,122200
'14MI',200,10,122959
'14MI',200,10,123800
'14MI',200,10,124559
'14MI',200,10,125400
'14MI',200,10,130200
'14MI',200,10,130900
'14MI',200,10,131659
'14MI',200,10,132500
'14MI',200,10,133200
'14MI',200,10,133900
'14MI',200,10,134559
'14MI',200,10,135200
'14MI',200,10,135900
'14MI',200,10,140600
'14MI',200,10,141259
'14MI',200,10,141959
'14MI',200,10,142659
'14MI',200,10,143300
'14MI',200,10,143959
'14MI',200,10,144659
'14MI',200,10,145359
'14MI',200,10,150059
'14MI',200,10,150800
'14MI',200,10,151359
'14MI',200,10,152059
'14MI',200,10,152759
'14MI',200,10,153500
'14MI',200,10,154200
'14MI',200,10,154900
'14MI',200,10,155459
'14MI',200,10,160200
'14MI',200,10,160900
'14MI',200,10,161600
'14MI',200,10,162300
'14MI',200,10,163000
'14MI',200,10,163600
'14MI',200,10,164300
'14MI',200,10,165000
'14MI',200,10,165700
'14MI',200,10,170359
'14MI',200,10,171059
'14MI',200,10,171700
'14MI',200,10,172400
'14MI',200,10,173200
'14MI',200,10,173900
'14MI',200,10,174600
'14MI',200,10,175300
'14MI',200,10,180059
'14MI',200,10,180800
'14MI',200,10,181500
'14MI',200,10,182259
'14MI',200,10,182959
'14MI',200,10,183659
'14MI',200,10,184500
'14MI',200,10,185159
'14MI',200,10,190000
'14MI',200,10,190759
'14MI',200,10,191600
'14MI',200,10,192300
'14MI',200,10,193059
'14MI',200,10,193900
'14MI',200,10,194700
'14MI',200,10,195459
'14MI',200,10,200300
'14MI',200,10,201000
'14MI',200,10,201759
'14MI',200,10,202600
'14MI',200,10,203500
'14MI',200,10,204259
'14MI',200,10,205159
'14MI',200,10,210000
'14MI',200,10,210900
'14MI',200,10,211700
'14MI',200,10,212600
'14MI',200,10,213359
'14MI',200,10,214259
'14MI',200,10,215100
'14MI',200,10,220000
'14MI',200,10,220900
'14MI',200,10,221800
'14MI',200,10,222700
'14MI',200,10,223659
'14MI',200,10,224559
'14MI',200,10,225600
'14MI',200,10,230600
'14MI',200,10,231559
'14MI',200,10,232600
'14MI',200,10,233700
'14MI',200,10,234659
'14MI',200,10,235700
'14MI',200,10,240659
'14MI',200,10,241700
'14MI',200,10,242759
'14MI',200,10,244000
'14MI',200,10,245100
'14MI',201,10,55500
'14MI',201,10,60600
'14MI',201,10,61700
'14MI',201,10,62759
'14MI',201,10,63859
'14MI',201,10,64900
'14MI',201,10,65859
'14MI',201,10,70959
'14MI',201,10,72000
'14MI',201,10,73000
'14MI',201,10,73959
'14MI',201,10,75000
'14MI',201,10,75959
'14MI',201,10,81059
'14MI',201,10,81959
'14MI',201,10,82859
'14MI',201,10,83759
'14MI',201,10,84800
'14MI',201,10,85700
'14MI',201,10,90600
'14MI',201,10,91359
'14MI',201,10,92259
'14MI',201,10,93159
'14MI',201,10,94000
'14MI',201,10,94900
'14MI',201,10,95659
'14MI',201,10,100559
'14MI',201,10,101400
'14MI',201,10,102300
'14MI',201,10,103200
'14MI',201,10,103959
'14MI',201,10,104859
'14MI',201,10,105759
'14MI',201,10,110600
'14MI',201,10,111500
'14MI',201,10,112300
'14MI',201,10,113200
'14MI',201,10,113959
'14MI',201,10,114859
'14MI',201,10,115759
'14MI',201,10,120600
'14MI',201,10,121500
'14MI',201,10,122259
'14MI',201,10,123159
'14MI',201,10,124000
'14MI',201,10,124759
'14MI',201,10,125600
'14MI',201,10,130359
'14MI',201,10,131200
'14MI',201,10,131859
'14MI',201,10,132700
'14MI',201,10,133459
'14MI',201,10,134300
'14MI',201,10,135059
'14MI',201,10,135900
'14MI',201,10,140659
'14MI',201,10,141500
'14MI',201,10,142300
'14MI',201,10,142859
'14MI',201,10,143559
'14MI',201,10,144259
'14MI',201,10,145000
'14MI',201,10,145700
'14MI',201,10,150400
'14MI',201,10,150959
'14MI',201,10,151700
'14MI',201,10,152400
'14MI',201,10,153100
'14MI',201,10,153800
'14MI',201,10,154500
'14MI',201,10,155100
'14MI',201,10,155800
'14MI',201,10,160500
'14MI',201,10,161200
'14MI',201,10,161859
'14MI',201,10,162559
'14MI',201,10,163200
'14MI',201,10,163900
'14MI',201,10,164559
'14MI',201,10,165259
'14MI',201,10,165959
'14MI',201,10,170659
'14MI',201,10,171259
'14MI',201,10,171959
'14MI',201,10,172659
'14MI',201,10,173359
'14MI',201,10,174100
'14MI',201,10,174659
'14MI',201,10,175359
'14MI',201,10,180059
'14MI',201,10,180800
'14MI',201,10,181500
'14MI',201,10,182200
'14MI',201,10,182900
'14MI',201,10,183659
'14MI',201,10,184400
'14MI',201,10,185100
'14MI',201,10,185859
'14MI',201,10,190559
'14MI',201,10,191259
'14MI',201,10,192100
'14MI',201,10,192759
'14MI',201,10,193459
'14MI',201,10,194300
'14MI',201,10,195000
'14MI',201,10,195700
'14MI',201,10,200500
'14MI',201,10,201259
'14MI',201,10,202100
'14MI',201,10,202859
'14MI',201,10,203700
'14MI',201,10,204400
'14MI',201,10,205159
'14MI',201,10,210000
'14MI',201,10,210800
'14MI',201,10,211559
'14MI',201,10,212400
'14MI',201,10,213159
'14MI',201,10,214059
'14MI',201,10,214900
'14MI',201,10,215800
'14MI',201,10,220559
'14MI',201,10,221459
'14MI',201,10,222300
'14MI',201,10,223200
'14MI',201,10,223959
'14MI',201,10,224859
'14MI',201,10,225700
'14MI',201,10,230600
'14MI',201,10,231559
'14MI',201,10,232459
'14MI',201,10,233359
'14MI',201,10,234400
'14MI',201,10,235359
'14MI',201,10,240400
'14MI',201,10,241359
'14MI',201,10,242400
'14MI',201,10,243359
'14MI',201,10,244500
'14MI',201,10,245859
'14MS',200,10,54259
'14MS',200,10,55100
'14MS',200,10,55900
'14MS',200,10,60659
'14MS',200,10,61500
'14MS',200,10,62259
'14MS',200,10,63100
'14MS',200,10,63800
'14MS',200,10,64259
'14MS',200,10,64900
'14MS',200,10,65400
'14MS',200,10,65800
'14MS',200,10,70200
'14MS',200,10,70559
'14MS',200,10,70959
'14MS',200,10,71259
'14MS',200,10,71659
'14MS',200,10,72000
'14MS',200,10,72359
'14MS',200,10,72700
'14MS',200,10,73059
'14MS',200,10,73400
'14MS',200,10,73800
'14MS',200,10,74100
'14MS',200,10,74359
'14MS',200,10,74800
'14MS',200,10,75059
'14MS',200,10,75400
'14MS',200,10,75759
'14MS',200,10,75959
'14MS',200,10,80359
'14MS',200,10,80600
'14MS',200,10,80859
'14MS',200,10,81200
'14MS',200,10,81500
'14MS',200,10,81700
'14MS',200,10,81959
'14MS',200,10,82300
'14MS',200,10,82459
'14MS',200,10,82659
'14MS',200,10,83000
'14MS',200,10,83200
'14MS',200,10,83500
'14MS',200,10,83759
'14MS',200,10,83959
'14MS',200,10,84259
'14MS',200,10,84600
'14MS',200,10,84859
'14MS',200,10,85159
'14MS',200,10,85500
'14MS',200,10,85900
'14MS',200,10,90200
'14MS',200,10,90659
'14MS',200,10,90959
'14MS',200,10,91359
'14MS',200,10,91700
'14MS',200,10,92059
'14MS',200,10,92600
'14MS',200,10,92959
'14MS',200,10,93500
'14MS',200,10,93859
'14MS',200,10,94259
'14MS',200,10,94900
'14MS',200,10,95400
'14MS',200,10,95859
'14MS',200,10,100500
'14MS',200,10,101100
'14MS',200,10,101659
'14MS',200,10,102300
'14MS',200,10,102900
'14MS',200,10,103459
'14MS',200,10,104100
'14MS',200,10,104700
'14MS',200,10,105259
'14MS',200,10,105900
'14MS',200,10,110500
'14MS',200,10,111059
'14MS',200,10,111700
'14MS',200,10,112300
'14MS',200,10,112859
'14MS',200,10,113500
'14MS',200,10,114100
'14MS',200,10,114659
'14MS',200,10,115300
'14MS',200,10,115900
'14MS',200,10,120459
'14MS',200,10,121100
'14MS',200,10,121700
'14MS',200,10,122259
'14MS',200,10,122900
'14MS',200,10,123500
'14MS',200,10,124059
'14MS',200,10,124700
'14MS',200,10,125300
'14MS',200,10,125859
'14MS',200,10,130500
'14MS',200,10,131100
'14MS',200,10,131659
'14MS',200,10,132300
'14MS',200,10,132900
'14MS',200,10,133459
'14MS',200,10,134100
'14MS',200,10,134700
'14MS',200,10,135259
'14MS',200,10,135900
'14MS',200,10,140500
'14MS',200,10,141059
'14MS',200,10,141700
'14MS',200,10,142300
'14MS',200,10,142859
'14MS',200,10,143500
'14MS',200,10,144100
'14MS',200,10,144659
'14MS',200,10,145100
'14MS',200,10,145559
'14MS',200,10,150000
'14MS',200,10,150459
'14MS',200,10,150959
'14MS',200,10,151359
'14MS',200,10,151859
'14MS',200,10,152259
'14MS',200,10,152759
'14MS',200,10,153159
'14MS',200,10,153600
'14MS',200,10,154000
'14MS',200,10,154259
'14MS',200,10,154700
'14MS',200,10,154959
'14MS',200,10,155300
'14MS',200,10,155600
'14MS',200,10,155859
'14MS',200,10,160200
'14MS',200,10,160500
'14MS',200,10,160759
'14MS',200,10,161100
'14MS',200,10,161400
'14MS',200,10,161600
'14MS',200,10,161859
'14MS',200,10,162159
'14MS',200,10,162359
'14MS',200,10,162759
'14MS',200,10,163059
'14MS',200,10,163400
'14MS',200,10,163659
'14MS',200,10,164100
'14MS',200,10,164359
'14MS',200,10,164700
'14MS',200,10,165059
'14MS',200,10,165400
'14MS',200,10,165700
'14MS',200,10,170100
'14MS',200,10,170359
'14MS',200,10,170800
'14MS',200,10,171059
'14MS',200,10,171500
'14MS',200,10,171759
'14MS',200,10,172159
'14MS',200,10,172659
'14MS',200,10,173200
'14MS',200,10,173759
'14MS',200,10,174259
'14MS',200,10,174800
'14MS',200,10,175359
'14MS',200,10,175900
'14MS',200,10,180400
'14MS',200,10,180959
'14MS',200,10,181500
'14MS',200,10,182000
'14MS',200,10,182600
'14MS',200,10,183100
'14MS',200,10,183600
'14MS',200,10,184059
'14MS',200,10,184700
'14MS',200,10,185159
'14MS',200,10,185659
'14MS',200,10,190300
'14MS',200,10,190759
'14MS',200,10,191400
'14MS',200,10,191859
'14MS',200,10,192359
'14MS',200,10,193000
'14MS',200,10,193459
'14MS',200,10,194100
'14MS',200,10,194559
'14MS',200,10,195200
'14MS',200,10,195759
'14MS',200,10,200359
'14MS',200,10,201059
'14MS',200,10,201700
'14MS',200,10,202400
'14MS',200,10,203000
'14MS',200,10,203700
'14MS',200,10,204259
'14MS',200,10,205000
'14MS',200,10,205559
'14MS',200,10,210259
'14MS',200,10,210900
'14MS',200,10,211559
'14MS',200,10,212259
'14MS',200,10,212959
'14MS',200,10,213659
'14MS',200,10,214400
'14MS',200,10,214959
'14MS',200,10,215659
'14MS',200,10,220359
'14MS',200,10,221100
'14MS',200,10,221800
'14MS',200,10,222500
'14MS',200,10,223059
'14MS',200,10,223800
'14MS',200,10,224500
'14MS',200,10,225259
'14MS',200,10,230100
'14MS',200,10,230859
'14MS',200,10,231559
'14MS',200,10,232400
'14MS',200,10,233200
'14MS',200,10,233959
'14MS',200,10,234800
'14MS',200,10,235559
'14MS',200,10,240259
'14MS',200,10,241100
'14MS',200,10,241859
'14MS',200,10,242700
'14MS',200,10,243500
'14MS',200,10,244259
'14MS',200,10,245159
'14MS',201,10,55500
'14MS',201,10,60259
'14MS',201,10,61100
'14MS',201,10,61859
'14MS',201,10,62700
'14MS',201,10,63500
'14MS',201,10,64259
'14MS',201,10,64959
'14MS',201,10,65600
'14MS',201,10,70200
'14MS',201,10,70759
'14MS',201,10,71400
'14MS',201,10,72000
'14MS',201,10,72500
'14MS',201,10,72900
'14MS',201,10,73259
'14MS',201,10,73659
'14MS',201,10,74100
'14MS',201,10,74500
'14MS',201,10,74859
'14MS',201,10,75259
'14MS',201,10,75700
'14MS',201,10,80100
'14MS',201,10,80500
'14MS',201,10,80859
'14MS',201,10,81200
'14MS',201,10,81559
'14MS',201,10,81900
'14MS',201,10,82300
'14MS',201,10,82600
'14MS',201,10,83000
'14MS',201,10,83300
'14MS',201,10,83700
'14MS',201,10,83959
'14MS',201,10,84259
'14MS',201,10,84600
'14MS',201,10,85000
'14MS',201,10,85300
'14MS',201,10,85559
'14MS',201,10,85900
'14MS',201,10,90259
'14MS',201,10,90600
'14MS',201,10,90900
'14MS',201,10,91159
'14MS',201,10,91500
'14MS',201,10,91800
'14MS',201,10,92200
'14MS',201,10,92459
'14MS',201,10,92759
'14MS',201,10,93159
'14MS',201,10,93500
'14MS',201,10,93859
'14MS',201,10,94200
'14MS',201,10,94500
'14MS',201,10,94900
'14MS',201,10,95159
'14MS',201,10,95600
'14MS',201,10,95859
'14MS',201,10,100200
'14MS',201,10,100559
'14MS',201,10,101100
'14MS',201,10,101600
'14MS',201,10,102100
'14MS',201,10,102559
'14MS',201,10,103059
'14MS',201,10,103600
'14MS',201,10,104100
'14MS',201,10,104559
'14MS',201,10,105059
'14MS',201,10,105700
'14MS',201,10,110159
'14MS',201,10,110800
'14MS',201,10,111400
'14MS',201,10,111959
'14MS',201,10,112600
'14MS',201,10,113200
'14MS',201,10,113759
'14MS',201,10,114400
'14MS',201,10,115000
'14MS',201,10,115559
'14MS',201,10,120200
'14MS',201,10,120800
'14MS',201,10,121359
'14MS',201,10,122000
'14MS',201,10,122600
'14MS',201,10,123159
'14MS',201,10,123800
'14MS',201,10,124400
'14MS',201,10,124959
'14MS',201,10,125600
'14MS',201,10,130200
'14MS',201,10,130759
'14MS',201,10,131400
'14MS',201,10,132000
'14MS',201,10,132559
'14MS',201,10,133200
'14MS',201,10,133800
'14MS',201,10,134359
'14MS',201,10,135000
'14MS',201,10,135600
'14MS',201,10,140159
'14MS',201,10,140800
'14MS',201,10,141400
'14MS',201,10,141959
'14MS',201,10,142600
'14MS',201,10,143200
'14MS',201,10,143759
'14MS',201,10,144400
'14MS',201,10,145000
'14MS',201,10,145559
'14MS',201,10,150259
'14MS',201,10,150900
'14MS',201,10,151559
'14MS',201,10,152200
'14MS',201,10,152700
'14MS',201,10,153100
'14MS',201,10,153600
'14MS',201,10,154000
'14MS',201,10,154400
'14MS',201,10,154759
'14MS',201,10,155159
'14MS',201,10,155600
'14MS',201,10,160000
'14MS',201,10,160359
'14MS',201,10,160759
'14MS',201,10,161200
'14MS',201,10,161459
'14MS',201,10,161859
'14MS',201,10,162159
'14MS',201,10,162559
'14MS',201,10,162900
'14MS',201,10,163259
'14MS',201,10,163600
'14MS',201,10,163959
'14MS',201,10,164300
'14MS',201,10,164559
'14MS',201,10,164800
'14MS',201,10,165059
'14MS',201,10,165400
'14MS',201,10,165700
'14MS',201,10,165900
'14MS',201,10,170159
'14MS',201,10,170500
'14MS',201,10,170800
'14MS',201,10,171000
'14MS',201,10,171259
'14MS',201,10,171559
'14MS',201,10,171900
'14MS',201,10,172100
'14MS',201,10,172400
'14MS',201,10,172659
'14MS',201,10,173059
'14MS',201,10,173359
'14MS',201,10,173700
'14MS',201,10,174100
'14MS',201,10,174400
'14MS',201,10,174800
'14MS',201,10,175100
'14MS',201,10,175500
'14MS',201,10,175759
'14MS',201,10,180200
'14MS',201,10,180459
'14MS',201,10,180900
'14MS',201,10,181159
'14MS',201,10,181559
'14MS',201,10,181859
'14MS',201,10,182259
'14MS',201,10,182759
'14MS',201,10,183300
'14MS',201,10,183800
'14MS',201,10,184259
'14MS',201,10,184759
'14MS',201,10,185300
'14MS',201,10,185859
'14MS',201,10,190359
'14MS',201,10,190900
'14MS',201,10,191459
'14MS',201,10,192000
'14MS',201,10,192559
'14MS',201,10,193200
'14MS',201,10,193800
'14MS',201,10,194359
'14MS',201,10,195059
'14MS',201,10,195700
'14MS',201,10,200359
'14MS',201,10,201000
'14MS',201,10,201700
'14MS',201,10,202300
'14MS',201,10,203000
'14MS',201,10,203559
'14MS',201,10,204259
'14MS',201,10,205000
'14MS',201,10,205559
'14MS',201,10,210259
'14MS',201,10,210959
'14MS',201,10,211700
'14MS',201,10,212400
'14MS',201,10,212959
'14MS',201,10,213659
'14MS',201,10,214259
'14MS',201,10,214959
'14MS',201,10,215659
'14MS',201,10,220359
'14MS',201,10,221100
'14MS',201,10,221659
'14MS',201,10,222359
'14MS',201,10,223059
'14MS',201,10,223800
'14MS',201,10,224500
'14MS',201,10,225200
'14MS',201,10,225759
'14MS',201,10,230500
'14MS',201,10,231200
'14MS',201,10,231900
'14MS',201,10,232600
'14MS',201,10,233300
'14MS',201,10,233900
'14MS',201,10,234659
'14MS',201,10,235359
'14MS',201,10,240059
'14MS',201,10,240800
'14MS',201,10,241559
'14MS',201,10,242259
'14MS',201,10,243100
'14MS',201,10,243859
'14MS',201,10,244700
'14MS',201,10,245859
