'15MA',200,8,53959
'15MA',200,8,55100
'15MA',200,8,60200
'15MA',200,8,61159
'15MA',200,8,62200
'15MA',200,8,63159
'15MA',200,8,64059
'15MA',200,8,65100
'15MA',200,8,70000
'15MA',200,8,70900
'15MA',200,8,71800
'15MA',200,8,72759
'15MA',200,8,73659
'15MA',200,8,74559
'15MA',200,8,75459
'15MA',200,8,80500
'15MA',200,8,81400
'15MA',200,8,82300
'15MA',200,8,83200
'15MA',200,8,84200
'15MA',200,8,85100
'15MA',200,8,90000
'15MA',200,8,90900
'15MA',200,8,91800
'15MA',200,8,92700
'15MA',200,8,93500
'15MA',200,8,94400
'15MA',200,8,95159
'15MA',200,8,100059
'15MA',200,8,100900
'15MA',200,8,101800
'15MA',200,8,102559
'15MA',200,8,103459
'15MA',200,8,104359
'15MA',200,8,105059
'15MA',200,8,105759
'15MA',200,8,110600
'15MA',200,8,111259
'15MA',200,8,111959
'15MA',200,8,112800
'15MA',200,8,113500
'15MA',200,8,114200
'15MA',200,8,115000
'15MA',200,8,115700
'15MA',200,8,120400
'15MA',200,8,121159
'15MA',200,8,121800
'15MA',200,8,122459
'15MA',200,8,123159
'15MA',200,8,123800
'15MA',200,8,124500
'15MA',200,8,125100
'15MA',200,8,125800
'15MA',200,8,130359
'15MA',200,8,131100
'15MA',200,8,131659
'15MA',200,8,132300
'15MA',200,8,133000
'15MA',200,8,133600
'15MA',200,8,134300
'15MA',200,8,134859
'15MA',200,8,135459
'15MA',200,8,140159
'15MA',200,8,140800
'15MA',200,8,141500
'15MA',200,8,142100
'15MA',200,8,142800
'15MA',200,8,143359
'15MA',200,8,143959
'15MA',200,8,144659
'15MA',200,8,145300
'15MA',200,8,150000
'15MA',200,8,150600
'15MA',200,8,151159
'15MA',200,8,151859
'15MA',200,8,152459
'15MA',200,8,153159
'15MA',200,8,153800
'15MA',200,8,154500
'15MA',200,8,155100
'15MA',200,8,155659
'15MA',200,8,160359
'15MA',200,8,160959
'15MA',200,8,161659
'15MA',200,8,162300
'15MA',200,8,162900
'15MA',200,8,163600
'15MA',200,8,164159
'15MA',200,8,164859
'15MA',200,8,165459
'15MA',200,8,170159
'15MA',200,8,170800
'15MA',200,8,171400
'15MA',200,8,172100
'15MA',200,8,172659
'15MA',200,8,173359
'15MA',200,8,173959
'15MA',200,8,174600
'15MA',200,8,175300
'15MA',200,8,175900
'15MA',200,8,180600
'15MA',200,8,181159
'15MA',200,8,181800
'15MA',200,8,182459
'15MA',200,8,183100
'15MA',200,8,183800
'15MA',200,8,184400
'15MA',200,8,184959
'15MA',200,8,185659
'15MA',200,8,190300
'15MA',200,8,190959
'15MA',200,8,191659
'15MA',200,8,192359
'15MA',200,8,193200
'15MA',200,8,193900
'15MA',200,8,194559
'15MA',200,8,195400
'15MA',200,8,200100
'15MA',200,8,200800
'15MA',200,8,201559
'15MA',200,8,202300
'15MA',200,8,203000
'15MA',200,8,203759
'15MA',200,8,204600
'15MA',200,8,205359
'15MA',200,8,210200
'15MA',200,8,210959
'15MA',200,8,211800
'15MA',200,8,212600
'15MA',200,8,213500
'15MA',200,8,214259
'15MA',200,8,215159
'15MA',200,8,220200
'15MA',200,8,221100
'15MA',200,8,222000
'15MA',200,8,222900
'15MA',200,8,223900
'15MA',200,8,224800
'15MA',200,8,225700
'15MA',200,8,230600
'15MA',200,8,231559
'15MA',200,8,232459
'15MA',200,8,233359
'15MA',200,8,234400
'15MA',200,8,235359
'15MA',200,8,240400
'15MA',200,8,241359
'15MA',200,8,242400
'15MA',200,8,243500
'15MA',200,8,244500
'15MA',200,8,245600
'15MA',200,8,250700
'15MA',200,8,251859
'15MA',201,8,55759
'15MA',201,8,60900
'15MA',201,8,62000
'15MA',201,8,63100
'15MA',201,8,64200
'15MA',201,8,65300
'15MA',201,8,70359
'15MA',201,8,71400
'15MA',201,8,72500
'15MA',201,8,73459
'15MA',201,8,74359
'15MA',201,8,75259
'15MA',201,8,80300
'15MA',201,8,81200
'15MA',201,8,82100
'15MA',201,8,83000
'15MA',201,8,83900
'15MA',201,8,84800
'15MA',201,8,85559
'15MA',201,8,90459
'15MA',201,8,91300
'15MA',201,8,92200
'15MA',201,8,92959
'15MA',201,8,93859
'15MA',201,8,94700
'15MA',201,8,95600
'15MA',201,8,100359
'15MA',201,8,101259
'15MA',201,8,102100
'15MA',201,8,103000
'15MA',201,8,103800
'15MA',201,8,104700
'15MA',201,8,105459
'15MA',201,8,110300
'15MA',201,8,111000
'15MA',201,8,111700
'15MA',201,8,112459
'15MA',201,8,113200
'15MA',201,8,113900
'15MA',201,8,114659
'15MA',201,8,115359
'15MA',201,8,120059
'15MA',201,8,120900
'15MA',201,8,121559
'15MA',201,8,122259
'15MA',201,8,123100
'15MA',201,8,123800
'15MA',201,8,124500
'15MA',201,8,125300
'15MA',201,8,130000
'15MA',201,8,130700
'15MA',201,8,131459
'15MA',201,8,132159
'15MA',201,8,132759
'15MA',201,8,133459
'15MA',201,8,134159
'15MA',201,8,134800
'15MA',201,8,135459
'15MA',201,8,140100
'15MA',201,8,140659
'15MA',201,8,141400
'15MA',201,8,141959
'15MA',201,8,142659
'15MA',201,8,143300
'15MA',201,8,143900
'15MA',201,8,144600
'15MA',201,8,145159
'15MA',201,8,145900
'15MA',201,8,150459
'15MA',201,8,151159
'15MA',201,8,151800
'15MA',201,8,152400
'15MA',201,8,153100
'15MA',201,8,153659
'15MA',201,8,154400
'15MA',201,8,154959
'15MA',201,8,155600
'15MA',201,8,160300
'15MA',201,8,160900
'15MA',201,8,161600
'15MA',201,8,162159
'15MA',201,8,162900
'15MA',201,8,163459
'15MA',201,8,164100
'15MA',201,8,164800
'15MA',201,8,165400
'15MA',201,8,170100
'15MA',201,8,170659
'15MA',201,8,171259
'15MA',201,8,171959
'15MA',201,8,172600
'15MA',201,8,173300
'15MA',201,8,173900
'15MA',201,8,174459
'15MA',201,8,175159
'15MA',201,8,175759
'15MA',201,8,180459
'15MA',201,8,181100
'15MA',201,8,181700
'15MA',201,8,182400
'15MA',201,8,182959
'15MA',201,8,183659
'15MA',201,8,184259
'15MA',201,8,184959
'15MA',201,8,185600
'15MA',201,8,190200
'15MA',201,8,190900
'15MA',201,8,191459
'15MA',201,8,192159
'15MA',201,8,192900
'15MA',201,8,193600
'15MA',201,8,194359
'15MA',201,8,195059
'15MA',201,8,195759
'15MA',201,8,200600
'15MA',201,8,201259
'15MA',201,8,201959
'15MA',201,8,202800
'15MA',201,8,203500
'15MA',201,8,204200
'15MA',201,8,205000
'15MA',201,8,205700
'15MA',201,8,210400
'15MA',201,8,211159
'15MA',201,8,211859
'15MA',201,8,212600
'15MA',201,8,213359
'15MA',201,8,214059
'15MA',201,8,214900
'15MA',201,8,215659
'15MA',201,8,220359
'15MA',201,8,221200
'15MA',201,8,222000
'15MA',201,8,222900
'15MA',201,8,223659
'15MA',201,8,224559
'15MA',201,8,225459
'15MA',201,8,230359
'15MA',201,8,231259
'15MA',201,8,232159
'15MA',201,8,233200
'15MA',201,8,234100
'15MA',201,8,235000
'15MA',201,8,235900
'15MA',201,8,240900
'15MA',201,8,241800
'15MA',201,8,242700
'15MA',201,8,243659
'15MA',201,8,244559
'15MA',201,8,245600
'15MA',201,8,250559
'15MA',201,8,251600
'15MA',201,8,253059
'15MF1',200,8,53959
'15MF1',200,8,54800
'15MF1',200,8,55700
'15MF1',200,8,60459
'15MF1',200,8,61300
'15MF1',200,8,62059
'15MF1',200,8,62900
'15MF1',200,8,63600
'15MF1',200,8,64400
'15MF1',200,8,65159
'15MF1',200,8,70000
'15MF1',200,8,70759
'15MF1',200,8,71600
'15MF1',200,8,72300
'15MF1',200,8,73059
'15MF1',200,8,73800
'15MF1',200,8,74500
'15MF1',200,8,75200
'15MF1',200,8,75959
'15MF1',200,8,80659
'15MF1',200,8,81400
'15MF1',200,8,82100
'15MF1',200,8,82859
'15MF1',200,8,83559
'15MF1',200,8,84259
'15MF1',200,8,85000
'15MF1',200,8,85759
'15MF1',200,8,90459
'15MF1',200,8,91159
'15MF1',200,8,91859
'15MF1',200,8,92700
'15MF1',200,8,93359
'15MF1',200,8,94059
'15MF1',200,8,94759
'15MF1',200,8,95600
'15MF1',200,8,100300
'15MF1',200,8,100959
'15MF1',200,8,101659
'15MF1',200,8,102500
'15MF1',200,8,103200
'15MF1',200,8,103900
'15MF1',200,8,104559
'15MF1',200,8,105200
'15MF1',200,8,105759
'15MF1',200,8,110500
'15MF1',200,8,111059
'15MF1',200,8,111759
'15MF1',200,8,112400
'15MF1',200,8,113000
'15MF1',200,8,113700
'15MF1',200,8,114259
'15MF1',200,8,115000
'15MF1',200,8,115559
'15MF1',200,8,120259
'15MF1',200,8,120900
'15MF1',200,8,121500
'15MF1',200,8,122200
'15MF1',200,8,122759
'15MF1',200,8,123359
'15MF1',200,8,124000
'15MF1',200,8,124559
'15MF1',200,8,125159
'15MF1',200,8,125659
'15MF1',200,8,130300
'15MF1',200,8,130900
'15MF1',200,8,131459
'15MF1',200,8,132000
'15MF1',200,8,132559
'15MF1',200,8,133200
'15MF1',200,8,133800
'15MF1',200,8,134300
'15MF1',200,8,134859
'15MF1',200,8,135459
'15MF1',200,8,140100
'15MF1',200,8,140600
'15MF1',200,8,141200
'15MF1',200,8,141759
'15MF1',200,8,142400
'15MF1',200,8,142859
'15MF1',200,8,143500
'15MF1',200,8,144100
'15MF1',200,8,144659
'15MF1',200,8,145159
'15MF1',200,8,145759
'15MF1',200,8,150400
'15MF1',200,8,150959
'15MF1',200,8,151500
'15MF1',200,8,152059
'15MF1',200,8,152700
'15MF1',200,8,153300
'15MF1',200,8,153800
'15MF1',200,8,154400
'15MF1',200,8,154959
'15MF1',200,8,155600
'15MF1',200,8,160059
'15MF1',200,8,160700
'15MF1',200,8,161259
'15MF1',200,8,161859
'15MF1',200,8,162359
'15MF1',200,8,163000
'15MF1',200,8,163600
'15MF1',200,8,164159
'15MF1',200,8,164700
'15MF1',200,8,165259
'15MF1',200,8,165900
'15MF1',200,8,170500
'15MF1',200,8,171000
'15MF1',200,8,171559
'15MF1',200,8,172159
'15MF1',200,8,172800
'15MF1',200,8,173300
'15MF1',200,8,173900
'15MF1',200,8,174459
'15MF1',200,8,175100
'15MF1',200,8,175700
'15MF1',200,8,180400
'15MF1',200,8,180959
'15MF1',200,8,181559
'15MF1',200,8,182259
'15MF1',200,8,182900
'15MF1',200,8,183600
'15MF1',200,8,184200
'15MF1',200,8,184759
'15MF1',200,8,185459
'15MF1',200,8,190200
'15MF1',200,8,190900
'15MF1',200,8,191659
'15MF1',200,8,192359
'15MF1',200,8,193059
'15MF1',200,8,193900
'15MF1',200,8,194559
'15MF1',200,8,195259
'15MF1',200,8,200100
'15MF1',200,8,200859
'15MF1',200,8,201759
'15MF1',200,8,202600
'15MF1',200,8,203500
'15MF1',200,8,204259
'15MF1',200,8,205159
'15MF1',200,8,210000
'15MF1',200,8,210900
'15MF1',200,8,211700
'15MF1',200,8,212600
'15MF1',200,8,213359
'15MF1',200,8,214259
'15MF1',200,8,215100
'15MF1',200,8,220000
'15MF1',200,8,220900
'15MF1',200,8,221800
'15MF1',200,8,222700
'15MF1',200,8,223659
'15MF1',200,8,224559
'15MF1',200,8,225459
'15MF1',200,8,230359
'15MF1',200,8,231500
'15MF1',200,8,232459
'15MF1',200,8,233500
'15MF1',200,8,234459
'15MF1',200,8,235500
'15MF1',200,8,240459
'15MF1',200,8,241559
'15MF1',200,8,242600
'15MF1',200,8,243659
'15MF1',200,8,244900
'15MF1',201,8,55759
'15MF1',201,8,60459
'15MF1',201,8,61300
'15MF1',201,8,62059
'15MF1',201,8,62900
'15MF1',201,8,63659
'15MF1',201,8,64500
'15MF1',201,8,65159
'15MF1',201,8,70000
'15MF1',201,8,70759
'15MF1',201,8,71600
'15MF1',201,8,72359
'15MF1',201,8,73200
'15MF1',201,8,73900
'15MF1',201,8,74700
'15MF1',201,8,75459
'15MF1',201,8,80300
'15MF1',201,8,81059
'15MF1',201,8,81759
'15MF1',201,8,82600
'15MF1',201,8,83300
'15MF1',201,8,83959
'15MF1',201,8,84659
'15MF1',201,8,85500
'15MF1',201,8,90200
'15MF1',201,8,90900
'15MF1',201,8,91559
'15MF1',201,8,92400
'15MF1',201,8,93100
'15MF1',201,8,93800
'15MF1',201,8,94500
'15MF1',201,8,95300
'15MF1',201,8,100000
'15MF1',201,8,100700
'15MF1',201,8,101400
'15MF1',201,8,102159
'15MF1',201,8,102900
'15MF1',201,8,103600
'15MF1',201,8,104359
'15MF1',201,8,105059
'15MF1',201,8,105700
'15MF1',201,8,110359
'15MF1',201,8,111000
'15MF1',201,8,111700
'15MF1',201,8,112300
'15MF1',201,8,112859
'15MF1',201,8,113559
'15MF1',201,8,114200
'15MF1',201,8,114859
'15MF1',201,8,115500
'15MF1',201,8,120059
'15MF1',201,8,120800
'15MF1',201,8,121359
'15MF1',201,8,122059
'15MF1',201,8,122700
'15MF1',201,8,123359
'15MF1',201,8,124000
'15MF1',201,8,124559
'15MF1',201,8,125159
'15MF1',201,8,125800
'15MF1',201,8,130300
'15MF1',201,8,130900
'15MF1',201,8,131459
'15MF1',201,8,132100
'15MF1',201,8,132559
'15MF1',201,8,133200
'15MF1',201,8,133800
'15MF1',201,8,134359
'15MF1',201,8,134859
'15MF1',201,8,135459
'15MF1',201,8,140100
'15MF1',201,8,140659
'15MF1',201,8,141200
'15MF1',201,8,141759
'15MF1',201,8,142400
'15MF1',201,8,143000
'15MF1',201,8,143500
'15MF1',201,8,144100
'15MF1',201,8,144659
'15MF1',201,8,145300
'15MF1',201,8,145759
'15MF1',201,8,150400
'15MF1',201,8,150959
'15MF1',201,8,151559
'15MF1',201,8,152059
'15MF1',201,8,152700
'15MF1',201,8,153300
'15MF1',201,8,153859
'15MF1',201,8,154400
'15MF1',201,8,154959
'15MF1',201,8,155600
'15MF1',201,8,160200
'15MF1',201,8,160700
'15MF1',201,8,161259
'15MF1',201,8,161859
'15MF1',201,8,162500
'15MF1',201,8,163000
'15MF1',201,8,163600
'15MF1',201,8,164159
'15MF1',201,8,164800
'15MF1',201,8,165259
'15MF1',201,8,165900
'15MF1',201,8,170500
'15MF1',201,8,171059
'15MF1',201,8,171559
'15MF1',201,8,172159
'15MF1',201,8,172800
'15MF1',201,8,173359
'15MF1',201,8,173900
'15MF1',201,8,174459
'15MF1',201,8,175100
'15MF1',201,8,175700
'15MF1',201,8,180259
'15MF1',201,8,180900
'15MF1',201,8,181500
'15MF1',201,8,182200
'15MF1',201,8,182759
'15MF1',201,8,183500
'15MF1',201,8,184059
'15MF1',201,8,184700
'15MF1',201,8,185400
'15MF1',201,8,190000
'15MF1',201,8,190700
'15MF1',201,8,191400
'15MF1',201,8,192100
'15MF1',201,8,192759
'15MF1',201,8,193600
'15MF1',201,8,194300
'15MF1',201,8,195000
'15MF1',201,8,195759
'15MF1',201,8,200500
'15MF1',201,8,201200
'15MF1',201,8,202100
'15MF1',201,8,202859
'15MF1',201,8,203759
'15MF1',201,8,204600
'15MF1',201,8,205500
'15MF1',201,8,210259
'15MF1',201,8,211159
'15MF1',201,8,212000
'15MF1',201,8,212900
'15MF1',201,8,213659
'15MF1',201,8,214559
'15MF1',201,8,215400
'15MF1',201,8,220300
'15MF1',201,8,221100
'15MF1',201,8,222000
'15MF1',201,8,222759
'15MF1',201,8,223659
'15MF1',201,8,224500
'15MF1',201,8,225400
'15MF1',201,8,230159
'15MF1',201,8,231200
'15MF1',201,8,232100
'15MF1',201,8,233000
'15MF1',201,8,233900
'15MF1',201,8,234859
'15MF1',201,8,235759
'15MF1',201,8,240659
'15MF1',201,8,241700
'15MF1',201,8,242700
'15MF1',201,8,243659
'15MF1',201,8,244700
'15MF1',201,8,250059
'15MF2',200,8,53959
'15MF2',200,8,54800
'15MF2',200,8,55700
'15MF2',200,8,60459
'15MF2',200,8,61300
'15MF2',200,8,62059
'15MF2',200,8,62900
'15MF2',200,8,63600
'15MF2',200,8,64400
'15MF2',200,8,65159
'15MF2',200,8,70000
'15MF2',200,8,70759
'15MF2',200,8,71600
'15MF2',200,8,72300
'15MF2',200,8,73059
'15MF2',200,8,73800
'15MF2',200,8,74500
'15MF2',200,8,75200
'15MF2',200,8,75959
'15MF2',200,8,80659
'15MF2',200,8,81400
'15MF2',200,8,82100
'15MF2',200,8,82859
'15MF2',200,8,83559
'15MF2',200,8,84259
'15MF2',200,8,85000
'15MF2',200,8,85759
'15MF2',200,8,90459
'15MF2',200,8,91159
'15MF2',200,8,91859
'15MF2',200,8,92700
'15MF2',200,8,93359
'15MF2',200,8,94059
'15MF2',200,8,94759
'15MF2',200,8,95600
'15MF2',200,8,100300
'15MF2',200,8,100959
'15MF2',200,8,101659
'15MF2',200,8,102500
'15MF2',200,8,103200
'15MF2',200,8,103900
'15MF2',200,8,104559
'15MF2',200,8,105200
'15MF2',200,8,105759
'15MF2',200,8,110500
'15MF2',200,8,111059
'15MF2',200,8,111759
'15MF2',200,8,112400
'15MF2',200,8,113000
'15MF2',200,8,113700
'15MF2',200,8,114259
'15MF2',200,8,115000
'15MF2',200,8,115559
'15MF2',200,8,120259
'15MF2',200,8,120900
'15MF2',200,8,121500
'15MF2',200,8,122200
'15MF2',200,8,122759
'15MF2',200,8,123359
'15MF2',200,8,124000
'15MF2',200,8,124559
'15MF2',200,8,125159
'15MF2',200,8,125659
'15MF2',200,8,130300
'15MF2',200,8,130900
'15MF2',200,8,131459
'15MF2',200,8,132000
'15MF2',200,8,132559
'15MF2',200,8,133200
'15MF2',200,8,133800
'15MF2',200,8,134300
'15MF2',200,8,134859
'15MF2',200,8,135459
'15MF2',200,8,140100
'15MF2',200,8,140600
'15MF2',200,8,141200
'15MF2',200,8,141759
'15MF2',200,8,142400
'15MF2',200,8,142859
'15MF2',200,8,143500
'15MF2',200,8,144100
'15MF2',200,8,144659
'15MF2',200,8,145159
'15MF2',200,8,145759
'15MF2',200,8,150400
'15MF2',200,8,150959
'15MF2',200,8,151500
'15MF2',200,8,152059
'15MF2',200,8,152700
'15MF2',200,8,153300
'15MF2',200,8,153800
'15MF2',200,8,154400
'15MF2',200,8,154959
'15MF2',200,8,155600
'15MF2',200,8,160059
'15MF2',200,8,160700
'15MF2',200,8,161259
'15MF2',200,8,161859
'15MF2',200,8,162359
'15MF2',200,8,163000
'15MF2',200,8,163600
'15MF2',200,8,164159
'15MF2',200,8,164700
'15MF2',200,8,165259
'15MF2',200,8,165900
'15MF2',200,8,170500
'15MF2',200,8,171000
'15MF2',200,8,171559
'15MF2',200,8,172159
'15MF2',200,8,172800
'15MF2',200,8,173300
'15MF2',200,8,173900
'15MF2',200,8,174459
'15MF2',200,8,175100
'15MF2',200,8,175700
'15MF2',200,8,180400
'15MF2',200,8,180959
'15MF2',200,8,181559
'15MF2',200,8,182259
'15MF2',200,8,182900
'15MF2',200,8,183600
'15MF2',200,8,184200
'15MF2',200,8,184759
'15MF2',200,8,185459
'15MF2',200,8,190200
'15MF2',200,8,190900
'15MF2',200,8,191659
'15MF2',200,8,192359
'15MF2',200,8,193059
'15MF2',200,8,193900
'15MF2',200,8,194559
'15MF2',200,8,195259
'15MF2',200,8,200100
'15MF2',200,8,200859
'15MF2',200,8,201759
'15MF2',200,8,202600
'15MF2',200,8,203500
'15MF2',200,8,204259
'15MF2',200,8,205159
'15MF2',200,8,210000
'15MF2',200,8,210900
'15MF2',200,8,211700
'15MF2',200,8,212600
'15MF2',200,8,213359
'15MF2',200,8,214259
'15MF2',200,8,215100
'15MF2',200,8,220000
'15MF2',200,8,220900
'15MF2',200,8,221800
'15MF2',200,8,222700
'15MF2',200,8,223659
'15MF2',200,8,224559
'15MF2',200,8,225459
'15MF2',200,8,230359
'15MF2',200,8,231500
'15MF2',200,8,232459
'15MF2',200,8,233500
'15MF2',200,8,234459
'15MF2',200,8,235500
'15MF2',200,8,240459
'15MF2',200,8,241559
'15MF2',200,8,242600
'15MF2',200,8,243659
'15MF2',200,8,244900
'15MF2',201,8,55759
'15MF2',201,8,60459
'15MF2',201,8,61300
'15MF2',201,8,62059
'15MF2',201,8,62900
'15MF2',201,8,63659
'15MF2',201,8,64500
'15MF2',201,8,65159
'15MF2',201,8,70000
'15MF2',201,8,70759
'15MF2',201,8,71600
'15MF2',201,8,72359
'15MF2',201,8,73200
'15MF2',201,8,73900
'15MF2',201,8,74700
'15MF2',201,8,75459
'15MF2',201,8,80300
'15MF2',201,8,81059
'15MF2',201,8,81759
'15MF2',201,8,82600
'15MF2',201,8,83300
'15MF2',201,8,83959
'15MF2',201,8,84659
'15MF2',201,8,85500
'15MF2',201,8,90200
'15MF2',201,8,90900
'15MF2',201,8,91559
'15MF2',201,8,92400
'15MF2',201,8,93100
'15MF2',201,8,93800
'15MF2',201,8,94500
'15MF2',201,8,95300
'15MF2',201,8,100000
'15MF2',201,8,100700
'15MF2',201,8,101400
'15MF2',201,8,102159
'15MF2',201,8,102900
'15MF2',201,8,103600
'15MF2',201,8,104359
'15MF2',201,8,105059
'15MF2',201,8,105700
'15MF2',201,8,110359
'15MF2',201,8,111000
'15MF2',201,8,111700
'15MF2',201,8,112300
'15MF2',201,8,112859
'15MF2',201,8,113559
'15MF2',201,8,114200
'15MF2',201,8,114859
'15MF2',201,8,115500
'15MF2',201,8,120059
'15MF2',201,8,120800
'15MF2',201,8,121359
'15MF2',201,8,122059
'15MF2',201,8,122700
'15MF2',201,8,123359
'15MF2',201,8,124000
'15MF2',201,8,124559
'15MF2',201,8,125159
'15MF2',201,8,125800
'15MF2',201,8,130300
'15MF2',201,8,130900
'15MF2',201,8,131459
'15MF2',201,8,132100
'15MF2',201,8,132559
'15MF2',201,8,133200
'15MF2',201,8,133800
'15MF2',201,8,134359
'15MF2',201,8,134859
'15MF2',201,8,135459
'15MF2',201,8,140100
'15MF2',201,8,140659
'15MF2',201,8,141200
'15MF2',201,8,141759
'15MF2',201,8,142400
'15MF2',201,8,143000
'15MF2',201,8,143500
'15MF2',201,8,144100
'15MF2',201,8,144659
'15MF2',201,8,145300
'15MF2',201,8,145759
'15MF2',201,8,150400
'15MF2',201,8,150959
'15MF2',201,8,151559
'15MF2',201,8,152059
'15MF2',201,8,152700
'15MF2',201,8,153300
'15MF2',201,8,153859
'15MF2',201,8,154400
'15MF2',201,8,154959
'15MF2',201,8,155600
'15MF2',201,8,160200
'15MF2',201,8,160700
'15MF2',201,8,161259
'15MF2',201,8,161859
'15MF2',201,8,162500
'15MF2',201,8,163000
'15MF2',201,8,163600
'15MF2',201,8,164159
'15MF2',201,8,164800
'15MF2',201,8,165259
'15MF2',201,8,165900
'15MF2',201,8,170500
'15MF2',201,8,171059
'15MF2',201,8,171559
'15MF2',201,8,172159
'15MF2',201,8,172800
'15MF2',201,8,173359
'15MF2',201,8,173900
'15MF2',201,8,174459
'15MF2',201,8,175100
'15MF2',201,8,175700
'15MF2',201,8,180259
'15MF2',201,8,180900
'15MF2',201,8,181500
'15MF2',201,8,182200
'15MF2',201,8,182759
'15MF2',201,8,183500
'15MF2',201,8,184059
'15MF2',201,8,184700
'15MF2',201,8,185400
'15MF2',201,8,190000
'15MF2',201,8,190700
'15MF2',201,8,191400
'15MF2',201,8,192100
'15MF2',201,8,192759
'15MF2',201,8,193600
'15MF2',201,8,194300
'15MF2',201,8,195000
'15MF2',201,8,195759
'15MF2',201,8,200500
'15MF2',201,8,201200
'15MF2',201,8,202100
'15MF2',201,8,202859
'15MF2',201,8,203759
'15MF2',201,8,204600
'15MF2',201,8,205500
'15MF2',201,8,210259
'15MF2',201,8,211159
'15MF2',201,8,212000
'15MF2',201,8,212900
'15MF2',201,8,213659
'15MF2',201,8,214559
'15MF2',201,8,215400
'15MF2',201,8,220300
'15MF2',201,8,221100
'15MF2',201,8,222000
'15MF2',201,8,222759
'15MF2',201,8,223659
'15MF2',201,8,224500
'15MF2',201,8,225400
'15MF2',201,8,230159
'15MF2',201,8,231200
'15MF2',201,8,232100
'15MF2',201,8,233000
'15MF2',201,8,233900
'15MF2',201,8,234859
'15MF2',201,8,235759
'15MF2',201,8,240659
'15MF2',201,8,241700
'15MF2',201,8,242700
'15MF2',201,8,243659
'15MF2',201,8,244700
'15MF2',201,8,250059
'15MF3',200,8,53959
'15MF3',200,8,55000
'15MF3',200,8,60000
'15MF3',200,8,60959
'15MF3',200,8,62000
'15MF3',200,8,62959
'15MF3',200,8,64059
'15MF3',200,8,65100
'15MF3',200,8,70059
'15MF3',200,8,71100
'15MF3',200,8,72000
'15MF3',200,8,72900
'15MF3',200,8,73900
'15MF3',200,8,74800
'15MF3',200,8,75700
'15MF3',200,8,80600
'15MF3',200,8,81559
'15MF3',200,8,82459
'15MF3',200,8,83359
'15MF3',200,8,84259
'15MF3',200,8,85300
'15MF3',200,8,90200
'15MF3',200,8,91100
'15MF3',200,8,92000
'15MF3',200,8,92959
'15MF3',200,8,93859
'15MF3',200,8,94759
'15MF3',200,8,95600
'15MF3',200,8,100500
'15MF3',200,8,101400
'15MF3',200,8,102159
'15MF3',200,8,103059
'15MF3',200,8,103900
'15MF3',200,8,104800
'15MF3',200,8,105700
'15MF3',200,8,110500
'15MF3',200,8,111400
'15MF3',200,8,112159
'15MF3',200,8,113059
'15MF3',200,8,113959
'15MF3',200,8,114800
'15MF3',200,8,115500
'15MF3',200,8,120259
'15MF3',200,8,121100
'15MF3',200,8,121859
'15MF3',200,8,122700
'15MF3',200,8,123500
'15MF3',200,8,124259
'15MF3',200,8,125100
'15MF3',200,8,125859
'15MF3',200,8,130700
'15MF3',200,8,131459
'15MF3',200,8,132159
'15MF3',200,8,132900
'15MF3',200,8,133600
'15MF3',200,8,134300
'15MF3',200,8,135000
'15MF3',200,8,135600
'15MF3',200,8,140300
'15MF3',200,8,141000
'15MF3',200,8,141700
'15MF3',200,8,142400
'15MF3',200,8,143059
'15MF3',200,8,143700
'15MF3',200,8,144400
'15MF3',200,8,145100
'15MF3',200,8,145759
'15MF3',200,8,150459
'15MF3',200,8,151159
'15MF3',200,8,151800
'15MF3',200,8,152459
'15MF3',200,8,153159
'15MF3',200,8,153859
'15MF3',200,8,154559
'15MF3',200,8,155300
'15MF3',200,8,155859
'15MF3',200,8,160559
'15MF3',200,8,161259
'15MF3',200,8,162000
'15MF3',200,8,162700
'15MF3',200,8,163400
'15MF3',200,8,163959
'15MF3',200,8,164700
'15MF3',200,8,165400
'15MF3',200,8,170100
'15MF3',200,8,170800
'15MF3',200,8,171500
'15MF3',200,8,172100
'15MF3',200,8,172859
'15MF3',200,8,173559
'15MF3',200,8,174259
'15MF3',200,8,175100
'15MF3',200,8,175759
'15MF3',200,8,180459
'15MF3',200,8,181300
'15MF3',200,8,182000
'15MF3',200,8,182700
'15MF3',200,8,183500
'15MF3',200,8,184200
'15MF3',200,8,184900
'15MF3',200,8,185659
'15MF3',200,8,190500
'15MF3',200,8,191259
'15MF3',200,8,192100
'15MF3',200,8,192759
'15MF3',200,8,193600
'15MF3',200,8,194359
'15MF3',200,8,195200
'15MF3',200,8,195959
'15MF3',200,8,200800
'15MF3',200,8,201500
'15MF3',200,8,202300
'15MF3',200,8,203200
'15MF3',200,8,203959
'15MF3',200,8,204859
'15MF3',200,8,205700
'15MF3',200,8,210600
'15MF3',200,8,211359
'15MF3',200,8,212259
'15MF3',200,8,213100
'15MF3',200,8,214000
'15MF3',200,8,214759
'15MF3',200,8,215659
'15MF3',200,8,220559
'15MF3',200,8,221459
'15MF3',200,8,222500
'15MF3',200,8,223400
'15MF3',200,8,224300
'15MF3',200,8,225259
'15MF3',200,8,230300
'15MF3',200,8,231400
'15MF3',200,8,232400
'15MF3',200,8,233359
'15MF3',200,8,234400
'15MF3',200,8,235359
'15MF3',200,8,240400
'15MF3',200,8,241500
'15MF3',200,8,242600
'15MF3',200,8,243659
'15MF3',200,8,244900
'15MF3',201,8,55759
'15MF3',201,8,60900
'15MF3',201,8,62000
'15MF3',201,8,63100
'15MF3',201,8,64200
'15MF3',201,8,65159
'15MF3',201,8,70200
'15MF3',201,8,71200
'15MF3',201,8,72300
'15MF3',201,8,73259
'15MF3',201,8,74300
'15MF3',201,8,75259
'15MF3',201,8,80300
'15MF3',201,8,81259
'15MF3',201,8,82300
'15MF3',201,8,83200
'15MF3',201,8,84100
'15MF3',201,8,85000
'15MF3',201,8,90000
'15MF3',201,8,90900
'15MF3',201,8,91700
'15MF3',201,8,92600
'15MF3',201,8,93359
'15MF3',201,8,94259
'15MF3',201,8,95159
'15MF3',201,8,100000
'15MF3',201,8,100900
'15MF3',201,8,101659
'15MF3',201,8,102559
'15MF3',201,8,103400
'15MF3',201,8,104300
'15MF3',201,8,105200
'15MF3',201,8,105959
'15MF3',201,8,110859
'15MF3',201,8,111759
'15MF3',201,8,112600
'15MF3',201,8,113500
'15MF3',201,8,114259
'15MF3',201,8,115159
'15MF3',201,8,120000
'15MF3',201,8,120900
'15MF3',201,8,121800
'15MF3',201,8,122600
'15MF3',201,8,123500
'15MF3',201,8,124259
'15MF3',201,8,125100
'15MF3',201,8,125859
'15MF3',201,8,130559
'15MF3',201,8,131400
'15MF3',201,8,132159
'15MF3',201,8,133000
'15MF3',201,8,133800
'15MF3',201,8,134559
'15MF3',201,8,135400
'15MF3',201,8,140159
'15MF3',201,8,141000
'15MF3',201,8,141759
'15MF3',201,8,142459
'15MF3',201,8,143200
'15MF3',201,8,143900
'15MF3',201,8,144600
'15MF3',201,8,145300
'15MF3',201,8,150000
'15MF3',201,8,150600
'15MF3',201,8,151300
'15MF3',201,8,152000
'15MF3',201,8,152700
'15MF3',201,8,153359
'15MF3',201,8,154059
'15MF3',201,8,154700
'15MF3',201,8,155400
'15MF3',201,8,160059
'15MF3',201,8,160759
'15MF3',201,8,161459
'15MF3',201,8,162159
'15MF3',201,8,162759
'15MF3',201,8,163459
'15MF3',201,8,164159
'15MF3',201,8,164859
'15MF3',201,8,165600
'15MF3',201,8,170300
'15MF3',201,8,170859
'15MF3',201,8,171559
'15MF3',201,8,172300
'15MF3',201,8,173000
'15MF3',201,8,173700
'15MF3',201,8,174259
'15MF3',201,8,175000
'15MF3',201,8,175700
'15MF3',201,8,180400
'15MF3',201,8,181100
'15MF3',201,8,181800
'15MF3',201,8,182459
'15MF3',201,8,183159
'15MF3',201,8,184000
'15MF3',201,8,184700
'15MF3',201,8,185400
'15MF3',201,8,190200
'15MF3',201,8,190900
'15MF3',201,8,191600
'15MF3',201,8,192359
'15MF3',201,8,193059
'15MF3',201,8,193800
'15MF3',201,8,194559
'15MF3',201,8,195259
'15MF3',201,8,195959
'15MF3',201,8,200800
'15MF3',201,8,201559
'15MF3',201,8,202400
'15MF3',201,8,203200
'15MF3',201,8,203900
'15MF3',201,8,204659
'15MF3',201,8,205500
'15MF3',201,8,210259
'15MF3',201,8,211100
'15MF3',201,8,211859
'15MF3',201,8,212600
'15MF3',201,8,213500
'15MF3',201,8,214259
'15MF3',201,8,215159
'15MF3',201,8,220000
'15MF3',201,8,220900
'15MF3',201,8,221659
'15MF3',201,8,222559
'15MF3',201,8,223400
'15MF3',201,8,224300
'15MF3',201,8,225059
'15MF3',201,8,225959
'15MF3',201,8,230859
'15MF3',201,8,231759
'15MF3',201,8,232800
'15MF3',201,8,233700
'15MF3',201,8,234659
'15MF3',201,8,235700
'15MF3',201,8,240659
'15MF3',201,8,241700
'15MF3',201,8,242700
'15MF3',201,8,243659
'15MF3',201,8,244700
'15MF3',201,8,250059
'15MI',200,8,53959
'15MI',200,8,55000
'15MI',200,8,60000
'15MI',200,8,60959
'15MI',200,8,62000
'15MI',200,8,62959
'15MI',200,8,64059
'15MI',200,8,65100
'15MI',200,8,70059
'15MI',200,8,71100
'15MI',200,8,72000
'15MI',200,8,72900
'15MI',200,8,73900
'15MI',200,8,74800
'15MI',200,8,75700
'15MI',200,8,80600
'15MI',200,8,81559
'15MI',200,8,82459
'15MI',200,8,83359
'15MI',200,8,84259
'15MI',200,8,85300
'15MI',200,8,90200
'15MI',200,8,91100
'15MI',200,8,92000
'15MI',200,8,92959
'15MI',200,8,93859
'15MI',200,8,94759
'15MI',200,8,95600
'15MI',200,8,100500
'15MI',200,8,101400
'15MI',200,8,102159
'15MI',200,8,103059
'15MI',200,8,103900
'15MI',200,8,104800
'15MI',200,8,105700
'15MI',200,8,110500
'15MI',200,8,111400
'15MI',200,8,112159
'15MI',200,8,113059
'15MI',200,8,113959
'15MI',200,8,114800
'15MI',200,8,115500
'15MI',200,8,120259
'15MI',200,8,121100
'15MI',200,8,121859
'15MI',200,8,122700
'15MI',200,8,123500
'15MI',200,8,124259
'15MI',200,8,125100
'15MI',200,8,125859
'15MI',200,8,130700
'15MI',200,8,131459
'15MI',200,8,132159
'15MI',200,8,132900
'15MI',200,8,133600
'15MI',200,8,134300
'15MI',200,8,135000
'15MI',200,8,135600
'15MI',200,8,140300
'15MI',200,8,141000
'15MI',200,8,141700
'15MI',200,8,142400
'15MI',200,8,143059
'15MI',200,8,143700
'15MI',200,8,144400
'15MI',200,8,145100
'15MI',200,8,145759
'15MI',200,8,150459
'15MI',200,8,151159
'15MI',200,8,151800
'15MI',200,8,152459
'15MI',200,8,153159
'15MI',200,8,153859
'15MI',200,8,154559
'15MI',200,8,155300
'15MI',200,8,155859
'15MI',200,8,160559
'15MI',200,8,161259
'15MI',200,8,162000
'15MI',200,8,162700
'15MI',200,8,163400
'15MI',200,8,163959
'15MI',200,8,164700
'15MI',200,8,165400
'15MI',200,8,170100
'15MI',200,8,170800
'15MI',200,8,171500
'15MI',200,8,172100
'15MI',200,8,172859
'15MI',200,8,173559
'15MI',200,8,174259
'15MI',200,8,175100
'15MI',200,8,175759
'15MI',200,8,180459
'15MI',200,8,181300
'15MI',200,8,182000
'15MI',200,8,182700
'15MI',200,8,183500
'15MI',200,8,184200
'15MI',200,8,184900
'15MI',200,8,185659
'15MI',200,8,190500
'15MI',200,8,191259
'15MI',200,8,192100
'15MI',200,8,192759
'15MI',200,8,193600
'15MI',200,8,194359
'15MI',200,8,195200
'15MI',200,8,195959
'15MI',200,8,200800
'15MI',200,8,201500
'15MI',200,8,202300
'15MI',200,8,203200
'15MI',200,8,203959
'15MI',200,8,204859
'15MI',200,8,205700
'15MI',200,8,210600
'15MI',200,8,211359
'15MI',200,8,212259
'15MI',200,8,213100
'15MI',200,8,214000
'15MI',200,8,214759
'15MI',200,8,215659
'15MI',200,8,220559
'15MI',200,8,221459
'15MI',200,8,222500
'15MI',200,8,223400
'15MI',200,8,224300
'15MI',200,8,225259
'15MI',200,8,230300
'15MI',200,8,231400
'15MI',200,8,232400
'15MI',200,8,233359
'15MI',200,8,234400
'15MI',200,8,235359
'15MI',200,8,240400
'15MI',200,8,241500
'15MI',200,8,242600
'15MI',200,8,243659
'15MI',200,8,244900
'15MI',201,8,55759
'15MI',201,8,60900
'15MI',201,8,62000
'15MI',201,8,63100
'15MI',201,8,64200
'15MI',201,8,65159
'15MI',201,8,70200
'15MI',201,8,71200
'15MI',201,8,72300
'15MI',201,8,73259
'15MI',201,8,74300
'15MI',201,8,75259
'15MI',201,8,80300
'15MI',201,8,81259
'15MI',201,8,82300
'15MI',201,8,83200
'15MI',201,8,84100
'15MI',201,8,85000
'15MI',201,8,90000
'15MI',201,8,90900
'15MI',201,8,91700
'15MI',201,8,92600
'15MI',201,8,93359
'15MI',201,8,94259
'15MI',201,8,95159
'15MI',201,8,100000
'15MI',201,8,100900
'15MI',201,8,101659
'15MI',201,8,102559
'15MI',201,8,103400
'15MI',201,8,104300
'15MI',201,8,105200
'15MI',201,8,105959
'15MI',201,8,110859
'15MI',201,8,111759
'15MI',201,8,112600
'15MI',201,8,113500
'15MI',201,8,114259
'15MI',201,8,115159
'15MI',201,8,120000
'15MI',201,8,120900
'15MI',201,8,121800
'15MI',201,8,122600
'15MI',201,8,123500
'15MI',201,8,124259
'15MI',201,8,125100
'15MI',201,8,125859
'15MI',201,8,130559
'15MI',201,8,131400
'15MI',201,8,132159
'15MI',201,8,133000
'15MI',201,8,133800
'15MI',201,8,134559
'15MI',201,8,135400
'15MI',201,8,140159
'15MI',201,8,141000
'15MI',201,8,141759
'15MI',201,8,142459
'15MI',201,8,143200
'15MI',201,8,143900
'15MI',201,8,144600
'15MI',201,8,145300
'15MI',201,8,150000
'15MI',201,8,150600
'15MI',201,8,151300
'15MI',201,8,152000
'15MI',201,8,152700
'15MI',201,8,153359
'15MI',201,8,154059
'15MI',201,8,154700
'15MI',201,8,155400
'15MI',201,8,160059
'15MI',201,8,160759
'15MI',201,8,161459
'15MI',201,8,162159
'15MI',201,8,162759
'15MI',201,8,163459
'15MI',201,8,164159
'15MI',201,8,164859
'15MI',201,8,165600
'15MI',201,8,170300
'15MI',201,8,170859
'15MI',201,8,171559
'15MI',201,8,172300
'15MI',201,8,173000
'15MI',201,8,173700
'15MI',201,8,174259
'15MI',201,8,175000
'15MI',201,8,175700
'15MI',201,8,180400
'15MI',201,8,181100
'15MI',201,8,181800
'15MI',201,8,182459
'15MI',201,8,183159
'15MI',201,8,184000
'15MI',201,8,184700
'15MI',201,8,185400
'15MI',201,8,190200
'15MI',201,8,190900
'15MI',201,8,191600
'15MI',201,8,192359
'15MI',201,8,193059
'15MI',201,8,193800
'15MI',201,8,194559
'15MI',201,8,195259
'15MI',201,8,195959
'15MI',201,8,200800
'15MI',201,8,201559
'15MI',201,8,202400
'15MI',201,8,203200
'15MI',201,8,203900
'15MI',201,8,204659
'15MI',201,8,205500
'15MI',201,8,210259
'15MI',201,8,211100
'15MI',201,8,211859
'15MI',201,8,212600
'15MI',201,8,213500
'15MI',201,8,214259
'15MI',201,8,215159
'15MI',201,8,220000
'15MI',201,8,220900
'15MI',201,8,221659
'15MI',201,8,222559
'15MI',201,8,223400
'15MI',201,8,224300
'15MI',201,8,225059
'15MI',201,8,225959
'15MI',201,8,230859
'15MI',201,8,231759
'15MI',201,8,232800
'15MI',201,8,233700
'15MI',201,8,234659
'15MI',201,8,235700
'15MI',201,8,240659
'15MI',201,8,241700
'15MI',201,8,242700
'15MI',201,8,243659
'15MI',201,8,244700
'15MI',201,8,250059
'15MS',200,8,53959
'15MS',200,8,54800
'15MS',200,8,55559
'15MS',200,8,60400
'15MS',200,8,61159
'15MS',200,8,62000
'15MS',200,8,62759
'15MS',200,8,63500
'15MS',200,8,64000
'15MS',200,8,64559
'15MS',200,8,65100
'15MS',200,8,65459
'15MS',200,8,65859
'15MS',200,8,70300
'15MS',200,8,70700
'15MS',200,8,70959
'15MS',200,8,71400
'15MS',200,8,71659
'15MS',200,8,72100
'15MS',200,8,72359
'15MS',200,8,72759
'15MS',200,8,73059
'15MS',200,8,73459
'15MS',200,8,73800
'15MS',200,8,74100
'15MS',200,8,74500
'15MS',200,8,74800
'15MS',200,8,75059
'15MS',200,8,75459
'15MS',200,8,75700
'15MS',200,8,75959
'15MS',200,8,80300
'15MS',200,8,80600
'15MS',200,8,80859
'15MS',200,8,81200
'15MS',200,8,81400
'15MS',200,8,81700
'15MS',200,8,81959
'15MS',200,8,82159
'15MS',200,8,82400
'15MS',200,8,82659
'15MS',200,8,82859
'15MS',200,8,83200
'15MS',200,8,83500
'15MS',200,8,83700
'15MS',200,8,83959
'15MS',200,8,84259
'15MS',200,8,84600
'15MS',200,8,84859
'15MS',200,8,85159
'15MS',200,8,85559
'15MS',200,8,85900
'15MS',200,8,90259
'15MS',200,8,90659
'15MS',200,8,91100
'15MS',200,8,91359
'15MS',200,8,91800
'15MS',200,8,92259
'15MS',200,8,92700
'15MS',200,8,93159
'15MS',200,8,93600
'15MS',200,8,94059
'15MS',200,8,94559
'15MS',200,8,95100
'15MS',200,8,95659
'15MS',200,8,100200
'15MS',200,8,100759
'15MS',200,8,101400
'15MS',200,8,102000
'15MS',200,8,102559
'15MS',200,8,103200
'15MS',200,8,103800
'15MS',200,8,104359
'15MS',200,8,105000
'15MS',200,8,105600
'15MS',200,8,110159
'15MS',200,8,110800
'15MS',200,8,111400
'15MS',200,8,111959
'15MS',200,8,112600
'15MS',200,8,113200
'15MS',200,8,113759
'15MS',200,8,114400
'15MS',200,8,115000
'15MS',200,8,115559
'15MS',200,8,120200
'15MS',200,8,120800
'15MS',200,8,121359
'15MS',200,8,122000
'15MS',200,8,122600
'15MS',200,8,123159
'15MS',200,8,123800
'15MS',200,8,124400
'15MS',200,8,124959
'15MS',200,8,125600
'15MS',200,8,130200
'15MS',200,8,130759
'15MS',200,8,131400
'15MS',200,8,132000
'15MS',200,8,132559
'15MS',200,8,133200
'15MS',200,8,133800
'15MS',200,8,134359
'15MS',200,8,135000
'15MS',200,8,135600
'15MS',200,8,140159
'15MS',200,8,140800
'15MS',200,8,141400
'15MS',200,8,141959
'15MS',200,8,142600
'15MS',200,8,143200
'15MS',200,8,143759
'15MS',200,8,144400
'15MS',200,8,144859
'15MS',200,8,145300
'15MS',200,8,145759
'15MS',200,8,150200
'15MS',200,8,150659
'15MS',200,8,151100
'15MS',200,8,151559
'15MS',200,8,152000
'15MS',200,8,152459
'15MS',200,8,152900
'15MS',200,8,153300
'15MS',200,8,153659
'15MS',200,8,154000
'15MS',200,8,154400
'15MS',200,8,154700
'15MS',200,8,154959
'15MS',200,8,155300
'15MS',200,8,155600
'15MS',200,8,155859
'15MS',200,8,160200
'15MS',200,8,160500
'15MS',200,8,160759
'15MS',200,8,161100
'15MS',200,8,161259
'15MS',200,8,161659
'15MS',200,8,161859
'15MS',200,8,162159
'15MS',200,8,162500
'15MS',200,8,162759
'15MS',200,8,163059
'15MS',200,8,163400
'15MS',200,8,163800
'15MS',200,8,164100
'15MS',200,8,164359
'15MS',200,8,164800
'15MS',200,8,165059
'15MS',200,8,165400
'15MS',200,8,165759
'15MS',200,8,170100
'15MS',200,8,170500
'15MS',200,8,170800
'15MS',200,8,171200
'15MS',200,8,171500
'15MS',200,8,171900
'15MS',200,8,172400
'15MS',200,8,173000
'15MS',200,8,173500
'15MS',200,8,173959
'15MS',200,8,174600
'15MS',200,8,175100
'15MS',200,8,175559
'15MS',200,8,180200
'15MS',200,8,180659
'15MS',200,8,181159
'15MS',200,8,181800
'15MS',200,8,182259
'15MS',200,8,182759
'15MS',200,8,183300
'15MS',200,8,183859
'15MS',200,8,184400
'15MS',200,8,184900
'15MS',200,8,185459
'15MS',200,8,190000
'15MS',200,8,190500
'15MS',200,8,191100
'15MS',200,8,191600
'15MS',200,8,192159
'15MS',200,8,192700
'15MS',200,8,193259
'15MS',200,8,193800
'15MS',200,8,194300
'15MS',200,8,194859
'15MS',200,8,195459
'15MS',200,8,200100
'15MS',200,8,200800
'15MS',200,8,201400
'15MS',200,8,202100
'15MS',200,8,202659
'15MS',200,8,203359
'15MS',200,8,203959
'15MS',200,8,204659
'15MS',200,8,205300
'15MS',200,8,210000
'15MS',200,8,210659
'15MS',200,8,211300
'15MS',200,8,212000
'15MS',200,8,212700
'15MS',200,8,213359
'15MS',200,8,214059
'15MS',200,8,214759
'15MS',200,8,215400
'15MS',200,8,220059
'15MS',200,8,220759
'15MS',200,8,221459
'15MS',200,8,222159
'15MS',200,8,222900
'15MS',200,8,223459
'15MS',200,8,224159
'15MS',200,8,225000
'15MS',200,8,225759
'15MS',200,8,230600
'15MS',200,8,231400
'15MS',200,8,232100
'15MS',200,8,232859
'15MS',200,8,233700
'15MS',200,8,234459
'15MS',200,8,235300
'15MS',200,8,240059
'15MS',200,8,240800
'15MS',200,8,241559
'15MS',200,8,242400
'15MS',200,8,243159
'15MS',200,8,244000
'15MS',200,8,244900
'15MS',201,8,55759
'15MS',201,8,60600
'15MS',201,8,61359
'15MS',201,8,62200
'15MS',201,8,62959
'15MS',201,8,63800
'15MS',201,8,64559
'15MS',201,8,65300
'15MS',201,8,65859
'15MS',201,8,70500
'15MS',201,8,71100
'15MS',201,8,71659
'15MS',201,8,72300
'15MS',201,8,72759
'15MS',201,8,73200
'15MS',201,8,73600
'15MS',201,8,73959
'15MS',201,8,74359
'15MS',201,8,74800
'15MS',201,8,75200
'15MS',201,8,75600
'15MS',201,8,75959
'15MS',201,8,80359
'15MS',201,8,80800
'15MS',201,8,81059
'15MS',201,8,81500
'15MS',201,8,81900
'15MS',201,8,82159
'15MS',201,8,82600
'15MS',201,8,82859
'15MS',201,8,83300
'15MS',201,8,83559
'15MS',201,8,83959
'15MS',201,8,84259
'15MS',201,8,84600
'15MS',201,8,84859
'15MS',201,8,85300
'15MS',201,8,85559
'15MS',201,8,85900
'15MS',201,8,90200
'15MS',201,8,90459
'15MS',201,8,90900
'15MS',201,8,91159
'15MS',201,8,91500
'15MS',201,8,91800
'15MS',201,8,92059
'15MS',201,8,92459
'15MS',201,8,92759
'15MS',201,8,93100
'15MS',201,8,93500
'15MS',201,8,93800
'15MS',201,8,94200
'15MS',201,8,94500
'15MS',201,8,94759
'15MS',201,8,95159
'15MS',201,8,95459
'15MS',201,8,95800
'15MS',201,8,100200
'15MS',201,8,100500
'15MS',201,8,100900
'15MS',201,8,101400
'15MS',201,8,101859
'15MS',201,8,102359
'15MS',201,8,102900
'15MS',201,8,103400
'15MS',201,8,103900
'15MS',201,8,104359
'15MS',201,8,104859
'15MS',201,8,105400
'15MS',201,8,105959
'15MS',201,8,110500
'15MS',201,8,111059
'15MS',201,8,111700
'15MS',201,8,112300
'15MS',201,8,112859
'15MS',201,8,113500
'15MS',201,8,114100
'15MS',201,8,114659
'15MS',201,8,115300
'15MS',201,8,115900
'15MS',201,8,120459
'15MS',201,8,121100
'15MS',201,8,121700
'15MS',201,8,122259
'15MS',201,8,122900
'15MS',201,8,123500
'15MS',201,8,124059
'15MS',201,8,124700
'15MS',201,8,125300
'15MS',201,8,125859
'15MS',201,8,130500
'15MS',201,8,131100
'15MS',201,8,131659
'15MS',201,8,132300
'15MS',201,8,132900
'15MS',201,8,133459
'15MS',201,8,134100
'15MS',201,8,134700
'15MS',201,8,135259
'15MS',201,8,135900
'15MS',201,8,140500
'15MS',201,8,141059
'15MS',201,8,141700
'15MS',201,8,142300
'15MS',201,8,142859
'15MS',201,8,143500
'15MS',201,8,144100
'15MS',201,8,144659
'15MS',201,8,145300
'15MS',201,8,145900
'15MS',201,8,150600
'15MS',201,8,151159
'15MS',201,8,151859
'15MS',201,8,152459
'15MS',201,8,152959
'15MS',201,8,153359
'15MS',201,8,153859
'15MS',201,8,154259
'15MS',201,8,154700
'15MS',201,8,155100
'15MS',201,8,155459
'15MS',201,8,155859
'15MS',201,8,160300
'15MS',201,8,160700
'15MS',201,8,161100
'15MS',201,8,161459
'15MS',201,8,161800
'15MS',201,8,162159
'15MS',201,8,162500
'15MS',201,8,162900
'15MS',201,8,163200
'15MS',201,8,163600
'15MS',201,8,163900
'15MS',201,8,164300
'15MS',201,8,164559
'15MS',201,8,164859
'15MS',201,8,165059
'15MS',201,8,165400
'15MS',201,8,165700
'15MS',201,8,165959
'15MS',201,8,170159
'15MS',201,8,170500
'15MS',201,8,170800
'15MS',201,8,171059
'15MS',201,8,171259
'15MS',201,8,171559
'15MS',201,8,171900
'15MS',201,8,172159
'15MS',201,8,172400
'15MS',201,8,172659
'15MS',201,8,173000
'15MS',201,8,173359
'15MS',201,8,173700
'15MS',201,8,173959
'15MS',201,8,174400
'15MS',201,8,174659
'15MS',201,8,175100
'15MS',201,8,175359
'15MS',201,8,175759
'15MS',201,8,180059
'15MS',201,8,180459
'15MS',201,8,180800
'15MS',201,8,181159
'15MS',201,8,181500
'15MS',201,8,181859
'15MS',201,8,182200
'15MS',201,8,182600
'15MS',201,8,183100
'15MS',201,8,183600
'15MS',201,8,184059
'15MS',201,8,184559
'15MS',201,8,185100
'15MS',201,8,185600
'15MS',201,8,190200
'15MS',201,8,190700
'15MS',201,8,191200
'15MS',201,8,191800
'15MS',201,8,192300
'15MS',201,8,192900
'15MS',201,8,193459
'15MS',201,8,194100
'15MS',201,8,194700
'15MS',201,8,195400
'15MS',201,8,195959
'15MS',201,8,200659
'15MS',201,8,201259
'15MS',201,8,201959
'15MS',201,8,202600
'15MS',201,8,203300
'15MS',201,8,203900
'15MS',201,8,204600
'15MS',201,8,205300
'15MS',201,8,205900
'15MS',201,8,210600
'15MS',201,8,211300
'15MS',201,8,212000
'15MS',201,8,212700
'15MS',201,8,213300
'15MS',201,8,214000
'15MS',201,8,214559
'15MS',201,8,215300
'15MS',201,8,220000
'15MS',201,8,220700
'15MS',201,8,221259
'15MS',201,8,222000
'15MS',201,8,222700
'15MS',201,8,223400
'15MS',201,8,224100
'15MS',201,8,224800
'15MS',201,8,225400
'15MS',201,8,230100
'15MS',201,8,230800
'15MS',201,8,231500
'15MS',201,8,232159
'15MS',201,8,232859
'15MS',201,8,233500
'15MS',201,8,234200
'15MS',201,8,234859
'15MS',201,8,235700
'15MS',201,8,240400
'15MS',201,8,241100
'15MS',201,8,241800
'15MS',201,8,242600
'15MS',201,8,243359
'15MS',201,8,244200
'15MS',201,8,244959
'15MS',201,8,250059
